placar_casa,placar_visitante,data,round,stage,ano,equipe_casa,equipe_visitante,resultado,Pts_casa,3P_casa,2P_casa,LL_casa,RT_casa,RO_casa,RD_casa,AS_casa,ER_casa,IA%_casa,3PC_casa,3PT_casa,3P%_casa,2PC_casa,2PT_casa,2P%_casa,LLC_casa,LLT_casa,LL%_casa,EN_casa,BR_casa,B/E_casa,TO_casa,FC_casa,T/FC_casa,ET_casa,VI_casa,EF_casa,Pts_visitante,3P_visitante,2P_visitante,LL_visitante,RT_visitante,RO_visitante,RD_visitante,AS_visitante,ER_visitante,IA%_visitante,3PC_visitante,3PT_visitante,3P%_visitante,2PC_visitante,2PT_visitante,2P%_visitante,LLC_visitante,LLT_visitante,LL%_visitante,EN_visitante,BR_visitante,B/E_visitante,TO_visitante,FC_visitante,T/FC_visitante,ET_visitante,VI_visitante,EF_visitante
92,95,2001-10-31,1,1,2001-02,Boston Celtics,New Jersey Nets,0,0.0,0.0,0.0,0.0,0.0,0.0,0.0,0.0,0.0,0.0,0.0,0.0,0.0,0.0,0.0,0.0,0.0,0.0,0.0,0.0,0.0,0.0,0.0,0.0,0.0,0.0,0.0,0.0,0.0,0.0,0.0,0.0,0.0,0.0,0.0,0.0,0.0,0.0,0.0,0.0,0.0,0.0,0.0,0.0,0.0,0.0,0.0,0.0,0.0,0.0,0.0,0.0,0.0,0.0,0.0,0.0
98,92,2001-11-01,1,1,2001-02,Houston Rockets,Los Angeles Clippers,1,0.0,0.0,0.0,0.0,0.0,0.0,0.0,0.0,0.0,0.0,0.0,0.0,0.0,0.0,0.0,0.0,0.0,0.0,0.0,0.0,0.0,0.0,0.0,0.0,0.0,0.0,0.0,0.0,0.0,0.0,0.0,0.0,0.0,0.0,0.0,0.0,0.0,0.0,0.0,0.0,0.0,0.0,0.0,0.0,0.0,0.0,0.0,0.0,0.0,0.0,0.0,0.0,0.0,0.0,0.0,0.0
88,98,2001-11-01,1,1,2001-02,Atlanta Hawks,Washington Wizards,0,0.0,0.0,0.0,0.0,0.0,0.0,0.0,0.0,0.0,0.0,0.0,0.0,0.0,0.0,0.0,0.0,0.0,0.0,0.0,0.0,0.0,0.0,0.0,0.0,0.0,0.0,0.0,0.0,0.0,0.0,0.0,0.0,0.0,0.0,0.0,0.0,0.0,0.0,0.0,0.0,0.0,0.0,0.0,0.0,0.0,0.0,0.0,0.0,0.0,0.0,0.0,0.0,0.0,0.0,0.0,0.0
92,99,2001-11-01,1,1,2001-02,Philadelphia 76ers,Dallas Mavericks,0,0.0,0.0,0.0,0.0,0.0,0.0,0.0,0.0,0.0,0.0,0.0,0.0,0.0,0.0,0.0,0.0,0.0,0.0,0.0,0.0,0.0,0.0,0.0,0.0,0.0,0.0,0.0,0.0,0.0,0.0,0.0,0.0,0.0,0.0,0.0,0.0,0.0,0.0,0.0,0.0,0.0,0.0,0.0,0.0,0.0,0.0,0.0,0.0,0.0,0.0,0.0,0.0,0.0,0.0,0.0,0.0
101,102,2001-11-01,1,1,2001-02,Denver Nuggets,Milwaukee Bucks,0,0.0,0.0,0.0,0.0,0.0,0.0,0.0,0.0,0.0,0.0,0.0,0.0,0.0,0.0,0.0,0.0,0.0,0.0,0.0,0.0,0.0,0.0,0.0,0.0,0.0,0.0,0.0,0.0,0.0,0.0,0.0,0.0,0.0,0.0,0.0,0.0,0.0,0.0,0.0,0.0,0.0,0.0,0.0,0.0,0.0,0.0,0.0,0.0,0.0,0.0,0.0,0.0,0.0,0.0,0.0,0.0
101,107,2001-11-01,1,1,2001-02,Golden State Warriors,Phoenix Suns,0,0.0,0.0,0.0,0.0,0.0,0.0,0.0,0.0,0.0,0.0,0.0,0.0,0.0,0.0,0.0,0.0,0.0,0.0,0.0,0.0,0.0,0.0,0.0,0.0,0.0,0.0,0.0,0.0,0.0,0.0,0.0,0.0,0.0,0.0,0.0,0.0,0.0,0.0,0.0,0.0,0.0,0.0,0.0,0.0,0.0,0.0,0.0,0.0,0.0,0.0,0.0,0.0,0.0,0.0,0.0,0.0
101,105,2001-11-01,1,1,2001-02,Utah Jazz,Los Angeles Lakers,0,0.0,0.0,0.0,0.0,0.0,0.0,0.0,0.0,0.0,0.0,0.0,0.0,0.0,0.0,0.0,0.0,0.0,0.0,0.0,0.0,0.0,0.0,0.0,0.0,0.0,0.0,0.0,0.0,0.0,0.0,0.0,0.0,0.0,0.0,0.0,0.0,0.0,0.0,0.0,0.0,0.0,0.0,0.0,0.0,0.0,0.0,0.0,0.0,0.0,0.0,0.0,0.0,0.0,0.0,0.0,0.0
114,108,2001-11-01,1,1,2001-02,Seattle SuperSonics,San Antonio Spurs,1,0.0,0.0,0.0,0.0,0.0,0.0,0.0,0.0,0.0,0.0,0.0,0.0,0.0,0.0,0.0,0.0,0.0,0.0,0.0,0.0,0.0,0.0,0.0,0.0,0.0,0.0,0.0,0.0,0.0,0.0,0.0,0.0,0.0,0.0,0.0,0.0,0.0,0.0,0.0,0.0,0.0,0.0,0.0,0.0,0.0,0.0,0.0,0.0,0.0,0.0,0.0,0.0,0.0,0.0,0.0,0.0
102,88,2001-11-02,1,1,2001-02,Detroit Pistons,New Jersey Nets,1,0.0,0.0,0.0,0.0,0.0,0.0,0.0,0.0,0.0,0.0,0.0,0.0,0.0,0.0,0.0,0.0,0.0,0.0,0.0,0.0,0.0,0.0,0.0,0.0,0.0,0.0,0.0,0.0,0.515,0.09,0.31,0.115,0.235,0.09,0.145,0.12,0.055,2.18,0.03,0.08,37.5,0.155,0.395,39.24,0.115,0.155,74.2,0.0,0.04,0.73,0.035,0.115,0.3,0.055,0.0,0.56
97,93,2001-11-02,1,1,2001-02,Charlotte Hornets,New York Knicks,1,0.0,0.0,0.0,0.0,0.0,0.0,0.0,0.0,0.0,0.0,0.0,0.0,0.0,0.0,0.0,0.0,0.0,0.0,0.0,0.0,0.0,0.0,0.0,0.0,0.0,0.0,0.0,0.0,0.0,0.0,0.0,0.0,0.0,0.0,0.0,0.0,0.0,0.0,0.0,0.0,0.0,0.0,0.0,0.0,0.0,0.0,0.0,0.0,0.0,0.0,0.0,0.0,0.0,0.0,0.0,0.0
117,107,2001-11-02,1,1,2001-02,Indiana Pacers,Orlando Magic,1,0.0,0.0,0.0,0.0,0.0,0.0,0.0,0.0,0.0,0.0,0.0,0.0,0.0,0.0,0.0,0.0,0.0,0.0,0.0,0.0,0.0,0.0,0.0,0.0,0.0,0.0,0.0,0.0,0.0,0.0,0.0,0.0,0.0,0.0,0.0,0.0,0.0,0.0,0.0,0.0,0.0,0.0,0.0,0.0,0.0,0.0,0.0,0.0,0.0,0.0,0.0,0.0,0.0,0.0,0.0,0.0
117,94,2001-11-02,1,1,2001-02,Los Angeles Lakers,Phoenix Suns,1,0.49,0.105,0.3,0.085,0.225,0.055,0.17,0.11,0.08,1.38,0.035,0.08,43.8,0.15,0.315,47.62,0.085,0.145,58.6,0.0,0.04,0.5,0.035,0.105,0.33,0.08,0.0,0.55,0.48,0.09,0.31,0.08,0.235,0.045,0.19,0.135,0.11,1.23,0.03,0.07,42.9,0.155,0.32,48.44,0.08,0.095,84.2,0.0,0.045,0.41,0.02,0.13,0.15,0.11,0.0,0.585
83,90,2001-11-02,1,1,2001-02,Miami Heat,Cleveland Cavaliers,0,0.0,0.0,0.0,0.0,0.0,0.0,0.0,0.0,0.0,0.0,0.0,0.0,0.0,0.0,0.0,0.0,0.0,0.0,0.0,0.0,0.0,0.0,0.0,0.0,0.0,0.0,0.0,0.0,0.0,0.0,0.0,0.0,0.0,0.0,0.0,0.0,0.0,0.0,0.0,0.0,0.0,0.0,0.0,0.0,0.0,0.0,0.0,0.0,0.0,0.0,0.0,0.0,0.0,0.0,0.0,0.0
96,82,2001-11-02,1,1,2001-02,Boston Celtics,Chicago Bulls,1,0.54,0.12,0.28,0.14,0.24,0.05,0.19,0.12,0.075,1.6,0.04,0.09,44.4,0.14,0.315,44.44,0.14,0.155,90.3,0.0,0.03,0.4,0.01,0.07,0.14,0.075,0.0,0.625,0.0,0.0,0.0,0.0,0.0,0.0,0.0,0.0,0.0,0.0,0.0,0.0,0.0,0.0,0.0,0.0,0.0,0.0,0.0,0.0,0.0,0.0,0.0,0.0,0.0,0.0,0.0,0.0
109,92,2001-11-02,1,1,2001-02,Toronto Raptors,Dallas Mavericks,1,0.0,0.0,0.0,0.0,0.0,0.0,0.0,0.0,0.0,0.0,0.0,0.0,0.0,0.0,0.0,0.0,0.0,0.0,0.0,0.0,0.0,0.0,0.0,0.0,0.0,0.0,0.0,0.0,0.47,0.12,0.26,0.09,0.21,0.06,0.15,0.12,0.065,1.85,0.04,0.095,42.1,0.13,0.315,41.27,0.09,0.1,90.0,0.0,0.045,0.69,0.02,0.1,0.2,0.065,0.0,0.55
111,102,2001-11-02,1,1,2001-02,Minnesota Timberwolves,Memphis Grizzlies,1,0.0,0.0,0.0,0.0,0.0,0.0,0.0,0.0,0.0,0.0,0.0,0.0,0.0,0.0,0.0,0.0,0.0,0.0,0.0,0.0,0.0,0.0,0.0,0.0,0.0,0.0,0.0,0.0,0.0,0.0,0.0,0.0,0.0,0.0,0.0,0.0,0.0,0.0,0.0,0.0,0.0,0.0,0.0,0.0,0.0,0.0,0.0,0.0,0.0,0.0,0.0,0.0,0.0,0.0,0.0,0.0
105,99,2001-11-03,1,1,2001-02,Milwaukee Bucks,Boston Celtics,1,0.595,0.15,0.33,0.115,0.155,0.05,0.105,0.125,0.065,1.92,0.05,0.125,40.0,0.165,0.29,56.9,0.115,0.135,85.2,0.0,0.055,0.85,0.015,0.14,0.11,0.065,0.0,0.66,0.52,0.13124999999999998,0.265,0.12375,0.24375,0.060000000000000005,0.18375,0.11499999999999999,0.075,1.5350000000000001,0.04375,0.09875,44.3,0.1325,0.315,42.06,0.12375,0.155,79.82499999999999,0.0,0.035,0.465,0.0125,0.07875,0.15500000000000003,0.075,0.0,0.5825
95,85,2001-11-03,1,1,2001-02,New Jersey Nets,Charlotte Hornets,1,0.505,0.0975,0.2925,0.115,0.235,0.0775,0.1575,0.11624999999999999,0.065,1.9100000000000001,0.0325,0.08,40.625,0.14625,0.37,39.6,0.115,0.15,76.95,0.0,0.036250000000000004,0.615,0.035,0.12,0.29000000000000004,0.065,0.0,0.55625,0.5,0.12,0.25,0.13,0.205,0.05,0.155,0.08,0.065,1.23,0.04,0.08,50.0,0.125,0.295,42.37,0.13,0.175,74.3,0.0,0.03,0.46,0.025,0.11,0.23,0.065,0.0,0.52
74,91,2001-11-03,1,1,2001-02,Seattle SuperSonics,Utah Jazz,0,0.475,0.075,0.32,0.08,0.255,0.055,0.2,0.13,0.075,1.73,0.025,0.065,38.5,0.16,0.365,43.84,0.08,0.105,76.2,0.0,0.04,0.53,0.015,0.14,0.11,0.075,0.0,0.57,0.56,0.075,0.38,0.105,0.205,0.055,0.15,0.18,0.105,1.71,0.025,0.08,31.3,0.19,0.325,58.46,0.105,0.125,84.0,0.0,0.04,0.38,0.02,0.12,0.17,0.105,0.0,0.69
108,110,2001-11-03,1,1,2001-02,Los Angeles Clippers,Golden State Warriors,0,0.49,0.015,0.34,0.135,0.21,0.055,0.155,0.045,0.09,0.5,0.005,0.04,12.5,0.17,0.35,48.57,0.135,0.165,81.8,0.0,0.055,0.61,0.015,0.155,0.1,0.09,0.0,0.48,0.435,0.03,0.32,0.085,0.205,0.06,0.145,0.085,0.075,1.13,0.01,0.035,28.6,0.16,0.37,43.24,0.085,0.11,77.3,0.0,0.045,0.6,0.04,0.1,0.4,0.075,0.0,0.475
94,106,2001-11-03,1,1,2001-02,Denver Nuggets,Sacramento Kings,0,0.495,0.075,0.3,0.12,0.24,0.095,0.145,0.08,0.075,1.07,0.025,0.08,31.3,0.15,0.365,41.1,0.12,0.175,68.6,0.0,0.055,0.73,0.025,0.08,0.31,0.075,0.0,0.495,0.0,0.0,0.0,0.0,0.0,0.0,0.0,0.0,0.0,0.0,0.0,0.0,0.0,0.0,0.0,0.0,0.0,0.0,0.0,0.0,0.0,0.0,0.0,0.0,0.0,0.0,0.0,0.0
90,106,2001-11-03,1,1,2001-02,Portland Trail Blazers,San Antonio Spurs,0,0.0,0.0,0.0,0.0,0.0,0.0,0.0,0.0,0.0,0.0,0.0,0.0,0.0,0.0,0.0,0.0,0.0,0.0,0.0,0.0,0.0,0.0,0.0,0.0,0.0,0.0,0.0,0.0,0.545,0.165,0.26,0.12,0.21,0.07,0.14,0.105,0.08,1.31,0.055,0.12,45.8,0.13,0.28,46.43,0.12,0.18,66.7,0.0,0.035,0.44,0.04,0.12,0.33,0.08,0.0,0.58
69,99,2001-11-03,1,1,2001-02,Cleveland Cavaliers,Orlando Magic,0,0.4575,0.0375,0.33,0.09,0.2075,0.0525,0.155,0.1125,0.0675,1.65,0.0125,0.0575,25.45,0.165,0.375,44.14,0.09,0.1025,85.15,0.0,0.03,0.45,0.03,0.11,0.28,0.0675,0.0,0.5025,0.57,0.06,0.4,0.11,0.185,0.05,0.135,0.115,0.095,1.21,0.02,0.04,50.0,0.2,0.32,62.5,0.11,0.155,71.0,0.0,0.06,0.63,0.035,0.155,0.23,0.095,0.0,0.685
84,79,2001-11-03,1,1,2001-02,Chicago Bulls,New York Knicks,1,0.365,0.0,0.28,0.085,0.21,0.065,0.145,0.095,0.07,1.36,0.0,0.035,0.0,0.14,0.36,38.89,0.085,0.135,63.0,0.0,0.015,0.21,0.015,0.1,0.15,0.07,0.0,0.325,0.465,0.09,0.26,0.115,0.23,0.065,0.165,0.08,0.085,0.94,0.03,0.1,30.0,0.13,0.275,47.27,0.115,0.165,69.7,0.0,0.035,0.41,0.01,0.105,0.1,0.085,0.0,0.47
88,90,2001-11-03,1,1,2001-02,Houston Rockets,Minnesota Timberwolves,0,0.445,0.06,0.29,0.095,0.26,0.07,0.19,0.085,0.09,0.94,0.02,0.09,22.2,0.145,0.33,43.94,0.095,0.14,67.9,0.0,0.05,0.56,0.025,0.105,0.24,0.09,0.0,0.475,0.415,0.045,0.31,0.06,0.185,0.065,0.12,0.12,0.055,2.18,0.015,0.045,33.3,0.155,0.36,43.06,0.06,0.075,80.0,0.0,0.045,0.82,0.045,0.105,0.43,0.055,0.0,0.505
90,83,2001-11-03,1,1,2001-02,Atlanta Hawks,Miami Heat,1,0.42,0.045,0.27,0.105,0.235,0.05,0.185,0.075,0.085,0.88,0.015,0.07,21.4,0.135,0.345,39.13,0.105,0.135,77.8,0.0,0.05,0.59,0.04,0.13,0.31,0.085,0.0,0.44,0.485,0.045,0.29,0.15,0.23,0.075,0.155,0.09,0.09,1.0,0.015,0.015,100.0,0.145,0.34,42.65,0.15,0.21,71.4,0.0,0.02,0.22,0.045,0.175,0.26,0.09,0.0,0.525
90,76,2001-11-03,1,1,2001-02,Washington Wizards,Philadelphia 76ers,1,0.455,0.09,0.3,0.065,0.195,0.045,0.15,0.115,0.075,1.53,0.03,0.065,46.2,0.15,0.345,43.48,0.065,0.09,72.2,0.0,0.055,0.73,0.02,0.135,0.15,0.075,0.0,0.51,0.37,0.075,0.22,0.075,0.205,0.075,0.13,0.08,0.105,0.76,0.025,0.05,50.0,0.11,0.31,35.48,0.075,0.115,65.2,0.0,0.02,0.19,0.03,0.1,0.3,0.105,0.0,0.335
85,94,2001-11-04,1,1,2001-02,Memphis Grizzlies,Dallas Mavericks,0,0.4,0.06,0.24,0.1,0.265,0.09,0.175,0.09,0.125,0.72,0.02,0.09,22.2,0.12,0.3,40.0,0.1,0.145,69.0,0.0,0.04,0.32,0.02,0.115,0.17,0.125,0.0,0.395,0.47624999999999995,0.12375,0.26,0.0925,0.20500000000000002,0.055,0.15,0.11624999999999999,0.06125,1.9100000000000001,0.04125,0.10250000000000001,40.575,0.13,0.30374999999999996,42.99,0.0925,0.11,85.35,0.0,0.045,0.745,0.018750000000000003,0.0975,0.19,0.06125,0.0,0.5475000000000001
113,100,2001-11-04,1,1,2001-02,Toronto Raptors,Indiana Pacers,1,0.4425,0.0525,0.26,0.13,0.2,0.095,0.105,0.08,0.0925,0.87,0.0175,0.06,29.15,0.13,0.32,40.59,0.13,0.2125,61.1,0.0,0.0475,0.5,0.0125,0.1475,0.09,0.0925,0.0,0.375,0.4875,0.0825,0.315,0.09,0.2325,0.055,0.1775,0.135,0.08,2.1,0.0275,0.07,39.25,0.1575,0.345,45.71,0.09,0.1075,83.8,0.0,0.045,0.68,0.025,0.1175,0.21,0.08,0.0,0.5975
96,86,2001-11-04,1,1,2001-02,Golden State Warriors,Portland Trail Blazers,1,0.4525,0.03375,0.3225,0.09625,0.21375,0.065,0.14875,0.09375,0.08499999999999999,1.1099999999999999,0.01125,0.03375,33.95,0.16125,0.36124999999999996,44.745000000000005,0.09625,0.135,73.44999999999999,0.0,0.04375,0.5349999999999999,0.04375,0.09875,0.445,0.08499999999999999,0.0,0.50125,0.4475,0.0825,0.275,0.09,0.2075,0.0475,0.16,0.11,0.0775,1.41,0.0275,0.0575,48.45,0.1375,0.33,41.85,0.09,0.115,78.35,0.0,0.0375,0.49,0.0425,0.12,0.38,0.0775,0.0,0.52
103,83,2001-11-04,1,1,2001-02,Sacramento Kings,San Antonio Spurs,1,0.505,0.06,0.35,0.095,0.23,0.06,0.17,0.13,0.065,2.0,0.02,0.1,20.0,0.175,0.33,53.03,0.095,0.135,70.4,0.0,0.045,0.69,0.025,0.095,0.26,0.065,0.0,0.595,0.54375,0.15000000000000002,0.2575,0.13624999999999998,0.20375,0.0675,0.13625,0.1,0.07375000000000001,1.37,0.05,0.10875,46.025,0.12875,0.2825,45.6,0.13624999999999998,0.1925,70.125,0.0,0.0325,0.445,0.03375,0.11624999999999999,0.28500000000000003,0.07375000000000001,0.0,0.57125
100,103,2001-11-04,1,1,2001-02,Phoenix Suns,Houston Rockets,0,0.49374999999999997,0.08625,0.32,0.0875,0.22749999999999998,0.055,0.1725,0.1275,0.09625,1.4,0.028749999999999998,0.0675,42.599999999999994,0.16,0.34375,46.87,0.0875,0.10125,86.075,0.0,0.05,0.605,0.0225,0.12875,0.175,0.09625,0.0,0.58875,0.45625000000000004,0.06,0.3,0.09625,0.27,0.07375000000000001,0.19625,0.09,0.08,1.23,0.02,0.0925,21.65,0.15,0.34750000000000003,43.265,0.09625,0.13375,72.67500000000001,0.0,0.05,0.67,0.0225,0.11124999999999999,0.21,0.08,0.0,0.50125
100,96,2001-11-04,1,1,2001-02,Los Angeles Lakers,Utah Jazz,1,0.49874999999999997,0.10125,0.2925,0.10500000000000001,0.22,0.05625,0.16375,0.11,0.0775,1.4249999999999998,0.03375,0.08,42.224999999999994,0.14625,0.3125,46.78,0.10500000000000001,0.16249999999999998,63.125,0.0,0.04,0.52,0.036250000000000004,0.12,0.31,0.0775,0.0,0.5575,0.54625,0.06375,0.3675,0.11499999999999999,0.21375,0.057499999999999996,0.15625,0.16499999999999998,0.09875,1.6600000000000001,0.02125,0.06875,30.625,0.18375,0.33499999999999996,55.144999999999996,0.11499999999999999,0.14375,81.125,0.0,0.04125,0.425,0.026250000000000002,0.1275,0.2,0.09875,0.0,0.66625
100,78,2001-11-04,1,1,2001-02,Detroit Pistons,Washington Wizards,1,0.4425,0.09,0.265,0.0875,0.2175,0.055,0.1625,0.1025,0.0975,1.05,0.03,0.09,33.45,0.1325,0.3,44.25,0.0875,0.095,93.75,0.0,0.0425,0.43,0.0325,0.1125,0.28,0.0975,0.0,0.505,0.46375,0.08249999999999999,0.3125,0.06875,0.2025,0.05375,0.14875,0.11125,0.075,1.48,0.0275,0.06125,44.650000000000006,0.15625,0.35624999999999996,43.83,0.06875,0.0975,70.825,0.0,0.04875,0.6499999999999999,0.0175,0.1275,0.135,0.075,0.0,0.50625
109,86,2001-11-05,1,1,2001-02,Los Angeles Clippers,Atlanta Hawks,1,0.4825,0.0225,0.325,0.135,0.22875,0.06,0.16875,0.0475,0.08625,0.56,0.0075,0.04625,15.15,0.1625,0.355,45.885000000000005,0.135,0.1675,80.625,0.0,0.045,0.51,0.02,0.14375,0.155,0.08625,0.0,0.47375,0.425,0.045,0.28500000000000003,0.095,0.23625,0.05625,0.18,0.06625,0.08125,0.8049999999999999,0.015,0.0675,22.299999999999997,0.14250000000000002,0.35124999999999995,40.495000000000005,0.095,0.12625,74.6,0.0,0.04625,0.565,0.03375,0.125,0.265,0.08125,0.0,0.43374999999999997
119,123,2001-11-05,1,1,2001-02,Orlando Magic,Seattle SuperSonics,0,0.56125,0.07125000000000001,0.3775,0.1125,0.1875,0.05625,0.13125,0.1175,0.08625,1.43,0.02375,0.053750000000000006,46.7,0.18875,0.32,58.985,0.1125,0.15375,73.25,0.0,0.055,0.64,0.02875,0.14500000000000002,0.195,0.08625,0.0,0.66125,0.49874999999999997,0.0975,0.3125,0.08875,0.23875000000000002,0.05625,0.1825,0.13,0.07,1.89,0.0325,0.07375000000000001,42.625,0.15625,0.34375,45.825,0.08875,0.12,74.575,0.0,0.04,0.5800000000000001,0.01875,0.14125,0.135,0.07,0.0,0.59625
113,101,2001-11-06,1,1,2001-02,Phoenix Suns,Memphis Grizzlies,1,0.49416666666666664,0.0825,0.32221666666666665,0.08944999999999999,0.22278333333333333,0.05833333333333333,0.16444999999999999,0.12278333333333334,0.09305000000000001,1.3999999999999997,0.027499999999999997,0.06778333333333333,40.76666666666666,0.16111666666666666,0.3497166666666667,46.39333333333334,0.08944999999999999,0.10416666666666667,85.62666666666667,0.0,0.05111666666666667,0.64,0.021116666666666662,0.13138333333333332,0.16333333333333333,0.09305000000000001,0.0,0.5752833333333333,0.4275,0.07875,0.255,0.09375,0.255,0.08374999999999999,0.17125,0.09625,0.11125,0.95,0.026250000000000002,0.10250000000000001,24.674999999999997,0.1275,0.30374999999999996,41.905,0.09375,0.14125,66.175,0.0,0.037500000000000006,0.345,0.02375,0.11875,0.195,0.11125,0.0,0.42875
101,83,2001-11-06,1,1,2001-02,Portland Trail Blazers,Utah Jazz,1,0.447925,0.08375,0.274175,0.09,0.20375,0.045425,0.158325,0.10500000000000001,0.07292499999999999,1.44,0.027925,0.06457500000000001,45.375,0.137075,0.32667500000000005,42.135000000000005,0.09,0.115,78.34,0.0,0.032075,0.425,0.037925,0.119175,0.33499999999999996,0.07292499999999999,0.0,0.5025,0.53305,0.059166666666666666,0.35833333333333334,0.11554999999999999,0.21695,0.06054999999999999,0.15638333333333332,0.15721666666666664,0.09749999999999999,1.6033333333333335,0.01971666666666667,0.0625,31.840000000000003,0.17916666666666667,0.33721666666666666,53.423333333333325,0.11554999999999999,0.14971666666666664,78.41666666666667,0.0,0.043616666666666665,0.4533333333333333,0.02695,0.12555,0.21,0.09749999999999999,0.0,0.6452833333333333
110,92,2001-11-06,1,1,2001-02,Dallas Mavericks,Charlotte Hornets,1,0.4758333333333333,0.1225,0.26,0.09333333333333334,0.20278333333333334,0.051666666666666666,0.15111666666666668,0.11304999999999998,0.0625,1.8433333333333335,0.04083333333333333,0.10278333333333334,40.050000000000004,0.13,0.3013833333333333,43.330000000000005,0.09333333333333334,0.11333333333333333,83.63333333333333,0.0,0.041666666666666664,0.6933333333333334,0.018616666666666667,0.09444999999999999,0.19666666666666666,0.0625,0.0,0.5361166666666667,0.49624999999999997,0.10875,0.255,0.1325,0.20625,0.05,0.15625,0.0875,0.0675,1.29,0.036250000000000004,0.07375000000000001,48.875,0.1275,0.29625,43.03,0.1325,0.1725,76.925,0.0,0.03125,0.46,0.0275,0.11374999999999999,0.24,0.0675,0.0,0.535
87,85,2001-11-06,1,1,2001-02,Miami Heat,Seattle SuperSonics,1,0.4675,0.0525,0.2875,0.1275,0.21125,0.06875,0.14250000000000002,0.09,0.08499999999999999,1.0699999999999998,0.0175,0.0275,84.625,0.14375,0.33875,42.435,0.1275,0.17375000000000002,76.625,0.0,0.026250000000000002,0.325,0.045,0.15999999999999998,0.29000000000000004,0.08499999999999999,0.0,0.50375,0.48971666666666663,0.09833333333333334,0.30278333333333335,0.08861666666666668,0.22471666666666668,0.05583333333333334,0.16888333333333336,0.12721666666666667,0.07221666666666667,1.8333333333333333,0.03278333333333333,0.07528333333333334,41.983333333333334,0.15138333333333334,0.33305,45.77333333333333,0.08861666666666668,0.12054999999999999,74.11666666666667,0.0,0.041666666666666664,0.5866666666666668,0.020283333333333334,0.1425,0.14333333333333334,0.07221666666666667,0.0,0.5752833333333333
99,93,2001-11-06,1,1,2001-02,Houston Rockets,Denver Nuggets,1,0.45695,0.06666666666666667,0.29555,0.09471666666666667,0.2677833333333333,0.07416666666666667,0.1936166666666667,0.09278333333333333,0.07666666666666667,1.3233333333333333,0.022216666666666666,0.09166666666666667,24.676666666666666,0.14778333333333335,0.34945000000000004,42.35,0.09471666666666667,0.13028333333333333,73.39333333333333,0.0,0.047216666666666664,0.66,0.01945,0.10694999999999999,0.18000000000000002,0.07666666666666667,0.0,0.5008333333333334,0.4975,0.08625,0.295,0.11624999999999999,0.22999999999999998,0.08374999999999999,0.14625,0.0875,0.075,1.17,0.02875,0.08125,35.25,0.1475,0.35,42.3,0.11624999999999999,0.16125,73.32499999999999,0.0,0.04875,0.6499999999999999,0.02125,0.0875,0.255,0.075,0.0,0.51
99,115,2001-11-06,1,1,2001-02,Cleveland Cavaliers,Sacramento Kings,0,0.45625000000000004,0.04375,0.32167500000000004,0.09082499999999999,0.207075,0.050425,0.156675,0.107075,0.072925,1.51,0.014575000000000001,0.054575,31.625,0.160825,0.36,44.97,0.09082499999999999,0.10957499999999999,81.875,0.0,0.03,0.42500000000000004,0.029175,0.109175,0.27,0.072925,0.0,0.49874999999999997,0.51125,0.06375,0.3425,0.10500000000000001,0.2275,0.06,0.1675,0.125,0.06375,1.96,0.021249999999999998,0.09125,24.625,0.17125,0.32875,52.08,0.10500000000000001,0.15125,69.67500000000001,0.0,0.042499999999999996,0.665,0.025,0.09875,0.255,0.06375,0.0,0.59375
77,87,2001-11-06,1,1,2001-02,Philadelphia 76ers,Indiana Pacers,0,0.39249999999999996,0.07125000000000001,0.24,0.08124999999999999,0.2075,0.07,0.1375,0.08625,0.10250000000000001,0.845,0.02375,0.04875,48.6,0.12,0.315,37.974999999999994,0.08124999999999999,0.1175,68.9,0.0,0.021249999999999998,0.21000000000000002,0.03,0.10250000000000001,0.295,0.10250000000000001,0.0,0.37875000000000003,0.50375,0.08375,0.3225,0.0975,0.22875,0.056675,0.17207499999999998,0.140825,0.079175,2.13,0.027925,0.07,39.86,0.16125,0.343325,47.045,0.0975,0.11707499999999998,83.465,0.0,0.045825,0.68,0.026675,0.11875,0.22,0.079175,0.0,0.622925
104,89,2001-11-06,1,1,2001-02,San Antonio Spurs,Orlando Magic,1,0.5419499999999999,0.15333333333333335,0.25278333333333336,0.13583333333333333,0.2058333333333333,0.06555000000000001,0.14028333333333334,0.10000000000000002,0.06971666666666668,1.4766666666666666,0.05111666666666667,0.10805,47.18333333333334,0.12638333333333332,0.2816666666666667,44.873333333333335,0.13583333333333333,0.18888333333333332,71.32666666666667,0.0,0.030550000000000004,0.44,0.03416666666666667,0.11249999999999999,0.3033333333333334,0.06971666666666668,0.0,0.5775,0.55195,0.07250000000000001,0.36945,0.11,0.19999999999999998,0.060283333333333335,0.13971666666666668,0.11833333333333333,0.08028333333333333,1.5866666666666667,0.02416666666666667,0.05916666666666667,43.74333333333334,0.18471666666666667,0.32721666666666666,56.699999999999996,0.11,0.14971666666666666,73.47666666666667,0.0,0.051666666666666666,0.65,0.030833333333333334,0.14111666666666667,0.21666666666666667,0.08028333333333333,0.0,0.6552833333333333
104,94,2001-11-06,1,1,2001-02,Minnesota Timberwolves,New York Knicks,1,0.44999999999999996,0.045,0.325,0.08,0.19874999999999998,0.0575,0.14125,0.13,0.05625,2.3,0.015,0.045,33.3,0.1625,0.365,44.465,0.08,0.10125,79.45,0.0,0.041249999999999995,0.74,0.04,0.10375,0.385,0.05625,0.0,0.55,0.465,0.0975,0.255,0.1125,0.2175,0.06625,0.15125,0.0825,0.07875,1.08,0.0325,0.09875,33.025,0.1275,0.2875,44.685,0.1125,0.1575,71.725,0.0,0.03875000000000001,0.515,0.0125,0.10875,0.115,0.07875,0.0,0.46625
73,97,2001-11-07,1,1,2001-02,Chicago Bulls,Detroit Pistons,0,0.37625,0.01125,0.2825,0.0825,0.21,0.06125,0.14875,0.09625,0.07625000000000001,1.28,0.00375,0.0425,5.775,0.14125,0.3425,41.665,0.0825,0.12875,64.3,0.0,0.021249999999999998,0.265,0.01875,0.1,0.185,0.07625000000000001,0.0,0.36,0.45375,0.0875,0.270825,0.09542500000000001,0.20875,0.05,0.15875,0.102925,0.09542500000000001,1.08,0.029175,0.08499999999999999,34.825,0.13542500000000002,0.295825,45.965,0.09542500000000001,0.1075,91.36,0.0,0.047075000000000006,0.495,0.034575,0.109575,0.31000000000000005,0.09542500000000001,0.0,0.523325
108,92,2001-11-07,1,1,2001-02,Los Angeles Clippers,Memphis Grizzlies,1,0.48721666666666663,0.02666666666666667,0.32445,0.13611666666666666,0.23195000000000002,0.065,0.16695000000000002,0.051116666666666664,0.08361666666666667,0.63,0.008883333333333333,0.050833333333333335,16.276666666666667,0.16221666666666668,0.35945,45.24000000000001,0.13611666666666666,0.17166666666666666,79.46,0.0,0.04,0.4633333333333334,0.02555,0.14083333333333334,0.19666666666666668,0.08361666666666667,0.0,0.47750000000000004,0.43333333333333335,0.08083333333333333,0.25445,0.09805000000000001,0.25333333333333335,0.08028333333333333,0.17305,0.09528333333333333,0.10695,0.98,0.02695,0.105,24.706666666666663,0.12721666666666667,0.30195,42.03666666666667,0.09805000000000001,0.14528333333333332,66.90666666666667,0.0,0.03833333333333334,0.36999999999999994,0.024716666666666665,0.11861666666666666,0.20333333333333334,0.10695,0.0,0.43805000000000005
109,92,2001-11-07,1,1,2001-02,Toronto Raptors,Golden State Warriors,1,0.459575,0.056249999999999994,0.288325,0.115,0.2,0.089175,0.11082499999999999,0.09417500000000001,0.082925,1.51,0.018750000000000003,0.07,27.759999999999998,0.144175,0.325,44.06,0.115,0.18625,63.035,0.0,0.04875,0.6799999999999999,0.01625,0.14125,0.125,0.082925,0.0,0.4325,0.46721666666666667,0.035833333333333335,0.33055,0.10083333333333333,0.21916666666666665,0.07055,0.14861666666666665,0.09805000000000001,0.08666666666666667,1.14,0.01195,0.034716666666666667,35.06666666666667,0.16528333333333334,0.36861666666666665,44.97666666666667,0.10083333333333333,0.14278333333333335,72.67666666666666,0.0,0.041949999999999994,0.5033333333333333,0.043616666666666665,0.10471666666666667,0.43,0.08666666666666667,0.0,0.5152833333333333
104,95,2001-11-07,1,1,2001-02,Boston Celtics,Washington Wizards,1,0.5111166666666667,0.13583333333333333,0.25888333333333335,0.11638333333333332,0.23916666666666667,0.06111666666666667,0.17805,0.11445,0.07333333333333333,1.57,0.045283333333333335,0.10138333333333334,44.64333333333334,0.12945,0.31221666666666664,41.45666666666667,0.11638333333333332,0.15111666666666668,76.96,0.0,0.039450000000000006,0.5499999999999999,0.01445,0.08361666666666667,0.16666666666666666,0.07333333333333333,0.0,0.5716666666666667,0.46416666666666667,0.07666666666666666,0.31055,0.07695,0.20388333333333333,0.055833333333333325,0.14805,0.1075,0.07166666666666667,1.5166666666666666,0.02555,0.05695,44.900000000000006,0.15528333333333333,0.35694999999999993,43.449999999999996,0.07695,0.10721666666666667,71.47333333333334,0.0,0.04805,0.6966666666666667,0.018333333333333337,0.12221666666666665,0.15333333333333335,0.07166666666666667,0.0,0.5069499999999999
96,89,2001-11-07,1,1,2001-02,Utah Jazz,Atlanta Hawks,1,0.5247875,0.0565625,0.3525,0.115725,0.216775,0.061662499999999995,0.1551,0.151975,0.0975,1.5525000000000002,0.018850000000000002,0.059375,32.18000000000001,0.17625,0.3366625,52.6125,0.115725,0.15416249999999998,76.3875,0.0,0.044274999999999995,0.45999999999999996,0.0274,0.1276,0.21,0.0975,0.0,0.6283375,0.4288833333333333,0.043333333333333335,0.2866666666666667,0.09888333333333332,0.23695,0.05861666666666667,0.17833333333333332,0.06695,0.08028333333333333,0.8233333333333333,0.01445,0.06278333333333334,23.72333333333333,0.14333333333333334,0.3491666666666666,40.98666666666667,0.09888333333333332,0.1336166666666667,73.53333333333333,0.0,0.04416666666666667,0.5466666666666666,0.030833333333333334,0.12221666666666665,0.24666666666666667,0.08028333333333333,0.0,0.43861666666666665
116,104,2001-11-07,1,1,2001-02,Indiana Pacers,Sacramento Kings,1,0.5075,0.08583333333333333,0.32,0.10166666666666667,0.22666666666666668,0.059033333333333333,0.1676333333333333,0.13971666666666668,0.07986666666666666,2.06,0.028616666666666665,0.07291666666666667,39.46333333333333,0.16,0.34263333333333335,46.76666666666667,0.10166666666666667,0.12304999999999999,82.93666666666667,0.0,0.04596666666666666,0.6633333333333334,0.026533333333333336,0.12291666666666667,0.21666666666666667,0.07986666666666666,0.0,0.6182,0.5130499999999999,0.06416666666666666,0.34500000000000003,0.10388333333333333,0.23221666666666665,0.06166666666666667,0.17055,0.12445,0.06638333333333334,1.8933333333333333,0.021383333333333334,0.08416666666666667,27.849999999999998,0.17250000000000001,0.3363833333333333,51.35999999999999,0.10388333333333333,0.14916666666666667,70.10666666666667,0.0,0.04278333333333333,0.6466666666666666,0.026116666666666667,0.10083333333333333,0.26,0.06638333333333334,0.0,0.6002833333333334
82,64,2001-11-07,1,1,2001-02,New York Knicks,Cleveland Cavaliers,1,0.45721666666666666,0.09333333333333334,0.25111666666666665,0.11278333333333335,0.215,0.06471666666666667,0.15028333333333332,0.08388333333333332,0.07861666666666667,1.1033333333333333,0.031116666666666667,0.09749999999999999,31.883333333333336,0.12555,0.29,43.63,0.11278333333333335,0.15555,72.80666666666666,0.0,0.03805000000000001,0.5133333333333333,0.013883333333333336,0.10916666666666668,0.12666666666666668,0.07861666666666667,0.0,0.4558333333333333,0.4466666666666667,0.04541666666666666,0.30695000000000006,0.0943,0.21055000000000001,0.051949999999999996,0.15861666666666666,0.10263333333333334,0.07528333333333333,1.4166666666666667,0.015133333333333334,0.05388333333333333,32.806666666666665,0.15346666666666667,0.3545833333333333,43.51333333333333,0.0943,0.11596666666666666,80.8,0.0,0.028749999999999998,0.4000000000000001,0.028616666666666665,0.10903333333333333,0.26666666666666666,0.07528333333333333,0.0,0.48041666666666666
119,101,2001-11-08,1,1,2001-02,Portland Trail Blazers,Los Angeles Clippers,1,0.4465333333333333,0.08208333333333334,0.2752833333333333,0.08916666666666666,0.20125,0.044866666666666666,0.15638333333333332,0.10625000000000001,0.07236666666666665,1.47,0.027366666666666664,0.06763333333333334,42.91,0.13763333333333336,0.32445000000000007,42.593333333333334,0.08916666666666666,0.115,77.61,0.0,0.032633333333333334,0.43,0.037783333333333335,0.12069999999999999,0.32666666666666666,0.07236666666666665,0.0,0.4991666666666666,0.4926,0.03125,0.32396250000000004,0.1374,0.23521250000000002,0.068125,0.1670875,0.0570875,0.08271250000000001,0.7075,0.0104125,0.0534375,18.0875,0.161975,0.3602125,45.07000000000001,0.1374,0.17375000000000002,79.2625,0.0,0.0371875,0.43500000000000005,0.030725,0.1384375,0.24000000000000002,0.08271250000000001,0.0,0.49250000000000005
86,82,2001-11-08,1,1,2001-02,Milwaukee Bucks,Miami Heat,1,0.57375,0.16125,0.3075,0.10500000000000001,0.15125,0.04375,0.1075,0.12625,0.0625,2.0300000000000002,0.053750000000000006,0.11875,46.25,0.15375,0.28500000000000003,53.785,0.10500000000000001,0.12625,82.65,0.0,0.05875,0.9550000000000001,0.0175,0.13375,0.135,0.0625,0.0,0.6475,0.4577833333333334,0.05499999999999999,0.28833333333333333,0.11445000000000001,0.20528333333333335,0.06638333333333334,0.13888333333333333,0.08944999999999999,0.08388333333333332,1.0799999999999998,0.018333333333333337,0.03278333333333333,76.25,0.14416666666666667,0.3402833333333333,42.36666666666667,0.11445000000000001,0.15695,75.70666666666666,0.0,0.0275,0.3466666666666667,0.04388333333333333,0.15444999999999998,0.2933333333333334,0.08388333333333332,0.0,0.48695000000000005
77,72,2001-11-08,1,1,2001-02,Houston Rockets,Philadelphia 76ers,1,0.4608375,0.074375,0.2947875,0.09166250000000001,0.2614625,0.07187500000000001,0.18958750000000002,0.095525,0.07375000000000001,1.4275,0.0247875,0.09062500000000001,28.175,0.1474,0.34740000000000004,42.535000000000004,0.09166250000000001,0.126775,72.695,0.0,0.0441625,0.6325000000000001,0.0189625,0.10364999999999999,0.18,0.07375000000000001,0.0,0.50625,0.3961166666666666,0.06416666666666666,0.25,0.08195,0.21,0.06778333333333335,0.14221666666666666,0.08361666666666667,0.10221666666666666,0.8233333333333333,0.021383333333333334,0.04750000000000001,44.27666666666667,0.125,0.31611666666666666,39.423333333333325,0.08195,0.11554999999999999,70.83333333333333,0.0,0.021949999999999997,0.21666666666666667,0.028333333333333332,0.10554999999999999,0.2733333333333333,0.10221666666666666,0.0,0.38694999999999996
95,105,2001-11-08,1,1,2001-02,Charlotte Hornets,San Antonio Spurs,0,0.4875,0.10083333333333333,0.26,0.12666666666666668,0.20861666666666667,0.048883333333333334,0.15971666666666665,0.08833333333333333,0.07166666666666667,1.25,0.03361666666666667,0.07361666666666668,45.80666666666667,0.13,0.29916666666666664,43.43,0.12666666666666668,0.16221666666666665,78.76,0.0,0.0325,0.45333333333333337,0.03,0.11361666666666666,0.26333333333333336,0.07166666666666667,0.0,0.53055,0.5333374999999999,0.1478125,0.2520875,0.1334375,0.20812499999999998,0.065725,0.14240000000000003,0.09812500000000002,0.0685375,1.4825,0.049275,0.104475,46.375,0.1260375,0.28812499999999996,43.96,0.1334375,0.184475,71.7825,0.0,0.0316625,0.46,0.0340625,0.1103125,0.31000000000000005,0.0685375,0.0,0.5684374999999999
108,80,2001-11-08,1,1,2001-02,Phoenix Suns,Atlanta Hawks,1,0.4946875,0.076875,0.3279125,0.0899,0.22115,0.0596875,0.16146249999999998,0.1189625,0.0891625,1.4249999999999998,0.025625,0.0658375,38.425,0.1639625,0.353225,46.6925,0.0899,0.1065625,84.3575,0.0,0.04958750000000001,0.6375,0.020212499999999998,0.130725,0.1575,0.0891625,0.0,0.569275,0.4304125,0.0409375,0.29000000000000004,0.099475,0.2352125,0.06115,0.17406249999999998,0.0702125,0.0783375,0.9099999999999999,0.013649999999999999,0.0595875,23.554999999999996,0.14500000000000002,0.3528125,41.065,0.099475,0.13646250000000001,72.475,0.0,0.0428125,0.5449999999999999,0.0296875,0.12134999999999999,0.24,0.0783375,0.0,0.43927499999999997
127,74,2001-11-08,1,1,2001-02,Minnesota Timberwolves,Chicago Bulls,1,0.45778333333333326,0.043333333333333335,0.3333333333333333,0.08111666666666667,0.20304999999999998,0.05555000000000001,0.1475,0.13055,0.05471666666666667,2.39,0.01445,0.04278333333333333,34.04333333333333,0.16666666666666666,0.37221666666666664,44.73,0.08111666666666667,0.1025,79.75666666666667,0.0,0.03916666666666666,0.7233333333333333,0.03666666666666667,0.1025,0.3566666666666667,0.05471666666666667,0.0,0.5572166666666667,0.38361666666666666,0.01916666666666667,0.2816666666666667,0.08278333333333333,0.20945,0.055833333333333325,0.15361666666666665,0.09971666666666668,0.07638333333333334,1.3333333333333333,0.006383333333333334,0.04666666666666667,9.84,0.14083333333333334,0.335,42.49333333333333,0.08278333333333333,0.12638333333333332,65.77666666666666,0.0,0.028050000000000002,0.3666666666666667,0.020283333333333334,0.10388333333333333,0.19333333333333333,0.07638333333333334,0.0,0.38666666666666666
105,91,2001-11-08,1,1,2001-02,Dallas Mavericks,Denver Nuggets,1,0.4753124999999999,0.11624999999999999,0.265625,0.0934375,0.20240000000000002,0.04875,0.15365,0.11228749999999998,0.06375,1.8025,0.03875,0.1020875,38.042500000000004,0.1328125,0.30041249999999997,44.395,0.0934375,0.1171875,81.3925,0.0,0.04125,0.6775,0.0189625,0.095525,0.19999999999999998,0.06375,0.0,0.5317750000000001,0.49499999999999994,0.08583333333333333,0.2933333333333333,0.11583333333333333,0.22721666666666665,0.08028333333333333,0.14695,0.08778333333333332,0.07278333333333332,1.2133333333333332,0.02861666666666667,0.08195000000000001,34.82333333333333,0.14666666666666664,0.34778333333333333,42.343333333333334,0.11583333333333333,0.15638333333333335,75.42666666666666,0.0,0.04305,0.58,0.020283333333333334,0.09554999999999998,0.22999999999999998,0.07278333333333332,0.0,0.50555
106,94,2001-11-08,1,1,2001-02,New Jersey Nets,Seattle SuperSonics,1,0.49555,0.09500000000000001,0.28945,0.11111666666666668,0.23055,0.07333333333333333,0.15721666666666667,0.11361666666666666,0.07111666666666668,1.75,0.03166666666666667,0.07778333333333333,40.50666666666667,0.14471666666666666,0.3622166666666667,40.04333333333333,0.11111666666666668,0.14333333333333334,77.89999999999999,0.0,0.03528333333333333,0.5599999999999999,0.03278333333333334,0.12166666666666666,0.27,0.07111666666666668,0.0,0.5408333333333334,0.49416249999999995,0.10093750000000001,0.3045875,0.08865,0.2210375,0.0584375,0.16260000000000002,0.128225,0.0735375,1.8225,0.03365,0.0777125,41.8,0.1522875,0.33385,45.864999999999995,0.08865,0.12103749999999999,73.8125,0.0,0.0421875,0.5850000000000001,0.021150000000000002,0.141875,0.15000000000000002,0.0735375,0.0,0.5752124999999999
104,94,2001-11-09,1,1,2001-02,Boston Celtics,Seattle SuperSonics,1,0.506775,0.1403125,0.2541625,0.11228749999999998,0.2353125,0.0627125,0.1726,0.1145875,0.070625,1.6724999999999999,0.046775,0.1047875,44.6625,0.12708750000000002,0.31072500000000003,40.8925,0.11228749999999998,0.14771250000000002,76.025,0.0,0.040212500000000005,0.585,0.015525,0.0877125,0.16999999999999998,0.070625,0.0,0.5646875,0.49352999999999997,0.10355,0.30127000000000004,0.08872000000000001,0.22103,0.06055000000000001,0.16048,0.12698,0.07483000000000001,1.782,0.03452,0.08057,41.54,0.15063,0.33428,45.267999999999994,0.08872000000000001,0.12122999999999999,73.714,0.0,0.042749999999999996,0.5820000000000001,0.02152,0.1407,0.15400000000000003,0.07483000000000001,0.0,0.56877
110,86,2001-11-09,1,1,2001-02,Los Angeles Lakers,Memphis Grizzlies,1,0.5102833333333333,0.09583333333333334,0.29945,0.115,0.21833333333333335,0.05471666666666667,0.16361666666666666,0.11055,0.07721666666666667,1.4366666666666665,0.03195,0.07778333333333333,40.88333333333333,0.14971666666666664,0.31111666666666665,48.13666666666666,0.115,0.17166666666666663,65.31666666666666,0.0,0.04221666666666666,0.5499999999999999,0.03861666666666667,0.12111666666666666,0.3333333333333333,0.07721666666666667,0.0,0.5788833333333333,0.44,0.0859375,0.25458749999999997,0.09947500000000001,0.246875,0.076775,0.1701,0.0970875,0.10146250000000001,1.1099999999999999,0.028650000000000002,0.1071875,25.674999999999997,0.1272875,0.30146249999999997,42.1225,0.09947500000000001,0.1464625,67.2425,0.0,0.038437500000000006,0.40499999999999997,0.024787499999999997,0.1158375,0.21,0.10146250000000001,0.0,0.44603750000000003
108,81,2001-11-09,1,1,2001-02,Denver Nuggets,Houston Rockets,1,0.4921875,0.0821875,0.29874999999999996,0.11124999999999999,0.22291249999999999,0.07771249999999999,0.1452125,0.0889625,0.07114999999999999,1.2625,0.0274,0.0808375,33.53,0.14937499999999998,0.34802500000000003,43.05,0.11124999999999999,0.1485375,76.1875,0.0,0.039787499999999996,0.5425,0.0199,0.099475,0.21749999999999997,0.07114999999999999,0.0,0.503225,0.46407,0.07869999999999999,0.29542999999999997,0.08993000000000001,0.25717,0.0709,0.18627000000000002,0.09622,0.07220000000000001,1.466,0.026229999999999996,0.0907,29.872000000000003,0.14772000000000002,0.34492,42.988,0.08993000000000001,0.12462,72.40799999999999,0.0,0.04213,0.6120000000000001,0.01897,0.10071999999999999,0.188,0.07220000000000001,0.0,0.51
115,105,2001-11-09,1,1,2001-02,Orlando Magic,Sacramento Kings,1,0.55115,0.0759375,0.36646249999999997,0.10875,0.206875,0.0633375,0.1435375,0.118125,0.078025,1.6324999999999998,0.0253125,0.06531250000000001,41.9025,0.183225,0.3326,55.425,0.10875,0.146975,74.02000000000001,0.0,0.04875,0.6325000000000001,0.03125,0.13771250000000002,0.225,0.078025,0.0,0.650525,0.5176,0.0734375,0.34375000000000006,0.10041249999999999,0.23385,0.0628125,0.1710375,0.1258375,0.0660375,1.9575,0.024475,0.0840625,30.82,0.17187500000000003,0.33947499999999997,50.73,0.10041249999999999,0.1440625,70.185,0.0,0.0424,0.6475,0.0264625,0.10062499999999999,0.265,0.0660375,0.0,0.609275
100,109,2001-11-09,1,1,2001-02,Washington Wizards,Golden State Warriors,0,0.4596875,0.0715625,0.3104125,0.0777125,0.205725,0.055624999999999994,0.1501,0.104375,0.06937499999999999,1.525,0.02385,0.0539625,43.97500000000001,0.1552125,0.360525,43.03,0.0777125,0.106975,72.805,0.0,0.0460375,0.6925,0.018437500000000002,0.11853749999999999,0.16,0.06937499999999999,0.0,0.5002125,0.4735375,0.038125000000000006,0.3322875,0.103125,0.22781249999999997,0.076975,0.15083749999999999,0.1004125,0.08812500000000001,1.15,0.0127125,0.0360375,35.795,0.16615000000000002,0.37365,44.645,0.103125,0.1477125,71.77749999999999,0.0,0.0408375,0.48249999999999993,0.041775,0.105725,0.41000000000000003,0.08812500000000001,0.0,0.5208375
103,95,2001-11-09,1,1,2001-02,Indiana Pacers,New York Knicks,1,0.505375,0.084625,0.3185,0.10225000000000001,0.2235,0.060275,0.16322499999999998,0.1377875,0.07965,2.0075,0.0282125,0.0736875,38.4875,0.15925,0.34047499999999997,46.8575,0.10225000000000001,0.1245375,82.3875,0.0,0.045975,0.655,0.0259,0.1234375,0.21000000000000002,0.07965,0.0,0.6099,0.4551,0.0934375,0.2495875,0.1120875,0.211875,0.063225,0.14865,0.08603749999999999,0.078025,1.1400000000000001,0.03115,0.09687499999999999,32.095,0.1247875,0.28843749999999996,43.63250000000001,0.1120875,0.155725,72.335,0.0,0.0372875,0.5075000000000001,0.013537500000000001,0.1078125,0.1225,0.078025,0.0,0.45281249999999995
85,89,2001-11-10,1,1,2001-02,Chicago Bulls,Charlotte Hornets,0,0.38521249999999996,0.02375,0.27875,0.08271250000000001,0.2052125,0.0528125,0.15239999999999998,0.1004125,0.07853750000000001,1.3225,0.0079125,0.0478125,13.092500000000001,0.139375,0.33062500000000006,42.567499999999995,0.08271250000000001,0.1247875,66.57,0.0,0.032600000000000004,0.41500000000000004,0.020837500000000002,0.106975,0.195,0.07853750000000001,0.0,0.39249999999999996,0.4825,0.09812499999999999,0.264375,0.12,0.2095875,0.0485375,0.1610375,0.08750000000000001,0.07375000000000001,1.21,0.032712500000000005,0.07271250000000001,45.4375,0.1321875,0.30374999999999996,43.504999999999995,0.12,0.153225,78.8275,0.0,0.0328125,0.4475,0.0296875,0.114275,0.26,0.07375000000000001,0.0,0.5235375
96,117,2001-11-10,1,1,2001-02,Utah Jazz,Toronto Raptors,0,0.51643,0.054849999999999996,0.346,0.11557999999999999,0.21261999999999998,0.06093,0.15167999999999998,0.14758,0.0974,1.5100000000000002,0.01828,0.0573,32.388000000000005,0.173,0.33413,51.976,0.11557999999999999,0.15592999999999999,75.394,0.0,0.04401999999999999,0.458,0.02712,0.12747999999999998,0.20800000000000002,0.0974,0.0,0.60987,0.4726333333333333,0.06,0.2972166666666667,0.11541666666666667,0.2020833333333333,0.08611666666666667,0.11596666666666666,0.10070000000000001,0.08278333333333333,1.6433333333333333,0.02,0.07291666666666667,28.433333333333334,0.14861666666666665,0.32458333333333333,45.49333333333334,0.11541666666666667,0.18083333333333332,65.14,0.0,0.048749999999999995,0.6999999999999998,0.020416666666666666,0.13875,0.16,0.08278333333333333,0.0,0.46749999999999997
71,90,2001-11-10,1,1,2001-02,New York Knicks,Golden State Warriors,0,0.45228,0.09455,0.24767,0.11007,0.2101,0.06078,0.14932,0.08802999999999998,0.07802,1.1640000000000001,0.031520000000000006,0.09569999999999998,33.044,0.12383,0.28635,43.614000000000004,0.11007,0.15378,71.88399999999999,0.0,0.03663,0.49800000000000005,0.01303,0.10645,0.118,0.07802,0.0,0.45165,0.47603,0.040100000000000004,0.32983,0.1061,0.23324999999999996,0.08098,0.15227,0.10133,0.0879,1.168,0.013369999999999998,0.03723,36.312,0.16492,0.37712,43.95,0.1061,0.15237,71.402,0.0,0.04027,0.4779999999999999,0.04022,0.10558000000000001,0.394,0.0879,0.0,0.5208699999999999
110,88,2001-11-10,1,1,2001-02,San Antonio Spurs,Atlanta Hawks,1,0.52867,0.14285,0.25407,0.13174999999999998,0.20869999999999997,0.06558,0.14312000000000002,0.09790000000000001,0.06903000000000001,1.4739999999999998,0.047619999999999996,0.10138,45.848,0.12703,0.2905,44.06,0.13174999999999998,0.18318,71.47,0.0,0.03273,0.47000000000000003,0.03465,0.10945,0.31800000000000006,0.06903000000000001,0.0,0.56495,0.43172999999999995,0.03995,0.29080000000000006,0.10098,0.23337,0.06251999999999999,0.17085,0.07197,0.07787000000000001,0.9480000000000001,0.013319999999999999,0.05727,24.031999999999996,0.14540000000000003,0.35305,41.174,0.10098,0.13917000000000002,72.128,0.0,0.041850000000000005,0.5379999999999999,0.02955,0.12067999999999998,0.24,0.07787000000000001,0.0,0.44082
87,84,2001-11-10,1,1,2001-02,New Jersey Nets,Cleveland Cavaliers,1,0.490725,0.09468750000000001,0.2864625,0.1095875,0.2291625,0.0728125,0.15635,0.111775,0.0727125,1.685,0.0315625,0.0770875,40.667500000000004,0.143225,0.360725,39.817499999999995,0.1095875,0.14125,77.9675,0.0,0.035525,0.55,0.032712500000000005,0.1209375,0.2725,0.0727125,0.0,0.5325,0.44525000000000003,0.0445625,0.30571250000000005,0.09497499999999999,0.2109125,0.051712499999999995,0.1592125,0.10272500000000001,0.0759625,1.4075,0.01485,0.0526625,32.355000000000004,0.15285,0.3524375,43.5725,0.09497499999999999,0.118725,79.665,0.0,0.027562499999999997,0.38000000000000006,0.0299625,0.10752500000000001,0.2875,0.0759625,0.0,0.4793125
105,96,2001-11-10,1,1,2001-02,Indiana Pacers,Portland Trail Blazers,1,0.5067999999999999,0.08370000000000001,0.32080000000000003,0.10230000000000002,0.22080000000000002,0.06022000000000001,0.16058,0.13756,0.07888999999999999,2.004,0.0279,0.07345,38.233999999999995,0.16040000000000001,0.34087999999999996,47.116,0.10230000000000002,0.12445999999999999,82.534,0.0,0.04611,0.658,0.02622,0.12408000000000001,0.21200000000000002,0.07888999999999999,0.0,0.6104200000000001,0.44889999999999997,0.08181250000000001,0.2784625,0.08862499999999998,0.19868750000000002,0.045149999999999996,0.1535375,0.1081875,0.073525,1.475,0.027275,0.06972500000000001,41.5425,0.13922500000000002,0.3205875,43.76,0.08862499999999998,0.1145,77.48750000000001,0.0,0.033975,0.4375,0.0368375,0.121025,0.315,0.073525,0.0,0.5033749999999999
111,102,2001-11-10,1,1,2001-02,Los Angeles Clippers,Phoenix Suns,1,0.49707999999999997,0.033999999999999996,0.32557,0.13752,0.23776999999999998,0.07070000000000001,0.16707,0.06207,0.08217,0.772,0.01133,0.05515,19.157999999999998,0.16278,0.36097,45.18600000000001,0.13752,0.1734,79.57000000000001,0.0,0.03535,0.41600000000000004,0.03338,0.13635,0.262,0.08217,0.0,0.5056,0.49775,0.07289999999999999,0.33392999999999995,0.09092,0.22152000000000002,0.05994999999999999,0.16157,0.11837,0.08613000000000001,1.48,0.0243,0.06447,36.855999999999995,0.16697,0.35438000000000003,47.38,0.09092,0.10885,83.634,0.0,0.048670000000000005,0.6399999999999999,0.01977,0.12998,0.156,0.08613000000000001,0.0,0.5744199999999999
91,98,2001-11-10,1,1,2001-02,Dallas Mavericks,Philadelphia 76ers,0,0.4780499999999999,0.11279999999999998,0.2701,0.09515,0.20252000000000003,0.0466,0.15592,0.11182999999999998,0.064,1.7920000000000003,0.0376,0.10146999999999999,37.03,0.13505,0.29993,45.198,0.09515,0.12075,80.438,0.0,0.0412,0.6759999999999999,0.019370000000000002,0.09522,0.20600000000000002,0.064,0.0,0.5346200000000001,0.39677499999999993,0.060312500000000005,0.255,0.0814625,0.209375,0.06740000000000002,0.141975,0.084275,0.10135,0.84,0.0201,0.049375,40.987500000000004,0.1275,0.31396250000000003,40.5725,0.0814625,0.11353749999999999,71.7375,0.0,0.021775,0.215,0.027499999999999997,0.106975,0.2625,0.10135,0.0,0.390525
82,98,2001-11-10,1,1,2001-02,Milwaukee Bucks,Minnesota Timberwolves,0,0.5636166666666667,0.15583333333333335,0.29945,0.10833333333333334,0.15916666666666665,0.0425,0.11666666666666665,0.12583333333333332,0.06166666666666667,2.0533333333333332,0.05195,0.11361666666666666,46.42333333333334,0.14971666666666666,0.28445000000000004,52.48,0.10833333333333334,0.12916666666666668,83.03333333333335,0.0,0.05695,0.9366666666666666,0.018883333333333335,0.12805,0.15666666666666668,0.06166666666666667,0.0,0.64555,0.46458749999999993,0.0465625,0.336875,0.08115,0.20478749999999998,0.055725000000000004,0.1490625,0.131975,0.05385,2.4625,0.015525,0.0427125,36.17,0.1684375,0.3747875,44.905,0.08115,0.1021875,80.0925,0.0,0.03875,0.7275,0.035,0.1028125,0.34,0.05385,0.0,0.5666625000000001
75,90,2001-11-10,1,1,2001-02,Miami Heat,Sacramento Kings,0,0.4527125,0.058124999999999996,0.289375,0.10521250000000001,0.20365,0.06291250000000001,0.140725,0.09271249999999999,0.0851,1.0975,0.019375000000000003,0.036775,71.23,0.1446875,0.340525,42.4925,0.10521250000000001,0.1458375,74.14750000000001,0.0,0.028125,0.35,0.0416625,0.1489625,0.28500000000000003,0.0851,0.0,0.47990000000000005,0.5198799999999999,0.07855000000000001,0.34220000000000006,0.09912999999999998,0.23508,0.06405,0.17103000000000002,0.12586999999999998,0.06743,1.952,0.026180000000000002,0.08345,32.727999999999994,0.17110000000000003,0.34077999999999997,50.308,0.09912999999999998,0.14225000000000002,70.168,0.0,0.04172,0.634,0.02617,0.10049999999999999,0.262,0.06743,0.0,0.61122
96,85,2001-11-11,1,1,2001-02,Denver Nuggets,Toronto Raptors,1,0.48934999999999995,0.07894999999999999,0.30219999999999997,0.10819999999999999,0.22033,0.07616999999999999,0.14417,0.08977,0.06952,1.3119999999999998,0.02632,0.07867,33.068,0.15109999999999998,0.34942,43.352,0.10819999999999999,0.14303,76.934,0.0,0.03763,0.524,0.02032,0.10358,0.21199999999999997,0.06952,0.0,0.50238,0.481475,0.066,0.3014125,0.1140625,0.20781249999999998,0.08533750000000001,0.122475,0.10652500000000001,0.08208750000000001,1.7325,0.022,0.0756875,29.66,0.1507125,0.3266875,45.885000000000005,0.1140625,0.175625,66.265,0.0,0.048562499999999995,0.7049999999999998,0.0260625,0.1380625,0.2,0.08208750000000001,0.0,0.49712499999999993
108,95,2001-11-11,1,1,2001-02,Los Angeles Lakers,Orlando Magic,1,0.5139625,0.0896875,0.3039625,0.12031250000000002,0.2134375,0.0522875,0.16115000000000002,0.110725,0.078225,1.4249999999999998,0.029900000000000003,0.07552500000000001,38.9625,0.15197499999999997,0.30896250000000003,49.254999999999995,0.12031250000000002,0.1775,66.225,0.0,0.044787499999999994,0.5725,0.039587500000000005,0.1233375,0.3375,0.078225,0.0,0.584475,0.54652,0.07575000000000001,0.36197,0.10880000000000001,0.2109,0.06647,0.14443,0.11610000000000001,0.07702,1.6239999999999999,0.02525,0.06765000000000002,40.142,0.18098,0.33768000000000004,54.064,0.10880000000000001,0.14598,74.54400000000001,0.0,0.0472,0.62,0.0312,0.13597,0.22800000000000004,0.07702,0.0,0.6386200000000001
98,100,2001-11-11,1,1,2001-02,Detroit Pistons,Portland Trail Blazers,0,0.4604166666666667,0.09083333333333332,0.27305,0.09653333333333335,0.20833333333333334,0.04541666666666667,0.16291666666666668,0.10528333333333334,0.09028333333333334,1.27,0.030283333333333332,0.08625,35.52333333333333,0.13653333333333337,0.29388333333333333,46.656666666666666,0.09653333333333335,0.10958333333333332,90.60666666666667,0.0,0.04638333333333333,0.5233333333333333,0.03555,0.10805,0.3266666666666667,0.09028333333333334,0.0,0.5393,0.45495,0.08245000000000001,0.2831,0.0894,0.19662000000000002,0.045619999999999994,0.151,0.11105000000000001,0.07332,1.538,0.027490000000000004,0.07145000000000001,40.769999999999996,0.14155,0.31930000000000003,44.698,0.0894,0.11543,77.51000000000002,0.0,0.03518,0.45999999999999996,0.03597,0.12065,0.306,0.07332,0.0,0.5126999999999999
84,99,2001-11-11,1,1,2001-02,Washington Wizards,Seattle SuperSonics,0,0.45815,0.06805,0.31153,0.07857,0.20598,0.055099999999999996,0.15088000000000001,0.10229999999999999,0.0677,1.534,0.02268,0.05277,42.772000000000006,0.15577000000000002,0.36102,43.168,0.07857,0.10658000000000001,74.132,0.0,0.044230000000000005,0.6799999999999999,0.018150000000000003,0.11603,0.16,0.0677,0.0,0.49776999999999993,0.49252499999999994,0.10629166666666667,0.29883333333333334,0.08740833333333335,0.22196666666666667,0.06295833333333334,0.15900833333333333,0.12498333333333334,0.07541666666666667,1.7416666666666665,0.03543333333333334,0.08339166666666668,41.35333333333333,0.14941666666666667,0.33565,44.71666666666666,0.08740833333333335,0.11935833333333333,73.83333333333333,0.0,0.04270833333333333,0.5766666666666667,0.021541666666666667,0.13933333333333334,0.15500000000000003,0.07541666666666667,0.0,0.5621666666666666
79,86,2001-11-12,1,1,2001-02,Memphis Grizzlies,Golden State Warriors,0,0.44400000000000006,0.08735000000000001,0.25727,0.09938,0.2411,0.07442,0.16668,0.09927,0.09717,1.214,0.02912,0.10755,26.0,0.12863,0.30216999999999994,42.448,0.09938,0.14557,67.622,0.0,0.03855000000000001,0.43200000000000005,0.025229999999999995,0.11487,0.21600000000000003,0.09717,0.0,0.45282999999999995,0.47933333333333333,0.04175,0.329025,0.10855833333333333,0.23604166666666662,0.082625,0.15341666666666667,0.10208333333333335,0.088525,1.1716666666666666,0.013916666666666666,0.03783333333333334,37.17666666666667,0.16451666666666667,0.37801666666666667,43.77166666666667,0.10855833333333333,0.15545,71.415,0.0,0.04008333333333333,0.47333333333333333,0.03865833333333333,0.10673333333333335,0.3766666666666667,0.088525,0.0,0.5233666666666666
105,98,2001-11-12,1,1,2001-02,Utah Jazz,Orlando Magic,1,0.510775,0.05320833333333333,0.3425,0.11506666666666666,0.21009999999999998,0.0605,0.14959166666666665,0.14506666666666668,0.096725,1.4983333333333333,0.017733333333333334,0.05566666666666666,32.29833333333334,0.17125,0.334,51.458333333333336,0.11506666666666666,0.15605,74.97000000000001,0.0,0.044041666666666666,0.46166666666666667,0.027741666666666664,0.12734166666666666,0.21333333333333335,0.096725,0.0,0.5993333333333334,0.5447416666666667,0.07520833333333334,0.35941666666666666,0.11010833333333335,0.2145,0.06858333333333334,0.14591666666666667,0.11508333333333333,0.07585,1.6349999999999998,0.025066666666666668,0.06970833333333334,38.635,0.17970833333333336,0.34223333333333333,53.056666666666665,0.11010833333333335,0.14679166666666668,74.97333333333334,0.0,0.046558333333333334,0.625,0.031558333333333334,0.13455833333333334,0.23333333333333336,0.07585,0.0,0.6327416666666666
82,91,2001-11-13,1,1,2001-02,Indiana Pacers,New Jersey Nets,0,0.5078083333333333,0.08296666666666667,0.322575,0.102275,0.21935833333333335,0.059591666666666675,0.15976666666666664,0.13725,0.07812499999999999,2.0016666666666665,0.027658333333333337,0.07251666666666667,38.666666666666664,0.16128333333333333,0.34120833333333334,47.315,0.102275,0.12407499999999999,82.81666666666668,0.0,0.04580833333333333,0.655,0.02660833333333333,0.12375833333333335,0.21666666666666667,0.07812499999999999,0.0,0.6121333333333334,0.48997999999999997,0.09255000000000001,0.28877,0.10867,0.22912999999999997,0.07265,0.15648,0.11082,0.07297000000000001,1.6600000000000001,0.03085,0.07567,40.318000000000005,0.14438,0.36118,40.064,0.10867,0.13979999999999998,78.114,0.0,0.035820000000000005,0.55,0.033170000000000005,0.11915,0.28400000000000003,0.07297000000000001,0.0,0.5332
76,82,2001-11-13,1,1,2001-02,Miami Heat,Philadelphia 76ers,0,0.44857,0.0591,0.2907,0.09877000000000001,0.20312000000000002,0.06053000000000001,0.14257999999999998,0.09577,0.08488,1.142,0.019700000000000002,0.03962,66.97200000000001,0.14535,0.34102,42.624,0.09877000000000001,0.13767000000000001,73.36600000000001,0.0,0.029500000000000005,0.372,0.04053,0.14517,0.28400000000000003,0.08488,0.0,0.47812,0.39561999999999997,0.05785,0.258,0.07977,0.20950000000000002,0.06672000000000002,0.14278,0.08502000000000001,0.10028,0.86,0.01928,0.0497,39.486000000000004,0.129,0.31337000000000004,41.162,0.07977,0.11062999999999998,72.07000000000001,0.0,0.02182,0.21800000000000003,0.025999999999999995,0.10718000000000001,0.246,0.10028,0.0,0.39202
91,92,2001-11-13,1,1,2001-02,Seattle SuperSonics,Phoenix Suns,0,0.49144999999999994,0.10794285714285715,0.2975714285714286,0.08594285714285717,0.22209285714285715,0.06406428571428571,0.15802857142857143,0.12315,0.07566428571428571,1.7085714285714284,0.03598571428571429,0.08535714285714287,41.145714285714284,0.14878571428571427,0.33627142857142855,44.43999999999999,0.08594285714285717,0.11740714285714285,73.80428571428571,0.0,0.042628571428571425,0.5728571428571428,0.02162857142857143,0.13759285714285716,0.15857142857142859,0.07566428571428571,0.0,0.5569571428571428,0.500625,0.07158333333333333,0.33854999999999996,0.09049166666666668,0.22154166666666666,0.05995833333333333,0.16158333333333333,0.11864166666666666,0.08371666666666668,1.5333333333333332,0.023858333333333332,0.06399999999999999,36.25833333333333,0.16928333333333334,0.35531666666666667,47.89166666666667,0.09049166666666668,0.10918333333333334,82.94500000000001,0.0,0.048475,0.6516666666666666,0.020224999999999996,0.12915000000000001,0.16166666666666665,0.08371666666666668,0.0,0.5809083333333332
89,82,2001-11-13,1,1,2001-02,New York Knicks,Portland Trail Blazers,1,0.4513416666666667,0.09420833333333334,0.24889166666666665,0.10825,0.208975,0.059125000000000004,0.14985,0.08988333333333332,0.077375,1.2033333333333334,0.03140833333333334,0.09433333333333332,33.44833333333333,0.12444166666666667,0.287375,43.64666666666667,0.10825,0.15120833333333333,71.99833333333332,0.0,0.036775,0.5066666666666667,0.012525,0.10579166666666667,0.11333333333333333,0.077375,0.0,0.45331666666666665,0.4590083333333333,0.08228333333333333,0.28734166666666666,0.08938333333333333,0.19551666666666667,0.04599166666666666,0.149525,0.1129,0.07348333333333333,1.5716666666666665,0.027433333333333337,0.07251666666666667,39.99333333333333,0.14367500000000002,0.3181083333333333,45.55833333333334,0.08938333333333333,0.11571666666666668,77.26500000000001,0.0,0.0361,0.4749999999999999,0.03473333333333333,0.1203,0.295,0.07348333333333333,0.0,0.5189166666666666
103,107,2001-11-13,1,1,2001-02,Minnesota Timberwolves,Cleveland Cavaliers,0,0.47467,0.04925,0.3439,0.08152000000000001,0.20522999999999997,0.05498000000000001,0.15025,0.13518000000000002,0.05328000000000001,2.554,0.01642,0.04317,37.564,0.17195,0.37503000000000003,45.88,0.08152000000000001,0.10235000000000001,80.322,0.0,0.039,0.74,0.0342,0.10364999999999999,0.33,0.05328000000000001,0.0,0.5843300000000001,0.44037000000000004,0.04415,0.30190000000000006,0.09430999999999999,0.21190000000000003,0.052539999999999996,0.15937,0.10151000000000002,0.07677,1.3800000000000001,0.01471,0.0523,31.884000000000004,0.15095,0.35045000000000004,43.226,0.09430999999999999,0.11947999999999999,78.608,0.0,0.027549999999999998,0.374,0.030469999999999997,0.10619,0.298,0.07677,0.0,0.47278000000000003
101,93,2001-11-13,1,1,2001-02,Denver Nuggets,Chicago Bulls,1,0.4891833333333333,0.07620833333333334,0.3079416666666666,0.10502499999999998,0.21985833333333335,0.07555833333333332,0.14430833333333334,0.09216666666666667,0.06835,1.3766666666666667,0.025408333333333335,0.07666666666666667,32.72666666666667,0.153975,0.3510416666666667,43.923333333333325,0.10502499999999998,0.13877499999999998,76.74,0.0,0.03635833333333333,0.515,0.020958333333333332,0.10659166666666668,0.20999999999999996,0.06835,0.0,0.5080916666666667,0.38537,0.0256,0.2774,0.08237000000000001,0.20076999999999998,0.05105,0.14972,0.10053000000000001,0.08063000000000001,1.3,0.00853,0.047850000000000004,14.702000000000002,0.1387,0.32850000000000007,42.596,0.08237000000000001,0.12383,66.78799999999998,0.0,0.03488000000000001,0.43600000000000005,0.021670000000000002,0.10838,0.2,0.08063000000000001,0.0,0.392
90,86,2001-11-13,1,1,2001-02,San Antonio Spurs,Houston Rockets,1,0.525975,0.13945833333333335,0.257,0.12951666666666664,0.20919166666666666,0.06450833333333333,0.14468333333333336,0.09880833333333335,0.06863333333333334,1.5116666666666665,0.04649166666666666,0.09879166666666667,45.86833333333334,0.1285,0.29235833333333333,44.324999999999996,0.12951666666666664,0.18125833333333333,70.99666666666667,0.0,0.03269166666666667,0.4683333333333333,0.034708333333333334,0.10870833333333334,0.3216666666666667,0.06863333333333334,0.0,0.5648166666666666,0.46366666666666667,0.081,0.29396666666666665,0.08869166666666667,0.25305833333333333,0.069775,0.18328333333333335,0.09657500000000001,0.071275,1.4833333333333334,0.026999999999999996,0.090725,30.75666666666667,0.14699166666666666,0.3411833333333334,43.27333333333333,0.08869166666666667,0.12274166666666668,72.46,0.0,0.04108333333333333,0.6016666666666667,0.019,0.09879166666666665,0.19333333333333333,0.071275,0.0,0.5101416666666666
95,86,2001-11-13,1,1,2001-02,Sacramento Kings,Toronto Raptors,1,0.5212916666666666,0.08045833333333334,0.34127500000000005,0.09954999999999999,0.23631666666666665,0.06476666666666665,0.17155,0.12503333333333333,0.06896666666666666,1.9233333333333331,0.02681666666666667,0.0826,33.519999999999996,0.1706416666666667,0.3424583333333333,49.935,0.09954999999999999,0.141875,70.56500000000001,0.0,0.04101666666666667,0.6183333333333333,0.025833333333333333,0.10152499999999999,0.25666666666666665,0.06896666666666666,0.0,0.6105999999999999,0.48934999999999995,0.0743,0.3018,0.11325,0.20957999999999996,0.08410000000000001,0.12547999999999998,0.11055000000000001,0.0815,1.782,0.024769999999999997,0.07888,31.208,0.15089999999999998,0.32652000000000003,45.98800000000001,0.11325,0.172,67.148,0.0,0.049179999999999995,0.7159999999999999,0.029349999999999998,0.13728,0.22400000000000003,0.0815,0.0,0.5180299999999999
98,107,2001-11-14,1,1,2001-02,Washington Wizards,Milwaukee Bucks,0,0.45845833333333336,0.064625,0.31266666666666665,0.08116666666666668,0.20415000000000003,0.05424999999999999,0.1499,0.10094166666666665,0.06669166666666666,1.5366666666666668,0.021541666666666667,0.05189166666666666,41.223333333333336,0.15633333333333335,0.36099166666666666,43.355,0.08116666666666668,0.10881666666666667,75.01833333333333,0.0,0.043250000000000004,0.6733333333333333,0.017625000000000002,0.11502499999999999,0.15666666666666668,0.06669166666666666,0.0,0.4950833333333333,0.5514625,0.146875,0.2952125,0.109375,0.166875,0.043125,0.12375,0.124375,0.0628125,2.01,0.048962500000000006,0.1095875,44.760000000000005,0.1476,0.28490000000000004,51.6775,0.109375,0.1309375,82.67500000000001,0.0,0.0552125,0.9,0.019162500000000002,0.124475,0.1625,0.0628125,0.0,0.6347875000000001
92,93,2001-11-14,1,1,2001-02,Phoenix Suns,Orlando Magic,0,0.5025785714285714,0.07115,0.3412071428571428,0.09021428571428572,0.2208142857142857,0.059964285714285706,0.16085,0.11914285714285713,0.08226428571428572,1.567142857142857,0.023714285714285716,0.06404285714285714,35.917142857142856,0.17060714285714287,0.3554785714285714,48.23285714285714,0.09021428571428572,0.10940000000000001,82.5,0.0,0.04838571428571429,0.6571428571428571,0.020399999999999998,0.12876428571428572,0.16428571428571428,0.08226428571428572,0.0,0.5846571428571429,0.5422285714285715,0.07548571428571428,0.3550071428571428,0.11172857142857143,0.21702142857142856,0.07000714285714287,0.14700714285714286,0.11415,0.07470714285714286,1.6457142857142857,0.025157142857142857,0.07179285714285714,37.57285714285714,0.17750714285714286,0.3444642857142857,52.06999999999999,0.11172857142857143,0.14827142857142858,75.2757142857143,0.0,0.04582857142857143,0.6257142857142857,0.03164285714285714,0.1341142857142857,0.23571428571428574,0.07470714285714286,0.0,0.6260214285714286
101,93,2001-11-14,1,1,2001-02,Boston Celtics,Indiana Pacers,1,0.50522,0.14105,0.25533,0.10882999999999998,0.23285,0.06357,0.16928,0.11467000000000001,0.0687,1.738,0.04701999999999999,0.10523,44.754000000000005,0.12767,0.31138000000000005,40.958,0.10882999999999998,0.14357000000000003,76.06400000000001,0.0,0.04037,0.604,0.016220000000000002,0.09036999999999999,0.174,0.0687,0.0,0.56395,0.5087499999999999,0.08343571428571428,0.32310000000000005,0.10222142857142857,0.2180214285714286,0.05947142857142857,0.15854999999999997,0.13665714285714287,0.07740714285714285,1.9957142857142856,0.027814285714285715,0.07242857142857143,39.050000000000004,0.16154285714285715,0.34095,47.41714285714285,0.10222142857142857,0.12384999999999999,82.94285714285715,0.0,0.045421428571428564,0.6514285714285715,0.026735714285714283,0.12277857142857143,0.22,0.07740714285714285,0.0,0.6125428571428573
106,102,2001-11-14,1,1,2001-02,Los Angeles Clippers,Chicago Bulls,1,0.49979166666666663,0.03625,0.3268666666666667,0.13668333333333335,0.23730833333333332,0.07085833333333334,0.16645000000000001,0.06714166666666667,0.08166666666666668,0.84,0.012083333333333333,0.05595833333333333,20.331666666666667,0.16342500000000001,0.3605333333333334,45.42666666666668,0.13668333333333335,0.17185833333333334,79.86333333333333,0.0,0.0339,0.40166666666666667,0.03475833333333333,0.13501666666666667,0.2733333333333334,0.08166666666666668,0.0,0.5150833333333333,0.38655833333333334,0.026333333333333334,0.27616666666666667,0.08405833333333335,0.19897499999999999,0.050316666666666655,0.1486583333333333,0.10058333333333334,0.08094166666666668,1.3066666666666666,0.008775,0.0471,15.881666666666668,0.13808333333333334,0.3291666666666667,42.343333333333334,0.08405833333333335,0.12541666666666665,67.13666666666666,0.0,0.03656666666666667,0.4633333333333334,0.02195,0.10906666666666669,0.20166666666666666,0.08094166666666668,0.0,0.39291666666666664
94,107,2001-11-14,1,1,2001-02,Cleveland Cavaliers,Dallas Mavericks,0,0.4370916666666667,0.04393333333333333,0.2996750000000001,0.09347499999999999,0.21265833333333337,0.052833333333333336,0.15983333333333336,0.10078333333333334,0.07706666666666667,1.366666666666667,0.01464166666666667,0.052274999999999995,31.451666666666668,0.14984166666666668,0.34895000000000004,43.065,0.09347499999999999,0.119325,78.01166666666667,0.0,0.027599999999999996,0.37166666666666665,0.030633333333333332,0.10491666666666667,0.30333333333333334,0.07706666666666667,0.0,0.4691,0.48087499999999994,0.10941666666666666,0.273975,0.09748333333333332,0.20376666666666668,0.04633333333333334,0.15743333333333334,0.11152499999999999,0.064025,1.7866666666666668,0.036475,0.09983333333333333,36.449999999999996,0.13698333333333335,0.30077499999999996,45.695,0.09748333333333332,0.124375,79.91166666666668,0.0,0.04058333333333334,0.6649999999999999,0.02086666666666667,0.095325,0.22166666666666668,0.064025,0.0,0.5395416666666668
82,89,2001-11-14,1,1,2001-02,Golden State Warriors,Toronto Raptors,0,0.4807571428571428,0.043742857142857146,0.32712142857142856,0.10988571428571428,0.2383428571428571,0.08317142857142858,0.15517142857142857,0.10260000000000001,0.08883571428571428,1.1757142857142855,0.014578571428571427,0.03855000000000001,38.06,0.16356428571428575,0.3773785714285714,43.598571428571425,0.10988571428571428,0.15681428571428574,71.53571428571429,0.0,0.039664285714285714,0.4657142857142857,0.03742142857142857,0.10730000000000002,0.3642857142857143,0.08883571428571428,0.0,0.5252357142857143,0.4923166666666667,0.079775,0.30055000000000004,0.11199166666666667,0.21048333333333333,0.0833,0.12718333333333334,0.11295833333333334,0.08065833333333333,1.8133333333333335,0.026591666666666663,0.08120833333333334,32.18333333333333,0.150275,0.32650833333333334,45.818333333333335,0.11199166666666667,0.16869166666666668,67.64166666666667,0.0,0.049199999999999994,0.7183333333333332,0.032075,0.13559166666666667,0.25,0.08065833333333333,0.0,0.5288333333333333
111,79,2001-11-14,1,1,2001-02,Atlanta Hawks,Utah Jazz,1,0.43158333333333326,0.039125,0.2909416666666667,0.10150833333333333,0.23239166666666666,0.06349166666666667,0.16889999999999997,0.07316666666666667,0.07836666666666668,0.9633333333333334,0.013041666666666665,0.055499999999999994,24.323333333333334,0.14547500000000002,0.3535166666666667,41.156666666666666,0.10150833333333333,0.1401416666666667,72.015,0.0,0.041125,0.5283333333333332,0.029066666666666668,0.11917499999999999,0.2383333333333333,0.07836666666666668,0.0,0.43985,0.5066857142857143,0.05172857142857142,0.33969285714285713,0.11526428571428572,0.20865714285714285,0.06012142857142857,0.1485285714285714,0.14291428571428572,0.09688571428571428,1.48,0.017242857142857143,0.05414285714285714,32.26428571428572,0.16985000000000003,0.3335285714285714,51.09571428571429,0.11526428571428572,0.15630714285714284,74.91142857142859,0.0,0.04387142857142857,0.4614285714285714,0.028064285714285712,0.12762142857142855,0.21571428571428572,0.09688571428571428,0.0,0.5916714285714286
100,86,2001-11-14,1,1,2001-02,Philadelphia 76ers,Charlotte Hornets,1,0.39759999999999995,0.056125,0.26305833333333334,0.07841666666666666,0.21125000000000002,0.06685,0.1444,0.08640833333333335,0.09884166666666666,0.895,0.018708333333333334,0.04989166666666667,38.388333333333335,0.131525,0.31530833333333336,41.681666666666665,0.07841666666666666,0.1083,72.37833333333334,0.0,0.022625000000000003,0.23333333333333336,0.02485833333333333,0.106675,0.235,0.09884166666666666,0.0,0.3990416666666667,0.4798,0.0953,0.26830000000000004,0.1162,0.20987,0.048429999999999994,0.16143000000000002,0.08760000000000001,0.07320000000000002,1.258,0.03177000000000001,0.07097,45.442,0.13415000000000002,0.30839999999999995,43.49999999999999,0.1162,0.14778,79.066,0.0,0.03245,0.44800000000000006,0.02955,0.11402000000000001,0.26,0.07320000000000002,0.0,0.52103
115,89,2001-11-15,1,1,2001-02,Detroit Pistons,Dallas Mavericks,1,0.4643125,0.09437499999999999,0.2732875,0.09665,0.2085,0.043312500000000004,0.1651875,0.1072125,0.08871250000000001,1.345,0.031462500000000004,0.0874375,36.2775,0.13665000000000002,0.2911625,47.15,0.09665,0.1109375,89.525,0.0,0.046287499999999995,0.5325,0.0359125,0.10803750000000001,0.3325,0.08871250000000001,0.0,0.548725,0.4820785714285714,0.10725714285714284,0.27545000000000003,0.09937142857142857,0.20425000000000001,0.046142857142857145,0.15810714285714286,0.11120714285714284,0.06406428571428571,1.78,0.035757142857142855,0.09893571428571428,36.029999999999994,0.13772142857142858,0.30107142857142855,45.87571428571429,0.09937142857142857,0.12670714285714285,79.84285714285716,0.0,0.040292857142857144,0.6585714285714285,0.021864285714285718,0.09497142857142857,0.23285714285714287,0.06406428571428571,0.0,0.5417500000000002
85,101,2001-11-15,1,1,2001-02,Memphis Grizzlies,Portland Trail Blazers,0,0.44583333333333336,0.087375,0.2605,0.09795833333333333,0.2378583333333333,0.07368333333333334,0.164175,0.10078333333333334,0.094725,1.2699999999999998,0.029125,0.10698333333333333,26.153333333333336,0.13025,0.3055583333333333,42.53333333333334,0.09795833333333333,0.142975,67.93833333333333,0.0,0.03935,0.45333333333333337,0.02560833333333333,0.11364166666666668,0.22333333333333336,0.094725,0.0,0.456525,0.4622785714285714,0.08231428571428571,0.2907571428571429,0.08920000000000002,0.19571428571428573,0.04674285714285714,0.14896428571428572,0.114,0.07414285714285714,1.582857142857143,0.027442857142857147,0.07305000000000002,39.62,0.14537857142857144,0.31775000000000003,46.15,0.08920000000000002,0.11552857142857142,77.2357142857143,0.0,0.03647857142857143,0.4799999999999999,0.03352142857142857,0.11945714285714286,0.2857142857142857,0.07414285714285714,0.0,0.5235357142857142
82,101,2001-11-15,1,1,2001-02,Denver Nuggets,Orlando Magic,0,0.48889285714285713,0.07450714285714286,0.3119071428571428,0.10247142857142855,0.22038571428571427,0.07537857142857142,0.14502142857142858,0.09420714285714286,0.06746428571428571,1.4285714285714286,0.024842857142857142,0.07530714285714286,32.57857142857143,0.15595714285714285,0.3531357142857143,44.208571428571425,0.10247142857142855,0.13507142857142856,76.85428571428572,0.0,0.03535,0.5071428571428571,0.021635714285714286,0.1082,0.21285714285714283,0.06746428571428571,0.0,0.5127499999999999,0.5397625,0.07683124999999999,0.35031874999999996,0.11260625,0.21871875,0.07118125,0.1475375,0.11355625,0.07373125,1.65625,0.02560625,0.0736,37.07,0.1751625,0.34625,51.122499999999995,0.11260625,0.14880000000000002,75.59875000000001,0.0,0.04517499999999999,0.62625,0.031987499999999995,0.13446249999999998,0.23750000000000002,0.07373125,0.0,0.62019375
83,74,2001-11-15,1,1,2001-02,New York Knicks,Miami Heat,1,0.4488,0.09299285714285714,0.24905,0.10676428571428571,0.2077928571428571,0.057921428571428575,0.14987142857142857,0.0907142857142857,0.07632142857142857,1.237142857142857,0.031,0.09249285714285714,33.69285714285714,0.12452142857142857,0.28948571428571424,43.4,0.10676428571428571,0.14889285714285716,72.19714285714285,0.0,0.03692857142857143,0.52,0.012471428571428569,0.10567857142857143,0.11285714285714285,0.07632142857142857,0.0,0.45182142857142854,0.44422500000000004,0.057999999999999996,0.29280833333333334,0.09341666666666669,0.20245833333333332,0.058775,0.143675,0.09703333333333335,0.08448333333333334,1.165,0.019333333333333338,0.04065833333333333,62.74666666666667,0.1464,0.3421,42.79,0.09341666666666669,0.1311166666666667,72.38833333333334,0.0,0.03041666666666667,0.38666666666666666,0.03975,0.14264166666666667,0.2833333333333334,0.08448333333333334,0.0,0.47468333333333335
97,98,2001-11-15,1,1,2001-02,Houston Rockets,Los Angeles Lakers,0,0.46222142857142856,0.08228571428571428,0.2913571428571428,0.08857142857142856,0.24854285714285712,0.06868571428571428,0.17985714285714288,0.09685714285714286,0.07068571428571428,1.492857142857143,0.027428571428571424,0.09072142857142858,31.23857142857143,0.14568571428571428,0.33713571428571437,43.40571428571428,0.08857142857142856,0.12296428571428572,72.30285714285715,0.0,0.04011428571428571,0.5900000000000001,0.019242857142857145,0.09732857142857142,0.19999999999999998,0.07068571428571428,0.0,0.5071642857142857,0.5171699999999999,0.08735000000000001,0.30917000000000006,0.12065000000000001,0.21195,0.05143,0.16052000000000002,0.11238000000000001,0.07958000000000001,1.422,0.02912,0.07462,38.233999999999995,0.15458,0.30997,49.931999999999995,0.12065000000000001,0.177,66.748,0.0,0.04662999999999999,0.584,0.040470000000000006,0.12307000000000001,0.34800000000000003,0.07958000000000001,0.0,0.59178
95,83,2001-11-16,1,1,2001-02,Phoenix Suns,Los Angeles Lakers,1,0.50319375,0.070225,0.3430875,0.08987500000000001,0.22008750000000002,0.05981249999999999,0.160275,0.1194875,0.08111875000000002,1.5924999999999998,0.02340625,0.06377499999999998,35.47875,0.17154375,0.35580625,48.442499999999995,0.08987500000000001,0.10955000000000001,82.055,0.0,0.04835,0.6625,0.020425,0.12821875000000002,0.16499999999999998,0.08111875000000002,0.0,0.58610625,0.5195833333333333,0.08529166666666667,0.3126416666666667,0.12165,0.212875,0.05188333333333334,0.16099166666666667,0.113375,0.08034166666666667,1.42,0.028433333333333335,0.07440833333333334,37.419999999999995,0.15631666666666666,0.31095,50.331666666666656,0.12165,0.17833333333333334,66.95666666666666,0.0,0.04746666666666666,0.5883333333333333,0.04108333333333334,0.12353333333333334,0.35333333333333333,0.08034166666666667,0.0,0.5967583333333333
113,120,2001-11-16,1,1,2001-02,Indiana Pacers,Minnesota Timberwolves,0,0.5082812499999999,0.08285,0.323025,0.1024125,0.2174875,0.0596125,0.15786874999999997,0.135825,0.07632499999999999,1.99375,0.02761875,0.07205,38.99625,0.16150625000000002,0.34153125,47.334999999999994,0.1024125,0.12399374999999999,83.01125,0.0,0.04505624999999999,0.65,0.026831249999999997,0.12180625,0.2225,0.07632499999999999,0.0,0.6111312500000001,0.48069999999999996,0.050625,0.34825,0.081825,0.20685833333333334,0.05512500000000001,0.15173333333333333,0.13570833333333335,0.053291666666666675,2.5733333333333333,0.016875,0.043616666666666665,38.12833333333333,0.174125,0.37474999999999997,46.535000000000004,0.081825,0.10265,80.365,0.0,0.038891666666666665,0.7400000000000001,0.033225000000000005,0.10360000000000001,0.32,0.053291666666666675,0.0,0.5938833333333334
109,83,2001-11-16,1,1,2001-02,New Jersey Nets,New York Knicks,1,0.48804166666666665,0.09045833333333335,0.29036666666666666,0.107225,0.22941666666666663,0.07220833333333333,0.15720833333333334,0.11012500000000001,0.07275,1.6483333333333334,0.03015,0.07445,39.928333333333335,0.145175,0.3618166666666667,40.199999999999996,0.107225,0.13747499999999999,78.47500000000001,0.0,0.035958333333333335,0.5516666666666666,0.033891666666666674,0.11679166666666667,0.3033333333333334,0.07275,0.0,0.5335,0.447075,0.0912125,0.24979374999999998,0.106075,0.20744374999999998,0.057087500000000006,0.15035625,0.09117499999999999,0.07529374999999999,1.26375,0.03040625,0.09093124999999999,33.55,0.12489375,0.29103749999999995,43.315,0.106075,0.14754375000000003,72.41874999999999,0.0,0.03684375,0.5275,0.012549999999999999,0.10598125,0.11249999999999999,0.07529374999999999,0.0,0.45166875
98,78,2001-11-16,1,1,2001-02,Philadelphia 76ers,Atlanta Hawks,1,0.39906428571428565,0.054535714285714285,0.2665,0.07802857142857143,0.2128071428571429,0.06730000000000001,0.14550714285714283,0.08702142857142858,0.09778571428571428,0.9142857142857144,0.01817857142857143,0.0495,37.74857142857143,0.13324285714285716,0.31740714285714283,41.94285714285714,0.07802857142857143,0.10742142857142856,72.60142857142857,0.0,0.023985714285714284,0.25285714285714284,0.023957142857142854,0.10612857142857143,0.22714285714285712,0.09778571428571428,0.0,0.40417857142857144,0.43166428571428567,0.03904285714285714,0.2908071428571429,0.1018,0.2304142857142857,0.06370714285714286,0.16670714285714286,0.0738357142857143,0.07910714285714286,0.9671428571428572,0.013014285714285713,0.05461428571428571,24.634285714285713,0.14540714285714287,0.3530142857142858,41.212857142857146,0.1018,0.1401214285714286,72.33142857142857,0.0,0.04055714285714286,0.5185714285714285,0.02827857142857143,0.11837142857142857,0.23428571428571426,0.07910714285714286,0.0,0.43813571428571424
105,91,2001-11-16,1,1,2001-02,San Antonio Spurs,Cleveland Cavaliers,1,0.5248142857142858,0.1379,0.2590642857142857,0.12785,0.2088,0.06345714285714285,0.14534285714285716,0.1,0.06872857142857143,1.5357142857142854,0.045971428571428566,0.09743571428571429,45.96428571428572,0.12952857142857144,0.2929428571428571,44.62285714285714,0.12785,0.17924285714285712,70.93428571428572,0.0,0.03302142857142858,0.47000000000000003,0.03475,0.10827857142857143,0.3228571428571429,0.06872857142857143,0.0,0.5663714285714285,0.4367928571428572,0.044621428571428576,0.29847142857142867,0.09369285714285713,0.21335,0.053228571428571424,0.16012857142857143,0.10013571428571429,0.07677142857142857,1.3657142857142859,0.014871428571428574,0.052578571428571426,31.38571428571429,0.1492357142857143,0.3482071428571429,42.964285714285715,0.09369285714285713,0.12004999999999999,77.70714285714287,0.0,0.02758571428571428,0.37285714285714283,0.030271428571428567,0.10465714285714287,0.3028571428571429,0.07677142857142857,0.0,0.4683357142857143
105,71,2001-11-16,1,1,2001-02,Sacramento Kings,Chicago Bulls,1,0.5206999999999999,0.08151428571428572,0.33905,0.10012142857142857,0.23663571428571428,0.06500714285714285,0.1716357142857143,0.1236,0.07013571428571429,1.887142857142857,0.027171428571428572,0.08151428571428572,34.24999999999999,0.16952857142857145,0.3431285714285714,49.50428571428572,0.10012142857142857,0.1414,71.17428571428572,0.0,0.04056428571428572,0.6057142857142858,0.025507142857142857,0.10151428571428571,0.2542857142857143,0.07013571428571429,0.0,0.6076571428571428,0.3888857142857143,0.02655,0.27671428571428575,0.08562142857142858,0.19748571428571426,0.04986428571428571,0.14762857142857141,0.10090714285714286,0.08019285714285716,1.3514285714285716,0.00885,0.04618571428571429,16.68857142857143,0.13835714285714287,0.3305071428571429,42.25,0.08562142857142858,0.12709285714285715,67.38428571428571,0.0,0.03746428571428572,0.4885714285714286,0.02207857142857143,0.10970714285714288,0.20142857142857143,0.08019285714285716,0.0,0.3956642857142857
100,91,2001-11-16,1,1,2001-02,Seattle SuperSonics,Golden State Warriors,1,0.49079999999999996,0.10991875000000001,0.29631250000000003,0.08457500000000001,0.22183125,0.06456875000000001,0.1572625,0.121975,0.07604999999999999,1.6824999999999999,0.03664375,0.08695,41.184999999999995,0.14815625,0.3361125,44.26624999999999,0.08457500000000001,0.1157,73.67375,0.0,0.0426125,0.57,0.0216625,0.13617500000000002,0.16125,0.07604999999999999,0.0,0.55343125,0.4809,0.045306250000000006,0.32545,0.1101375,0.23995624999999995,0.08347500000000001,0.156475,0.10258750000000001,0.08953125,1.17,0.015099999999999999,0.03904375,38.82625,0.16273125000000002,0.37653125,43.47375,0.1101375,0.15697500000000003,71.49,0.0,0.03955,0.45999999999999996,0.03673125,0.10833750000000002,0.35500000000000004,0.08953125,0.0,0.52559375
85,94,2001-11-16,1,1,2001-02,Los Angeles Clippers,Toronto Raptors,0,0.5025785714285714,0.038721428571428566,0.3283357142857143,0.13552142857142857,0.23575714285714283,0.07012142857142857,0.16562857142857143,0.0717357142857143,0.08173571428571429,0.8928571428571429,0.012907142857142855,0.05643571428571429,21.747142857142855,0.16415714285714286,0.3591285714285715,45.85142857142858,0.13552142857142857,0.17057142857142857,79.7957142857143,0.0,0.03334285714285714,0.3942857142857143,0.03540714285714285,0.13358571428571428,0.28,0.08173571428571429,0.0,0.5235428571428572,0.49305714285714286,0.08284285714285715,0.2997571428571429,0.11045714285714288,0.21049999999999996,0.08229285714285715,0.1282142857142857,0.1142357142857143,0.08020714285714285,1.8214285714285714,0.02761428571428571,0.08219285714285715,32.86857142857143,0.14987857142857144,0.3269214285714286,45.65857142857143,0.11045714285714288,0.16512857142857146,68.21428571428571,0.0,0.04949285714285714,0.7214285714285713,0.03356428571428572,0.13354285714285713,0.2671428571428572,0.08020714285714285,0.0,0.5343571428571428
92,101,2001-11-16,1,1,2001-02,Washington Wizards,Utah Jazz,0,0.4578642857142857,0.06212857142857142,0.3122857142857143,0.08345000000000001,0.20335,0.054049999999999994,0.14930000000000002,0.09958571428571428,0.06645,1.5257142857142856,0.020707142857142858,0.05111428571428571,40.2,0.15614285714285714,0.36075,43.34285714285714,0.08345000000000001,0.11102857142857143,75.5957142857143,0.0,0.04237857142857143,0.6628571428571428,0.01765714285714286,0.1141,0.15857142857142859,0.06645,0.0,0.49180714285714283,0.5042875,0.050187499999999996,0.33816875,0.11593125000000001,0.20882499999999998,0.06010625,0.14871249999999997,0.141375,0.09680625000000001,1.46875,0.016725,0.05261249999999999,32.128750000000004,0.16908750000000003,0.33371249999999997,50.83,0.11593125000000001,0.15708125,74.90375000000002,0.0,0.043625,0.46,0.02924375,0.12729374999999998,0.22875,0.09680625000000001,0.0,0.5888875
87,96,2001-11-16,1,1,2001-02,Miami Heat,Charlotte Hornets,0,0.4402571428571429,0.05675714285714285,0.29383571428571426,0.08966428571428574,0.20200714285714286,0.057421428571428575,0.14457857142857142,0.09766428571428573,0.08435000000000001,1.1757142857142857,0.01892142857142857,0.04158571428571429,59.25,0.14691428571428572,0.3419,42.970000000000006,0.08966428571428574,0.12636428571428573,71.81714285714285,0.0,0.030971428571428573,0.39428571428571424,0.03897142857142857,0.14052857142857142,0.2814285714285715,0.08435000000000001,0.0,0.4711571428571429,0.47733333333333333,0.09316666666666666,0.2708083333333334,0.11335833333333332,0.21030833333333332,0.04841666666666666,0.16188333333333335,0.08841666666666669,0.072525,1.3016666666666667,0.031058333333333337,0.07066666666666667,44.913333333333334,0.1354,0.3106083333333333,43.60666666666666,0.11335833333333332,0.14509166666666665,78.56666666666666,0.0,0.031766666666666665,0.44333333333333336,0.0299,0.11432500000000001,0.26333333333333336,0.072525,0.0,0.5186333333333334
104,93,2001-11-17,1,1,2001-02,Milwaukee Bucks,Utah Jazz,1,0.53997,0.1409,0.29257,0.1065,0.17109999999999997,0.043699999999999996,0.1274,0.12210000000000001,0.06305,1.97,0.046970000000000005,0.10747,43.504000000000005,0.14628000000000002,0.28532,51.156,0.1065,0.12995,80.372,0.0,0.05397,0.8800000000000001,0.019330000000000003,0.12198,0.166,0.06305,0.0,0.62043,0.5001333333333333,0.04856666666666667,0.3353166666666667,0.11624444444444444,0.20805555555555555,0.06002777777777778,0.1480222222222222,0.13893333333333333,0.09681666666666668,1.4477777777777776,0.016188888888888888,0.05114444444444444,31.935555555555556,0.16766111111111115,0.33371666666666666,50.38444444444444,0.11624444444444444,0.15747222222222224,74.8677777777778,0.0,0.043916666666666666,0.4633333333333333,0.030161111111111107,0.1267611111111111,0.23888888888888887,0.09681666666666668,0.0,0.5821333333333334
93,103,2001-11-17,1,1,2001-02,Seattle SuperSonics,Denver Nuggets,0,0.49001666666666666,0.11145555555555557,0.2951944444444445,0.08337222222222224,0.22093333333333331,0.06482777777777778,0.15611111111111112,0.12043333333333334,0.07655555555555554,1.651111111111111,0.03715555555555556,0.08867777777777779,41.02777777777777,0.14759444444444444,0.3350888888888888,44.239999999999995,0.08337222222222224,0.11423333333333334,73.53777777777778,0.0,0.04273888888888889,0.5677777777777777,0.021755555555555556,0.1345888888888889,0.16444444444444445,0.07655555555555554,0.0,0.5494388888888889,0.48895625,0.07316249999999999,0.31479375,0.10098749999999998,0.22064999999999999,0.07501875,0.14564375,0.09579375000000001,0.06676874999999999,1.47,0.02439375,0.07440625000000001,32.38875,0.15739999999999998,0.35368125,44.565,0.10098749999999998,0.13271875,77.01125,0.0,0.03429375,0.49624999999999997,0.02236875,0.10967500000000001,0.21624999999999997,0.06676874999999999,0.0,0.51725
124,87,2001-11-17,1,1,2001-02,Houston Rockets,Dallas Mavericks,1,0.46076875,0.08301249999999999,0.28915625,0.08859375,0.24489999999999998,0.0676,0.1773,0.0962375,0.0703625,1.485,0.027674999999999998,0.09024375,31.71875,0.1445875,0.33413125000000005,43.458749999999995,0.08859375,0.1230625,72.3075,0.0,0.0397125,0.5850000000000001,0.01949375,0.09633749999999999,0.205,0.0703625,0.0,0.50415625,0.48369375,0.10533749999999999,0.27851875,0.0998375,0.20418750000000002,0.046075,0.15810625,0.11136874999999999,0.06394375,1.7862500000000001,0.0351125,0.09781875,35.793749999999996,0.13925625,0.30203125,46.19375,0.0998375,0.12735624999999998,79.665,0.0,0.03986875,0.6512499999999999,0.022568750000000002,0.09458749999999999,0.24125000000000002,0.06394375,0.0,0.5447312500000001
93,88,2001-11-17,1,1,2001-02,Golden State Warriors,Chicago Bulls,1,0.4806611111111111,0.04610555555555556,0.3238722222222223,0.11067777777777778,0.24246111111111107,0.08426666666666667,0.15818888888888888,0.1025777777777778,0.09020555555555557,1.163333333333333,0.015366666666666664,0.03956666666666667,39.02444444444445,0.1619388888888889,0.37573888888888884,43.35444444444445,0.11067777777777778,0.1578666666666667,71.30777777777777,0.0,0.03925555555555556,0.45222222222222214,0.03632777777777778,0.10914444444444446,0.3488888888888889,0.09020555555555557,0.0,0.5258722222222222,0.39230624999999997,0.026743750000000004,0.279,0.08655625,0.1969375,0.049806249999999996,0.14714375,0.10134375000000001,0.07985625000000002,1.3800000000000001,0.00891875,0.0453375,17.4775,0.1395,0.33270625000000004,42.28125,0.08655625,0.1276125,67.88374999999999,0.0,0.03809375,0.50375,0.022056250000000003,0.10974375000000001,0.20124999999999998,0.07985625000000002,0.0,0.40019375
98,93,2001-11-17,1,1,2001-02,Memphis Grizzlies,Cleveland Cavaliers,1,0.44592142857142864,0.08622142857142857,0.2628785714285714,0.09682142857142857,0.23489999999999997,0.07285,0.16205,0.10179285714285714,0.0932357142857143,1.3014285714285714,0.028742857142857146,0.10537142857142857,26.16571428571429,0.1314357142857143,0.3082357142857143,42.57142857142857,0.09682142857142857,0.14122142857142858,68.03142857142858,0.0,0.04005714285714286,0.4685714285714286,0.026335714285714285,0.11312142857142858,0.23142857142857146,0.0932357142857143,0.0,0.45794285714285715,0.43695625000000005,0.04536875,0.29663125000000007,0.09494999999999999,0.21371250000000003,0.05391875,0.1598,0.09941875,0.076625,1.36,0.015125000000000001,0.05225625,31.68625,0.14831875,0.34718125,42.8175,0.09494999999999999,0.1217625,77.60375,0.0,0.027731249999999995,0.375,0.029612499999999996,0.10415,0.29875,0.076625,0.0,0.46799375
87,97,2001-11-17,1,1,2001-02,Charlotte Hornets,Portland Trail Blazers,0,0.4748571428571428,0.09057142857142855,0.27252857142857145,0.11175714285714285,0.21057142857142858,0.04864285714285714,0.16192142857142858,0.08854285714285716,0.07257142857142858,1.3171428571428572,0.030192857142857143,0.06985714285714287,44.182857142857145,0.1362642857142857,0.31215714285714286,43.675714285714285,0.11175714285714285,0.14355,78.28999999999999,0.0,0.031721428571428574,0.4428571428571429,0.029814285714285713,0.1151357142857143,0.26142857142857145,0.07257142857142858,0.0,0.5155642857142857,0.46433749999999996,0.0816375,0.29394375000000006,0.08875000000000001,0.19671875,0.048475,0.14823125,0.11428125,0.07432499999999999,1.5875,0.027212500000000004,0.07430625000000002,38.88625,0.14696875000000004,0.31795625,46.625,0.08875000000000001,0.11530625,77.02000000000001,0.0,0.036762500000000004,0.48749999999999993,0.03221875,0.1186625,0.275,0.07432499999999999,0.0,0.52535625
82,94,2001-11-17,1,1,2001-02,New Jersey Nets,Philadelphia 76ers,0,0.4861785714285714,0.08825000000000001,0.29235714285714287,0.10557857142857142,0.22990714285714284,0.07138571428571429,0.15852857142857144,0.10990000000000001,0.07286428571428571,1.635714285714286,0.029414285714285716,0.073,39.64,0.1461714285714286,0.3622714285714285,40.41285714285714,0.10557857142857142,0.1359,78.19285714285715,0.0,0.03572142857142857,0.5457142857142857,0.03445714285714286,0.1149,0.31714285714285717,0.07286428571428571,0.0,0.5333071428571429,0.40160624999999994,0.053343749999999995,0.26928124999999997,0.078975,0.21355000000000002,0.06748125,0.14606874999999997,0.08731875000000001,0.0967375,0.93,0.01778125,0.049487500000000004,37.1,0.13463750000000002,0.31874375,42.20375,0.078975,0.10805624999999999,72.9225,0.0,0.025599999999999998,0.27625,0.0233875,0.10575,0.22249999999999998,0.0967375,0.0,0.40983125
104,98,2001-11-17,1,1,2001-02,Detroit Pistons,Indiana Pacers,1,0.46712,0.09949999999999999,0.27296,0.09465,0.20629999999999998,0.04132,0.16498,0.1091,0.08780000000000002,1.3900000000000001,0.033170000000000005,0.08928,37.178000000000004,0.13649000000000003,0.2886,47.524,0.09465,0.10957999999999998,88.334,0.0,0.046029999999999995,0.5359999999999999,0.03606,0.1081,0.334,0.08780000000000002,0.0,0.55365,0.5075722222222221,0.08259999999999999,0.32255,0.10242222222222223,0.21742222222222224,0.060144444444444445,0.1572722222222222,0.13406666666666667,0.07576111111111111,1.9633333333333332,0.02753888888888889,0.07175555555555556,39.06222222222223,0.16127222222222223,0.3422611111111111,47.18444444444444,0.10242222222222223,0.12424444444444444,82.86111111111111,0.0,0.0445611111111111,0.6422222222222222,0.026905555555555554,0.12083888888888888,0.2255555555555556,0.07576111111111111,0.0,0.607738888888889
103,95,2001-11-17,1,1,2001-02,Minnesota Timberwolves,Orlando Magic,1,0.4850928571428571,0.05227142857142857,0.3499285714285714,0.08289285714285713,0.20730714285714286,0.054700000000000006,0.15260714285714286,0.13601428571428573,0.053328571428571434,2.5828571428571427,0.01742142857142857,0.04473571428571428,38.41571428571428,0.1749642857142857,0.37315,46.99000000000001,0.08289285714285713,0.10410714285714286,80.29857142857144,0.0,0.03823571428571428,0.7285714285714286,0.03276428571428572,0.10420714285714286,0.3128571428571429,0.053328571428571434,0.0,0.5993500000000002,0.5363888888888889,0.07787777777777777,0.3454222222222222,0.11308333333333333,0.2204611111111111,0.0721611111111111,0.1483,0.11309444444444444,0.07282777777777777,1.6666666666666667,0.025955555555555555,0.07542222222222222,36.382222222222225,0.17271111111111112,0.3476388888888889,50.19,0.11308333333333333,0.1485888888888889,76.06444444444445,0.0,0.04425555555555555,0.6222222222222222,0.032044444444444445,0.1339,0.23888888888888893,0.07282777777777777,0.0,0.6135055555555555
112,103,2001-11-17,1,1,2001-02,Atlanta Hawks,Boston Celtics,1,0.43364375,0.040025,0.2918,0.1018125,0.2290375,0.0637125,0.16531875,0.07515625000000001,0.08023125,0.9725,0.013337499999999999,0.05419375,25.29375,0.14590625000000002,0.35201250000000006,41.51375,0.1018125,0.13948125,72.815,0.0,0.040412500000000004,0.51125,0.02755625,0.1174,0.22999999999999998,0.08023125,0.0,0.44094374999999997,0.5047666666666667,0.14254166666666668,0.25666666666666665,0.10554999999999998,0.23056666666666667,0.06366666666666666,0.16690000000000002,0.115,0.06766666666666667,1.7766666666666666,0.04751666666666666,0.10658333333333332,44.711666666666666,0.12833333333333333,0.3103166666666667,41.35166666666667,0.10554999999999998,0.1396416666666667,75.93333333333334,0.0,0.03989166666666667,0.6066666666666667,0.01685,0.09225,0.17666666666666664,0.06766666666666667,0.0,0.5642666666666667
99,86,2001-11-18,1,1,2001-02,Los Angeles Clippers,New York Knicks,1,0.50483125,0.041618749999999996,0.32901250000000004,0.13420625,0.233475,0.06916875,0.1643,0.07542500000000002,0.0819875,0.9325,0.01386875,0.05680625,23.378749999999997,0.1645,0.35798750000000007,46.115,0.13420625,0.16878125,79.92500000000001,0.0,0.03308125,0.39,0.03566875,0.1318875,0.28500000000000003,0.0819875,0.0,0.5295062500000001,0.4450388888888889,0.08899444444444445,0.25065,0.1054,0.2069611111111111,0.056233333333333343,0.15073333333333333,0.09159999999999999,0.07449444444444445,1.2855555555555556,0.029666666666666668,0.08881666666666665,33.419999999999995,0.12532222222222222,0.2926555555555555,43.23,0.1054,0.14615000000000003,72.66555555555554,0.0,0.03677777777777778,0.5333333333333333,0.01261111111111111,0.10580555555555556,0.11333333333333334,0.07449444444444445,0.0,0.4512722222222222
93,85,2001-11-18,1,1,2001-02,Los Angeles Lakers,Sacramento Kings,1,0.5204571428571428,0.08351428571428572,0.3159357142857143,0.12100714285714285,0.2133857142857143,0.05253571428571429,0.16085,0.11350714285714285,0.0799857142857143,1.4357142857142855,0.027842857142857145,0.07428571428571429,36.702857142857134,0.15796428571428572,0.31305714285714287,50.52999999999999,0.12100714285714285,0.17734999999999998,67.07857142857144,0.0,0.047928571428571425,0.6014285714285714,0.04113571428571429,0.1234357142857143,0.35428571428571426,0.0799857142857143,0.0,0.59855,0.5196,0.0814,0.338075,0.10010625,0.23666874999999998,0.06531875,0.17135625000000002,0.12236875,0.07129375,1.8512499999999998,0.027137500000000002,0.0803125,34.506249999999994,0.1690375,0.3439875,49.230000000000004,0.10010625,0.1403625,71.69500000000001,0.0,0.040337500000000005,0.595,0.02520625,0.10085625000000001,0.25375000000000003,0.07129375,0.0,0.6045125
81,87,2001-11-18,1,1,2001-02,Phoenix Suns,Toronto Raptors,0,0.5033944444444445,0.06950555555555554,0.3444111111111111,0.08947222222222223,0.21903333333333333,0.05989999999999999,0.15913333333333332,0.1192,0.07981666666666669,1.611111111111111,0.023166666666666665,0.06384444444444443,35.00444444444444,0.17220555555555556,0.3560611111111111,48.58333333333333,0.08947222222222223,0.10981111111111112,81.46555555555557,0.0,0.04839444444444444,0.6688888888888889,0.02031111111111111,0.1272388888888889,0.16555555555555554,0.07981666666666669,0.0,0.5856388888888889,0.493925,0.085375,0.2997875,0.10876250000000001,0.21051249999999996,0.08068125000000001,0.12984374999999998,0.11526875,0.07893125000000001,1.84625,0.028462499999999995,0.08324375,33.3825,0.14989375,0.32761875,45.587500000000006,0.10876250000000001,0.16112500000000002,68.84375,0.0,0.049631249999999995,0.7349999999999999,0.03506875,0.1316125,0.28375,0.07893125000000001,0.0,0.5406124999999999
113,77,2001-11-19,1,1,2001-02,Sacramento Kings,Houston Rockets,1,0.5190222222222222,0.08152222222222222,0.33745555555555556,0.10002777777777777,0.23641666666666664,0.06542222222222221,0.17099444444444445,0.12127222222222223,0.07219444444444445,1.8211111111111111,0.02717777777777778,0.07882222222222221,35.00666666666666,0.16872777777777778,0.3447222222222222,49.025555555555556,0.10002777777777777,0.13990555555555556,71.90444444444445,0.0,0.04064444444444445,0.5944444444444444,0.024905555555555556,0.10027222222222223,0.25333333333333335,0.07219444444444445,0.0,0.6025555555555555,0.46019444444444446,0.08337222222222221,0.2878611111111111,0.0889611111111111,0.24206666666666665,0.06703333333333333,0.17503333333333335,0.09533333333333334,0.06990555555555555,1.4766666666666668,0.02779444444444444,0.08987222222222221,32.01555555555555,0.1439388888888889,0.3321444444444445,43.51555555555555,0.0889611111111111,0.12293333333333334,72.70111111111112,0.0,0.03912222222222222,0.578888888888889,0.019616666666666668,0.09514444444444443,0.20888888888888887,0.06990555555555555,0.0,0.5021666666666667
99,96,2001-11-19,1,1,2001-02,Denver Nuggets,New Jersey Nets,1,0.48782222222222216,0.07211666666666666,0.31648333333333334,0.09921111111111108,0.22071666666666664,0.07473888888888888,0.14598888888888886,0.09723333333333334,0.06580555555555555,1.5166666666666666,0.02404444444444444,0.07385000000000001,32.19222222222223,0.15824444444444444,0.35438333333333333,44.739999999999995,0.09921111111111108,0.12998333333333334,77.1277777777778,0.0,0.03312222222222222,0.48777777777777775,0.022872222222222224,0.11103333333333334,0.21666666666666665,0.06580555555555555,0.0,0.5192222222222223,0.485875,0.08635625,0.29503124999999997,0.10449375,0.22976249999999998,0.0705125,0.15926250000000003,0.11022500000000002,0.07289375000000001,1.63375,0.0287875,0.0717625,39.401250000000005,0.14751250000000002,0.36229999999999996,40.78125,0.10449375,0.13485,78.00125,0.0,0.0357875,0.545,0.034681250000000004,0.113425,0.325,0.07289375000000001,0.0,0.5353187500000001
84,88,2001-11-20,1,1,2001-02,Toronto Raptors,Detroit Pistons,0,0.4947388888888889,0.0883888888888889,0.2995333333333333,0.10681666666666668,0.21087222222222218,0.07928333333333334,0.13159444444444443,0.11676666666666666,0.07766111111111113,1.8811111111111112,0.02946666666666666,0.08476111111111112,33.88666666666667,0.14976666666666666,0.32795,45.51666666666667,0.10681666666666668,0.1564888888888889,69.65666666666667,0.0,0.04988333333333333,0.7488888888888888,0.03686666666666667,0.12976666666666667,0.3011111111111111,0.07766111111111113,0.0,0.5483222222222222,0.47129166666666666,0.10363333333333331,0.27508333333333335,0.09256666666666667,0.2060833333333333,0.040508333333333334,0.165575,0.111275,0.08625833333333334,1.465,0.034550000000000004,0.09130833333333334,37.725,0.13755000000000003,0.288,47.961666666666666,0.09256666666666667,0.10762499999999998,87.73333333333333,0.0,0.045266666666666656,0.535,0.03635833333333333,0.1077,0.3383333333333334,0.08625833333333334,0.0,0.5617333333333333
97,105,2001-11-20,1,1,2001-02,Dallas Mavericks,Seattle SuperSonics,0,0.4846055555555555,0.10301111111111111,0.28159999999999996,0.09999444444444444,0.20400000000000004,0.046022222222222214,0.15797222222222224,0.11044999999999999,0.06357222222222221,1.778888888888889,0.034333333333333334,0.09653333333333333,35.45333333333333,0.14079444444444444,0.3034722222222222,46.45777777777778,0.09999444444444444,0.1275833333333333,79.58,0.0,0.03891111111111111,0.6355555555555554,0.022905555555555557,0.09421666666666667,0.24555555555555555,0.06357222222222221,0.0,0.5448277777777779,0.4885149999999999,0.11137000000000001,0.2953,0.08184500000000001,0.21978,0.064845,0.15494000000000002,0.11889000000000001,0.07715,1.6149999999999998,0.03713,0.089685,40.57299999999999,0.14764499999999997,0.33488999999999997,44.272999999999996,0.08184500000000001,0.11225,73.433,0.0,0.042964999999999996,0.566,0.02152,0.13294,0.16499999999999998,0.07715,0.0,0.544305
87,94,2001-11-20,1,1,2001-02,Portland Trail Blazers,Houston Rockets,0,0.46656666666666663,0.0809,0.29683888888888893,0.08882222222222223,0.19749999999999998,0.05031111111111111,0.14717777777777777,0.11457222222222223,0.07384444444444443,1.6233333333333333,0.02696666666666667,0.07563333333333334,37.95333333333333,0.1484166666666667,0.3179722222222222,47.07,0.08882222222222223,0.11568888888888888,76.83777777777779,0.0,0.037333333333333336,0.5088888888888888,0.030649999999999997,0.1179111111111111,0.26222222222222225,0.07384444444444443,0.0,0.5276777777777777,0.46136499999999997,0.08422499999999998,0.287575,0.08956499999999999,0.23916999999999997,0.06627,0.17290500000000003,0.09461000000000001,0.06954,1.4700000000000002,0.028075,0.08957499999999999,32.44,0.143795,0.32930500000000007,43.858,0.08956499999999999,0.123515,72.84700000000001,0.0,0.03852,0.5710000000000001,0.019715000000000003,0.09337999999999999,0.21399999999999997,0.06954,0.0,0.5028900000000001
88,95,2001-11-20,1,1,2001-02,Washington Wizards,Charlotte Hornets,0,0.457975,0.05975,0.3129375,0.08528125,0.20246250000000002,0.053856249999999994,0.14860625000000002,0.09877499999999999,0.066425,1.5162499999999999,0.01991875,0.050193749999999995,39.212500000000006,0.15646875,0.36058125,43.459999999999994,0.08528125,0.11261875,76.16000000000001,0.0,0.041531250000000006,0.65125,0.0175625,0.113825,0.15875,0.066425,0.0,0.490175,0.47331249999999997,0.08838749999999998,0.2747125,0.11021249999999999,0.21057499999999998,0.04865625,0.16191875,0.08817500000000002,0.072175,1.3275000000000001,0.029468750000000002,0.0690125,43.63875,0.13735624999999999,0.31399999999999995,43.76625,0.11021249999999999,0.14185625000000002,78.13499999999999,0.0,0.03158125,0.44375000000000003,0.029525,0.11574375,0.25875000000000004,0.072175,0.0,0.51315
70,94,2001-11-20,1,1,2001-02,Golden State Warriors,New York Knicks,0,0.47984499999999997,0.046935000000000004,0.32223500000000005,0.11067,0.24440499999999998,0.08515,0.159245,0.10207000000000002,0.090745,1.154,0.015639999999999998,0.04061,38.871,0.16112,0.37503999999999993,43.212,0.11067,0.15739000000000003,71.421,0.0,0.038955000000000004,0.4459999999999999,0.035570000000000004,0.10967000000000002,0.34,0.090745,0.0,0.524475,0.44278500000000004,0.086285,0.251835,0.10467,0.20620500000000003,0.05517000000000001,0.151035,0.09187999999999999,0.074295,1.295,0.02876,0.08674499999999999,33.077999999999996,0.125915,0.29364,43.284,0.10467,0.14484500000000003,72.82799999999999,0.0,0.036660000000000005,0.534,0.01266,0.10566500000000001,0.11400000000000002,0.074295,0.0,0.45002
73,80,2001-11-20,1,1,2001-02,Miami Heat,Minnesota Timberwolves,0,0.43655000000000005,0.05575625,0.29445,0.08634375000000002,0.2012875,0.05625625,0.14501874999999997,0.09795625000000001,0.08419375000000001,1.1812500000000001,0.0185875,0.0424,56.45625,0.147225,0.3416625,43.09375,0.08634375000000002,0.12213125000000001,71.31375,0.0,0.031318750000000006,0.39875,0.03800625,0.1385125,0.2775,0.08419375000000001,0.0,0.46687500000000004,0.48976875,0.0532375,0.3518125,0.08471875,0.20834375,0.0546625,0.15368749999999998,0.1358125,0.053925,2.5675,0.01774375,0.0452375,38.786249999999995,0.17590625,0.37268124999999996,47.31625000000001,0.08471875,0.10633125,80.31,0.0,0.03775625,0.71625,0.032343750000000004,0.10540000000000001,0.30625,0.053925,0.0,0.6041937500000001
93,98,2001-11-20,1,1,2001-02,Los Angeles Clippers,Los Angeles Lakers,0,0.5056833333333333,0.04449444444444444,0.3287055555555556,0.13248888888888888,0.23169999999999996,0.06836111111111111,0.16333333333333333,0.07905555555555557,0.08183333333333334,0.9777777777777779,0.014827777777777777,0.057300000000000004,24.979999999999997,0.16434444444444446,0.3570333333333334,46.208888888888886,0.13248888888888888,0.16655555555555554,80.01444444444445,0.0,0.03239444444444444,0.38222222222222224,0.03608333333333333,0.12973333333333334,0.2911111111111111,0.08183333333333334,0.0,0.5338666666666667,0.5193875,0.08245,0.31691250000000004,0.12001875,0.2132,0.05315625,0.16004374999999998,0.1129125,0.07967500000000001,1.4387499999999998,0.0274875,0.07476250000000001,36.084999999999994,0.15845625,0.3136125,50.59124999999999,0.12001875,0.176275,66.99625,0.0,0.04803125,0.60875,0.040918750000000004,0.12293125,0.3525,0.07967500000000001,0.0,0.596075
106,102,2001-11-20,1,1,2001-02,Indiana Pacers,Atlanta Hawks,1,0.5067549999999998,0.082215,0.321795,0.10274000000000001,0.21718,0.06057,0.156605,0.13235,0.07524499999999999,1.9369999999999998,0.02741,0.07177,38.926,0.160895,0.343225,46.956999999999994,0.10274000000000001,0.12481999999999997,82.745,0.0,0.04410499999999999,0.635,0.027154999999999995,0.120505,0.22800000000000004,0.07524499999999999,0.0,0.6035250000000001,0.4347666666666667,0.04078888888888889,0.2924333333333333,0.10154444444444444,0.22754444444444444,0.0637888888888889,0.16375555555555554,0.07618333333333334,0.08117777777777778,0.9755555555555557,0.013588888888888888,0.05393888888888889,25.787777777777777,0.14622222222222223,0.35053888888888896,41.81555555555556,0.10154444444444444,0.13863888888888887,73.18444444444444,0.0,0.03987777777777778,0.5011111111111111,0.026716666666666666,0.11636666666666667,0.22555555555555554,0.08117777777777778,0.0,0.4421611111111111
110,93,2001-11-21,1,1,2001-02,San Antonio Spurs,Seattle SuperSonics,1,0.5228875000000001,0.1363625,0.26043125,0.1260875,0.2085625,0.06286875,0.14568750000000003,0.10023750000000001,0.06873125,1.5424999999999998,0.045462499999999996,0.09635,45.95375000000001,0.1302125,0.29366875,44.76625,0.1260875,0.1767625,71.05,0.0,0.033343750000000005,0.47375,0.03470625,0.1077125,0.32375000000000004,0.06873125,0.0,0.5659625,0.4883681818181818,0.1119818181818182,0.2956136363636364,0.08076818181818184,0.2192909090909091,0.06491363636363635,0.15437727272727272,0.11762727272727273,0.0774090909090909,1.5881818181818181,0.03733636363636364,0.09090454545454546,40.308181818181815,0.14780454545454544,0.33439090909090907,44.39818181818181,0.08076818181818184,0.11056818181818183,73.58181818181819,0.0,0.04286818181818181,0.5627272727272726,0.021381818181818182,0.13125454545454548,0.16636363636363635,0.0774090909090909,0.0,0.54215
78,89,2001-11-21,1,1,2001-02,Charlotte Hornets,Dallas Mavericks,0,0.4712111111111111,0.08606666666666665,0.2769666666666667,0.10817777777777776,0.21009444444444444,0.04894444444444444,0.16115000000000002,0.08831111111111113,0.07235,1.3344444444444445,0.02869444444444445,0.06794444444444445,43.215555555555554,0.13848333333333332,0.31571111111111105,43.88777777777778,0.10817777777777776,0.13970555555555558,77.82888888888888,0.0,0.031544444444444444,0.44333333333333336,0.0293,0.11615,0.2566666666666667,0.07235,0.0,0.5100888888888888,0.48458499999999993,0.10021,0.28493999999999997,0.09943500000000001,0.20329000000000003,0.045919999999999996,0.157365,0.109405,0.06340499999999999,1.764,0.0334,0.094755,35.116,0.142465,0.305685,46.648,0.09943500000000001,0.12688499999999997,79.423,0.0,0.03808,0.6209999999999999,0.023175000000000005,0.09441999999999999,0.24900000000000003,0.06340499999999999,0.0,0.5430950000000001
94,89,2001-11-21,1,1,2001-02,Philadelphia 76ers,Detroit Pistons,1,0.40524999999999994,0.05179444444444444,0.27338888888888885,0.08006111111111111,0.2141277777777778,0.06734444444444446,0.14678333333333332,0.08810555555555558,0.09515555555555556,0.9644444444444444,0.01726111111111111,0.049405555555555564,36.21,0.13668888888888892,0.32055,42.59777777777778,0.08006111111111111,0.10876111111111111,73.33555555555556,0.0,0.0272,0.30444444444444446,0.0228,0.10532222222222222,0.21777777777777774,0.09515555555555556,0.0,0.41762777777777776,0.4747642857142857,0.10650714285714284,0.27685714285714286,0.09140000000000001,0.20548571428571427,0.0399,0.1655785714285714,0.11234285714285715,0.0851857142857143,1.5071428571428573,0.03550714285714286,0.09255000000000001,38.18571428571429,0.1384357142857143,0.28801428571428567,48.24285714285714,0.09140000000000001,0.10707142857142857,87.02285714285713,0.0,0.044785714285714276,0.5357142857142857,0.03616428571428571,0.10775714285714286,0.3371428571428572,0.0851857142857143,0.0,0.5660428571428572
101,94,2001-11-21,1,1,2001-02,Cleveland Cavaliers,Memphis Grizzlies,1,0.43687777777777786,0.04761666666666667,0.2946444444444445,0.0946111111111111,0.21336666666666668,0.05438333333333333,0.1589888888888889,0.09941666666666665,0.07658333333333334,1.3622222222222224,0.01587777777777778,0.05262777777777777,32.38333333333333,0.14732777777777778,0.3458277777777778,42.68555555555556,0.0946111111111111,0.12170555555555557,77.40444444444445,0.0,0.027705555555555553,0.37444444444444447,0.02896111111111111,0.10410555555555556,0.2944444444444445,0.07658333333333334,0.0,0.4673833333333334,0.44565000000000005,0.0852875,0.26501874999999997,0.09534374999999999,0.2329625,0.07265,0.16030624999999998,0.10274375,0.09236250000000001,1.3199999999999998,0.02843125,0.10391875,26.255000000000003,0.13250625,0.30994374999999996,42.698750000000004,0.09534374999999999,0.13895625,68.14500000000001,0.0,0.040287500000000004,0.47500000000000003,0.026868749999999997,0.11265625000000001,0.23750000000000002,0.09236250000000001,0.0,0.45960625
96,92,2001-11-21,1,1,2001-02,Milwaukee Bucks,Chicago Bulls,1,0.5334499999999999,0.13783333333333334,0.28991666666666666,0.10569166666666667,0.17285833333333334,0.04349999999999999,0.12935833333333333,0.12091666666666667,0.0631,1.9516666666666664,0.04595000000000001,0.106225,42.919999999999995,0.14495833333333333,0.284575,50.835,0.10569166666666667,0.13037500000000002,79.13166666666667,0.0,0.05303333333333333,0.8650000000000001,0.01944166666666667,0.12054166666666666,0.16833333333333333,0.0631,0.0,0.6120249999999999,0.3948277777777778,0.02689444444444445,0.28119444444444447,0.08672777777777779,0.19644444444444442,0.04941111111111111,0.14704444444444442,0.10175000000000001,0.08042777777777779,1.3933333333333335,0.008972222222222222,0.0444,18.09111111111111,0.1406,0.3342111111111111,42.39,0.08672777777777779,0.12738888888888888,68.0911111111111,0.0,0.03865,0.5144444444444445,0.02196666666666667,0.11011666666666668,0.19999999999999998,0.08042777777777779,0.0,0.40350555555555556
95,83,2001-11-21,1,1,2001-02,Sacramento Kings,Portland Trail Blazers,1,0.517245,0.08087,0.336835,0.099525,0.2364,0.06550500000000001,0.170895,0.120335,0.07291500000000001,1.796,0.02696,0.07799999999999999,34.992,0.168415,0.345375,48.834,0.099525,0.138855,72.09,0.0,0.040955000000000005,0.595,0.024725,0.099805,0.253,0.07291500000000001,0.0,0.599425,0.4687849999999999,0.07975,0.29990500000000003,0.08913000000000001,0.197625,0.05178000000000001,0.145835,0.11524000000000001,0.07376999999999997,1.6509999999999998,0.026580000000000003,0.07607,37.207,0.14995000000000003,0.31798499999999996,47.547000000000004,0.08913000000000001,0.11612,76.81300000000002,0.0,0.038475,0.5349999999999999,0.029525000000000003,0.117245,0.253,0.07376999999999997,0.0,0.53135
85,92,2001-11-21,1,1,2001-02,Boston Celtics,Atlanta Hawks,0,0.5044928571428572,0.14299285714285714,0.2583642857142857,0.10312142857142856,0.2294642857142857,0.06375714285714286,0.16570714285714286,0.11561428571428571,0.06677857142857142,1.8142857142857143,0.04766428571428571,0.10747857142857142,44.51571428571429,0.1291857142857143,0.31006428571428574,41.67714285714286,0.10312142857142856,0.1369357142857143,75.69142857142857,0.0,0.03960000000000001,0.6100000000000001,0.017300000000000003,0.09335714285714285,0.17999999999999997,0.06677857142857142,0.0,0.5651857142857143,0.43716499999999997,0.04215,0.293315,0.10169999999999998,0.22623,0.06341000000000001,0.16281999999999996,0.07806500000000001,0.082185,0.9880000000000001,0.01404,0.053735,26.599,0.14666,0.34861000000000003,42.226000000000006,0.10169999999999998,0.13827499999999998,73.61699999999999,0.0,0.039330000000000004,0.48999999999999994,0.02617,0.11498000000000001,0.225,0.082185,0.0,0.44657
96,72,2001-11-21,1,1,2001-02,Phoenix Suns,New York Knicks,1,0.502805,0.06892999999999999,0.34521999999999997,0.08865,0.21844000000000002,0.059719999999999995,0.15872,0.118905,0.07908500000000002,1.6179999999999999,0.022975,0.06395999999999999,34.584999999999994,0.17260999999999999,0.35545499999999997,48.75899999999999,0.08865,0.10952000000000002,80.94200000000001,0.0,0.047994999999999996,0.6639999999999999,0.019905,0.12651500000000002,0.16299999999999998,0.07908500000000002,0.0,0.584265,0.4413409090909091,0.08423636363636364,0.2536,0.10350909090909091,0.20552727272727275,0.05430000000000001,0.1512227272727273,0.09233636363636365,0.07418636363636363,1.3045454545454545,0.02807727272727273,0.08465454545454544,33.021818181818176,0.12679545454545454,0.29507272727272726,43.37090909090909,0.10350909090909091,0.14292727272727276,73.07545454545453,0.0,0.036509090909090915,0.5336363636363637,0.01275909090909091,0.10588636363636365,0.11454545454545456,0.07418636363636363,0.0,0.4500181818181818
89,90,2001-11-21,1,1,2001-02,Utah Jazz,New Jersey Nets,0,0.49681,0.04727,0.33366,0.11587,0.20705999999999997,0.059775,0.14728,0.13748,0.096695,1.441,0.01576,0.04990499999999999,31.840000000000003,0.166835,0.333595,50.132,0.11587,0.156725,74.96500000000002,0.0,0.0439,0.46299999999999997,0.03102,0.125895,0.25,0.096695,0.0,0.5777950000000001,0.48417777777777776,0.08363888888888887,0.29738888888888887,0.1031611111111111,0.22985555555555554,0.06996666666666668,0.15990000000000004,0.1103388888888889,0.0733388888888889,1.62,0.02787777777777778,0.07052222222222222,38.69444444444445,0.1486888888888889,0.36211111111111105,41.126666666666665,0.1031611111111111,0.13361666666666666,77.71111111111111,0.0,0.035977777777777775,0.5422222222222223,0.035411111111111115,0.11242222222222223,0.33555555555555555,0.0733388888888889,0.0,0.5359055555555555
117,106,2001-11-21,1,1,2001-02,Orlando Magic,Minnesota Timberwolves,1,0.5333100000000001,0.07814999999999998,0.34187999999999996,0.11327499999999999,0.22228999999999996,0.072695,0.14959499999999998,0.11240999999999998,0.071855,1.6800000000000002,0.02605,0.07644,35.788,0.17094,0.349125,49.446,0.11327499999999999,0.14810500000000001,76.487,0.0,0.04320499999999999,0.615,0.032279999999999996,0.13331999999999997,0.24200000000000005,0.071855,0.0,0.608215,0.4947944444444444,0.0542,0.35425,0.08635,0.21040555555555557,0.054561111111111116,0.15584444444444442,0.13593333333333335,0.055016666666666665,2.5444444444444443,0.01806111111111111,0.04590555555555556,39.038888888888884,0.17712777777777777,0.3721055555555555,47.73777777777779,0.08635,0.10819444444444444,80.43222222222222,0.0,0.03731111111111111,0.7000000000000001,0.03180555555555556,0.10632777777777778,0.2988888888888889,0.055016666666666665,0.0,0.6105333333333334
68,89,2001-11-21,1,1,2001-02,Denver Nuggets,Los Angeles Lakers,0,0.48704000000000003,0.07146499999999999,0.31771,0.09784999999999998,0.22095499999999996,0.07489,0.14608,0.09826000000000001,0.064785,1.558,0.023829999999999997,0.073965,31.879,0.15886,0.35482,44.878,0.09784999999999998,0.12811,77.07600000000001,0.0,0.032249999999999994,0.484,0.023395,0.11199,0.21899999999999994,0.064785,0.0,0.52074,0.5182055555555556,0.08078888888888888,0.3180888888888889,0.1193222222222222,0.2136111111111111,0.05419444444444445,0.15941666666666665,0.1125888888888889,0.07915555555555556,1.4499999999999997,0.026933333333333333,0.07513333333333334,35.25777777777777,0.15904444444444443,0.3148111111111111,50.597777777777765,0.1193222222222222,0.17508888888888888,67.16000000000001,0.0,0.04811111111111111,0.6166666666666667,0.04053888888888889,0.12260555555555556,0.35,0.07915555555555556,0.0,0.5941500000000001
75,78,2001-11-22,1,1,2001-02,Toronto Raptors,Milwaukee Bucks,0,0.494015,0.09155,0.29707999999999996,0.10538500000000002,0.21165999999999996,0.07835500000000002,0.13330999999999998,0.11715,0.07745500000000001,1.863,0.03051999999999999,0.085975,34.499,0.14853999999999998,0.32728,45.260000000000005,0.10538500000000002,0.15334,70.023,0.0,0.050019999999999995,0.7469999999999999,0.038305000000000006,0.12804,0.316,0.07745500000000001,0.0,0.55155,0.5291785714285713,0.13559285714285713,0.2885,0.1050857142857143,0.17449285714285714,0.04402142857142856,0.13047142857142857,0.12037857142857143,0.06296428571428571,1.9485714285714284,0.04520000000000001,0.10533571428571428,42.50285714285714,0.14425,0.2848428571428571,50.55714285714286,0.1050857142857143,0.13052857142857144,78.39,0.0,0.052599999999999994,0.8600000000000001,0.019728571428571432,0.11934285714285713,0.17285714285714285,0.06296428571428571,0.0,0.6072428571428572
90,95,2001-11-22,1,1,2001-02,Los Angeles Clippers,New Jersey Nets,0,0.506805,0.04717,0.32846000000000003,0.13118,0.22902999999999998,0.067215,0.16181,0.08252500000000002,0.08146,1.028,0.015719999999999998,0.057445,26.666999999999994,0.16422,0.3554550000000001,46.385000000000005,0.13118,0.16477499999999998,80.12200000000001,0.0,0.032279999999999996,0.385,0.036474999999999994,0.12757000000000002,0.29900000000000004,0.08146,0.0,0.539105,0.482885,0.08033499999999999,0.301275,0.101285,0.23011999999999996,0.06997,0.16016000000000002,0.11105500000000001,0.073565,1.6179999999999999,0.026780000000000005,0.06947,37.67,0.15063,0.36302499999999993,41.552,0.101285,0.131755,77.375,0.0,0.036254999999999996,0.542,0.036180000000000004,0.11124,0.34700000000000003,0.073565,0.0,0.537375
110,103,2001-11-22,1,1,2001-02,Indiana Pacers,Washington Wizards,1,0.5059681818181817,0.08121818181818181,0.3219727272727273,0.10277272727272728,0.21732272727272728,0.06074545454545455,0.15657272727272728,0.13026363636363636,0.07488181818181817,1.907272727272727,0.027077272727272728,0.0711,38.81454545454546,0.16098636363636365,0.3442409090909091,46.85636363636363,0.10277272727272728,0.1251181818181818,82.58545454545455,0.0,0.0435590909090909,0.6272727272727273,0.027299999999999994,0.11983181818181818,0.23,0.07488181818181817,0.0,0.5999090909090911,0.4581333333333333,0.05748888888888889,0.31316666666666665,0.08747222222222223,0.20197777777777778,0.05447222222222222,0.14751111111111112,0.09758888888888888,0.06585,1.5166666666666666,0.01916111111111111,0.049199999999999994,38.42,0.15658333333333332,0.36121111111111115,43.43333333333333,0.08747222222222223,0.11455,76.78666666666668,0.0,0.04066666666666667,0.6477777777777778,0.01755555555555556,0.11346666666666666,0.16,0.06585,0.0,0.48835
106,99,2001-11-23,1,1,2001-02,Atlanta Hawks,Detroit Pistons,1,0.43980909090909087,0.04462727272727273,0.2943772727272727,0.1008090909090909,0.22498181818181814,0.06310000000000002,0.16188181818181815,0.07971818181818181,0.08289545454545454,1.001818181818182,0.014863636363636364,0.05458636363636363,27.35818181818182,0.14719090909090912,0.3471454545454546,42.59818181818182,0.1008090909090909,0.13644090909090908,74.0690909090909,0.0,0.03882272727272728,0.48090909090909084,0.025722727272727272,0.11390000000000002,0.22454545454545458,0.08289545454545454,0.0,0.45085909090909093,0.47745,0.10889375,0.2788125,0.0897375,0.20464374999999999,0.03913125,0.16550625,0.11322499999999999,0.08344375000000001,1.56875,0.036306250000000005,0.09355625000000001,38.5875,0.13941250000000002,0.28841874999999995,48.50125,0.0897375,0.10594999999999999,86.26875,0.0,0.04442499999999999,0.54375,0.036175,0.10756874999999999,0.33875000000000005,0.08344375000000001,0.0,0.569975
89,91,2001-11-23,1,1,2001-02,Boston Celtics,Toronto Raptors,0,0.50448125,0.14504375,0.25825625,0.10116874999999999,0.22758124999999998,0.06344375000000001,0.16413125,0.11585000000000001,0.06600625,1.8399999999999999,0.04834374999999999,0.10928125,44.40875,0.12913125,0.30849375,41.878750000000004,0.10116874999999999,0.13466250000000002,75.54125,0.0,0.03980625000000001,0.6212500000000001,0.017400000000000002,0.0942625,0.17999999999999997,0.06600625,0.0,0.56531875,0.49177727272727273,0.09499090909090911,0.2939363636363636,0.10285000000000001,0.2123045454545454,0.0774227272727273,0.13488181818181816,0.11706818181818181,0.07677727272727274,1.8509090909090908,0.03166363636363636,0.08719545454545453,35.20363636363636,0.1469681818181818,0.3266727272727273,44.870000000000005,0.10285000000000001,0.14905909090909092,70.40818181818182,0.0,0.04984545454545455,0.7445454545454545,0.03925454545454546,0.12617272727272727,0.3281818181818182,0.07677727272727274,0.0,0.5520363636363635
106,101,2001-11-23,1,1,2001-02,Utah Jazz,Los Angeles Clippers,1,0.4942,0.04587272727272728,0.33230454545454546,0.11601818181818181,0.20601818181818177,0.05951363636363636,0.14650454545454544,0.13606363636363636,0.09642727272727275,1.4354545454545453,0.01529090909090909,0.04895,31.41636363636364,0.16615909090909092,0.33349545454545454,49.92545454545454,0.11601818181818181,0.15616818181818182,75.29727272727274,0.0,0.04365909090909091,0.46181818181818185,0.03155454545454545,0.12535909090909092,0.25727272727272726,0.09642727272727275,0.0,0.5739045454545455,0.5068681818181818,0.04901818181818181,0.3286,0.12925454545454546,0.22758181818181814,0.06661363636363636,0.1609636363636364,0.08565000000000002,0.08138181818181818,1.0690909090909093,0.016336363636363635,0.057563636363636365,27.89636363636363,0.1642909090909091,0.354559090909091,46.52636363636364,0.12925454545454546,0.16212272727272725,80.22363636363637,0.0,0.032354545454545455,0.3890909090909091,0.03639545454545454,0.1258590909090909,0.30272727272727273,0.08138181818181818,0.0,0.5431045454545455
99,81,2001-11-23,1,1,2001-02,Seattle SuperSonics,Houston Rockets,1,0.48730416666666665,0.11155833333333336,0.2955625,0.08018333333333334,0.21825833333333333,0.06424583333333334,0.1540125,0.1162625,0.07746666666666667,1.5658333333333332,0.03719166666666667,0.09129583333333334,39.9875,0.14777916666666666,0.3330333333333333,44.592499999999994,0.08018333333333334,0.10932083333333333,73.84916666666668,0.0,0.04257916666666667,0.5575,0.0211625,0.12937916666666668,0.16666666666666666,0.07746666666666667,0.0,0.539575,0.4616954545454545,0.0840681818181818,0.2872272727272727,0.0904,0.2362363636363636,0.06524545454545455,0.17099545454545456,0.0936818181818182,0.06935454545454546,1.4581818181818185,0.028022727272727276,0.08938636363636364,32.419090909090905,0.14362272727272726,0.3264136363636364,44.191818181818185,0.0904,0.12421818181818182,73.10181818181819,0.0,0.03797272727272727,0.5636363636363637,0.019795454545454547,0.09193636363636362,0.21818181818181814,0.06935454545454546,0.0,0.502059090909091
106,90,2001-11-23,1,1,2001-02,Los Angeles Lakers,Golden State Warriors,1,0.5168250000000001,0.07946,0.31940500000000005,0.11794999999999997,0.21381,0.054900000000000004,0.15891499999999997,0.11264,0.07874,1.4629999999999996,0.026490000000000003,0.07524500000000002,34.705,0.1597,0.31620499999999996,50.600999999999985,0.11794999999999997,0.17351999999999998,67.09,0.0,0.048175,0.623,0.04036,0.12159500000000001,0.351,0.07874,0.0,0.5922350000000001,0.47821363636363634,0.04812272727272727,0.3196454545454546,0.11043636363636365,0.24582272727272725,0.08564545454545455,0.16016818181818182,0.10193636363636366,0.09095909090909092,1.1563636363636363,0.016036363636363633,0.041804545454545455,38.82181818181818,0.15982727272727273,0.3734454545454545,43.04545454545455,0.11043636363636365,0.1567727272727273,71.47000000000001,0.0,0.03870909090909091,0.4418181818181818,0.03489090909090909,0.10970000000000003,0.33272727272727276,0.09095909090909092,0.0,0.5228772727272727
79,68,2001-11-23,1,1,2001-02,Philadelphia 76ers,Cleveland Cavaliers,1,0.40828499999999995,0.04998999999999999,0.27754999999999996,0.080745,0.21484,0.067485,0.14735499999999999,0.08873500000000002,0.09358000000000001,0.9969999999999999,0.01666,0.04934000000000001,35.081,0.13877,0.322685,42.946,0.080745,0.10926,73.551,0.0,0.02898,0.335,0.02227,0.10485,0.213,0.09358000000000001,0.0,0.424425,0.4370000000000001,0.049045,0.2939300000000001,0.094025,0.21334,0.055005000000000005,0.15834,0.10016499999999999,0.07605,1.3830000000000002,0.01635,0.053115,32.501,0.14697,0.345495,42.6,0.094025,0.12116,77.26000000000002,0.0,0.027624999999999993,0.375,0.028254999999999995,0.10444500000000001,0.28900000000000003,0.07605,0.0,0.46789500000000006
94,104,2001-11-23,1,1,2001-02,Miami Heat,Dallas Mavericks,0,0.4329777777777778,0.05497777777777778,0.29520555555555555,0.08279444444444446,0.20017222222222222,0.05486666666666667,0.14529444444444442,0.09783888888888889,0.08351666666666668,1.1900000000000002,0.018327777777777776,0.04373333333333333,53.215555555555554,0.1476,0.3411333333333333,43.28111111111111,0.08279444444444446,0.11772777777777778,70.78444444444443,0.0,0.03166111111111111,0.4066666666666667,0.037255555555555556,0.1357611111111111,0.2777777777777778,0.08351666666666668,0.0,0.4625000000000001,0.48484999999999995,0.09809090909090909,0.2883545454545455,0.09840454545454547,0.20339090909090912,0.04663181818181817,0.15675,0.10866363636363637,0.06292272727272727,1.7618181818181817,0.0326909090909091,0.09375454545454547,34.74727272727272,0.14417272727272729,0.3080681818181818,46.83090909090909,0.09840454545454547,0.12552272727272726,79.41727272727273,0.0,0.037686363636363636,0.6154545454545454,0.02339545454545455,0.0951,0.25,0.06292272727272727,0.0,0.5429863636363638
79,97,2001-11-23,1,1,2001-02,Indiana Pacers,San Antonio Spurs,0,0.5063041666666666,0.0810125,0.32212083333333336,0.10316666666666667,0.2178041666666667,0.0607875,0.15701666666666667,0.12867916666666665,0.074425,1.8899999999999997,0.027008333333333332,0.07069583333333333,38.93750000000001,0.1610625,0.34539583333333335,46.724999999999994,0.10316666666666667,0.12583749999999996,82.4575,0.0,0.04289583333333333,0.6191666666666668,0.027575,0.11911666666666666,0.23416666666666672,0.074425,0.0,0.5981458333333335,0.5211111111111112,0.13496111111111112,0.26177222222222224,0.12436666666666667,0.20830555555555558,0.06227222222222222,0.14602777777777778,0.10070000000000001,0.06852777777777777,1.5566666666666664,0.04499444444444444,0.09487777777777778,46.235555555555564,0.13088333333333335,0.2945111111111111,44.88,0.12436666666666667,0.17413333333333333,71.22888888888889,0.0,0.033594444444444455,0.47777777777777775,0.034461111111111116,0.10671666666666667,0.3244444444444445,0.06852777777777777,0.0,0.5663444444444444
89,103,2001-11-23,1,1,2001-02,Memphis Grizzlies,Phoenix Suns,0,0.4466888888888889,0.08497777777777778,0.2675166666666666,0.09419444444444443,0.2303444444444444,0.0719388888888889,0.15839444444444442,0.10376111111111111,0.09057222222222223,1.3588888888888888,0.028327777777777778,0.1024388888888889,26.65777777777778,0.13375555555555554,0.31147777777777774,42.90444444444445,0.09419444444444443,0.13761666666666666,68.06777777777779,0.0,0.04039444444444445,0.48666666666666664,0.027427777777777773,0.11187222222222222,0.24444444444444446,0.09057222222222223,0.0,0.46277222222222225,0.5015863636363636,0.06794545454545454,0.3462227272727273,0.08740909090909091,0.21784545454545456,0.05940454545454545,0.15843636363636363,0.11860454545454545,0.0784318181818182,1.6236363636363635,0.02265,0.06377272727272726,34.052727272727275,0.1731090909090909,0.35518636363636363,48.91999999999999,0.08740909090909091,0.10860000000000002,80.44909090909091,0.0,0.04766818181818182,0.6609090909090909,0.019799999999999998,0.12506818181818183,0.16454545454545452,0.0784318181818182,0.0,0.5826863636363637
99,109,2001-11-23,1,1,2001-02,Charlotte Hornets,Orlando Magic,0,0.4694,0.08364999999999997,0.279395,0.10635999999999998,0.209585,0.049675000000000004,0.15991,0.08785500000000002,0.072175,1.3370000000000002,0.027885000000000004,0.06696,42.585,0.13969499999999999,0.31794999999999995,43.963,0.10635999999999998,0.13792500000000002,77.49999999999999,0.0,0.03164,0.44800000000000006,0.029059999999999996,0.11591,0.25600000000000006,0.072175,0.0,0.506455,0.5305636363636365,0.07888636363636362,0.3381863636363636,0.11348636363636362,0.22225454545454545,0.07279090909090909,0.14945909090909087,0.11145454545454546,0.0710590909090909,1.6827272727272728,0.026295454545454545,0.07755909090909091,35.39636363636364,0.1690909090909091,0.3497727272727273,48.79545454545455,0.11348636363636362,0.14776818181818185,76.84636363636363,0.0,0.04234545454545454,0.609090909090909,0.0319,0.1323363636363636,0.24090909090909093,0.0710590909090909,0.0,0.6012181818181818
97,90,2001-11-23,1,1,2001-02,Portland Trail Blazers,Denver Nuggets,1,0.4706590909090908,0.07829545454545454,0.3026409090909091,0.08971818181818182,0.19795454545454544,0.05309545454545455,0.14485,0.1153909090909091,0.07354090909090907,1.6727272727272726,0.026095454545454547,0.07597272727272728,36.45454545454545,0.15131818181818185,0.31822272727272727,47.940000000000005,0.08971818181818182,0.11664545454545454,76.96272727272729,0.0,0.03906818181818182,0.5527272727272727,0.02825909090909091,0.11607727272727274,0.24363636363636365,0.07354090909090907,0.0,0.5340681818181818,0.4866818181818182,0.07161363636363637,0.31894090909090905,0.09611363636363635,0.2208681818181818,0.07495454545454545,0.1459272727272727,0.0997818181818182,0.0640090909090909,1.6018181818181818,0.02388181818181818,0.07394545454545455,31.961818181818185,0.15947272727272727,0.3553454545454546,45.00272727272727,0.09611363636363635,0.12612272727272728,76.79636363636365,0.0,0.0321,0.49,0.02388181818181818,0.11231818181818182,0.22181818181818178,0.0640090909090909,0.0,0.5233454545454546
78,71,2001-11-24,1,1,2001-02,New York Knicks,Chicago Bulls,1,0.4401375,0.08205833333333333,0.2558,0.10227916666666666,0.20522500000000002,0.053475,0.15174583333333333,0.09287083333333335,0.07435833333333333,1.3099999999999998,0.02735416666666667,0.08244166666666665,33.0575,0.12789583333333332,0.29694166666666666,43.45166666666666,0.10227916666666666,0.14055000000000004,73.49083333333333,0.0,0.03664166666666668,0.535,0.013154166666666666,0.10612500000000001,0.11833333333333335,0.07435833333333333,0.0,0.45126666666666665,0.39722,0.026455000000000006,0.2837,0.08705500000000001,0.19629999999999997,0.04928,0.14703,0.10226500000000001,0.08057500000000001,1.4120000000000001,0.008825,0.04315,18.293,0.14185,0.336165,42.477,0.08705500000000001,0.12771,68.154,0.0,0.03891,0.5229999999999999,0.021645,0.11048,0.19699999999999998,0.08057500000000001,0.0,0.406465
101,103,2001-11-24,1,1,2001-02,Orlando Magic,Charlotte Hornets,0,0.5281750000000001,0.08012499999999999,0.3340666666666667,0.11397916666666665,0.22211666666666666,0.07281666666666665,0.1492958333333333,0.11070833333333334,0.0701875,1.6908333333333336,0.026708333333333334,0.07859583333333332,35.19833333333333,0.16703333333333334,0.3497416666666667,48.17916666666667,0.11397916666666665,0.14769583333333336,77.24166666666666,0.0,0.04162916666666666,0.6058333333333333,0.03153333333333334,0.13151666666666664,0.23916666666666672,0.0701875,0.0,0.5956499999999999,0.4675227272727272,0.0813272727272727,0.2810409090909091,0.10515454545454544,0.2093409090909091,0.0504409090909091,0.15889545454545453,0.08759545454545456,0.0720909090909091,1.34,0.027113636363636364,0.06541818181818183,42.370909090909095,0.1405181818181818,0.32000909090909085,43.943636363636365,0.10515454545454544,0.13686363636363638,77.17454545454544,0.0,0.03154545454545455,0.45,0.028577272727272725,0.11571363636363637,0.2527272727272728,0.0720909090909091,0.0,0.5029681818181818
91,84,2001-11-24,1,1,2001-02,Detroit Pistons,Memphis Grizzlies,1,0.47946666666666665,0.11075,0.27991666666666665,0.08879444444444445,0.20378333333333332,0.038533333333333336,0.16523888888888888,0.11404444444444445,0.08160555555555556,1.6266666666666667,0.03692777777777778,0.09455000000000001,38.84,0.13996666666666668,0.2885277777777777,48.66444444444445,0.08879444444444445,0.10591111111111111,85.30777777777777,0.0,0.04399999999999999,0.5522222222222222,0.03604444444444445,0.10769999999999999,0.3388888888888889,0.08160555555555556,0.0,0.5724111111111111,0.44702000000000003,0.08417,0.269265,0.09358499999999999,0.22725,0.07112,0.15611499999999998,0.10463499999999999,0.08939000000000001,1.386,0.028055000000000004,0.100445,27.078000000000003,0.13463,0.312455,43.06700000000001,0.09358499999999999,0.136605,68.21100000000001,0.0,0.040915,0.499,0.027934999999999998,0.11081,0.252,0.08939000000000001,0.0,0.46512000000000003
88,84,2001-11-24,1,1,2001-02,Washington Wizards,Boston Celtics,1,0.45763,0.055865,0.31247499999999995,0.089285,0.20134,0.054715,0.14663500000000002,0.09657999999999999,0.065705,1.513,0.01862,0.048339999999999994,37.98100000000001,0.15623499999999998,0.36109,43.366,0.089285,0.115785,77.57300000000001,0.0,0.03985000000000001,0.643,0.017550000000000003,0.11330999999999998,0.16099999999999998,0.065705,0.0,0.486205,0.5028722222222223,0.14580555555555555,0.2585888888888889,0.09847222222222221,0.22659999999999997,0.06382777777777777,0.1627722222222222,0.11561666666666667,0.0652,1.8588888888888886,0.04859444444444443,0.11144444444444443,43.90111111111111,0.12929444444444446,0.30720555555555557,42.11222222222223,0.09847222222222221,0.13192222222222225,75.06888888888889,0.0,0.039894444444444455,0.6300000000000001,0.01768888888888889,0.09552222222222223,0.18111111111111108,0.0652,0.0,0.5632722222222222
98,97,2001-11-24,1,1,2001-02,Sacramento Kings,New Jersey Nets,1,0.5163590909090909,0.08084545454545454,0.3366681818181818,0.09883181818181819,0.2361590909090909,0.06540454545454545,0.17075909090909092,0.11967727272727272,0.07305,1.7909090909090908,0.026954545454545453,0.07761363636363636,35.04363636363636,0.1683318181818182,0.3457954545454545,48.73454545454546,0.09883181818181819,0.13759545454545455,72.26363636363637,0.0,0.04120909090909091,0.6009090909090908,0.02440909090909091,0.09942272727272727,0.2518181818181819,0.07305,0.0,0.5978863636363637,0.4819409090909091,0.07780454545454545,0.3046818181818182,0.09946363636363637,0.23101818181818182,0.07014545454545454,0.1608818181818182,0.11146818181818183,0.07420454545454545,1.6118181818181818,0.025936363636363643,0.06895000000000001,36.76909090909091,0.15233636363636363,0.36383181818181815,41.92545454545454,0.09946363636363637,0.12995,77.02363636363636,0.0,0.036709090909090906,0.5418181818181819,0.03726363636363636,0.11039090909090911,0.3590909090909091,0.07420454545454545,0.0,0.5392045454545454
99,94,2001-11-24,1,1,2001-02,Minnesota Timberwolves,San Antonio Spurs,1,0.496875,0.05459000000000001,0.355825,0.086465,0.21180500000000002,0.054915000000000005,0.156885,0.1349,0.05570499999999999,2.5119999999999996,0.018195,0.046005000000000004,39.449999999999996,0.177915,0.37201999999999996,47.98400000000001,0.086465,0.10825,80.423,0.0,0.03708,0.6920000000000001,0.03125000000000001,0.10688500000000001,0.29200000000000004,0.05570499999999999,0.0,0.61248,0.51981,0.134025,0.264095,0.12167999999999998,0.20847500000000002,0.061985,0.14648500000000003,0.10169000000000002,0.068675,1.5699999999999998,0.044684999999999996,0.09426500000000002,46.293000000000006,0.13204500000000002,0.295,45.228,0.12167999999999998,0.17053,71.276,0.0,0.03386000000000001,0.48,0.03457500000000001,0.105855,0.328,0.068675,0.0,0.568335
119,104,2001-11-24,1,1,2001-02,Dallas Mavericks,Phoenix Suns,1,0.4848124999999999,0.09663333333333333,0.29067916666666666,0.09749583333333334,0.2033166666666667,0.04753749999999999,0.15577083333333333,0.10773333333333333,0.06210416666666666,1.7699999999999998,0.03220833333333333,0.09292083333333334,34.55583333333333,0.14533333333333334,0.3105208333333333,46.82916666666667,0.09749583333333334,0.1237625,79.74,0.0,0.03725416666666667,0.6166666666666666,0.0236875,0.09545833333333333,0.2525,0.06210416666666666,0.0,0.5425291666666667,0.5003624999999999,0.06744166666666666,0.3467458333333333,0.08616666666666667,0.21714166666666668,0.05893333333333333,0.15819999999999998,0.11867083333333332,0.0779875,1.63,0.022479166666666665,0.06382499999999999,33.744166666666665,0.17337083333333334,0.3545958333333333,49.066666666666656,0.08616666666666667,0.10736250000000001,80.17750000000001,0.0,0.047758333333333326,0.6633333333333332,0.019920833333333332,0.12402083333333336,0.16666666666666666,0.0779875,0.0,0.5820958333333334
95,88,2001-11-24,1,1,2001-02,Milwaukee Bucks,Atlanta Hawks,1,0.5256062499999999,0.13294375,0.28821874999999997,0.10445,0.17565,0.04421874999999999,0.13142500000000001,0.12001875000000001,0.06283124999999999,1.9474999999999998,0.04431250000000001,0.10419999999999999,42.012499999999996,0.14410625,0.28525,50.443749999999994,0.10445,0.1304625,77.85125000000001,0.0,0.052274999999999995,0.8562500000000001,0.019918750000000002,0.11841249999999999,0.175,0.06283124999999999,0.0,0.6036,0.4423249999999999,0.04809583333333334,0.29411666666666664,0.10011666666666667,0.2240458333333333,0.062375000000000014,0.16167499999999999,0.0808875,0.0834375,1.0116666666666667,0.016020833333333335,0.05602916666666666,28.334166666666665,0.14705833333333335,0.3443083333333334,42.93166666666667,0.10011666666666667,0.1348625,74.51,0.0,0.03824583333333333,0.47083333333333327,0.025612499999999996,0.11263750000000002,0.22750000000000004,0.0834375,0.0,0.4556833333333334
100,96,2001-11-24,1,1,2001-02,Cleveland Cavaliers,Miami Heat,1,0.43891818181818193,0.05140454545454545,0.29448181818181823,0.09303181818181817,0.2129227272727273,0.05551363636363637,0.15740909090909092,0.10162727272727272,0.07595454545454546,1.4045454545454548,0.017136363636363637,0.05385454545454546,32.95545454545454,0.14724545454545454,0.3447681818181818,42.75727272727273,0.09303181818181817,0.11997272727272729,77.21272727272729,0.0,0.028013636363636355,0.3790909090909091,0.027786363636363633,0.10483636363636363,0.2854545454545455,0.07595454545454546,0.0,0.4721227272727273,0.42949000000000004,0.05417000000000001,0.29556,0.07976500000000002,0.20003,0.054005000000000004,0.14601499999999998,0.09761500000000001,0.08316500000000002,1.193,0.018054999999999998,0.04461,50.642,0.14778,0.34052,43.416,0.07976500000000002,0.114515,69.832,0.0,0.03149500000000001,0.406,0.036219999999999995,0.13331,0.274,0.08316500000000002,0.0,0.45762500000000006
105,98,2001-11-25,1,1,2001-02,Los Angeles Lakers,Denver Nuggets,1,0.5141045454545455,0.07888181818181818,0.3194590909090909,0.11574999999999998,0.2148818181818182,0.05599090909090909,0.15889999999999996,0.1129090909090909,0.07851363636363637,1.4745454545454544,0.0263,0.07533636363636366,34.53636363636363,0.15972727272727272,0.31740454545454544,50.42727272727271,0.11574999999999998,0.1712681818181818,66.74000000000001,0.0,0.047886363636363644,0.6227272727272727,0.03992727272727273,0.12048636363636364,0.35,0.07851363636363637,0.0,0.5889636363636365,0.48508333333333337,0.07205416666666666,0.31840416666666665,0.09461249999999999,0.22084583333333332,0.0750625,0.1458,0.10068333333333335,0.06325833333333333,1.635,0.024025,0.07408333333333333,32.135000000000005,0.15920416666666667,0.35568333333333335,44.902499999999996,0.09461249999999999,0.1243625,76.61500000000001,0.0,0.03208333333333333,0.4975,0.024391666666666662,0.11264583333333333,0.22499999999999995,0.06325833333333333,0.0,0.5235333333333333
107,88,2001-11-25,1,1,2001-02,Toronto Raptors,Philadelphia 76ers,1,0.48813750000000006,0.09691666666666669,0.2911083333333333,0.10011250000000001,0.21216249999999995,0.07654583333333335,0.13562083333333333,0.11622083333333333,0.07605416666666669,1.8333333333333333,0.03230833333333333,0.08815833333333334,35.50333333333334,0.14555416666666665,0.32606666666666667,44.528333333333336,0.10011250000000001,0.14460416666666667,70.73583333333333,0.0,0.04975416666666666,0.745,0.03931666666666667,0.12367916666666666,0.33666666666666667,0.07605416666666669,0.0,0.5486916666666666,0.4117954545454545,0.04868181818181818,0.2808409090909091,0.08226818181818182,0.21570909090909093,0.0675409090909091,0.14816363636363636,0.0895318181818182,0.09183636363636363,1.0318181818181815,0.016227272727272726,0.04922727272727274,34.34090909090909,0.14041818181818183,0.3247681818181818,43.169090909090905,0.08226818181818182,0.11074545454545454,73.78727272727272,0.0,0.03060909090909091,0.3645454545454545,0.021890909090909093,0.10423636363636364,0.21,0.09183636363636363,0.0,0.43186363636363634
90,83,2001-11-25,1,1,2001-02,Los Angeles Clippers,Houston Rockets,1,0.5059291666666667,0.05009166666666665,0.32882083333333334,0.127025,0.2258583333333333,0.06580416666666666,0.16005,0.08772916666666668,0.081425,1.096666666666667,0.016691666666666664,0.05787083333333334,28.6425,0.16440000000000002,0.3536583333333334,46.682500000000005,0.127025,0.15939583333333332,80.16083333333334,0.0,0.032575,0.39333333333333337,0.0359125,0.12453750000000001,0.3016666666666667,0.081425,0.0,0.5437833333333333,0.4615041666666666,0.08393749999999998,0.2863125,0.09125,0.23384166666666664,0.06439166666666667,0.16945416666666668,0.09300833333333336,0.06945833333333333,1.4408333333333336,0.02797916666666667,0.08959583333333333,32.20416666666666,0.1431625,0.3234291666666667,44.461666666666666,0.09125,0.12485833333333334,73.44,0.0,0.03767499999999999,0.5583333333333335,0.019762500000000002,0.0908375,0.21999999999999997,0.06945833333333333,0.0,0.5008458333333333
101,85,2001-11-25,1,1,2001-02,Golden State Warriors,New Jersey Nets,1,0.4754958333333333,0.04895416666666667,0.31665416666666674,0.10987916666666668,0.24575416666666663,0.08548750000000001,0.1602583333333333,0.10167083333333334,0.09103750000000001,1.1583333333333332,0.016316666666666663,0.04285416666666667,38.64833333333333,0.15833333333333335,0.37165,42.840833333333336,0.10987916666666668,0.15558333333333338,71.56583333333334,0.0,0.03855833333333333,0.43916666666666665,0.03448333333333334,0.10977500000000003,0.32833333333333337,0.09103750000000001,0.0,0.5193541666666667,0.4811541666666667,0.0755375,0.30752083333333335,0.0981,0.23207916666666664,0.07034166666666666,0.16174583333333337,0.11192083333333334,0.07494583333333334,1.6033333333333335,0.025183333333333335,0.06867083333333333,35.89166666666667,0.15375833333333333,0.363825,42.3075,0.0981,0.1289125,76.635,0.0,0.037295833333333334,0.5425000000000001,0.03795833333333333,0.10978333333333334,0.3666666666666667,0.07494583333333334,0.0,0.5410958333333333
99,88,2001-11-25,1,1,2001-02,Seattle SuperSonics,Indiana Pacers,1,0.4867884615384615,0.11062307692307694,0.29686538461538464,0.07930384615384617,0.2164230769230769,0.06353461538461538,0.15288846153846153,0.11520384615384617,0.07732307692307691,1.5515384615384613,0.03687692307692308,0.09119615384615386,39.676153846153845,0.1484307692307692,0.3319846153846153,44.943846153846145,0.07930384615384617,0.10783461538461539,73.99538461538462,0.0,0.042234615384615384,0.553076923076923,0.020880769230769234,0.12769615384615385,0.16692307692307692,0.07732307692307691,0.0,0.5377807692307692,0.5062999999999999,0.08040384615384616,0.32253461538461536,0.10335384615384614,0.21859615384615386,0.06096538461538462,0.1576307692307692,0.12753076923076923,0.07393846153846154,1.8838461538461535,0.026807692307692307,0.07011153846153848,38.923846153846156,0.16126923076923075,0.34666538461538465,46.61153846153846,0.10335384615384614,0.12654230769230768,82.13461538461539,0.0,0.04219230769230769,0.6107692307692308,0.027615384615384615,0.11807692307692307,0.23692307692307696,0.07393846153846154,0.0,0.5964115384615385
104,111,2001-11-26,1,1,2001-02,Utah Jazz,Phoenix Suns,0,0.49166249999999995,0.04439166666666667,0.3312791666666667,0.11598333333333333,0.20577499999999996,0.059658333333333334,0.1461208333333333,0.13498333333333332,0.09620416666666669,1.4316666666666666,0.014799999999999999,0.04794583333333333,30.924166666666668,0.16564583333333335,0.33450416666666666,49.633333333333326,0.11598333333333333,0.15549583333333336,75.55750000000002,0.0,0.04382083333333334,0.46416666666666667,0.032049999999999995,0.12444583333333335,0.26416666666666666,0.09620416666666669,0.0,0.5705583333333334,0.49884230769230764,0.0670153846153846,0.3469961538461538,0.08482692307692309,0.21630384615384615,0.05839230769230768,0.1579076923076923,0.11829230769230768,0.07809615384615384,1.6207692307692307,0.022334615384615383,0.06381923076923077,33.50923076923077,0.17349615384615383,0.3539038461538461,49.19692307692306,0.08482692307692309,0.10578846153846154,80.12538461538462,0.0,0.04783461538461538,0.6623076923076923,0.02007307692307692,0.12318076923076925,0.1692307692307692,0.07809615384615384,0.0,0.580396153846154
98,94,2001-11-26,1,1,2001-02,Memphis Grizzlies,Sacramento Kings,1,0.4475181818181818,0.08401818181818183,0.27115,0.09234999999999999,0.22363636363636363,0.07028181818181818,0.15334090909090906,0.10563181818181816,0.08813636363636365,1.4145454545454543,0.02800454545454546,0.09870000000000001,27.63727272727273,0.1355727272727273,0.31365,43.221818181818186,0.09234999999999999,0.13509545454545455,68.16454545454548,0.0,0.041513636363636364,0.5136363636363637,0.028404545454545457,0.10965454545454546,0.26,0.08813636363636365,0.0,0.4670409090909091,0.5145791666666667,0.07926666666666667,0.33694583333333333,0.09835416666666667,0.23611249999999998,0.06542083333333333,0.17069583333333335,0.11866249999999999,0.07342083333333334,1.7675,0.026425,0.07661249999999999,34.850833333333334,0.16847083333333335,0.3465125,48.663333333333334,0.09835416666666667,0.13675416666666665,72.36916666666667,0.0,0.04142083333333334,0.6024999999999999,0.02399166666666667,0.09884583333333334,0.24916666666666673,0.07342083333333334,0.0,0.5947291666666668
88,83,2001-11-26,1,1,2001-02,New York Knicks,Atlanta Hawks,1,0.4386346153846154,0.07935384615384616,0.25795,0.10133461538461538,0.2048692307692308,0.05325384615384616,0.15161153846153846,0.09298846153846155,0.07450384615384616,1.3107692307692307,0.026450000000000005,0.08081153846153845,32.67153846153846,0.1289730769230769,0.2989538461538462,43.50615384615384,0.10133461538461538,0.13848846153846156,73.97076923076922,0.0,0.036707692307692316,0.5353846153846153,0.013634615384615384,0.10632692307692307,0.12307692307692308,0.07450384615384616,0.0,0.4508307692307692,0.4452692307692307,0.05146538461538462,0.2948576923076923,0.09895384615384616,0.22291923076923076,0.06146923076923078,0.16144999999999998,0.08216538461538461,0.08379615384615385,1.0246153846153847,0.017142307692307693,0.05739230769230768,29.32384615384615,0.14743076923076923,0.3421,43.33307692307692,0.09895384615384616,0.13261153846153845,75.04461538461538,0.0,0.03785,0.4638461538461538,0.025226923076923074,0.11142692307692309,0.22769230769230772,0.08379615384615385,0.0,0.46106153846153847
100,105,2001-11-26,1,1,2001-02,Orlando Magic,Detroit Pistons,0,0.5271153846153847,0.08246923076923075,0.33058076923076923,0.11405769230769229,0.22166538461538463,0.0722153846153846,0.1494461538461538,0.1107,0.06954999999999999,1.703846153846154,0.02749230769230769,0.08004999999999998,35.31923076923077,0.16529230769230768,0.3485115384615385,47.82076923076923,0.11405769230769229,0.14729615384615388,77.52230769230769,0.0,0.04097307692307692,0.6015384615384615,0.031126923076923076,0.13043846153846153,0.23769230769230776,0.06954999999999999,0.0,0.5930038461538462,0.480895,0.11261499999999999,0.28105,0.087225,0.20309499999999997,0.038555,0.16452499999999998,0.1147,0.08007,1.6740000000000002,0.03754500000000001,0.09534500000000001,39.25,0.14053000000000002,0.28917499999999996,48.739,0.087225,0.105195,84.30799999999999,0.0,0.04328999999999999,0.5549999999999999,0.03569,0.10762000000000001,0.337,0.08007,0.0,0.57317
100,68,2001-11-27,1,1,2001-02,New Jersey Nets,Chicago Bulls,1,0.48005769230769235,0.07391153846153845,0.30973076923076925,0.09641923076923077,0.23302692307692308,0.07016923076923076,0.1628615384615385,0.11244615384615385,0.07571923076923077,1.5946153846153845,0.02463846153846154,0.0684846153846154,35.298461538461545,0.15486153846153844,0.36396153846153845,42.589999999999996,0.09641923076923077,0.12755384615384616,76.13076923076923,0.0,0.037696153846153845,0.5407692307692309,0.038307692307692306,0.10970384615384615,0.37000000000000005,0.07571923076923077,0.0,0.5417346153846154,0.3996318181818182,0.026095454545454554,0.2866590909090909,0.08686818181818182,0.19618181818181818,0.049572727272727275,0.14661818181818181,0.10268636363636365,0.08080454545454546,1.4245454545454548,0.008704545454545454,0.04195454545454546,18.562727272727273,0.14332727272727272,0.3382772727272727,42.61272727272728,0.08686818181818182,0.12786363636363635,67.87090909090908,0.0,0.0385,0.52,0.021322727272727274,0.1104909090909091,0.19454545454545452,0.08080454545454546,0.0,0.4083227272727273
94,75,2001-11-27,1,1,2001-02,Cleveland Cavaliers,Washington Wizards,1,0.4389041666666667,0.05352916666666666,0.2933791666666667,0.09199583333333333,0.21304583333333335,0.05599166666666667,0.15705,0.102375,0.07603333333333333,1.4133333333333338,0.01784166666666667,0.054941666666666666,33.315,0.14669166666666666,0.34374583333333336,42.714999999999996,0.09199583333333333,0.11862083333333334,77.21416666666669,0.0,0.02864583333333333,0.3858333333333333,0.027087499999999997,0.10521666666666667,0.2783333333333334,0.07603333333333333,0.0,0.47324583333333337,0.45795909090909087,0.05521818181818181,0.31293181818181814,0.08980454545454546,0.20121818181818182,0.05525,0.14597727272727273,0.09632272727272725,0.0656409090909091,1.5190909090909093,0.018404545454545455,0.04809090909090908,37.621818181818185,0.15646363636363636,0.36201363636363637,43.33545454545454,0.08980454545454546,0.11565909090909092,78.12545454545455,0.0,0.038900000000000004,0.6318181818181817,0.017372727272727276,0.11323636363636362,0.1590909090909091,0.0656409090909091,0.0,0.48507272727272727
116,106,2001-11-27,1,1,2001-02,Dallas Mavericks,Golden State Warriors,1,0.4844884615384615,0.09525769230769231,0.2927423076923077,0.09648846153846155,0.20335000000000003,0.048592307692307685,0.15475,0.10679999999999999,0.061461538461538456,1.7730769230769228,0.03175,0.09202307692307693,34.424615384615386,0.14636538461538462,0.3128346153846154,46.80384615384616,0.09648846153846155,0.12198076923076923,80.01461538461538,0.0,0.03669615384615385,0.6138461538461538,0.023884615384615386,0.09619230769230769,0.2530769230769231,0.061461538461538456,0.0,0.5415192307692308,0.4731038461538461,0.04951538461538462,0.3147000000000001,0.10888076923076924,0.24550384615384616,0.0856423076923077,0.15985384615384612,0.10144615384615384,0.0913423076923077,1.1553846153846155,0.01650384615384615,0.0438846153846154,38.338461538461544,0.15735384615384618,0.37017692307692307,42.73538461538462,0.10888076923076924,0.1540461538461539,71.55230769230769,0.0,0.038476923076923075,0.43615384615384617,0.034284615384615386,0.1101769230769231,0.32538461538461544,0.0913423076923077,0.0,0.5160884615384614
83,84,2001-11-27,1,1,2001-02,Miami Heat,Boston Celtics,0,0.4272636363636364,0.054190909090909095,0.2955090909090909,0.07756818181818183,0.1998,0.05330000000000001,0.14649090909090906,0.09788636363636365,0.08259545454545456,1.2072727272727273,0.01805909090909091,0.04560909090909091,48.687272727272735,0.14775454545454544,0.33956363636363635,43.53363636363636,0.07756818181818183,0.1123409090909091,69.0690909090909,0.0,0.03141363636363637,0.4081818181818182,0.035254545454545455,0.13101818181818184,0.27090909090909093,0.08259545454545456,0.0,0.45488636363636376,0.501395,0.146035,0.25898000000000004,0.09637499999999999,0.22549999999999995,0.06407,0.161435,0.11543,0.06449,1.8749999999999996,0.04867499999999999,0.11304999999999998,43.434000000000005,0.12949000000000002,0.305985,42.342000000000006,0.09637499999999999,0.12923,74.95599999999999,0.0,0.03996500000000001,0.6380000000000001,0.017795,0.09653,0.18099999999999997,0.06449,0.0,0.561885
96,90,2001-11-27,1,1,2001-02,Portland Trail Blazers,Indiana Pacers,1,0.47127916666666664,0.0766125,0.3048166666666667,0.08984583333333335,0.19859166666666664,0.05408750000000001,0.14449583333333335,0.11515000000000002,0.07324583333333333,1.6883333333333332,0.0255375,0.075525,35.77166666666667,0.15240833333333337,0.3190458333333333,48.13166666666667,0.08984583333333335,0.11671666666666665,76.98750000000001,0.0,0.03935416666666667,0.5658333333333333,0.027204166666666668,0.11489583333333335,0.2366666666666667,0.07324583333333333,0.0,0.5348208333333333,0.5052249999999999,0.07975,0.32244285714285714,0.10302499999999999,0.21905357142857146,0.06111785714285715,0.1579357142857143,0.12641428571428573,0.07356785714285716,1.8757142857142852,0.02658928571428571,0.06974642857142857,38.67928571428571,0.16122142857142857,0.34797500000000003,46.42428571428571,0.10302499999999999,0.12674642857142854,81.66428571428571,0.0,0.04167857142857143,0.6042857142857143,0.02756428571428571,0.11767857142857142,0.23714285714285716,0.07356785714285716,0.0,0.5927392857142858
112,102,2001-11-27,1,1,2001-02,Seattle SuperSonics,Minnesota Timberwolves,1,0.48657142857142854,0.10901428571428573,0.29878571428571427,0.07877500000000003,0.21439999999999998,0.06265714285714287,0.15174642857142856,0.11456428571428572,0.07702142857142856,1.5485714285714285,0.03634285714285714,0.09079642857142857,39.25,0.14939285714285713,0.3306821428571428,45.41214285714285,0.07877500000000003,0.10696071428571428,74.01714285714286,0.0,0.042117857142857144,0.5542857142857143,0.02068214285714286,0.126075,0.16785714285714287,0.07702142857142856,0.0,0.5373607142857143,0.4994863636363636,0.055590909090909094,0.35688636363636367,0.08701363636363636,0.21295000000000003,0.05532272727272727,0.15762272727272728,0.134,0.056549999999999996,2.472727272727272,0.01853181818181818,0.04654090909090909,39.85636363636363,0.17844545454545455,0.3716090909090909,48.19545454545455,0.08701363636363636,0.10880909090909091,80.44272727272727,0.0,0.03694545454545455,0.6827272727272727,0.03096363636363637,0.10756818181818183,0.2872727272727273,0.056549999999999996,0.0,0.614809090909091
104,85,2001-11-27,1,1,2001-02,Los Angeles Lakers,Milwaukee Bucks,1,0.5121458333333334,0.07839999999999998,0.3201291666666667,0.11360416666666666,0.21624583333333336,0.0572625,0.15899166666666661,0.11303333333333333,0.07827083333333333,1.4833333333333332,0.026141666666666664,0.07525833333333336,34.46666666666666,0.1600625,0.31902916666666664,50.26833333333332,0.11360416666666666,0.16850416666666665,66.67,0.0,0.0474375,0.6208333333333332,0.039566666666666674,0.11924583333333333,0.3491666666666666,0.07827083333333333,0.0,0.5871750000000001,0.5199833333333332,0.13005,0.28688888888888886,0.10305555555555555,0.1773111111111111,0.0439611111111111,0.13335,0.11897222222222223,0.06300555555555555,1.931111111111111,0.043344444444444456,0.1031111111111111,41.45444444444444,0.1434388888888889,0.28522222222222227,50.22111111111111,0.10305555555555555,0.1293,77.51111111111112,0.0,0.05174444444444444,0.8477777777777779,0.020205555555555556,0.11664444444444443,0.1811111111111111,0.06300555555555555,0.0,0.5974333333333334
84,89,2001-11-27,1,1,2001-02,Houston Rockets,Sacramento Kings,0,0.4604730769230769,0.0839730769230769,0.2846730769230769,0.09182692307692308,0.23133461538461536,0.06343076923076924,0.16791153846153847,0.09243846153846155,0.06978846153846154,1.423846153846154,0.027988461538461542,0.08977307692307693,32.067692307692305,0.1423423076923077,0.3204730769230769,44.61076923076923,0.09182692307692308,0.1251576923076923,73.76384615384615,0.0,0.03732307692307692,0.5515384615384616,0.019684615384615387,0.09015000000000001,0.22,0.06978846153846154,0.0,0.4982346153846154,0.5127846153846154,0.07735384615384613,0.33737307692307694,0.09805,0.2358807692307692,0.06500384615384616,0.17088076923076922,0.11770769230769229,0.07315769230769233,1.7584615384615385,0.025784615384615385,0.0758653846153846,34.394615384615385,0.1686846153846154,0.3473115384615385,48.603846153846156,0.09805,0.13628076923076923,72.42076923076924,0.0,0.04179230769230769,0.6115384615384615,0.02358846153846154,0.09806923076923078,0.246923076923077,0.07315769230769233,0.0,0.591673076923077
87,94,2001-11-28,1,1,2001-02,Philadelphia 76ers,Washington Wizards,0,0.41482083333333336,0.04790833333333333,0.2830625,0.08385,0.2172666666666667,0.06737916666666667,0.14987916666666665,0.08993750000000002,0.09038333333333333,1.0574999999999999,0.015966666666666667,0.04913333333333334,33.84666666666667,0.14152916666666668,0.32676666666666665,43.22583333333333,0.08385,0.1123,74.05,0.0,0.03248333333333333,0.395,0.021733333333333337,0.10351666666666666,0.21,0.09038333333333333,0.0,0.439,0.45875416666666663,0.05436666666666667,0.3137291666666666,0.09065416666666666,0.20158333333333334,0.05580416666666666,0.14579166666666668,0.09667916666666665,0.0659,1.5258333333333336,0.018120833333333336,0.047937499999999994,37.024166666666666,0.1568625,0.3627833333333333,43.360833333333325,0.09065416666666666,0.11591666666666667,78.70166666666667,0.0,0.038262500000000005,0.6224999999999999,0.017333333333333336,0.11322499999999998,0.15916666666666665,0.0659,0.0,0.4857416666666667
104,84,2001-11-28,1,1,2001-02,Phoenix Suns,Milwaukee Bucks,1,0.49736071428571427,0.06624642857142857,0.3469428571428571,0.08416785714285714,0.2153607142857143,0.057928571428571426,0.15743214285714285,0.11729999999999999,0.07818928571428571,1.6014285714285716,0.022078571428571427,0.06363571428571428,33.215714285714284,0.17346785714285712,0.353225,49.2842857142857,0.08416785714285714,0.10501785714285715,80.12785714285715,0.0,0.04758928571428571,0.6564285714285714,0.020110714285714284,0.12273214285714287,0.16999999999999998,0.07818928571428571,0.0,0.5773750000000001,0.515045,0.126605,0.2867,0.10175000000000001,0.179705,0.04418999999999999,0.135515,0.11826500000000002,0.063645,1.907,0.04220000000000001,0.10217499999999999,40.654999999999994,0.143345,0.28601,50.065999999999995,0.10175000000000001,0.127995,77.372,0.0,0.05119499999999999,0.833,0.020560000000000002,0.11498,0.188,0.063645,0.0,0.59225
94,75,2001-11-28,1,1,2001-02,Los Angeles Clippers,Minnesota Timberwolves,1,0.5047999999999999,0.05128461538461537,0.3286230769230769,0.1249,0.22338846153846154,0.06468461538461538,0.1587,0.08910384615384616,0.0815076923076923,1.1146153846153848,0.01709230769230769,0.058130769230769236,29.422307692307694,0.1643,0.3524615384615385,46.821538461538466,0.1249,0.1569423076923077,80.01846153846155,0.0,0.03305,0.4000000000000001,0.035265384615384615,0.12365769230769232,0.29923076923076924,0.0815076923076923,0.0,0.5428692307692308,0.5014041666666667,0.05595833333333333,0.35777083333333337,0.08767916666666668,0.21416250000000003,0.055662500000000004,0.1584958333333333,0.13293750000000001,0.057095833333333325,2.4441666666666664,0.018654166666666666,0.04677916666666667,40.1275,0.1788875,0.3716333333333333,48.330000000000005,0.08767916666666668,0.10942916666666667,80.53416666666666,0.0,0.036625000000000005,0.6733333333333333,0.030675000000000008,0.10802916666666668,0.2833333333333334,0.057095833333333325,0.0,0.616075
100,105,2001-11-28,1,1,2001-02,Atlanta Hawks,New York Knicks,0,0.44814999999999994,0.05448571428571429,0.29585,0.09782142857142857,0.221775,0.060607142857142866,0.16116785714285714,0.08339642857142857,0.08419642857142857,1.0357142857142858,0.01815,0.05904999999999999,30.09,0.14792857142857144,0.33967142857142857,43.80285714285714,0.09782142857142857,0.1304607142857143,75.53785714285713,0.0,0.03778214285714286,0.45999999999999996,0.025074999999999997,0.11047500000000002,0.23000000000000004,0.08419642857142857,0.0,0.4667,0.43658928571428574,0.07676428571428572,0.259525,0.10030357142857142,0.20492142857142862,0.053200000000000004,0.15171785714285715,0.0929107142857143,0.0749857142857143,1.3014285714285714,0.02558928571428572,0.07928214285714284,32.24785714285714,0.12976071428571426,0.30027857142857145,43.567142857142855,0.10030357142857142,0.1364964285714286,74.33714285714284,0.0,0.036628571428571434,0.5307142857142857,0.014089285714285712,0.10685714285714286,0.12714285714285714,0.0749857142857143,0.0,0.4497428571428571
85,99,2001-11-28,1,1,2001-02,Denver Nuggets,Indiana Pacers,0,0.48368461538461544,0.07314615384615383,0.3174692307692307,0.0930576923076923,0.2204923076923077,0.07486538461538463,0.1456423076923077,0.10168846153846155,0.06252692307692308,1.6730769230769231,0.02438846153846154,0.07473076923076924,32.32538461538462,0.1587346153846154,0.3550076923076923,44.876153846153834,0.0930576923076923,0.12258461538461539,76.40692307692308,0.0,0.032019230769230765,0.5038461538461538,0.02486923076923077,0.11263461538461539,0.2284615384615384,0.06252692307692308,0.0,0.5240769230769231,0.5035833333333332,0.07856,0.32219666666666663,0.10282333333333332,0.21941000000000002,0.06091666666666667,0.15849,0.12544666666666665,0.07362333333333335,1.8626666666666662,0.026189999999999998,0.06909666666666667,38.37,0.1611,0.34886000000000006,46.273333333333326,0.10282333333333332,0.12696333333333332,81.29466666666667,0.0,0.04106666666666667,0.5953333333333334,0.027643333333333332,0.11770666666666667,0.23800000000000002,0.07362333333333335,0.0,0.5887233333333335
94,83,2001-11-28,1,1,2001-02,San Antonio Spurs,Golden State Warriors,1,0.5182363636363636,0.1320681818181818,0.26633636363636365,0.11982272727272726,0.2094681818181818,0.062086363636363634,0.1473727272727273,0.10227272727272729,0.06913636363636363,1.568181818181818,0.04403181818181818,0.09359545454545456,46.06545454545455,0.13316818181818182,0.29579545454545453,45.515454545454546,0.11982272727272726,0.1679272727272727,71.36818181818181,0.0,0.03413636363636364,0.4809090909090909,0.0345,0.10526818181818182,0.3290909090909091,0.06913636363636363,0.0,0.5691681818181817,0.4706964285714285,0.05012857142857143,0.3131142857142858,0.10744285714285715,0.24555714285714283,0.08573214285714285,0.15982142857142856,0.10152142857142857,0.09115714285714287,1.1635714285714285,0.016710714285714284,0.04507857142857143,37.88214285714286,0.15656071428571433,0.3689571428571429,42.65071428571429,0.10744285714285715,0.15215000000000004,71.42714285714285,0.0,0.03836428571428572,0.43571428571428567,0.034425000000000004,0.10989642857142859,0.3271428571428571,0.09115714285714287,0.0,0.5139107142857142
112,88,2001-11-28,1,1,2001-02,Utah Jazz,Seattle SuperSonics,1,0.49061923076923075,0.04343076923076924,0.3304115384615385,0.11677307692307691,0.20619615384615383,0.05992307692307692,0.14627307692307692,0.13411923076923077,0.09596538461538463,1.43,0.014476923076923075,0.047238461538461535,30.58846153846154,0.1652115384615385,0.3351192307692308,49.42999999999999,0.11677307692307691,0.1557961538461539,75.84615384615387,0.0,0.04410384615384615,0.4676923076923077,0.0328076923076923,0.12367307692307694,0.27307692307692305,0.09596538461538463,0.0,0.5701769230769231,0.4865933333333333,0.10712000000000002,0.30061666666666664,0.0788566666666667,0.21264666666666665,0.062020000000000006,0.15063000000000001,0.11405333333333334,0.07663666666666666,1.55,0.03571333333333334,0.09020333333333334,38.766666666666666,0.15030666666666667,0.32997,45.78733333333332,0.0788566666666667,0.10666333333333333,74.20333333333333,0.0,0.04210333333333334,0.5586666666666666,0.020510000000000004,0.12491999999999999,0.168,0.07663666666666666,0.0,0.5372866666666667
96,104,2001-11-28,1,1,2001-02,Detroit Pistons,Charlotte Hornets,0,0.48155000000000003,0.11311363636363637,0.28231818181818186,0.08611363636363635,0.20184999999999997,0.0387409090909091,0.16309090909090906,0.11484090909090909,0.07926818181818183,1.6890909090909092,0.037713636363636366,0.0952,39.519090909090906,0.14116363636363638,0.2899318181818181,48.81909090909091,0.08611363636363635,0.10517727272727272,83.25727272727272,0.0,0.04281818181818181,0.5554545454545454,0.03534545454545454,0.10738181818181819,0.33545454545454545,0.07926818181818183,0.0,0.5718,0.4663208333333333,0.07892499999999998,0.2830375,0.10435833333333332,0.2089791666666667,0.05128750000000001,0.1576875,0.08795416666666668,0.072075,1.3491666666666668,0.026312500000000003,0.06450000000000002,41.80416666666667,0.14151666666666665,0.32167499999999993,44.02333333333333,0.10435833333333332,0.1361875,76.96833333333332,0.0,0.03188333333333334,0.4566666666666667,0.028174999999999995,0.1152875,0.25000000000000006,0.072075,0.0,0.5010541666666666
91,88,2001-11-29,1,1,2001-02,Toronto Raptors,Memphis Grizzlies,1,0.48381153846153846,0.09696153846153847,0.2893884615384615,0.09745769230769231,0.21271923076923072,0.07604230769230771,0.13668076923076922,0.11511923076923078,0.07539615384615386,1.8146153846153845,0.03232307692307691,0.08853846153846154,35.42769230769231,0.14469615384615384,0.3259846153846154,44.283846153846156,0.09745769230769231,0.14059615384615384,70.88384615384615,0.0,0.04919615384615384,0.7392307692307691,0.039273076923076924,0.12123461538461539,0.3438461538461538,0.07539615384615386,0.0,0.5440807692307691,0.44704999999999995,0.08326666666666667,0.27282500000000004,0.09095416666666667,0.22114583333333335,0.06958333333333333,0.15155416666666663,0.10599583333333333,0.08766666666666667,1.4174999999999998,0.027754166666666674,0.09688333333333334,28.033333333333335,0.13640833333333333,0.3143375,43.418333333333344,0.09095416666666667,0.1332125,68.20000000000002,0.0,0.0420125,0.5216666666666667,0.028904166666666665,0.10910833333333335,0.26666666666666666,0.08766666666666667,0.0,0.4681208333333333
96,105,2001-11-29,1,1,2001-02,Cleveland Cavaliers,Atlanta Hawks,0,0.44062307692307695,0.05575769230769231,0.29321538461538466,0.09165,0.21319615384615384,0.05625384615384616,0.15693846153846153,0.10363461538461537,0.07590769230769231,1.4323076923076927,0.018584615384615387,0.05581153846153846,33.90307692307692,0.1466076923076923,0.3431692307692308,42.76153846153846,0.09165,0.11795769230769232,77.35923076923078,0.0,0.02894230769230769,0.3892307692307692,0.02649615384615384,0.10587307692307692,0.2715384615384616,0.07590769230769231,0.0,0.47688846153846154,0.4504399999999999,0.05735333333333334,0.2963766666666666,0.09671666666666666,0.22082333333333332,0.059900000000000016,0.16092333333333333,0.08458666666666666,0.08421,1.0513333333333332,0.019106666666666664,0.060696666666666656,30.77466666666667,0.14819333333333334,0.3371533333333333,44.217333333333336,0.09671666666666666,0.12847,75.95333333333333,0.0,0.03772333333333334,0.45866666666666667,0.024903333333333333,0.10940333333333335,0.23133333333333336,0.08421,0.0,0.47196000000000005
89,99,2001-11-29,1,1,2001-02,Orlando Magic,Boston Celtics,0,0.5255785714285716,0.08514999999999999,0.32714642857142856,0.11327499999999999,0.22083214285714287,0.07152142857142856,0.14930714285714283,0.11047142857142857,0.06926785714285713,1.705714285714286,0.028385714285714285,0.08120714285714284,35.707142857142856,0.163575,0.3469678571428572,47.512857142857136,0.11327499999999999,0.1460607142857143,77.61714285714285,0.0,0.04027857142857143,0.5935714285714285,0.030732142857142857,0.12902142857142856,0.23857142857142863,0.06926785714285713,0.0,0.5896178571428571,0.4995045454545455,0.1455409090909091,0.2595272727272728,0.09443181818181817,0.22482727272727268,0.06415454545454545,0.16067727272727272,0.11488181818181818,0.06413636363636364,1.8772727272727268,0.04851363636363636,0.11470454545454545,42.762727272727275,0.1297636363636364,0.3051590909090909,42.543636363636374,0.09443181818181817,0.12662727272727275,74.94727272727272,0.0,0.03979545454545455,0.6381818181818182,0.017995454545454544,0.09735454545454546,0.18181818181818177,0.06413636363636364,0.0,0.5591
78,72,2001-11-29,1,1,2001-02,Chicago Bulls,Miami Heat,1,0.40153750000000005,0.02579583333333334,0.2886041666666667,0.08712916666666666,0.19634166666666666,0.04986666666666667,0.14648333333333333,0.10272083333333333,0.08063333333333335,1.4341666666666668,0.008604166666666668,0.04111666666666667,18.68166666666667,0.1443,0.33967083333333337,42.682500000000005,0.08712916666666666,0.12871666666666667,67.58583333333333,0.0,0.038,0.5175,0.020954166666666666,0.109875,0.19166666666666665,0.08063333333333335,0.0,0.4094541666666667,0.425875,0.05451666666666668,0.29505,0.07631250000000002,0.1994,0.052975,0.14641666666666664,0.0980125,0.08175416666666667,1.2241666666666668,0.018170833333333334,0.04649583333333334,47.171666666666674,0.147525,0.33850833333333336,43.60166666666666,0.07631250000000002,0.1112625,68.54166666666667,0.0,0.03145416666666667,0.41250000000000003,0.03460833333333333,0.1293166666666667,0.2691666666666667,0.08175416666666667,0.0,0.4533333333333334
98,110,2001-11-29,1,1,2001-02,Dallas Mavericks,Sacramento Kings,0,0.48483928571428564,0.09461428571428572,0.29442142857142856,0.09580357142857143,0.2031107142857143,0.049449999999999994,0.15365357142857144,0.10573571428571428,0.06082142857142857,1.7735714285714284,0.031535714285714285,0.09138571428571429,34.497142857142855,0.14720357142857146,0.31481785714285715,46.76928571428572,0.09580357142857143,0.12054642857142858,80.30571428571429,0.0,0.036307142857142864,0.6135714285714285,0.023742857142857142,0.09682142857142857,0.2507142857142857,0.06082142857142857,0.0,0.5406964285714286,0.5107571428571428,0.07584642857142855,0.3374714285714286,0.09743214285714286,0.23554999999999998,0.0645107142857143,0.1710392857142857,0.1171142857142857,0.07275357142857145,1.7564285714285715,0.025282142857142857,0.0750892857142857,34.155,0.1687357142857143,0.34777142857142856,48.54357142857143,0.09743214285714286,0.13574285714285714,72.30357142857143,0.0,0.0422,0.6214285714285713,0.023242857142857145,0.097,0.24571428571428577,0.07275357142857145,0.0,0.5889642857142857
105,110,2001-11-30,1,1,2001-02,Charlotte Hornets,Detroit Pistons,0,0.4656884615384615,0.07746923076923076,0.2849192307692308,0.10329999999999998,0.2091538461538462,0.052438461538461545,0.15671153846153846,0.08849615384615386,0.07253846153846154,1.343076923076923,0.02582692307692308,0.06453846153846156,41.151538461538465,0.1424576923076923,0.3230846153846153,44.11692307692307,0.10329999999999998,0.13508846153846152,76.87923076923076,0.0,0.03260384615384616,0.46384615384615385,0.027692307692307686,0.1147346153846154,0.246923076923077,0.07253846153846154,0.0,0.49996538461538453,0.48251250000000007,0.11306250000000001,0.28400000000000003,0.08544583333333333,0.20081249999999998,0.039004166666666666,0.16179166666666664,0.11475,0.07870416666666667,1.6991666666666667,0.03769583333333334,0.09502500000000001,39.604166666666664,0.14200416666666668,0.29056249999999995,49.00833333333333,0.08544583333333333,0.10557916666666667,82.34916666666666,0.0,0.04216666666666666,0.5524999999999999,0.03510833333333333,0.106975,0.33499999999999996,0.07870416666666667,0.0,0.5706083333333333
75,84,2001-11-30,1,1,2001-02,Miami Heat,Washington Wizards,0,0.42475,0.05522692307692308,0.29369999999999996,0.07582692307692308,0.1990153846153846,0.052792307692307694,0.14621153846153845,0.09768461538461538,0.08118846153846154,1.2300000000000002,0.018407692307692305,0.04758076923076923,45.95307692307693,0.14684999999999998,0.33670000000000005,43.629230769230766,0.07582692307692308,0.11111923076923078,68.10384615384615,0.0,0.03124615384615385,0.4115384615384616,0.03410769230769231,0.12763846153846156,0.2692307692307693,0.08118846153846154,0.0,0.4513000000000001,0.4584653846153846,0.0535,0.31382692307692306,0.09113461538461538,0.20194230769230767,0.05651153846153846,0.1454423076923077,0.09708076923076922,0.06602307692307693,1.5369230769230773,0.017834615384615386,0.04766538461538461,36.49153846153847,0.15691153846153846,0.3641076923076923,43.223846153846154,0.09113461538461538,0.1159923076923077,79.05923076923077,0.0,0.03777307692307692,0.6169230769230769,0.017300000000000003,0.1128807692307692,0.15923076923076923,0.06602307692307693,0.0,0.48467692307692306
98,76,2001-11-30,1,1,2001-02,Phoenix Suns,Utah Jazz,1,0.4964533333333333,0.06620333333333332,0.34614666666666666,0.08409666666666667,0.21491999999999997,0.05752666666666666,0.15739666666666666,0.11597999999999999,0.07814333333333331,1.5813333333333335,0.022066666666666665,0.06376666666666667,33.047333333333334,0.17306999999999997,0.3523833333333333,49.27733333333332,0.08409666666666667,0.10526666666666666,80.01666666666668,0.0,0.047333333333333324,0.6513333333333333,0.020476666666666664,0.12255000000000002,0.17266666666666666,0.07814333333333331,0.0,0.5748433333333335,0.49008214285714286,0.04273928571428572,0.3296678571428572,0.11767499999999999,0.20718214285714284,0.060285714285714276,0.14689642857142854,0.1332,0.0959857142857143,1.4221428571428572,0.014246428571428571,0.04667857142857142,30.375000000000004,0.16483928571428574,0.33586785714285716,49.23,0.11767499999999999,0.15645357142857147,76.0357142857143,0.0,0.044125000000000004,0.46714285714285714,0.0331,0.12336785714285715,0.27785714285714286,0.0959857142857143,0.0,0.56945
96,93,2001-11-30,1,1,2001-02,Denver Nuggets,Los Angeles Clippers,1,0.48203571428571435,0.07474999999999998,0.3155071428571428,0.09176785714285714,0.21960714285714286,0.07442857142857143,0.1451964285714286,0.1021464285714286,0.06194642857142857,1.6978571428571427,0.024925,0.07564285714285714,32.617142857142866,0.15775357142857144,0.3539785714285714,44.756428571428565,0.09176785714285714,0.1208357142857143,76.45214285714287,0.0,0.03196428571428571,0.5092857142857142,0.02514642857142857,0.11248928571428572,0.23071428571428568,0.06194642857142857,0.0,0.5229357142857143,0.5033428571428571,0.05204285714285713,0.3284535714285714,0.12285357142857142,0.22136071428571427,0.06381428571428571,0.15754285714285715,0.0898392857142857,0.08148928571428571,1.125714285714286,0.017342857142857142,0.058353571428571435,29.912142857142857,0.1642142857142857,0.3511250000000001,46.99571428571429,0.12285357142857142,0.1546607142857143,79.82714285714287,0.0,0.03358928571428572,0.40857142857142864,0.03484642857142857,0.12250357142857142,0.2992857142857143,0.08148928571428571,0.0,0.5417714285714286
106,109,2001-11-30,1,1,2001-02,San Antonio Spurs,Sacramento Kings,0,0.5175,0.1310625,0.2681,0.11832916666666667,0.21008749999999998,0.061862499999999994,0.1482166666666667,0.10317500000000002,0.06920833333333333,1.5824999999999996,0.04369583333333333,0.09329583333333336,46.04750000000001,0.13405000000000003,0.29577916666666665,45.81166666666667,0.11832916666666667,0.1658583333333333,71.42999999999999,0.0,0.034,0.4791666666666667,0.0344375,0.10482916666666668,0.33,0.06920833333333333,0.0,0.5711125,0.5089566666666666,0.07416333333333332,0.3382233333333334,0.09656333333333333,0.23534666666666665,0.06400333333333334,0.17134333333333332,0.11688999999999998,0.07219666666666669,1.7633333333333332,0.024723333333333333,0.07437666666666666,33.73466666666667,0.16911333333333334,0.34850333333333333,48.54666666666667,0.09656333333333333,0.13502666666666666,72.08933333333333,0.0,0.04263666666666666,0.6333333333333333,0.022860000000000002,0.09628333333333333,0.24266666666666672,0.07219666666666669,0.0,0.5869933333333334
101,95,2001-11-30,1,1,2001-02,Portland Trail Blazers,Milwaukee Bucks,1,0.47075,0.07490384615384615,0.30588846153846155,0.08995384615384618,0.19961538461538458,0.05507307692307693,0.1445346153846154,0.11470769230769232,0.07280384615384615,1.7146153846153847,0.024965384615384615,0.07486153846153845,35.22076923076923,0.15294615384615387,0.3196,48.19923076923077,0.08995384615384618,0.1171153846153846,76.86384615384617,0.0,0.03935769230769231,0.5753846153846154,0.02616923076923077,0.11365384615384616,0.22923076923076927,0.07280384615384615,0.0,0.5340653846153847,0.5098681818181817,0.12361818181818181,0.2867727272727273,0.09949090909090909,0.18109545454545456,0.044318181818181805,0.13677727272727272,0.11751363636363639,0.06416818181818182,1.8845454545454545,0.041204545454545466,0.10146818181818182,39.91545454545454,0.1433818181818182,0.28694090909090914,49.93090909090909,0.09949090909090909,0.12562272727272727,77.25545454545455,0.0,0.05057727272727272,0.8181818181818182,0.020622727272727272,0.11418636363636363,0.19090909090909092,0.06416818181818182,0.0,0.5855681818181818
92,107,2001-11-30,1,1,2001-02,Seattle SuperSonics,Los Angeles Lakers,0,0.4879266666666667,0.10712,0.3017,0.07910666666666667,0.20793999999999999,0.06202000000000001,0.14592333333333332,0.11276,0.07597000000000001,1.5599999999999998,0.03571333333333334,0.09128666666666668,38.230000000000004,0.15084666666666666,0.32726333333333335,46.327333333333335,0.07910666666666667,0.10666333333333333,74.36999999999999,0.0,0.04210333333333333,0.5666666666666667,0.020716666666666664,0.12250333333333333,0.17266666666666666,0.07597000000000001,0.0,0.5359133333333334,0.51025,0.07842692307692307,0.32002307692307697,0.11178846153846153,0.21682307692307695,0.05828846153846154,0.1585384615384615,0.1129923076923077,0.07763461538461539,1.4999999999999998,0.02615,0.0753346153846154,34.49230769230769,0.16001153846153843,0.31977692307692307,50.13153846153845,0.11178846153846153,0.16640769230769228,66.47384615384615,0.0,0.04676923076923077,0.6192307692307691,0.03921538461538462,0.11786153846153846,0.35153846153846147,0.07763461538461539,0.0,0.5848461538461539
102,85,2001-11-30,1,1,2001-02,Memphis Grizzlies,Houston Rockets,1,0.44693846153846145,0.08277692307692308,0.2746269230769231,0.08953461538461539,0.21942307692307692,0.0688,0.15061923076923073,0.10654230769230769,0.08722307692307693,1.426153846153846,0.027588461538461544,0.0952,28.474615384615387,0.13730769230769233,0.3152038461538461,43.59923076923077,0.08953461538461539,0.13133076923076922,68.19230769230771,0.0,0.04243461538461538,0.5284615384615385,0.029276923076923075,0.10845384615384616,0.27230769230769225,0.08722307692307693,0.0,0.4700923076923077,0.45986071428571423,0.0845392857142857,0.2832678571428572,0.09205357142857143,0.22905357142857138,0.06251428571428572,0.16654285714285716,0.09195,0.07025,1.4064285714285716,0.028175000000000006,0.09010357142857144,32.067142857142855,0.14163928571428572,0.3178964285714286,44.74642857142857,0.09205357142857143,0.1251892857142857,73.92285714285713,0.0,0.03697857142857142,0.5442857142857144,0.01952857142857143,0.0895607142857143,0.21928571428571428,0.07025,0.0,0.4958178571428572
98,105,2001-12-01,1,1,2001-02,New Jersey Nets,Boston Celtics,0,0.47902500000000003,0.07251785714285715,0.311625,0.0948892857142857,0.233525,0.06997857142857142,0.16355000000000003,0.11298571428571427,0.07638214285714286,1.5885714285714287,0.024171428571428573,0.06837142857142857,34.767142857142865,0.15580714285714284,0.3639,42.85214285714285,0.0948892857142857,0.1265214285714286,75.49071428571429,0.0,0.03812857142857142,0.5407142857142858,0.03833928571428571,0.1098607142857143,0.3678571428571429,0.07638214285714286,0.0,0.5417,0.49715000000000004,0.14482083333333334,0.2598791666666667,0.09244583333333332,0.22426666666666664,0.06380833333333334,0.16046249999999998,0.11405833333333333,0.06436666666666667,1.8583333333333327,0.048270833333333325,0.11582083333333333,42.20916666666667,0.12994166666666668,0.3038958333333333,42.77416666666667,0.09244583333333332,0.12409583333333335,74.85083333333333,0.0,0.0398625,0.6375000000000001,0.01832083333333333,0.09809583333333333,0.18333333333333332,0.06436666666666667,0.0,0.5561541666666666
97,100,2001-12-01,1,1,2001-02,New York Knicks,Detroit Pistons,0,0.4355233333333334,0.07464666666666667,0.26189,0.09899,0.20496666666666669,0.05311333333333333,0.15185333333333334,0.09309000000000002,0.07561333333333334,1.292,0.024883333333333337,0.07807999999999998,31.880666666666666,0.1309433333333333,0.3010933333333333,43.80799999999999,0.09899,0.13427000000000003,74.60799999999999,0.0,0.036520000000000004,0.5233333333333333,0.014316666666666667,0.10731666666666667,0.12933333333333333,0.07561333333333334,0.0,0.4501766666666666,0.48323461538461543,0.11273076923076923,0.28523076923076923,0.0852653846153846,0.19945,0.039319230769230766,0.1601153846153846,0.11433846153846153,0.07818076923076923,1.703846153846154,0.03758461538461539,0.09473461538461539,39.65692307692307,0.14261923076923078,0.29094999999999993,49.159230769230774,0.0852653846153846,0.10630384615384615,81.70923076923077,0.0,0.04166153846153845,0.5515384615384614,0.034907692307692306,0.10682307692307692,0.3346153846153846,0.07818076923076923,0.0,0.5688769230769231
103,104,2001-12-01,1,1,2001-02,Atlanta Hawks,Toronto Raptors,0,0.4541466666666666,0.06048,0.29812666666666665,0.09555,0.21865666666666667,0.059900000000000016,0.15875666666666668,0.08600333333333335,0.08375,1.0793333333333335,0.02014666666666667,0.06157000000000001,31.868000000000002,0.14906666666666665,0.33423666666666657,44.86933333333333,0.09555,0.12676333333333334,76.15466666666667,0.0,0.03685000000000001,0.4513333333333333,0.023819999999999997,0.10727666666666667,0.228,0.08375,0.0,0.47792,0.48108214285714285,0.097,0.2892535714285714,0.094825,0.2132392857142857,0.07547500000000003,0.13776785714285714,0.11443928571428572,0.07478928571428574,1.805,0.03233571428571428,0.08891071428571429,35.347857142857144,0.1446285714285714,0.32618214285714286,44.23357142857144,0.094825,0.13644642857142858,71.30857142857143,0.0,0.04876071428571428,0.7357142857142857,0.03910357142857144,0.11953928571428571,0.3464285714285714,0.07478928571428574,0.0,0.542092857142857
82,111,2001-12-01,1,1,2001-02,Golden State Warriors,Dallas Mavericks,0,0.4692766666666666,0.05078666666666667,0.3122400000000001,0.10623999999999999,0.24548,0.08614333333333334,0.1593333333333333,0.10179333333333333,0.09099666666666668,1.1733333333333331,0.016929999999999997,0.04640666666666668,37.35666666666667,0.15612333333333336,0.3681533333333333,42.62,0.10623999999999999,0.1504666666666667,71.378,0.0,0.03830666666666667,0.436,0.03459,0.10994333333333335,0.32866666666666666,0.09099666666666668,0.0,0.5126899999999999,0.48618333333333325,0.09380666666666666,0.29721,0.09516666666666666,0.20294333333333336,0.05032,0.1526166666666667,0.10493666666666666,0.060016666666666656,1.789333333333333,0.03126666666666667,0.09058666666666666,34.559999999999995,0.14859666666666668,0.3171633333333333,46.854000000000006,0.09516666666666666,0.11934333333333334,80.49866666666667,0.0,0.03584666666666667,0.6153333333333334,0.02349333333333333,0.0977,0.24666666666666667,0.060016666666666656,0.0,0.5413166666666668
75,85,2001-12-01,1,1,2001-02,Houston Rockets,San Antonio Spurs,0,0.4594533333333333,0.08503,0.2823833333333334,0.09204333333333334,0.2278233333333333,0.06184666666666667,0.16598000000000004,0.09140333333333334,0.07069333333333333,1.3886666666666667,0.028336666666666673,0.09047000000000001,32.04333333333333,0.1411966666666667,0.3161633333333333,44.85133333333333,0.09204333333333334,0.12467666666666664,74.16733333333332,0.0,0.036763333333333335,0.5386666666666667,0.019393333333333335,0.08913,0.218,0.07069333333333333,0.0,0.49443000000000004,0.5163923076923077,0.13006538461538464,0.26930384615384617,0.11701538461538462,0.21099615384615383,0.061911538461538455,0.14907692307692308,0.10360384615384616,0.06912307692307693,1.592307692307692,0.04336538461538461,0.09313846153846156,45.92076923076923,0.13465384615384618,0.2962961538461538,45.923846153846156,0.11701538461538462,0.16348461538461537,71.70923076923077,0.0,0.03393076923076924,0.47923076923076924,0.03448076923076923,0.10441153846153847,0.3315384615384615,0.06912307692307693,0.0,0.5723730769230769
93,81,2001-12-01,1,1,2001-02,Cleveland Cavaliers,Charlotte Hornets,1,0.4425428571428572,0.05753214285714286,0.2938785714285715,0.09113214285714286,0.21336785714285714,0.05643214285714286,0.15693571428571426,0.10511785714285714,0.07562142857142858,1.4614285714285717,0.01917857142857143,0.056467857142857146,34.36285714285714,0.14693928571428572,0.3428535714285714,42.89214285714286,0.09113214285714286,0.11703214285714288,77.5907142857143,0.0,0.029107142857142856,0.39214285714285707,0.026167857142857135,0.10648214285714286,0.2671428571428572,0.07562142857142858,0.0,0.48157500000000003,0.4658178571428571,0.07622142857142856,0.2868,0.10279642857142855,0.20935,0.05365000000000001,0.15569642857142857,0.0885607142857143,0.07329285714285715,1.3271428571428572,0.02541071428571429,0.06399285714285716,41.10142857142858,0.1433964285714286,0.32451428571428564,44.205714285714286,0.10279642857142855,0.1341892857142857,77.03071428571427,0.0,0.033489285714285714,0.47214285714285714,0.027053571428571423,0.11403928571428572,0.2428571428571429,0.07329285714285715,0.0,0.4998785714285714
76,93,2001-12-01,1,1,2001-02,Chicago Bulls,Philadelphia 76ers,0,0.4028615384615385,0.0255423076923077,0.29025,0.08706153846153845,0.19691153846153847,0.05021538461538462,0.14670769230769232,0.10275,0.08053846153846154,1.4423076923076923,0.00851923076923077,0.04035769230769231,18.805384615384614,0.14512307692307694,0.34085000000000004,42.74153846153847,0.08706153846153845,0.12891153846153847,67.40923076923076,0.0,0.03757692307692307,0.5153846153846154,0.020542307692307693,0.10921153846153847,0.18923076923076923,0.08053846153846154,0.0,0.4106961538461539,0.41815,0.047396153846153845,0.2850384615384615,0.08571538461538462,0.2184846153846154,0.06748461538461538,0.15099615384615384,0.08994230769230772,0.08905384615384615,1.076153846153846,0.015796153846153845,0.0493923076923077,33.290769230769236,0.1425192307692308,0.32865,43.26461538461538,0.08571538461538462,0.11404615384615384,74.48076923076923,0.0,0.03406923076923077,0.42076923076923084,0.021746153846153846,0.10247692307692308,0.21307692307692308,0.08905384615384615,0.0,0.44527692307692307
97,100,2001-12-01,1,1,2001-02,Utah Jazz,Indiana Pacers,0,0.49028333333333335,0.042516666666666675,0.3296066666666667,0.11816333333333333,0.20799666666666666,0.060683333333333325,0.14731,0.13257,0.09550333333333333,1.4246666666666667,0.014169999999999999,0.04665,30.157333333333337,0.16481000000000004,0.3364766666666667,49.15733333333333,0.11816333333333333,0.15677333333333335,76.14133333333335,0.0,0.04435,0.47200000000000003,0.03364333333333333,0.12281000000000002,0.28533333333333327,0.09550333333333333,0.0,0.57057,0.5034566666666666,0.07768666666666667,0.32277999999999996,0.10299,0.2186166666666667,0.06099999999999999,0.1576166666666667,0.12440666666666668,0.07341666666666666,1.838,0.02589666666666667,0.06859666666666667,38.20399999999999,0.1613933333333333,0.3494866666666667,46.27333333333333,0.10299,0.12808999999999998,80.53333333333333,0.0,0.04036,0.5820000000000001,0.02781,0.11795666666666667,0.2393333333333333,0.07341666666666666,0.0,0.5853500000000001
87,96,2001-12-01,1,1,2001-02,Washington Wizards,Orlando Magic,0,0.45794999999999997,0.05316071428571428,0.3139107142857143,0.090875,0.2026535714285714,0.05720714285714286,0.14545357142857143,0.09764642857142856,0.06599285714285714,1.5550000000000002,0.017721428571428575,0.04743214285714285,36.33214285714286,0.15695357142857144,0.3653785714285714,43.08857142857143,0.090875,0.11511785714285715,79.44928571428571,0.0,0.03748571428571429,0.6164285714285713,0.01740357142857143,0.11258571428571426,0.16071428571428573,0.06599285714285714,0.0,0.4847892857142857,0.5244566666666668,0.08759999999999998,0.3248366666666667,0.11201666666666665,0.21957000000000002,0.07083666666666666,0.14872666666666665,0.11023333333333334,0.06894333333333333,1.7093333333333336,0.029199999999999997,0.08195999999999999,36.19533333333333,0.16242,0.3460866666666667,47.29266666666667,0.11201666666666665,0.14432333333333336,77.63866666666667,0.0,0.04001,0.5946666666666666,0.030266666666666667,0.12754666666666664,0.23866666666666672,0.06894333333333333,0.0,0.58685
102,76,2001-12-01,1,1,2001-02,Los Angeles Lakers,Minnesota Timberwolves,1,0.5084464285714286,0.07925357142857144,0.31939642857142864,0.10978571428571428,0.21740714285714288,0.05948214285714286,0.1579285714285714,0.11291428571428572,0.07682142857142857,1.5214285714285711,0.026425,0.07602500000000002,34.59285714285714,0.15969642857142857,0.32015,49.969285714285704,0.10978571428571428,0.16389642857142855,66.31214285714286,0.0,0.04606428571428572,0.6178571428571428,0.03905000000000001,0.11609285714285714,0.3571428571428571,0.07682142857142857,0.0,0.5828928571428572,0.501826923076923,0.05626923076923077,0.35784615384615387,0.08771153846153848,0.2158615384615385,0.05671923076923077,0.1591423076923077,0.13155769230769232,0.05784999999999999,2.3999999999999995,0.018757692307692305,0.04712307692307693,40.26307692307692,0.1789269230769231,0.37223076923076925,48.26769230769231,0.08771153846153848,0.10942692307692307,80.43615384615386,0.0,0.03606923076923077,0.6584615384615385,0.030384615384615392,0.10827692307692309,0.28,0.05784999999999999,0.0,0.6144538461538461
83,97,2001-12-01,1,1,2001-02,Portland Trail Blazers,Phoenix Suns,0,0.47029642857142856,0.07316785714285715,0.3065392857142858,0.09058214285714287,0.2003142857142857,0.055782142857142857,0.14452500000000001,0.1142357142857143,0.07246785714285713,1.7349999999999999,0.024389285714285718,0.07393571428571429,34.76571428571429,0.1532714285714286,0.32038571428571433,48.16285714285714,0.09058214285714287,0.11794642857142855,76.88785714285714,0.0,0.039403571428571434,0.5835714285714285,0.025460714285714284,0.11223214285714286,0.22571428571428576,0.07246785714285713,0.0,0.5331964285714286,0.49720333333333333,0.06557666666666666,0.3476466666666667,0.08397000000000003,0.21350333333333335,0.05811,0.15539666666666668,0.11356333333333331,0.07589333333333333,1.59,0.021859999999999994,0.06401666666666665,32.42733333333334,0.17381999999999997,0.3534233333333334,49.348666666666645,0.08397000000000003,0.10576666666666665,79.58400000000002,0.0,0.047166666666666655,0.6626666666666666,0.02089333333333333,0.12146666666666667,0.178,0.07589333333333333,0.0,0.5728833333333334
87,93,2001-12-02,1,1,2001-02,Philadelphia 76ers,Memphis Grizzlies,0,0.42051428571428573,0.047089285714285715,0.2858392857142857,0.08758571428571428,0.21912857142857142,0.06744285714285714,0.15168214285714285,0.08958928571428573,0.08822857142857142,1.0835714285714284,0.015696428571428573,0.049657142857142865,32.87214285714286,0.14291785714285715,0.32954999999999995,43.26499999999999,0.08758571428571428,0.11585714285714285,74.8742857142857,0.0,0.035207142857142854,0.4385714285714286,0.021889285714285715,0.10162857142857143,0.21714285714285714,0.08822857142857142,0.0,0.4492285714285714,0.44693571428571427,0.08248928571428572,0.2759928571428572,0.08845357142857144,0.2176357142857143,0.06785714285714285,0.14977142857142853,0.10696785714285714,0.0868857142857143,1.4328571428571428,0.02749285714285715,0.09362142857142856,28.97357142857143,0.13799285714285717,0.3155892857142857,43.76785714285715,0.08845357142857144,0.1299857142857143,68.12857142857145,0.0,0.04275357142857143,0.5335714285714286,0.02950714285714286,0.10807142857142858,0.2757142857142857,0.0868857142857143,0.0,0.47165
114,120,2001-12-02,1,1,2001-02,Sacramento Kings,Dallas Mavericks,0,0.5081633333333333,0.07391333333333332,0.3382233333333333,0.09602333333333334,0.23559666666666665,0.06383666666666667,0.17175999999999994,0.11568333333333332,0.07186333333333333,1.7573333333333332,0.02464,0.07208333333333332,34.43866666666667,0.1691133333333333,0.3504633333333333,48.256,0.09602333333333334,0.13473333333333332,71.91000000000001,0.0,0.04288666666666666,0.6433333333333333,0.0224,0.09582333333333333,0.2386666666666667,0.07186333333333333,0.0,0.5853666666666667,0.48814333333333326,0.09168000000000001,0.30146,0.09499999999999999,0.20244333333333336,0.05061333333333333,0.15182333333333337,0.10301999999999999,0.0591,1.7919999999999996,0.03056,0.08996000000000001,34.08533333333333,0.15072333333333338,0.31928999999999996,47.214666666666666,0.09499999999999999,0.11942666666666671,80.284,0.0,0.03488666666666666,0.6120000000000001,0.023493333333333335,0.09861666666666666,0.24533333333333335,0.0591,0.0,0.5404833333333333
103,72,2001-12-02,1,1,2001-02,Los Angeles Clippers,Indiana Pacers,1,0.50137,0.053446666666666656,0.3272233333333333,0.12070333333333333,0.2201433333333333,0.06343333333333333,0.15670666666666666,0.09039,0.08168333333333333,1.1320000000000001,0.017813333333333334,0.05883666666666667,30.438,0.1636,0.3498433333333334,46.98533333333334,0.12070333333333333,0.15205666666666667,79.72200000000001,0.0,0.033850000000000005,0.4133333333333334,0.03469,0.12117,0.30400000000000005,0.08168333333333333,0.0,0.5401533333333333,0.5014166666666665,0.07664666666666667,0.32252999999999993,0.10224000000000001,0.21791000000000002,0.060443333333333335,0.15746666666666667,0.12325666666666665,0.07336000000000001,1.8173333333333335,0.025546666666666665,0.06813666666666666,37.92933333333334,0.1612666666666667,0.34983666666666663,46.18066666666667,0.10224000000000001,0.12785333333333335,79.938,0.0,0.03966666666666666,0.57,0.028003333333333335,0.11787333333333333,0.24333333333333332,0.07336000000000001,0.0,0.5801266666666666
97,83,2001-12-02,1,1,2001-02,Seattle SuperSonics,Milwaukee Bucks,1,0.4859666666666667,0.10412,0.3035333333333334,0.07831333333333333,0.20518999999999998,0.062020000000000006,0.14317333333333332,0.11151000000000001,0.07584333333333332,1.5506666666666669,0.03471333333333334,0.09108000000000001,37.17999999999999,0.1517633333333333,0.32755666666666666,46.53666666666666,0.07831333333333333,0.10466333333333333,74.88533333333334,0.0,0.04197666666666667,0.5673333333333334,0.020383333333333333,0.11996333333333334,0.1733333333333333,0.07584333333333332,0.0,0.5306633333333335,0.5054541666666666,0.12144166666666666,0.2871458333333334,0.096875,0.18194166666666667,0.044324999999999996,0.13762083333333333,0.11667916666666668,0.06444583333333333,1.8658333333333335,0.04047916666666668,0.10092916666666667,39.41,0.14356666666666668,0.2881875,49.79916666666667,0.096875,0.12275833333333334,77.03916666666667,0.0,0.05000833333333332,0.8058333333333333,0.020675,0.11326249999999999,0.19333333333333336,0.06444583333333333,0.0,0.5793750000000001
69,85,2001-12-02,1,1,2001-02,Toronto Raptors,Boston Celtics,0,0.4789266666666666,0.09690666666666667,0.2891366666666666,0.09287666666666666,0.21402333333333332,0.07498333333333336,0.13904333333333332,0.11381,0.07438666666666668,1.7946666666666666,0.03230666666666666,0.08915000000000001,35.25333333333333,0.14456999999999998,0.32631000000000004,44.19533333333334,0.09287666666666666,0.13314333333333334,71.75399999999999,0.0,0.04830333333333334,0.7306666666666666,0.039080000000000004,0.11823666666666667,0.35,0.07438666666666668,0.0,0.5409133333333332,0.49491538461538465,0.1446423076923077,0.25969615384615385,0.09057307692307691,0.22389230769230767,0.06317692307692307,0.1607153846153846,0.11331538461538462,0.0648,1.8353846153846147,0.04821153846153846,0.1173923076923077,41.635384615384616,0.12985,0.30201153846153844,43.03153846153847,0.09057307692307691,0.12195384615384616,74.54307692307692,0.0,0.03991923076923077,0.6346153846153846,0.018546153846153844,0.09872307692307691,0.1846153846153846,0.0648,0.0,0.5530846153846154
110,93,2001-12-03,1,1,2001-02,Phoenix Suns,Golden State Warriors,1,0.49637,0.06545,0.34823000000000004,0.08267666666666666,0.21308666666666667,0.05740333333333333,0.15569,0.11260333333333333,0.07543333333333332,1.5826666666666669,0.021819999999999996,0.06443333333333333,31.927333333333333,0.1741133333333333,0.35163000000000005,49.644,0.08267666666666666,0.10514,78.94066666666666,0.0,0.046416666666666655,0.6493333333333333,0.02139333333333333,0.12071666666666667,0.18400000000000002,0.07543333333333332,0.0,0.5718433333333333,0.47011,0.05278666666666667,0.31074000000000007,0.10657333333333334,0.24777333333333332,0.08810333333333334,0.15966666666666665,0.10316666666666666,0.09166333333333335,1.1873333333333334,0.017596666666666663,0.048573333333333336,37.31066666666666,0.15537333333333334,0.36719333333333337,42.535999999999994,0.10657333333333334,0.1514666666666667,71.06466666666667,0.0,0.037766666666666664,0.42600000000000005,0.034173333333333326,0.11040333333333335,0.32399999999999995,0.09166333333333335,0.0,0.5136066666666665
89,86,2001-12-03,1,1,2001-02,New York Knicks,Houston Rockets,1,0.43323000000000006,0.07177333333333333,0.26505666666666666,0.09640666666666668,0.2029666666666667,0.052153333333333336,0.15081333333333333,0.09442333333333335,0.07565333333333335,1.3093333333333332,0.02392333333333333,0.07533,31.793999999999997,0.13252666666666665,0.3039266666666666,43.877333333333326,0.09640666666666668,0.12989666666666666,75.11399999999999,0.0,0.03656,0.5239999999999999,0.01481666666666667,0.10789999999999998,0.13333333333333333,0.07565333333333335,0.0,0.45005,0.45999333333333337,0.08703000000000001,0.28113333333333335,0.09183666666666666,0.22452999999999998,0.06076333333333332,0.16377333333333333,0.09165333333333331,0.06994333333333333,1.4046666666666667,0.029003333333333336,0.09088666666666664,32.586666666666666,0.14057,0.3134566666666666,45.048,0.09183666666666666,0.12325999999999998,74.76199999999999,0.0,0.03539,0.528,0.018853333333333337,0.08754666666666668,0.2153333333333334,0.06994333333333333,0.0,0.49430333333333326
113,71,2001-12-03,1,1,2001-02,Orlando Magic,Memphis Grizzlies,1,0.5199966666666668,0.09122666666666665,0.31800333333333336,0.11076666666666667,0.22090333333333337,0.07142,0.14947666666666665,0.10948333333333332,0.06690333333333333,1.742666666666667,0.030406666666666672,0.08587666666666666,35.480666666666664,0.15900333333333333,0.34646000000000005,46.18866666666668,0.11076666666666667,0.14182333333333338,78.032,0.0,0.038303333333333335,0.5913333333333333,0.029349999999999998,0.12358666666666666,0.23933333333333337,0.06690333333333333,0.0,0.5771433333333333,0.44788999999999995,0.08336333333333333,0.2775933333333334,0.08693,0.21616666666666665,0.06699999999999999,0.14916,0.10746333333333333,0.08626,1.4473333333333331,0.02778666666666667,0.09271333333333334,29.679333333333332,0.13879333333333335,0.31601,43.96400000000001,0.08693,0.12786,68.17333333333335,0.0,0.043070000000000004,0.542,0.029706666666666666,0.10766,0.2786666666666667,0.08626,0.0,0.4749566666666667
104,100,2001-12-04,1,1,2001-02,Utah Jazz,Charlotte Hornets,1,0.48461666666666664,0.040266666666666666,0.32552333333333333,0.11882999999999999,0.20845666666666668,0.06135,0.14710333333333334,0.12852999999999998,0.09467,1.4020000000000001,0.01342,0.044649999999999995,29.83666666666667,0.16277000000000003,0.33747666666666665,48.41733333333334,0.11882999999999999,0.15839999999999999,75.65866666666666,0.0,0.04493333333333333,0.4826666666666667,0.03468333333333333,0.12260333333333334,0.29533333333333334,0.09467,0.0,0.56103,0.4667233333333333,0.07551333333333332,0.28901333333333334,0.10219333333333332,0.20935333333333336,0.05474000000000001,0.15461,0.08895000000000002,0.07365666666666668,1.3226666666666669,0.02517666666666667,0.06385333333333335,41.110666666666674,0.14450333333333334,0.32617333333333326,44.31266666666667,0.10219333333333332,0.13311666666666666,77.22066666666666,0.0,0.03413,0.47933333333333333,0.026499999999999992,0.11343666666666667,0.23933333333333337,0.07365666666666668,0.0,0.5007199999999999
100,88,2001-12-04,1,1,2001-02,Cleveland Cavaliers,Detroit Pistons,1,0.44374666666666673,0.05907,0.2942033333333334,0.09047333333333334,0.2131033333333333,0.056420000000000005,0.15668,0.10661,0.07554,1.4853333333333336,0.019693333333333334,0.056953333333333335,34.82066666666666,0.14710333333333334,0.34237,42.99466666666667,0.09047333333333334,0.11598000000000001,77.78866666666667,0.0,0.02933333333333333,0.3946666666666666,0.026173333333333326,0.10675666666666667,0.2666666666666667,0.07554,0.0,0.48538666666666674,0.4836285714285715,0.11231428571428571,0.28566071428571427,0.08564642857142857,0.19756785714285713,0.039325,0.15823214285714285,0.11362857142857143,0.07791071428571429,1.692857142857143,0.037442857142857146,0.09408214285714288,39.830714285714286,0.14283214285714285,0.29079285714285713,49.276428571428575,0.08564642857142857,0.107775,81.00428571428571,0.0,0.041321428571428565,0.5507142857142856,0.03464642857142857,0.10700714285714286,0.33214285714285713,0.07791071428571429,0.0,0.5661428571428571
103,88,2001-12-04,1,1,2001-02,San Antonio Spurs,Washington Wizards,1,0.5154892857142858,0.1284107142857143,0.27078214285714286,0.11629285714285716,0.21199642857142859,0.06222142857142857,0.14976785714285715,0.10334642857142859,0.069275,1.5821428571428569,0.04281071428571428,0.09291428571428574,45.45142857142857,0.13539285714285715,0.2973642857142857,45.99428571428571,0.11629285714285716,0.16145,72.23642857142858,0.0,0.03400714285714286,0.48071428571428576,0.03456071428571429,0.10449642857142857,0.33214285714285713,0.069275,0.0,0.572875,0.4575033333333333,0.053116666666666666,0.31415,0.09023333333333333,0.20331,0.05764333333333334,0.14567333333333335,0.09805333333333333,0.06567666666666667,1.5740000000000003,0.01770666666666667,0.04730999999999999,36.29866666666667,0.15707333333333334,0.36622666666666664,43.026666666666664,0.09023333333333333,0.11381666666666666,79.786,0.0,0.03715333333333334,0.6166666666666666,0.017370000000000003,0.11220666666666664,0.16066666666666668,0.06567666666666667,0.0,0.4853866666666667
108,83,2001-12-04,1,1,2001-02,Minnesota Timberwolves,Seattle SuperSonics,1,0.5011607142857143,0.056671428571428574,0.35728571428571426,0.08720357142857145,0.2166928571428572,0.057667857142857146,0.159025,0.13055357142857144,0.0585392857142857,2.3635714285714284,0.018889285714285713,0.04786428571428571,40.29,0.1786464285714286,0.3726964285714286,48.13214285714286,0.08720357142857145,0.10871071428571429,80.4057142857143,0.0,0.03585714285714286,0.6492857142857142,0.03026785714285715,0.10862142857142858,0.2785714285714286,0.0585392857142857,0.0,0.6114571428571428,0.4870633333333334,0.10245333333333333,0.30589333333333335,0.07871666666666667,0.20424666666666666,0.06206000000000001,0.14218999999999998,0.11073333333333334,0.0749,1.5626666666666664,0.034156666666666675,0.09110666666666668,36.55133333333333,0.15294666666666668,0.32815333333333335,46.808666666666674,0.07871666666666667,0.10409333333333333,75.50733333333332,0.0,0.04122666666666667,0.5660000000000001,0.020033333333333337,0.11716999999999998,0.17466666666666664,0.0749,0.0,0.5308566666666668
104,96,2001-12-04,1,1,2001-02,Indiana Pacers,Denver Nuggets,1,0.4991666666666666,0.07514666666666665,0.32311333333333336,0.10090666666666669,0.21741000000000002,0.059486666666666674,0.15792333333333333,0.12229666666666665,0.07315,1.806,0.02504666666666667,0.06672000000000002,37.91333333333333,0.16156000000000004,0.34962666666666664,46.294,0.10090666666666669,0.12722666666666665,79.24600000000001,0.0,0.039,0.5613333333333334,0.028213333333333333,0.11704,0.24799999999999997,0.07315,0.0,0.5768766666666667,0.4801500000000001,0.07613999999999997,0.3133066666666666,0.09068999999999999,0.21867333333333333,0.07409333333333333,0.1446,0.10254333333333336,0.061483333333333334,1.718,0.02539,0.07697333333333332,32.726666666666674,0.15665333333333334,0.35246333333333335,44.653999999999996,0.09068999999999999,0.11940666666666667,76.45800000000001,0.0,0.03208333333333333,0.516,0.025429999999999998,0.11228333333333333,0.2333333333333333,0.061483333333333334,0.0,0.52128
94,84,2001-12-04,1,1,2001-02,Sacramento Kings,Philadelphia 76ers,1,0.5067033333333334,0.07291333333333333,0.3392233333333332,0.09456333333333332,0.23618,0.06363,0.1725533333333333,0.11493333333333333,0.07165666666666666,1.7546666666666664,0.024306666666666667,0.07066666666666666,34.67866666666667,0.1696133333333333,0.35309,48.024,0.09456333333333332,0.13248333333333334,71.98933333333333,0.0,0.04297,0.6493333333333333,0.02194,0.09503,0.23533333333333337,0.07165666666666666,0.0,0.5833266666666667,0.42302,0.046950000000000006,0.28711666666666663,0.08895333333333334,0.2199366666666667,0.06731999999999999,0.15261,0.08970000000000003,0.08759666666666667,1.0933333333333333,0.01565,0.04993000000000001,32.592000000000006,0.14355666666666667,0.33058,43.31533333333333,0.08895333333333334,0.11717333333333332,75.15333333333332,0.0,0.036066666666666664,0.4526666666666667,0.022303333333333335,0.10106,0.22266666666666665,0.08759666666666667,0.0,0.4539066666666667
71,85,2001-12-04,1,1,2001-02,Milwaukee Bucks,New York Knicks,0,0.5023423076923076,0.11959999999999998,0.28775,0.095,0.18246538461538464,0.04437692307692308,0.1380923076923077,0.11606923076923079,0.06468076923076924,1.8515384615384616,0.03986538461538462,0.10037692307692307,39.01615384615384,0.14386923076923078,0.2891423076923077,49.75538461538462,0.095,0.12052692307692309,77.1223076923077,0.0,0.049526923076923066,0.7953846153846154,0.02066923076923077,0.11233846153846153,0.19538461538461543,0.06468076923076924,0.0,0.5750961538461539,0.43152333333333337,0.06840000000000002,0.26914000000000005,0.09398999999999999,0.20284000000000005,0.05140333333333333,0.15144000000000002,0.09550666666666667,0.07640333333333334,1.3106666666666664,0.02279666666666667,0.07316333333333333,31.36,0.13456666666666667,0.30550999999999995,44.27266666666666,0.09398999999999999,0.12623,75.39999999999999,0.0,0.035976666666666664,0.5093333333333334,0.015023333333333336,0.10852666666666666,0.13533333333333328,0.07640333333333334,0.0,0.4509233333333333
87,83,2001-12-04,1,1,2001-02,Los Angeles Clippers,Miami Heat,1,0.49974333333333326,0.056819999999999996,0.32538999999999996,0.11753666666666665,0.22034999999999996,0.06401666666666667,0.15633333333333332,0.09388999999999999,0.08105666666666668,1.1840000000000002,0.01894,0.06042,31.938666666666666,0.16268333333333332,0.3488833333333334,46.861999999999995,0.11753666666666665,0.14889,79.22800000000001,0.0,0.032600000000000004,0.4046666666666667,0.03618999999999999,0.11779666666666667,0.32466666666666666,0.08105666666666668,0.0,0.5426933333333334,0.4236535714285714,0.055967857142857146,0.29200714285714285,0.07567857142857144,0.19890714285714287,0.05272857142857142,0.14616785714285713,0.09753571428571428,0.08096785714285715,1.2335714285714288,0.018657142857142855,0.04860357142857143,45.057142857142864,0.14600357142857143,0.33479285714285717,43.62142857142857,0.07567857142857144,0.11112857142857144,67.97428571428571,0.0,0.03088928571428572,0.4078571428571429,0.03363571428571429,0.1264214285714286,0.2685714285714286,0.08096785714285715,0.0,0.4494642857142858
103,75,2001-12-04,1,1,2001-02,Chicago Bulls,Houston Rockets,1,0.4036857142857143,0.025189285714285723,0.29166071428571433,0.086825,0.19695357142857142,0.050335714285714296,0.1466285714285714,0.10282142857142858,0.08054285714285715,1.4471428571428573,0.00840357142857143,0.03975357142857144,18.687857142857144,0.14582857142857142,0.34101071428571433,42.88571428571429,0.086825,0.12903214285714287,67.18357142857143,0.0,0.03730357142857142,0.5135714285714286,0.020189285714285715,0.10859642857142858,0.18714285714285714,0.08054285714285715,0.0,0.41167500000000007,0.45812,0.08953000000000001,0.27788333333333337,0.09071000000000001,0.21999000000000002,0.059263333333333335,0.1607333333333333,0.09127999999999999,0.07081666666666667,1.3806666666666667,0.029836666666666675,0.09101333333333332,33.370666666666665,0.1389433333333333,0.30837333333333333,45.244666666666674,0.09071000000000001,0.12196666666666665,74.54533333333333,0.0,0.03414,0.5026666666666667,0.018770000000000002,0.08538,0.21733333333333335,0.07081666666666667,0.0,0.48963666666666666
98,94,2001-12-05,1,1,2001-02,Los Angeles Lakers,Dallas Mavericks,1,0.5072566666666667,0.08009666666666668,0.31877,0.10838333333333333,0.2177466666666667,0.060390000000000006,0.15735999999999997,0.11305333333333333,0.07611666666666665,1.545333333333333,0.026703333333333336,0.07654000000000002,34.778666666666666,0.15938333333333332,0.3201,49.86933333333332,0.10838333333333333,0.16209666666666664,66.23400000000001,0.0,0.045366666666666666,0.614,0.03894666666666667,0.11464666666666666,0.36266666666666664,0.07611666666666665,0.0,0.5819933333333334,0.49018333333333325,0.08930666666666667,0.30637666666666674,0.09449999999999999,0.20298333333333338,0.05152999999999999,0.15145000000000003,0.10264666666666665,0.05868333333333333,1.8100000000000003,0.02976666666666667,0.0885,33.851333333333336,0.15318333333333337,0.3229166666666667,47.43733333333333,0.09449999999999999,0.1183,80.56466666666667,0.0,0.03438666666666667,0.6113333333333334,0.02378666666666667,0.10053333333333334,0.24533333333333338,0.05868333333333333,0.0,0.5430233333333334
95,91,2001-12-05,1,1,2001-02,Detroit Pistons,Seattle SuperSonics,1,0.4838033333333334,0.11220000000000001,0.28545,0.08614333333333332,0.19598,0.039409999999999994,0.15655666666666665,0.11313666666666666,0.07751000000000001,1.6886666666666668,0.03740666666666667,0.09381000000000002,39.94466666666666,0.14272666666666664,0.2901133333333333,49.36533333333333,0.08614333333333332,0.10905000000000001,80.508,0.0,0.0409,0.5493333333333332,0.03442,0.10729000000000001,0.32999999999999996,0.07751000000000001,0.0,0.5640266666666667,0.4859366666666667,0.09995333333333334,0.30689333333333335,0.07909333333333332,0.20237333333333335,0.06131000000000001,0.14106666666666665,0.10948333333333335,0.07386000000000001,1.5733333333333333,0.03332333333333334,0.09056666666666667,35.846666666666664,0.15344666666666665,0.32731999999999994,47.086000000000006,0.07909333333333332,0.10351,76.108,0.0,0.04068333333333332,0.5673333333333335,0.019450000000000002,0.11425333333333333,0.174,0.07386000000000001,0.0,0.5285233333333333
102,74,2001-12-05,1,1,2001-02,Orlando Magic,Chicago Bulls,1,0.51683,0.09347666666666665,0.31433666666666665,0.10901666666666668,0.22203000000000003,0.07129333333333333,0.1507266666666667,0.10827666666666665,0.06573666666666668,1.7520000000000002,0.031156666666666666,0.08817000000000001,35.18666666666666,0.15717000000000006,0.34700000000000003,45.55400000000001,0.10901666666666668,0.13949,77.97333333333333,0.0,0.03726333333333333,0.5886666666666666,0.029433333333333332,0.12129333333333332,0.24600000000000002,0.06573666666666668,0.0,0.57077,0.40369,0.025510000000000012,0.29205000000000003,0.08611999999999999,0.19702999999999998,0.05052000000000001,0.14652,0.10296666666666666,0.08092333333333333,1.4366666666666668,0.00851,0.03968666666666667,18.732000000000003,0.14602333333333334,0.3409433333333334,42.918666666666674,0.08611999999999999,0.12830333333333335,67.10866666666666,0.0,0.03718999999999999,0.5093333333333334,0.019969999999999998,0.10789666666666668,0.18666666666666668,0.08092333333333333,0.0,0.4116466666666667
95,80,2001-12-05,1,1,2001-02,Boston Celtics,Denver Nuggets,1,0.4930464285714286,0.14381785714285716,0.25945,0.08977499999999998,0.2244642857142857,0.06303928571428571,0.16142142857142855,0.11209642857142857,0.06521428571428571,1.8064285714285708,0.047939285714285705,0.1183357142857143,41.08642857142858,0.129725,0.30142142857142856,43.09285714285715,0.08977499999999998,0.12087857142857143,74.43642857142856,0.0,0.040103571428571426,0.6342857142857143,0.018692857142857143,0.09930714285714284,0.185,0.06521428571428571,0.0,0.5500071428571428,0.47719,0.07789,0.3118066666666666,0.08748333333333333,0.21663333333333332,0.07284333333333333,0.14380666666666667,0.10429333333333335,0.06019,1.7773333333333334,0.02597333333333333,0.07839,32.94533333333333,0.1559033333333333,0.35059,44.687333333333335,0.08748333333333333,0.11411333333333333,76.94733333333333,0.0,0.030999999999999996,0.5133333333333333,0.02559666666666667,0.11395,0.23066666666666666,0.06019,0.0,0.5207799999999999
106,87,2001-12-05,1,1,2001-02,New Jersey Nets,Phoenix Suns,1,0.47850666666666675,0.07143333333333332,0.31343333333333334,0.09364666666666666,0.23383000000000004,0.07014666666666665,0.16368666666666667,0.11345333333333334,0.07666333333333333,1.592,0.02381,0.06844,34.272000000000006,0.15671333333333332,0.36380666666666667,43.10799999999999,0.09364666666666666,0.12558666666666668,75.02133333333335,0.0,0.03883666666666666,0.5486666666666667,0.03828333333333333,0.10974333333333335,0.36666666666666664,0.07666333333333333,0.0,0.5425866666666667,0.49645333333333336,0.06557666666666666,0.34937,0.08149333333333333,0.2128233333333334,0.05657000000000001,0.15626,0.11238,0.07457333333333335,1.5933333333333333,0.021859999999999997,0.06458333333333334,31.661333333333335,0.17468333333333333,0.35002000000000005,50.01133333333333,0.08149333333333333,0.10443333333333334,78.43133333333334,0.0,0.046066666666666665,0.6473333333333333,0.02242,0.11864666666666666,0.19666666666666668,0.07457333333333335,0.0,0.5745799999999999
93,87,2001-12-05,1,1,2001-02,Golden State Warriors,Philadelphia 76ers,1,0.46860999999999997,0.054286666666666684,0.30915666666666675,0.10515666666666666,0.24847999999999995,0.08927,0.15920666666666664,0.10333333333333332,0.09116333333333332,1.2020000000000002,0.018096666666666664,0.050780000000000006,36.55133333333333,0.15458,0.36761000000000005,42.26133333333334,0.10515666666666666,0.14934,71.05933333333334,0.0,0.03726666666666666,0.4226666666666667,0.03304666666666667,0.11111000000000001,0.31133333333333335,0.09116333333333332,0.0,0.5096466666666666,0.4283533333333333,0.0447,0.29311666666666664,0.0905366666666667,0.22202000000000002,0.06706999999999999,0.15494333333333335,0.09078333333333335,0.08576333333333334,1.1313333333333333,0.014900000000000004,0.050096666666666664,31.053333333333338,0.14655666666666664,0.3336199999999999,43.84199999999999,0.0905366666666667,0.11792333333333332,75.98533333333333,0.0,0.037733333333333334,0.48133333333333334,0.022430000000000002,0.10039333333333333,0.22666666666666663,0.08576333333333334,0.0,0.46590666666666664
112,120,2001-12-05,1,1,2001-02,Atlanta Hawks,San Antonio Spurs,0,0.4583133333333333,0.06385333333333335,0.2985433333333333,0.09592333333333332,0.21657333333333334,0.059106666666666675,0.15746333333333332,0.08908666666666668,0.08358333333333334,1.1273333333333333,0.021273333333333335,0.06277666666666666,32.952000000000005,0.1492733333333333,0.3306966666666666,45.41466666666666,0.09592333333333332,0.12639000000000003,76.84400000000001,0.0,0.03664333333333333,0.4506666666666667,0.023693333333333334,0.10573666666666669,0.23199999999999996,0.08358333333333334,0.0,0.4873366666666667,0.5136633333333334,0.12647666666666668,0.27164666666666665,0.11554,0.21311333333333332,0.062446666666666664,0.1506566666666667,0.10275000000000002,0.06932333333333335,1.5706666666666664,0.04216333333333333,0.09226000000000002,45.158,0.13582666666666668,0.2986666666666667,45.92666666666666,0.11554,0.15964666666666666,72.62666666666668,0.0,0.034113333333333336,0.4826666666666667,0.034550000000000004,0.10423666666666667,0.33333333333333326,0.06932333333333335,0.0,0.57181
80,105,2001-12-06,1,1,2001-02,Memphis Grizzlies,Minnesota Timberwolves,0,0.4523066666666666,0.08573666666666666,0.2816766666666667,0.08488999999999998,0.2115,0.06445999999999999,0.14703333333333332,0.10917,0.08292666666666666,1.5126666666666664,0.02858,0.09204666666666667,30.836666666666662,0.1408333333333333,0.31755,44.411333333333346,0.08488999999999998,0.12494333333333335,68.26666666666667,0.0,0.043736666666666674,0.5673333333333335,0.03058,0.10686666666666665,0.2886666666666666,0.08292666666666666,0.0,0.4841233333333334,0.4994566666666666,0.05664333333333334,0.35679999999999995,0.08601666666666667,0.2179966666666667,0.05878333333333333,0.15921666666666667,0.12947666666666666,0.059553333333333326,2.3206666666666664,0.018879999999999997,0.04817333333333333,40.29666666666666,0.17840333333333333,0.3739333333333334,47.913333333333334,0.08601666666666667,0.10704666666666666,80.47666666666667,0.0,0.03584,0.6419999999999999,0.03016666666666667,0.10863,0.27799999999999997,0.059553333333333326,0.0,0.6075266666666667
95,89,2001-12-06,1,1,2001-02,Milwaukee Bucks,Toronto Raptors,1,0.49860357142857137,0.11788571428571426,0.28808928571428577,0.0926357142857143,0.183225,0.04473571428571428,0.13849642857142858,0.11527857142857144,0.06528214285714286,1.8285714285714287,0.03929642857142858,0.10012857142857143,38.56214285714286,0.14403928571428573,0.28982857142857144,49.70857142857143,0.0926357142857143,0.11776785714285716,77.10142857142857,0.0,0.04916071428571427,0.7842857142857144,0.020664285714285715,0.1115,0.1971428571428572,0.06528214285714286,0.0,0.5699107142857143,0.4799666666666667,0.09990666666666664,0.29197,0.08808333333333333,0.21589666666666665,0.07335666666666668,0.14254333333333333,0.11597666666666666,0.07318000000000001,1.8439999999999999,0.033306666666666665,0.09106666666666667,35.779999999999994,0.14598666666666665,0.3273500000000001,44.473333333333336,0.08808333333333333,0.12410333333333332,72.87999999999998,0.0,0.047843333333333335,0.7346666666666668,0.040663333333333336,0.11511,0.36866666666666675,0.07318000000000001,0.0,0.5520399999999999
82,85,2001-12-06,1,1,2001-02,Houston Rockets,Washington Wizards,0,0.45527,0.09019666666666667,0.27560666666666667,0.08947333333333334,0.21589333333333335,0.05776333333333334,0.15813666666666665,0.09047333333333332,0.07161000000000001,1.3566666666666665,0.030060000000000007,0.09122,33.39933333333333,0.13780333333333333,0.3042333333333333,45.45399999999999,0.08947333333333334,0.12020333333333331,74.568,0.0,0.033446666666666666,0.48866666666666675,0.01913,0.08465666666666666,0.2226666666666667,0.07161000000000001,0.0,0.4843033333333333,0.45679666666666663,0.050616666666666664,0.3148166666666666,0.09136000000000001,0.20493666666666663,0.059183333333333324,0.14575666666666667,0.09705333333333331,0.06471666666666667,1.592,0.01687333333333334,0.045976666666666666,35.64866666666667,0.15740666666666664,0.36880999999999997,42.82933333333334,0.09136000000000001,0.11435666666666666,80.532,0.0,0.03565333333333333,0.6093333333333333,0.01733,0.11007999999999998,0.16333333333333336,0.06471666666666667,0.0,0.48355333333333334
89,95,2001-12-06,1,1,2001-02,Portland Trail Blazers,Charlotte Hornets,0,0.4699433333333333,0.07166333333333334,0.30727000000000004,0.09100333333333335,0.20079333333333332,0.056646666666666665,0.14414000000000002,0.11391333333333334,0.07180333333333332,1.7606666666666666,0.023890000000000005,0.07329999999999999,34.28066666666667,0.1536366666666667,0.32111,48.15,0.09100333333333335,0.11845666666666664,76.98133333333334,0.0,0.03957000000000001,0.5946666666666667,0.02489,0.11108333333333334,0.2226666666666667,0.07180333333333332,0.0,0.5329433333333333,0.4647233333333333,0.07164000000000001,0.29343,0.09965333333333332,0.21002,0.056573333333333344,0.15344333333333335,0.09024333333333333,0.07482333333333334,1.3246666666666669,0.023883333333333333,0.06272666666666667,40.332666666666675,0.14671000000000003,0.3300466666666667,44.480666666666664,0.09965333333333332,0.12911666666666666,77.64799999999998,0.0,0.035089999999999996,0.4866666666666667,0.026249999999999992,0.11318666666666667,0.23800000000000002,0.07482333333333334,0.0,0.49984666666666666
89,106,2001-12-07,1,1,2001-02,Golden State Warriors,Charlotte Hornets,0,0.46541666666666665,0.05549333333333335,0.3062133333333333,0.10369666666666665,0.24860666666666667,0.08969999999999999,0.1589,0.10335000000000001,0.09079,1.212,0.0185,0.05237666666666666,36.03,0.15310666666666664,0.36676000000000003,41.966,0.10369666666666665,0.14753333333333335,70.91933333333333,0.0,0.03717,0.4233333333333334,0.03215666666666666,0.11087333333333334,0.3033333333333334,0.09079,0.0,0.5045066666666665,0.46376333333333336,0.06951333333333333,0.29734666666666665,0.09690333333333333,0.21081333333333332,0.05853333333333334,0.1522766666666667,0.09057666666666667,0.07549,1.3213333333333337,0.02317666666666667,0.06255999999999999,39.736,0.14867000000000002,0.3340066666666666,44.551333333333325,0.09690333333333333,0.12549,77.80799999999999,0.0,0.03584,0.4946666666666667,0.02562333333333333,0.11260333333333333,0.2346666666666667,0.07549,0.0,0.4978066666666666
86,102,2001-12-07,1,1,2001-02,Los Angeles Clippers,Utah Jazz,0,0.4998699999999999,0.059693333333333334,0.32564,0.11453666666666668,0.21826666666666666,0.06397666666666667,0.15429333333333334,0.09726333333333333,0.08122333333333334,1.226,0.019899999999999994,0.061459999999999994,33.15266666666666,0.16280999999999998,0.34701000000000004,47.14199999999999,0.11453666666666668,0.14547333333333332,78.97600000000001,0.0,0.03301666666666667,0.412,0.03739666666666667,0.11575666666666666,0.34400000000000003,0.08122333333333334,0.0,0.5479,0.4815333333333333,0.03964,0.32343999999999995,0.11845666666666665,0.20854,0.0621,0.14643666666666666,0.12644666666666665,0.09446333333333332,1.3880000000000001,0.013213333333333332,0.044276666666666666,29.620000000000005,0.16173,0.33735,48.14333333333334,0.11845666666666665,0.1579833333333333,75.50933333333334,0.0,0.04497333333333333,0.48400000000000004,0.034850000000000006,0.1218966666666667,0.30066666666666664,0.09446333333333332,0.0,0.5556566666666668
98,96,2001-12-07,1,1,2001-02,Toronto Raptors,Denver Nuggets,1,0.47768999999999995,0.10177999999999998,0.29086,0.08504333333333333,0.21789666666666666,0.07267333333333334,0.14522666666666667,0.11604666666666667,0.07325000000000001,1.8046666666666664,0.03393333333333333,0.09177333333333333,36.284666666666666,0.14543,0.3277666666666666,44.25666666666667,0.08504333333333333,0.11839666666666666,73.58933333333333,0.0,0.047136666666666674,0.7133333333333333,0.04149666666666666,0.11269333333333333,0.38133333333333336,0.07325000000000001,0.0,0.5534999999999999,0.47448333333333337,0.07801666666666665,0.3114733333333333,0.08498333333333334,0.21563333333333334,0.07271666666666668,0.14293333333333333,0.10508666666666669,0.05894,1.822,0.026013333333333333,0.07947333333333333,32.64333333333334,0.1557366666666667,0.35059,44.63933333333333,0.08498333333333334,0.11077999999999998,76.90466666666666,0.0,0.03075,0.5206666666666667,0.026303333333333335,0.11482333333333333,0.2353333333333333,0.05894,0.0,0.5191966666666666
98,83,2001-12-07,1,1,2001-02,Indiana Pacers,Chicago Bulls,1,0.49689999999999995,0.07412,0.32334666666666667,0.09943333333333335,0.21731,0.05876000000000001,0.15854999999999997,0.12216333333333332,0.07321666666666668,1.8033333333333332,0.02470666666666667,0.06548666666666667,38.01199999999999,0.16167666666666666,0.3504,46.24,0.09943333333333335,0.1262933333333333,78.58266666666665,0.0,0.03839333333333334,0.5526666666666666,0.028739999999999998,0.11645666666666667,0.25533333333333336,0.07321666666666668,0.0,0.5739166666666666,0.4063166666666667,0.027883333333333347,0.29321666666666674,0.08520333333333331,0.19619666666666666,0.04972666666666667,0.14648,0.10404999999999999,0.08179666666666667,1.4426666666666668,0.009303333333333334,0.04010333333333333,20.161333333333335,0.14660666666666666,0.3392366666666666,43.266666666666666,0.08520333333333331,0.12697,67.08466666666666,0.0,0.038606666666666664,0.528,0.020176666666666666,0.10769000000000001,0.19000000000000003,0.08179666666666667,0.0,0.41835333333333335
96,84,2001-12-07,1,1,2001-02,New Jersey Nets,Cleveland Cavaliers,1,0.47513333333333346,0.06930666666666667,0.31485,0.09097999999999999,0.23441333333333333,0.06923,0.16518666666666665,0.11349333333333332,0.07849666666666666,1.5533333333333337,0.023103333333333333,0.06827333333333334,33.464666666666666,0.15742,0.36180666666666667,43.511333333333326,0.09097999999999999,0.12279333333333332,74.55533333333332,0.0,0.039376666666666664,0.5426666666666667,0.03878333333333332,0.10970333333333333,0.3713333333333333,0.07849666666666666,0.0,0.5413366666666666,0.4439133333333334,0.06232000000000001,0.2915366666666667,0.09005666666666666,0.21360333333333328,0.05654666666666667,0.15705333333333332,0.10727666666666667,0.07587333333333333,1.4946666666666666,0.020776666666666666,0.05745333333333333,36.02466666666667,0.14577,0.3396633333333333,42.93533333333333,0.09005666666666666,0.11598000000000001,77.55199999999999,0.0,0.02962666666666667,0.3959999999999999,0.02609,0.10671666666666667,0.26733333333333337,0.07587333333333333,0.0,0.48813666666666666
109,102,2001-12-07,1,1,2001-02,Boston Celtics,Phoenix Suns,1,0.49076000000000003,0.14298000000000002,0.25857,0.08920666666666666,0.22499999999999998,0.06296333333333333,0.1620333333333333,0.11049666666666667,0.06561666666666667,1.7706666666666662,0.047659999999999994,0.11924,40.550666666666665,0.12928333333333333,0.3002,43.14133333333334,0.08920666666666666,0.11998666666666667,74.41799999999999,0.0,0.04030333333333334,0.6340000000000001,0.018986666666666666,0.09985333333333332,0.18733333333333332,0.06561666666666667,0.0,0.5466733333333332,0.49766333333333335,0.06707666666666666,0.3497866666666667,0.08078333333333336,0.21257333333333334,0.05590333333333334,0.1566766666666667,0.11304666666666667,0.07420000000000002,1.606,0.02236,0.06545666666666668,31.93066666666667,0.17488999999999996,0.34818666666666676,50.316,0.08078333333333336,0.10385,78.26133333333334,0.0,0.046316666666666666,0.6519999999999999,0.023713333333333333,0.11752333333333333,0.20933333333333334,0.07420000000000002,0.0,0.5796633333333333
86,76,2001-12-07,1,1,2001-02,San Antonio Spurs,Philadelphia 76ers,1,0.5104133333333334,0.12222666666666668,0.2735633333333334,0.11462333333333333,0.21415333333333333,0.06190666666666666,0.15224,0.10258333333333333,0.06853000000000001,1.5906666666666667,0.04074666666666667,0.09000999999999999,44.80133333333334,0.13678666666666667,0.30100000000000005,45.90266666666667,0.11462333333333333,0.15689666666666666,73.27666666666667,0.0,0.03419666666666667,0.49000000000000005,0.034216666666666666,0.10294333333333333,0.3346666666666666,0.06853000000000001,0.0,0.57127,0.43010333333333334,0.04295,0.2960333333333333,0.09112,0.22418666666666667,0.06777666666666667,0.15640333333333337,0.09065666666666668,0.08434666666666667,1.1486666666666667,0.01431666666666667,0.05030333333333333,29.794000000000004,0.14801666666666666,0.33624666666666664,43.952,0.09112,0.11821666666666666,76.26266666666668,0.0,0.03915,0.5046666666666667,0.02272333333333333,0.09943333333333333,0.23266666666666663,0.08434666666666667,0.0,0.4711566666666666
94,98,2001-12-07,1,1,2001-02,Seattle SuperSonics,Miami Heat,0,0.48499666666666663,0.09722666666666666,0.30894333333333335,0.07882666666666666,0.19968,0.060626666666666676,0.13906000000000002,0.10851666666666668,0.07282000000000001,1.587333333333333,0.03241666666666667,0.08968333333333334,35.19199999999999,0.15447333333333332,0.32671333333333324,47.486,0.07882666666666666,0.10241666666666666,76.46666666666668,0.0,0.04018333333333333,0.5706666666666667,0.019083333333333338,0.11160333333333332,0.1753333333333333,0.07282000000000001,0.0,0.52653,0.42266,0.05698666666666667,0.2903733333333333,0.0753,0.19885333333333335,0.052796666666666665,0.14604999999999999,0.09732666666666666,0.08040333333333334,1.242666666666667,0.018996666666666665,0.04949,44.50866666666668,0.14518666666666666,0.3336,43.53133333333333,0.0753,0.11076,67.91466666666666,0.0,0.03053666666666667,0.4066666666666667,0.03331,0.12503333333333336,0.2700000000000001,0.08040333333333334,0.0,0.4479166666666668
97,91,2001-12-07,1,1,2001-02,Sacramento Kings,Los Angeles Lakers,1,0.50651,0.07258,0.3397233333333333,0.09420333333333333,0.23582,0.06342333333333333,0.17240333333333333,0.11412666666666665,0.07075333333333332,1.7686666666666666,0.024196666666666665,0.06979333333333335,34.88533333333334,0.16986333333333328,0.3551066666666667,47.82399999999999,0.09420333333333333,0.13181666666666667,72.03066666666665,0.0,0.042706666666666664,0.6553333333333333,0.021133333333333334,0.09423666666666668,0.2293333333333334,0.07075333333333332,0.0,0.5811033333333333,0.5080899999999999,0.07946999999999999,0.31993666666666665,0.10867666666666667,0.21791333333333335,0.06138999999999999,0.15652666666666665,0.11384666666666667,0.07498999999999999,1.5913333333333333,0.026496666666666665,0.07683333333333335,34.412666666666674,0.15996666666666665,0.3210166666666667,49.91466666666666,0.10867666666666667,0.16117999999999996,66.91133333333333,0.0,0.04528333333333333,0.6246666666666666,0.03932,0.11373000000000001,0.3733333333333333,0.07498999999999999,0.0,0.5855766666666667
129,94,2001-12-07,1,1,2001-02,Orlando Magic,Atlanta Hawks,1,0.51544,0.09710333333333333,0.3106966666666666,0.10764333333333334,0.22107000000000002,0.07077666666666667,0.15028333333333332,0.10735999999999997,0.06576333333333333,1.7340000000000002,0.032363333333333334,0.09058666666666668,35.468666666666664,0.15535333333333334,0.34564000000000006,45.20333333333334,0.10764333333333334,0.1375066666666667,78.04866666666666,0.0,0.036763333333333335,0.5846666666666667,0.028806666666666668,0.11907,0.24733333333333338,0.06576333333333333,0.0,0.5652966666666667,0.4616633333333333,0.06743666666666667,0.29921000000000003,0.09502000000000001,0.21414333333333335,0.05846666666666667,0.15567,0.09128000000000001,0.08336,1.1653333333333333,0.022466666666666666,0.06480333333333334,33.71066666666667,0.14960666666666667,0.3281966666666667,45.854,0.09502000000000001,0.12420666666666666,77.51800000000001,0.0,0.03664333333333333,0.45200000000000007,0.023610000000000003,0.10450000000000002,0.23466666666666663,0.08336,0.0,0.4938633333333333
111,101,2001-12-08,1,1,2001-02,Utah Jazz,Golden State Warriors,1,0.4802966666666667,0.03968,0.3218566666666666,0.11876333333333333,0.20823333333333333,0.062450000000000006,0.14578666666666665,0.12450333333333334,0.09396333333333333,1.379333333333333,0.013229999999999999,0.04457,29.338000000000008,0.16093666666666667,0.3372,47.95666666666667,0.11876333333333333,0.15787333333333334,75.65400000000001,0.0,0.04471,0.48533333333333334,0.035333333333333335,0.12195333333333334,0.30666666666666664,0.09396333333333333,0.0,0.5523933333333333,0.4625,0.05612000000000001,0.3037966666666666,0.10257,0.24727333333333332,0.08941,0.15786,0.10280999999999998,0.09045666666666664,1.2120000000000002,0.018706666666666663,0.05346,35.54666666666667,0.15189666666666665,0.36555,41.778000000000006,0.10257,0.14582666666666666,70.954,0.0,0.03737666666666666,0.42733333333333334,0.031906666666666667,0.11091666666666668,0.30133333333333334,0.09045666666666664,0.0,0.49971333333333323
113,92,2001-12-08,1,1,2001-02,Portland Trail Blazers,Seattle SuperSonics,1,0.47115,0.07028999999999999,0.3096866666666667,0.09117,0.20037666666666665,0.057896666666666666,0.14247333333333334,0.11437333333333334,0.07117666666666667,1.8099999999999998,0.023430000000000006,0.07342666666666665,33.23666666666667,0.15484333333333336,0.32119333333333333,48.495333333333335,0.09117,0.1186233333333333,77.07333333333334,0.0,0.03969666666666667,0.6066666666666667,0.023183333333333334,0.10883333333333332,0.2106666666666667,0.07117666666666667,0.0,0.5337766666666667,0.4842033333333333,0.09447666666666667,0.3105833333333334,0.07914333333333333,0.19723666666666667,0.059500000000000004,0.13774333333333333,0.10801666666666666,0.07217999999999998,1.6026666666666665,0.0315,0.08860000000000001,34.61599999999999,0.15529,0.3251299999999999,47.95333333333334,0.07914333333333333,0.10233333333333333,76.654,0.0,0.039810000000000005,0.5733333333333334,0.01884666666666667,0.10951999999999999,0.17733333333333332,0.07217999999999998,0.0,0.5257933333333333
95,102,2001-12-08,1,1,2001-02,Dallas Mavericks,Washington Wizards,0,0.4940999999999999,0.08793333333333334,0.31162666666666666,0.09454,0.2041766666666667,0.05282333333333333,0.15135333333333334,0.10307666666666668,0.057683333333333336,1.8560000000000003,0.02930666666666667,0.08781666666666667,33.681333333333335,0.15581000000000003,0.3260566666666667,47.786666666666655,0.09454,0.11780000000000003,80.97533333333334,0.0,0.03447,0.6240000000000001,0.02419,0.10285000000000001,0.24466666666666673,0.057683333333333336,0.0,0.5502999999999999,0.4547566666666667,0.04886666666666666,0.31423333333333325,0.09165333333333334,0.20539666666666662,0.058976666666666656,0.14642333333333332,0.09663666666666668,0.06409,1.6079999999999999,0.016290000000000006,0.04501666666666667,35.11266666666666,0.15711333333333333,0.3694766666666667,42.68666666666665,0.09165333333333334,0.11352333333333334,81.44866666666667,0.0,0.03485999999999999,0.606,0.017703333333333335,0.10883,0.16866666666666666,0.06409,0.0,0.4823033333333333
107,97,2001-12-08,1,1,2001-02,Minnesota Timberwolves,Houston Rockets,1,0.5029966666666666,0.057516666666666674,0.3596333333333333,0.08585000000000001,0.22112333333333334,0.05949000000000001,0.16163333333333338,0.12968333333333332,0.060513333333333315,2.306666666666666,0.01917333333333333,0.048713333333333345,40.827999999999996,0.17981999999999998,0.3760166666666668,48.053333333333335,0.08585000000000001,0.10667333333333331,80.59066666666668,0.0,0.03538,0.6286666666666665,0.02920666666666667,0.10829666666666668,0.26999999999999996,0.060513333333333315,0.0,0.6113199999999999,0.45139666666666667,0.08994666666666666,0.27318999999999993,0.08826666666666667,0.21306000000000003,0.057013333333333326,0.15605333333333332,0.08955666666666667,0.07294333333333333,1.318,0.029976666666666665,0.09151333333333334,33.029333333333334,0.13659333333333334,0.30111000000000004,45.50533333333332,0.08826666666666667,0.11824666666666665,74.79933333333334,0.0,0.03336333333333333,0.48133333333333345,0.01933666666666667,0.08424,0.22600000000000003,0.07294333333333333,0.0,0.47776333333333326
109,99,2001-12-08,1,1,2001-02,Cleveland Cavaliers,Denver Nuggets,1,0.44462000000000007,0.06423666666666666,0.29014666666666666,0.09024,0.2144933333333333,0.05678333333333333,0.15770333333333336,0.10883333333333334,0.07565,1.5213333333333334,0.021416666666666664,0.05825999999999999,36.23466666666666,0.14507666666666666,0.33837,42.87599999999999,0.09024,0.11591,77.748,0.0,0.02996,0.4006666666666666,0.026533333333333336,0.10624333333333334,0.2753333333333334,0.07565,0.0,0.49297,0.47148333333333337,0.07822333333333333,0.31164,0.08160999999999999,0.21456333333333333,0.07232666666666668,0.14225000000000004,0.10632333333333334,0.058383333333333336,1.8593333333333333,0.026083333333333333,0.08008333333333334,32.55866666666666,0.15582,0.35040666666666664,44.686,0.08160999999999999,0.10666999999999999,76.58800000000001,0.0,0.03130666666666666,0.536,0.026953333333333333,0.11458666666666668,0.24133333333333334,0.058383333333333336,0.0,0.5185866666666665
107,104,2001-12-08,1,1,2001-02,Atlanta Hawks,Orlando Magic,1,0.4655366666666667,0.07068666666666666,0.29996000000000006,0.09489666666666666,0.2119366666666667,0.05734333333333333,0.15458666666666668,0.09253,0.08348666666666667,1.1806666666666665,0.02355,0.06667666666666668,34.57933333333334,0.14998000000000003,0.3248633333333333,46.38733333333333,0.09489666666666666,0.12270666666666667,78.37066666666666,0.0,0.037099999999999994,0.45733333333333337,0.02332,0.10333333333333335,0.2353333333333333,0.08348666666666667,0.0,0.5011133333333333,0.5133166666666666,0.10010333333333334,0.3071133333333333,0.10610333333333336,0.22007000000000002,0.07002666666666667,0.15003333333333335,0.10694333333333333,0.06580666666666665,1.7246666666666666,0.03336333333333333,0.09213,35.87333333333333,0.15356333333333333,0.3434733333333334,44.99133333333332,0.10610333333333336,0.13546333333333335,78.02333333333333,0.0,0.036969999999999996,0.5900000000000001,0.028513333333333335,0.11711,0.25133333333333335,0.06580666666666665,0.0,0.5619633333333334
92,83,2001-12-08,1,1,2001-02,Memphis Grizzlies,Philadelphia 76ers,1,0.45193333333333335,0.08510999999999999,0.28326000000000007,0.08355666666666665,0.208,0.06292,0.14507333333333333,0.10992000000000002,0.08184333333333332,1.5353333333333332,0.02837333333333333,0.08958666666666668,31.446,0.14162666666666665,0.31875666666666663,44.50666666666667,0.08355666666666665,0.12227666666666666,68.74933333333334,0.0,0.04511,0.5900000000000001,0.03074666666666666,0.10549333333333336,0.2933333333333333,0.08184333333333332,0.0,0.48679,0.43234,0.04261666666666667,0.29795000000000005,0.09177,0.22543666666666667,0.06838666666666667,0.1570433333333333,0.09172666666666668,0.08311,1.1740000000000002,0.014206666666666671,0.050803333333333325,29.422000000000008,0.14897666666666667,0.33835666666666664,43.98133333333333,0.09177,0.11877333333333334,76.39866666666667,0.0,0.04026,0.5226666666666667,0.02339,0.09832333333333333,0.24266666666666661,0.08311,0.0,0.47706
101,99,2001-12-08,1,1,2001-02,New York Knicks,Indiana Pacers,1,0.43162,0.06660666666666668,0.27408333333333335,0.09093333333333332,0.2028,0.05104333333333333,0.15175666666666665,0.09660333333333335,0.07643000000000003,1.3246666666666664,0.022200000000000004,0.07108,31.542666666666666,0.13704,0.3075933333333333,44.74733333333333,0.09093333333333332,0.12208,75.42399999999999,0.0,0.03553333333333333,0.5006666666666667,0.01512,0.10898666666666665,0.13666666666666666,0.07643000000000003,0.0,0.45467333333333326,0.4936499999999999,0.07253666666666667,0.32317999999999997,0.09793333333333336,0.21785000000000002,0.058426666666666675,0.15942333333333333,0.12192666666666668,0.07366,1.7886666666666666,0.024179999999999997,0.06419333333333334,37.82000000000001,0.1615933333333333,0.35102666666666665,46.154666666666664,0.09793333333333336,0.12555666666666668,77.73866666666666,0.0,0.037656666666666665,0.5386666666666666,0.029156666666666664,0.11597333333333332,0.2613333333333333,0.07366,0.0,0.5695
95,79,2001-12-08,1,1,2001-02,Milwaukee Bucks,New Jersey Nets,1,0.49399,0.11602666666666665,0.28763333333333335,0.09033333333333335,0.18426,0.04508666666666667,0.13918000000000003,0.11422,0.06601333333333334,1.7980000000000003,0.03867666666666668,0.10024666666666665,37.98466666666666,0.14381000000000002,0.29009,49.59,0.09033333333333335,0.11512333333333334,77.03066666666668,0.0,0.04858999999999999,0.7686666666666667,0.020579999999999998,0.11081666666666666,0.19800000000000004,0.06601333333333334,0.0,0.5630000000000001,0.4740933333333334,0.06743333333333333,0.31834999999999997,0.08831333333333331,0.23520666666666665,0.06985666666666666,0.16535333333333332,0.11441,0.07895666666666666,1.5560000000000003,0.022476666666666666,0.06848,32.63733333333333,0.15916999999999998,0.36289000000000005,43.86133333333334,0.08831333333333331,0.1205,73.82466666666667,0.0,0.040293333333333334,0.5506666666666665,0.03911666666666667,0.10866333333333333,0.378,0.07895666666666666,0.0,0.5422533333333333
87,84,2001-12-08,1,1,2001-02,Chicago Bulls,Boston Celtics,1,0.4075666666666667,0.028883333333333337,0.2939666666666667,0.08470333333333332,0.19540333333333332,0.04968666666666667,0.14573,0.10488333333333334,0.08188,1.4586666666666668,0.00963666666666667,0.039729999999999994,20.924666666666667,0.14698000000000003,0.3396533333333333,43.260666666666665,0.08470333333333332,0.12647000000000003,66.97999999999999,0.0,0.03931333333333333,0.5400000000000001,0.019843333333333334,0.10702333333333333,0.18800000000000003,0.08188,0.0,0.42060333333333333,0.48501000000000005,0.14235333333333333,0.2574033333333333,0.08524666666666667,0.22520666666666667,0.06400333333333333,0.1612,0.10841333333333332,0.06536666666666667,1.7493333333333332,0.04745333333333333,0.12136666666666666,39.65,0.12869999999999998,0.29899333333333333,43.150000000000006,0.08524666666666667,0.11678000000000001,73.33200000000001,0.0,0.04109666666666666,0.648,0.019946666666666665,0.10202,0.194,0.06536666666666667,0.0,0.5385899999999999
95,88,2001-12-09,1,1,2001-02,Sacramento Kings,Miami Heat,1,0.5045533333333333,0.06945666666666667,0.34022333333333327,0.09487,0.23557000000000003,0.06338,0.17219666666666664,0.11262666666666665,0.07038000000000001,1.7486666666666666,0.023153333333333338,0.06808333333333334,34.52133333333334,0.17011333333333328,0.35710666666666674,47.63466666666666,0.09487,0.13265,72.04799999999999,0.0,0.04245666666666667,0.6553333333333332,0.02055,0.09352999999999999,0.22533333333333339,0.07038000000000001,0.0,0.5756866666666666,0.4179533333333333,0.05886,0.28854,0.07055000000000002,0.19693666666666665,0.051713333333333326,0.14521666666666666,0.09762,0.07890333333333333,1.276666666666667,0.01962333333333333,0.052573333333333326,40.40266666666666,0.14427,0.3322266666666667,43.43866666666666,0.07055000000000002,0.10471999999999998,67.62666666666667,0.0,0.030910000000000003,0.4206666666666667,0.03222666666666667,0.12053333333333334,0.2720000000000001,0.07890333333333333,0.0,0.44166666666666676
90,91,2001-12-09,1,1,2001-02,Toronto Raptors,Phoenix Suns,0,0.4740233333333332,0.10278,0.29061000000000003,0.08062666666666667,0.21910666666666667,0.07200666666666668,0.1471033333333333,0.11592333333333335,0.07258333333333335,1.7846666666666664,0.03426666666666666,0.09210666666666664,36.63466666666667,0.14530333333333337,0.3291833333333333,44.016666666666666,0.08062666666666667,0.11143666666666666,74.00666666666666,0.0,0.046553333333333335,0.7013333333333335,0.04174666666666667,0.11019333333333335,0.39000000000000007,0.07258333333333335,0.0,0.55225,0.49757999999999997,0.06890333333333333,0.34892,0.07974333333333332,0.21191333333333334,0.055586666666666666,0.15633666666666665,0.11281333333333333,0.07410000000000001,1.5986666666666665,0.022966666666666673,0.06665000000000001,32.22266666666666,0.17445666666666665,0.3468366666666667,50.366666666666674,0.07974333333333332,0.10306666666666665,77.91000000000001,0.0,0.046316666666666666,0.6506666666666666,0.02493,0.11618333333333333,0.222,0.07410000000000001,0.0,0.58008
105,77,2001-12-09,1,1,2001-02,Detroit Pistons,Houston Rockets,1,0.48672000000000004,0.11395000000000001,0.2863666666666666,0.08639333333333334,0.19260666666666668,0.038369999999999994,0.1542233333333333,0.11367666666666666,0.07597000000000001,1.724,0.037989999999999996,0.09406000000000003,40.507333333333335,0.14318666666666668,0.2886133333333333,49.77733333333333,0.08639333333333334,0.11105000000000001,79.10733333333334,0.0,0.04052666666666667,0.5553333333333333,0.03425333333333333,0.10754,0.3293333333333333,0.07597000000000001,0.0,0.5656533333333333,0.4467233333333334,0.08879666666666668,0.2706566666666667,0.08727333333333333,0.21089333333333335,0.05658666666666666,0.15431333333333333,0.08862333333333333,0.07396000000000001,1.2893333333333337,0.02959333333333334,0.09132000000000001,32.529333333333334,0.13532666666666668,0.29914999999999997,45.36866666666666,0.08727333333333333,0.11664,74.99866666666667,0.0,0.03343,0.47933333333333344,0.019363333333333333,0.08401333333333331,0.22600000000000003,0.07396000000000001,0.0,0.47017999999999993
89,78,2001-12-09,1,1,2001-02,Los Angeles Clippers,Charlotte Hornets,1,0.49805333333333335,0.06198666666666667,0.3251666666666667,0.11089666666666666,0.21733666666666668,0.06351666666666668,0.15382,0.10012333333333334,0.08191666666666668,1.2533333333333334,0.020663333333333332,0.062209999999999994,34.03333333333333,0.16257333333333335,0.34453666666666666,47.406666666666666,0.11089666666666666,0.14089,78.86466666666668,0.0,0.033476666666666675,0.41600000000000004,0.037869999999999994,0.11405,0.35666666666666663,0.08191666666666668,0.0,0.55144,0.4643033333333334,0.06847333333333334,0.3007633333333333,0.09507,0.21121666666666664,0.06071666666666667,0.15050000000000002,0.09166,0.07561666666666667,1.3340000000000003,0.022826666666666662,0.06208666666666666,39.79666666666666,0.15037666666666666,0.33742333333333335,44.614,0.09507,0.12350666666666665,77.60600000000001,0.0,0.03634,0.5006666666666667,0.02466333333333333,0.11238,0.22666666666666666,0.07561666666666667,0.0,0.49782333333333345
100,92,2001-12-10,1,1,2001-02,Los Angeles Clippers,Orlando Magic,1,0.4951366666666666,0.06361333333333334,0.32416666666666666,0.10735333333333334,0.21563000000000002,0.06255666666666666,0.15307,0.10195666666666668,0.08258333333333336,1.2686666666666668,0.021203333333333334,0.06258666666666667,34.62933333333333,0.16207333333333335,0.34183,47.628,0.10735333333333334,0.13697333333333328,78.53666666666668,0.0,0.033933333333333336,0.41999999999999993,0.03782666666666667,0.11267333333333333,0.36466666666666664,0.08258333333333336,0.0,0.5511466666666667,0.5130766666666667,0.10397666666666666,0.30468,0.10442000000000001,0.21914333333333333,0.06863333333333332,0.1505,0.10720333333333333,0.0659,1.724,0.03465666666666667,0.09399666666666667,36.57866666666666,0.15234666666666669,0.34019,45.11133333333332,0.10442000000000001,0.13349666666666668,77.858,0.0,0.03719666666666666,0.5960000000000001,0.028446666666666665,0.11501,0.25733333333333336,0.0659,0.0,0.5628966666666667
107,98,2001-12-10,1,1,2001-02,Utah Jazz,Dallas Mavericks,1,0.47988000000000003,0.040056666666666664,0.32060666666666665,0.11922,0.20865,0.06303333333333333,0.14562000000000003,0.12329333333333334,0.09304666666666665,1.3893333333333333,0.013353333333333333,0.04515333333333333,29.19,0.16031,0.3375333333333333,47.75133333333334,0.11922,0.15774666666666667,75.88733333333332,0.0,0.04445999999999999,0.48866666666666675,0.035916666666666666,0.12145333333333334,0.31466666666666665,0.09304666666666665,0.0,0.5516,0.4979766666666666,0.08768333333333334,0.31521000000000005,0.09508333333333334,0.20476000000000003,0.053906666666666665,0.15085333333333337,0.10341,0.05668333333333333,1.900666666666667,0.029223333333333337,0.08698333333333334,33.964666666666666,0.1576,0.32876333333333335,47.92466666666666,0.09508333333333334,0.11725666666666669,81.69333333333333,0.0,0.03422,0.632,0.024523333333333334,0.10480666666666669,0.24400000000000008,0.05668333333333333,0.0,0.55709
96,99,2001-12-11,1,1,2001-02,Denver Nuggets,Charlotte Hornets,0,0.4687733333333333,0.07934666666666668,0.3099733333333334,0.07944333333333332,0.21439666666666668,0.07215999999999999,0.14225000000000004,0.10703,0.05813333333333334,1.8820000000000001,0.026459999999999997,0.08145666666666668,32.59533333333333,0.1549866666666667,0.34953,44.566,0.07944333333333332,0.10396333333333332,76.416,0.0,0.031806666666666664,0.5473333333333332,0.027743333333333335,0.11425333333333333,0.24933333333333335,0.05813333333333334,0.0,0.5175433333333332,0.46617666666666674,0.06772333333333334,0.30468,0.09377666666666666,0.2113,0.06288333333333333,0.1484166666666667,0.09362000000000001,0.07540999999999999,1.3646666666666667,0.022576666666666665,0.06233666666666666,39.49466666666667,0.15233333333333332,0.33992333333333336,44.87133333333334,0.09377666666666666,0.12221666666666667,77.406,0.0,0.03700666666666667,0.5100000000000001,0.024163333333333332,0.11213000000000001,0.22266666666666665,0.07540999999999999,0.0,0.5010733333333334
81,91,2001-12-11,1,1,2001-02,Memphis Grizzlies,Washington Wizards,0,0.45164,0.08494333333333333,0.28587,0.08081999999999996,0.20470666666666665,0.061779999999999995,0.14292333333333335,0.11099,0.08078666666666666,1.563333333333333,0.028316666666666667,0.08754666666666668,32.02733333333333,0.1429333333333333,0.32082666666666665,44.65333333333333,0.08081999999999996,0.11830333333333333,68.95466666666667,0.0,0.04594333333333333,0.6066666666666667,0.03093,0.10414333333333332,0.2986666666666666,0.08078666666666666,0.0,0.4888066666666667,0.4530900000000001,0.04728333333333333,0.31562333333333326,0.09018,0.20628666666666665,0.05901666666666667,0.14727333333333334,0.09663666666666669,0.06371666666666667,1.6193333333333335,0.015763333333333338,0.04454333333333334,34.09933333333333,0.15780666666666665,0.37121333333333334,42.69066666666666,0.09018,0.11091333333333334,82.00399999999999,0.0,0.03371,0.5879999999999999,0.017996666666666664,0.10809333333333333,0.17200000000000001,0.06371666666666667,0.0,0.48108
93,104,2001-12-11,1,1,2001-02,Los Angeles Lakers,Seattle SuperSonics,0,0.5079633333333333,0.07934333333333332,0.32218666666666657,0.10642666666666667,0.21870666666666672,0.06214,0.15656666666666666,0.11459666666666668,0.07419666666666666,1.6306666666666665,0.026456666666666667,0.07720666666666667,34.239333333333335,0.16109333333333328,0.32205666666666666,50.11133333333332,0.10642666666666667,0.15855333333333332,66.80866666666667,0.0,0.045156666666666664,0.6319999999999999,0.03961333333333334,0.11081333333333335,0.3873333333333333,0.07419666666666666,0.0,0.5879933333333334,0.48336999999999997,0.09237,0.311,0.08,0.19521333333333335,0.058703333333333337,0.13651666666666665,0.10783333333333332,0.07166333333333333,1.6206666666666665,0.030796666666666663,0.08779000000000002,34.166666666666664,0.15549666666666667,0.3237133333333332,48.214666666666666,0.08,0.10295333333333331,76.89933333333333,0.0,0.03925000000000001,0.5713333333333334,0.01870333333333334,0.10825,0.17799999999999996,0.07166333333333333,0.0,0.52454
107,86,2001-12-11,1,1,2001-02,Minnesota Timberwolves,Golden State Warriors,1,0.5019566666666666,0.05814333333333333,0.36088333333333333,0.08293333333333333,0.22237333333333337,0.061450000000000005,0.16092666666666666,0.12855666666666668,0.06105333333333332,2.2819999999999996,0.019379999999999998,0.04896333333333334,41.38066666666667,0.18044666666666664,0.37831000000000004,47.94533333333334,0.08293333333333333,0.10275666666666665,80.72066666666665,0.0,0.03550666666666667,0.6286666666666666,0.028833333333333332,0.10800333333333333,0.2673333333333333,0.06105333333333332,0.0,0.6089033333333334,0.46080666666666664,0.05629333333333335,0.30338,0.10112,0.24585666666666667,0.08902666666666667,0.1568266666666667,0.10268333333333332,0.09032333333333332,1.214,0.018766666666666664,0.05424333333333333,34.928000000000004,0.15168999999999996,0.3642333333333333,41.86600000000001,0.10112,0.14376,70.98333333333332,0.0,0.037469999999999996,0.42866666666666675,0.03164,0.11121,0.2986666666666667,0.09032333333333332,0.0,0.4974399999999999
93,102,2001-12-11,1,1,2001-02,New York Knicks,Boston Celtics,0,0.4312033333333333,0.06398333333333335,0.2788333333333333,0.08839333333333331,0.20346666666666666,0.05083333333333332,0.15263333333333332,0.09735333333333335,0.07634666666666669,1.3373333333333333,0.02132333333333333,0.06912,31.33266666666667,0.1394133333333333,0.30996999999999997,45.13733333333333,0.08839333333333331,0.11820333333333334,75.57199999999999,0.0,0.03536666666666667,0.49666666666666665,0.015493333333333336,0.10969666666666665,0.14066666666666666,0.07634666666666669,0.0,0.45838333333333325,0.4829266666666667,0.14048000000000002,0.25823666666666667,0.08420666666666667,0.22454,0.06342,0.16111666666666666,0.10720666666666667,0.06528333333333333,1.7366666666666666,0.04682666666666667,0.12207333333333334,38.86466666666666,0.12911666666666666,0.29786666666666667,43.46333333333334,0.08420666666666667,0.11448666666666665,73.724,0.0,0.04151333333333333,0.656,0.02057333333333333,0.10277,0.19933333333333333,0.06528333333333333,0.0,0.5372166666666666
102,107,2001-12-11,1,1,2001-02,Houston Rockets,Cleveland Cavaliers,0,0.4437400000000001,0.08788000000000001,0.2692966666666667,0.08656666666666667,0.20926666666666668,0.05660333333333333,0.15267333333333333,0.0879,0.07493333333333332,1.2660000000000002,0.02928666666666667,0.09089,32.24,0.1346433333333333,0.29856666666666665,45.230666666666664,0.08656666666666667,0.11541666666666667,75.17733333333334,0.0,0.03345666666666667,0.47733333333333333,0.019293333333333332,0.08382,0.22533333333333336,0.07493333333333332,0.0,0.4643733333333333,0.4467866666666667,0.06673666666666667,0.29031333333333337,0.08974,0.21432666666666664,0.05644999999999999,0.15787,0.1105,0.07535666666666667,1.5500000000000003,0.02225,0.05917666666666666,36.782000000000004,0.14516,0.3367866666666667,43.08799999999999,0.08974,0.11491,77.98600000000002,0.0,0.03062666666666667,0.40933333333333327,0.027199999999999995,0.10528666666666668,0.286,0.07535666666666667,0.0,0.5003466666666666
89,87,2001-12-11,1,1,2001-02,Atlanta Hawks,Philadelphia 76ers,1,0.4693633333333333,0.07353666666666667,0.30144333333333334,0.09438999999999999,0.20957666666666666,0.05639333333333334,0.15317999999999998,0.09393000000000003,0.08371333333333332,1.1946666666666665,0.0245,0.06851666666666668,35.245999999999995,0.15072,0.32259666666666664,46.89799999999999,0.09438999999999999,0.12070666666666667,79.232,0.0,0.037693333333333336,0.46466666666666673,0.022426666666666664,0.10259333333333334,0.23000000000000004,0.08371333333333332,0.0,0.5070633333333333,0.43413,0.042616666666666664,0.29978333333333335,0.09173,0.22702000000000003,0.06897,0.15804333333333334,0.09227,0.08202666666666666,1.1926666666666668,0.014206666666666668,0.050636666666666656,29.588000000000005,0.14989333333333335,0.3414833333333333,43.855333333333334,0.09173,0.11860666666666665,76.44466666666669,0.0,0.04138333333333333,0.5406666666666667,0.024096666666666666,0.09728,0.2526666666666666,0.08202666666666666,0.0,0.48197666666666666
112,100,2001-12-11,1,1,2001-02,Sacramento Kings,Orlando Magic,1,0.5028266666666666,0.06698333333333334,0.3401566666666667,0.09568666666666667,0.23490333333333338,0.06278,0.17213,0.11156,0.06951333333333334,1.7446666666666668,0.02232666666666667,0.06655666666666667,34.394,0.17008,0.35874666666666666,47.40666666666666,0.09568666666666667,0.13352333333333333,72.16333333333334,0.0,0.04223,0.6579999999999999,0.020176666666666666,0.09328,0.2226666666666667,0.06951333333333334,0.0,0.57146,0.5121033333333334,0.10776999999999999,0.3019033333333333,0.10243666666666666,0.21822666666666668,0.06735666666666668,0.15085999999999997,0.10695333333333333,0.06614999999999999,1.7126666666666663,0.03592,0.09574666666666666,37.312666666666665,0.15095666666666663,0.3365633333333333,45.21866666666666,0.10243666666666666,0.13114666666666666,77.69666666666667,0.0,0.03713999999999999,0.5953333333333334,0.02826333333333334,0.11309333333333334,0.26266666666666666,0.06614999999999999,0.0,0.5623799999999999
93,107,2001-12-11,1,1,2001-02,Chicago Bulls,New Jersey Nets,0,0.4078833333333333,0.029300000000000003,0.29480000000000006,0.08377333333333331,0.19409666666666672,0.05022666666666666,0.14388000000000004,0.10514666666666668,0.08210333333333333,1.47,0.009776666666666668,0.03931333333333333,21.399333333333335,0.1473966666666667,0.3402366666666667,43.26133333333333,0.08377333333333331,0.12544333333333332,66.844,0.0,0.03920333333333334,0.5406666666666667,0.01949333333333333,0.10533000000000001,0.188,0.08210333333333333,0.0,0.4196866666666667,0.47427666666666674,0.06693333333333333,0.3208766666666667,0.08646333333333335,0.2365966666666667,0.07031666666666667,0.1662833333333333,0.11548,0.07856666666666666,1.5806666666666669,0.022310000000000007,0.06921666666666668,32.175999999999995,0.16043333333333332,0.3634466666666667,44.15,0.08646333333333335,0.11941666666666668,72.95533333333333,0.0,0.041030000000000004,0.5619999999999999,0.039766666666666665,0.10729000000000001,0.38799999999999996,0.07856666666666666,0.0,0.5457133333333333
99,97,2001-12-11,1,1,2001-02,Miami Heat,Milwaukee Bucks,1,0.4160366666666666,0.05961,0.28712333333333334,0.0693,0.19789666666666667,0.051463333333333326,0.14642333333333332,0.09816000000000001,0.07831999999999999,1.3006666666666669,0.019873333333333333,0.053946666666666664,38.29333333333334,0.14356333333333332,0.33093333333333336,43.401333333333326,0.0693,0.10418,66.68466666666667,0.0,0.03049333333333333,0.42,0.03114333333333334,0.11828333333333334,0.2686666666666667,0.07831999999999999,0.0,0.4390833333333333,0.48290666666666665,0.11252666666666665,0.28396666666666665,0.08641666666666666,0.18755333333333332,0.04525333333333333,0.1423066666666667,0.11242666666666667,0.06701333333333334,1.7546666666666666,0.03751000000000001,0.09887333333333333,37.443333333333335,0.1419766666666667,0.2902166666666667,48.943333333333335,0.08641666666666666,0.11116333333333336,76.42,0.0,0.047629999999999985,0.7460000000000001,0.020706666666666665,0.10790000000000001,0.20333333333333334,0.06701333333333334,0.0,0.5498733333333331
105,103,2001-12-11,1,1,2001-02,Dallas Mavericks,Portland Trail Blazers,1,0.5010833333333333,0.08771,0.31867666666666666,0.09469999999999998,0.20485333333333333,0.05512333333333334,0.14972666666666667,0.10407666666666666,0.05601666666666667,1.9393333333333331,0.029230000000000003,0.08621666666666666,34.32333333333334,0.15933333333333335,0.33127,48.068666666666665,0.09469999999999998,0.11609,82.01133333333334,0.0,0.03386,0.6326666666666667,0.02454,0.10733333333333332,0.24000000000000005,0.05601666666666667,0.0,0.5620633333333332,0.4718000000000001,0.06837333333333334,0.31212999999999996,0.09129666666666668,0.20062666666666665,0.05913333333333333,0.14149,0.11520666666666667,0.07170333333333333,1.8306666666666669,0.022790000000000008,0.07235666666666665,32.540000000000006,0.1560666666666667,0.3215966666666666,48.80733333333333,0.09129666666666668,0.11870666666666664,77.18466666666667,0.0,0.04038,0.618,0.022253333333333333,0.10681666666666666,0.20600000000000004,0.07170333333333333,0.0,0.5360266666666668
108,95,2001-12-12,1,1,2001-02,San Antonio Spurs,Toronto Raptors,1,0.5079533333333334,0.12047666666666669,0.2758966666666666,0.11158333333333334,0.21607,0.061656666666666665,0.15440666666666666,0.10312333333333333,0.06890333333333334,1.5966666666666667,0.040163333333333336,0.08946999999999998,44.442,0.13795333333333334,0.303,46.00266666666667,0.11158333333333334,0.15273,73.38133333333334,0.0,0.03449000000000001,0.49399999999999994,0.034800000000000005,0.10219333333333333,0.3433333333333333,0.06890333333333334,0.0,0.57202,0.4703233333333332,0.10180666666666666,0.2913433333333334,0.07716666666666668,0.21960666666666667,0.07151333333333335,0.14809666666666665,0.11524000000000001,0.07212333333333333,1.7593333333333332,0.03393999999999999,0.09200666666666667,36.46066666666666,0.14567000000000002,0.33068999999999993,43.918,0.07716666666666668,0.10585333333333331,74.334,0.0,0.046270000000000006,0.6940000000000002,0.04112999999999999,0.10775333333333334,0.3926666666666668,0.07212333333333333,0.0,0.5486833333333333
114,88,2001-12-12,1,1,2001-02,Phoenix Suns,Sacramento Kings,1,0.49711999999999995,0.07057000000000001,0.3473933333333334,0.07914666666666666,0.21167666666666668,0.05571333333333332,0.15597666666666665,0.11260666666666666,0.07411666666666666,1.588,0.02352333333333334,0.06828999999999999,32.285333333333334,0.17369333333333337,0.34567000000000003,50.29333333333333,0.07914666666666666,0.10288333333333334,77.51,0.0,0.046189999999999995,0.6460000000000001,0.025803333333333334,0.11518333333333335,0.23199999999999996,0.07411666666666666,0.0,0.5788166666666666,0.50102,0.06548333333333334,0.33929666666666675,0.09624333333333333,0.23369666666666672,0.06222333333333334,0.17148,0.11079666666666667,0.06861,1.744,0.021826666666666668,0.06500000000000002,34.733333333333334,0.16965,0.35944000000000004,47.18866666666667,0.09624333333333333,0.13402333333333333,72.268,0.0,0.041936666666666664,0.6579999999999998,0.02002666666666666,0.09287666666666666,0.2226666666666667,0.06861,0.0,0.5681266666666666
114,94,2001-12-12,1,1,2001-02,Los Angeles Clippers,Seattle SuperSonics,1,0.49176333333333333,0.06524,0.3227,0.10382,0.21380333333333335,0.061450000000000005,0.1523533333333333,0.10374,0.08287666666666668,1.2926666666666666,0.021743333333333337,0.06249333333333333,35.370666666666665,0.16134,0.3395233333333333,47.734,0.10382,0.13334,78.03133333333334,0.0,0.034273333333333336,0.42466666666666664,0.03802000000000001,0.11117999999999999,0.37533333333333335,0.08287666666666668,0.0,0.5502800000000001,0.48216,0.09049333333333333,0.3111666666666667,0.08050000000000002,0.19317333333333334,0.05808,0.13509666666666664,0.10783333333333332,0.07120666666666665,1.6393333333333338,0.030173333333333333,0.08721,33.754,0.15558,0.32217333333333326,48.456,0.08050000000000002,0.10328666666666665,77.05066666666669,0.0,0.03849999999999999,0.5653333333333334,0.018536666666666667,0.10683333333333334,0.17866666666666664,0.07120666666666665,0.0,0.5225833333333333
82,80,2001-12-12,1,1,2001-02,Washington Wizards,Miami Heat,1,0.45263333333333333,0.045660000000000006,0.3167899999999999,0.09018,0.20687,0.05926666666666667,0.14760666666666664,0.09667666666666667,0.06371666666666667,1.6220000000000003,0.015220000000000003,0.04396,33.22666666666667,0.15838999999999995,0.37129666666666666,42.85466666666666,0.09018,0.11045666666666665,82.30133333333332,0.0,0.033126666666666665,0.5773333333333333,0.01833,0.10763333333333333,0.17533333333333337,0.06371666666666667,0.0,0.4819966666666667,0.41552,0.05998333333333335,0.2862066666666667,0.06932666666666669,0.19884000000000002,0.051186666666666665,0.14764666666666668,0.09914333333333333,0.07750333333333333,1.334,0.019999999999999997,0.054889999999999994,36.66733333333333,0.14310333333333333,0.3298366666666667,43.40933333333333,0.06932666666666669,0.10462333333333333,66.42866666666667,0.0,0.030453333333333332,0.42533333333333334,0.030366666666666667,0.11630999999999998,0.2673333333333333,0.07750333333333333,0.0,0.43989999999999996
87,98,2001-12-12,1,1,2001-02,Utah Jazz,Minnesota Timberwolves,0,0.48151333333333335,0.040606666666666666,0.32094,0.11997,0.20983333333333334,0.06379333333333334,0.14604666666666669,0.12266666666666667,0.09203999999999998,1.4066666666666667,0.013536666666666666,0.045680000000000005,29.457333333333338,0.16047666666666668,0.33826666666666666,47.70733333333333,0.11997,0.15767333333333336,76.31266666666666,0.0,0.04413333333333334,0.4913333333333334,0.036850000000000015,0.12140333333333334,0.3246666666666666,0.09203999999999998,0.0,0.5553266666666666,0.5028166666666667,0.05935,0.36179999999999995,0.08166999999999999,0.22330333333333335,0.06309000000000001,0.16021999999999997,0.12857333333333332,0.06214999999999999,2.2520000000000002,0.01978333333333333,0.049946666666666674,41.64533333333334,0.18090666666666666,0.37878333333333336,48.01933333333333,0.08166999999999999,0.10092333333333331,80.85533333333333,0.0,0.03571333333333334,0.6226666666666667,0.028916666666666663,0.10833666666666668,0.2673333333333333,0.06214999999999999,0.0,0.6098766666666666
89,86,2001-12-13,1,1,2001-02,Denver Nuggets,Memphis Grizzlies,1,0.46774000000000004,0.08144666666666667,0.3083233333333333,0.07796,0.21439666666666665,0.07195333333333333,0.1424566666666667,0.10812333333333334,0.058059999999999994,1.908,0.02716,0.08362333333333334,32.64533333333333,0.15416,0.3479466666666667,44.53066666666666,0.07796,0.10226999999999999,76.13533333333334,0.0,0.03233333333333333,0.5573333333333333,0.028403333333333336,0.11329333333333333,0.2573333333333333,0.058059999999999994,0.0,0.5183599999999999,0.4504733333333333,0.08369333333333334,0.28836999999999996,0.07840333333333334,0.20291333333333333,0.06090333333333334,0.14200666666666664,0.11149000000000002,0.08037000000000001,1.569333333333333,0.0279,0.08538,32.308,0.14418333333333333,0.3224533333333333,44.844666666666654,0.07840333333333334,0.11447,69.32266666666666,0.0,0.04665333333333333,0.6173333333333334,0.031136666666666663,0.10343666666666666,0.3026666666666666,0.08037000000000001,0.0,0.4904733333333334
99,97,2001-12-13,1,1,2001-02,Detroit Pistons,New York Knicks,1,0.48838666666666675,0.11640999999999999,0.2862566666666666,0.08571,0.19044,0.03812,0.15230666666666667,0.11395333333333334,0.07466333333333333,1.7526666666666666,0.03880666666666666,0.09539333333333334,40.89333333333333,0.14313,0.2871699999999999,50.00933333333333,0.08571,0.11151,78.04866666666665,0.0,0.03954333333333334,0.5533333333333333,0.033726666666666676,0.10776333333333334,0.3253333333333333,0.07466333333333333,0.0,0.5649599999999999,0.4315966666666667,0.06125666666666669,0.28383333333333344,0.08651000000000002,0.20456,0.05135,0.15320666666666666,0.09782666666666667,0.07614666666666667,1.3486666666666667,0.02041666666666667,0.06772,30.775333333333336,0.14191333333333336,0.31273,45.52066666666666,0.08651000000000002,0.11522,75.74333333333334,0.0,0.03506,0.49266666666666664,0.01596666666666667,0.11079666666666665,0.14466666666666667,0.07614666666666667,0.0,0.46204333333333325
100,105,2001-12-13,1,1,2001-02,Golden State Warriors,Orlando Magic,0,0.45891666666666675,0.05683333333333333,0.30229666666666666,0.09977,0.24435666666666667,0.08855333333333335,0.15580000000000002,0.10233333333333333,0.09013,1.216,0.01895,0.05518666666666667,34.29800000000001,0.15114999999999998,0.36256666666666665,41.902,0.09977,0.14187,71.01733333333333,0.0,0.03756666666666666,0.43,0.03162333333333333,0.11104333333333334,0.2993333333333333,0.09013,0.0,0.4948833333333333,0.5113333333333333,0.11075333333333331,0.30025,0.10034000000000001,0.21733333333333332,0.06620333333333334,0.15112333333333336,0.10671666666666665,0.06625333333333333,1.705333333333333,0.03691333333333333,0.09720999999999999,37.844,0.15012999999999996,0.3334566666666667,45.43333333333332,0.10034000000000001,0.12846333333333332,77.68599999999999,0.0,0.03708333333333333,0.5960000000000002,0.02803666666666667,0.11129000000000001,0.2653333333333333,0.06625333333333333,0.0,0.5625
102,82,2001-12-13,1,1,2001-02,Dallas Mavericks,Cleveland Cavaliers,1,0.5035433333333333,0.08829333333333333,0.3214533333333333,0.09379666666666667,0.20418666666666668,0.05570666666666667,0.14847666666666667,0.10478333333333335,0.05549000000000001,1.9759999999999998,0.02942333333333334,0.08627333333333334,34.564,0.16072333333333333,0.33277,48.266666666666666,0.09379666666666667,0.11433999999999998,82.30933333333334,0.0,0.03369333333333334,0.6366666666666666,0.02402333333333333,0.11010999999999999,0.23066666666666671,0.05549000000000001,0.0,0.5652866666666666,0.4483866666666667,0.06956333333333334,0.2892633333333333,0.0895666666666667,0.21469333333333332,0.056216666666666665,0.15847,0.11159333333333331,0.07482333333333333,1.5759999999999998,0.023190000000000002,0.06041,37.51200000000001,0.1446333333333333,0.33521999999999996,43.13133333333332,0.0895666666666667,0.11406999999999999,78.38933333333333,0.0,0.03115333333333333,0.4186666666666667,0.02743333333333333,0.10475333333333334,0.29066666666666663,0.07482333333333333,0.0,0.5061133333333333
108,106,2001-12-13,1,1,2001-02,Indiana Pacers,Houston Rockets,1,0.4898766666666667,0.07137666666666667,0.32216666666666666,0.09633000000000001,0.21824666666666664,0.058496666666666676,0.15975,0.12137999999999999,0.07441333333333335,1.7593333333333334,0.02379,0.06354333333333334,37.407333333333334,0.16108666666666668,0.35083666666666663,46.07266666666667,0.09633000000000001,0.12474666666666669,76.85266666666666,0.0,0.03712,0.5253333333333333,0.02942,0.11578999999999999,0.2653333333333333,0.07441333333333335,0.0,0.5637033333333332,0.4410433333333333,0.08663000000000001,0.26866666666666666,0.08574999999999999,0.20854333333333336,0.057126666666666666,0.15142666666666668,0.08695666666666667,0.07603999999999998,1.24,0.02887,0.08997000000000001,32.09666666666667,0.13432666666666665,0.29925,45.04066666666667,0.08574999999999999,0.11375666666666667,75.49666666666668,0.0,0.03375333333333333,0.47800000000000004,0.019206666666666667,0.08349999999999999,0.22466666666666668,0.07603999999999998,0.0,0.45946
104,90,2001-12-13,1,1,2001-02,Charlotte Hornets,Toronto Raptors,1,0.46707666666666664,0.06749666666666666,0.30699666666666664,0.09258333333333332,0.21164999999999998,0.06481,0.14684333333333335,0.09504666666666667,0.07551,1.3733333333333335,0.02250333333333333,0.06282,39.218666666666664,0.15349333333333337,0.34133,45.02733333333333,0.09258333333333332,0.12127666666666667,77.08066666666669,0.0,0.03744,0.514,0.023936666666666665,0.11218,0.22066666666666668,0.07551,0.0,0.5028,0.46639333333333327,0.09989,0.29262,0.07387333333333333,0.2207033333333333,0.07123666666666667,0.14947,0.11459,0.07184666666666666,1.7353333333333332,0.0333,0.09135666666666668,36.244,0.14631,0.3325066666666667,43.858666666666664,0.07387333333333333,0.10068666666666666,74.57333333333332,0.0,0.04562,0.6806666666666668,0.04050333333333333,0.10560333333333333,0.3933333333333334,0.07184666666666666,0.0,0.5449066666666665
107,101,2001-12-14,1,1,2001-02,Boston Celtics,Chicago Bulls,1,0.4810766666666667,0.13868666666666668,0.25912666666666667,0.08326333333333333,0.22487333333333331,0.06303,0.16184,0.10590000000000001,0.06536666666666667,1.72,0.04623,0.12267,38.160666666666664,0.12956,0.29758999999999997,43.68066666666667,0.08326333333333333,0.11276333333333333,73.82733333333333,0.0,0.04137333333333334,0.6533333333333332,0.02097666666666666,0.10329666666666666,0.2033333333333333,0.06536666666666667,0.0,0.5348833333333334,0.40855,0.029426666666666663,0.29538333333333333,0.08373333333333331,0.19447,0.05097666666666667,0.14350333333333334,0.10552000000000002,0.08181,1.488,0.009816666666666666,0.03927,21.407333333333327,0.14769,0.34053000000000005,43.27533333333333,0.08373333333333331,0.12514999999999998,66.98999999999998,0.0,0.03895333333333333,0.5440000000000002,0.019366666666666667,0.10295333333333336,0.192,0.08181,0.0,0.42135333333333336
93,105,2001-12-14,1,1,2001-02,Phoenix Suns,San Antonio Spurs,0,0.49616666666666664,0.07187333333333333,0.346,0.07828333333333332,0.21166333333333334,0.05562999999999999,0.15604666666666667,0.11263000000000001,0.07396333333333334,1.5866666666666667,0.023960000000000002,0.06970999999999998,32.254666666666665,0.17299666666666666,0.3446566666666666,50.218666666666664,0.07828333333333332,0.10225333333333333,77.21733333333334,0.0,0.04625,0.6466666666666666,0.02679,0.11350333333333333,0.24466666666666667,0.07396333333333334,0.0,0.5781733333333334,0.50477,0.11693666666666667,0.27817333333333333,0.10966666666666665,0.21719666666666668,0.061296666666666666,0.15588999999999997,0.10291666666666668,0.06966666666666668,1.5799999999999998,0.03898,0.08806666666666665,43.912666666666674,0.13909333333333335,0.30504000000000003,46.09666666666667,0.10966666666666665,0.15016000000000002,73.41200000000002,0.0,0.03496333333333334,0.49866666666666665,0.03496666666666667,0.10182,0.3466666666666666,0.06966666666666668,0.0,0.5696033333333332
110,80,2001-12-14,1,1,2001-02,Los Angeles Lakers,Los Angeles Clippers,1,0.5058233333333333,0.07980333333333332,0.32271333333333335,0.10330000000000002,0.21991333333333338,0.06353,0.15638333333333335,0.11486,0.07317,1.6679999999999997,0.026606666666666667,0.07827666666666667,34.019999999999996,0.1613566666666667,0.3233333333333333,49.98866666666666,0.10330000000000002,0.15488666666666664,66.58533333333334,0.0,0.04450666666666667,0.634,0.03930666666666667,0.10896333333333333,0.3933333333333333,0.07317,0.0,0.58601,0.4884566666666667,0.06682333333333333,0.32089333333333336,0.10073666666666667,0.21317666666666668,0.060880000000000004,0.15229666666666666,0.1052,0.08293333333333335,1.3186666666666667,0.02227,0.06266,35.919999999999995,0.16043666666666667,0.33738333333333337,47.768,0.10073666666666667,0.13018999999999997,77.58866666666667,0.0,0.03445666666666667,0.4286666666666666,0.038536666666666664,0.10933,0.3893333333333333,0.08293333333333335,0.0,0.5501133333333333
114,94,2001-12-14,1,1,2001-02,Minnesota Timberwolves,Sacramento Kings,1,0.5029433333333333,0.05947333333333334,0.3633833333333333,0.08008666666666667,0.2246766666666667,0.06454666666666667,0.16013666666666665,0.12890666666666664,0.06319333333333334,2.228666666666667,0.019826666666666666,0.05074000000000001,41.39066666666667,0.18169666666666667,0.3798666666666667,48.10533333333333,0.08008666666666667,0.09892333333333332,80.75666666666666,0.0,0.03579666666666667,0.6153333333333334,0.029166666666666667,0.10825333333333334,0.27066666666666667,0.06319333333333334,0.0,0.6103766666666666,0.50071,0.0645,0.33974999999999994,0.09646666666666667,0.23304333333333335,0.06196,0.17108666666666666,0.11071333333333332,0.06763333333333335,1.7553333333333334,0.0215,0.06391666666666668,35.028,0.1698766666666667,0.36058999999999997,47.10066666666667,0.09646666666666667,0.13412,72.35933333333335,0.0,0.04170666666666667,0.66,0.019956666666666668,0.09269666666666666,0.22333333333333336,0.06763333333333335,0.0,0.5677099999999999
96,80,2001-12-14,1,1,2001-02,Washington Wizards,New York Knicks,1,0.4519166666666667,0.044309999999999995,0.3177233333333333,0.08988,0.20744333333333334,0.05956666666666666,0.14787999999999996,0.09674333333333335,0.06356666666666667,1.6300000000000003,0.014770000000000002,0.043053333333333325,32.736666666666665,0.15885666666666662,0.3717633333333333,42.928666666666665,0.08988,0.11012333333333332,82.17799999999998,0.0,0.032786666666666665,0.5726666666666667,0.018823333333333334,0.10706666666666667,0.18133333333333332,0.06356666666666667,0.0,0.4827133333333334,0.43248666666666663,0.05996333333333334,0.2876666666666667,0.08485999999999999,0.20658666666666667,0.05183333333333333,0.15474666666666667,0.09821666666666666,0.07624333333333334,1.3513333333333333,0.019986666666666663,0.06680333333333333,30.54666666666667,0.14382999999999999,0.3146033333333333,45.848,0.08485999999999999,0.11283,75.72599999999998,0.0,0.03456000000000001,0.4826666666666667,0.01650666666666667,0.11204666666666667,0.14933333333333332,0.07624333333333334,0.0,0.46656
86,95,2001-12-14,1,1,2001-02,Miami Heat,New Jersey Nets,0,0.41527,0.059356666666666676,0.28554,0.07036666666666667,0.19971666666666668,0.051519999999999996,0.14819,0.09901666666666668,0.07633666666666666,1.358,0.01979333333333333,0.055223333333333326,35.18933333333334,0.14276999999999998,0.32892,43.434666666666665,0.07036666666666667,0.10595666666666666,66.59,0.0,0.030326666666666665,0.4306666666666666,0.030073333333333334,0.11510333333333334,0.26866666666666666,0.07633666666666666,0.0,0.44089999999999996,0.4740266666666668,0.06618333333333333,0.32321000000000005,0.08462999999999998,0.23742999999999997,0.07031666666666667,0.16711666666666664,0.11681333333333335,0.07773333333333333,1.6173333333333335,0.022060000000000007,0.0698,31.66933333333333,0.1616,0.36344666666666675,44.467999999999996,0.08462999999999998,0.11829000000000002,72.114,0.0,0.04153,0.5753333333333334,0.039806666666666664,0.10570666666666667,0.394,0.07773333333333333,0.0,0.54863
80,96,2001-12-14,1,1,2001-02,Philadelphia 76ers,Milwaukee Bucks,0,0.43660333333333334,0.04204333333333333,0.3025333333333334,0.09202999999999999,0.2282266666666667,0.06983,0.15839333333333333,0.09257,0.08116666666666666,1.2066666666666668,0.014013333333333333,0.05019666666666666,29.352,0.1512666666666667,0.34478999999999993,43.85,0.09202999999999999,0.1188,76.60200000000002,0.0,0.042043333333333335,0.5526666666666668,0.02497,0.09649666666666665,0.26399999999999996,0.08116666666666666,0.0,0.48677666666666664,0.4753666666666667,0.10765333333333332,0.28404999999999997,0.08366666666666665,0.19197,0.04662666666666667,0.14534666666666668,0.11088666666666665,0.06843,1.7006666666666665,0.03588333333333333,0.09804,36.23,0.14201666666666668,0.2916766666666667,48.72933333333334,0.08366666666666665,0.10837000000000004,75.846,0.0,0.04613,0.7086666666666669,0.0205,0.10594,0.2046666666666667,0.06843,0.0,0.5399133333333332
93,85,2001-12-14,1,1,2001-02,Utah Jazz,Portland Trail Blazers,1,0.48322000000000004,0.04123333333333333,0.32127333333333336,0.12072,0.21112666666666666,0.06473666666666666,0.14639666666666667,0.12200000000000001,0.09094333333333333,1.4280000000000004,0.013743333333333333,0.04634666666666666,29.72466666666667,0.16064333333333333,0.33896,47.66,0.12072,0.15781333333333333,76.64533333333333,0.0,0.043730000000000005,0.49533333333333335,0.03725333333333334,0.12146,0.33,0.09094333333333333,0.0,0.5583833333333333,0.47342333333333336,0.06687333333333333,0.31504666666666664,0.09150333333333335,0.20167,0.06055,0.14111666666666667,0.11591666666666665,0.07187,1.8599999999999999,0.022289999999999997,0.07118999999999999,32.10866666666667,0.15752333333333335,0.3225566666666666,49.10333333333334,0.09150333333333335,0.11891333333333333,77.30266666666667,0.0,0.04046333333333334,0.624,0.02096,0.10427333333333332,0.19933333333333333,0.07187,0.0,0.5391933333333333
73,76,2001-12-15,1,1,2001-02,Houston Rockets,Miami Heat,0,0.43929666666666667,0.08600666666666669,0.26833333333333337,0.08496000000000001,0.20729,0.05775333333333333,0.14955000000000002,0.08658,0.07696000000000001,1.2266666666666666,0.02866,0.08921666666666667,32.098000000000006,0.13416,0.2998766666666667,44.90733333333334,0.08496000000000001,0.11209000000000001,75.84666666666666,0.0,0.03392,0.478,0.01895666666666667,0.08295666666666666,0.22333333333333336,0.07696000000000001,0.0,0.4557133333333334,0.41472,0.058530000000000006,0.28480666666666665,0.07137333333333333,0.20040000000000002,0.05208,0.14831666666666665,0.09831666666666666,0.07548666666666669,1.3679999999999999,0.019520000000000003,0.05532333333333333,33.928,0.14240333333333333,0.3280133333333333,43.45066666666666,0.07137333333333333,0.10716333333333332,66.81066666666666,0.0,0.029786666666666666,0.428,0.029633333333333338,0.11389666666666667,0.26866666666666666,0.07548666666666669,0.0,0.4401666666666667
125,117,2001-12-15,1,1,2001-02,Dallas Mavericks,Minnesota Timberwolves,1,0.5057966666666667,0.08850666666666666,0.32483333333333336,0.09245666666666666,0.20367000000000005,0.05637333333333334,0.14729333333333336,0.10579000000000001,0.05495333333333334,2.0186666666666664,0.029493333333333333,0.08641,34.59533333333333,0.16241333333333333,0.33437333333333336,48.55133333333334,0.09245666666666666,0.11246,82.39133333333334,0.0,0.03349666666666666,0.6406666666666666,0.023583333333333335,0.11312666666666665,0.2213333333333334,0.05495333333333334,0.0,0.5684933333333332,0.5010266666666667,0.05934666666666668,0.3635833333333334,0.07809333333333333,0.22604333333333332,0.06628666666666667,0.1597633333333333,0.12824666666666668,0.06462666666666667,2.170666666666667,0.019786666666666664,0.05140666666666668,41.037333333333336,0.1817966666666667,0.3811733333333333,47.957333333333345,0.07809333333333333,0.09663999999999999,80.48333333333335,0.0,0.03596333333333334,0.6039999999999999,0.02939333333333333,0.10795333333333335,0.27399999999999997,0.06462666666666667,0.0,0.6065033333333333
117,106,2001-12-15,1,1,2001-02,Portland Trail Blazers,Orlando Magic,1,0.47489666666666674,0.06572333333333333,0.31767999999999996,0.0914966666666667,0.20326999999999995,0.0619,0.1413666666666667,0.11644333333333332,0.07169666666666669,1.8933333333333333,0.021906666666666665,0.07012333333333333,31.906666666666677,0.15884,0.3242899999999999,49.20533333333333,0.0914966666666667,0.11917333333333333,77.20733333333334,0.0,0.04030333333333333,0.6293333333333332,0.01994333333333333,0.10222333333333333,0.194,0.07169666666666669,0.0,0.5417933333333332,0.5108733333333333,0.11350333333333332,0.29925,0.09813000000000001,0.21679333333333334,0.06478333333333335,0.152,0.10675666666666667,0.06649999999999999,1.6993333333333331,0.03783,0.09908666666666667,38.118,0.14963,0.32979,45.81066666666666,0.09813000000000001,0.12554666666666664,77.79333333333332,0.0,0.03687666666666666,0.5906666666666668,0.027826666666666666,0.10874666666666664,0.27066666666666667,0.06649999999999999,0.0,0.5637900000000001
115,95,2001-12-15,1,1,2001-02,Milwaukee Bucks,Indiana Pacers,1,0.4685166666666667,0.10461333333333331,0.2837433333333333,0.08016666666666665,0.19401000000000002,0.04762666666666667,0.14638666666666664,0.10925999999999998,0.06955666666666667,1.6520000000000004,0.034866666666666664,0.09777666666666668,35.416000000000004,0.14186666666666667,0.29241333333333336,48.562000000000005,0.08016666666666665,0.10524333333333336,74.94866666666665,0.0,0.045156666666666664,0.6839999999999999,0.02009666666666667,0.10499666666666667,0.202,0.06955666666666667,0.0,0.5289699999999999,0.48683333333333334,0.06962666666666667,0.322,0.09520333333333335,0.21870666666666666,0.05858,0.16012666666666667,0.12084,0.07508,1.7339999999999998,0.023206666666666667,0.06266666666666666,36.86466666666667,0.1610066666666667,0.3510033333333333,46.06133333333334,0.09520333333333335,0.12454000000000001,76.02,0.0,0.03670666666666667,0.516,0.029669999999999995,0.11545666666666664,0.2693333333333333,0.07508,0.0,0.55887
91,94,2001-12-15,1,1,2001-02,Cleveland Cavaliers,Philadelphia 76ers,0,0.45295666666666673,0.07298,0.28998666666666667,0.08999666666666668,0.2143433333333333,0.05557666666666667,0.15876333333333334,0.11327666666666665,0.07407333333333334,1.6126666666666667,0.024330000000000004,0.06139333333333333,38.65266666666666,0.14499333333333334,0.33380333333333334,43.436,0.08999666666666668,0.11365333333333334,79.08,0.0,0.03140333333333333,0.42599999999999993,0.027806666666666667,0.10449000000000001,0.296,0.07407333333333334,0.0,0.51617,0.43793666666666664,0.041249999999999995,0.3046433333333333,0.09204666666666665,0.22885333333333338,0.07041333333333334,0.15843333333333334,0.09276333333333332,0.08064,1.2146666666666668,0.013749999999999997,0.0496,29.08266666666667,0.15232333333333334,0.34728999999999993,43.86133333333334,0.09204666666666665,0.11877333333333334,76.67200000000001,0.0,0.042473333333333335,0.56,0.02606666666666667,0.09592666666666665,0.2793333333333333,0.08064,0.0,0.4899166666666666
106,98,2001-12-15,1,1,2001-02,Denver Nuggets,Phoenix Suns,1,0.46626666666666666,0.08378,0.30538000000000004,0.07709999999999999,0.2144366666666667,0.07199333333333333,0.14245666666666665,0.10859666666666666,0.058309999999999994,1.911333333333333,0.02793666666666666,0.08609666666666667,32.676,0.1526866666666667,0.34654333333333337,44.294,0.07709999999999999,0.10101999999999998,76.13133333333332,0.0,0.03270666666666667,0.5626666666666666,0.02896,0.1121,0.2653333333333333,0.058309999999999994,0.0,0.51671,0.4957933333333333,0.07275000000000001,0.34625,0.07678333333333336,0.21220333333333335,0.05613,0.15609,0.11300333333333333,0.07375666666666666,1.5926666666666667,0.024250000000000004,0.07083333333333333,32.27066666666666,0.17312333333333332,0.3448233333333333,50.23066666666667,0.07678333333333336,0.10042,77.138,0.0,0.04637666666666666,0.6493333333333332,0.027543333333333333,0.11133666666666667,0.2573333333333333,0.07375666666666666,0.0,0.5792566666666666
79,80,2001-12-15,1,1,2001-02,Chicago Bulls,Atlanta Hawks,0,0.41040000000000004,0.029976666666666665,0.29683333333333334,0.08358333333333333,0.1954766666666667,0.051670000000000015,0.14381999999999995,0.10645333333333334,0.08108333333333335,1.5219999999999998,0.01,0.03927666666666667,21.778000000000002,0.14841666666666667,0.34136333333333335,43.36533333333333,0.08358333333333333,0.12435666666666667,67.31466666666667,0.0,0.038893333333333335,0.5526666666666668,0.019116666666666667,0.10081333333333335,0.19533333333333333,0.08108333333333335,0.0,0.42627,0.47363999999999995,0.07620333333333333,0.30316666666666664,0.09427999999999997,0.20740999999999998,0.055503333333333335,0.15190333333333333,0.09544666666666668,0.08345,1.2186666666666666,0.025390000000000003,0.07057333333333334,35.70733333333333,0.15158,0.32037333333333334,47.429999999999986,0.09427999999999997,0.11957999999999999,79.83466666666666,0.0,0.03827666666666666,0.4746666666666667,0.02169,0.1024,0.22533333333333336,0.08345,0.0,0.51373
97,106,2001-12-15,1,1,2001-02,Charlotte Hornets,Boston Celtics,0,0.4680766666666667,0.06674666666666666,0.3096066666666666,0.09172333333333331,0.21160999999999996,0.06650333333333333,0.14510666666666666,0.09625333333333334,0.07543999999999998,1.3873333333333333,0.022253333333333333,0.06225,39.20133333333333,0.1548,0.34330333333333335,45.147333333333336,0.09172333333333331,0.12041666666666666,76.84466666666667,0.0,0.03779999999999999,0.52,0.02374333333333333,0.11220666666666666,0.21933333333333332,0.07543999999999998,0.0,0.5048566666666666,0.4799533333333334,0.13656333333333334,0.26062666666666673,0.08276333333333333,0.22578999999999996,0.06253,0.1632566666666667,0.10473333333333334,0.06561666666666668,1.6953333333333334,0.04552,0.12262999999999999,37.57933333333334,0.13031,0.2977133333333333,43.946,0.08276333333333333,0.11196999999999999,73.72200000000001,0.0,0.04187333333333333,0.6639999999999999,0.021186666666666666,0.10338,0.20600000000000002,0.06561666666666668,0.0,0.5342166666666667
100,80,2001-12-15,1,1,2001-02,San Antonio Spurs,Utah Jazz,1,0.5041033333333333,0.11531333333333334,0.2808399999999999,0.10795666666666666,0.21723666666666666,0.06042000000000001,0.15680666666666668,0.10325000000000001,0.07033333333333333,1.5753333333333333,0.03843666666666666,0.08723333333333332,43.878,0.14042666666666664,0.3053733333333334,46.45133333333333,0.10795666666666666,0.14782666666666666,73.46866666666666,0.0,0.034923333333333334,0.49733333333333335,0.03521666666666667,0.10123666666666666,0.352,0.07033333333333333,0.0,0.57077,0.48424333333333336,0.041876666666666666,0.32133333333333336,0.12104000000000001,0.21129333333333336,0.06546333333333333,0.1458366666666667,0.12125000000000001,0.08950333333333332,1.4520000000000002,0.013956666666666666,0.04705333333333333,29.978000000000005,0.16067333333333336,0.33903999999999995,47.65266666666666,0.12104000000000001,0.15753999999999999,76.92466666666665,0.0,0.04354000000000001,0.5026666666666667,0.03771333333333334,0.12063333333333334,0.33666666666666667,0.08950333333333332,0.0,0.5605866666666667
93,84,2001-12-15,1,1,2001-02,Golden State Warriors,Memphis Grizzlies,1,0.4568366666666667,0.05674666666666668,0.30108333333333337,0.09899666666666666,0.2425466666666667,0.08858333333333333,0.15395999999999999,0.10166,0.09029,1.2073333333333334,0.01892,0.055830000000000005,33.49666666666668,0.15054333333333333,0.36149666666666663,41.85066666666666,0.09899666666666666,0.14078666666666667,71.06133333333334,0.0,0.037630000000000004,0.43,0.03154,0.11095666666666666,0.2986666666666667,0.09029,0.0,0.4902466666666666,0.44917999999999997,0.08286666666666667,0.29033666666666674,0.07597,0.20192,0.06027666666666667,0.14164000000000002,0.11183000000000001,0.07999666666666667,1.5733333333333335,0.027626666666666667,0.08340666666666666,32.67400000000001,0.14516666666666672,0.32453666666666664,44.88466666666666,0.07597,0.11087666666666669,69.37666666666665,0.0,0.04722,0.626,0.031170000000000007,0.10228666666666665,0.306,0.07999666666666667,0.0,0.49126666666666663
104,87,2001-12-16,1,1,2001-02,Sacramento Kings,Memphis Grizzlies,1,0.50071,0.06412666666666665,0.3398333333333333,0.09676000000000001,0.23229,0.06175333333333334,0.17054333333333335,0.11059000000000001,0.06688000000000001,1.7626666666666668,0.021373333333333334,0.06299666666666667,35.58866666666666,0.16992,0.36158999999999997,46.98133333333333,0.09676000000000001,0.13449666666666665,72.30066666666669,0.0,0.04137333333333334,0.6586666666666667,0.020123333333333337,0.09286333333333333,0.22533333333333333,0.06688000000000001,0.0,0.5671700000000001,0.44772,0.08216000000000001,0.29089333333333334,0.07466333333333335,0.2007266666666667,0.059443333333333334,0.14128000000000002,0.11169,0.07970333333333333,1.5693333333333332,0.02739,0.08150333333333333,33.06533333333334,0.1454433333333333,0.3254533333333333,44.86,0.07466333333333335,0.10854333333333335,69.604,0.0,0.04762333333333333,0.6326666666666667,0.031129999999999998,0.10120333333333333,0.3086666666666666,0.07970333333333333,0.0,0.49118333333333336
82,77,2001-12-16,1,1,2001-02,Los Angeles Clippers,Detroit Pistons,1,0.48575333333333337,0.06875333333333335,0.3191666666666667,0.09783333333333331,0.21337333333333336,0.06087333333333333,0.15249999999999997,0.10674666666666668,0.08291666666666668,1.3473333333333335,0.022913333333333338,0.06308,36.477333333333334,0.15957333333333332,0.33620999999999995,47.65599999999999,0.09783333333333331,0.12691666666666665,77.36933333333333,0.0,0.034416666666666665,0.4306666666666666,0.03904333333333333,0.10766333333333335,0.40266666666666673,0.08291666666666668,0.0,0.5505333333333334,0.48972000000000004,0.11765999999999997,0.2866733333333333,0.08537666666666666,0.18823333333333334,0.03845333333333333,0.1497633333333333,0.11399333333333334,0.07433000000000001,1.7466666666666666,0.03922333333333332,0.09627000000000002,40.968,0.14333999999999997,0.28583666666666663,50.30866666666666,0.08537666666666666,0.11217666666666667,77.16799999999999,0.0,0.03925000000000001,0.5526666666666668,0.03331,0.10822333333333335,0.3213333333333333,0.07433000000000001,0.0,0.5638366666666665
88,93,2001-12-16,1,1,2001-02,Toronto Raptors,Washington Wizards,0,0.4635433333333333,0.09824666666666668,0.29491666666666666,0.07036666666666667,0.22111999999999998,0.07061666666666667,0.15050666666666668,0.11421666666666666,0.07158333333333333,1.7199999999999998,0.032753333333333336,0.09046,36.239333333333335,0.14746,0.3345366666666667,43.91866666666667,0.07036666666666667,0.09517,74.68733333333333,0.0,0.045540000000000004,0.6786666666666666,0.03991666666666668,0.10391999999999998,0.39333333333333337,0.07158333333333333,0.0,0.5431766666666665,0.4509566666666666,0.04339333333333333,0.31875,0.08881000000000001,0.20864999999999997,0.0599,0.14875333333333335,0.0968,0.06362333333333334,1.6320000000000003,0.014463333333333333,0.04201333333333333,32.693999999999996,0.15937333333333334,0.37179,43.06466666666667,0.08881000000000001,0.10887333333333335,82.03066666666668,0.0,0.03243666666666667,0.5660000000000002,0.01957333333333333,0.10640000000000001,0.18999999999999997,0.06362333333333334,0.0,0.4847700000000001
114,91,2001-12-16,1,1,2001-02,Seattle SuperSonics,Orlando Magic,1,0.4807833333333333,0.08824333333333333,0.31149999999999994,0.08104333333333334,0.1919233333333333,0.05774666666666666,0.13417666666666667,0.10783333333333332,0.07079333333333332,1.6473333333333333,0.029423333333333336,0.08587666666666666,33.584666666666664,0.15574666666666664,0.32167333333333326,48.576666666666675,0.08104333333333334,0.1039133333333333,77.06533333333336,0.0,0.03774999999999999,0.5586666666666666,0.01828666666666667,0.10595666666666666,0.178,0.07079333333333332,0.0,0.5205433333333332,0.5119533333333334,0.11612666666666666,0.2995,0.0963366666666667,0.21562666666666666,0.06336666666666667,0.15224666666666667,0.10721333333333334,0.06671,1.7053333333333331,0.03870666666666667,0.10021333333333332,38.63533333333333,0.14975666666666665,0.32637333333333335,46.345333333333336,0.0963366666666667,0.12333666666666665,77.802,0.0,0.03691666666666666,0.5893333333333334,0.027700000000000002,0.10691333333333333,0.27466666666666667,0.06671,0.0,0.5675833333333333
96,114,2001-12-16,1,1,2001-02,New York Knicks,New Jersey Nets,0,0.43504333333333334,0.05925,0.29233333333333333,0.08346333333333332,0.2083733333333333,0.05228666666666667,0.15607999999999997,0.09891999999999998,0.07628333333333331,1.359333333333333,0.01975,0.06628999999999999,30.414000000000005,0.14616333333333334,0.3162533333333333,46.316,0.08346333333333332,0.11079,75.72800000000001,0.0,0.033786666666666666,0.4673333333333334,0.016863333333333338,0.11288000000000001,0.15199999999999997,0.07628333333333331,0.0,0.47274333333333324,0.47356000000000004,0.06671,0.3246766666666667,0.08216999999999999,0.2374133333333333,0.06976666666666669,0.16764999999999997,0.11855333333333333,0.07692666666666666,1.662666666666667,0.022233333333333338,0.07063333333333334,31.58733333333333,0.16233333333333333,0.36295333333333335,44.74333333333333,0.08216999999999999,0.11639666666666668,71.14133333333332,0.0,0.04156333333333333,0.5820000000000001,0.039639999999999995,0.10436666666666668,0.39666666666666667,0.07692666666666666,0.0,0.5505633333333332
101,85,2001-12-16,1,1,2001-02,Los Angeles Lakers,Golden State Warriors,1,0.5044066666666667,0.08080333333333332,0.32363,0.09996666666666666,0.22158,0.06536333333333333,0.15621666666666664,0.11502666666666667,0.07150333333333332,1.718,0.02694,0.07998666666666666,33.81466666666666,0.16181333333333334,0.3253733333333333,49.794666666666664,0.09996666666666666,0.15072,66.36933333333334,0.0,0.043506666666666666,0.6373333333333334,0.03918,0.10708999999999999,0.40066666666666667,0.07150333333333332,0.0,0.5848433333333334,0.45500333333333337,0.05612333333333334,0.3001666666666667,0.09870333333333332,0.24083666666666667,0.08854333333333334,0.15229333333333334,0.10103333333333332,0.09008000000000001,1.2040000000000002,0.01871,0.055996666666666674,32.732666666666674,0.15008333333333335,0.36079,41.79866666666667,0.09870333333333332,0.14054000000000003,71.042,0.0,0.03746333333333333,0.4286666666666667,0.03124666666666667,0.11062333333333332,0.2973333333333333,0.09008000000000001,0.0,0.48566666666666664
99,83,2001-12-17,1,1,2001-02,Philadelphia 76ers,Boston Celtics,1,0.4389533333333333,0.040499999999999994,0.30700000000000005,0.09146,0.22946000000000003,0.07078666666666665,0.15866333333333335,0.09355000000000001,0.08008333333333333,1.2300000000000002,0.013499999999999996,0.04920666666666667,28.692666666666675,0.1535033333333333,0.3499566666666666,43.88666666666667,0.09146,0.11813000000000001,76.59,0.0,0.04270333333333333,0.5653333333333334,0.02703666666666667,0.09552999999999998,0.2933333333333333,0.08008333333333333,0.0,0.49279,0.4794366666666667,0.13471333333333335,0.2617933333333333,0.08292999999999999,0.22700666666666663,0.06264666666666666,0.16435666666666662,0.1039,0.06575666666666667,1.6773333333333336,0.04490333333333333,0.12341333333333332,36.80333333333333,0.13089333333333333,0.29790666666666665,44.15599999999999,0.08292999999999999,0.11217,73.52199999999999,0.0,0.04268,0.6799999999999999,0.021126666666666665,0.10318666666666668,0.20666666666666667,0.06575666666666667,0.0,0.53365
56,95,2001-12-18,1,1,2001-02,Miami Heat,Utah Jazz,0,0.4149266666666667,0.058156666666666676,0.28450000000000003,0.07226333333333333,0.20112333333333335,0.052579999999999995,0.14853999999999998,0.09796666666666667,0.07498666666666669,1.3786666666666667,0.019393333333333332,0.05522666666666666,33.513999999999996,0.14225333333333331,0.3273466666666666,43.50866666666666,0.07226333333333333,0.10810666666666666,67.19066666666667,0.0,0.029203333333333335,0.42400000000000004,0.02911666666666667,0.11269,0.26733333333333337,0.07498666666666669,0.0,0.4405833333333333,0.4841166666666667,0.042749999999999996,0.3201666666666666,0.12120666666666667,0.21104333333333333,0.06625666666666666,0.14479666666666668,0.12046,0.08838,1.4700000000000002,0.01425,0.04772,30.42466666666667,0.16009,0.3388733333333333,47.48866666666666,0.12120666666666667,0.15716666666666662,77.16133333333333,0.0,0.04320666666666668,0.506,0.03742,0.12021666666666665,0.3346666666666667,0.08838,0.0,0.5596666666666666
105,114,2001-12-18,1,1,2001-02,Memphis Grizzlies,Milwaukee Bucks,0,0.4466633333333333,0.08237333333333335,0.2910833333333333,0.07320333333333333,0.19954333333333332,0.058626666666666674,0.14091,0.11141666666666666,0.07912333333333335,1.569333333333333,0.027460000000000002,0.08049666666666667,33.49866666666667,0.14554,0.32575000000000004,44.85733333333334,0.07320333333333333,0.10583000000000001,69.90733333333334,0.0,0.04775333333333333,0.638,0.030876666666666667,0.10016333333333334,0.3093333333333333,0.07912333333333335,0.0,0.4912533333333334,0.4640166666666667,0.10336333333333332,0.28365999999999997,0.07699999999999999,0.19547,0.04842000000000001,0.1470533333333333,0.10813333333333335,0.07043333333333333,1.616666666666667,0.03445,0.09777666666666666,35.17066666666667,0.14182333333333333,0.29307999999999995,48.44133333333334,0.07699999999999999,0.10253333333333335,73.948,0.0,0.04486333333333333,0.6713333333333332,0.01997,0.10378666666666667,0.20266666666666666,0.07043333333333333,0.0,0.5219299999999999
95,100,2001-12-18,1,1,2001-02,Charlotte Hornets,New York Knicks,0,0.4694100000000001,0.06674666666666668,0.3125,0.09016333333333333,0.21171666666666666,0.06808666666666666,0.14363,0.09842666666666666,0.07504333333333332,1.4180000000000001,0.022253333333333337,0.06225000000000001,39.10333333333334,0.15624333333333332,0.34550000000000003,45.27733333333334,0.09016333333333333,0.11871333333333331,76.62466666666667,0.0,0.037869999999999994,0.524,0.023706666666666664,0.11174666666666666,0.22066666666666668,0.07504333333333332,0.0,0.5082966666666666,0.43717,0.058626666666666674,0.29616666666666663,0.08237999999999998,0.20995666666666668,0.052743333333333337,0.15720333333333333,0.09962666666666667,0.07628333333333333,1.3699999999999999,0.019540000000000002,0.06599666666666666,30.234,0.14808000000000002,0.31804333333333334,46.635999999999996,0.08237999999999998,0.10933333333333334,75.66933333333333,0.0,0.03299666666666667,0.4526666666666667,0.01732333333333334,0.11338,0.15666666666666665,0.07628333333333333,0.0,0.47740999999999995
100,103,2001-12-18,1,1,2001-02,Atlanta Hawks,Indiana Pacers,0,0.47786999999999996,0.07888333333333335,0.30508333333333326,0.09391666666666668,0.20575666666666667,0.05483666666666666,0.15091666666666667,0.09709000000000004,0.08258666666666666,1.2519999999999998,0.026283333333333336,0.07241333333333334,36.220666666666666,0.15254,0.3188733333333333,47.89133333333333,0.09391666666666668,0.11845333333333331,80.2,0.0,0.038716666666666656,0.48733333333333334,0.021036666666666665,0.10195666666666667,0.2206666666666667,0.08258666666666666,0.0,0.5208733333333333,0.48525,0.06837666666666667,0.3229166666666667,0.09395333333333333,0.21949666666666667,0.05862333333333334,0.16088000000000002,0.1208,0.07566333333333333,1.718,0.02279,0.06195666666666667,36.504000000000005,0.16146333333333332,0.3517133333333333,46.12533333333333,0.09395333333333333,0.12412333333333332,75.23000000000002,0.0,0.036333333333333336,0.5066666666666667,0.029836666666666668,0.11520666666666667,0.2726666666666666,0.07566333333333333,0.0,0.5564533333333334
92,101,2001-12-18,1,1,2001-02,Houston Rockets,Portland Trail Blazers,0,0.43809000000000003,0.08588333333333334,0.26799999999999996,0.08420666666666667,0.20616333333333334,0.05829333333333333,0.1478833333333333,0.08662333333333333,0.07754333333333334,1.2319999999999998,0.028616666666666665,0.08875666666666666,32.18000000000001,0.13399333333333333,0.30104333333333333,44.708000000000006,0.08420666666666667,0.11079666666666667,76.00399999999999,0.0,0.03442,0.48733333333333334,0.019,0.08287666666666667,0.22333333333333336,0.07754333333333334,0.0,0.45300333333333337,0.47491333333333335,0.06393,0.3194033333333333,0.09158,0.20462999999999998,0.06319333333333334,0.14143666666666668,0.11627666666666665,0.07165666666666667,1.908,0.02131,0.06869333333333333,31.438666666666673,0.15969999999999998,0.32571999999999995,49.222,0.09158,0.11972999999999999,77.04866666666666,0.0,0.04009666666666666,0.6306666666666667,0.019193333333333337,0.10074000000000001,0.19,0.07165666666666667,0.0,0.5418766666666667
93,102,2001-12-18,1,1,2001-02,Denver Nuggets,San Antonio Spurs,0,0.46449666666666667,0.08549333333333334,0.30266666666666675,0.07632999999999998,0.21486666666666665,0.07224666666666667,0.14263,0.10887333333333334,0.05875,1.9080000000000001,0.028506666666666666,0.08866,32.45,0.15133,0.34487,44.116,0.07632999999999998,0.10020333333333334,75.85199999999999,0.0,0.03333666666666667,0.57,0.029620000000000004,0.11116,0.2733333333333333,0.05875,0.0,0.5148699999999999,0.5037299999999999,0.11398666666666667,0.28329,0.10645666666666666,0.21808666666666665,0.05983666666666667,0.15824000000000002,0.10328333333333332,0.07093333333333333,1.5646666666666669,0.03799666666666667,0.08659333333333331,43.812666666666665,0.14165333333333333,0.3063333333333333,46.66133333333334,0.10645666666666666,0.14525333333333335,73.70933333333333,0.0,0.03466333333333334,0.49333333333333335,0.035416666666666666,0.10063,0.3573333333333333,0.07093333333333333,0.0,0.5721633333333334
102,84,2001-12-18,1,1,2001-02,Cleveland Cavaliers,Chicago Bulls,1,0.4567833333333334,0.07599666666666668,0.2906666666666667,0.09012666666666669,0.21353999999999998,0.05479,0.15874666666666667,0.11467333333333334,0.07342000000000001,1.6433333333333335,0.025336666666666667,0.06245666666666667,39.55333333333333,0.14533333333333331,0.3321233333333334,43.76866666666667,0.09012666666666669,0.11308333333333334,79.602,0.0,0.03163,0.43266666666666664,0.02829333333333333,0.10438,0.30199999999999994,0.07342000000000001,0.0,0.5246233333333333,0.4131933333333334,0.03160333333333333,0.29841666666666666,0.08316666666666668,0.1959366666666667,0.05202000000000002,0.14393,0.10769000000000001,0.08075,1.5506666666666666,0.010539999999999999,0.03996999999999999,22.410666666666664,0.14921,0.3411133333333334,43.59933333333334,0.08316666666666668,0.12309333333333333,67.74199999999999,0.0,0.03885333333333333,0.5566666666666668,0.018853333333333337,0.09902000000000001,0.19733333333333333,0.08075,0.0,0.43251999999999996
103,107,2001-12-18,1,1,2001-02,Minnesota Timberwolves,Dallas Mavericks,0,0.4998866666666667,0.05901333333333334,0.3641666666666667,0.07670333333333333,0.22721,0.06773000000000001,0.15948666666666664,0.1283566666666667,0.06594333333333333,2.1300000000000003,0.019676666666666665,0.05181,40.717333333333336,0.18209,0.3827833333333333,47.82266666666666,0.07670333333333333,0.09502999999999999,80.35600000000002,0.0,0.03644666666666667,0.5986666666666666,0.029876666666666666,0.10814666666666667,0.2793333333333333,0.06594333333333333,0.0,0.6046866666666666,0.5070900000000002,0.08925333333333334,0.32650000000000007,0.09133333333333332,0.20375333333333334,0.05704,0.14671333333333333,0.10658333333333335,0.054663333333333335,2.044666666666666,0.029746666666666668,0.08686999999999999,34.699333333333335,0.16324666666666668,0.33533,48.679333333333346,0.09133333333333332,0.111,82.41066666666667,0.0,0.033330000000000005,0.6419999999999999,0.02325,0.11596000000000001,0.21333333333333337,0.054663333333333335,0.0,0.5704533333333333
92,96,2001-12-18,1,1,2001-02,Phoenix Suns,Los Angeles Clippers,0,0.4951266666666667,0.07312666666666665,0.3463333333333333,0.07566,0.21279,0.05646333333333333,0.15634,0.11350333333333334,0.07367,1.6006666666666665,0.024373333333333334,0.07166666666666667,32.25066666666666,0.17316333333333336,0.34532333333333326,50.17666666666666,0.07566,0.09887666666666668,77.24399999999999,0.0,0.04637666666666666,0.6506666666666666,0.028416666666666666,0.11008333333333335,0.2686666666666666,0.07367,0.0,0.5798800000000001,0.48238,0.06887666666666668,0.318,0.09549999999999999,0.21391333333333334,0.06079,0.15312666666666666,0.10753666666666667,0.08241666666666667,1.3733333333333335,0.02295666666666667,0.06332666666666667,36.294,0.1589866666666667,0.33546,47.57866666666667,0.09549999999999999,0.12479333333333334,76.93399999999998,0.0,0.03437333333333333,0.434,0.03933666666666667,0.10662333333333335,0.41000000000000003,0.08241666666666667,0.0,0.54899
102,98,2001-12-18,1,1,2001-02,Sacramento Kings,Detroit Pistons,1,0.49987666666666664,0.06325333333333333,0.33933333333333326,0.0973,0.23120333333333334,0.06146333333333333,0.16975333333333337,0.11054999999999998,0.06625333333333333,1.7686666666666668,0.02108,0.062410000000000014,35.760666666666665,0.16967000000000002,0.36251,46.79466666666667,0.0973,0.13495333333333331,72.36533333333335,0.0,0.04070666666666666,0.6513333333333334,0.020330000000000004,0.09340666666666668,0.22599999999999998,0.06625333333333333,0.0,0.5645833333333333,0.49123666666666677,0.11915999999999999,0.2868233333333333,0.08524333333333332,0.18621666666666667,0.03902666666666666,0.14716999999999997,0.114,0.07369,1.7486666666666666,0.03972333333333333,0.09762000000000001,40.96933333333333,0.1434133333333333,0.2846366666666666,50.538666666666664,0.08524333333333332,0.11259333333333334,76.63333333333334,0.0,0.03872333333333334,0.5513333333333335,0.03305,0.10869000000000001,0.31799999999999995,0.07369,0.0,0.5630766666666667
101,88,2001-12-19,1,1,2001-02,Golden State Warriors,Detroit Pistons,1,0.4537933333333333,0.055623333333333344,0.29991666666666666,0.09824333333333332,0.23875333333333337,0.08829666666666666,0.15046,0.10065999999999999,0.08995666666666667,1.2026666666666668,0.018543333333333335,0.056040000000000006,32.156666666666666,0.14996,0.36008,41.846000000000004,0.09824333333333332,0.14012333333333335,70.96533333333333,0.0,0.037463333333333335,0.42933333333333334,0.030833333333333334,0.11004333333333333,0.29533333333333334,0.08995666666666667,0.0,0.4820433333333333,0.4914300000000001,0.11928666666666664,0.28671333333333326,0.08542666666666666,0.18471666666666667,0.03984333333333333,0.14485333333333333,0.11355666666666668,0.07261999999999999,1.754,0.03976333333333333,0.09838333333333335,40.736666666666665,0.14335666666666663,0.2844133333333333,50.55533333333334,0.08542666666666666,0.11319,76.29466666666667,0.0,0.03855666666666667,0.5566666666666668,0.032773333333333335,0.10917333333333333,0.31466666666666665,0.07261999999999999,0.0,0.5609799999999999
98,90,2001-12-19,1,1,2001-02,Orlando Magic,Utah Jazz,1,0.5137066666666666,0.11975333333333332,0.2989166666666667,0.09504333333333334,0.21375,0.06207333333333334,0.15166333333333334,0.10817,0.06713,1.712,0.039913333333333335,0.10163333333333333,39.40133333333333,0.1494633333333333,0.3225,46.818666666666665,0.09504333333333334,0.12162666666666667,77.89933333333333,0.0,0.03716666666666666,0.59,0.027366666666666668,0.10495666666666666,0.2773333333333333,0.06713,0.0,0.5717099999999999,0.48553,0.04362666666666667,0.3200833333333334,0.12182999999999998,0.21108333333333335,0.06709,0.14400333333333334,0.12041666666666666,0.08695999999999998,1.4980000000000002,0.014539999999999997,0.04846666666666667,30.757333333333335,0.1600466666666667,0.33903999999999995,47.449333333333335,0.12182999999999998,0.15720999999999996,77.51199999999999,0.0,0.04241666666666667,0.5060000000000001,0.03683666666666667,0.11996666666666664,0.33,0.08695999999999998,0.0,0.5610433333333333
85,94,2001-12-19,1,1,2001-02,Philadelphia 76ers,Charlotte Hornets,0,0.4392433333333333,0.03962666666666667,0.3095,0.09012666666666665,0.22996000000000003,0.07120333333333333,0.15874666666666667,0.09462999999999999,0.07987333333333332,1.244,0.013206666666666667,0.048620000000000003,28.309333333333335,0.15474999999999997,0.3525433333333333,43.93733333333333,0.09012666666666665,0.11650333333333333,76.58466666666666,0.0,0.04253666666666666,0.564,0.027660000000000004,0.09494999999999999,0.304,0.07987333333333332,0.0,0.49458,0.4702433333333334,0.06674666666666666,0.3144166666666667,0.08907666666666667,0.2121366666666667,0.06963,0.14250333333333334,0.10075999999999999,0.07487666666666666,1.4480000000000004,0.022253333333333333,0.06250333333333334,38.918,0.1572033333333333,0.3467466666666667,45.39533333333333,0.08907666666666667,0.11779666666666665,76.294,0.0,0.037996666666666665,0.5273333333333333,0.02412333333333333,0.11124666666666667,0.22466666666666665,0.07487666666666666,0.0,0.51188
104,98,2001-12-19,1,1,2001-02,Boston Celtics,Cleveland Cavaliers,1,0.47897666666666666,0.13246333333333335,0.2622366666666667,0.08428,0.22847999999999996,0.06316333333333332,0.16531666666666667,0.10287333333333334,0.06571666666666667,1.662,0.044153333333333315,0.12360666666666666,36.118,0.13111666666666666,0.29890666666666665,44.098,0.08428,0.11358666666666666,73.55999999999999,0.0,0.043680000000000004,0.7,0.020876666666666665,0.10316000000000002,0.20600000000000002,0.06571666666666667,0.0,0.5326333333333334,0.4595333333333334,0.07887333333333335,0.29075,0.08992000000000001,0.21207999999999996,0.05404333333333334,0.1580366666666667,0.11600666666666665,0.07317,1.6613333333333336,0.026293333333333335,0.06362333333333332,40.38199999999999,0.14537666666666665,0.3301233333333334,44.059999999999995,0.08992000000000001,0.11245666666666668,79.79266666666668,0.0,0.032336666666666666,0.44333333333333336,0.029003333333333332,0.10396666666666668,0.30999999999999994,0.07317,0.0,0.5311666666666667
90,102,2001-12-19,1,1,2001-02,Indiana Pacers,Toronto Raptors,0,0.4840833333333333,0.06650333333333333,0.32425000000000004,0.09332666666666666,0.2199966666666667,0.05858,0.16142000000000004,0.12125999999999999,0.07587333333333332,1.7213333333333334,0.022163333333333337,0.06108,35.897333333333336,0.16213,0.3529233333333333,46.181333333333335,0.09332666666666666,0.12428999999999998,74.68200000000002,0.0,0.03608666666666668,0.5026666666666667,0.029963333333333335,0.11483333333333332,0.27533333333333326,0.07587333333333332,0.0,0.55483,0.46062666666666663,0.09649666666666668,0.29675,0.06736666666666667,0.22157999999999997,0.07036666666666666,0.15121333333333334,0.11371666666666666,0.07125000000000001,1.7053333333333331,0.032170000000000004,0.08946000000000001,36.190000000000005,0.14837666666666666,0.3365366666666667,43.918,0.06736666666666667,0.09075333333333331,74.38133333333333,0.0,0.045290000000000004,0.6753333333333332,0.03937666666666666,0.10204333333333332,0.39466666666666667,0.07125000000000001,0.0,0.5405099999999999
104,92,2001-12-19,1,1,2001-02,Seattle SuperSonics,Sacramento Kings,1,0.4802433333333333,0.08712,0.31116666666666665,0.08196333333333335,0.19079666666666661,0.05741333333333333,0.1333833333333333,0.10804,0.07025333333333332,1.6626666666666667,0.029046666666666665,0.08487666666666667,33.696,0.15558,0.3207166666666666,48.666666666666664,0.08196333333333335,0.10507999999999998,77.07733333333334,0.0,0.037,0.5526666666666668,0.0182,0.10516666666666666,0.178,0.07025333333333332,0.0,0.5199633333333332,0.49971000000000004,0.06288,0.3390833333333333,0.09775999999999999,0.23078666666666667,0.061586666666666665,0.16921333333333333,0.11067333333333333,0.06592,1.772,0.020953333333333334,0.061786666666666684,35.95933333333333,0.16954666666666665,0.36351,46.63266666666666,0.09775999999999999,0.13528666666666664,72.47533333333334,0.0,0.04016333333333333,0.644,0.020663333333333332,0.09386666666666668,0.22866666666666666,0.06592,0.0,0.5637500000000001
97,79,2001-12-19,1,1,2001-02,San Antonio Spurs,Portland Trail Blazers,1,0.5034366666666666,0.11281999999999999,0.2852633333333333,0.10536,0.2186833333333333,0.05931,0.15936666666666668,0.10289333333333331,0.07173999999999998,1.538,0.03760666666666668,0.08637,43.57599999999999,0.14263666666666666,0.3066833333333333,46.904666666666664,0.10536,0.14322666666666667,73.96333333333334,0.0,0.034746666666666676,0.49399999999999994,0.03574999999999999,0.10013,0.36333333333333334,0.07173999999999998,0.0,0.5730933333333332,0.47575333333333336,0.063,0.32108333333333333,0.09166666666666666,0.20554666666666663,0.06425333333333334,0.14129333333333333,0.1163,0.07174333333333334,1.909333333333333,0.021,0.06742000000000001,31.284,0.16054000000000002,0.32720333333333335,49.22266666666667,0.09166666666666666,0.11992,77.08666666666664,0.0,0.039843333333333335,0.6286666666666666,0.018873333333333336,0.09975333333333335,0.18933333333333333,0.07174333333333334,0.0,0.54321
117,112,2001-12-19,1,1,2001-02,New Jersey Nets,Minnesota Timberwolves,1,0.47358666666666677,0.06737666666666667,0.3260366666666667,0.08017,0.23673000000000002,0.06951666666666667,0.16721999999999995,0.12044333333333333,0.07602333333333335,1.7180000000000002,0.022456666666666666,0.07170333333333333,31.427333333333326,0.16301666666666664,0.36191333333333336,45.07066666666666,0.08017,0.11521333333333333,70.084,0.0,0.04174666666666667,0.5933333333333334,0.039266666666666665,0.10303333333333332,0.39466666666666667,0.07602333333333335,0.0,0.5525633333333332,0.5004566666666667,0.05837000000000001,0.36666666666666675,0.07541666666666669,0.2288766666666667,0.06929333333333336,0.15958999999999998,0.12875,0.06712333333333334,2.0993333333333335,0.019463333333333336,0.05138,40.65466666666667,0.18334,0.38550666666666655,47.80066666666667,0.07541666666666669,0.09346666666666666,80.25533333333335,0.0,0.036910000000000005,0.5953333333333332,0.03017,0.10829000000000001,0.28333333333333327,0.06712333333333334,0.0,0.6059166666666667
103,76,2001-12-19,1,1,2001-02,Washington Wizards,Atlanta Hawks,1,0.4504633333333333,0.04262333333333333,0.32033333333333336,0.08749999999999998,0.21016333333333334,0.060169999999999994,0.15,0.09716333333333332,0.06354,1.6386666666666667,0.01421,0.04108333333333333,32.659333333333336,0.16016666666666668,0.3718766666666667,43.274,0.08749999999999998,0.10746000000000001,81.76333333333334,0.0,0.03192,0.5566666666666666,0.02038333333333334,0.10591333333333335,0.198,0.06354,0.0,0.4880000000000001,0.4809533333333333,0.08050666666666668,0.30666666666666664,0.09379000000000001,0.20437999999999998,0.054253333333333334,0.15012666666666663,0.09846333333333336,0.08146333333333332,1.2853333333333334,0.02682666666666667,0.07374666666666667,36.414,0.15333,0.3181666666666666,48.18933333333333,0.09379000000000001,0.11799333333333333,80.306,0.0,0.03888333333333333,0.4973333333333334,0.020619999999999996,0.10166666666666666,0.21866666666666668,0.08146333333333332,0.0,0.5258733333333333
101,107,2001-12-20,1,1,2001-02,Houston Rockets,Los Angeles Lakers,0,0.4357133333333334,0.08463,0.26775,0.08333333333333333,0.20499666666666663,0.058626666666666674,0.14638333333333337,0.08679,0.07766666666666668,1.244,0.028203333333333334,0.08788,31.923333333333336,0.13386666666666666,0.3030866666666666,44.38933333333333,0.08333333333333333,0.10929666666666665,76.12533333333333,0.0,0.034839999999999996,0.4986666666666667,0.018959999999999998,0.08300333333333333,0.22266666666666665,0.07766666666666668,0.0,0.4487933333333334,0.5028233333333334,0.08135333333333333,0.32388,0.09758333333333333,0.22343000000000002,0.06699666666666665,0.1564333333333333,0.11484333333333333,0.06925333333333333,1.7773333333333334,0.027123333333333333,0.08158666666666667,33.44466666666666,0.16194,0.3270666666666667,49.559999999999995,0.09758333333333333,0.1480133333333333,66.08266666666667,0.0,0.04240666666666667,0.6446666666666666,0.03887333333333333,0.10587333333333333,0.4046666666666666,0.06925333333333333,0.0,0.58311
113,101,2001-12-20,1,1,2001-02,Dallas Mavericks,Milwaukee Bucks,1,0.5097133333333334,0.09087666666666666,0.32775000000000004,0.09108333333333332,0.20396000000000003,0.05754000000000001,0.14642,0.10821000000000001,0.054416666666666676,2.0846666666666662,0.03029,0.08749333333333333,35.044,0.16387333333333334,0.33562333333333333,48.83800000000001,0.09108333333333332,0.11066666666666668,82.27866666666667,0.0,0.03341333333333334,0.6479999999999999,0.022916666666666665,0.11871000000000001,0.20600000000000002,0.054416666666666676,0.0,0.5752466666666667,0.46220999999999995,0.10243666666666666,0.2842766666666667,0.07549999999999998,0.19764333333333334,0.04927000000000001,0.14838,0.10818333333333334,0.07162666666666667,1.5913333333333335,0.03414333333333333,0.09771666666666666,35.044000000000004,0.14212999999999998,0.29381999999999997,48.41200000000001,0.07549999999999998,0.10117333333333332,73.7,0.0,0.04467999999999999,0.6573333333333333,0.020009999999999997,0.10328000000000001,0.20333333333333334,0.07162666666666667,0.0,0.5201899999999999
96,91,2001-12-20,1,1,2001-02,Toronto Raptors,Chicago Bulls,1,0.45742,0.09525000000000002,0.29783333333333334,0.06432333333333334,0.22195666666666666,0.07057333333333334,0.15138,0.11305000000000003,0.07121,1.6819999999999997,0.03175000000000001,0.08867,36.23266666666667,0.14891666666666667,0.33812000000000003,43.85466666666667,0.06432333333333334,0.08667333333333334,73.98199999999999,0.0,0.044956666666666666,0.6659999999999999,0.03871,0.10058666666666667,0.394,0.07121,0.0,0.5364233333333333,0.41533666666666674,0.03387333333333333,0.29941666666666666,0.08204000000000002,0.19728333333333334,0.05287666666666668,0.1444166666666667,0.10908333333333334,0.08082999999999999,1.5673333333333332,0.011293333333333332,0.04129666666666666,23.26866666666666,0.14970999999999998,0.3412933333333333,43.71333333333334,0.08204000000000002,0.12070000000000002,68.216,0.0,0.038623333333333336,0.5526666666666668,0.01858,0.09724333333333333,0.2,0.08082999999999999,0.0,0.4378366666666667
88,90,2001-12-20,1,1,2001-02,New York Knicks,Memphis Grizzlies,0,0.43933666666666665,0.058750000000000004,0.299,0.08158666666666667,0.21145666666666668,0.053283333333333335,0.15816,0.10025333333333332,0.07632666666666667,1.3779999999999997,0.01958333333333333,0.06632999999999999,30.16266666666667,0.14949666666666667,0.31937666666666664,46.873333333333335,0.08158666666666667,0.10846,75.53666666666666,0.0,0.03237333333333333,0.44000000000000006,0.017823333333333333,0.11392,0.16133333333333333,0.07632666666666667,0.0,0.48140999999999995,0.4451633333333333,0.08162333333333335,0.2909166666666667,0.07262,0.19833333333333336,0.05775,0.14057666666666666,0.11070666666666668,0.07862333333333334,1.5619999999999998,0.027210000000000005,0.07941333333333334,33.597333333333346,0.14545666666666668,0.3266633333333334,44.72666666666667,0.07262,0.10441666666666667,70.14200000000001,0.0,0.048,0.6426666666666667,0.03033666666666667,0.09899666666666668,0.308,0.07862333333333334,0.0,0.48871000000000003
94,89,2001-12-21,1,1,2001-02,Minnesota Timberwolves,Charlotte Hornets,1,0.5014166666666667,0.05824333333333334,0.36900000000000005,0.07416666666666667,0.22963000000000003,0.0707066666666667,0.15892333333333333,0.12954000000000002,0.06762333333333333,2.0900000000000003,0.019423333333333334,0.05133666666666668,40.589333333333336,0.18450666666666668,0.3873399999999999,47.86466666666667,0.07416666666666667,0.09200666666666667,80.09266666666667,0.0,0.037366666666666666,0.5953333333333333,0.030459999999999997,0.10837333333333335,0.28666666666666657,0.06762333333333333,0.0,0.6082099999999999,0.47219999999999995,0.06724666666666666,0.3159166666666667,0.08903333333333334,0.21226,0.07041999999999998,0.1418366666666667,0.10292666666666664,0.07425333333333332,1.4840000000000004,0.022420000000000002,0.06304333333333333,38.785999999999994,0.1579533333333333,0.34695333333333334,45.586666666666666,0.08903333333333334,0.11812999999999999,76.00866666666666,0.0,0.03804,0.5319999999999999,0.024456666666666668,0.11074666666666667,0.22799999999999995,0.07425333333333332,0.0,0.5169233333333333
75,93,2001-12-21,1,1,2001-02,Orlando Magic,Washington Wizards,0,0.5147066666666666,0.12237666666666665,0.29875,0.09358666666666667,0.21245666666666665,0.06115666666666667,0.15128999999999998,0.10925000000000001,0.06734,1.7253333333333332,0.04079000000000001,0.10296666666666665,39.842666666666666,0.14938333333333334,0.31912333333333337,47.28000000000001,0.09358666666666667,0.11996,77.76666666666665,0.0,0.03725,0.5893333333333334,0.027243333333333335,0.10328999999999998,0.2806666666666667,0.06734,0.0,0.5752933333333333,0.45004666666666665,0.04212333333333332,0.32133333333333336,0.08658666666666666,0.21183,0.06067,0.15116666666666667,0.09762333333333334,0.06354,1.646,0.014043333333333335,0.04025,32.846,0.16066666666666668,0.37228999999999995,43.364,0.08658666666666666,0.10667,81.43333333333334,0.0,0.031753333333333335,0.5519999999999999,0.02121666666666667,0.10524666666666667,0.20666666666666667,0.06354,0.0,0.49100000000000005
98,92,2001-12-21,1,1,2001-02,Boston Celtics,Utah Jazz,1,0.47758,0.1305,0.26208333333333333,0.08500333333333333,0.22849666666666663,0.06329333333333333,0.16520666666666667,0.10204666666666666,0.06566,1.6486666666666665,0.04349999999999999,0.12408333333333331,35.44266666666667,0.1310366666666667,0.2987966666666667,44.089333333333336,0.08500333333333333,0.1143733333333333,73.51599999999999,0.0,0.04490666666666667,0.7240000000000001,0.020670000000000004,0.10336666666666668,0.20466666666666672,0.06566,0.0,0.5303366666666667,0.48686333333333337,0.04462666666666667,0.3195,0.12274666666666666,0.21187666666666663,0.06783999999999998,0.14404666666666668,0.12045666666666666,0.08562666666666668,1.524,0.014873333333333332,0.04896666666666667,31.348666666666666,0.15975333333333333,0.3391666666666666,47.34466666666667,0.12274666666666666,0.15774999999999997,77.80199999999999,0.0,0.041750000000000016,0.5073333333333334,0.036460000000000006,0.11929999999999999,0.328,0.08562666666666668,0.0,0.5632933333333334
108,111,2001-12-21,1,1,2001-02,Golden State Warriors,Seattle SuperSonics,0,0.45312666666666673,0.055123333333333344,0.2998333333333333,0.09816333333333332,0.2363766666666667,0.08767333333333333,0.14871,0.10057666666666666,0.08975000000000001,1.204666666666667,0.018376666666666666,0.05579,31.881333333333334,0.14991666666666661,0.35903666666666667,41.96000000000001,0.09816333333333332,0.14021,70.84933333333333,0.0,0.037630000000000004,0.4313333333333334,0.030500000000000006,0.10966666666666665,0.294,0.08975000000000001,0.0,0.4798766666666666,0.4798233333333333,0.08599666666666668,0.31175,0.08209000000000001,0.1900433333333333,0.057539999999999994,0.13250666666666666,0.10862333333333334,0.06971333333333334,1.6900000000000002,0.028669999999999998,0.08379666666666666,33.842,0.15587,0.32083999999999996,48.72533333333333,0.08209000000000001,0.10557999999999998,76.836,0.0,0.03670666666666667,0.5546666666666665,0.018033333333333335,0.1045,0.17733333333333332,0.06971333333333334,0.0,0.5199633333333332
83,81,2001-12-21,1,1,2001-02,Portland Trail Blazers,Detroit Pistons,1,0.47662666666666664,0.06225000000000001,0.32283333333333336,0.09154333333333332,0.20612666666666665,0.06533666666666667,0.14079333333333333,0.11646666666666666,0.07116333333333333,1.93,0.02075,0.06633666666666667,31.176,0.16141666666666668,0.3285799999999999,49.25266666666667,0.09154333333333332,0.12000000000000001,77.01266666666666,0.0,0.039720000000000005,0.6346666666666666,0.018706666666666663,0.09908666666666667,0.18866666666666668,0.07116333333333333,0.0,0.5452533333333333,0.49078666666666676,0.1183733333333333,0.2866666666666667,0.08574333333333332,0.18355,0.04074666666666667,0.14278333333333335,0.11274666666666668,0.07192333333333334,1.741333333333333,0.03946000000000001,0.09866,40.339999999999996,0.14333333333333328,0.28462,50.51466666666667,0.08574333333333332,0.11416666666666668,75.72333333333334,0.0,0.03862666666666666,0.5633333333333334,0.032456666666666675,0.10983333333333335,0.3106666666666666,0.07192333333333334,0.0,0.5573366666666666
81,86,2001-12-21,1,1,2001-02,Miami Heat,Cleveland Cavaliers,0,0.41570333333333326,0.057996666666666676,0.2848333333333333,0.07286999999999999,0.20179666666666668,0.052919999999999995,0.1488733333333333,0.09766333333333335,0.07400000000000002,1.3973333333333333,0.01933666666666667,0.05495666666666667,33.39266666666666,0.14242,0.3274266666666667,43.56133333333333,0.07286999999999999,0.10883333333333334,67.41733333333333,0.0,0.028876666666666665,0.4266666666666667,0.028663333333333336,0.11104,0.268,0.07400000000000002,0.0,0.44212333333333326,0.4623266666666667,0.08137333333333335,0.2920833333333333,0.08887666666666669,0.21099666666666667,0.05329333333333333,0.15770333333333336,0.11783999999999999,0.07283666666666666,1.6893333333333334,0.027126666666666667,0.06495666666666665,40.977333333333334,0.14604333333333333,0.3286633333333333,44.458,0.08887666666666669,0.11087333333333335,79.93933333333332,0.0,0.03296,0.45399999999999996,0.02992,0.10363333333333333,0.32066666666666666,0.07283666666666666,0.0,0.5387533333333333
94,83,2001-12-21,1,1,2001-02,Philadelphia 76ers,Atlanta Hawks,1,0.4390333333333334,0.03925000000000001,0.31074999999999997,0.08904333333333334,0.2304166666666667,0.07128666666666668,0.15912000000000004,0.09525333333333334,0.08054,1.2366666666666666,0.013083333333333334,0.04795333333333333,28.290000000000006,0.15537666666666666,0.35375,43.99333333333333,0.08904333333333334,0.11525,76.53733333333335,0.0,0.04203666666666665,0.5533333333333333,0.028120000000000003,0.09474,0.31133333333333335,0.08054,0.0,0.4948733333333334,0.4842866666666667,0.08238,0.3085833333333333,0.09333000000000001,0.20325666666666667,0.053793333333333346,0.14945999999999995,0.09992,0.08041999999999999,1.3186666666666667,0.027453333333333337,0.07508000000000001,36.72666666666667,0.15428666666666668,0.31825,48.429333333333346,0.09333000000000001,0.11724,80.33533333333334,0.0,0.039259999999999996,0.5086666666666667,0.020326666666666663,0.10154333333333332,0.2166666666666667,0.08041999999999999,0.0,0.5311199999999999
100,94,2001-12-21,1,1,2001-02,Indiana Pacers,New Jersey Nets,1,0.48325,0.06475333333333334,0.3259166666666667,0.09257999999999998,0.22016333333333332,0.05853666666666667,0.16163000000000002,0.12146666666666664,0.07629333333333332,1.7173333333333332,0.021580000000000002,0.06008,35.392,0.16296333333333332,0.3537133333333333,46.349333333333334,0.09257999999999998,0.12433,74.116,0.0,0.03579333333333334,0.4973333333333334,0.02979666666666667,0.11441666666666667,0.2746666666666666,0.07629333333333332,0.0,0.5531633333333333,0.4750466666666667,0.06962666666666667,0.3265,0.07891666666666666,0.2357466666666667,0.06929333333333335,0.16645666666666664,0.1225,0.07524666666666668,1.7733333333333334,0.02320666666666667,0.0735,31.500666666666667,0.16324666666666668,0.35995333333333335,45.39999999999999,0.07891666666666666,0.11436666666666669,69.42733333333334,0.0,0.042126666666666666,0.6066666666666668,0.03887,0.10213000000000001,0.39200000000000007,0.07524666666666668,0.0,0.5565866666666665
114,108,2001-12-21,1,1,2001-02,Memphis Grizzlies,Los Angeles Lakers,1,0.44341333333333327,0.08099666666666668,0.29008333333333336,0.07232666666666666,0.19724666666666665,0.057126666666666666,0.14012,0.10991333333333335,0.07841333333333335,1.5599999999999998,0.027003333333333334,0.07891333333333335,33.502,0.14504,0.3274133333333334,44.51200000000001,0.07232666666666666,0.10333,70.35533333333335,0.0,0.04833333333333333,0.6506666666666666,0.029503333333333333,0.09804000000000003,0.30333333333333334,0.07841333333333335,0.0,0.48471000000000003,0.5009633333333333,0.08122666666666666,0.3244633333333333,0.09526666666666667,0.22480333333333333,0.06813666666666666,0.15667,0.11462,0.06706,1.8353333333333335,0.02708333333333333,0.08290333333333333,32.92466666666666,0.16223333333333334,0.3288433333333334,49.36400000000001,0.09526666666666667,0.14497333333333334,65.97333333333334,0.0,0.04154666666666666,0.6553333333333333,0.03839,0.10498333333333333,0.404,0.06706,0.0,0.5811266666666667
109,74,2001-12-21,1,1,2001-02,San Antonio Spurs,Denver Nuggets,1,0.50262,0.11187666666666667,0.2864166666666667,0.10433666666666666,0.21946000000000002,0.05887333333333333,0.16058,0.10271,0.07236999999999999,1.5193333333333332,0.03729000000000001,0.08633333333333333,43.42733333333332,0.14321666666666666,0.3062133333333333,47.16066666666666,0.10433666666666666,0.14179,73.95666666666668,0.0,0.03466333333333333,0.4933333333333333,0.03621,0.09899999999999999,0.37266666666666665,0.07236999999999999,0.0,0.5737966666666667,0.4634533333333334,0.08761666666666666,0.3005000000000001,0.07533,0.2153266666666667,0.07258,0.14275666666666667,0.10920666666666667,0.05928999999999999,1.9026666666666665,0.029216666666666665,0.09078666666666667,32.482,0.1502466666666667,0.34391,43.913999999999994,0.07533,0.09928666666666668,75.43866666666668,0.0,0.03396,0.5773333333333333,0.030119999999999997,0.11032666666666667,0.2793333333333333,0.05928999999999999,0.0,0.5135799999999999
101,88,2001-12-22,1,1,2001-02,Atlanta Hawks,Charlotte Hornets,1,0.48541,0.08338,0.30974999999999997,0.09229,0.20221333333333333,0.05408666666666668,0.14812666666666666,0.10046000000000001,0.07920999999999999,1.3419999999999999,0.02778666666666667,0.07624666666666666,36.63599999999999,0.15487333333333334,0.31946,48.40933333333334,0.09229,0.11598999999999998,80.182,0.0,0.039799999999999995,0.5233333333333334,0.019870000000000002,0.10162666666666666,0.2126666666666667,0.07920999999999999,0.0,0.5317866666666666,0.4739933333333333,0.06749333333333334,0.3174166666666667,0.08907333333333334,0.2128,0.07071,0.14208666666666667,0.1053033333333333,0.07375333333333332,1.5213333333333334,0.022506666666666668,0.06329666666666665,38.81733333333333,0.15870666666666666,0.34704000000000007,45.79333333333333,0.08907333333333334,0.11833666666666663,75.856,0.0,0.03812333333333333,0.5353333333333333,0.025036666666666672,0.11058,0.23266666666666663,0.07375333333333332,0.0,0.5231333333333333
117,89,2001-12-22,1,1,2001-02,Seattle SuperSonics,Detroit Pistons,1,0.48045000000000004,0.08599666666666668,0.3128333333333334,0.08163333333333335,0.19024999999999995,0.05816333333333333,0.13208999999999999,0.10974666666666669,0.06954666666666666,1.7160000000000002,0.028670000000000005,0.08309000000000001,34.29066666666666,0.15641000000000002,0.32205,48.69466666666666,0.08163333333333335,0.10562333333333333,76.416,0.0,0.03649666666666666,0.5559999999999999,0.018156666666666668,0.1045,0.17933333333333332,0.06954666666666666,0.0,0.5215466666666667,0.48899666666666675,0.11687333333333333,0.28675,0.08536666666666666,0.18263000000000001,0.041996666666666675,0.14061666666666667,0.11195666666666668,0.07146666666666666,1.7273333333333332,0.03896,0.09886666666666666,39.72666666666667,0.14337666666666665,0.2854966666666666,50.39266666666666,0.08536666666666666,0.11400000000000002,75.30600000000001,0.0,0.03870666666666667,0.5686666666666667,0.032290000000000006,0.11029333333333333,0.30799999999999994,0.07146666666666666,0.0,0.5524600000000001
86,87,2001-12-22,1,1,2001-02,New York Knicks,Washington Wizards,0,0.4420433333333333,0.05937333333333334,0.3015833333333333,0.08108666666666667,0.21279,0.05353666666666667,0.15924333333333332,0.10096,0.07590999999999999,1.3966666666666667,0.019793333333333333,0.06666333333333332,30.335333333333338,0.15078666666666665,0.32083666666666666,47.05200000000001,0.08108666666666667,0.10779333333333334,75.51333333333335,0.0,0.03187333333333333,0.4326666666666667,0.018323333333333334,0.11425333333333333,0.16599999999999998,0.07590999999999999,0.0,0.48645333333333335,0.45025333333333334,0.042123333333333325,0.32341666666666674,0.08471333333333333,0.21345666666666666,0.06058333333333333,0.1528766666666667,0.09921,0.06379,1.6633333333333336,0.014043333333333335,0.03970666666666667,33.19666666666667,0.1617066666666667,0.37199999999999994,43.672000000000004,0.08471333333333333,0.10496333333333334,80.8566666666667,0.0,0.031836666666666666,0.5459999999999999,0.02213333333333333,0.10454000000000002,0.21600000000000003,0.06379,0.0,0.4968766666666667
90,104,2001-12-22,1,1,2001-02,New Jersey Nets,Utah Jazz,0,0.47663,0.07225333333333334,0.3265833333333334,0.07779,0.2349133333333334,0.06875,0.1661633333333333,0.12454000000000001,0.07462333333333333,1.8240000000000003,0.024079999999999997,0.07583333333333335,31.526,0.1632866666666667,0.3580366666666668,45.672666666666665,0.07779,0.11390666666666667,68.71266666666665,0.0,0.042416666666666665,0.6160000000000001,0.03866000000000001,0.10175666666666668,0.39,0.07462333333333333,0.0,0.55992,0.4875300000000001,0.04525,0.31875,0.12353999999999998,0.21325333333333332,0.06879666666666666,0.14446333333333336,0.12062333333333332,0.08471000000000002,1.5433333333333332,0.015083333333333334,0.0493,31.812666666666665,0.1593766666666667,0.3395,47.18666666666666,0.12353999999999998,0.1583766666666667,77.97733333333332,0.0,0.041416666666666664,0.5093333333333335,0.03583333333333332,0.11863333333333333,0.32399999999999995,0.08471000000000002,0.0,0.5647933333333334
101,105,2001-12-22,1,1,2001-02,Denver Nuggets,Golden State Warriors,0,0.46299666666666667,0.08974,0.2990833333333333,0.07416333333333333,0.21553666666666668,0.07278666666666668,0.14275666666666667,0.10962333333333334,0.06008333333333334,1.892,0.029926666666666664,0.09299333333333333,32.508,0.14954,0.34287000000000006,43.821999999999996,0.07416333333333333,0.09820666666666669,75.05133333333335,0.0,0.034749999999999996,0.5839999999999999,0.03078666666666667,0.10957333333333331,0.28733333333333333,0.06008333333333334,0.0,0.5131633333333333,0.45350000000000007,0.05412333333333334,0.3010833333333333,0.09829,0.23417000000000004,0.08683999999999999,0.14733333333333337,0.10028666666666665,0.08975,1.1986666666666668,0.01804333333333334,0.055080000000000004,31.793333333333333,0.15053999999999998,0.35837,42.20133333333333,0.09829,0.14054333333333335,70.74933333333334,0.0,0.03784,0.4326666666666667,0.030460000000000004,0.10929333333333333,0.29600000000000004,0.08975,0.0,0.4793766666666667
102,90,2001-12-22,1,1,2001-02,Phoenix Suns,Portland Trail Blazers,1,0.49496,0.07312666666666665,0.34658333333333335,0.07524333333333333,0.2135,0.05725666666666666,0.15625666666666668,0.11354666666666667,0.07333666666666666,1.6079999999999999,0.024373333333333334,0.07237333333333333,32.108666666666664,0.1732866666666667,0.34665666666666667,50.044666666666664,0.07524333333333333,0.09821,77.37599999999999,0.0,0.04645666666666667,0.6559999999999999,0.02920666666666667,0.10879000000000001,0.2793333333333333,0.07333666666666666,0.0,0.5800033333333334,0.47679333333333335,0.061623333333333336,0.32308333333333333,0.09208666666666666,0.20624999999999996,0.06554666666666666,0.14071333333333333,0.11642333333333332,0.07099666666666667,1.9420000000000002,0.020543333333333334,0.06462999999999999,31.272666666666666,0.16154333333333337,0.32945333333333326,49.12066666666667,0.09208666666666666,0.12079,76.96199999999999,0.0,0.03951,0.636,0.018873333333333336,0.09838,0.192,0.07099666666666667,0.0,0.54613
103,109,2001-12-22,1,1,2001-02,Cleveland Cavaliers,Indiana Pacers,0,0.46545,0.08275000000000002,0.29425,0.08845666666666668,0.21008333333333332,0.05275333333333333,0.15733,0.11941999999999998,0.07258666666666666,1.7113333333333334,0.02758333333333333,0.06641666666666667,41.01733333333333,0.14712333333333333,0.32737,44.96799999999999,0.08845666666666668,0.10995666666666667,80.15199999999999,0.0,0.03375333333333334,0.466,0.030963333333333336,0.1033,0.3313333333333333,0.07258666666666666,0.0,0.5465033333333333,0.48208333333333336,0.06375333333333334,0.32674999999999993,0.09158,0.22007999999999997,0.05857666666666666,0.16150666666666666,0.12229999999999998,0.07667,1.7206666666666666,0.021246666666666667,0.05991333333333333,34.81133333333333,0.16337666666666667,0.35450333333333334,46.38666666666666,0.09158,0.12354,73.76,0.0,0.03542,0.4906666666666667,0.029629999999999997,0.11379333333333333,0.27466666666666667,0.07667,0.0,0.55108
102,80,2001-12-22,1,1,2001-02,Dallas Mavericks,Orlando Magic,1,0.5126700000000001,0.09350333333333333,0.32733333333333337,0.09182999999999998,0.20404000000000003,0.05804,0.146,0.10933666666666668,0.05416333333333334,2.1126666666666667,0.031163333333333335,0.08874333333333333,35.51266666666666,0.16366666666666668,0.3346666666666667,48.92600000000001,0.09182999999999998,0.11146000000000002,82.278,0.0,0.03320666666666667,0.6473333333333333,0.022583333333333334,0.12050000000000001,0.19933333333333333,0.05416333333333334,0.0,0.5794533333333334,0.51562,0.12462666666666664,0.2990833333333334,0.09191999999999999,0.21149999999999997,0.060489999999999995,0.15099666666666664,0.11021,0.06776,1.7319999999999998,0.04154,0.10409333333333333,40.28066666666667,0.14955000000000002,0.31649666666666665,47.702000000000005,0.09191999999999999,0.11820666666666665,77.53800000000001,0.0,0.03695999999999999,0.5820000000000001,0.027283333333333333,0.10203999999999998,0.284,0.06776,0.0,0.5780400000000001
74,95,2001-12-22,1,1,2001-02,Chicago Bulls,Minnesota Timberwolves,0,0.41692000000000007,0.036000000000000004,0.29966666666666675,0.08125000000000002,0.19840999999999998,0.053666666666666675,0.14475000000000005,0.11024999999999999,0.08070333333333331,1.5866666666666667,0.012,0.04250333333333333,24.09533333333333,0.14983666666666667,0.34091999999999995,43.8,0.08125000000000002,0.11907666666666668,68.42333333333333,0.0,0.03820666666666666,0.5486666666666669,0.018326666666666668,0.09549333333333335,0.20266666666666666,0.08070333333333331,0.0,0.4420033333333333,0.50171,0.05811666666666667,0.37041666666666667,0.07316666666666667,0.23020999999999997,0.07216333333333334,0.15805,0.12954000000000002,0.06816666666666667,2.0686666666666667,0.01938333333333334,0.05171333333333334,40.268,0.18521333333333334,0.3890899999999999,47.81200000000001,0.07316666666666667,0.09096666666666667,79.82133333333333,0.0,0.03769999999999999,0.5940000000000001,0.03083333333333333,0.10875,0.29,0.06816666666666667,0.0,0.6078333333333332
115,110,2001-12-22,1,1,2001-02,Houston Rockets,Milwaukee Bucks,1,0.43404666666666675,0.08450333333333333,0.2674166666666666,0.08212333333333334,0.20441000000000004,0.05949999999999999,0.14492333333333332,0.08758,0.07791666666666668,1.26,0.02816333333333333,0.08729666666666668,32.02333333333333,0.1337,0.30542,44.024,0.08212333333333334,0.10746333333333331,76.23399999999998,0.0,0.035133333333333336,0.5053333333333333,0.019046666666666667,0.08321,0.22333333333333333,0.07791666666666668,0.0,0.44612666666666667,0.4607366666666666,0.10176999999999999,0.28508333333333336,0.07389,0.20074000000000003,0.05043666666666667,0.15031,0.10831,0.07298666666666667,1.5626666666666666,0.03392,0.09775666666666667,34.944,0.14253333333333332,0.29489,48.358666666666664,0.07389,0.09967333333333334,73.45266666666666,0.0,0.04433,0.6399999999999999,0.020303333333333333,0.10289,0.20600000000000002,0.07298666666666667,0.0,0.5194833333333333
101,85,2001-12-22,1,1,2001-02,Los Angeles Clippers,Sacramento Kings,1,0.4790866666666666,0.06862666666666667,0.31683333333333336,0.09362333333333334,0.21462,0.06053666666666666,0.15408666666666668,0.10770333333333333,0.08245999999999999,1.3833333333333333,0.02287333333333334,0.06344999999999999,35.91133333333333,0.1584066666666667,0.33446,47.53266666666666,0.09362333333333334,0.12304333333333335,76.61133333333335,0.0,0.03462,0.43866666666666665,0.03925000000000001,0.10599666666666668,0.41400000000000003,0.08245999999999999,0.0,0.54678,0.49862666666666666,0.06175666666666667,0.3385,0.09838333333333332,0.23024333333333338,0.061459999999999994,0.16879333333333335,0.11050666666666666,0.06616666666666668,1.7533333333333334,0.020576666666666667,0.060620000000000014,36.18066666666667,0.16925333333333334,0.36397,46.486666666666665,0.09838333333333332,0.13582666666666665,72.588,0.0,0.039746666666666666,0.6326666666666667,0.021163333333333333,0.09399333333333333,0.23266666666666663,0.06616666666666668,0.0,0.5619166666666667
133,101,2001-12-23,1,1,2001-02,Sacramento Kings,Phoenix Suns,1,0.49829333333333337,0.06188,0.3375,0.09892666666666665,0.22891000000000003,0.06083666666666666,0.16808666666666666,0.11050666666666666,0.06620666666666669,1.7466666666666668,0.020619999999999996,0.059913333333333346,36.62066666666667,0.16875333333333334,0.3639266666666667,46.346666666666664,0.09892666666666665,0.13615999999999998,72.758,0.0,0.039536666666666664,0.6273333333333333,0.021620000000000004,0.09424333333333333,0.23666666666666666,0.06620666666666669,0.0,0.5609566666666667,0.49512666666666666,0.07350333333333334,0.34641666666666665,0.07520333333333334,0.2141233333333333,0.058506666666666665,0.15563333333333335,0.1133,0.07321000000000001,1.6073333333333333,0.02449666666666667,0.07337333333333332,32.07533333333333,0.17320666666666668,0.3481566666666667,49.82533333333333,0.07520333333333334,0.098,77.54466666666666,0.0,0.04662333333333333,0.6593333333333332,0.029830000000000002,0.10871000000000003,0.286,0.07321000000000001,0.0,0.57917
83,76,2001-12-23,1,1,2001-02,Toronto Raptors,Miami Heat,1,0.4540433333333333,0.09337666666666668,0.29875000000000007,0.06190666666666668,0.22229,0.07095,0.15133999999999997,0.11167333333333333,0.07100333333333333,1.6546666666666667,0.03112333333333334,0.08771,36.05733333333333,0.14937333333333339,0.33962000000000003,43.784,0.06190666666666668,0.08392,73.33200000000001,0.0,0.04437,0.6546666666666666,0.03783333333333334,0.09900333333333333,0.39333333333333326,0.07100333333333333,0.0,0.5303833333333333,0.41607999999999995,0.05774666666666668,0.2846666666666667,0.07366333333333333,0.20221333333333336,0.05325333333333334,0.14896,0.09732999999999999,0.07316666666666667,1.4113333333333336,0.019253333333333334,0.05475,33.221999999999994,0.14233333333333334,0.32746666666666674,43.54466666666667,0.07366333333333333,0.10987333333333332,67.57266666666666,0.0,0.02854333333333333,0.42800000000000005,0.028453333333333337,0.10978666666666666,0.26933333333333337,0.07316666666666667,0.0,0.4426233333333333
91,101,2001-12-23,1,1,2001-02,San Antonio Spurs,Milwaukee Bucks,0,0.5028666666666666,0.11137666666666667,0.2881666666666666,0.10333666666666665,0.22041666666666668,0.05849666666666667,0.16191333333333333,0.10316666666666666,0.07291333333333333,1.514,0.037123333333333335,0.08678999999999998,43.13333333333333,0.14409,0.30562999999999996,47.534,0.10333666666666665,0.14045666666666667,73.93266666666668,0.0,0.03466333333333333,0.4953333333333333,0.03674999999999999,0.09828999999999997,0.3813333333333333,0.07291333333333333,0.0,0.5766300000000001,0.4598333333333333,0.101,0.2861666666666666,0.07266666666666666,0.2043266666666667,0.05162666666666665,0.15270666666666663,0.10829333333333332,0.07413666666666667,1.533333333333333,0.033666666666666664,0.09746333333333332,34.925333333333334,0.14307333333333333,0.29683333333333334,48.233999999999995,0.07266666666666666,0.09866,73.20333333333335,0.0,0.04383,0.6213333333333332,0.02058,0.10228666666666666,0.20933333333333334,0.07413666666666667,0.0,0.5192066666666667
85,80,2001-12-23,1,1,2001-02,Boston Celtics,Memphis Grizzlies,1,0.4768699999999999,0.1276233333333333,0.2635,0.08575333333333335,0.22857666666666662,0.06345999999999999,0.16512666666666664,0.10184,0.06578666666666667,1.641333333333333,0.042543333333333315,0.12358333333333334,34.892,0.13174666666666668,0.2998366666666667,44.18133333333333,0.08575333333333335,0.11525,73.44733333333333,0.0,0.04595000000000001,0.7420000000000001,0.020590000000000004,0.10366000000000002,0.20400000000000004,0.06578666666666667,0.0,0.52942,0.44278666666666666,0.08087,0.29008333333333336,0.07182666666666669,0.19708,0.05654333333333334,0.14054,0.10920666666666667,0.07795666666666667,1.563333333333333,0.026963333333333336,0.07904000000000001,33.38266666666667,0.14504,0.3281633333333333,44.42333333333334,0.07182666666666669,0.10199666666666668,70.53333333333335,0.0,0.04808666666666667,0.6539999999999999,0.02883666666666667,0.09741666666666669,0.3,0.07795666666666667,0.0,0.4826666666666667
102,94,2001-12-25,1,1,2001-02,New York Knicks,Toronto Raptors,1,0.4444166666666666,0.059750000000000004,0.30349999999999994,0.08116666666666665,0.21428999999999998,0.05403666666666667,0.16024333333333332,0.10133333333333333,0.07562,1.4080000000000001,0.01991666666666667,0.06728666666666666,30.268000000000004,0.1517466666666666,0.3220433333333333,47.156,0.08116666666666665,0.10775,75.62799999999999,0.0,0.03170666666666667,0.4293333333333333,0.018866666666666664,0.11446333333333333,0.1713333333333333,0.07562,0.0,0.4907466666666666,0.45271,0.09100333333333334,0.3019166666666667,0.059780000000000014,0.2221233333333333,0.07111666666666666,0.15100666666666665,0.11088333333333332,0.07046333333333334,1.654,0.03033000000000001,0.08621000000000002,35.88666666666667,0.15095666666666668,0.3419966666666667,43.928,0.059780000000000014,0.08133666666666667,72.89133333333334,0.0,0.04382666666666667,0.6506666666666666,0.03716666666666667,0.09754333333333333,0.39399999999999996,0.07046333333333334,0.0,0.5278033333333333
88,82,2001-12-25,1,1,2001-02,Los Angeles Lakers,Philadelphia 76ers,1,0.4996233333333333,0.08149666666666665,0.32466666666666666,0.09345666666666667,0.22607999999999998,0.06887333333333334,0.15721000000000002,0.11466666666666667,0.06537,1.8820000000000001,0.027169999999999996,0.08375,32.698666666666675,0.16233666666666666,0.33038,49.15333333333334,0.09345666666666667,0.14250333333333337,65.95533333333334,0.0,0.040666666666666657,0.6593333333333333,0.03796,0.10450000000000001,0.402,0.06537,0.0,0.5799666666666667,0.4387866666666667,0.03924999999999999,0.31125,0.08829,0.23029333333333335,0.07070333333333333,0.15958,0.09612666666666667,0.08153999999999999,1.2273333333333332,0.013083333333333336,0.047453333333333333,28.438000000000002,0.15562666666666664,0.3538733333333334,44.078,0.08829,0.11420666666666666,76.63466666666667,0.0,0.04120333333333333,0.5366666666666666,0.028703333333333338,0.09457333333333334,0.32066666666666666,0.08153999999999999,0.0,0.4950400000000001
107,85,2001-12-26,1,1,2001-02,Memphis Grizzlies,Chicago Bulls,1,0.44341333333333327,0.08049666666666667,0.29066666666666663,0.07224333333333335,0.19728666666666667,0.05595666666666667,0.14133333333333334,0.10866666666666669,0.07704333333333334,1.6086666666666667,0.026836666666666672,0.07916333333333334,33.181333333333335,0.14533333333333331,0.32878999999999997,44.43133333333334,0.07224333333333335,0.10166333333333334,70.81333333333333,0.0,0.04783666666666666,0.6733333333333332,0.027963333333333337,0.09717000000000002,0.292,0.07704333333333334,0.0,0.4829166666666667,0.4180866666666667,0.0375,0.29933333333333334,0.08125000000000002,0.19920333333333332,0.05437666666666666,0.14483333333333331,0.11078999999999999,0.07999666666666667,1.6046666666666667,0.0125,0.043583333333333335,24.50533333333333,0.14967,0.34079666666666664,43.77533333333333,0.08125000000000002,0.11824333333333334,68.91466666666666,0.0,0.03787333333333333,0.5486666666666667,0.018076666666666668,0.09382666666666667,0.20466666666666672,0.07999666666666667,0.0,0.44483666666666666
99,86,2001-12-26,1,1,2001-02,Utah Jazz,Boston Celtics,1,0.48807333333333336,0.04625,0.31799999999999995,0.12383333333333332,0.21379666666666666,0.06921333333333332,0.14458666666666667,0.12071,0.08404333333333334,1.5539999999999998,0.015416666666666669,0.04971333333333334,32.477999999999994,0.15900333333333333,0.33887666666666666,47.14866666666667,0.12383333333333332,0.1582966666666667,78.18599999999999,0.0,0.04091666666666668,0.5086666666666668,0.03529333333333333,0.11808999999999999,0.32066666666666666,0.08404333333333334,0.0,0.5661266666666668,0.4772433333333333,0.12537,0.26433333333333336,0.08754333333333333,0.22799333333333333,0.06308333333333332,0.16491666666666666,0.10192333333333334,0.06624333333333333,1.6299999999999997,0.04179666666666666,0.12270666666666666,34.61066666666667,0.13216666666666665,0.30029333333333336,44.276666666666664,0.08754333333333333,0.1170833333333333,73.628,0.0,0.04703666666666666,0.7580000000000001,0.02042333333333334,0.10387,0.2026666666666667,0.06624333333333333,0.0,0.5297933333333334
99,93,2001-12-26,1,1,2001-02,Charlotte Hornets,Washington Wizards,1,0.4758266666666666,0.06787000000000001,0.31916666666666677,0.08878333333333334,0.21313333333333334,0.07050333333333332,0.14263,0.10759666666666663,0.07308666666666666,1.5626666666666666,0.022629999999999997,0.06421333333333332,38.502,0.15958333333333335,0.34683333333333344,46.07600000000001,0.08878333333333334,0.11775333333333332,75.97800000000001,0.0,0.03825,0.5399999999999999,0.02582666666666667,0.11045666666666666,0.2393333333333333,0.07308666666666666,0.0,0.52976,0.4510866666666667,0.042623333333333326,0.32575000000000004,0.08271333333333333,0.21570999999999999,0.06112333333333334,0.1545866666666667,0.10117000000000001,0.06374666666666666,1.69,0.01421,0.03958333333333333,33.52866666666667,0.16287333333333331,0.37187333333333333,43.995333333333335,0.08271333333333333,0.10350333333333334,79.972,0.0,0.032003333333333335,0.542,0.02296666666666667,0.10362000000000003,0.22533333333333336,0.06374666666666666,0.0,0.504
107,97,2001-12-26,1,1,2001-02,Milwaukee Bucks,Atlanta Hawks,1,0.4607533333333333,0.10062333333333333,0.2885833333333333,0.07154,0.20757666666666666,0.05271333333333332,0.1548733333333333,0.10854333333333334,0.07488333333333333,1.5279999999999998,0.033543333333333335,0.09679666666666666,35.10933333333333,0.14428333333333335,0.29945999999999995,48.212666666666664,0.07154,0.09782666666666666,72.88666666666667,0.0,0.043329999999999994,0.6080000000000001,0.02079,0.10153333333333332,0.21266666666666664,0.07488333333333333,0.0,0.5214166666666668,0.4852000000000001,0.08325333333333332,0.31016666666666665,0.09179000000000001,0.20113,0.05412666666666668,0.147,0.10083666666666664,0.07796,1.3633333333333335,0.027746666666666673,0.07679,36.35133333333333,0.15508000000000002,0.3202933333333334,48.324666666666666,0.09179000000000001,0.11549000000000001,80.02000000000001,0.0,0.04046666666666666,0.5393333333333334,0.019536666666666667,0.10204666666666665,0.20933333333333337,0.07796,0.0,0.5312433333333334
123,126,2001-12-26,1,1,2001-02,San Antonio Spurs,Dallas Mavericks,0,0.5035333333333333,0.11075333333333334,0.2903333333333333,0.10246333333333332,0.22175,0.05833000000000001,0.16341333333333333,0.10337333333333332,0.07399333333333333,1.4913333333333332,0.03691333333333334,0.08720999999999998,42.778666666666666,0.14517333333333332,0.30492,47.99466666666667,0.10246333333333332,0.13945666666666667,73.83466666666668,0.0,0.035083333333333334,0.49666666666666665,0.03754333333333333,0.09791333333333331,0.392,0.07399333333333333,0.0,0.5802533333333333,0.51513,0.09612666666666667,0.3263333333333333,0.09266333333333332,0.20395333333333338,0.05808333333333334,0.14587666666666668,0.11041999999999999,0.05429000000000001,2.1286666666666667,0.03204,0.08982666666666668,36.032,0.16316666666666665,0.3331233333333333,49.011333333333326,0.09266333333333332,0.11250000000000002,82.11066666666667,0.0,0.03291666666666667,0.6426666666666666,0.022210000000000004,0.12179000000000001,0.194,0.05429000000000001,0.0,0.5827433333333333
89,74,2001-12-26,1,1,2001-02,Sacramento Kings,Portland Trail Blazers,1,0.49771,0.06200333333333333,0.3369166666666667,0.0988,0.22782999999999998,0.06071000000000001,0.16713000000000003,0.11063,0.06662333333333335,1.7346666666666668,0.020663333333333332,0.05924666666666667,36.981333333333346,0.16846333333333335,0.36413333333333336,46.23999999999999,0.0988,0.13549333333333333,72.96666666666667,0.0,0.03924666666666667,0.6173333333333334,0.022163333333333333,0.09449333333333333,0.24133333333333334,0.06662333333333335,0.0,0.5599966666666667,0.47658333333333336,0.06062333333333334,0.3231666666666667,0.09279333333333334,0.20658333333333326,0.06558666666666665,0.14100333333333334,0.11621333333333331,0.07103666666666666,1.9353333333333331,0.020210000000000002,0.06254666666666667,31.42466666666667,0.16158333333333336,0.33049666666666666,48.946000000000005,0.09279333333333334,0.12179000000000001,76.92000000000002,0.0,0.039216666666666664,0.6300000000000001,0.01954,0.09817000000000001,0.19866666666666669,0.07103666666666666,0.0,0.54684
91,97,2001-12-26,1,1,2001-02,Houston Rockets,Phoenix Suns,0,0.43383666666666676,0.08475333333333332,0.26791666666666664,0.08116666666666666,0.20416000000000004,0.06054,0.14363000000000004,0.08824666666666664,0.07737666666666666,1.2973333333333332,0.028246666666666663,0.08667,32.321333333333335,0.13395333333333334,0.3084633333333333,43.68333333333333,0.08116666666666666,0.10625333333333332,76.16066666666667,0.0,0.035379999999999995,0.52,0.019336666666666665,0.08370999999999999,0.22533333333333333,0.07737666666666666,0.0,0.44558666666666663,0.4951266666666667,0.07425,0.3456666666666666,0.07520333333333333,0.21499666666666664,0.06009,0.15492666666666663,0.11259000000000001,0.07292000000000001,1.6046666666666665,0.02475,0.07433000000000001,32.135999999999996,0.17282999999999996,0.34970000000000007,49.513333333333335,0.07520333333333333,0.09812333333333333,77.50533333333334,0.0,0.04641333333333333,0.6586666666666666,0.030206666666666666,0.10817000000000002,0.292,0.07292000000000001,0.0,0.5770466666666666
86,100,2001-12-26,1,1,2001-02,Los Angeles Clippers,Philadelphia 76ers,0,0.47520999999999997,0.06787666666666667,0.316,0.09132999999999998,0.21620333333333336,0.06078333333333333,0.15542,0.10741333333333333,0.08283666666666666,1.3813333333333333,0.022623333333333336,0.06365999999999998,35.20066666666666,0.15799333333333332,0.3338766666666666,47.494,0.09132999999999998,0.12121000000000003,75.97933333333332,0.0,0.034453333333333336,0.43533333333333335,0.03875,0.10575000000000001,0.4106666666666667,0.08283666666666666,0.0,0.5424033333333333,0.4380766666666667,0.039503333333333335,0.31124999999999997,0.08732999999999998,0.23062666666666667,0.07024666666666665,0.16036999999999998,0.09662666666666667,0.08274666666666668,1.2119999999999997,0.013163333333333334,0.04708,28.60066666666667,0.15562666666666664,0.3536266666666667,44.13133333333334,0.08732999999999998,0.11299999999999998,76.72466666666668,0.0,0.04041000000000001,0.5186666666666667,0.029203333333333338,0.0943266666666667,0.3293333333333333,0.08274666666666668,0.0,0.49462333333333336
82,89,2001-12-26,1,1,2001-02,Orlando Magic,Indiana Pacers,0,0.5134533333333333,0.12462666666666665,0.2991666666666667,0.08966999999999999,0.21083333333333332,0.060989999999999996,0.14983000000000005,0.11021,0.06780000000000001,1.7339999999999998,0.04154,0.10459333333333332,40.17533333333334,0.14959,0.31582999999999994,47.80066666666667,0.08966999999999999,0.11587333333333333,77.14933333333333,0.0,0.03675333333333333,0.58,0.02724,0.10108,0.2860000000000001,0.06780000000000001,0.0,0.5752066666666668,0.48129000000000005,0.062253333333333334,0.3278333333333333,0.09120666666666667,0.21949999999999997,0.05845333333333333,0.16104666666666664,0.12301,0.07683666666666668,1.7226666666666666,0.020746666666666667,0.05957999999999999,34.08133333333333,0.16391666666666668,0.35421333333333327,46.59133333333333,0.09120666666666667,0.12358333333333332,73.45400000000001,0.0,0.03550666666666667,0.49066666666666675,0.029256666666666667,0.11346000000000002,0.27133333333333337,0.07683666666666668,0.0,0.5502033333333334
89,91,2001-12-26,1,1,2001-02,Cleveland Cavaliers,New Jersey Nets,0,0.4678700000000001,0.08425,0.29558333333333336,0.08804000000000002,0.2093766666666667,0.05217333333333333,0.1572033333333333,0.11996,0.07267,1.7146666666666666,0.028083333333333335,0.06795666666666665,41.19733333333333,0.14779,0.32587000000000005,45.376,0.08804000000000002,0.10912333333333334,80.35066666666667,0.0,0.034460000000000005,0.4753333333333333,0.03208666666666667,0.10288333333333335,0.34133333333333327,0.07267,0.0,0.5520433333333333,0.47892333333333337,0.07575333333333334,0.32633333333333336,0.07683000000000001,0.23345666666666667,0.06796,0.16549666666666665,0.12653999999999999,0.07370333333333332,1.8813333333333337,0.02524666666666667,0.07808666666666668,31.968000000000004,0.16316333333333335,0.3558700000000001,45.93466666666667,0.07683000000000001,0.11336333333333333,68.18333333333334,0.0,0.04245666666666667,0.6246666666666666,0.03766,0.10129666666666666,0.38199999999999995,0.07370333333333332,0.0,0.5632533333333334
91,94,2001-12-26,1,1,2001-02,Denver Nuggets,Minnesota Timberwolves,0,0.46153666666666665,0.09211666666666668,0.297,0.07241666666666666,0.21529,0.07274333333333333,0.14254666666666665,0.11008333333333334,0.06150333333333333,1.869333333333333,0.030716666666666663,0.09495333333333335,32.74333333333334,0.14849666666666667,0.34149333333333326,43.67066666666666,0.07241666666666666,0.09633000000000001,74.62400000000001,0.0,0.035706666666666664,0.5879999999999999,0.031330000000000004,0.10882666666666664,0.29333333333333333,0.06150333333333333,0.0,0.5112866666666667,0.5028366666666667,0.058743333333333335,0.3710833333333334,0.073,0.23049999999999998,0.07304000000000001,0.1574666666666667,0.13012666666666667,0.06866666666666665,2.06,0.01959,0.05258666666666668,39.984,0.1855466666666667,0.3898799999999999,47.776,0.073,0.09088333333333333,79.67266666666664,0.0,0.0377,0.5866666666666667,0.031290000000000005,0.10904,0.2946666666666667,0.06866666666666665,0.0,0.6085833333333334
101,90,2001-12-26,1,1,2001-02,Golden State Warriors,Los Angeles Lakers,1,0.4555866666666667,0.05362333333333334,0.3036666666666666,0.09829,0.23317000000000002,0.08642333333333331,0.14675000000000002,0.10057666666666663,0.08987333333333332,1.1973333333333334,0.017876666666666666,0.05458000000000001,31.81133333333333,0.15183,0.35841,42.548,0.09829,0.14104333333333333,70.50533333333334,0.0,0.03788,0.4313333333333334,0.030126666666666673,0.10921333333333333,0.29333333333333333,0.08987333333333332,0.0,0.48141999999999996,0.49924666666666667,0.08162333333333333,0.32599999999999996,0.09162333333333335,0.22807999999999998,0.06987333333333333,0.15821,0.11545666666666667,0.06399666666666667,1.9273333333333338,0.027209999999999998,0.08462666666666667,32.39266666666666,0.16300333333333333,0.33267333333333327,49.004666666666665,0.09162333333333335,0.1398366666666667,66.014,0.0,0.03971,0.658,0.03766666666666666,0.10437333333333333,0.4013333333333334,0.06399666666666667,0.0,0.5808833333333332
100,96,2001-12-27,1,1,2001-02,Atlanta Hawks,Miami Heat,1,0.48428333333333334,0.08225333333333333,0.3109166666666667,0.09112333333333332,0.20046333333333333,0.05462666666666667,0.14583333333333334,0.10167,0.07658333333333335,1.3973333333333333,0.027413333333333335,0.07687,35.84666666666667,0.15545666666666672,0.3221266666666667,48.18,0.09112333333333332,0.11503,79.71066666666667,0.0,0.040923333333333325,0.554,0.019243333333333338,0.10217,0.20733333333333334,0.07658333333333335,0.0,0.5299533333333333,0.4167866666666667,0.057246666666666675,0.28475000000000006,0.07478666666666665,0.20325666666666672,0.05379666666666667,0.14945999999999995,0.09695333333333335,0.07266666666666667,1.4166666666666667,0.019086666666666665,0.05425000000000001,33.486666666666665,0.14237666666666668,0.3280066666666667,43.50000000000001,0.07478666666666665,0.11104,67.90599999999999,0.0,0.02829,0.42933333333333334,0.02853666666666667,0.10899666666666666,0.2726666666666667,0.07266666666666667,0.0,0.44412333333333337
75,88,2001-12-27,1,1,2001-02,Detroit Pistons,New Jersey Nets,0,0.48637333333333344,0.11487333333333331,0.28658333333333336,0.08491,0.18188,0.04345333333333334,0.13841,0.11108000000000001,0.07163333333333334,1.6933333333333331,0.03829333333333333,0.09915999999999998,38.958666666666666,0.1432933333333333,0.2862466666666667,50.246,0.08491,0.11366666666666667,74.942,0.0,0.038829999999999996,0.5700000000000001,0.03216666666666667,0.11070999999999999,0.3053333333333333,0.07163333333333334,0.0,0.5461266666666666,0.48050666666666664,0.07888,0.3248333333333333,0.07678666666666666,0.23083,0.06645999999999999,0.16437,0.12770666666666666,0.07299666666666665,1.9253333333333336,0.026286666666666667,0.07975333333333334,32.458666666666666,0.16241666666666665,0.35253666666666666,46.17866666666667,0.07678666666666666,0.11378,67.78266666666666,0.0,0.04257999999999999,0.6333333333333334,0.03628666666666667,0.10138333333333334,0.36866666666666664,0.07299666666666665,0.0,0.56434
84,82,2001-12-27,1,1,2001-02,Phoenix Suns,Boston Celtics,1,0.4961266666666667,0.07525,0.34491666666666665,0.07595333333333333,0.21578666666666665,0.06188000000000001,0.15392666666666666,0.11234000000000002,0.07221000000000001,1.6159999999999999,0.025083333333333336,0.07516333333333332,32.36333333333334,0.17245666666666665,0.35174333333333335,49.13666666666666,0.07595333333333333,0.0992033333333333,77.44200000000001,0.0,0.046246666666666665,0.6613333333333333,0.03037333333333333,0.10809,0.29533333333333334,0.07221000000000001,0.0,0.5760466666666667,0.47674333333333324,0.12324666666666666,0.26466666666666666,0.08883666666666666,0.22820333333333329,0.06316666666666666,0.16504,0.10196666666666668,0.06712,1.613333333333333,0.04108666666666667,0.12183333333333332,34.35133333333333,0.13233333333333333,0.30079333333333336,44.289333333333325,0.08883666666666666,0.11850000000000001,73.72600000000001,0.0,0.04808,0.7706666666666666,0.020380000000000002,0.10429000000000001,0.202,0.06712,0.0,0.5293733333333334
89,74,2001-12-27,1,1,2001-02,Dallas Mavericks,Chicago Bulls,1,0.5181300000000001,0.09912666666666665,0.32533333333333336,0.09366333333333333,0.20432666666666668,0.05812333333333334,0.14621,0.11166999999999999,0.0545,2.1453333333333333,0.03304,0.09116,36.576,0.16266666666666665,0.33104,49.17533333333333,0.09366333333333333,0.11420666666666669,81.672,0.0,0.03254333333333334,0.6326666666666667,0.021666666666666667,0.12262333333333336,0.18733333333333332,0.0545,0.0,0.5867833333333333,0.41900333333333334,0.03962666666666667,0.2979166666666667,0.08145666666666668,0.1997433333333333,0.05479666666666667,0.14495666666666668,0.11136999999999998,0.07912000000000001,1.622,0.013206666666666667,0.045083333333333336,25.253999999999998,0.14896333333333336,0.34004666666666666,43.67399999999999,0.08145666666666668,0.11753666666666668,69.51133333333334,0.0,0.03770666666666666,0.55,0.018120000000000004,0.09237000000000001,0.20933333333333337,0.07912000000000001,0.0,0.4477966666666667
101,90,2001-12-27,1,1,2001-02,Seattle SuperSonics,Los Angeles Clippers,1,0.48191,0.08687,0.3130833333333333,0.08196666666666667,0.19149666666666662,0.05899666666666667,0.13250333333333333,0.11112000000000004,0.06938,1.7459999999999998,0.028963333333333334,0.08288333333333335,34.88533333333333,0.15653333333333336,0.32321666666666665,48.544666666666664,0.08196666666666667,0.10666333333333333,76.12133333333333,0.0,0.03662333333333333,0.5626666666666666,0.01811666666666667,0.10496,0.178,0.06938,0.0,0.5246299999999999,0.4725433333333333,0.06774999999999999,0.31525,0.08953666666666665,0.21736999999999995,0.06082666666666667,0.1565466666666667,0.10728666666666667,0.08288000000000001,1.3886666666666665,0.022583333333333334,0.06391,34.75533333333333,0.15762,0.33346333333333333,47.43933333333333,0.08953666666666665,0.12021000000000001,75.25333333333332,0.0,0.03433,0.43333333333333335,0.03841666666666666,0.10491666666666667,0.41000000000000003,0.08288000000000001,0.0,0.5392366666666668
87,99,2001-12-27,1,1,2001-02,Portland Trail Blazers,Utah Jazz,0,0.47612666666666675,0.06087000000000001,0.32216666666666666,0.09308333333333334,0.20699999999999996,0.06554666666666667,0.14145999999999997,0.11575666666666666,0.07078999999999999,1.9306666666666668,0.020296666666666664,0.06146333333333332,31.674666666666667,0.16108333333333336,0.33104,48.66733333333333,0.09308333333333334,0.12237333333333329,76.81733333333334,0.0,0.03854999999999999,0.6193333333333334,0.019996666666666666,0.09775333333333333,0.20400000000000004,0.07078999999999999,0.0,0.5462133333333334,0.48736666666666667,0.047496666666666666,0.3164166666666666,0.12345666666666665,0.21379666666666666,0.06946666666666666,0.14434000000000002,0.12041999999999999,0.08350333333333333,1.558,0.01583666666666667,0.05029666666666666,33.01733333333333,0.15821,0.33791666666666664,47.03133333333333,0.12345666666666665,0.15758666666666668,78.286,0.0,0.04054333333333334,0.5086666666666668,0.03425,0.11742333333333334,0.3133333333333334,0.08350333333333333,0.0,0.5645866666666667
108,81,2001-12-27,1,1,2001-02,Indiana Pacers,Washington Wizards,1,0.4809566666666667,0.06150666666666667,0.32858333333333334,0.09087333333333332,0.21758666666666665,0.05778666666666667,0.1597966666666667,0.12367666666666666,0.07700333333333334,1.7220000000000002,0.02049333333333333,0.05937333333333332,33.86333333333333,0.16429333333333332,0.35308666666666666,46.87866666666667,0.09087333333333332,0.12341666666666667,73.34133333333334,0.0,0.035883333333333337,0.4953333333333333,0.0288,0.11345999999999998,0.26666666666666666,0.07700333333333334,0.0,0.5496633333333333,0.4514633333333334,0.043123333333333326,0.32616666666666666,0.08217333333333335,0.21717,0.06125000000000001,0.15592,0.10258666666666667,0.06366333333333334,1.7073333333333334,0.014376666666666668,0.03941666666666667,34.04266666666667,0.16308333333333333,0.37029,44.22,0.08217333333333335,0.10375,79.22533333333332,0.0,0.03283666666666667,0.5526666666666668,0.02376,0.10258000000000002,0.23533333333333334,0.06366333333333334,0.0,0.51029
87,78,2001-12-28,1,1,2001-02,Orlando Magic,Detroit Pistons,1,0.5108733333333334,0.12337666666666666,0.2995,0.08800333333333335,0.2108733333333333,0.06211666666666667,0.1487466666666667,0.11029333333333334,0.06742666666666668,1.7453333333333332,0.041123333333333324,0.10509333333333332,39.64333333333334,0.14975666666666668,0.3159533333333334,47.82600000000001,0.08800333333333335,0.11420666666666666,76.836,0.0,0.03662999999999999,0.582,0.027200000000000002,0.10049999999999999,0.2853333333333334,0.06742666666666668,0.0,0.5720833333333333,0.48383333333333345,0.11237333333333334,0.28683333333333333,0.08462,0.18121333333333337,0.04491,0.13628666666666664,0.10974666666666669,0.07221333333333334,1.644,0.03746000000000001,0.09886666666666666,38.26400000000001,0.14341666666666666,0.2869933333333333,50.16866666666667,0.08462,0.11333333333333334,74.83666666666666,0.0,0.03887333333333333,0.5660000000000001,0.03208333333333333,0.11083333333333333,0.3033333333333333,0.07221333333333334,0.0,0.5398333333333335
86,91,2001-12-28,1,1,2001-02,Miami Heat,Memphis Grizzlies,0,0.4169966666666667,0.05687000000000001,0.2845000000000001,0.07561999999999999,0.20363333333333336,0.05421333333333333,0.14941999999999997,0.09658000000000001,0.07200000000000001,1.424,0.018963333333333332,0.05387666666666668,33.73866666666666,0.14225000000000004,0.32863333333333333,43.38933333333334,0.07561999999999999,0.11137333333333334,68.592,0.0,0.02837333333333333,0.43666666666666676,0.028743333333333336,0.10803999999999998,0.2780000000000001,0.07200000000000001,0.0,0.44529,0.44424666666666657,0.08024666666666666,0.29083333333333333,0.07316333333333333,0.1972433333333333,0.05553666666666668,0.14170666666666668,0.10841666666666666,0.07612666666666668,1.6593333333333333,0.026753333333333337,0.07933,32.98133333333333,0.14542000000000002,0.3299133333333334,44.29200000000001,0.07316333333333333,0.10207999999999999,71.03533333333333,0.0,0.048043333333333334,0.6966666666666667,0.027210000000000005,0.09675666666666667,0.286,0.07612666666666668,0.0,0.4830433333333333
93,100,2001-12-28,1,1,2001-02,Golden State Warriors,Houston Rockets,0,0.45842000000000005,0.05324666666666667,0.30583333333333335,0.09933,0.23267000000000004,0.08575666666666666,0.1469166666666667,0.10078666666666666,0.08974666666666666,1.2,0.017753333333333336,0.05391333333333335,31.990666666666662,0.15291666666666667,0.35849333333333333,42.836666666666666,0.09933,0.14275333333333332,70.35600000000001,0.0,0.03800666666666666,0.43333333333333335,0.02966666666666667,0.10883999999999999,0.29000000000000004,0.08974666666666666,0.0,0.4846266666666666,0.4357566666666667,0.08675333333333332,0.2686666666666666,0.08033333333333331,0.20382666666666666,0.06162000000000001,0.14220999999999998,0.08933333333333332,0.07662666666666666,1.3459999999999999,0.028913333333333333,0.08679333333333333,32.88666666666666,0.13432666666666665,0.31113,43.43533333333333,0.08033333333333331,0.10516999999999999,76.10066666666667,0.0,0.035423333333333334,0.5299999999999999,0.01967,0.08395666666666667,0.22866666666666668,0.07662666666666666,0.0,0.44787666666666665
86,89,2001-12-28,1,1,2001-02,Los Angeles Lakers,Toronto Raptors,0,0.49849666666666664,0.08224999999999998,0.32675,0.08950000000000001,0.22995333333333334,0.07058,0.15937666666666667,0.11595666666666667,0.06283000000000001,1.9613333333333336,0.027416666666666666,0.08558666666666667,32.27133333333333,0.16338,0.3342133333333333,48.868666666666655,0.08950000000000001,0.13725666666666667,65.77733333333332,0.0,0.03854333333333333,0.6506666666666667,0.03720666666666666,0.10441333333333333,0.39666666666666667,0.06283000000000001,0.0,0.5805933333333333,0.4523333333333334,0.08775000000000001,0.3055833333333334,0.058986666666666666,0.22229,0.07149333333333334,0.1508,0.11026000000000001,0.07017000000000001,1.6520000000000001,0.029250000000000005,0.08466666666666667,35.39,0.15279,0.34425,44.178,0.058986666666666666,0.08038,72.58199999999998,0.0,0.043370000000000006,0.6466666666666666,0.03654333333333334,0.09683666666666665,0.39199999999999996,0.07017000000000001,0.0,0.5263833333333333
98,88,2001-12-28,1,1,2001-02,Cleveland Cavaliers,New York Knicks,1,0.46974666666666676,0.08475,0.29675,0.08824999999999998,0.20871000000000003,0.051673333333333335,0.15703666666666663,0.12012666666666666,0.07246333333333334,1.72,0.02825,0.06916666666666667,41.110666666666674,0.1483733333333333,0.32491000000000003,45.693333333333335,0.08824999999999998,0.10904333333333334,80.58400000000002,0.0,0.034793333333333336,0.48199999999999993,0.03300666666666667,0.10250666666666668,0.3493333333333333,0.07246333333333334,0.0,0.5556666666666666,0.44683,0.061250000000000006,0.3045,0.08108333333333333,0.21545666666666669,0.05487,0.16057666666666665,0.10154333333333335,0.07553666666666665,1.4146666666666665,0.02041666666666667,0.06832999999999999,30.459333333333333,0.15224666666666667,0.32275,47.18866666666668,0.08108333333333333,0.10762333333333333,75.76133333333333,0.0,0.031206666666666667,0.4213333333333332,0.019033333333333336,0.11479666666666666,0.17266666666666666,0.07553666666666665,0.0,0.4935800000000001
125,111,2001-12-28,1,1,2001-02,Sacramento Kings,Minnesota Timberwolves,1,0.49916666666666665,0.06288,0.3378333333333334,0.09846666666666667,0.22749666666666665,0.06100333333333333,0.16650666666666664,0.11108666666666668,0.06720666666666668,1.7253333333333332,0.020953333333333334,0.05933000000000001,37.205999999999996,0.16892000000000001,0.3648833333333333,46.29133333333333,0.09846666666666667,0.13466000000000003,73.12066666666666,0.0,0.03891333333333334,0.606,0.02258,0.09516,0.24399999999999997,0.06720666666666668,0.0,0.5614966666666666,0.5027966666666666,0.058996666666666676,0.37200000000000005,0.07179333333333335,0.23120666666666662,0.07387333333333336,0.15734000000000004,0.13104333333333334,0.06904,2.062,0.019670000000000003,0.05346,39.566666666666656,0.18600333333333335,0.3910066666666666,47.73066666666668,0.07179333333333335,0.08959,79.41999999999999,0.0,0.03774333333333333,0.5820000000000001,0.03141666666666667,0.10883000000000001,0.2973333333333334,0.06904,0.0,0.6085833333333333
89,105,2001-12-28,1,1,2001-02,Charlotte Hornets,Milwaukee Bucks,0,0.4766199999999999,0.06861999999999999,0.31975,0.08824333333333331,0.21367333333333333,0.07021333333333332,0.14346333333333336,0.10909666666666665,0.07242,1.5919999999999999,0.022879999999999998,0.06495999999999999,38.43866666666667,0.15987666666666664,0.34696000000000005,46.14466666666667,0.08824333333333331,0.11679666666666666,76.10866666666668,0.0,0.038003333333333326,0.5393333333333333,0.026536666666666667,0.11041666666666668,0.2453333333333333,0.07242,0.0,0.5337999999999999,0.46362666666666663,0.10037,0.2924999999999999,0.07074666666666668,0.21020333333333333,0.05371333333333332,0.15649666666666662,0.10896333333333333,0.07517333333333334,1.5326666666666666,0.03346333333333333,0.09591999999999999,35.446,0.14624333333333334,0.3027933333333333,48.32133333333333,0.07074666666666668,0.09741000000000001,72.49266666666668,0.0,0.04299666666666666,0.6006666666666667,0.021206666666666665,0.10173999999999998,0.21600000000000003,0.07517333333333334,0.0,0.52617
93,90,2001-12-28,1,1,2001-02,Denver Nuggets,Philadelphia 76ers,1,0.4607466666666667,0.09499333333333333,0.29424999999999996,0.0715,0.21545666666666669,0.07303666666666668,0.14242,0.11045666666666666,0.06279333333333334,1.846,0.03167333333333333,0.09745333333333335,32.912,0.14712333333333333,0.3399133333333333,43.446666666666665,0.0715,0.09512000000000001,74.59400000000001,0.0,0.03620666666666667,0.5853333333333333,0.03191333333333333,0.10887,0.29866666666666664,0.06279333333333334,0.0,0.5097866666666666,0.43753666666666674,0.039376666666666664,0.31183333333333335,0.08632999999999999,0.2305833333333333,0.06995666666666667,0.16062000000000004,0.09746,0.08408,1.1986666666666668,0.013123333333333338,0.046746666666666666,28.502000000000002,0.15591666666666665,0.35321,44.30600000000001,0.08632999999999999,0.11183333333333331,76.762,0.0,0.03924333333333333,0.49600000000000005,0.029496666666666668,0.09412,0.3353333333333333,0.08408,0.0,0.4938300000000001
107,90,2001-12-29,1,1,2001-02,Washington Wizards,Charlotte Hornets,1,0.45104666666666665,0.04475,0.3254166666666667,0.08088000000000001,0.21721333333333337,0.06087333333333334,0.15633666666666668,0.10379666666666668,0.06308,1.736,0.014916666666666667,0.03979333333333333,34.89266666666667,0.16270666666666672,0.36833333333333335,44.32933333333333,0.08088000000000001,0.10304,78.46666666666667,0.0,0.033586666666666674,0.5673333333333334,0.024426666666666663,0.10162333333333337,0.24333333333333335,0.06308,0.0,0.51429,0.4779533333333333,0.06861999999999999,0.32141666666666663,0.08790999999999999,0.21383999999999997,0.06950333333333333,0.1443366666666667,0.11088999999999997,0.07171333333333332,1.6320000000000003,0.02288,0.06466666666666666,38.606,0.16070999999999996,0.34712666666666675,46.394000000000005,0.08790999999999999,0.11613000000000001,76.15533333333333,0.0,0.037419999999999995,0.5366666666666666,0.02707666666666667,0.11045999999999999,0.24933333333333332,0.07171333333333332,0.0,0.5390466666666666
101,75,2001-12-29,1,1,2001-02,Seattle SuperSonics,Toronto Raptors,1,0.4842433333333333,0.08849666666666668,0.31341666666666673,0.08234,0.19270666666666664,0.05999666666666667,0.13271,0.11262000000000001,0.06892333333333332,1.7833333333333334,0.029503333333333333,0.08284333333333334,35.69466666666667,0.1567,0.32492666666666664,48.349333333333334,0.08234,0.10745666666666666,76.08066666666666,0.0,0.03658333333333333,0.5673333333333334,0.018283333333333335,0.10525333333333334,0.17866666666666664,0.06892333333333332,0.0,0.5288766666666667,0.45321000000000006,0.08575,0.3089166666666667,0.05852666666666666,0.22224999999999998,0.07166,0.15059000000000003,0.11000666666666666,0.06988,1.6553333333333335,0.02858333333333334,0.08316666666666665,35.32,0.15445666666666666,0.34608333333333335,44.428,0.05852666666666666,0.08009000000000001,72.16533333333332,0.0,0.04262,0.6379999999999999,0.036250000000000004,0.09695999999999999,0.38933333333333325,0.06988,0.0,0.5267166666666666
109,92,2001-12-29,1,1,2001-02,Phoenix Suns,Denver Nuggets,1,0.49708666666666673,0.07612666666666666,0.34450000000000003,0.07645333333333333,0.21633000000000002,0.06358666666666667,0.15276000000000003,0.11242,0.07125,1.6386666666666665,0.025373333333333335,0.07545333333333332,32.68533333333334,0.17224999999999996,0.35395000000000004,48.78266666666668,0.07645333333333333,0.10003666666666663,77.30600000000001,0.0,0.046246666666666665,0.6686666666666666,0.030626666666666667,0.10733666666666665,0.3,0.07125,0.0,0.5760900000000001,0.4607866666666667,0.09761666666666667,0.2924166666666666,0.07075333333333335,0.21558333333333338,0.07312,0.14245999999999998,0.11124999999999999,0.06396,1.8326666666666669,0.03255,0.09974666666666669,33.02333333333333,0.14620666666666662,0.33807999999999994,43.37866666666666,0.07075333333333335,0.09399333333333335,74.64800000000001,0.0,0.03645333333333334,0.5793333333333333,0.032286666666666665,0.10870333333333332,0.3026666666666667,0.06396,0.0,0.5100799999999999
103,105,2001-12-29,1,1,2001-02,Los Angeles Clippers,Boston Celtics,0,0.47067,0.06837333333333333,0.31449999999999995,0.08778666666666664,0.2184933333333333,0.06095,0.1575466666666667,0.10749666666666666,0.08283666666666667,1.4006666666666665,0.022793333333333332,0.0642,34.68533333333333,0.15724666666666665,0.33292,47.40333333333333,0.08778666666666664,0.11887666666666667,74.63533333333335,0.0,0.03412333333333333,0.4313333333333334,0.03846,0.10358333333333335,0.41400000000000003,0.08283666666666667,0.0,0.5382366666666668,0.47683,0.12187333333333333,0.26466666666666666,0.09029666666666668,0.22783,0.06320666666666667,0.16462666666666667,0.10213333333333334,0.06804,1.596,0.040626666666666665,0.12116666666666666,34.182,0.13233333333333333,0.30050000000000004,44.34133333333333,0.09029666666666668,0.11992,74.02800000000002,0.0,0.04945666666666666,0.7873333333333333,0.020340000000000004,0.10454333333333331,0.20133333333333334,0.06804,0.0,0.5302066666666667
103,80,2001-12-29,1,1,2001-02,Chicago Bulls,Cleveland Cavaliers,1,0.41967,0.041876666666666666,0.2959166666666667,0.08187333333333334,0.20070333333333334,0.055170000000000004,0.14554,0.11178333333333332,0.07833000000000001,1.6300000000000001,0.013956666666666666,0.0465,26.143999999999995,0.1479633333333333,0.3395033333333333,43.46533333333333,0.08187333333333334,0.11711666666666669,70.07266666666666,0.0,0.03804,0.5566666666666668,0.018330000000000003,0.09162333333333335,0.214,0.07833000000000001,0.0,0.4508766666666667,0.47208000000000006,0.08462333333333333,0.2990833333333333,0.08837666666666665,0.20795666666666668,0.05155,0.15641333333333335,0.12037999999999999,0.07196333333333334,1.7339999999999998,0.028210000000000002,0.06991333333333333,40.88933333333334,0.14954,0.32491,46.059999999999995,0.08837666666666665,0.10912666666666666,80.626,0.0,0.03517,0.49266666666666664,0.03454666666666666,0.10179666666666669,0.36533333333333334,0.07196333333333334,0.0,0.5603333333333332
102,99,2001-12-29,1,1,2001-02,Milwaukee Bucks,San Antonio Spurs,1,0.46729333333333334,0.10099666666666667,0.29575,0.07054,0.21158000000000002,0.05425666666666666,0.15733,0.10933666666666667,0.07479666666666666,1.5533333333333335,0.03366999999999999,0.09529666666666665,35.961999999999996,0.14787,0.3052933333333333,48.448,0.07054,0.09778666666666666,72.14533333333335,0.0,0.04291333333333333,0.604,0.02154,0.10228,0.21733333333333335,0.07479666666666666,0.0,0.53159,0.5029100000000001,0.10900666666666668,0.2915833333333333,0.10233666666666665,0.22283333333333333,0.058163333333333345,0.16466666666666668,0.10279333333333333,0.07453333333333333,1.468,0.03632666666666667,0.08746000000000001,42.15266666666666,0.14579999999999999,0.3042533333333333,48.28333333333333,0.10233666666666665,0.13916666666666666,73.84666666666668,0.0,0.035460000000000005,0.5,0.038253333333333334,0.09757999999999997,0.402,0.07453333333333333,0.0,0.5812966666666667
89,81,2001-12-29,1,1,2001-02,Utah Jazz,Philadelphia 76ers,1,0.4859933333333334,0.048746666666666674,0.315,0.12224666666666666,0.21350333333333332,0.06946666666666666,0.14404666666666666,0.12042000000000001,0.08304666666666666,1.5613333333333335,0.016253333333333335,0.05083666666666666,33.55133333333333,0.1575033333333333,0.33654333333333336,46.99733333333334,0.12224666666666666,0.15588000000000005,78.36333333333333,0.0,0.04041666666666667,0.5093333333333334,0.03379,0.11625666666666667,0.3113333333333333,0.08304666666666666,0.0,0.5638366666666668,0.4370366666666667,0.039253333333333335,0.3128333333333334,0.08495666666666665,0.23037666666666665,0.06950000000000002,0.16086666666666669,0.09879333333333333,0.08533333333333334,1.1926666666666668,0.013080000000000001,0.04628666666666666,28.62666666666667,0.15641666666666668,0.3527100000000001,44.54733333333334,0.08495666666666665,0.11058333333333333,76.49666666666668,0.0,0.038329999999999996,0.4766666666666667,0.02953666666666667,0.09424666666666669,0.3373333333333333,0.08533333333333334,0.0,0.49362333333333347
98,93,2001-12-29,1,1,2001-02,New Jersey Nets,Indiana Pacers,1,0.48180000000000006,0.08163000000000001,0.32325000000000004,0.07690999999999999,0.2279566666666667,0.06508333333333334,0.16286999999999996,0.1287933333333333,0.07224999999999998,1.9606666666666663,0.027203333333333336,0.08087666666666667,33.00066666666667,0.16162333333333334,0.3497033333333333,46.34133333333334,0.07690999999999999,0.11432000000000002,67.44933333333333,0.0,0.04253666666666666,0.6406666666666666,0.03458000000000001,0.10146333333333332,0.3526666666666667,0.07224999999999998,0.0,0.5642566666666667,0.48124666666666666,0.06038333333333333,0.32975000000000004,0.09112333333333332,0.21608666666666662,0.057206666666666656,0.15887666666666667,0.12430000000000001,0.07721333333333334,1.72,0.020116666666666665,0.058873333333333326,33.647999999999996,0.16488,0.3522933333333333,47.17266666666667,0.09112333333333332,0.12379,73.40733333333334,0.0,0.03617666666666667,0.4986666666666667,0.028546666666666665,0.11308666666666664,0.26533333333333337,0.07721333333333334,0.0,0.55029
113,97,2001-12-29,1,1,2001-02,Dallas Mavericks,Atlanta Hawks,1,0.5226733333333333,0.10225,0.3248333333333333,0.09557666666666666,0.20507666666666668,0.05787333333333334,0.14721,0.11296333333333332,0.05508333333333334,2.155333333333333,0.03408333333333334,0.09253666666666668,37.15866666666667,0.16241666666666665,0.3289166666666667,49.41999999999999,0.09557666666666666,0.11679333333333335,81.47466666666666,0.0,0.032293333333333334,0.6233333333333333,0.021249999999999998,0.1232066666666667,0.18266666666666667,0.05508333333333334,0.0,0.59299,0.4827833333333333,0.08037666666666668,0.31133333333333335,0.09108333333333334,0.20054333333333335,0.055503333333333335,0.14504333333333333,0.10246333333333332,0.07508333333333335,1.4340000000000002,0.02679,0.07674666666666667,35.038000000000004,0.15566333333333335,0.3240466666666667,47.974666666666664,0.09108333333333334,0.11549000000000001,79.28,0.0,0.04117666666666667,0.5666666666666668,0.019243333333333338,0.10208333333333333,0.20733333333333331,0.07508333333333335,0.0,0.5283733333333334
114,90,2001-12-30,1,1,2001-02,Los Angeles Lakers,Houston Rockets,1,0.4977033333333333,0.08312333333333331,0.32708333333333334,0.0875,0.23124666666666666,0.07108000000000002,0.16016666666666665,0.11604333333333333,0.06183000000000001,1.9860000000000002,0.02771,0.08692000000000001,32.111999999999995,0.16354666666666665,0.33533666666666667,48.727333333333334,0.0875,0.13404666666666668,65.88199999999999,0.0,0.03733333333333332,0.642,0.03675,0.10528666666666667,0.38999999999999996,0.06183000000000001,0.0,0.57972,0.43717,0.08812666666666667,0.2695833333333333,0.07946,0.20390666666666668,0.06287333333333335,0.14104333333333335,0.09016666666666667,0.07550333333333333,1.3966666666666667,0.029373333333333328,0.08704,33.181999999999995,0.1347866666666667,0.31379666666666667,43.21066666666666,0.07946,0.10417,75.968,0.0,0.03563,0.544,0.02021,0.08433000000000002,0.234,0.07550333333333333,0.0,0.45021
86,80,2001-12-30,1,1,2001-02,Detroit Pistons,Miami Heat,1,0.48058333333333336,0.10899666666666667,0.28725000000000006,0.08433,0.18095999999999998,0.0462,0.13474666666666665,0.10829000000000001,0.07313,1.588,0.03633666666666667,0.09794999999999998,37.39200000000001,0.14362666666666668,0.2882,50.04466666666667,0.08433,0.11279,74.82933333333334,0.0,0.038913333333333334,0.56,0.03216666666666666,0.11095666666666665,0.3026666666666666,0.07313,0.0,0.5331266666666666,0.41708,0.05637000000000001,0.2841666666666667,0.07654,0.2040066666666667,0.05459000000000001,0.14942000000000003,0.09574666666666667,0.07157999999999999,1.4199999999999997,0.018796666666666666,0.053543333333333346,34.016666666666666,0.14208333333333334,0.32909333333333335,43.292666666666676,0.07654,0.11187333333333334,69.23333333333332,0.0,0.028416666666666666,0.44133333333333336,0.029286666666666673,0.10741666666666667,0.2853333333333333,0.07157999999999999,0.0,0.44587333333333334
93,95,2001-12-30,1,1,2001-02,Portland Trail Blazers,Minnesota Timberwolves,0,0.4740000000000001,0.06124666666666668,0.32008333333333333,0.09267,0.20745666666666665,0.06538000000000001,0.14208666666666667,0.11496333333333333,0.07095666666666668,1.91,0.020419999999999997,0.06079666666666667,31.865333333333336,0.16004333333333334,0.3313333333333333,48.266,0.09267,0.12224666666666666,76.53066666666669,0.0,0.03809,0.6086666666666667,0.020706666666666665,0.09775333333333333,0.21066666666666667,0.07095666666666668,0.0,0.5430033333333334,0.5024233333333333,0.05987,0.37199999999999994,0.07054333333333335,0.23133333333333328,0.07441333333333335,0.1569266666666667,0.1318766666666667,0.06937333333333333,2.067333333333333,0.019963333333333333,0.05458333333333333,39.26266666666666,0.1860033333333333,0.3911299999999999,47.68333333333333,0.07054333333333335,0.08821333333333331,79.27133333333332,0.0,0.03790999999999999,0.5806666666666668,0.03137666666666667,0.10862333333333334,0.298,0.06937333333333333,0.0,0.6081233333333332
90,94,2001-12-30,1,1,2001-02,New York Knicks,Orlando Magic,0,0.44970666666666664,0.06349666666666667,0.30516666666666664,0.08104333333333331,0.2161233333333333,0.05516333333333334,0.16095,0.10204333333333333,0.07503666666666667,1.436,0.021169999999999998,0.06895333333333334,31.154,0.15258,0.3232499999999999,47.196666666666665,0.08104333333333331,0.10770666666666666,75.78333333333332,0.0,0.03066666666666667,0.41466666666666663,0.01903333333333334,0.11504666666666667,0.1726666666666667,0.07503666666666667,0.0,0.4974133333333334,0.5076633333333334,0.12199999999999998,0.29875,0.08691666666666667,0.21116333333333331,0.06303333333333333,0.14812333333333336,0.11045999999999999,0.06738333333333334,1.75,0.040666666666666657,0.10596666666666664,38.92333333333334,0.14937999999999999,0.3150766666666667,47.81266666666667,0.08691666666666667,0.11316666666666667,76.61666666666669,0.0,0.03617333333333333,0.5746666666666667,0.027283333333333337,0.10016666666666667,0.2853333333333333,0.06738333333333334,0.0,0.5681266666666666
79,83,2001-12-30,1,1,2001-02,Memphis Grizzlies,San Antonio Spurs,0,0.4459133333333333,0.07999333333333333,0.29083333333333333,0.07508000000000001,0.19715999999999997,0.05537000000000001,0.14178666666666664,0.10824999999999999,0.07525,1.7093333333333334,0.026673333333333334,0.07958,32.76933333333333,0.14542,0.3306233333333333,44.18333333333333,0.07508000000000001,0.10362333333333332,71.55933333333333,0.0,0.04829333333333333,0.7206666666666667,0.02662666666666667,0.09634333333333335,0.2826666666666666,0.07525,0.0,0.4843333333333332,0.5042033333333332,0.10813333333333335,0.29316666666666674,0.10291999999999998,0.223,0.057916666666666665,0.16508333333333336,0.10233666666666666,0.07482333333333333,1.4533333333333336,0.03603333333333334,0.08783333333333335,41.728666666666655,0.14659000000000003,0.3040866666666667,48.534000000000006,0.10291999999999998,0.13937333333333332,74.04800000000002,0.0,0.03620666666666667,0.5086666666666667,0.03900333333333333,0.09757999999999999,0.4106666666666667,0.07482333333333333,0.0,0.58417
109,94,2001-12-30,1,1,2001-02,Sacramento Kings,Boston Celtics,1,0.49971000000000004,0.06413333333333333,0.33725,0.09834000000000002,0.22678999999999996,0.06137666666666667,0.16542666666666667,0.11096333333333333,0.06795333333333335,1.704,0.021366666666666666,0.059410000000000004,37.66733333333333,0.16862666666666665,0.36505000000000004,46.202666666666666,0.09834000000000002,0.13412,73.21999999999998,0.0,0.038413333333333334,0.5900000000000001,0.02304,0.09553666666666667,0.2486666666666667,0.06795333333333335,0.0,0.5607033333333332,0.4767066666666667,0.12024666666666665,0.2644166666666667,0.09204999999999999,0.22749666666666665,0.06358,0.16392,0.1023,0.06874666666666666,1.582,0.040086666666666666,0.12046000000000003,33.917333333333325,0.13220666666666667,0.30037333333333327,44.327333333333335,0.09204999999999999,0.12142,74.52333333333334,0.0,0.05037666666666666,0.794,0.020296666666666668,0.10454333333333334,0.20199999999999999,0.06874666666666666,0.0,0.5304966666666667
98,76,2001-12-31,1,1,2001-02,Washington Wizards,New Jersey Nets,1,0.4510466666666667,0.04712666666666667,0.3240833333333334,0.07983666666666668,0.21725666666666668,0.060579999999999995,0.15666999999999998,0.10442,0.06270666666666666,1.7486666666666666,0.015706666666666664,0.040626666666666665,35.98466666666666,0.16204000000000005,0.36546,44.46799999999999,0.07983666666666668,0.10266333333333334,77.72466666666666,0.0,0.034086666666666675,0.5760000000000001,0.02500666666666667,0.1011666666666667,0.24933333333333335,0.06270666666666666,0.0,0.5179133333333333,0.4834666666666667,0.08400666666666666,0.3225,0.07695333333333333,0.22479000000000002,0.06337666666666668,0.16141333333333335,0.1300833333333333,0.07146,1.9986666666666664,0.027993333333333332,0.08158666666666667,33.482,0.16124666666666665,0.34737,46.56733333333333,0.07695333333333333,0.11428,67.398,0.0,0.04232666666666666,0.6446666666666668,0.033206666666666676,0.10179666666666663,0.3393333333333333,0.07146,0.0,0.56538
90,83,2001-12-31,1,1,2001-02,Chicago Bulls,Milwaukee Bucks,1,0.41987666666666673,0.04387666666666667,0.2945833333333334,0.08141333333333334,0.20116333333333333,0.05546333333333334,0.14570666666666668,0.11232666666666666,0.07816333333333335,1.6340000000000003,0.014623333333333332,0.047373333333333344,27.203999999999997,0.14729666666666666,0.33967,43.279333333333334,0.08141333333333334,0.11557666666666667,70.58733333333333,0.0,0.038540000000000005,0.5626666666666666,0.01837,0.09183333333333334,0.21466666666666664,0.07816333333333335,0.0,0.4528333333333333,0.4721266666666667,0.10224666666666667,0.2993333333333333,0.07054,0.21403999999999998,0.055133333333333326,0.15890999999999997,0.10979666666666667,0.07450333333333334,1.5733333333333335,0.03408666666666666,0.09496333333333332,36.568666666666665,0.14966,0.30791666666666667,48.612,0.07054,0.09828666666666666,71.75800000000002,0.0,0.04278666666666666,0.6053333333333334,0.022040000000000004,0.10207000000000001,0.22133333333333335,0.07450333333333334,0.0,0.5394233333333334
87,89,2001-12-31,1,1,2001-02,Indiana Pacers,Miami Heat,0,0.4826233333333334,0.05988333333333334,0.3315,0.09125,0.21496,0.056960000000000004,0.158,0.12521333333333332,0.07683666666666668,1.752,0.019950000000000002,0.058623333333333326,33.571999999999996,0.16575333333333334,0.35167000000000004,47.52133333333333,0.09125,0.12412333333333334,73.40599999999999,0.0,0.036636666666666665,0.5126666666666667,0.028463333333333334,0.11233999999999998,0.26666666666666666,0.07683666666666668,0.0,0.5535833333333333,0.4162466666666667,0.055370000000000016,0.2845833333333333,0.07629,0.20471333333333336,0.054923333333333345,0.14979666666666666,0.09503666666666669,0.07166333333333334,1.4100000000000001,0.018463333333333335,0.053210000000000014,34.00066666666666,0.14229,0.33038333333333336,43.193999999999996,0.07629,0.11112000000000002,69.50333333333332,0.0,0.02849666666666667,0.4446666666666666,0.029746666666666675,0.10666999999999999,0.292,0.07166333333333334,0.0,0.4449166666666667
112,97,2002-01-01,1,1,2001-02,Los Angeles Clippers,Portland Trail Blazers,1,0.4691266666666667,0.069,0.31283333333333324,0.08728666666666667,0.22032666666666664,0.06174000000000001,0.1585866666666667,0.10749666666666666,0.08287666666666667,1.404,0.023,0.06465666666666665,34.55133333333334,0.15641333333333335,0.33213000000000004,47.25133333333334,0.08728666666666667,0.11854333333333335,74.32533333333335,0.0,0.03362333333333333,0.4253333333333334,0.03862666666666667,0.10229333333333335,0.418,0.08287666666666667,0.0,0.5376933333333335,0.47196,0.06174666666666666,0.317,0.09321333333333333,0.20729,0.06529666666666666,0.14200666666666667,0.11413000000000001,0.07141666666666667,1.884,0.020586666666666663,0.06034,32.01133333333333,0.1585,0.33058666666666675,47.88066666666667,0.09321333333333333,0.12303999999999998,76.45266666666666,0.0,0.03783999999999999,0.5986666666666667,0.021333333333333333,0.09783333333333334,0.21666666666666667,0.07141666666666667,0.0,0.5394633333333333
97,85,2002-01-02,1,1,2001-02,San Antonio Spurs,Detroit Pistons,1,0.5046600000000001,0.10638333333333333,0.29475,0.10354333333333332,0.22337333333333337,0.05787333333333334,0.1655,0.10159,0.07519666666666668,1.428666666666667,0.03545,0.08808333333333333,40.973333333333336,0.14738000000000004,0.3047533333333334,48.68266666666666,0.10354333333333332,0.13979333333333333,74.16333333333334,0.0,0.03724666666666667,0.5206666666666666,0.039753333333333335,0.09770666666666665,0.41800000000000004,0.07519666666666668,0.0,0.58517,0.47658333333333336,0.10625,0.28633333333333333,0.08399666666666668,0.18112666666666663,0.047409999999999994,0.13370333333333334,0.10674666666666668,0.07354666666666666,1.5473333333333337,0.03541666666666666,0.09761666666666668,36.51266666666667,0.1431666666666667,0.28932666666666673,49.72666666666667,0.08399666666666668,0.11216333333333334,74.84333333333332,0.0,0.038579999999999996,0.5526666666666666,0.03237333333333334,0.11133,0.3026666666666667,0.07354666666666666,0.0,0.5253366666666667
92,74,2002-01-02,1,1,2001-02,New Jersey Nets,Memphis Grizzlies,1,0.48513333333333336,0.08538,0.32225000000000004,0.07749666666666667,0.22224666666666662,0.06258666666666667,0.15966333333333332,0.1308733333333333,0.07108666666666667,2.0213333333333328,0.028453333333333334,0.08217,33.57266666666666,0.16112333333333334,0.34591333333333335,46.75,0.07749666666666667,0.11449000000000001,67.67066666666668,0.0,0.042533333333333326,0.652,0.03216666666666666,0.10183999999999999,0.32999999999999996,0.07108666666666667,0.0,0.5663800000000001,0.44770333333333334,0.07961666666666666,0.2913333333333334,0.07674666666666667,0.19736666666666663,0.055496666666666666,0.14187,0.10812333333333334,0.07437666666666666,1.7593333333333334,0.02655,0.07991333333333334,32.47933333333333,0.14566666666666667,0.33154333333333325,44.12466666666667,0.07674666666666667,0.10508333333333333,71.95666666666666,0.0,0.04833333333333333,0.7419999999999999,0.026086666666666668,0.09567666666666667,0.28,0.07437666666666666,0.0,0.48566666666666664
105,91,2002-01-02,1,1,2001-02,Sacramento Kings,Los Angeles Clippers,1,0.50117,0.06525666666666667,0.33725,0.09867333333333336,0.22591333333333333,0.06162666666666668,0.16430333333333327,0.11125333333333334,0.06858000000000002,1.6933333333333331,0.021743333333333333,0.05953666666666667,38.018,0.16862666666666665,0.36505000000000004,46.219333333333324,0.09867333333333336,0.13374666666666668,73.60066666666667,0.0,0.03779,0.5726666666666668,0.023333333333333334,0.09553666666666667,0.25266666666666665,0.06858000000000002,0.0,0.5615799999999999,0.4681666666666667,0.06974666666666667,0.31108333333333327,0.08732999999999999,0.22319999999999998,0.06286666666666667,0.16033666666666668,0.10787,0.08325333333333333,1.403333333333333,0.02325333333333333,0.0652,34.50333333333333,0.15553999999999998,0.3321733333333333,46.96266666666667,0.08732999999999999,0.11917000000000003,73.89733333333335,0.0,0.032876666666666665,0.41333333333333333,0.03879333333333334,0.10162666666666667,0.42000000000000004,0.08325333333333333,0.0,0.5372333333333333
113,98,2002-01-02,1,1,2001-02,Cleveland Cavaliers,Golden State Warriors,1,0.4725366666666667,0.08374999999999999,0.3006666666666667,0.08812666666666666,0.20729,0.05171666666666667,0.15558,0.12016999999999997,0.07158666666666667,1.7399999999999998,0.02791666666666667,0.07062333333333333,40.276666666666664,0.15033333333333332,0.32482666666666665,46.314,0.08812666666666666,0.109,80.46,0.0,0.03579666666666667,0.5066666666666666,0.03596,0.10063000000000001,0.3813333333333333,0.07158666666666667,0.0,0.5620866666666667,0.4615866666666667,0.052123333333333334,0.30849999999999994,0.10095333333333335,0.23271333333333336,0.08521333333333332,0.1474966666666667,0.10091333333333334,0.08991333333333332,1.1946666666666668,0.017376666666666665,0.05258,32.236666666666665,0.15424999999999997,0.3592466666666666,43.11133333333333,0.10095333333333335,0.14508666666666667,70.30000000000001,0.0,0.038046666666666666,0.4326666666666667,0.02887666666666667,0.10892333333333332,0.2833333333333334,0.08991333333333332,0.0,0.4878799999999999
84,95,2002-01-02,1,1,2001-02,Portland Trail Blazers,Toronto Raptors,0,0.4711666666666667,0.06362,0.3145,0.09304666666666665,0.20666333333333334,0.06500333333333333,0.14167333333333335,0.11413,0.07175000000000001,1.8746666666666665,0.02121333333333333,0.06054666666666667,32.63399999999999,0.15724666666666667,0.3300433333333334,47.553333333333335,0.09304666666666665,0.12254000000000001,76.41133333333333,0.0,0.037630000000000004,0.5906666666666668,0.021833333333333333,0.09754333333333333,0.22266666666666662,0.07175000000000001,0.0,0.5380466666666666,0.4551233333333334,0.08437666666666667,0.31174999999999997,0.058986666666666666,0.2215833333333333,0.07153333333333332,0.1500466666666667,0.10992,0.06946333333333334,1.6640000000000004,0.028123333333333334,0.08166666666666665,35.39066666666667,0.15587000000000004,0.34771,44.63266666666666,0.058986666666666666,0.08067333333333335,71.974,0.0,0.04253666666666666,0.6413333333333333,0.03612666666666667,0.09766666666666667,0.38599999999999995,0.06946333333333334,0.0,0.5287999999999999
81,102,2002-01-02,1,1,2001-02,Phoenix Suns,Philadelphia 76ers,0,0.4973766666666667,0.07650333333333333,0.3444166666666667,0.07645333333333332,0.21708000000000005,0.06558666666666667,0.15150666666666668,0.11279333333333333,0.07045666666666665,1.6606666666666667,0.025496666666666667,0.07570666666666664,32.87933333333334,0.17221,0.3565366666666667,48.437333333333335,0.07645333333333332,0.09999333333333332,77.24000000000001,0.0,0.046329999999999996,0.6759999999999999,0.030503333333333334,0.10670999999999999,0.30133333333333334,0.07045666666666665,0.0,0.5755466666666667,0.43712,0.03888,0.3146666666666667,0.08357999999999999,0.23012666666666665,0.06903999999999999,0.16107666666666667,0.10058666666666669,0.08629333333333335,1.1960000000000002,0.012953333333333336,0.045619999999999994,28.669333333333334,0.15733666666666668,0.35296000000000005,44.80800000000001,0.08357999999999999,0.10941666666666668,76.14800000000001,0.0,0.037623333333333335,0.4613333333333334,0.029413333333333333,0.09454000000000003,0.33533333333333337,0.08629333333333335,0.0,0.49445666666666666
110,94,2002-01-02,1,1,2001-02,Boston Celtics,Orlando Magic,1,0.4767066666666667,0.11849666666666668,0.264,0.09421666666666666,0.22711999999999996,0.06383333333333334,0.16329666666666665,0.10234,0.06899666666666666,1.5826666666666669,0.03950333333333333,0.11883666666666667,33.90733333333333,0.13199666666666668,0.30128666666666665,44.13066666666667,0.09421666666666666,0.1235033333333333,75.09066666666666,0.0,0.05113,0.8059999999999999,0.020506666666666666,0.10499999999999998,0.204,0.06899666666666666,0.0,0.5308733333333334,0.50429,0.12062333333333333,0.29741666666666666,0.08625000000000001,0.21166333333333326,0.06420000000000001,0.14745666666666668,0.11062666666666665,0.06767333333333334,1.7473333333333334,0.04020999999999999,0.10592333333333333,38.48066666666667,0.14871333333333334,0.3147033333333334,47.64933333333333,0.08625000000000001,0.11270666666666668,76.3,0.0,0.03583999999999999,0.5666666666666667,0.027283333333333337,0.10096000000000001,0.2826666666666667,0.06767333333333334,0.0,0.5638733333333333
95,77,2002-01-02,1,1,2001-02,Minnesota Timberwolves,Milwaukee Bucks,1,0.50363,0.06074333333333333,0.37299999999999994,0.06987666666666667,0.23075,0.07424666666666666,0.15650666666666668,0.13333666666666666,0.06916333333333333,2.102,0.020256666666666662,0.05558333333333333,39.03999999999999,0.18650333333333333,0.39121,47.785333333333334,0.06987666666666667,0.08738,79.344,0.0,0.03811666666666667,0.5853333333333334,0.031290000000000005,0.10854000000000003,0.29800000000000004,0.06916333333333333,0.0,0.6104166666666667,0.47729333333333324,0.10337333333333333,0.30274999999999996,0.07116666666666666,0.21682999999999997,0.055923333333333325,0.16090999999999997,0.11063,0.07437666666666667,1.5946666666666667,0.03446,0.09463,37.11866666666667,0.15137,0.31037333333333333,48.774,0.07116666666666666,0.09936999999999999,71.58333333333334,0.0,0.042576666666666665,0.6053333333333334,0.022583333333333334,0.10228000000000001,0.22533333333333333,0.07437666666666667,0.0,0.5481733333333333
86,87,2002-01-02,1,1,2001-02,Denver Nuggets,Los Angeles Lakers,0,0.46062,0.09899333333333332,0.2919166666666666,0.06971000000000001,0.21608333333333332,0.07353666666666667,0.14254333333333333,0.11196000000000002,0.06541666666666666,1.8046666666666669,0.03300666666666666,0.10137333333333334,32.952000000000005,0.14595999999999998,0.3374133333333333,43.35133333333333,0.06971000000000001,0.09241000000000002,74.776,0.0,0.036743333333333336,0.5713333333333334,0.03274666666666667,0.10878666666666666,0.30733333333333335,0.06541666666666666,0.0,0.5102066666666666,0.4978699999999999,0.08399999999999999,0.32766666666666666,0.08621,0.2319566666666667,0.07120333333333333,0.16074999999999998,0.11604333333333333,0.06091333333333333,2.0073333333333334,0.028,0.08820999999999998,31.892666666666663,0.16384,0.3362933333333333,48.65866666666666,0.08621,0.13150333333333336,66.15133333333333,0.0,0.03629333333333332,0.6346666666666666,0.03658333333333333,0.10599333333333334,0.386,0.06091333333333333,0.0,0.5798866666666667
97,107,2002-01-02,1,1,2001-02,Chicago Bulls,Dallas Mavericks,0,0.42075333333333337,0.04575,0.29358333333333336,0.08141333333333334,0.20174666666666666,0.055796666666666675,0.1459533333333333,0.11320333333333331,0.07799666666666666,1.642,0.015249999999999998,0.04825,28.18466666666666,0.14679666666666666,0.33996333333333334,43.12333333333333,0.08141333333333334,0.11486666666666667,71.00133333333333,0.0,0.03900000000000001,0.5673333333333334,0.018579999999999996,0.09225,0.21600000000000005,0.07799666666666666,0.0,0.4556666666666666,0.5262533333333334,0.10462666666666666,0.3246666666666666,0.09695000000000001,0.20637,0.05783333333333334,0.14854333333333336,0.11467,0.055790000000000006,2.1686666666666667,0.03487333333333333,0.09358000000000001,37.54666666666666,0.16233666666666663,0.3272933333333334,49.63199999999999,0.09695000000000001,0.11916666666666667,80.97199999999998,0.0,0.03233666666666666,0.6166666666666667,0.021206666666666665,0.12341333333333337,0.18133333333333332,0.055790000000000006,0.0,0.5991566666666668
108,101,2002-01-03,1,1,2001-02,New York Knicks,Dallas Mavericks,1,0.45308,0.06587333333333333,0.3063333333333333,0.08087666666666665,0.2156233333333333,0.05541333333333334,0.16020333333333334,0.10279,0.07420333333333334,1.468,0.021959999999999997,0.06928666666666666,32.083999999999996,0.15316333333333335,0.3244166666666667,47.196000000000005,0.08087666666666665,0.10762666666666666,75.77999999999999,0.0,0.030166666666666665,0.41200000000000003,0.019033333333333336,0.11492333333333334,0.17333333333333334,0.07420333333333334,0.0,0.5011666666666668,0.5291266666666666,0.10775333333333331,0.32325000000000004,0.09811666666666667,0.20803666666666665,0.05745999999999999,0.15058666666666667,0.11646,0.057,2.162,0.03591333333333334,0.09503666666666667,38.034,0.16163000000000005,0.32492000000000004,49.760666666666665,0.09811666666666667,0.12125000000000001,80.48666666666666,0.0,0.03250333333333333,0.6053333333333334,0.02133333333333333,0.12333000000000001,0.182,0.057,0.0,0.6049066666666667
114,102,2002-01-03,1,1,2001-02,Charlotte Hornets,Golden State Warriors,1,0.4782466666666666,0.06849333333333332,0.32258333333333333,0.08715999999999999,0.21408666666666668,0.06862666666666667,0.14546333333333336,0.11301333333333334,0.07063333333333333,1.6833333333333333,0.022840000000000003,0.06507999999999999,38.12466666666667,0.16129666666666667,0.3471266666666667,46.59866666666667,0.08715999999999999,0.11533666666666667,76.00533333333333,0.0,0.03671333333333333,0.5353333333333333,0.027700000000000006,0.11037666666666665,0.25466666666666665,0.07063333333333333,0.0,0.54288,0.4643766666666667,0.05062333333333333,0.3115833333333333,0.10216,0.23317000000000002,0.08491999999999998,0.14824666666666667,0.10074666666666668,0.08957999999999999,1.1973333333333334,0.016876666666666665,0.05087333333333333,32.46666666666667,0.15578999999999998,0.36086999999999997,43.34733333333333,0.10216,0.14708666666666664,70.09666666666668,0.0,0.03817333333333333,0.4366666666666666,0.02816666666666667,0.10892333333333332,0.27666666666666667,0.08957999999999999,0.0,0.49104666666666663
99,97,2002-01-03,1,1,2001-02,Houston Rockets,Detroit Pistons,1,0.43942,0.08925,0.27116666666666667,0.079,0.20382666666666666,0.06416666666666668,0.13967000000000004,0.09108333333333332,0.07395999999999998,1.4533333333333334,0.029749999999999995,0.08729333333333332,33.292,0.13557999999999998,0.31621,43.11333333333333,0.079,0.10404333333333333,75.706,0.0,0.03538,0.5546666666666665,0.021043333333333334,0.08499666666666668,0.24133333333333334,0.07395999999999998,0.0,0.4535833333333333,0.47171,0.10325000000000001,0.28500000000000003,0.08345666666666669,0.18129333333333328,0.04840999999999999,0.13287,0.10516333333333334,0.07417333333333334,1.5026666666666668,0.03441666666666666,0.09699333333333333,35.64066666666667,0.14250000000000002,0.2902866666666667,49.36000000000001,0.08345666666666669,0.11137,74.78266666666667,0.0,0.03858000000000001,0.5486666666666667,0.03237333333333334,0.11183000000000001,0.30066666666666664,0.07417333333333334,0.0,0.5166700000000001
101,91,2002-01-04,1,1,2001-02,Toronto Raptors,Cleveland Cavaliers,1,0.45529,0.08275000000000002,0.3125833333333333,0.05994666666666667,0.22141666666666665,0.0717,0.14971333333333334,0.10937999999999999,0.06921000000000001,1.6586666666666672,0.02758333333333333,0.08045666666666668,35.248000000000005,0.15628666666666666,0.3486666666666666,44.636666666666656,0.05994666666666667,0.08221333333333332,71.564,0.0,0.04203666666666666,0.6346666666666666,0.03587333333333334,0.09775,0.3846666666666667,0.06921000000000001,0.0,0.5273,0.4724966666666666,0.08300333333333332,0.30141666666666667,0.08808333333333333,0.20662333333333333,0.05192666666666666,0.15470333333333333,0.11966999999999998,0.0715,1.7326666666666666,0.027663333333333335,0.07120666666666667,39.78866666666667,0.15071,0.3248266666666666,46.43666666666666,0.08808333333333333,0.109,80.37533333333332,0.0,0.03663,0.5213333333333333,0.03708333333333333,0.09958666666666666,0.39466666666666667,0.0715,0.0,0.5624199999999999
93,86,2002-01-04,1,1,2001-02,Minnesota Timberwolves,Utah Jazz,1,0.5050033333333332,0.062366666666666654,0.3733333333333333,0.06929666666666669,0.22987666666666667,0.07349666666666668,0.15638000000000002,0.13429666666666668,0.06870333333333332,2.136666666666667,0.0208,0.056499999999999995,39.15666666666666,0.18666999999999997,0.3901266666666667,47.95933333333333,0.06929666666666669,0.08671333333333334,79.32266666666668,0.0,0.037869999999999994,0.5853333333333333,0.030913333333333334,0.10770666666666667,0.29666666666666675,0.06870333333333332,0.0,0.6126666666666666,0.4844533333333334,0.04999333333333334,0.31316666666666665,0.12128666666666667,0.21354333333333336,0.06959,0.1439666666666667,0.12079666666666668,0.08296333333333332,1.5633333333333332,0.01667333333333333,0.05112666666666666,34.220000000000006,0.15658333333333332,0.33533666666666667,46.870000000000005,0.12128666666666667,0.15459000000000003,78.382,0.0,0.04029,0.5080000000000001,0.033,0.11600666666666669,0.3053333333333333,0.08296333333333332,0.0,0.5626266666666666
80,82,2002-01-04,1,1,2001-02,Denver Nuggets,Los Angeles Clippers,0,0.4607066666666667,0.09937,0.29274999999999995,0.06858333333333332,0.21662666666666666,0.07382666666666667,0.14279,0.11279333333333334,0.06691666666666667,1.7793333333333337,0.03313000000000001,0.10254000000000002,32.67466666666666,0.14637666666666668,0.3369566666666666,43.48266666666666,0.06858333333333332,0.09112000000000002,74.59666666666665,0.0,0.03732666666666668,0.5666666666666668,0.03337,0.10895333333333332,0.31333333333333335,0.06691666666666667,0.0,0.5113733333333333,0.4678333333333333,0.06937333333333333,0.31050000000000005,0.08795666666666667,0.22515999999999997,0.06349333333333333,0.16167,0.10820333333333333,0.08325333333333335,1.41,0.023126666666666663,0.06541,34.20733333333333,0.15524666666666664,0.3320066666666666,46.90733333333333,0.08795666666666667,0.12075666666666666,73.34,0.0,0.032336666666666666,0.4053333333333334,0.03887666666666667,0.10116666666666665,0.42000000000000004,0.08325333333333335,0.0,0.5373166666666667
89,83,2002-01-04,1,1,2001-02,Washington Wizards,Chicago Bulls,1,0.45233666666666666,0.049626666666666666,0.32316666666666666,0.07954333333333333,0.21738000000000002,0.060289999999999996,0.15709000000000004,0.10495999999999998,0.06224999999999999,1.762,0.01654,0.041749999999999995,36.882666666666665,0.16157999999999997,0.3626266666666667,44.66,0.07954333333333333,0.10316333333333334,77.03666666666666,0.0,0.03437666666666666,0.5813333333333334,0.025423333333333336,0.10100000000000002,0.25333333333333335,0.06224999999999999,0.0,0.52233,0.42145999999999995,0.04725,0.29291666666666666,0.08129000000000002,0.20295333333333332,0.056420000000000005,0.14653999999999995,0.11407999999999999,0.07745666666666667,1.6580000000000001,0.015749999999999997,0.048996666666666674,29.186666666666667,0.14646333333333333,0.3412566666666666,42.901333333333326,0.08129000000000002,0.11407666666666667,71.30733333333333,0.0,0.039376666666666664,0.5733333333333334,0.01883333333333333,0.09267,0.21800000000000003,0.07745666666666667,0.0,0.45841333333333334
109,113,2002-01-04,1,1,2001-02,Memphis Grizzlies,Atlanta Hawks,0,0.44832666666666665,0.07799333333333333,0.29125,0.07908,0.19807666666666665,0.05591333333333334,0.14216333333333334,0.10791333333333332,0.07387666666666666,1.8006666666666669,0.026006666666666664,0.07949666666666667,32.01533333333333,0.14562666666666665,0.33270999999999995,43.952666666666666,0.07908,0.10767,72.21933333333331,0.0,0.048459999999999996,0.7606666666666667,0.02562666666666667,0.09467666666666666,0.2793333333333333,0.07387666666666666,0.0,0.48537666666666657,0.48066000000000003,0.07887666666666666,0.31016666666666665,0.09162666666666668,0.20049999999999998,0.05633666666666666,0.14417,0.10291999999999997,0.07345666666666667,1.4686666666666666,0.02629,0.07637333333333333,34.41866666666667,0.15507666666666667,0.3257133333333334,47.56733333333332,0.09162666666666668,0.11640666666666667,78.986,0.0,0.041133333333333334,0.5773333333333334,0.019243333333333335,0.10187666666666666,0.20733333333333334,0.07345666666666667,0.0,0.5255
77,87,2002-01-04,1,1,2001-02,Seattle SuperSonics,Philadelphia 76ers,0,0.48665666666666674,0.08999666666666667,0.31450000000000006,0.0821733333333333,0.19391666666666665,0.060996666666666664,0.13291666666666668,0.11386666666666666,0.06867333333333334,1.8106666666666666,0.03000333333333333,0.08254999999999998,36.54866666666667,0.15724333333333332,0.3263433333333333,48.304,0.0821733333333333,0.1076633333333333,75.938,0.0,0.03641666666666667,0.568,0.018243333333333334,0.10516999999999999,0.17866666666666664,0.06867333333333334,0.0,0.5333333333333333,0.43678666666666666,0.03838,0.3155833333333334,0.08283333333333333,0.22954333333333335,0.06866666666666667,0.16087,0.10158666666666669,0.08708333333333336,1.1933333333333336,0.012786666666666668,0.04478666666666666,28.737333333333332,0.15779666666666667,0.35270999999999997,44.999333333333325,0.08283333333333333,0.10908333333333334,75.87333333333335,0.0,0.03691666666666667,0.44666666666666666,0.02937333333333333,0.09495999999999999,0.33400000000000013,0.08708333333333336,0.0,0.49395666666666666
82,92,2002-01-04,1,1,2001-02,San Antonio Spurs,Indiana Pacers,0,0.50462,0.10451,0.2965,0.10362666666666667,0.22312,0.057746666666666675,0.16537333333333332,0.10113333333333333,0.07557333333333333,1.4086666666666667,0.03482333333333334,0.08812666666666667,40.24400000000001,0.14825333333333335,0.30504666666666663,48.928,0.10362666666666667,0.14029333333333333,73.858,0.0,0.03849999999999999,0.5346666666666666,0.04038,0.09770666666666664,0.4253333333333334,0.07557333333333333,0.0,0.5854199999999999,0.4830433333333333,0.058883333333333336,0.3326666666666666,0.0915,0.21371333333333334,0.05696,0.1567466666666667,0.12521333333333332,0.07675000000000001,1.768,0.019616666666666668,0.05799666666666666,33.513333333333335,0.1663333333333333,0.35150333333333333,47.73533333333332,0.0915,0.12445666666666667,73.59799999999998,0.0,0.03742666666666667,0.5286666666666666,0.028756666666666666,0.11125666666666666,0.2720000000000001,0.07675000000000001,0.0,0.5548733333333333
96,109,2002-01-04,1,1,2001-02,New Jersey Nets,Orlando Magic,0,0.48609333333333343,0.08638,0.32141666666666674,0.07828999999999998,0.21970666666666663,0.06167000000000001,0.15803666666666666,0.13133333333333336,0.07067000000000001,2.039333333333333,0.02878666666666667,0.08258333333333333,33.522000000000006,0.16071000000000002,0.3443333333333334,46.868,0.07828999999999998,0.11486666666666666,68.12066666666666,0.0,0.04261666666666666,0.658,0.03133333333333334,0.10171333333333334,0.3246666666666666,0.07067000000000001,0.0,0.5664233333333334,0.50033,0.11924666666666667,0.29500000000000004,0.08608333333333333,0.21232999999999996,0.06528666666666667,0.14704000000000003,0.11037333333333334,0.0683,1.726,0.039753333333333335,0.10592333333333333,38.034000000000006,0.14750666666666667,0.3136233333333333,47.418,0.08608333333333333,0.11262333333333334,76.156,0.0,0.03579666666666667,0.5619999999999999,0.027033333333333343,0.10129333333333333,0.2780000000000001,0.0683,0.0,0.5587466666666666
66,89,2002-01-04,1,1,2001-02,Boston Celtics,Miami Heat,0,0.4761633333333334,0.11712333333333333,0.2639166666666667,0.09512999999999999,0.22590999999999997,0.06379,0.16212999999999997,0.10296333333333332,0.06908333333333334,1.596,0.039043333333333326,0.11759000000000001,33.88066666666666,0.13195666666666667,0.3014966666666667,44.09066666666667,0.09512999999999999,0.12445999999999997,75.39733333333335,0.0,0.05167,0.8153333333333334,0.020840000000000004,0.10528999999999998,0.2073333333333333,0.06908333333333334,0.0,0.5310400000000001,0.4153700000000001,0.053993333333333345,0.2858333333333334,0.07554,0.20512666666666668,0.054799999999999995,0.15034,0.0947866666666667,0.07174333333333331,1.4059999999999997,0.01800666666666667,0.052710000000000014,33.87466666666667,0.14291333333333334,0.3321333333333333,43.17133333333333,0.07554,0.10974333333333336,69.72399999999999,0.0,0.029040000000000003,0.4546666666666666,0.030080000000000006,0.10662999999999999,0.29600000000000004,0.07174333333333331,0.0,0.44454
118,86,2002-01-04,1,1,2001-02,Los Angeles Lakers,Phoenix Suns,1,0.49866333333333324,0.08587666666666666,0.32758333333333334,0.08520999999999998,0.2319566666666667,0.07074666666666668,0.16121000000000002,0.11641666666666665,0.05974666666666668,2.096,0.028623333333333334,0.08970999999999998,31.904666666666667,0.16379666666666667,0.33666666666666667,48.58933333333333,0.08520999999999998,0.12933666666666668,66.52666666666666,0.0,0.03525333333333333,0.6313333333333334,0.03629333333333333,0.10686999999999998,0.38133333333333336,0.05974666666666668,0.0,0.5807599999999999,0.4969600000000001,0.07587999999999999,0.34408333333333335,0.07699666666666666,0.2171633333333334,0.06713,0.1500466666666667,0.11358333333333331,0.06987333333333332,1.682,0.02528666666666667,0.07554,32.80933333333334,0.1720433333333333,0.35879000000000005,48.09666666666667,0.07699666666666666,0.1007,77.154,0.0,0.046536666666666664,0.6819999999999999,0.03033666666666666,0.10666666666666667,0.30066666666666664,0.06987333333333332,0.0,0.5740066666666668
111,113,2002-01-05,1,1,2001-02,Chicago Bulls,Utah Jazz,0,0.42362666666666665,0.04825,0.29325000000000007,0.08212333333333334,0.20358,0.056546666666666676,0.14703999999999998,0.11482999999999999,0.07687333333333334,1.6793333333333333,0.016083333333333335,0.04891333333333334,30.429333333333332,0.14663,0.34229666666666664,42.839999999999996,0.08212333333333334,0.11462,71.55733333333333,0.0,0.039796666666666675,0.5826666666666666,0.019079999999999996,0.09366999999999999,0.21866666666666665,0.07687333333333334,0.0,0.46303666666666665,0.4839533333333334,0.050616666666666664,0.3124166666666667,0.12091333333333334,0.21412333333333336,0.06979666666666667,0.14434000000000002,0.12129666666666668,0.08242333333333332,1.574,0.016883333333333337,0.051166666666666666,34.626666666666665,0.15620666666666666,0.33517,46.77066666666667,0.12091333333333334,0.15388000000000002,78.51199999999999,0.0,0.04012333333333333,0.5086666666666667,0.03283333333333334,0.11567333333333334,0.306,0.08242333333333332,0.0,0.5637066666666666
86,83,2002-01-05,1,1,2001-02,Los Angeles Clippers,Milwaukee Bucks,1,0.46849999999999997,0.06974999999999999,0.31,0.08875000000000001,0.22682666666666668,0.06403666666666666,0.16279333333333337,0.10891,0.08358666666666667,1.4153333333333333,0.02325,0.06562,34.281333333333336,0.15499666666666662,0.33179999999999993,46.87133333333332,0.08875000000000001,0.12200666666666667,73.10066666666667,0.0,0.03171333333333333,0.3953333333333333,0.038836666666666665,0.10033333333333333,0.42066666666666663,0.08358666666666667,0.0,0.5387766666666667,0.4805866666666666,0.10450000000000001,0.30483333333333335,0.07125,0.21874666666666664,0.05629666666666666,0.1624533333333333,0.11088,0.07408333333333333,1.6120000000000003,0.034833333333333334,0.09438,37.63933333333334,0.15241000000000002,0.3121266666666667,48.836666666666666,0.07125,0.09999333333333332,71.13266666666667,0.0,0.042326666666666665,0.6053333333333334,0.02296,0.10228,0.228,0.07408333333333333,0.0,0.5534233333333333
96,112,2002-01-05,1,1,2001-02,Atlanta Hawks,Minnesota Timberwolves,0,0.4790766666666667,0.07712666666666666,0.3091666666666667,0.09279333333333334,0.20058333333333328,0.057169999999999985,0.14342,0.10308666666666665,0.07220333333333334,1.4939999999999998,0.025706666666666662,0.07562333333333335,33.84466666666667,0.15457666666666667,0.32800333333333337,47.10333333333333,0.09279333333333334,0.1182,78.67333333333333,0.0,0.04109,0.5853333333333334,0.01937,0.10224999999999998,0.20799999999999993,0.07220333333333334,0.0,0.5222533333333332,0.5065899999999999,0.06486666666666666,0.37233333333333335,0.06937666666666666,0.22896,0.07253666666666668,0.15641999999999998,0.13525333333333334,0.06774666666666665,2.1826666666666665,0.021633333333333334,0.058206666666666664,39.25333333333334,0.18617,0.3875833333333334,48.13533333333333,0.06937666666666666,0.08704666666666666,79.15400000000001,0.0,0.03733,0.5826666666666666,0.030663333333333338,0.10699666666666668,0.29600000000000004,0.06774666666666665,0.0,0.6153733333333332
80,89,2002-01-05,1,1,2001-02,Charlotte Hornets,New Jersey Nets,0,0.4771600000000001,0.06736999999999999,0.3228333333333333,0.08695,0.21404333333333334,0.06758666666666667,0.14646333333333333,0.11434666666666667,0.06946666666666666,1.73,0.02246333333333333,0.06499333333333332,37.32666666666667,0.16142333333333334,0.3469166666666667,46.70066666666666,0.08695,0.11542333333333334,75.70666666666668,0.0,0.03600666666666666,0.534,0.028283333333333337,0.11041666666666665,0.2593333333333333,0.06946666666666666,0.0,0.54388,0.48575999999999997,0.08575666666666665,0.3215,0.07849999999999999,0.21774999999999997,0.06058666666666667,0.1571633333333333,0.13187333333333334,0.07050333333333333,2.0506666666666664,0.028576666666666674,0.08199666666666666,33.43666666666667,0.16075,0.34404,46.93933333333334,0.07849999999999999,0.11466,68.51,0.0,0.042449999999999995,0.6573333333333334,0.030833333333333334,0.10159000000000001,0.3213333333333333,0.07050333333333333,0.0,0.5652966666666668
79,81,2002-01-05,1,1,2001-02,Houston Rockets,Indiana Pacers,0,0.44121333333333335,0.09012333333333333,0.2723333333333333,0.07874666666666667,0.20395333333333332,0.06529,0.13867000000000002,0.09162666666666668,0.07225,1.508,0.03004333333333333,0.08737666666666666,33.40933333333333,0.13616666666666666,0.3185000000000001,42.964000000000006,0.07874666666666667,0.10429333333333334,75.38533333333335,0.0,0.03517000000000001,0.5653333333333334,0.022166666666666664,0.08570666666666667,0.25266666666666665,0.07225,0.0,0.45666999999999996,0.4828766666666667,0.058506666666666665,0.3328333333333333,0.09154333333333334,0.2126266666666667,0.05716666666666668,0.15545333333333333,0.12441999999999999,0.07658333333333332,1.7753333333333332,0.01949333333333333,0.057456666666666684,33.74666666666666,0.16641999999999998,0.3513366666666667,47.80399999999999,0.09154333333333334,0.12458333333333334,73.73,0.0,0.03830333333333333,0.5473333333333332,0.02900666666666667,0.11063333333333332,0.2746666666666667,0.07658333333333332,0.0,0.5547066666666667
96,88,2002-01-05,1,1,2001-02,Portland Trail Blazers,Philadelphia 76ers,1,0.46954000000000007,0.06499666666666666,0.3125,0.09204666666666665,0.2061633333333334,0.06500333333333333,0.14117333333333332,0.11384,0.07196,1.8639999999999999,0.02167,0.06100333333333333,32.94133333333333,0.15624666666666667,0.3296700000000001,47.28066666666667,0.09204666666666665,0.12116333333333333,76.22600000000001,0.0,0.03754666666666666,0.5866666666666667,0.02221,0.09721000000000002,0.2273333333333333,0.07196,0.0,0.5354599999999999,0.43732666666666664,0.038503333333333334,0.3154166666666667,0.08341666666666667,0.22892,0.06783333333333334,0.16107666666666667,0.10196333333333335,0.08758333333333335,1.1860000000000002,0.012830000000000001,0.04420333333333333,29.052,0.15771333333333332,0.35154333333333326,45.15533333333333,0.08341666666666667,0.11024999999999999,75.66733333333332,0.0,0.036376666666666675,0.4346666666666667,0.02912,0.09558666666666667,0.3286666666666667,0.08758333333333335,0.0,0.49408333333333326
112,118,2002-01-05,1,1,2001-02,Phoenix Suns,Sacramento Kings,0,0.49579333333333336,0.07500666666666665,0.34325000000000006,0.07753999999999998,0.21708000000000005,0.06863,0.14846000000000004,0.11387666666666665,0.06958333333333333,1.6879999999999997,0.024993333333333333,0.07525,32.67333333333334,0.17162333333333332,0.36087666666666673,47.71333333333334,0.07753999999999998,0.10136666666666667,77.13933333333333,0.0,0.04682666666666666,0.6866666666666666,0.029629999999999993,0.10658333333333334,0.2946666666666667,0.06958333333333333,0.0,0.5702966666666668,0.5030899999999999,0.06750666666666666,0.337,0.09859333333333335,0.22574666666666665,0.061873333333333336,0.16388333333333333,0.11213,0.06908,1.6953333333333334,0.02249333333333333,0.06028666666666667,38.452,0.16849999999999998,0.3640066666666667,46.339333333333336,0.09859333333333335,0.13303666666666666,73.87266666666667,0.0,0.03766666666666666,0.5646666666666668,0.023586666666666662,0.09524666666666669,0.25666666666666665,0.06908,0.0,0.5653699999999999
103,105,2002-01-05,1,1,2001-02,Dallas Mavericks,San Antonio Spurs,0,0.5325833333333333,0.11037999999999996,0.32250000000000006,0.0997,0.20903666666666662,0.05670666666666666,0.15234,0.11841666666666666,0.05812333333333333,2.1606666666666667,0.03678666666666667,0.09616333333333335,38.466,0.16125333333333336,0.32242,50.004000000000005,0.0997,0.12395999999999999,79.83133333333335,0.0,0.03279666666666667,0.5973333333333334,0.0215,0.12328666666666668,0.18333333333333338,0.05812333333333333,0.0,0.6114066666666669,0.50441,0.10325666666666665,0.298,0.10316666666666668,0.22232666666666664,0.05745666666666666,0.16487333333333334,0.10146666666666668,0.07574,1.4086666666666665,0.03441,0.08775333333333335,40.07666666666668,0.14900333333333332,0.3052566666666667,49.13599999999999,0.10316666666666668,0.14058666666666667,73.26866666666666,0.0,0.03954,0.5466666666666666,0.04063333333333333,0.09724999999999999,0.43066666666666664,0.07574,0.0,0.5856266666666666
81,90,2002-01-05,1,1,2001-02,New York Knicks,Boston Celtics,0,0.4554566666666666,0.06837333333333334,0.306,0.08108666666666667,0.21529,0.05562000000000001,0.15966000000000002,0.10325000000000001,0.07328333333333334,1.4973333333333334,0.022793333333333332,0.06974333333333332,33.03133333333332,0.15299666666666667,0.32545666666666667,46.998666666666665,0.08108666666666667,0.10800333333333333,75.81733333333334,0.0,0.029916666666666668,0.4153333333333334,0.01924,0.11492333333333334,0.1753333333333333,0.07328333333333334,0.0,0.5035433333333333,0.4774133333333334,0.11587333333333333,0.26566666666666666,0.09588,0.22516,0.06374666666666667,0.16142333333333336,0.10442333333333334,0.06920666666666667,1.622666666666667,0.03862666666666666,0.11587999999999998,34.03333333333333,0.13283333333333333,0.30295666666666665,44.15733333333334,0.09588,0.1252533333333333,75.68400000000001,0.0,0.052129999999999996,0.8226666666666667,0.02100666666666667,0.10508333333333333,0.20999999999999996,0.06920666666666667,0.0,0.5341666666666668
101,91,2002-01-05,1,1,2001-02,Detroit Pistons,Cleveland Cavaliers,1,0.46725000000000005,0.10049999999999999,0.284,0.08275000000000002,0.18191999999999997,0.04932999999999999,0.13257666666666668,0.10386999999999999,0.07533999999999999,1.4560000000000002,0.0335,0.09637000000000001,34.834666666666664,0.14200000000000002,0.29083,49.11333333333334,0.08275000000000002,0.11045333333333333,74.62133333333333,0.0,0.03833333333333333,0.5373333333333333,0.03233333333333333,0.11241333333333334,0.29733333333333334,0.07533999999999999,0.0,0.5089633333333333,0.4738299999999999,0.08262999999999998,0.30283333333333334,0.08837333333333335,0.2067466666666667,0.05221666666666666,0.15453666666666666,0.11925333333333334,0.07133333333333333,1.7286666666666666,0.027536666666666675,0.07187333333333333,39.39866666666667,0.15141666666666667,0.32516000000000006,46.61133333333332,0.08837333333333335,0.10928999999999998,80.39399999999999,0.0,0.037003333333333326,0.5299999999999999,0.03787333333333333,0.09913,0.4033333333333333,0.07133333333333333,0.0,0.5643766666666666
118,109,2002-01-05,1,1,2001-02,Orlando Magic,Golden State Warriors,1,0.49537000000000003,0.11724666666666667,0.2926666666666667,0.08545666666666668,0.21270666666666663,0.06624666666666666,0.1464566666666667,0.10995666666666666,0.06867666666666668,1.7079999999999997,0.03908666666666667,0.10596666666666668,37.314,0.14634,0.31270666666666663,47.168000000000006,0.08545666666666668,0.11208,75.84866666666667,0.0,0.03563,0.5559999999999999,0.026620000000000008,0.10146000000000001,0.272,0.06867666666666668,0.0,0.5517466666666667,0.46721000000000007,0.048873333333333324,0.3145833333333334,0.10374333333333334,0.23354333333333333,0.08466666666666667,0.14887333333333336,0.10053999999999999,0.08954,1.1966666666666668,0.016293333333333337,0.04904,32.538666666666664,0.15729,0.3625366666666667,43.568666666666665,0.10374333333333334,0.14945999999999998,69.89000000000001,0.0,0.03838,0.4406666666666666,0.027710000000000002,0.10871333333333331,0.27266666666666667,0.08954,0.0,0.49413
92,84,2002-01-06,1,1,2001-02,Miami Heat,Golden State Warriors,1,0.4147433333333334,0.05212000000000001,0.2875833333333333,0.07504,0.2056266666666667,0.054673333333333345,0.15096666666666667,0.09458000000000003,0.07153666666666667,1.4053333333333333,0.017380000000000003,0.052000000000000005,33.331333333333326,0.14378666666666665,0.33429999999999993,43.16533333333333,0.07504,0.1088666666666667,69.75333333333332,0.0,0.029750000000000002,0.46733333333333327,0.030413333333333337,0.10654999999999999,0.3,0.07153666666666667,0.0,0.44462666666666667,0.4704166666666667,0.04674666666666667,0.3175833333333334,0.10607666666666667,0.23400333333333337,0.08479333333333333,0.14920666666666663,0.10007999999999999,0.08883333333333333,1.2020000000000002,0.015586666666666669,0.04704,32.38333333333333,0.15878999999999996,0.36512,43.682,0.10607666666666667,0.15208666666666665,70.00666666666667,0.0,0.038586666666666665,0.4486666666666666,0.027543333333333333,0.10871333333333331,0.2706666666666667,0.08883333333333333,0.0,0.4980066666666667
77,89,2002-01-06,1,1,2001-02,Memphis Grizzlies,Seattle SuperSonics,0,0.44807666666666673,0.07612,0.29075,0.08120333333333332,0.19932666666666662,0.056953333333333335,0.14237333333333335,0.10758000000000001,0.07362666666666666,1.8373333333333335,0.02538,0.07891333333333335,31.460666666666665,0.14538,0.33417,43.71000000000001,0.08120333333333332,0.10983666666666667,72.58199999999998,0.0,0.04833333333333334,0.7753333333333333,0.025336666666666667,0.09355333333333334,0.28066666666666673,0.07362666666666666,0.0,0.4840833333333333,0.4889066666666667,0.09124666666666667,0.316,0.0816733333333333,0.19595666666666664,0.06179,0.13416333333333333,0.11499333333333332,0.06850666666666667,1.8379999999999999,0.03042,0.08200666666666664,37.36533333333333,0.15799666666666667,0.32784333333333326,48.30200000000001,0.0816733333333333,0.1076633333333333,75.60200000000002,0.0,0.03637666666666666,0.57,0.018330000000000003,0.10537999999999999,0.1793333333333333,0.06850666666666667,0.0,0.5386666666666666
89,109,2002-01-06,1,1,2001-02,Toronto Raptors,Los Angeles Lakers,0,0.4554566666666667,0.08150333333333333,0.3129166666666666,0.06103333333333332,0.22116666666666662,0.07157666666666666,0.14958666666666665,0.10875333333333331,0.06896,1.6506666666666667,0.02716333333333333,0.0794966666666667,35.18066666666667,0.15645333333333333,0.34892,44.66466666666666,0.06103333333333332,0.08392,71.18533333333333,0.0,0.041783333333333325,0.6313333333333333,0.035583333333333335,0.09812333333333333,0.38066666666666665,0.06896,0.0,0.5261333333333333,0.49870333333333333,0.08787666666666664,0.32683333333333336,0.08400333333333333,0.23200000000000007,0.07041333333333334,0.16158666666666666,0.11679,0.05908000000000001,2.1700000000000004,0.02929,0.09125333333333333,32.04333333333333,0.16341999999999998,0.33716666666666667,48.40333333333333,0.08400333333333333,0.12667,67.04066666666667,0.0,0.03446333333333333,0.626,0.03612666666666667,0.10762,0.376,0.05908000000000001,0.0,0.5806333333333332
115,101,2002-01-06,1,1,2001-02,Sacramento Kings,Milwaukee Bucks,1,0.50384,0.07000666666666668,0.33591666666666664,0.09792666666666669,0.22483,0.061706666666666674,0.16312999999999997,0.11333999999999998,0.06916666666666667,1.722,0.023326666666666666,0.06186666666666667,38.65866666666666,0.16795666666666664,0.3617533333333333,46.49,0.09792666666666669,0.13187,73.95466666666667,0.0,0.03783333333333334,0.5693333333333334,0.023876666666666664,0.09487333333333334,0.26066666666666666,0.06916666666666667,0.0,0.5682433333333333,0.48333666666666664,0.10487666666666669,0.3065833333333333,0.07187333333333332,0.22058,0.056376666666666665,0.16420333333333334,0.11096333333333333,0.07321000000000001,1.6380000000000001,0.03495666666666667,0.09379333333333335,38.04200000000001,0.15328666666666665,0.3142500000000001,48.779999999999994,0.07187333333333332,0.10144999999999998,70.63333333333334,0.0,0.041993333333333334,0.608,0.023170000000000003,0.10224000000000003,0.22933333333333336,0.07321000000000001,0.0,0.5574633333333333
109,93,2002-01-07,1,1,2001-02,Minnesota Timberwolves,Detroit Pistons,1,0.5082566666666666,0.06686666666666666,0.3713333333333334,0.07004333333333333,0.22875000000000004,0.07145666666666667,0.15729666666666667,0.13521333333333332,0.06724666666666666,2.202,0.0223,0.059833333333333336,39.126,0.18566999999999997,0.38483333333333325,48.34733333333334,0.07004333333333333,0.08808666666666666,78.97066666666667,0.0,0.03670666666666667,0.5746666666666668,0.030163333333333334,0.10658000000000002,0.292,0.06724666666666666,0.0,0.61708,0.46296,0.09812333333333333,0.2833333333333333,0.08150333333333334,0.18317333333333333,0.05057666666666665,0.13257666666666668,0.10320333333333333,0.07625333333333333,1.428666666666667,0.03271,0.09612333333333335,34.00133333333333,0.14166666666666666,0.2914966666666667,48.894000000000005,0.08150333333333334,0.10866,74.62266666666666,0.0,0.037956666666666666,0.526,0.032209999999999996,0.11245333333333335,0.29533333333333334,0.07625333333333333,0.0,0.50284
88,100,2002-01-07,1,1,2001-02,Chicago Bulls,Seattle SuperSonics,0,0.4257066666666667,0.048503333333333336,0.29391666666666666,0.08329000000000002,0.20457999999999998,0.0568,0.14778666666666668,0.11491333333333334,0.07629333333333334,1.6913333333333331,0.01616333333333333,0.04874666666666667,31.282,0.14696333333333333,0.3438366666666666,42.76200000000001,0.08329000000000002,0.11545333333333332,71.984,0.0,0.04025333333333334,0.5926666666666667,0.019373333333333333,0.09500333333333333,0.21866666666666665,0.07629333333333334,0.0,0.4669133333333333,0.49016000000000004,0.09274666666666667,0.3168333333333333,0.08059333333333331,0.19837333333333326,0.06237333333333334,0.13599666666666668,0.11586999999999999,0.0688,1.8546666666666667,0.03092,0.08200666666666664,37.98866666666667,0.15841333333333335,0.32863333333333333,48.30200000000001,0.08059333333333331,0.1071233333333333,74.96666666666667,0.0,0.036419999999999994,0.57,0.01866333333333334,0.10550333333333331,0.18266666666666664,0.0688,0.0,0.5428766666666667
116,92,2002-01-07,1,1,2001-02,Philadelphia 76ers,Los Angeles Clippers,1,0.43794999999999995,0.03888,0.3153333333333333,0.08374999999999999,0.22767,0.06679333333333333,0.16086666666666663,0.10267333333333334,0.08775000000000001,1.1900000000000002,0.012953333333333336,0.04386999999999999,29.368666666666666,0.15766999999999998,0.3504566666666665,45.28733333333333,0.08374999999999999,0.11108333333333334,75.47666666666666,0.0,0.036333333333333336,0.4313333333333334,0.028826666666666667,0.09587999999999999,0.3246666666666667,0.08775000000000001,0.0,0.49466666666666664,0.46841333333333335,0.06962666666666667,0.3095833333333333,0.08921,0.22794999999999996,0.06437,0.16358333333333333,0.10957666666666667,0.08333666666666667,1.4286666666666668,0.023206666666666664,0.06570666666666666,34.176,0.15478666666666666,0.3318,46.819999999999986,0.08921,0.12305,72.69666666666667,0.0,0.03075666666666666,0.38333333333333336,0.038503333333333334,0.09958,0.4166666666666667,0.08333666666666667,0.0,0.53853
72,98,2002-01-07,1,1,2001-02,Cleveland Cavaliers,Portland Trail Blazers,0,0.4747466666666666,0.08200666666666664,0.30425,0.08849666666666665,0.20624666666666666,0.052716666666666655,0.15353666666666665,0.11888,0.07141666666666666,1.7193333333333334,0.027326666666666673,0.07287333333333333,38.705333333333336,0.15212333333333336,0.32478333333333337,46.902666666666654,0.08849666666666665,0.11008333333333334,80.046,0.0,0.037336666666666664,0.5366666666666667,0.03841666666666667,0.09862999999999997,0.4093333333333333,0.07141666666666666,0.0,0.56442,0.4671666666666666,0.06625,0.30975,0.09117,0.20616333333333334,0.06500333333333333,0.14117333333333335,0.11329666666666667,0.07292,1.8306666666666662,0.022083333333333333,0.06137666666666666,33.196666666666665,0.15487,0.3292933333333333,46.90133333333333,0.09117,0.11995666666666667,75.99533333333333,0.0,0.03717,0.5713333333333335,0.0225,0.09708333333333334,0.23066666666666666,0.07292,0.0,0.5308733333333334
98,87,2002-01-07,1,1,2001-02,Orlando Magic,Boston Celtics,1,0.49087000000000003,0.11537,0.29025000000000006,0.08524666666666668,0.21278999999999998,0.06691333333333332,0.14587333333333333,0.10916666666666666,0.06871666666666668,1.6920000000000002,0.03846333333333333,0.10583999999999998,36.69133333333333,0.14513,0.3121233333333333,46.856,0.08524666666666668,0.11195666666666666,75.66199999999999,0.0,0.035423333333333334,0.5519999999999999,0.026040000000000004,0.10167,0.264,0.06871666666666668,0.0,0.5444966666666666,0.47741333333333336,0.11562666666666668,0.26516666666666666,0.09663333333333335,0.2237033333333333,0.06337333333333334,0.16034,0.10525666666666668,0.06899666666666666,1.6480000000000001,0.03854,0.11491999999999997,34.13666666666666,0.13258333333333333,0.3035366666666667,43.972,0.09663333333333335,0.12612666666666664,75.92399999999999,0.0,0.05267000000000001,0.838,0.020796666666666668,0.10500000000000001,0.20866666666666664,0.06899666666666666,0.0,0.5340000000000001
90,79,2002-01-07,1,1,2001-02,San Antonio Spurs,New York Knicks,1,0.5044100000000001,0.10213,0.2995833333333334,0.1027066666666667,0.22120333333333334,0.05741666666666666,0.16379333333333335,0.10167333333333332,0.07607333333333335,1.403333333333333,0.034036666666666666,0.08800666666666669,39.65933333333333,0.14979333333333336,0.30538000000000004,49.352,0.1027066666666667,0.14071,72.77000000000001,0.0,0.04053999999999999,0.5573333333333333,0.04096666666666667,0.09741666666666665,0.434,0.07607333333333335,0.0,0.5851666666666666,0.45833333333333337,0.07112000000000002,0.3055,0.08170999999999999,0.21575,0.05604000000000001,0.15969999999999998,0.10383333333333332,0.07270333333333331,1.52,0.023713333333333333,0.07015999999999999,34.12533333333333,0.15274666666666667,0.32637333333333335,46.79466666666667,0.08170999999999999,0.10858333333333332,76.03533333333331,0.0,0.02983666666666667,0.4193333333333333,0.01940666666666667,0.11509,0.17666666666666667,0.07270333333333331,0.0,0.5075033333333334
94,80,2002-01-07,1,1,2001-02,Charlotte Hornets,Denver Nuggets,1,0.47741,0.06661666666666666,0.3240833333333333,0.08669666666666667,0.2135433333333333,0.06588000000000001,0.14767000000000005,0.11576000000000002,0.06813333333333334,1.7806666666666666,0.02221666666666667,0.06453666666666666,36.89466666666667,0.16205,0.34667,46.948,0.08669666666666667,0.11555000000000001,75.32866666666668,0.0,0.03517333333333333,0.5326666666666666,0.028616666666666672,0.11037333333333334,0.26199999999999996,0.06813333333333334,0.0,0.5465866666666667,0.46112333333333333,0.10024666666666666,0.2933333333333333,0.06754333333333333,0.21658666666666668,0.07361666666666666,0.14295666666666668,0.11354666666666668,0.06833333333333333,1.7546666666666666,0.03342,0.10304,32.751999999999995,0.14666666666666664,0.33658,43.570666666666654,0.06754333333333333,0.0898266666666667,74.52466666666668,0.0,0.03737000000000001,0.5559999999999999,0.03387,0.10907666666666668,0.31799999999999995,0.06833333333333333,0.0,0.5123333333333334
84,81,2002-01-08,1,1,2001-02,Memphis Grizzlies,Toronto Raptors,1,0.4491166666666667,0.07437333333333335,0.2911666666666667,0.08357666666666666,0.20111999999999997,0.05774333333333334,0.14337333333333332,0.10724666666666667,0.07329333333333334,1.866666666666667,0.024793333333333334,0.07816666666666668,31.08866666666666,0.14558666666666664,0.3354233333333333,43.63999999999999,0.08357666666666666,0.11229666666666667,72.98866666666666,0.0,0.047793333333333334,0.7826666666666667,0.025629999999999997,0.09259333333333332,0.2873333333333334,0.07329333333333334,0.0,0.4857099999999999,0.4555433333333333,0.07963,0.3135,0.062409999999999986,0.22066666666666668,0.07141,0.14925333333333332,0.10812666666666666,0.06833333333333333,1.6520000000000001,0.026536666666666667,0.07833000000000002,35.01133333333334,0.15674333333333335,0.34925333333333336,44.72133333333333,0.062409999999999986,0.08621,70.606,0.0,0.04161666666666666,0.6346666666666665,0.03512666666666667,0.09833333333333333,0.37666666666666665,0.06833333333333333,0.0,0.5246733333333332
95,94,2002-01-08,1,1,2001-02,Dallas Mavericks,Denver Nuggets,1,0.5341266666666666,0.11225333333333332,0.32100000000000006,0.10086666666666667,0.20983000000000002,0.05616333333333333,0.15367333333333333,0.11899666666666665,0.05945666666666667,2.126666666666667,0.03741333333333333,0.09729,38.657333333333334,0.16050000000000003,0.32045999999999997,50.065333333333335,0.10086666666666667,0.12604666666666667,79.31133333333334,0.0,0.03279666666666666,0.58,0.02154,0.12274333333333333,0.1846666666666667,0.05945666666666667,0.0,0.6128266666666669,0.46066666666666667,0.10037,0.29383333333333334,0.06645666666666666,0.21654333333333334,0.07294999999999999,0.14358333333333334,0.11425666666666667,0.06962666666666667,1.7326666666666666,0.03346333333333333,0.10308333333333335,32.699333333333335,0.14691666666666667,0.3360366666666667,43.685333333333325,0.06645666666666666,0.08841333333333336,74.46333333333334,0.0,0.03712000000000001,0.5413333333333334,0.03487,0.10937000000000001,0.32733333333333337,0.06962666666666667,0.0,0.5131266666666666
101,92,2002-01-08,1,1,2001-02,Atlanta Hawks,Portland Trail Blazers,1,0.47933000000000003,0.07662666666666668,0.30891666666666673,0.09379333333333335,0.20091666666666663,0.05800333333333332,0.14292000000000002,0.10379666666666666,0.07136999999999999,1.5206666666666664,0.02554,0.07520999999999999,33.72533333333333,0.1544533333333334,0.33042000000000005,46.74066666666666,0.09379333333333335,0.11974,78.42533333333333,0.0,0.04133666666666667,0.5953333333333334,0.019453333333333336,0.10283666666666666,0.2073333333333333,0.07136999999999999,0.0,0.5218766666666667,0.4654600000000001,0.06687333333333333,0.30874999999999997,0.08983666666666669,0.20658000000000004,0.06512666666666665,0.14146666666666666,0.11313000000000001,0.07346333333333334,1.8060000000000003,0.02229333333333333,0.06208333333333333,33.163333333333334,0.15437,0.32917,46.754000000000005,0.08983666666666669,0.11845666666666668,75.55733333333335,0.0,0.03704333333333333,0.562,0.022789999999999998,0.09749999999999999,0.23266666666666666,0.07346333333333334,0.0,0.5283333333333333
98,84,2002-01-08,1,1,2001-02,Utah Jazz,Phoenix Suns,1,0.4829533333333334,0.05186999999999999,0.3114166666666666,0.11966,0.21374666666666672,0.06942000000000001,0.14434,0.12217333333333333,0.08192333333333333,1.5906666666666665,0.01729666666666667,0.05120666666666666,35.473333333333336,0.15570666666666666,0.3346700000000001,46.674666666666674,0.11966,0.15216999999999997,78.48866666666666,0.0,0.040499999999999994,0.5159999999999999,0.03266666666666666,0.11467333333333334,0.3066666666666667,0.08192333333333333,0.0,0.5647466666666667,0.49404333333333333,0.07425333333333332,0.3420833333333333,0.07770666666666666,0.21732666666666667,0.07008999999999999,0.14725000000000002,0.11379333333333333,0.06937333333333333,1.6873333333333336,0.024746666666666663,0.07508333333333335,32.56133333333334,0.17103666666666664,0.36341666666666667,47.22266666666667,0.07770666666666666,0.10136666666666667,77.25933333333334,0.0,0.04670333333333333,0.6846666666666666,0.028919999999999994,0.10717000000000002,0.28733333333333333,0.06937333333333333,0.0,0.5650433333333333
96,88,2002-01-08,1,1,2001-02,Washington Wizards,Los Angeles Clippers,1,0.4537133333333333,0.05212666666666666,0.3218333333333333,0.07975333333333333,0.21800666666666668,0.0605,0.15750666666666666,0.10516999999999999,0.06216666666666666,1.7633333333333332,0.01737333333333333,0.043083333333333335,37.602,0.16091333333333332,0.36000333333333334,44.76733333333333,0.07975333333333333,0.10412333333333336,76.50066666666666,0.0,0.03462666666666667,0.5833333333333334,0.025670000000000005,0.10058000000000003,0.2566666666666667,0.06216666666666666,0.0,0.5258299999999999,0.46841333333333335,0.07,0.30833333333333335,0.09008666666666666,0.22803,0.06428999999999999,0.16374999999999998,0.11024333333333333,0.08242,1.4533333333333334,0.02333333333333333,0.06566333333333332,34.412666666666674,0.15416333333333335,0.33175666666666664,46.63466666666666,0.09008666666666666,0.12459333333333335,72.30666666666666,0.0,0.029879999999999997,0.3766666666666667,0.038169999999999996,0.09816000000000001,0.41600000000000004,0.08242,0.0,0.5379066666666666
97,113,2002-01-08,1,1,2001-02,Golden State Warriors,Milwaukee Bucks,0,0.47454,0.04512333333333333,0.32099999999999995,0.10840999999999999,0.23429333333333335,0.08483666666666666,0.14945666666666665,0.09999333333333334,0.08800000000000001,1.2186666666666668,0.015043333333333336,0.04525,32.586666666666666,0.16049999999999995,0.36741333333333337,43.873333333333335,0.10840999999999999,0.1545866666666667,70.202,0.0,0.038833333333333324,0.4593333333333333,0.027543333333333333,0.10825666666666665,0.27133333333333337,0.08800000000000001,0.0,0.5039233333333333,0.4867100000000001,0.10537666666666669,0.3091666666666667,0.07216666666666667,0.22149666666666662,0.055959999999999996,0.16553666666666667,0.11154333333333333,0.07229333333333333,1.6740000000000002,0.03512333333333333,0.09287333333333335,38.535999999999994,0.15458,0.3160833333333333,48.89066666666666,0.07216666666666667,0.10240999999999997,70.22066666666666,0.0,0.041659999999999996,0.6126666666666665,0.02325,0.10245000000000001,0.2286666666666667,0.07229333333333333,0.0,0.56288
104,95,2002-01-08,1,1,2001-02,New Jersey Nets,Miami Heat,1,0.4850066666666667,0.08513333333333332,0.3214166666666667,0.07845999999999999,0.21579333333333334,0.06000333333333334,0.15578999999999998,0.13191666666666665,0.07046333333333334,2.0539999999999994,0.028366666666666665,0.08070333333333334,33.57066666666667,0.16071,0.3435800000000001,47.00733333333334,0.07845999999999999,0.11370333333333334,69.066,0.0,0.042243333333333334,0.6546666666666667,0.030000000000000006,0.10079666666666667,0.3173333333333333,0.07046333333333334,0.0,0.5640466666666666,0.4147000000000001,0.050243333333333334,0.28941666666666666,0.07504000000000001,0.20662666666666668,0.054549999999999994,0.15208999999999998,0.09482666666666667,0.07187,1.3999999999999997,0.016756666666666673,0.05162333333333334,32.629333333333335,0.1447033333333333,0.3356333333333333,43.28266666666666,0.07504000000000001,0.1087,69.74799999999999,0.0,0.030376666666666666,0.4746666666666666,0.030789999999999998,0.10705,0.302,0.07187,0.0,0.44600333333333336
92,121,2002-01-08,1,1,2001-02,Detroit Pistons,Los Angeles Lakers,0,0.45937666666666666,0.09575,0.2828333333333334,0.08079666666666667,0.18505,0.051953333333333324,0.13307666666666668,0.10245333333333334,0.07708666666666668,1.4,0.03191666666666667,0.09566333333333334,33.28133333333333,0.1414166666666667,0.2923733333333333,48.668666666666674,0.08079666666666667,0.10761666666666668,74.59466666666667,0.0,0.03766333333333334,0.5160000000000001,0.032209999999999996,0.11216333333333335,0.2953333333333334,0.07708666666666668,0.0,0.49812999999999996,0.49961999999999995,0.08962666666666666,0.327,0.08300333333333333,0.23233333333333336,0.07004,0.16229333333333332,0.11745666666666664,0.05862333333333335,2.2439999999999998,0.02987333333333333,0.09241999999999999,32.22933333333334,0.16350666666666666,0.3382933333333334,48.26066666666667,0.08300333333333333,0.12421333333333333,67.64999999999999,0.0,0.03375333333333333,0.6206666666666667,0.03579333333333334,0.10845333333333333,0.368,0.05862333333333335,0.0,0.5817999999999999
88,86,2002-01-08,1,1,2001-02,Houston Rockets,New York Knicks,1,0.4436266666666666,0.09037333333333333,0.2743333333333334,0.07891333333333334,0.2037433333333333,0.06629,0.13746,0.09196,0.07050333333333333,1.5499999999999998,0.030126666666666666,0.08733333333333332,33.34533333333333,0.1371666666666667,0.32021,43.01,0.07891333333333334,0.10488000000000001,75.20466666666668,0.0,0.03483666666666667,0.572,0.023083333333333338,0.08600000000000001,0.26333333333333336,0.07050333333333333,0.0,0.46054333333333325,0.46,0.07336666666666666,0.30416666666666664,0.08246000000000002,0.21633666666666668,0.05612333333333334,0.16019999999999998,0.10400000000000001,0.07211999999999999,1.5380000000000003,0.024466666666666668,0.07045333333333333,35.035333333333334,0.15208000000000002,0.3266633333333333,46.541333333333334,0.08246000000000002,0.10916666666666666,76.31066666666666,0.0,0.02967,0.42200000000000004,0.019366666666666667,0.11463000000000002,0.17666666666666667,0.07211999999999999,0.0,0.5099633333333334
90,109,2002-01-09,1,1,2001-02,Indiana Pacers,Los Angeles Lakers,0,0.4827933333333334,0.05800666666666666,0.33308333333333334,0.09171,0.21229333333333333,0.057746666666666675,0.15453999999999998,0.12408666666666666,0.07633666666666666,1.7906666666666666,0.01932666666666667,0.05708333333333335,33.84133333333333,0.16654333333333332,0.3522566666666666,47.726,0.09171,0.12454333333333335,73.94466666666666,0.0,0.039259999999999996,0.5673333333333334,0.02934,0.11025666666666666,0.2773333333333334,0.07633666666666666,0.0,0.5551233333333333,0.5002466666666667,0.09024999999999998,0.3281666666666666,0.08183666666666668,0.23237333333333335,0.06953999999999999,0.16283333333333336,0.11778999999999999,0.058206666666666664,2.31,0.030083333333333337,0.09333666666666665,32.094,0.16408999999999996,0.33970666666666666,48.223333333333336,0.08183666666666668,0.12162666666666667,68.18466666666667,0.0,0.033506666666666664,0.6233333333333333,0.035166666666666666,0.10878666666666664,0.358,0.058206666666666664,0.0,0.5822133333333332
91,102,2002-01-09,1,1,2001-02,Philadelphia 76ers,Orlando Magic,0,0.43898999999999994,0.03938,0.3155833333333333,0.08404333333333332,0.22654666666666667,0.066,0.16053333333333333,0.10308666666666665,0.08750333333333332,1.1986666666666668,0.013120000000000001,0.04345333333333333,29.782,0.1577933333333333,0.35029,45.339333333333336,0.08404333333333332,0.11183333333333333,75.33333333333331,0.0,0.03666666666666667,0.43600000000000005,0.02816,0.09584,0.3166666666666667,0.08750333333333332,0.0,0.49533333333333324,0.4867033333333334,0.11387,0.2876666666666666,0.08516333333333334,0.2130433333333333,0.06791333333333333,0.14512333333333333,0.10833333333333334,0.06863,1.678,0.037963333333333335,0.10617333333333336,35.986666666666665,0.14383999999999997,0.31179,46.46,0.08516333333333334,0.11179000000000001,75.60333333333332,0.0,0.035046666666666663,0.5466666666666666,0.02529,0.10217,0.25400000000000006,0.06863,0.0,0.5369966666666667
90,93,2002-01-09,1,1,2001-02,Boston Celtics,San Antonio Spurs,0,0.47607999999999995,0.11499999999999999,0.26466666666666666,0.09642333333333332,0.22312,0.06345666666666668,0.15967333333333328,0.10567000000000001,0.06849666666666666,1.6733333333333333,0.03833333333333333,0.11400666666666666,34.162000000000006,0.13233333333333333,0.3045366666666667,43.71533333333334,0.09642333333333332,0.1257933333333333,76.10333333333332,0.0,0.05275333333333333,0.8493333333333334,0.020586666666666666,0.10525000000000001,0.20666666666666664,0.06849666666666666,0.0,0.5324566666666667,0.5042000000000001,0.10063000000000001,0.301,0.10258333333333337,0.22020333333333336,0.05762333333333332,0.16258333333333336,0.10100666666666666,0.07657333333333334,1.3786666666666665,0.03353666666666667,0.08767333333333334,39.389333333333326,0.1505,0.3055066666666667,49.542,0.10258333333333337,0.14129333333333335,72.26600000000002,0.0,0.04116333333333333,0.5593333333333332,0.041093333333333336,0.09779333333333332,0.43533333333333335,0.07657333333333334,0.0,0.5832466666666668
111,87,2002-01-09,1,1,2001-02,Charlotte Hornets,Atlanta Hawks,1,0.4764966666666667,0.06587,0.32441666666666663,0.08619666666666667,0.21308333333333335,0.06433666666666667,0.14875333333333338,0.11696666666666668,0.06705,1.824,0.021963333333333335,0.06403666666666667,36.516,0.16221666666666668,0.3461266666666667,47.080666666666666,0.08619666666666667,0.11551,74.85066666666667,0.0,0.034256666666666664,0.528,0.02895,0.11008333333333332,0.26533333333333337,0.06705,0.0,0.54742,0.47829,0.07625333333333334,0.30750000000000005,0.09454666666666668,0.20087333333333332,0.058379999999999994,0.14250666666666667,0.10404666666666665,0.07045333333333333,1.5446666666666664,0.025413333333333333,0.07521,33.436,0.15374666666666664,0.3320866666666667,46.30466666666666,0.09454666666666668,0.12098666666666666,78.16799999999999,0.0,0.041416666666666664,0.6053333333333335,0.019453333333333336,0.10362666666666666,0.20533333333333334,0.07045333333333333,0.0,0.5190433333333334
111,106,2002-01-09,1,1,2001-02,Minnesota Timberwolves,Seattle SuperSonics,1,0.5098366666666666,0.06936666666666666,0.36950000000000005,0.07096,0.2285,0.07007999999999999,0.15842,0.13534,0.06674666666666666,2.2220000000000004,0.023133333333333336,0.0615,39.168666666666674,0.18475000000000003,0.38078999999999996,48.61866666666667,0.07096,0.08946333333333331,78.80333333333333,0.0,0.03591333333333334,0.5640000000000001,0.029743333333333337,0.10587333333333333,0.2906666666666667,0.06674666666666666,0.0,0.6196633333333335,0.49153666666666673,0.09462,0.3184166666666667,0.07850666666666666,0.2011233333333333,0.06320666666666666,0.13791000000000003,0.11720333333333333,0.06917333333333334,1.8760000000000001,0.03154666666666666,0.08200666666666666,38.750666666666675,0.1592033333333333,0.3298866666666667,48.35000000000001,0.07850666666666666,0.10574999999999998,73.94800000000002,0.0,0.036753333333333325,0.5739999999999998,0.019123333333333336,0.10558999999999999,0.1873333333333333,0.06917333333333334,0.0,0.54821
73,85,2002-01-09,1,1,2001-02,Chicago Bulls,Toronto Raptors,0,0.42849666666666664,0.049253333333333336,0.29458333333333336,0.08466333333333333,0.20562333333333335,0.05692333333333334,0.1487033333333333,0.11562000000000001,0.07587666666666666,1.7066666666666668,0.016413333333333332,0.04870333333333333,32.40933333333333,0.1472966666666667,0.3452133333333333,42.707333333333324,0.08466333333333333,0.11670333333333333,72.286,0.0,0.04058666666666667,0.5986666666666667,0.01979,0.09733666666666665,0.21933333333333335,0.07587666666666666,0.0,0.4719966666666666,0.4561266666666667,0.07850666666666667,0.31399999999999995,0.06361666666666665,0.21962666666666666,0.07087,0.14875333333333335,0.10783333333333331,0.06807999999999999,1.6486666666666667,0.026160000000000003,0.07691666666666667,35.174,0.15699333333333332,0.3494633333333334,44.78666666666667,0.06361666666666665,0.08795666666666667,70.45066666666666,0.0,0.04161666666666666,0.6379999999999999,0.03475333333333333,0.09874999999999999,0.37133333333333335,0.06807999999999999,0.0,0.5243399999999999
108,89,2002-01-10,1,1,2001-02,New Jersey Nets,Los Angeles Clippers,1,0.4830466666666667,0.08263333333333334,0.3216666666666666,0.07875333333333331,0.21366666666666664,0.059376666666666675,0.15428999999999998,0.13146000000000002,0.07004333333333333,2.0699999999999994,0.027533333333333337,0.07874666666666667,33.10666666666667,0.16083333333333333,0.3434133333333334,47.08733333333332,0.07875333333333331,0.11332999999999999,69.52,0.0,0.042199999999999994,0.6586666666666666,0.029500000000000002,0.10000333333333335,0.31466666666666665,0.07004333333333333,0.0,0.5614633333333335,0.46833,0.07024666666666667,0.307,0.09108666666666668,0.22827666666666666,0.06487666666666665,0.16341666666666665,0.11032666666666667,0.08145999999999999,1.4699999999999998,0.02342,0.06616333333333332,34.466,0.15349666666666667,0.3322133333333334,46.37133333333333,0.09108666666666668,0.12588333333333337,72.11333333333332,0.0,0.028966666666666658,0.36933333333333335,0.037630000000000004,0.09682666666666667,0.4126666666666667,0.08145999999999999,0.0,0.5358266666666666
96,102,2002-01-10,1,1,2001-02,Phoenix Suns,Memphis Grizzlies,0,0.49191666666666667,0.07362666666666666,0.3406666666666666,0.07762666666666666,0.21782666666666667,0.07133999999999999,0.14650000000000002,0.11345999999999999,0.06912000000000001,1.6846666666666665,0.024539999999999996,0.07500333333333334,32.406666666666666,0.17032999999999998,0.36633333333333334,46.648,0.07762666666666666,0.10116000000000001,77.27600000000001,0.0,0.04641333333333333,0.6813333333333332,0.027999999999999994,0.10733666666666668,0.2800000000000001,0.06912000000000001,0.0,0.5585033333333335,0.45020333333333334,0.07287333333333333,0.29175000000000006,0.08557666666666665,0.20232999999999998,0.058366666666666664,0.14395333333333332,0.10716,0.073,1.8980000000000001,0.024293333333333333,0.07729000000000001,30.84666666666667,0.14587666666666668,0.33642333333333335,43.63266666666666,0.08557666666666665,0.11442000000000001,73.16466666666666,0.0,0.047459999999999995,0.792,0.025836666666666664,0.09180333333333332,0.292,0.073,0.0,0.48762333333333335
83,79,2002-01-10,1,1,2001-02,Utah Jazz,Houston Rockets,1,0.48258000000000006,0.052496666666666664,0.31116666666666665,0.11891000000000002,0.21279000000000003,0.06887666666666668,0.14392000000000002,0.12354666666666667,0.08159000000000001,1.6099999999999999,0.017503333333333333,0.051163333333333325,35.91,0.15558333333333332,0.3343766666666667,46.660000000000004,0.11891000000000002,0.15125333333333332,78.44800000000001,0.0,0.04095666666666666,0.522,0.032209999999999996,0.1143,0.3026666666666667,0.08159000000000001,0.0,0.5657033333333333,0.44787999999999994,0.09137333333333332,0.2766666666666666,0.07983333333333333,0.20415666666666663,0.06745666666666668,0.13670666666666667,0.09250333333333334,0.06908333333333334,1.5886666666666664,0.030459999999999997,0.08783333333333333,33.458666666666666,0.1383333333333333,0.32137666666666664,43.193333333333335,0.07983333333333333,0.10637999999999999,75.13199999999999,0.0,0.034670000000000006,0.5773333333333334,0.02416666666666667,0.08629333333333333,0.276,0.06908333333333334,0.0,0.4673366666666666
111,89,2002-01-10,1,1,2001-02,Dallas Mavericks,New York Knicks,1,0.5341266666666666,0.11325333333333334,0.3195833333333333,0.10128666666666669,0.21041333333333334,0.05583,0.15458666666666668,0.11945666666666664,0.06083,2.088666666666667,0.03774666666666667,0.09783333333333336,38.77066666666666,0.15979000000000002,0.31920999999999994,50.044000000000004,0.10128666666666669,0.12738,78.62666666666665,0.0,0.032839999999999994,0.5626666666666668,0.021373333333333334,0.12253666666666667,0.18400000000000002,0.06083,0.0,0.6117866666666668,0.46054333333333336,0.07499333333333333,0.30233333333333334,0.08321,0.21675000000000003,0.056333333333333346,0.16041,0.10396,0.07216333333333333,1.5400000000000003,0.02500666666666667,0.07078666666666665,35.54600000000001,0.15116333333333332,0.3267866666666667,46.23533333333333,0.08321,0.10966666666666665,76.77066666666666,0.0,0.029753333333333333,0.42400000000000004,0.019533333333333337,0.1147533333333333,0.17733333333333334,0.07216333333333333,0.0,0.5105066666666667
85,92,2002-01-10,1,1,2001-02,Miami Heat,Portland Trail Blazers,0,0.4157800000000001,0.04812000000000001,0.29250000000000004,0.07516333333333333,0.20841666666666667,0.054340000000000006,0.15409,0.09549333333333336,0.07282999999999999,1.3866666666666665,0.016046666666666667,0.05108000000000001,31.861333333333334,0.1462466666666666,0.33684,43.59533333333333,0.07516333333333333,0.10874000000000003,69.71933333333332,0.0,0.03113,0.4793333333333333,0.031039999999999995,0.10779999999999998,0.302,0.07282999999999999,0.0,0.4498366666666667,0.46488000000000007,0.06775,0.30866666666666664,0.08846,0.20679,0.06520666666666665,0.14159,0.11359000000000001,0.07329666666666666,1.8146666666666669,0.022583333333333334,0.06283666666666667,33.242666666666665,0.15433,0.32920999999999995,46.716,0.08846,0.11691333333333334,75.11333333333332,0.0,0.03704333333333334,0.5633333333333334,0.02291333333333333,0.09729333333333333,0.23666666666666666,0.07329666666666666,0.0,0.5283333333333333
96,91,2002-01-10,1,1,2001-02,Denver Nuggets,Cleveland Cavaliers,1,0.45908,0.10049333333333334,0.2931666666666667,0.06541666666666666,0.21654333333333334,0.07220333333333333,0.14433,0.11471333333333335,0.07075000000000001,1.7126666666666666,0.033506666666666664,0.10279333333333332,32.744666666666674,0.14658333333333334,0.3357433333333333,43.61466666666666,0.06541666666666666,0.08720666666666668,74.27866666666667,0.0,0.03683,0.5279999999999999,0.03574666666666667,0.10908000000000001,0.3366666666666667,0.07075000000000001,0.0,0.5119166666666666,0.4749999999999999,0.08125666666666666,0.3060833333333334,0.08766333333333334,0.20545333333333335,0.05321666666666666,0.1522466666666667,0.11821333333333332,0.07116666666666666,1.7133333333333334,0.027076666666666676,0.07320666666666667,38.114,0.15304,0.32549333333333336,47.09799999999999,0.08766333333333334,0.10991666666666668,79.53933333333335,0.0,0.03750333333333333,0.5426666666666667,0.0385,0.09884000000000001,0.4086666666666667,0.07116666666666666,0.0,0.5626700000000001
120,102,2002-01-11,1,1,2001-02,Minnesota Timberwolves,Los Angeles Lakers,1,0.51092,0.07186666666666668,0.3677500000000001,0.07129333333333333,0.22896,0.06912333333333334,0.15983333333333336,0.13508666666666666,0.06608,2.241333333333334,0.02396666666666667,0.06304333333333334,39.34066666666668,0.18387333333333336,0.3774566666666666,48.806000000000004,0.07129333333333333,0.09025666666666667,78.48133333333334,0.0,0.03524666666666667,0.558,0.02932666666666667,0.10491333333333333,0.29000000000000004,0.06608,0.0,0.62183,0.5006200000000001,0.09112666666666665,0.3285833333333333,0.08091666666666668,0.23191333333333336,0.06899999999999999,0.16291666666666668,0.11745666666666668,0.05762666666666667,2.3826666666666663,0.03037333333333334,0.09396,32.19866666666666,0.1643,0.34053999999999995,48.15800000000001,0.08091666666666668,0.11971000000000001,68.54333333333334,0.0,0.03325666666666667,0.6279999999999999,0.034210000000000004,0.10928666666666667,0.34400000000000003,0.05762666666666667,0.0,0.5812133333333332
84,92,2002-01-11,1,1,2001-02,Orlando Magic,Portland Trail Blazers,0,0.4837033333333334,0.11324333333333335,0.2851666666666667,0.08528666666666668,0.2128766666666667,0.06832999999999999,0.14454,0.10837666666666666,0.06900666666666666,1.666666666666667,0.03775666666666667,0.10667333333333334,35.506,0.14259000000000002,0.31054333333333334,46.20933333333333,0.08528666666666668,0.11179,75.67266666666667,0.0,0.03479666666666666,0.5386666666666665,0.024583333333333332,0.10229333333333333,0.24533333333333338,0.06900666666666666,0.0,0.5319566666666666,0.46371333333333337,0.06787333333333333,0.30874999999999997,0.08708666666666669,0.2064966666666667,0.06503999999999999,0.14146333333333333,0.11354666666666667,0.07334,1.81,0.02262666666666667,0.06325333333333334,33.19266666666667,0.15437333333333333,0.32941666666666675,46.696,0.08708666666666669,0.11529000000000002,74.67733333333332,0.0,0.037250000000000005,0.5653333333333334,0.023166666666666662,0.09737999999999998,0.24133333333333334,0.07334,0.0,0.5269600000000001
101,84,2002-01-11,1,1,2001-02,Philadelphia 76ers,San Antonio Spurs,1,0.4416999999999999,0.03937999999999999,0.3174166666666667,0.08491666666666667,0.22579666666666667,0.06533333333333333,0.16044999999999998,0.10375333333333334,0.08700333333333334,1.218,0.013119999999999998,0.04278666666666666,30.017333333333333,0.15871000000000002,0.35091333333333335,45.49733333333333,0.08491666666666667,0.11316666666666668,75.27733333333332,0.0,0.037000000000000005,0.44333333333333336,0.027453333333333337,0.09588333333333332,0.3086666666666667,0.08700333333333334,0.0,0.49858333333333327,0.5025766666666668,0.09863000000000001,0.30141666666666667,0.10254000000000002,0.21895333333333336,0.057789999999999994,0.16116666666666665,0.09992666666666666,0.07640666666666668,1.3599999999999999,0.03287,0.08738,38.952666666666666,0.15070666666666666,0.30550666666666676,49.586666666666666,0.10254000000000002,0.14170999999999997,71.90066666666667,0.0,0.041409999999999995,0.5613333333333332,0.041093333333333336,0.09800333333333332,0.43533333333333335,0.07640666666666668,0.0,0.5790799999999999
