placar_casa,placar_visitante,data,round,stage,ano,equipe_casa,equipe_visitante,resultado,Pts_casa,3P_casa,2P_casa,LL_casa,RT_casa,RO_casa,RD_casa,AS_casa,ER_casa,IA%_casa,3PC_casa,3PT_casa,3P%_casa,2PC_casa,2PT_casa,2P%_casa,LLC_casa,LLT_casa,LL%_casa,EN_casa,BR_casa,B/E_casa,TO_casa,FC_casa,T/FC_casa,ET_casa,VI_casa,EF_casa,Pts_visitante,3P_visitante,2P_visitante,LL_visitante,RT_visitante,RO_visitante,RD_visitante,AS_visitante,ER_visitante,IA%_visitante,3PC_visitante,3PT_visitante,3P%_visitante,2PC_visitante,2PT_visitante,2P%_visitante,LLC_visitante,LLT_visitante,LL%_visitante,EN_visitante,BR_visitante,B/E_visitante,TO_visitante,FC_visitante,T/FC_visitante,ET_visitante,VI_visitante,EF_visitante
114,69,2002-10-31,1,1,2002-03,Washington Wizards,Boston Celtics,1,0.0,0.0,0.0,0.0,0.0,0.0,0.0,0.0,0.0,0.0,0.0,0.0,0.0,0.0,0.0,0.0,0.0,0.0,0.0,0.0,0.0,0.0,0.0,0.0,0.0,0.0,0.0,0.0,0.0,0.0,0.0,0.0,0.0,0.0,0.0,0.0,0.0,0.0,0.0,0.0,0.0,0.0,0.0,0.0,0.0,0.0,0.0,0.0,0.0,0.0,0.0,0.0,0.0,0.0,0.0,0.0
100,72,2002-10-31,1,1,2002-03,Sacramento Kings,Portland Trail Blazers,1,0.0,0.0,0.0,0.0,0.0,0.0,0.0,0.0,0.0,0.0,0.0,0.0,0.0,0.0,0.0,0.0,0.0,0.0,0.0,0.0,0.0,0.0,0.0,0.0,0.0,0.0,0.0,0.0,0.0,0.0,0.0,0.0,0.0,0.0,0.0,0.0,0.0,0.0,0.0,0.0,0.0,0.0,0.0,0.0,0.0,0.0,0.0,0.0,0.0,0.0,0.0,0.0,0.0,0.0,0.0,0.0
105,98,2002-10-31,1,1,2002-03,Atlanta Hawks,Utah Jazz,1,0.0,0.0,0.0,0.0,0.0,0.0,0.0,0.0,0.0,0.0,0.0,0.0,0.0,0.0,0.0,0.0,0.0,0.0,0.0,0.0,0.0,0.0,0.0,0.0,0.0,0.0,0.0,0.0,0.0,0.0,0.0,0.0,0.0,0.0,0.0,0.0,0.0,0.0,0.0,0.0,0.0,0.0,0.0,0.0,0.0,0.0,0.0,0.0,0.0,0.0,0.0,0.0,0.0,0.0,0.0,0.0
111,105,2002-11-01,1,1,2002-03,Minnesota Timberwolves,Orlando Magic,1,0.0,0.0,0.0,0.0,0.0,0.0,0.0,0.0,0.0,0.0,0.0,0.0,0.0,0.0,0.0,0.0,0.0,0.0,0.0,0.0,0.0,0.0,0.0,0.0,0.0,0.0,0.0,0.0,0.0,0.0,0.0,0.0,0.0,0.0,0.0,0.0,0.0,0.0,0.0,0.0,0.0,0.0,0.0,0.0,0.0,0.0,0.0,0.0,0.0,0.0,0.0,0.0,0.0,0.0,0.0,0.0
102,91,2002-11-01,1,1,2002-03,New Jersey Nets,Indiana Pacers,1,0.0,0.0,0.0,0.0,0.0,0.0,0.0,0.0,0.0,0.0,0.0,0.0,0.0,0.0,0.0,0.0,0.0,0.0,0.0,0.0,0.0,0.0,0.0,0.0,0.0,0.0,0.0,0.0,0.0,0.0,0.0,0.0,0.0,0.0,0.0,0.0,0.0,0.0,0.0,0.0,0.0,0.0,0.0,0.0,0.0,0.0,0.0,0.0,0.0,0.0,0.0,0.0,0.0,0.0,0.0,0.0
98,86,2002-11-01,1,1,2002-03,Philadelphia 76ers,New York Knicks,1,0.0,0.0,0.0,0.0,0.0,0.0,0.0,0.0,0.0,0.0,0.0,0.0,0.0,0.0,0.0,0.0,0.0,0.0,0.0,0.0,0.0,0.0,0.0,0.0,0.0,0.0,0.0,0.0,0.0,0.0,0.0,0.0,0.0,0.0,0.0,0.0,0.0,0.0,0.0,0.0,0.0,0.0,0.0,0.0,0.0,0.0,0.0,0.0,0.0,0.0,0.0,0.0,0.0,0.0,0.0,0.0
78,74,2002-11-01,1,1,2002-03,Phoenix Suns,Cleveland Cavaliers,1,0.0,0.0,0.0,0.0,0.0,0.0,0.0,0.0,0.0,0.0,0.0,0.0,0.0,0.0,0.0,0.0,0.0,0.0,0.0,0.0,0.0,0.0,0.0,0.0,0.0,0.0,0.0,0.0,0.0,0.0,0.0,0.0,0.0,0.0,0.0,0.0,0.0,0.0,0.0,0.0,0.0,0.0,0.0,0.0,0.0,0.0,0.0,0.0,0.0,0.0,0.0,0.0,0.0,0.0,0.0,0.0
91,72,2002-11-01,1,1,2002-03,San Antonio Spurs,Toronto Raptors,1,0.0,0.0,0.0,0.0,0.0,0.0,0.0,0.0,0.0,0.0,0.0,0.0,0.0,0.0,0.0,0.0,0.0,0.0,0.0,0.0,0.0,0.0,0.0,0.0,0.0,0.0,0.0,0.0,0.0,0.0,0.0,0.0,0.0,0.0,0.0,0.0,0.0,0.0,0.0,0.0,0.0,0.0,0.0,0.0,0.0,0.0,0.0,0.0,0.0,0.0,0.0,0.0,0.0,0.0,0.0,0.0
84,79,2002-11-01,1,1,2002-03,Chicago Bulls,New Orleans Hornets,1,0.0,0.0,0.0,0.0,0.0,0.0,0.0,0.0,0.0,0.0,0.0,0.0,0.0,0.0,0.0,0.0,0.0,0.0,0.0,0.0,0.0,0.0,0.0,0.0,0.0,0.0,0.0,0.0,0.0,0.0,0.0,0.0,0.0,0.0,0.0,0.0,0.0,0.0,0.0,0.0,0.0,0.0,0.0,0.0,0.0,0.0,0.0,0.0,0.0,0.0,0.0,0.0,0.0,0.0,0.0,0.0
74,83,2002-11-01,1,1,2002-03,Denver Nuggets,Houston Rockets,0,0.0,0.0,0.0,0.0,0.0,0.0,0.0,0.0,0.0,0.0,0.0,0.0,0.0,0.0,0.0,0.0,0.0,0.0,0.0,0.0,0.0,0.0,0.0,0.0,0.0,0.0,0.0,0.0,0.0,0.0,0.0,0.0,0.0,0.0,0.0,0.0,0.0,0.0,0.0,0.0,0.0,0.0,0.0,0.0,0.0,0.0,0.0,0.0,0.0,0.0,0.0,0.0,0.0,0.0,0.0,0.0
93,106,2002-11-01,1,1,2002-03,Golden State Warriors,Seattle SuperSonics,0,0.0,0.0,0.0,0.0,0.0,0.0,0.0,0.0,0.0,0.0,0.0,0.0,0.0,0.0,0.0,0.0,0.0,0.0,0.0,0.0,0.0,0.0,0.0,0.0,0.0,0.0,0.0,0.0,0.0,0.0,0.0,0.0,0.0,0.0,0.0,0.0,0.0,0.0,0.0,0.0,0.0,0.0,0.0,0.0,0.0,0.0,0.0,0.0,0.0,0.0,0.0,0.0,0.0,0.0,0.0,0.0
93,108,2002-11-01,1,1,2002-03,Los Angeles Clippers,Los Angeles Lakers,0,0.0,0.0,0.0,0.0,0.0,0.0,0.0,0.0,0.0,0.0,0.0,0.0,0.0,0.0,0.0,0.0,0.0,0.0,0.0,0.0,0.0,0.0,0.0,0.0,0.0,0.0,0.0,0.0,0.0,0.0,0.0,0.0,0.0,0.0,0.0,0.0,0.0,0.0,0.0,0.0,0.0,0.0,0.0,0.0,0.0,0.0,0.0,0.0,0.0,0.0,0.0,0.0,0.0,0.0,0.0,0.0
109,86,2002-11-01,1,1,2002-03,Detroit Pistons,Memphis Grizzlies,1,0.0,0.0,0.0,0.0,0.0,0.0,0.0,0.0,0.0,0.0,0.0,0.0,0.0,0.0,0.0,0.0,0.0,0.0,0.0,0.0,0.0,0.0,0.0,0.0,0.0,0.0,0.0,0.0,0.0,0.0,0.0,0.0,0.0,0.0,0.0,0.0,0.0,0.0,0.0,0.0,0.0,0.0,0.0,0.0,0.0,0.0,0.0,0.0,0.0,0.0,0.0,0.0,0.0,0.0,0.0,0.0
97,83,2002-11-02,1,1,2002-03,Dallas Mavericks,Phoenix Suns,1,0.0,0.0,0.0,0.0,0.0,0.0,0.0,0.0,0.0,0.0,0.0,0.0,0.0,0.0,0.0,0.0,0.0,0.0,0.0,0.0,0.0,0.0,0.0,0.0,0.0,0.0,0.0,0.0,0.365,0.0,0.33,0.035,0.23,0.075,0.155,0.075,0.09,0.83,0.0,0.05,0.0,0.165,0.375,44.0,0.035,0.035,100.0,0.0,0.015,0.17,0.015,0.105,0.14,0.09,0.0,0.35
79,87,2002-11-02,1,1,2002-03,Washington Wizards,New Jersey Nets,0,0.34,0.03,0.22,0.09,0.245,0.07,0.175,0.07,0.065,1.08,0.01,0.035,28.6,0.11,0.37,29.73,0.09,0.125,72.0,0.0,0.04,0.62,0.03,0.125,0.24,0.065,0.0,0.34,0.525,0.045,0.37,0.11,0.235,0.085,0.15,0.11,0.095,1.16,0.015,0.045,33.3,0.185,0.39,47.44,0.11,0.14,78.6,0.0,0.045,0.47,0.07,0.095,0.74,0.095,0.0,0.625
99,116,2002-11-02,1,1,2002-03,Memphis Grizzlies,Sacramento Kings,0,0.54,0.075,0.38,0.085,0.2,0.03,0.17,0.14,0.105,1.33,0.025,0.105,23.8,0.19,0.28,67.86,0.085,0.16,53.1,0.0,0.045,0.43,0.015,0.09,0.17,0.105,0.0,0.59,0.47,0.09,0.3,0.08,0.24,0.075,0.165,0.105,0.1,1.05,0.03,0.075,40.0,0.15,0.325,46.15,0.08,0.115,69.6,0.0,0.06,0.6,0.05,0.095,0.53,0.1,0.0,0.57
101,92,2002-11-02,1,1,2002-03,Utah Jazz,Golden State Warriors,1,0.375,0.0,0.29,0.085,0.215,0.075,0.14,0.085,0.1,0.85,0.0,0.015,0.0,0.145,0.35,41.43,0.085,0.135,63.0,0.0,0.02,0.2,0.01,0.125,0.08,0.1,0.0,0.335,0.53,0.075,0.35,0.105,0.23,0.09,0.14,0.125,0.09,1.39,0.025,0.045,55.6,0.175,0.37,47.3,0.105,0.13,80.8,0.0,0.035,0.39,0.05,0.12,0.42,0.09,0.0,0.64
100,95,2002-11-02,1,1,2002-03,New Orleans Hornets,Miami Heat,1,0.5,0.09,0.29,0.12,0.205,0.08,0.125,0.11,0.06,1.83,0.03,0.05,60.0,0.145,0.35,41.43,0.12,0.165,72.7,0.0,0.06,1.0,0.015,0.13,0.12,0.06,0.0,0.56,0.0,0.0,0.0,0.0,0.0,0.0,0.0,0.0,0.0,0.0,0.0,0.0,0.0,0.0,0.0,0.0,0.0,0.0,0.0,0.0,0.0,0.0,0.0,0.0,0.0,0.0,0.0,0.0
88,76,2002-11-02,1,1,2002-03,Houston Rockets,Toronto Raptors,1,0.41,0.045,0.27,0.095,0.25,0.08,0.17,0.045,0.09,0.5,0.015,0.035,42.9,0.135,0.37,36.49,0.095,0.13,73.1,0.0,0.04,0.44,0.04,0.105,0.38,0.09,0.0,0.405,0.37,0.045,0.24,0.085,0.265,0.065,0.2,0.1,0.1,1.0,0.015,0.075,20.0,0.12,0.305,39.34,0.085,0.125,68.0,0.0,0.04,0.4,0.02,0.12,0.17,0.1,0.0,0.41
79,96,2002-11-02,1,1,2002-03,Portland Trail Blazers,Denver Nuggets,0,0.51,0.06,0.35,0.1,0.23,0.095,0.135,0.115,0.075,1.53,0.02,0.04,50.0,0.175,0.385,45.45,0.1,0.15,66.7,0.0,0.07,0.93,0.015,0.1,0.15,0.075,0.0,0.585,0.385,0.075,0.26,0.05,0.24,0.065,0.175,0.095,0.115,0.83,0.025,0.095,26.3,0.13,0.295,44.07,0.05,0.085,58.8,0.0,0.025,0.22,0.02,0.11,0.18,0.115,0.0,0.38
98,92,2002-11-02,1,1,2002-03,Atlanta Hawks,Chicago Bulls,1,0.47,0.075,0.32,0.075,0.17,0.055,0.115,0.095,0.11,0.86,0.025,0.08,31.3,0.16,0.34,47.06,0.075,0.105,71.4,0.0,0.07,0.64,0.065,0.115,0.57,0.11,0.0,0.495,0.495,0.09,0.33,0.075,0.235,0.06,0.175,0.145,0.09,1.61,0.03,0.08,37.5,0.165,0.31,53.23,0.075,0.125,60.0,0.0,0.03,0.33,0.025,0.095,0.26,0.09,0.0,0.595
87,80,2002-11-02,1,1,2002-03,Indiana Pacers,Minnesota Timberwolves,1,0.455,0.06,0.32,0.075,0.25,0.09,0.16,0.09,0.085,1.06,0.02,0.045,44.4,0.16,0.38,42.11,0.075,0.135,55.6,0.0,0.065,0.76,0.03,0.135,0.22,0.085,0.0,0.5,0.415,0.06,0.3,0.055,0.185,0.03,0.155,0.11,0.08,1.38,0.02,0.05,40.0,0.15,0.36,41.67,0.055,0.085,64.7,0.0,0.045,0.56,0.025,0.095,0.26,0.08,0.0,0.43
107,117,2002-11-02,1,1,2002-03,New York Knicks,Boston Celtics,0,0.385,0.045,0.28,0.06,0.165,0.045,0.12,0.085,0.055,1.55,0.015,0.06,25.0,0.14,0.35,40.0,0.06,0.08,75.0,0.0,0.05,0.91,0.02,0.145,0.14,0.055,0.0,0.375,0.48,0.12,0.28,0.08,0.185,0.035,0.15,0.125,0.085,1.47,0.04,0.12,33.3,0.14,0.265,52.83,0.08,0.115,69.6,0.0,0.04,0.47,0.0,0.115,0.0,0.085,0.0,0.505
90,100,2002-11-02,1,1,2002-03,Milwaukee Bucks,Orlando Magic,0,0.0,0.0,0.0,0.0,0.0,0.0,0.0,0.0,0.0,0.0,0.0,0.0,0.0,0.0,0.0,0.0,0.0,0.0,0.0,0.0,0.0,0.0,0.0,0.0,0.0,0.0,0.0,0.0,0.4875,0.105,0.305,0.0775,0.1925,0.0425,0.15,0.115,0.08,1.45,0.035,0.075,50.0,0.1525,0.305,50.08,0.0775,0.1075,72.0,0.0,0.0225,0.28,0.025,0.1125,0.21,0.08,0.0,0.54
74,72,2002-11-03,1,1,2002-03,Los Angeles Clippers,Detroit Pistons,1,0.48,0.075,0.33,0.075,0.195,0.055,0.14,0.11,0.085,1.29,0.025,0.065,38.5,0.165,0.31,53.23,0.075,0.105,71.4,0.0,0.02,0.24,0.045,0.115,0.39,0.085,0.0,0.55,0.43,0.075,0.22,0.135,0.25,0.07,0.18,0.075,0.105,0.71,0.025,0.09,27.8,0.11,0.25,44.0,0.135,0.165,81.8,0.0,0.025,0.24,0.03,0.125,0.24,0.105,0.0,0.47
91,77,2002-11-03,1,1,2002-03,Seattle SuperSonics,Utah Jazz,1,0.43,0.09,0.28,0.06,0.18,0.05,0.13,0.11,0.075,1.47,0.03,0.065,46.2,0.14,0.305,45.9,0.06,0.1,60.0,0.0,0.05,0.67,0.04,0.095,0.42,0.075,0.0,0.495,0.40375,0.015,0.29,0.09875,0.20625,0.07375,0.1325,0.0925,0.10125,0.9099999999999999,0.005,0.02375,10.0,0.145,0.34625,41.894999999999996,0.09875,0.14250000000000002,68.45,0.0,0.03,0.29500000000000004,0.01125,0.125,0.09,0.10125,0.0,0.37875000000000003
98,95,2002-11-03,1,1,2002-03,Los Angeles Lakers,Portland Trail Blazers,1,0.43,0.075,0.26,0.095,0.2225,0.08,0.1425,0.1,0.0925,1.08,0.025,0.085,29.7,0.13,0.34,38.63,0.095,0.1175,81.2,0.0,0.045,0.49,0.0275,0.1375,0.22,0.0925,0.0,0.44,0.47250000000000003,0.0525,0.33499999999999996,0.085,0.22375,0.08625,0.1375,0.11125,0.07625,1.46,0.0175,0.045,41.675,0.16749999999999998,0.38,44.02,0.085,0.135,61.125,0.0,0.058750000000000004,0.775,0.01625,0.10500000000000001,0.155,0.07625,0.0,0.51625
88,78,2002-11-03,1,1,2002-03,Miami Heat,Sacramento Kings,1,0.43,0.015,0.35,0.065,0.17,0.04,0.13,0.1,0.055,1.82,0.005,0.025,20.0,0.175,0.365,47.95,0.065,0.085,76.5,0.0,0.02,0.36,0.03,0.085,0.35,0.055,0.0,0.465,0.4775,0.08625,0.305,0.08625,0.23625000000000002,0.06625,0.16999999999999998,0.105,0.08625,1.37,0.028749999999999998,0.07625,37.825,0.1525,0.32625000000000004,46.735,0.08625,0.12,71.65,0.0,0.0525,0.615,0.04375,0.0975,0.455,0.08625,0.0,0.57375
106,82,2002-11-04,1,1,2002-03,New Jersey Nets,Minnesota Timberwolves,1,0.52125,0.045,0.3575,0.11875,0.235,0.07875,0.15625,0.1075,0.09125,1.18,0.015,0.04625,32.474999999999994,0.17875,0.37875000000000003,47.175,0.11875,0.15375,77.55,0.0,0.0375,0.4,0.0625,0.10500000000000001,0.63,0.09125,0.0,0.60625,0.44999999999999996,0.07125000000000001,0.3025,0.07625,0.20375,0.04,0.16375,0.11499999999999999,0.0775,1.5,0.02375,0.05,47.5,0.15125,0.3675,41.19,0.07625,0.11000000000000001,67.45,0.0,0.041249999999999995,0.53,0.02375,0.11375,0.225,0.0775,0.0,0.48
88,97,2002-11-04,1,1,2002-03,New York Knicks,Milwaukee Bucks,0,0.39625,0.045,0.2875,0.06375,0.17375000000000002,0.04375,0.13,0.09625,0.06625,1.4849999999999999,0.015,0.0625,24.1,0.14375,0.34875,41.230000000000004,0.06375,0.08499999999999999,75.0,0.0,0.05,0.8049999999999999,0.025,0.15,0.165,0.06625,0.0,0.40125,0.465,0.15,0.22,0.095,0.175,0.03,0.145,0.095,0.085,1.12,0.05,0.12,41.7,0.11,0.275,40.0,0.095,0.115,82.6,0.0,0.055,0.65,0.03,0.125,0.24,0.085,0.0,0.48
82,84,2002-11-04,1,1,2002-03,Phoenix Suns,Detroit Pistons,0,0.37124999999999997,0.00375,0.32,0.0475,0.23875000000000002,0.08,0.15875,0.08124999999999999,0.08875,0.915,0.00125,0.04375,5.0,0.16,0.3875,41.53,0.0475,0.055,93.475,0.0,0.021249999999999998,0.245,0.0175,0.10625,0.165,0.08875,0.0,0.36375,0.45875,0.08625,0.245,0.1275,0.23875000000000002,0.060000000000000005,0.17875,0.0925,0.0975,1.0150000000000001,0.02875,0.08625,34.175,0.1225,0.2625,46.335,0.1275,0.1575,80.8,0.0,0.026250000000000002,0.28,0.0275,0.13,0.215,0.0975,0.0,0.51875
107,100,2002-11-04,1,1,2002-03,Dallas Mavericks,Golden State Warriors,1,0.595,0.15,0.37,0.075,0.23,0.065,0.165,0.16,0.07,2.29,0.05,0.12,41.7,0.185,0.355,52.11,0.075,0.1,75.0,0.0,0.055,0.79,0.015,0.125,0.12,0.07,0.0,0.72,0.51375,0.06,0.35,0.10375,0.24125000000000002,0.09375,0.14750000000000002,0.125,0.09375,1.3399999999999999,0.02,0.04625,44.2,0.175,0.37,47.3,0.10375,0.13375,77.85,0.0,0.03375,0.365,0.051250000000000004,0.11875,0.435,0.09375,0.0,0.62
109,105,2002-11-04,1,1,2002-03,Toronto Raptors,Chicago Bulls,1,0.3675,0.0525,0.22999999999999998,0.085,0.255,0.06875,0.18625,0.08625,0.10500000000000001,0.845,0.0175,0.07250000000000001,24.625,0.11499999999999999,0.31375,36.86,0.085,0.1225,69.475,0.0,0.04,0.385,0.018750000000000003,0.12625,0.15500000000000003,0.10500000000000001,0.0,0.37124999999999997,0.47625,0.07875,0.3225,0.075,0.22749999999999998,0.06,0.16749999999999998,0.1325,0.095,1.425,0.02625,0.06875,38.85,0.16125,0.31125,51.825,0.075,0.12375,60.625,0.0,0.03125,0.33,0.02125,0.10250000000000001,0.21500000000000002,0.095,0.0,0.5525
101,103,2002-11-04,1,1,2002-03,Memphis Grizzlies,San Antonio Spurs,0,0.5125,0.06375,0.3625,0.08625,0.19125,0.03,0.16125,0.12375,0.1,1.2200000000000002,0.02125,0.08374999999999999,30.35,0.18125,0.29875,61.81,0.08625,0.14625,61.25,0.0,0.041249999999999995,0.41000000000000003,0.0175,0.095,0.185,0.1,0.0,0.5462499999999999,0.4625,0.0675,0.29,0.105,0.235,0.0825,0.1525,0.1,0.0975,1.03,0.0225,0.07,31.65,0.145,0.325,44.21,0.105,0.165,59.8,0.0,0.0625,0.64,0.0425,0.1175,0.35,0.0975,0.0,0.5175
97,104,2002-11-05,1,1,2002-03,Houston Rockets,Seattle SuperSonics,0,0.41125,0.04875,0.2625,0.1,0.24625,0.0775,0.16875,0.055,0.09125,0.6,0.01625,0.03875000000000001,42.175,0.13125,0.3575,36.74,0.1,0.1325,75.35,0.0,0.036250000000000004,0.395,0.04625,0.10375,0.45,0.09125,0.0,0.4225,0.45499999999999996,0.0975,0.28500000000000003,0.07250000000000001,0.1875,0.058750000000000004,0.12875,0.11624999999999999,0.07375,1.585,0.0325,0.065,50.025000000000006,0.14250000000000002,0.3175,44.989999999999995,0.07250000000000001,0.11125,63.975,0.0,0.052500000000000005,0.7150000000000001,0.03375,0.10375000000000001,0.345,0.07375,0.0,0.525
87,103,2002-11-05,1,1,2002-03,Denver Nuggets,Atlanta Hawks,0,0.38125,0.0675,0.2625,0.051250000000000004,0.23125,0.06375,0.16749999999999998,0.0975,0.10250000000000001,1.025,0.0225,0.08374999999999999,27.225,0.13125,0.31375,42.175,0.051250000000000004,0.0825,62.425,0.0,0.02875,0.32,0.026250000000000002,0.11125,0.235,0.10250000000000001,0.0,0.3875,0.48375,0.0675,0.33,0.08625,0.17625000000000002,0.05625,0.12,0.10375000000000001,0.11125,0.9299999999999999,0.0225,0.0775,28.825000000000003,0.165,0.3325,49.81,0.08625,0.11624999999999999,73.55000000000001,0.0,0.06375,0.575,0.05625,0.12,0.48,0.11125,0.0,0.52
93,73,2002-11-05,1,1,2002-03,San Antonio Spurs,Golden State Warriors,1,0.46125000000000005,0.06125,0.295,0.105,0.235825,0.07875,0.157075,0.09417500000000001,0.09625,0.98,0.020425,0.068325,29.16,0.1475,0.323325,45.31,0.105,0.16417500000000002,60.765,0.0,0.059575,0.615,0.042075,0.117925,0.35,0.09625,0.0,0.5137499999999999,0.5041666666666668,0.06166666666666667,0.3333333333333333,0.10916666666666668,0.24083333333333334,0.09083333333333334,0.15000000000000002,0.11888333333333334,0.09416666666666666,1.2666666666666666,0.02055,0.050833333333333335,41.333333333333336,0.16666666666666666,0.35945,46.083333333333336,0.10916666666666668,0.14083333333333334,77.61,0.0,0.03305,0.3566666666666667,0.05083333333333334,0.12028333333333334,0.4266666666666667,0.09416666666666666,0.0,0.5988833333333333
89,70,2002-11-05,1,1,2002-03,Cleveland Cavaliers,Los Angeles Lakers,1,0.4125,0.0075,0.31,0.095,0.2325,0.09,0.1425,0.0875,0.09,1.17,0.0025,0.0125,12.5,0.155,0.405,38.14,0.095,0.1425,65.15,0.0,0.0425,0.56,0.025,0.0975,0.26,0.09,0.0,0.4025,0.448325,0.08,0.27,0.098325,0.220425,0.0775,0.142925,0.105825,0.08707499999999999,1.275,0.026675,0.0875,30.585,0.135,0.3375,40.394999999999996,0.098325,0.11957499999999999,82.41499999999999,0.0,0.045825,0.5449999999999999,0.027925,0.13375,0.225,0.08707499999999999,0.0,0.47667499999999996
90,86,2002-11-05,1,1,2002-03,Minnesota Timberwolves,Washington Wizards,1,0.45221666666666666,0.0675,0.30055,0.08416666666666667,0.20861666666666667,0.04555,0.16305,0.11055,0.075,1.4799999999999998,0.022500000000000003,0.047216666666666664,46.10999999999999,0.15028333333333332,0.37055,40.6,0.08416666666666667,0.11833333333333335,69.21,0.0,0.03861666666666666,0.51,0.023616666666666664,0.11971666666666665,0.21333333333333335,0.075,0.0,0.47945,0.3975,0.0375,0.2625,0.0975,0.2575,0.07125000000000001,0.18625,0.08625,0.06875,1.23,0.0125,0.0425,29.15,0.13125,0.36375,36.43,0.0975,0.12875,75.425,0.0,0.04,0.5900000000000001,0.03125,0.1175,0.27,0.06875,0.0,0.45000000000000007
79,83,2002-11-05,1,1,2002-03,Miami Heat,Indiana Pacers,0,0.44125000000000003,0.0225,0.345,0.07375000000000001,0.1875,0.052500000000000005,0.135,0.1,0.057499999999999996,1.75,0.0075,0.0325,21.825,0.1725,0.3625,47.58,0.07375000000000001,0.09625,76.6,0.0,0.02,0.35,0.025,0.10250000000000001,0.27999999999999997,0.057499999999999996,0.0,0.47875,0.455,0.0525,0.3175,0.08499999999999999,0.235,0.07875,0.15625,0.0925,0.08125,1.15,0.0175,0.04375,39.55,0.15875,0.375,42.345,0.08499999999999999,0.14,60.25,0.0,0.0575,0.6950000000000001,0.0325,0.14125,0.22999999999999998,0.08125,0.0,0.49375
125,121,2002-11-05,1,1,2002-03,Orlando Magic,Sacramento Kings,1,0.49375,0.10250000000000001,0.295825,0.09542500000000001,0.19542500000000002,0.042925000000000005,0.1525,0.113325,0.080825,1.415,0.034175,0.080825,46.215,0.147925,0.300825,49.175,0.09542500000000001,0.12375,75.035,0.0,0.022925,0.28,0.024175000000000002,0.117925,0.195,0.080825,0.0,0.540825,0.49055,0.08749999999999998,0.3133333333333333,0.08971666666666667,0.23416666666666666,0.06305000000000001,0.17111666666666667,0.10999999999999999,0.08138333333333332,1.5266666666666666,0.029166666666666664,0.0775,37.71666666666667,0.15666666666666665,0.3297166666666667,47.46333333333333,0.08971666666666667,0.12221666666666665,73.12333333333333,0.0,0.049999999999999996,0.6233333333333334,0.0425,0.09888333333333332,0.4366666666666667,0.08138333333333332,0.0,0.59195
107,100,2002-11-06,1,1,2002-03,Washington Wizards,Cleveland Cavaliers,1,0.41,0.03833333333333333,0.27499999999999997,0.09666666666666668,0.25333333333333335,0.07028333333333334,0.18305000000000002,0.08916666666666666,0.06971666666666666,1.2533333333333332,0.012783333333333334,0.04778333333333334,27.51,0.13749999999999998,0.3597166666666667,38.61,0.09666666666666668,0.12695,75.74,0.0,0.041666666666666664,0.6033333333333334,0.029166666666666664,0.11666666666666665,0.25666666666666665,0.06971666666666666,0.0,0.46611666666666673,0.405425,0.00625,0.30332499999999996,0.095825,0.240425,0.0875,0.15292499999999998,0.082925,0.095,1.055,0.002075,0.012075,10.415,0.151675,0.4,37.785,0.095825,0.142075,66.19,0.0,0.042925000000000005,0.53,0.026675,0.102925,0.26,0.095,0.0,0.39875000000000005
78,80,2002-11-06,1,1,2002-03,Utah Jazz,Detroit Pistons,0,0.4213833333333333,0.024999999999999998,0.29778333333333334,0.09861666666666667,0.20804999999999998,0.07861666666666667,0.12945,0.10166666666666667,0.09695000000000002,1.1199999999999999,0.008333333333333333,0.028050000000000002,17.290000000000003,0.14888333333333334,0.3547166666666666,41.99333333333333,0.09861666666666667,0.14,69.46666666666667,0.0,0.03333333333333333,0.3566666666666667,0.013616666666666666,0.12555,0.10666666666666667,0.09695000000000002,0.0,0.41416666666666674,0.45416666666666666,0.08749999999999998,0.24666666666666667,0.12,0.23695,0.05666666666666667,0.18028333333333335,0.09554999999999998,0.08944999999999999,1.2066666666666668,0.029166666666666664,0.08861666666666666,34.20666666666667,0.12333333333333334,0.26833333333333337,45.72666666666667,0.12,0.15,79.53333333333333,0.0,0.025833333333333337,0.31333333333333335,0.027783333333333337,0.13166666666666668,0.21333333333333335,0.08944999999999999,0.0,0.5163833333333333
92,106,2002-11-06,1,1,2002-03,Toronto Raptors,Dallas Mavericks,0,0.36833333333333335,0.05333333333333334,0.22999999999999998,0.085,0.24833333333333332,0.06805,0.18028333333333335,0.07861666666666667,0.10166666666666668,0.7933333333333333,0.017783333333333335,0.07221666666666667,25.14,0.11499999999999999,0.3163833333333333,36.553333333333335,0.085,0.12,71.08333333333333,0.0,0.04055,0.4166666666666667,0.018616666666666667,0.12361666666666667,0.1566666666666667,0.10166666666666668,0.0,0.36195,0.5675,0.14625,0.33999999999999997,0.08124999999999999,0.21500000000000002,0.06,0.155,0.14625,0.07125000000000001,2.065,0.04875,0.11499999999999999,42.525000000000006,0.16999999999999998,0.33875,49.86,0.08124999999999999,0.10750000000000001,75.475,0.0,0.055,0.775,0.01625,0.11875,0.14,0.07125000000000001,0.0,0.6675
86,84,2002-11-06,1,1,2002-03,New Orleans Hornets,Seattle SuperSonics,1,0.47375,0.08249999999999999,0.2825,0.10875,0.2025,0.0775,0.125,0.10500000000000001,0.065,1.655,0.0275,0.051250000000000004,54.1,0.14125,0.34625,40.775,0.10875,0.15000000000000002,72.375,0.0,0.05875,0.9199999999999999,0.0175,0.125,0.14500000000000002,0.065,0.0,0.5225,0.46055,0.09333333333333334,0.29555000000000003,0.07166666666666667,0.19499999999999998,0.06305000000000001,0.13195,0.11861666666666666,0.07195,1.6666666666666667,0.031116666666666667,0.06666666666666667,47.40666666666667,0.14778333333333335,0.325,45.49666666666666,0.07166666666666667,0.10805,65.16000000000001,0.0,0.05278333333333334,0.7400000000000001,0.02971666666666667,0.10528333333333334,0.3,0.07195,0.0,0.5355500000000001
69,91,2002-11-06,1,1,2002-03,Chicago Bulls,Boston Celtics,0,0.47028333333333333,0.07083333333333333,0.3216666666666667,0.07778333333333333,0.22555,0.06111666666666667,0.16444999999999999,0.12221666666666668,0.09221666666666667,1.3466666666666667,0.023616666666666664,0.06583333333333334,36.54333333333333,0.16083333333333336,0.32083333333333336,50.39666666666667,0.07778333333333333,0.12528333333333333,61.96,0.0,0.03416666666666667,0.39333333333333337,0.02416666666666667,0.10666666666666667,0.23,0.09221666666666667,0.0,0.53445,0.44625,0.11624999999999999,0.2525,0.0775,0.1775,0.036250000000000004,0.14125,0.11125,0.08,1.37,0.03875,0.12875,30.625,0.12625,0.26125,48.125,0.0775,0.11125,69.69999999999999,0.0,0.036250000000000004,0.44999999999999996,0.00125,0.115,0.01,0.08,0.0,0.43374999999999997
93,88,2002-11-06,1,1,2002-03,Phoenix Suns,Atlanta Hawks,1,0.37749999999999995,0.010833333333333334,0.31445,0.05221666666666667,0.24138333333333337,0.08166666666666667,0.15971666666666665,0.08416666666666665,0.09083333333333332,0.93,0.003616666666666667,0.045283333333333335,8.733333333333333,0.15721666666666667,0.3833333333333333,41.32333333333333,0.05221666666666667,0.06388333333333333,89.24,0.0,0.023616666666666664,0.26333333333333336,0.02,0.10583333333333333,0.19000000000000003,0.09083333333333332,0.0,0.37638333333333335,0.4875,0.06333333333333334,0.33,0.09416666666666666,0.18528333333333336,0.05805,0.12721666666666667,0.10695,0.11083333333333334,0.9633333333333333,0.021116666666666662,0.07278333333333332,29.24,0.165,0.33388333333333337,49.669999999999995,0.09416666666666666,0.12416666666666666,74.94333333333334,0.0,0.05695,0.5133333333333333,0.0525,0.11888333333333333,0.4533333333333333,0.11083333333333334,0.0,0.5277833333333334
101,99,2002-11-06,1,1,2002-03,Philadelphia 76ers,Los Angeles Clippers,1,0.4575,0.0525,0.275,0.13,0.26,0.0875,0.1725,0.0975,0.105,0.93,0.0175,0.065,26.4,0.1375,0.345,39.83,0.13,0.1725,75.35,0.0,0.0475,0.45,0.01,0.1075,0.09,0.105,0.0,0.47,0.47624999999999995,0.075,0.3125,0.08875,0.195,0.052500000000000005,0.14250000000000002,0.11,0.08375,1.31,0.025,0.0625,40.25,0.15625,0.3075,50.754999999999995,0.08875,0.12,73.25,0.0,0.02,0.24,0.04,0.1125,0.35,0.08375,0.0,0.5375000000000001
95,88,2002-11-06,1,1,2002-03,New York Knicks,Sacramento Kings,1,0.4141666666666666,0.049999999999999996,0.29945,0.06471666666666666,0.17695000000000002,0.04471666666666666,0.13221666666666668,0.10528333333333334,0.07195,1.4866666666666666,0.016666666666666666,0.06555,25.143333333333334,0.14971666666666664,0.34528333333333333,43.52,0.06471666666666666,0.085,76.3,0.0,0.04611666666666667,0.71,0.023883333333333336,0.15278333333333335,0.15666666666666668,0.07195,0.0,0.4297166666666667,0.48916249999999994,0.08437499999999999,0.3125,0.0922875,0.233125,0.06135,0.17177499999999998,0.1103125,0.0791625,1.56,0.028124999999999997,0.0775,36.2125,0.15625,0.3297875,47.29,0.0922875,0.124475,73.85,0.0,0.0471875,0.6025,0.041875,0.09822499999999999,0.4325,0.0791625,0.0,0.5873999999999999
99,93,2002-11-06,1,1,2002-03,Milwaukee Bucks,New Jersey Nets,1,0.46125000000000005,0.12375,0.2425,0.095,0.1875,0.042499999999999996,0.145,0.09625,0.08625,1.1150000000000002,0.04125,0.1075,36.625,0.12125,0.28625,42.11,0.095,0.1225,78.32499999999999,0.0,0.055,0.64,0.03,0.1175,0.26,0.08625,0.0,0.485,0.5108333333333334,0.043333333333333335,0.345,0.1225,0.23555,0.07471666666666667,0.16083333333333336,0.105,0.09083333333333332,1.16,0.01445,0.045283333333333335,31.859999999999996,0.1725,0.37138333333333334,46.35,0.1225,0.15638333333333332,78.7,0.0,0.03666666666666667,0.39333333333333337,0.05778333333333333,0.10778333333333334,0.57,0.09083333333333332,0.0,0.5913833333333333
94,88,2002-11-06,1,1,2002-03,Portland Trail Blazers,Memphis Grizzlies,1,0.45554999999999995,0.056666666666666664,0.31888333333333335,0.08,0.21028333333333335,0.08028333333333333,0.13,0.1075,0.07638333333333333,1.4100000000000001,0.018883333333333335,0.05278333333333333,38.89333333333333,0.15944999999999998,0.365,43.60333333333333,0.08,0.12945,59.85999999999999,0.0,0.0525,0.6933333333333334,0.016383333333333333,0.10333333333333335,0.16,0.07638333333333333,0.0,0.47695,0.50445,0.06083333333333333,0.35945,0.08416666666666667,0.18916666666666668,0.030549999999999997,0.15861666666666666,0.12028333333333334,0.09888333333333332,1.2000000000000002,0.020283333333333334,0.0775,31.610000000000003,0.17971666666666666,0.31028333333333336,59.23,0.08416666666666667,0.13583333333333333,65.29,0.0,0.04028333333333333,0.4033333333333333,0.01945,0.09778333333333333,0.19666666666666666,0.09888333333333332,0.0,0.5352833333333332
114,110,2002-11-07,1,1,2002-03,Minnesota Timberwolves,Milwaukee Bucks,1,0.4504125,0.06281250000000001,0.29791249999999997,0.0896875,0.209275,0.046662499999999996,0.1626,0.1085375,0.0784375,1.4249999999999998,0.0209375,0.0447875,43.957499999999996,0.1489625,0.3672875,40.6525,0.0896875,0.12312500000000001,70.9325,0.0,0.037399999999999996,0.485,0.024274999999999998,0.12103749999999999,0.2175,0.0784375,0.0,0.4758375,0.46305,0.1125,0.2583333333333333,0.09221666666666667,0.19166666666666665,0.04555,0.14611666666666667,0.09638333333333333,0.08528333333333334,1.1333333333333335,0.0375,0.09999999999999999,35.70666666666667,0.12916666666666665,0.29083333333333333,44.093333333333334,0.09221666666666667,0.12388333333333333,75.14999999999999,0.0,0.05333333333333334,0.6266666666666666,0.03,0.11278333333333333,0.2733333333333334,0.08528333333333334,0.0,0.49333333333333335
98,95,2002-11-07,1,1,2002-03,Boston Celtics,Los Angeles Lakers,1,0.4541666666666666,0.11583333333333333,0.24611666666666668,0.09221666666666667,0.17500000000000002,0.03916666666666667,0.13583333333333333,0.10695,0.07721666666666667,1.366666666666667,0.03861666666666667,0.12861666666666668,30.673333333333332,0.12304999999999999,0.25916666666666666,47.28666666666667,0.09221666666666667,0.12638333333333332,71.34333333333332,0.0,0.037500000000000006,0.48999999999999994,0.003616666666666667,0.11111666666666668,0.04,0.07721666666666667,0.0,0.4397166666666667,0.4563833333333333,0.08333333333333333,0.27416666666666667,0.09888333333333332,0.21986666666666665,0.07791666666666668,0.14195,0.10846666666666667,0.08555,1.3333333333333333,0.027783333333333337,0.09083333333333332,30.689999999999998,0.13708333333333333,0.33416666666666667,41.43333333333333,0.09888333333333332,0.12096666666666667,81.94333333333333,0.0,0.04638333333333333,0.5633333333333334,0.02695,0.13,0.22,0.08555,0.0,0.49028333333333335
63,89,2002-11-07,1,1,2002-03,Denver Nuggets,Detroit Pistons,0,0.39138333333333336,0.06333333333333334,0.28055,0.04750000000000001,0.22638333333333335,0.06361666666666667,0.1627833333333333,0.105,0.10000000000000002,1.1233333333333333,0.021116666666666662,0.07695,28.10666666666667,0.14028333333333334,0.3202833333333333,44.03333333333333,0.04750000000000001,0.07721666666666667,60.46,0.0,0.030283333333333332,0.3433333333333333,0.02638333333333333,0.11361666666666666,0.2333333333333333,0.10000000000000002,0.0,0.4138833333333333,0.4503125,0.08625,0.25,0.1140625,0.23365,0.055625,0.17802500000000002,0.09728749999999999,0.08365,1.35,0.028749999999999998,0.0899,33.4,0.125,0.2734375,45.5175,0.1140625,0.1446875,78.0625,0.0,0.027187500000000003,0.375,0.029587500000000003,0.1315625,0.2275,0.08365,0.0,0.5141625
110,104,2002-11-08,1,1,2002-03,New Orleans Hornets,Golden State Warriors,1,0.4708333333333334,0.08,0.2816666666666667,0.10916666666666668,0.20221666666666668,0.07611666666666667,0.12611666666666668,0.10278333333333334,0.06388333333333333,1.6666666666666667,0.02666666666666667,0.05471666666666667,50.25666666666667,0.14083333333333334,0.34138333333333337,41.29666666666667,0.10916666666666668,0.14833333333333334,73.35000000000001,0.0,0.05695,0.9133333333333332,0.018883333333333335,0.12278333333333334,0.16,0.06388333333333333,0.0,0.52,0.5003125,0.070625,0.318125,0.11156250000000001,0.24125000000000002,0.08937500000000001,0.151875,0.1141625,0.09281249999999999,1.23,0.0235375,0.05875,40.38,0.1590625,0.3514625,44.76,0.11156250000000001,0.14375,77.625,0.0,0.0341625,0.38,0.049375,0.12115000000000001,0.4125,0.09281249999999999,0.0,0.5866625000000001
100,99,2002-11-08,1,1,2002-03,Washington Wizards,Los Angeles Lakers,1,0.4159375,0.038125,0.27999999999999997,0.09781250000000001,0.2496875,0.069275,0.1804125,0.09125,0.0697875,1.285,0.012712500000000002,0.049275,26.740000000000002,0.13999999999999999,0.3585375,39.41,0.09781250000000001,0.126775,76.68,0.0,0.041875,0.605,0.028124999999999997,0.11499999999999999,0.2525,0.0697875,0.0,0.47302500000000003,0.45428749999999996,0.0835,0.274125,0.09666249999999998,0.22039999999999998,0.0779375,0.1424625,0.1096,0.0849125,1.355,0.0278375,0.09262499999999999,30.197499999999998,0.1370625,0.333125,41.53999999999999,0.09666249999999998,0.118475,81.82249999999999,0.0,0.046537499999999996,0.57,0.0259625,0.12625,0.21500000000000002,0.0849125,0.0,0.4892125
87,114,2002-11-08,1,1,2002-03,Chicago Bulls,Dallas Mavericks,0,0.4714625,0.0671875,0.326875,0.0774,0.231975,0.066775,0.16521249999999998,0.11760000000000001,0.0926,1.2925,0.0224,0.06343750000000001,36.17,0.1634375,0.33562500000000006,49.2725,0.0774,0.124275,62.027499999999996,0.0,0.035625000000000004,0.41500000000000004,0.025625000000000002,0.11031250000000001,0.23500000000000001,0.0926,0.0,0.5295875,0.5577833333333334,0.14083333333333334,0.3333333333333333,0.08361666666666667,0.21388333333333334,0.058883333333333336,0.155,0.13583333333333333,0.07195,1.9033333333333333,0.04695,0.11166666666666665,42.07333333333334,0.16666666666666666,0.3358333333333334,49.29333333333333,0.08361666666666667,0.11111666666666668,75.19333333333333,0.0,0.05333333333333334,0.7433333333333333,0.01805,0.11804999999999999,0.15666666666666668,0.07195,0.0,0.64555
99,91,2002-11-08,1,1,2002-03,Sacramento Kings,Memphis Grizzlies,1,0.49312999999999996,0.0831,0.3156,0.09442999999999999,0.23129999999999998,0.06128,0.17002,0.11125,0.07813,1.58,0.027699999999999995,0.0776,35.541999999999994,0.1578,0.33263,47.314,0.09442999999999999,0.12718000000000002,74.032,0.0,0.04655,0.6020000000000001,0.0405,0.09918,0.418,0.07813,0.0,0.5871199999999999,0.5014625,0.05875,0.3558375,0.08687500000000001,0.19187500000000002,0.03385,0.158025,0.1170875,0.0985375,1.1725,0.0195875,0.07375,31.812500000000004,0.1779125,0.31833750000000005,57.2625,0.08687500000000001,0.1340625,67.8725,0.0,0.0420875,0.4225,0.021775,0.1002125,0.2125,0.0985375,0.0,0.5339624999999999
110,97,2002-11-08,1,1,2002-03,Utah Jazz,Atlanta Hawks,1,0.42572499999999996,0.028124999999999997,0.2995875,0.098025,0.206975,0.0789625,0.128025,0.104375,0.09458750000000002,1.1949999999999998,0.009375000000000001,0.029475,20.192500000000003,0.1497875,0.3560375,42.0975,0.098025,0.13843750000000002,69.83,0.0,0.033125,0.365,0.0149,0.1235375,0.12,0.09458750000000002,0.0,0.42375000000000007,0.490625,0.0615625,0.33125,0.0978125,0.19115000000000001,0.0601,0.1310375,0.10865000000000001,0.11156250000000001,0.9724999999999999,0.020524999999999998,0.0702125,29.65,0.165625,0.33353750000000004,49.9325,0.0978125,0.1265625,76.48750000000001,0.0,0.054900000000000004,0.49,0.05,0.119475,0.42999999999999994,0.11156250000000001,0.0,0.5374
108,84,2002-11-08,1,1,2002-03,Philadelphia 76ers,Cleveland Cavaliers,1,0.46292500000000003,0.051250000000000004,0.280825,0.130825,0.25917500000000004,0.082925,0.17625,0.10042500000000001,0.10250000000000001,0.99,0.017075,0.0625,27.0,0.14042500000000002,0.349175,40.175,0.130825,0.17375,75.28999999999999,0.0,0.051250000000000004,0.505,0.011675,0.10957499999999999,0.105,0.10250000000000001,0.0,0.485825,0.40695,0.007916666666666667,0.30471666666666664,0.0943,0.24278333333333335,0.08416666666666667,0.15861666666666666,0.08361666666666667,0.09375,1.0733333333333333,0.0026333333333333334,0.013466666666666668,11.803333333333333,0.15236666666666668,0.39666666666666667,38.32333333333333,0.0943,0.14055,65.93333333333334,0.0,0.04361666666666667,0.5433333333333333,0.029033333333333338,0.10278333333333334,0.2866666666666667,0.09375,0.0,0.4108333333333334
107,94,2002-11-08,1,1,2002-03,Indiana Pacers,New York Knicks,1,0.45278333333333337,0.04833333333333333,0.315,0.08944999999999999,0.23666666666666666,0.07861666666666667,0.15805,0.09500000000000001,0.08028333333333333,1.1966666666666665,0.016116666666666668,0.041383333333333334,38.52333333333333,0.1575,0.3772166666666667,41.806666666666665,0.08944999999999999,0.13833333333333334,64.73333333333333,0.0,0.05278333333333333,0.6466666666666667,0.035,0.13916666666666666,0.25666666666666665,0.08028333333333333,0.0,0.49805000000000005,0.4225,0.054375,0.3033375,0.0647875,0.1808375,0.046974999999999996,0.13385,0.10802500000000001,0.0739625,1.48,0.018125000000000002,0.0672875,26.462500000000002,0.15166249999999998,0.3449,44.1775,0.0647875,0.084375,77.0175,0.0,0.0433375,0.6525,0.022287500000000002,0.1495875,0.14750000000000002,0.0739625,0.0,0.44103749999999997
105,98,2002-11-08,1,1,2002-03,Orlando Magic,Seattle SuperSonics,1,0.49583333333333335,0.10708333333333335,0.2897166666666667,0.09903333333333335,0.1973666666666667,0.04528333333333334,0.15208333333333332,0.11263333333333332,0.08055,1.4100000000000001,0.0357,0.08471666666666666,45.586666666666666,0.14486666666666667,0.2997166666666667,48.32333333333333,0.09903333333333335,0.12541666666666665,76.99666666666667,0.0,0.024866666666666665,0.3066666666666667,0.023616666666666664,0.11903333333333332,0.19000000000000003,0.08055,0.0,0.5434666666666667,0.46635000000000004,0.09625,0.2985375,0.0715625,0.19906249999999998,0.06385,0.1352125,0.120525,0.0708375,1.7225,0.032087500000000005,0.06875,47.28000000000001,0.149275,0.3271875,45.622499999999995,0.0715625,0.1066625,65.995,0.0,0.05208750000000001,0.74,0.028225,0.1058375,0.2825,0.0708375,0.0,0.545725
86,75,2002-11-08,1,1,2002-03,Phoenix Suns,Portland Trail Blazers,1,0.38187499999999996,0.015625,0.3114625,0.0547875,0.24322500000000002,0.0815625,0.1616625,0.08531249999999999,0.09156249999999999,0.935,0.0052125,0.0445875,13.337499999999999,0.155725,0.380625,41.2325,0.0547875,0.0691625,86.35,0.0,0.023649999999999997,0.2625,0.0225,0.1071875,0.21000000000000002,0.09156249999999999,0.0,0.38635,0.4504125,0.058437499999999996,0.3122875,0.07968750000000001,0.2033375,0.0758375,0.1275,0.106875,0.0779125,1.3775000000000002,0.019475000000000003,0.0558375,37.695,0.15614999999999998,0.3571875,43.6575,0.07968750000000001,0.12708750000000002,60.894999999999996,0.0,0.0490625,0.64,0.01635,0.10500000000000001,0.1575,0.0779125,0.0,0.46333749999999996
106,92,2002-11-08,1,1,2002-03,New Jersey Nets,Los Angeles Clippers,1,0.5081249999999999,0.045625,0.339375,0.123125,0.2335375,0.0716625,0.16187500000000002,0.1071875,0.08968749999999999,1.21,0.0152125,0.0477125,31.719999999999995,0.1696875,0.36635,46.222500000000004,0.123125,0.155725,79.5,0.0,0.0384375,0.42500000000000004,0.05365,0.10865000000000001,0.525,0.08968749999999999,0.0,0.589475,0.4636166666666666,0.07166666666666667,0.295,0.09695,0.20333333333333334,0.05111666666666667,0.15221666666666667,0.105,0.08138333333333334,1.28,0.023883333333333336,0.05945,40.333333333333336,0.1475,0.30666666666666664,48.026666666666664,0.09695,0.12944999999999998,74.08999999999999,0.0,0.02055,0.25666666666666665,0.03666666666666667,0.11166666666666668,0.3233333333333333,0.08138333333333334,0.0,0.5205500000000001
111,104,2002-11-09,1,1,2002-03,Houston Rockets,Golden State Warriors,1,0.4147166666666666,0.04583333333333334,0.27055,0.09833333333333334,0.24528333333333333,0.075,0.17028333333333334,0.05833333333333333,0.08971666666666667,0.65,0.015283333333333335,0.039166666666666676,38.916666666666664,0.13528333333333334,0.35445,38.190000000000005,0.09833333333333334,0.13055,75.05666666666666,0.0,0.034716666666666667,0.3866666666666667,0.045283333333333335,0.10138333333333333,0.4466666666666667,0.08971666666666667,0.0,0.43333333333333335,0.49305000000000004,0.0721,0.3089,0.11205000000000001,0.23960000000000004,0.08730000000000002,0.15230000000000002,0.10993,0.09185,1.194,0.024030000000000003,0.0618,38.30800000000001,0.15445,0.34757000000000005,43.878,0.11205000000000001,0.1436,78.148,0.0,0.03493,0.394,0.047900000000000005,0.12092,0.4,0.09185,0.0,0.57113
84,73,2002-11-09,1,1,2002-03,Denver Nuggets,Memphis Grizzlies,1,0.3979125,0.059687500000000004,0.2879125,0.0503125,0.22135,0.065525,0.1558375,0.1059375,0.09875,1.1400000000000001,0.019899999999999998,0.071775,28.4675,0.14396250000000002,0.3264625,44.3625,0.0503125,0.07916250000000001,61.075,0.0,0.0320875,0.3625,0.0266625,0.11365,0.2375,0.09875,0.0,0.421975,0.49757000000000007,0.058399999999999994,0.35187,0.08730000000000002,0.19290000000000002,0.036680000000000004,0.15622,0.11547,0.09763,1.1700000000000002,0.01947,0.072,31.970000000000006,0.17593,0.32247000000000003,55.874,0.08730000000000002,0.13105,69.65,0.0,0.04307,0.438,0.02262,0.10117000000000001,0.21799999999999997,0.09763,0.0,0.5311699999999999
100,93,2002-11-09,1,1,2002-03,Chicago Bulls,New Jersey Nets,1,0.46697,0.06334999999999999,0.32510000000000006,0.07852,0.23598,0.06862,0.16737,0.11388000000000001,0.09308000000000001,1.246,0.02112,0.06255000000000001,34.828,0.16255000000000003,0.34190000000000004,48.160000000000004,0.07852,0.12622,61.95799999999999,0.0,0.035500000000000004,0.41400000000000003,0.0263,0.11205000000000001,0.23600000000000004,0.09308000000000001,0.0,0.51707,0.5050999999999999,0.0491,0.3331,0.12290000000000001,0.23123,0.07033,0.16090000000000002,0.10855000000000001,0.08775,1.268,0.016370000000000003,0.049769999999999995,32.384,0.16655,0.36268,45.806000000000004,0.12290000000000001,0.15438000000000002,80.088,0.0,0.03875,0.44000000000000006,0.05032000000000001,0.10832000000000001,0.49000000000000005,0.08775,0.0,0.58518
79,93,2002-11-09,1,1,2002-03,Cleveland Cavaliers,Washington Wizards,0,0.4122125,0.0096875,0.30953749999999997,0.092975,0.2403375,0.081875,0.1584625,0.08496250000000001,0.0938125,1.0775,0.0032250000000000004,0.014600000000000002,13.767499999999998,0.154775,0.39599999999999996,39.0025,0.092975,0.1384125,66.17,0.0,0.0447125,0.5499999999999999,0.029525000000000003,0.1060875,0.29000000000000004,0.0938125,0.0,0.41987500000000005,0.42355,0.0383,0.284,0.10125000000000002,0.24555,0.06782,0.17773,0.0928,0.07143000000000001,1.2879999999999998,0.01277,0.049819999999999996,26.631999999999998,0.142,0.35543,40.388,0.10125000000000002,0.13022,77.22800000000001,0.0,0.0427,0.604,0.027299999999999998,0.11379999999999998,0.248,0.07143000000000001,0.0,0.48102
114,75,2002-11-09,1,1,2002-03,Dallas Mavericks,Detroit Pistons,1,0.5524,0.1375,0.330625,0.084275,0.213225,0.0576,0.15562499999999999,0.1303125,0.071775,1.83,0.0458375,0.10749999999999998,43.11750000000001,0.1653125,0.33437500000000003,49.125,0.084275,0.1120875,75.1525,0.0,0.0515625,0.72,0.0197875,0.11478749999999999,0.185,0.071775,0.0,0.636975,0.44645,0.08639999999999999,0.2492,0.11085,0.22972,0.054700000000000006,0.17502,0.09763,0.08072,1.4060000000000001,0.0288,0.09052,33.232,0.1246,0.27454999999999996,45.17999999999999,0.11085,0.14195,77.23400000000001,0.0,0.028750000000000005,0.414,0.030470000000000004,0.13245,0.23399999999999999,0.08072,0.0,0.50953
108,84,2002-11-09,1,1,2002-03,Indiana Pacers,Toronto Raptors,1,0.44958750000000003,0.04375,0.311875,0.09396249999999999,0.23656249999999998,0.07615,0.16041249999999999,0.09406250000000001,0.0799,1.19,0.014587500000000002,0.038849999999999996,35.73,0.1559375,0.374475,41.7275,0.09396249999999999,0.1390625,67.645,0.0,0.0502125,0.6175,0.036250000000000004,0.1375,0.27,0.0799,0.0,0.49885,0.3796875,0.0540625,0.23625,0.089375,0.2453125,0.06822500000000001,0.1770875,0.0774,0.09875,0.8125,0.018025,0.0722875,25.43,0.118125,0.32166249999999996,36.832499999999996,0.089375,0.12375,72.2125,0.0,0.0435375,0.47250000000000003,0.020837500000000002,0.1214625,0.18000000000000002,0.09875,0.0,0.3758375
99,105,2002-11-09,1,1,2002-03,Minnesota Timberwolves,Boston Celtics,0,0.44953000000000004,0.05985,0.29913,0.09054999999999999,0.21101999999999999,0.04792999999999999,0.16308,0.10783000000000001,0.08014999999999999,1.4,0.019950000000000002,0.043230000000000005,42.88199999999999,0.14957,0.36623,40.946000000000005,0.09054999999999999,0.12350000000000001,71.322,0.0,0.036719999999999996,0.472,0.025019999999999997,0.12122999999999999,0.22199999999999998,0.08014999999999999,0.0,0.47707000000000005,0.45718749999999997,0.11499999999999999,0.2452125,0.096975,0.1796875,0.0415625,0.138125,0.10521250000000001,0.07447500000000001,1.4125,0.038337500000000004,0.1308375,30.099999999999998,0.12259999999999999,0.2603125,46.9275,0.096975,0.1310375,72.04499999999999,0.0,0.038437500000000006,0.5299999999999999,0.0052125,0.11115000000000001,0.05500000000000001,0.07447500000000001,0.0,0.446975
110,105,2002-11-09,1,1,2002-03,Milwaukee Bucks,Philadelphia 76ers,1,0.46572500000000006,0.1125,0.26375,0.089475,0.1940625,0.046974999999999996,0.1470875,0.098225,0.084275,1.1725,0.0375,0.0971875,36.88,0.131875,0.2915625,44.9225,0.089475,0.12103749999999999,75.07,0.0,0.051250000000000004,0.6074999999999999,0.0303125,0.110525,0.28250000000000003,0.084275,0.0,0.504375,0.4677833333333334,0.04791666666666667,0.2872166666666667,0.13263333333333335,0.2573666666666667,0.0807,0.17666666666666667,0.10111666666666667,0.09708333333333334,1.1066666666666667,0.015966666666666667,0.06041666666666667,25.826666666666668,0.1436166666666667,0.35653333333333337,40.24666666666666,0.13263333333333335,0.17416666666666666,76.14333333333333,0.0,0.05375,0.6066666666666667,0.012366666666666666,0.11304999999999998,0.10666666666666667,0.09708333333333334,0.0,0.49638333333333334
82,84,2002-11-09,1,1,2002-03,Miami Heat,Seattle SuperSonics,0,0.4436166666666667,0.03,0.33888333333333326,0.07471666666666667,0.19888333333333333,0.05721666666666667,0.1416666666666667,0.10054999999999999,0.056666666666666664,1.8,0.01,0.04,23.073333333333334,0.16945,0.36166666666666664,46.839999999999996,0.07471666666666667,0.09638333333333333,77.74333333333333,0.0,0.02055,0.36999999999999994,0.023333333333333334,0.10778333333333334,0.25333333333333335,0.056666666666666664,0.0,0.4863833333333334,0.46728000000000003,0.0944,0.30123,0.07165,0.20124999999999998,0.06388,0.13737000000000002,0.12001999999999999,0.07007,1.732,0.031470000000000005,0.0694,45.66000000000001,0.15062,0.32795,45.919999999999995,0.07165,0.10552999999999998,66.912,0.0,0.05067000000000001,0.726,0.026979999999999997,0.10567,0.26999999999999996,0.07007,0.0,0.54698
76,95,2002-11-09,1,1,2002-03,San Antonio Spurs,Portland Trail Blazers,0,0.46541666666666676,0.06208333333333333,0.3016666666666667,0.10166666666666667,0.23513333333333333,0.07625,0.15888333333333335,0.09528333333333334,0.09541666666666666,1.0,0.0207,0.07013333333333333,28.74,0.15083333333333335,0.3268,45.86333333333334,0.10166666666666667,0.15778333333333336,61.96,0.0,0.057216666666666666,0.5966666666666667,0.03971666666666667,0.11945,0.33,0.09541666666666666,0.0,0.5158333333333333,0.44873,0.057550000000000004,0.31223,0.07895,0.19987000000000002,0.07367,0.1262,0.1081,0.07813,1.3960000000000001,0.019180000000000003,0.05647,36.184000000000005,0.15611999999999998,0.35375,44.074,0.07895,0.12467000000000002,61.69199999999999,0.0,0.04705,0.6140000000000001,0.01668,0.1052,0.162,0.07813,0.0,0.46166999999999997
91,97,2002-11-10,1,1,2002-03,New York Knicks,New Orleans Hornets,0,0.4286,0.0573,0.30667,0.06462999999999999,0.18427000000000002,0.04838,0.13588,0.10862000000000001,0.07557,1.458,0.0191,0.06863,27.290000000000003,0.15333,0.34531999999999996,44.614,0.06462999999999999,0.08430000000000001,76.95,0.0,0.04227,0.622,0.021230000000000002,0.14687,0.14200000000000002,0.07557,0.0,0.44822999999999996,0.46718750000000003,0.080625,0.279375,0.1071875,0.2035375,0.075525,0.128025,0.103025,0.06416250000000001,1.6675,0.026875,0.05885,47.86,0.1396875,0.336975,41.515,0.1071875,0.14625000000000002,72.88,0.0,0.0552125,0.8875,0.019162500000000002,0.12052500000000001,0.165,0.06416250000000001,0.0,0.515625
117,120,2002-11-10,1,1,2002-03,Orlando Magic,Los Angeles Clippers,0,0.503125,0.1073125,0.29428750000000004,0.101525,0.199525,0.046712500000000004,0.1528125,0.115225,0.0814125,1.4225,0.035775,0.0857875,44.72,0.14715,0.3025375,48.5125,0.101525,0.1268125,78.2175,0.0,0.02615,0.32,0.0229625,0.11977499999999999,0.18500000000000003,0.0814125,0.0,0.55485,0.4608375,0.0734375,0.28625,0.10115,0.209375,0.051775,0.1576,0.1040625,0.0826,1.255,0.024475,0.0599,40.7875,0.143125,0.30624999999999997,46.66499999999999,0.10115,0.1349,74.2675,0.0,0.0204125,0.255,0.035625000000000004,0.11281250000000001,0.3125,0.0826,0.0,0.5154125
105,97,2002-11-10,1,1,2002-03,Sacramento Kings,Atlanta Hawks,1,0.4938583333333333,0.08258333333333333,0.31549999999999995,0.095775,0.22899999999999998,0.060375000000000005,0.168625,0.11173333333333334,0.07746666666666667,1.5883333333333336,0.027524999999999997,0.078,35.10666666666666,0.15774999999999997,0.3333,47.17166666666666,0.095775,0.129175,73.99333333333333,0.0,0.045875,0.5983333333333334,0.039025000000000004,0.099875,0.4033333333333333,0.07746666666666667,0.0,0.5825999999999999,0.4901,0.06185,0.3302,0.09805,0.19612000000000002,0.061880000000000004,0.13423000000000002,0.10932,0.11205000000000001,0.9739999999999999,0.02062,0.07037,29.803999999999995,0.1651,0.33183,50.025999999999996,0.09805,0.12605,76.994,0.0,0.05432,0.48200000000000004,0.048400000000000006,0.11838,0.41999999999999993,0.11205000000000001,0.0,0.54172
91,75,2002-11-11,1,1,2002-03,San Antonio Spurs,Minnesota Timberwolves,1,0.46706250000000005,0.0653125,0.30325,0.0985,0.23635,0.0751875,0.16116250000000001,0.0959625,0.09481250000000001,1.0150000000000001,0.021775000000000003,0.0711,29.799999999999997,0.151625,0.3281,45.945,0.0985,0.15183750000000001,62.95,0.0,0.0554125,0.5800000000000001,0.0392875,0.1190875,0.33,0.09481250000000001,0.0,0.520125,0.45238333333333336,0.058625000000000003,0.30233333333333334,0.09143333333333332,0.21209999999999998,0.04855,0.16354166666666667,0.10875000000000001,0.08039999999999999,1.4249999999999998,0.01954166666666667,0.042833333333333334,42.25166666666666,0.15116666666666667,0.36588333333333334,41.41666666666667,0.09143333333333332,0.12416666666666669,71.64,0.0,0.03601666666666666,0.4633333333333333,0.025158333333333328,0.12019166666666665,0.22499999999999998,0.08039999999999999,0.0,0.48325
112,95,2002-11-11,1,1,2002-03,Boston Celtics,Utah Jazz,1,0.45994999999999997,0.11779999999999999,0.24457,0.09758,0.18395,0.04305,0.1409,0.10457000000000001,0.07378000000000001,1.4260000000000002,0.039270000000000006,0.13307,30.244,0.12227999999999999,0.26125,46.656,0.09758,0.13163,71.94399999999999,0.0,0.03935000000000001,0.5499999999999999,0.006770000000000001,0.11032000000000002,0.07200000000000001,0.07378000000000001,0.0,0.45398000000000005,0.42638,0.0303,0.29687,0.09922,0.20678000000000002,0.07897000000000001,0.12782,0.1041,0.09427000000000002,1.206,0.010100000000000001,0.030580000000000003,22.278000000000002,0.14843,0.35363,41.964,0.09922,0.13995000000000002,69.97999999999999,0.0,0.0337,0.372,0.01692,0.12243,0.13799999999999998,0.09427000000000002,0.0,0.4272
82,73,2002-11-11,1,1,2002-03,Dallas Mavericks,Portland Trail Blazers,1,0.55052,0.1358,0.3285,0.08622,0.21378,0.056479999999999995,0.1573,0.12764999999999999,0.07142000000000001,1.802,0.04527,0.10479999999999998,43.894000000000005,0.16425,0.33290000000000003,49.048,0.08622,0.11407,75.458,0.0,0.050649999999999994,0.71,0.02203,0.11282999999999999,0.21200000000000002,0.07142000000000001,0.0,0.63718,0.44575000000000004,0.057541666666666665,0.3101916666666667,0.07801666666666668,0.19725,0.07180833333333334,0.12544166666666667,0.108275,0.07788333333333333,1.406666666666667,0.019175,0.056916666666666664,35.498333333333335,0.1551,0.35076666666666667,44.14000000000001,0.07801666666666668,0.12264166666666669,62.08833333333333,0.0,0.045875,0.6016666666666667,0.017091666666666668,0.10544166666666667,0.16666666666666666,0.07788333333333333,0.0,0.4583333333333333
101,108,2002-11-11,1,1,2002-03,Memphis Grizzlies,Golden State Warriors,0,0.4942250000000001,0.058249999999999996,0.34933333333333333,0.08664166666666667,0.19380833333333333,0.0389,0.15490833333333334,0.11414166666666668,0.09733333333333333,1.1633333333333333,0.01941666666666667,0.07041666666666667,32.28,0.17466666666666666,0.32664166666666666,54.76166666666666,0.08664166666666667,0.1281,70.5,0.0,0.04505833333333333,0.45999999999999996,0.023708333333333335,0.10070000000000001,0.235,0.09733333333333333,0.0,0.5291666666666667,0.4897666666666667,0.07091666666666667,0.306025,0.11281666666666668,0.23730833333333337,0.08539166666666669,0.15191666666666667,0.10646666666666665,0.091125,1.1633333333333333,0.023633333333333336,0.06260833333333334,36.09333333333334,0.15301666666666666,0.3465833333333334,43.55833333333333,0.11281666666666668,0.14355833333333332,78.76,0.0,0.035775,0.4083333333333334,0.046724999999999996,0.12049166666666666,0.39166666666666666,0.091125,0.0,0.5616333333333333
86,83,2002-11-12,1,1,2002-03,Houston Rockets,Portland Trail Blazers,1,0.42041249999999997,0.0503125,0.27478749999999996,0.09531250000000001,0.24115,0.07250000000000001,0.16865000000000002,0.061875,0.0876,0.72,0.016775,0.04187500000000001,38.7825,0.13740000000000002,0.35115,39.18,0.09531250000000001,0.1272875,74.425,0.0,0.0341625,0.3925,0.04365,0.1001,0.43500000000000005,0.0876,0.0,0.4428125,0.44452142857142857,0.05758571428571429,0.30955000000000005,0.07737857142857144,0.19570714285714286,0.06991428571428572,0.1257857142857143,0.10852142857142856,0.07757142857142858,1.4171428571428575,0.019192857142857147,0.056742857142857143,35.51857142857143,0.15477857142857143,0.3486142857142857,44.314285714285724,0.07737857142857144,0.12104285714285716,62.519999999999996,0.0,0.04544285714285714,0.5985714285714286,0.017507142857142857,0.10527857142857143,0.17142857142857143,0.07757142857142858,0.0,0.45907857142857145
93,87,2002-11-12,1,1,2002-03,Detroit Pistons,New Orleans Hornets,1,0.44426666666666664,0.08783333333333332,0.24850000000000003,0.10793333333333334,0.2272666666666667,0.053774999999999996,0.17349166666666668,0.0983,0.07935,1.4333333333333333,0.029274999999999995,0.09070833333333334,33.685,0.12425000000000001,0.27476666666666666,45.02,0.10793333333333334,0.139125,76.675,0.0,0.03006666666666667,0.4383333333333333,0.031083333333333334,0.13315,0.2383333333333333,0.07935,0.0,0.5085000000000001,0.46875,0.0795,0.2827,0.10655,0.20463,0.07561999999999999,0.12902,0.10302,0.06433000000000001,1.6620000000000001,0.026500000000000003,0.05988,46.512,0.14135,0.33778,41.862,0.10655,0.14500000000000002,73.024,0.0,0.05377,0.8640000000000001,0.019530000000000002,0.11862000000000002,0.17,0.06433000000000001,0.0,0.5171
95,101,2002-11-12,1,1,2002-03,Washington Wizards,Seattle SuperSonics,0,0.4299,0.037333333333333336,0.28833333333333333,0.10423333333333334,0.242125,0.06665833333333333,0.17546666666666666,0.09302499999999998,0.07146666666666666,1.3016666666666665,0.012450000000000001,0.04915833333333333,25.831666666666667,0.14416666666666667,0.35438333333333333,41.125,0.10423333333333334,0.13351666666666667,77.54833333333335,0.0,0.042666666666666665,0.6033333333333334,0.02635833333333333,0.11302499999999999,0.24166666666666667,0.07146666666666666,0.0,0.48640833333333333,0.46842500000000004,0.09325,0.3038,0.07137500000000001,0.2029833333333333,0.06406666666666667,0.1389166666666667,0.1196,0.06991666666666667,1.7300000000000002,0.031083333333333338,0.07019166666666667,44.47166666666667,0.15190833333333334,0.32885000000000003,46.17833333333332,0.07137500000000001,0.10391666666666666,67.94333333333333,0.0,0.04889166666666667,0.7033333333333333,0.025675,0.1057,0.25666666666666665,0.06991666666666667,0.0,0.5470666666666667
95,75,2002-11-12,1,1,2002-03,Indiana Pacers,Cleveland Cavaliers,1,0.45147000000000004,0.0416,0.3115,0.09836999999999999,0.23504999999999998,0.07271999999999999,0.16233,0.09565,0.08092,1.192,0.013870000000000002,0.03748,34.676,0.15575,0.36978,42.364,0.09836999999999999,0.14085,69.764,0.0,0.04957,0.6040000000000001,0.03560000000000001,0.1356,0.268,0.08092,0.0,0.5062800000000001,0.41509999999999997,0.01025,0.31296,0.09188,0.2386,0.0795,0.1591,0.08580000000000002,0.09472,1.068,0.0034100000000000007,0.015180000000000003,14.289999999999997,0.15649,0.39479999999999993,39.571999999999996,0.09188,0.13673,66.306,0.0,0.0456,0.55,0.03079,0.10769999999999999,0.30000000000000004,0.09472,0.0,0.42623000000000005
83,95,2002-11-12,1,1,2002-03,Los Angeles Lakers,Atlanta Hawks,0,0.45393,0.08230000000000001,0.2763,0.09532999999999998,0.22064999999999996,0.07752,0.14314,0.10968,0.0841,1.366,0.02744,0.09409999999999999,29.397999999999996,0.13815,0.33367,41.76199999999999,0.09532999999999998,0.11644999999999998,82.192,0.0,0.0469,0.58,0.0261,0.12383,0.22000000000000003,0.0841,0.0,0.48986999999999997,0.48966666666666664,0.063625,0.32766666666666666,0.09837499999999999,0.19690833333333335,0.061983333333333335,0.13491666666666666,0.10874166666666667,0.11170833333333334,0.9716666666666666,0.021208333333333333,0.07016666666666667,30.914999999999996,0.16383333333333333,0.32985833333333336,49.913333333333334,0.09837499999999999,0.12560000000000002,77.56666666666668,0.0,0.05374166666666667,0.47833333333333333,0.04714166666666667,0.11837500000000001,0.4099999999999999,0.11170833333333334,0.0,0.5422666666666666
87,108,2002-11-12,1,1,2002-03,New York Knicks,Utah Jazz,0,0.4331416666666666,0.059416666666666666,0.30916666666666665,0.06455,0.18495000000000003,0.04850833333333334,0.136425,0.10940833333333333,0.07686666666666668,1.4433333333333334,0.019808333333333334,0.06941666666666667,27.983333333333334,0.15458333333333332,0.34512499999999996,45.00666666666666,0.06455,0.08385833333333333,77.355,0.0,0.04203333333333333,0.605,0.020466666666666668,0.14545,0.13833333333333334,0.07686666666666668,0.0,0.4536666666666666,0.430175,0.0315,0.2976666666666667,0.10101666666666666,0.2069,0.079,0.12790833333333332,0.1055,0.09341666666666669,1.2416666666666665,0.0105,0.03200833333333333,23.28166666666667,0.14883333333333335,0.3521916666666667,42.23166666666666,0.10101666666666666,0.14231666666666667,70.11333333333333,0.0,0.03419166666666667,0.38166666666666665,0.018958333333333334,0.12174999999999998,0.15666666666666665,0.09341666666666669,0.0,0.4361416666666667
82,101,2002-11-12,1,1,2002-03,Miami Heat,Los Angeles Clippers,0,0.44146250000000004,0.035625,0.3310375,0.0747875,0.20447500000000002,0.06041250000000001,0.1440625,0.09759999999999999,0.056249999999999994,1.7625000000000002,0.011875,0.0446875,24.33,0.16552499999999998,0.3615625,45.77499999999999,0.0747875,0.09635,77.92,0.0,0.020725,0.37749999999999995,0.022500000000000003,0.1102125,0.2375,0.056249999999999994,0.0,0.4801,0.45946999999999993,0.07495,0.28300000000000003,0.10152000000000001,0.21190000000000003,0.05162,0.16028,0.10345,0.08448,1.228,0.024980000000000002,0.06172,40.574,0.14150000000000001,0.3054,46.28399999999999,0.10152000000000001,0.13591999999999999,73.91,0.0,0.020730000000000002,0.254,0.035500000000000004,0.11285,0.312,0.08448,0.0,0.51153
109,115,2002-11-12,1,1,2002-03,Orlando Magic,Toronto Raptors,0,0.5075000000000001,0.10585,0.29843000000000003,0.10322,0.20012,0.047700000000000006,0.15242,0.11635,0.08063000000000001,1.4620000000000002,0.03529,0.08596000000000001,43.686,0.14922,0.30503,48.730000000000004,0.10322,0.12778,79.06,0.0,0.027249999999999996,0.346,0.0227,0.11899,0.18600000000000003,0.08063000000000001,0.0,0.56221,0.38835000000000003,0.05645,0.24219999999999997,0.0897,0.24225,0.06778,0.17447,0.07632,0.09580000000000001,0.8320000000000001,0.01882,0.07303000000000001,26.107999999999997,0.12109999999999999,0.32533,37.263999999999996,0.0897,0.1232,72.634,0.0,0.04483,0.508,0.02147,0.12017,0.188,0.09580000000000001,0.0,0.38547
93,104,2002-11-13,1,1,2002-03,Golden State Warriors,Sacramento Kings,0,0.48837142857142857,0.07088571428571429,0.3039428571428572,0.1135357142857143,0.23555000000000006,0.08421428571428573,0.1513357142857143,0.10442142857142855,0.09035,1.1514285714285712,0.02362142857142857,0.0637642857142857,34.751428571428576,0.1519714285714286,0.34533571428571436,43.41285714285714,0.1135357142857143,0.14345714285714287,79.35000000000001,0.0,0.03637857142857143,0.4185714285714286,0.04576428571428571,0.12042142857142857,0.3828571428571429,0.09035,0.0,0.556707142857143,0.4943285714285714,0.08272142857142857,0.31573571428571423,0.09587142857142858,0.22842857142857143,0.06052857142857143,0.1679,0.11250714285714285,0.07792857142857143,1.5828571428571432,0.027571428571428573,0.07818571428571429,35.07714285714285,0.1578642857142857,0.33456428571428576,47.019999999999996,0.09587142857142858,0.12990714285714286,73.62428571428572,0.0,0.046157142857142855,0.5971428571428572,0.038142857142857145,0.09999285714285715,0.39571428571428574,0.07792857142857143,0.0,0.580292857142857
102,98,2002-11-13,1,1,2002-03,New Orleans Hornets,Minnesota Timberwolves,1,0.4700666666666667,0.07875,0.2858583333333333,0.10545833333333333,0.20635833333333334,0.076075,0.13029166666666667,0.10293333333333334,0.06430000000000001,1.6600000000000001,0.02625,0.06129166666666667,45.24333333333333,0.14293333333333333,0.3394,42.098333333333336,0.10545833333333333,0.14360833333333334,72.92833333333333,0.0,0.052308333333333325,0.84,0.019750000000000004,0.11704166666666667,0.17333333333333334,0.06430000000000001,0.0,0.5174416666666667,0.455,0.057292857142857145,0.30506428571428573,0.09265714285714285,0.21384285714285714,0.04906428571428572,0.16477142857142857,0.10964285714285715,0.08034285714285713,1.447142857142857,0.019100000000000002,0.04252857142857143,41.51428571428571,0.15252857142857143,0.3659642857142857,41.77285714285715,0.09265714285714285,0.12490000000000001,72.19571428571429,0.0,0.035057142857142856,0.4514285714285714,0.02534285714285714,0.11894285714285714,0.22857142857142856,0.08034285714285713,0.0,0.4894214285714286
99,103,2002-11-13,1,1,2002-03,Cleveland Cavaliers,Dallas Mavericks,0,0.416275,0.011041666666666667,0.3138916666666667,0.091325,0.23716666666666666,0.0778,0.15936666666666666,0.08674166666666668,0.09500833333333332,1.0666666666666667,0.0036750000000000007,0.015983333333333336,14.929999999999998,0.15695833333333334,0.3938833333333333,39.79,0.091325,0.13513333333333333,66.86166666666666,0.0,0.045858333333333334,0.5466666666666667,0.031849999999999996,0.109275,0.3066666666666667,0.09500833333333332,0.0,0.42983333333333335,0.5500166666666667,0.13441666666666666,0.32735833333333336,0.08824166666666668,0.21356666666666665,0.05498333333333333,0.15858333333333333,0.1259583333333333,0.06979166666666667,1.9033333333333333,0.04480833333333333,0.10275,44.415,0.16368333333333335,0.3314416666666667,49.12166666666667,0.08824166666666668,0.11589166666666667,75.91166666666668,0.0,0.050124999999999996,0.7549999999999999,0.022941666666666666,0.11194166666666666,0.22333333333333336,0.06979166666666667,0.0,0.6394583333333332
72,75,2002-11-13,1,1,2002-03,Denver Nuggets,Phoenix Suns,0,0.39773000000000003,0.05675,0.28833000000000003,0.052649999999999995,0.21747999999999998,0.06582,0.15167,0.10575000000000001,0.0984,1.1360000000000001,0.01892,0.06822,28.389999999999997,0.14417000000000002,0.32897,44.08,0.052649999999999995,0.08153000000000002,61.536,0.0,0.03367,0.376,0.026729999999999997,0.11332,0.24,0.0984,0.0,0.41997999999999996,0.3873,0.020900000000000002,0.30996999999999997,0.05643,0.24237999999999998,0.08025,0.16212999999999997,0.08844999999999999,0.09185,0.968,0.00697,0.04447,17.413999999999998,0.15498,0.3785,41.262,0.05643,0.07213,84.75999999999999,0.0,0.024919999999999998,0.276,0.024,0.10635000000000001,0.22800000000000004,0.09185,0.0,0.39848000000000006
91,82,2002-11-13,1,1,2002-03,New Jersey Nets,San Antonio Spurs,1,0.5041083333333333,0.050916666666666666,0.331475,0.12172500000000001,0.22838333333333335,0.06875,0.15964166666666668,0.11004166666666666,0.08604166666666667,1.3233333333333333,0.016975,0.05064166666666667,32.895,0.16573333333333332,0.3605666666666667,45.845000000000006,0.12172500000000001,0.15281666666666668,80.07833333333333,0.0,0.039375,0.46,0.04762500000000001,0.108325,0.46166666666666667,0.08604166666666667,0.0,0.5839,0.46498000000000006,0.06725,0.30127000000000004,0.09647000000000001,0.23475000000000001,0.07398,0.16076000000000001,0.0956,0.09452,1.014,0.022420000000000002,0.07138,30.619999999999997,0.15063,0.32731,45.739999999999995,0.09647000000000001,0.14764000000000002,63.81,0.0,0.05383,0.5660000000000001,0.038930000000000006,0.11794,0.332,0.09452,0.0,0.51677
108,101,2002-11-13,1,1,2002-03,Milwaukee Bucks,Chicago Bulls,1,0.47038,0.11220000000000001,0.2714,0.08678,0.19605,0.047779999999999996,0.14827,0.09938,0.08302000000000001,1.2100000000000002,0.0374,0.09515,37.720000000000006,0.1357,0.29525,45.604,0.08678,0.11803,74.78,0.0,0.0496,0.5959999999999999,0.03025,0.11042,0.28200000000000003,0.08302000000000001,0.0,0.5141,0.4635833333333333,0.06154166666666666,0.3236916666666667,0.07835,0.23775833333333332,0.06982500000000001,0.16795000000000002,0.11170833333333334,0.09298333333333335,1.2233333333333334,0.020516666666666666,0.06143333333333334,34.85166666666667,0.16185000000000002,0.3464416666666667,47.336666666666666,0.07835,0.12712500000000002,61.35666666666666,0.0,0.03569166666666667,0.4183333333333334,0.026225,0.11268333333333334,0.23333333333333336,0.09298333333333335,0.0,0.5076999999999999
91,81,2002-11-13,1,1,2002-03,Boston Celtics,Philadelphia 76ers,1,0.46329166666666666,0.12191666666666666,0.24353333333333335,0.09784166666666666,0.1873166666666667,0.04420833333333333,0.14310833333333334,0.10395,0.07245833333333335,1.4600000000000002,0.040641666666666666,0.13491666666666666,30.74,0.12175833333333332,0.2627083333333333,46.245000000000005,0.09784166666666666,0.1315,72.18333333333332,0.0,0.03987500000000001,0.5733333333333333,0.008833333333333334,0.10999166666666667,0.09166666666666667,0.07245833333333335,0.0,0.4619250000000001,0.4733375,0.04793750000000001,0.2939125,0.131475,0.25327500000000003,0.078275,0.17500000000000002,0.1045875,0.09381250000000001,1.2075,0.015975,0.058812500000000004,26.845,0.14696250000000002,0.3619,40.5475,0.131475,0.171375,76.80749999999999,0.0,0.0558125,0.6675,0.013525,0.11453749999999999,0.115,0.09381250000000001,0.0,0.5090375
99,94,2002-11-14,1,1,2002-03,Philadelphia 76ers,San Antonio Spurs,1,0.47784000000000004,0.04685000000000001,0.30213,0.12885,0.24979000000000004,0.07712,0.17267000000000002,0.1065,0.09138,1.27,0.015609999999999999,0.057550000000000004,26.830000000000002,0.15107,0.36768999999999996,40.958,0.12885,0.16743,77.03599999999999,0.0,0.056979999999999996,0.704,0.013819999999999999,0.11596,0.11800000000000002,0.09138,0.0,0.5164000000000001,0.46355833333333346,0.06996666666666666,0.29915,0.09444166666666669,0.2343166666666667,0.07284166666666667,0.16146666666666668,0.09585833333333334,0.09329166666666666,1.0450000000000002,0.023325000000000002,0.07305833333333334,31.151666666666667,0.14957499999999999,0.32644999999999996,45.53333333333333,0.09444166666666669,0.14386666666666667,64.37,0.0,0.05235833333333333,0.5583333333333333,0.038391666666666664,0.11673333333333334,0.3316666666666667,0.09329166666666666,0.0,0.5151666666666667
80,101,2002-11-14,1,1,2002-03,Los Angeles Clippers,Orlando Magic,0,0.4626166666666666,0.07537500000000001,0.2841666666666667,0.10307500000000001,0.21255833333333338,0.05135,0.16120833333333331,0.10329166666666667,0.08525833333333332,1.2183333333333333,0.025124999999999998,0.06212499999999999,40.71666666666667,0.14208333333333334,0.3058916666666667,46.379999999999995,0.10307500000000001,0.13770833333333332,73.97166666666668,0.0,0.021025000000000002,0.25666666666666665,0.035,0.11320833333333334,0.30833333333333335,0.08525833333333332,0.0,0.513775,0.5118416666666666,0.10499166666666666,0.30155000000000004,0.1053,0.19962499999999997,0.048675,0.15094166666666667,0.11695833333333333,0.07945,1.5050000000000001,0.034999999999999996,0.08746666666666668,42.62833333333334,0.150775,0.30585833333333334,49.096666666666664,0.1053,0.129225,79.82333333333334,0.0,0.02770833333333333,0.36166666666666664,0.02260833333333333,0.11915833333333332,0.18666666666666668,0.07945,0.0,0.5677916666666666
105,102,2002-11-14,1,1,2002-03,Washington Wizards,Utah Jazz,1,0.43450714285714287,0.0369,0.2914285714285714,0.10617857142857144,0.23977857142857142,0.06560714285714286,0.17417857142857143,0.09289999999999998,0.07135714285714286,1.3085714285714285,0.012307142857142859,0.048664285714285715,25.494285714285716,0.1457142857142857,0.35355,41.65428571428571,0.10617857142857144,0.13577142857142857,77.71142857142857,0.0,0.043,0.6100000000000001,0.026064285714285713,0.11238571428571428,0.24,0.07135714285714286,0.0,0.49110714285714285,0.4334142857142857,0.033428571428571426,0.2973857142857143,0.10260714285714286,0.20652857142857142,0.07812142857142858,0.1284142857142857,0.10675714285714286,0.09395,1.2557142857142856,0.011142857142857144,0.033557142857142855,24.364285714285717,0.14869285714285715,0.3492285714285715,42.59571428571428,0.10260714285714286,0.14484285714285713,70.07285714285713,0.0,0.03471428571428571,0.38571428571428573,0.020535714285714286,0.12109285714285713,0.17142857142857143,0.09395,0.0,0.44281428571428577
111,97,2002-11-15,1,1,2002-03,Seattle SuperSonics,Sacramento Kings,1,0.46814285714285714,0.09431428571428571,0.30264285714285716,0.07117857142857144,0.20408571428571426,0.06379285714285714,0.14029285714285716,0.11894285714285714,0.06962142857142857,1.727142857142857,0.03143571428571429,0.07097857142857143,44.27714285714286,0.15132857142857142,0.32922142857142855,45.935714285714276,0.07117857142857144,0.10285,68.61714285714285,0.0,0.04762142857142857,0.6885714285714285,0.024964285714285713,0.10509285714285714,0.2514285714285714,0.06962142857142857,0.0,0.5450357142857143,0.49511249999999996,0.0831625,0.31611249999999996,0.0958375,0.228,0.060700000000000004,0.1673,0.11320625,0.0781125,1.5825000000000002,0.02771875,0.0784875,35.1175,0.15805624999999998,0.3357125,46.911249999999995,0.0958375,0.13046875,73.275,0.0,0.04648125,0.5987500000000001,0.037512500000000004,0.10006875000000001,0.39,0.0781125,0.0,0.5791624999999999
95,99,2002-11-15,1,1,2002-03,Memphis Grizzlies,Minnesota Timberwolves,0,0.4895428571428572,0.05819285714285714,0.34452857142857146,0.08681428571428572,0.19459285714285715,0.04069285714285714,0.15389999999999998,0.11262857142857144,0.09740714285714284,1.1500000000000001,0.0194,0.06954285714285714,32.355714285714285,0.17226428571428573,0.3281428571428572,53.66857142857143,0.08681428571428572,0.12704285714285715,71.00428571428571,0.0,0.04637857142857143,0.4728571428571428,0.02542142857142857,0.10110714285714287,0.2514285714285714,0.09740714285714284,0.0,0.5248999999999999,0.45546875,0.055518750000000006,0.306775,0.09318749999999999,0.21516249999999998,0.04956875,0.16558125,0.10968750000000001,0.08022499999999999,1.4549999999999998,0.0185125,0.04205625,40.381249999999994,0.1533875,0.36639374999999996,41.955000000000005,0.09318749999999999,0.12506875,72.5475,0.0,0.03435,0.44375,0.025612499999999996,0.1174375,0.235,0.08022499999999999,0.0,0.49160625
86,75,2002-11-15,1,1,2002-03,Detroit Pistons,Utah Jazz,1,0.4415142857142857,0.08752857142857141,0.2479,0.1060857142857143,0.22541428571428573,0.05323571428571428,0.17217857142857143,0.09823571428571429,0.07842142857142857,1.4414285714285715,0.029171428571428567,0.09101428571428571,33.478571428571435,0.12395,0.2747,44.92714285714286,0.1060857142857143,0.1374142857142857,76.29857142857144,0.0,0.030464285714285715,0.4471428571428571,0.030928571428571427,0.13290714285714283,0.23714285714285713,0.07842142857142857,0.0,0.5042214285714286,0.43720625,0.0346375,0.29833750000000003,0.10423125,0.2069625,0.07718125,0.1297875,0.10771249999999999,0.09376875000000001,1.275,0.01155,0.034437499999999996,25.31875,0.14916875000000002,0.34706250000000005,43.03124999999999,0.10423125,0.147125,70.13374999999999,0.0,0.034825,0.3875,0.02171875,0.12088124999999998,0.18125,0.09376875000000001,0.0,0.450975
84,79,2002-11-15,1,1,2002-03,Toronto Raptors,Denver Nuggets,1,0.3940416666666667,0.057875,0.24655833333333332,0.08960833333333333,0.23909999999999998,0.06745833333333334,0.17164166666666666,0.07582499999999999,0.09344166666666666,0.8516666666666667,0.01929166666666667,0.07350000000000001,26.501666666666665,0.12327499999999998,0.32819166666666666,37.565,0.08960833333333333,0.12239166666666668,72.96666666666667,0.0,0.04485833333333333,0.5216666666666666,0.022058333333333333,0.11903333333333332,0.19500000000000003,0.09344166666666666,0.0,0.39053333333333334,0.39825,0.05395833333333333,0.28944166666666665,0.05485,0.21706666666666666,0.067075,0.15,0.10548333333333333,0.09783333333333333,1.135,0.017991666666666666,0.06504166666666666,28.11333333333333,0.14472500000000002,0.3333083333333333,43.72,0.05485,0.083775,62.135,0.0,0.034725,0.38666666666666666,0.026716666666666666,0.113875,0.2383333333333333,0.09783333333333333,0.0,0.41984166666666667
105,87,2002-11-15,1,1,2002-03,New Orleans Hornets,Chicago Bulls,1,0.4701571428571429,0.0776,0.28828571428571426,0.10427142857142857,0.2065714285714286,0.07592142857142857,0.13065714285714286,0.10251428571428571,0.06480714285714287,1.6442857142857146,0.02586428571428571,0.06172142857142858,44.308571428571426,0.14415,0.34050714285714284,42.300000000000004,0.10427142857142857,0.14176428571428573,73.1,0.0,0.05136428571428571,0.8200000000000001,0.01978571428571429,0.11634285714285715,0.1742857142857143,0.06480714285714287,0.0,0.5158714285714286,0.4622571428571428,0.06132142857142857,0.32235,0.07858571428571429,0.23889285714285716,0.07056428571428572,0.16834285714285716,0.11024285714285716,0.09255714285714287,1.2142857142857142,0.020442857142857145,0.061128571428571435,35.04857142857143,0.16117857142857142,0.3493,46.74142857142857,0.07858571428571429,0.12784285714285715,61.17285714285714,0.0,0.03559285714285714,0.4185714285714286,0.025842857142857143,0.11291428571428572,0.2285714285714286,0.09255714285714287,0.0,0.5022142857142857
84,93,2002-11-15,1,1,2002-03,Miami Heat,New Jersey Nets,0,0.43917,0.0417,0.32523,0.07223,0.20778000000000002,0.060930000000000005,0.14685,0.09668,0.05739999999999999,1.7220000000000002,0.013900000000000001,0.04875,25.736,0.16262,0.35885,45.331999999999994,0.07223,0.09328,76.888,0.0,0.02078,0.37399999999999994,0.022600000000000002,0.11057000000000002,0.236,0.05739999999999999,0.0,0.47748,0.5027071428571428,0.05190714285714286,0.33024285714285717,0.12055714285714288,0.22697857142857145,0.06780714285714286,0.1591857142857143,0.11156428571428571,0.08436428571428571,1.3814285714285715,0.017307142857142858,0.05147142857142857,33.00857142857143,0.16512142857142859,0.3595642857142857,45.80428571428572,0.12055714285714288,0.15129285714285715,80.07142857142857,0.0,0.03936428571428572,0.47000000000000003,0.045414285714285726,0.10846428571428571,0.43857142857142856,0.08436428571428571,0.0,0.5823214285714285
112,88,2002-11-15,1,1,2002-03,Portland Trail Blazers,Los Angeles Clippers,1,0.44246875,0.058125,0.30773125,0.07661250000000001,0.19530625000000001,0.0689125,0.1263875,0.10831874999999999,0.0775625,1.4162500000000002,0.019368750000000004,0.057075,35.52875,0.15386875,0.3466,44.291250000000005,0.07661250000000001,0.11981875000000002,62.60875,0.0,0.04523125,0.5962500000000001,0.0176625,0.10485625,0.17375,0.0775625,0.0,0.4577875,0.4654071428571428,0.07532142857142857,0.28540714285714286,0.10467857142857143,0.21321428571428575,0.05115714285714285,0.16205714285714284,0.10322857142857143,0.08522142857142856,1.2242857142857144,0.025107142857142856,0.062435714285714275,40.60142857142858,0.14270714285714287,0.3058642857142857,46.582857142857144,0.10467857142857143,0.1394642857142857,74.12,0.0,0.02128571428571429,0.26142857142857145,0.034492857142857145,0.11295714285714285,0.3057142857142857,0.08522142857142856,0.0,0.5171142857142857
88,87,2002-11-15,1,1,2002-03,Phoenix Suns,Houston Rockets,1,0.39149999999999996,0.02491666666666667,0.3088666666666667,0.057716666666666666,0.242125,0.07965,0.16246666666666665,0.09051666666666665,0.09181666666666666,0.9916666666666667,0.008308333333333333,0.0447,20.206666666666667,0.154425,0.376525,41.321666666666665,0.057716666666666666,0.07427500000000001,83.68333333333332,0.0,0.025766666666666663,0.28500000000000003,0.025275000000000002,0.10585000000000001,0.2416666666666667,0.09181666666666666,0.0,0.4083166666666667,0.42852999999999997,0.05405,0.27942999999999996,0.09505000000000001,0.23752,0.07160000000000001,0.16592,0.0651,0.08488,0.8140000000000001,0.01802,0.04530000000000001,38.43,0.13972,0.34932,40.058,0.09505000000000001,0.12763,74.0,0.0,0.03393,0.41,0.04232,0.10007999999999999,0.42200000000000004,0.08488,0.0,0.45305
103,100,2002-11-15,1,1,2002-03,Indiana Pacers,Milwaukee Bucks,1,0.4549750000000001,0.04175,0.3126416666666667,0.10058333333333332,0.2349,0.0706,0.1643,0.09748333333333332,0.081325,1.2083333333333333,0.013916666666666667,0.037066666666666664,34.79333333333333,0.1563166666666667,0.3675916666666667,42.839999999999996,0.10058333333333332,0.14181666666666667,70.79,0.0,0.048808333333333336,0.5916666666666668,0.035225,0.133975,0.26833333333333337,0.081325,0.0,0.5144000000000001,0.47517499999999996,0.11141666666666668,0.27810833333333335,0.08565,0.19698333333333332,0.048008333333333326,0.148975,0.10059166666666668,0.08251666666666667,1.2333333333333334,0.03714166666666666,0.0936,38.18,0.13905833333333334,0.29770833333333335,46.328333333333326,0.08565,0.11683333333333333,74.6,0.0,0.048275000000000005,0.5833333333333333,0.030483333333333335,0.11062500000000001,0.2833333333333334,0.08251666666666667,0.0,0.522725
96,89,2002-11-15,1,1,2002-03,Los Angeles Lakers,Golden State Warriors,1,0.45469999999999994,0.0818,0.27810833333333335,0.09479999999999998,0.21994999999999998,0.07650833333333334,0.14345,0.10949166666666667,0.08294166666666666,1.3833333333333335,0.027274999999999997,0.09484166666666666,29.03333333333333,0.13905,0.3333,42.065,0.09479999999999998,0.11513333333333332,82.72,0.0,0.04634166666666667,0.5783333333333333,0.026033333333333335,0.12271666666666665,0.22166666666666668,0.08294166666666666,0.0,0.4914416666666666,0.4882625,0.0707,0.30360625,0.11395625000000001,0.23485625000000004,0.08345000000000002,0.15140625,0.10379374999999999,0.08975625,1.1524999999999999,0.02355625,0.06430625,33.9525,0.15180000000000002,0.34521875,43.379999999999995,0.11395625000000001,0.14318124999999998,79.81875000000001,0.0,0.03659375,0.42375,0.044968749999999995,0.12044375,0.37625000000000003,0.08975625,0.0,0.5553187500000001
86,97,2002-11-15,1,1,2002-03,Boston Celtics,Dallas Mavericks,0,0.4673142857142857,0.12500714285714284,0.24425000000000002,0.09805,0.18902857142857146,0.04503571428571428,0.14399285714285717,0.10430714285714286,0.07200714285714287,1.4828571428571433,0.041671428571428575,0.13625714285714285,31.12,0.12212142857142856,0.26395714285714283,46.17857142857143,0.09805,0.13107857142857143,72.63285714285713,0.0,0.04132142857142858,0.5971428571428571,0.01042857142857143,0.11040000000000001,0.10571428571428572,0.07200714285714287,0.0,0.47093571428571435,0.54685,0.13297142857142857,0.32487857142857146,0.08900000000000001,0.2145857142857143,0.05437142857142857,0.1602142857142857,0.12439285714285712,0.06951428571428572,1.945714285714286,0.044328571428571426,0.10194999999999999,44.39857142857143,0.16244285714285714,0.3291928571428571,49.08857142857143,0.08900000000000001,0.11617142857142858,76.41,0.0,0.05041428571428571,0.7828571428571428,0.023442857142857144,0.11115714285714286,0.23,0.06951428571428572,0.0,0.6386142857142856
74,53,2002-11-16,1,1,2002-03,Detroit Pistons,Denver Nuggets,1,0.440075,0.08783749999999999,0.24738125,0.10485625000000001,0.22333125,0.052518749999999996,0.17081249999999998,0.0983,0.07838125000000001,1.43875,0.029274999999999995,0.0908125,33.78125,0.12369375,0.2741125,44.945,0.10485625000000001,0.136175,76.1225,0.0,0.030875,0.45125,0.03105,0.13223125,0.23875,0.07838125000000001,0.0,0.501975,0.3977857142857143,0.051149999999999994,0.2895214285714286,0.057114285714285715,0.21717857142857142,0.06841428571428572,0.14877857142857143,0.1046,0.09742857142857142,1.1271428571428572,0.017057142857142858,0.06238571428571428,27.369999999999997,0.1447642857142857,0.33650714285714284,43.34428571428571,0.057114285714285715,0.08609285714285715,62.80285714285714,0.0,0.035578571428571425,0.39428571428571424,0.02667857142857143,0.11444285714285715,0.23714285714285713,0.09742857142857142,0.0,0.4183357142857143
95,65,2002-11-16,1,1,2002-03,Washington Wizards,Miami Heat,1,0.4381625,0.036506250000000004,0.29515625,0.10650000000000001,0.23715,0.06466875000000001,0.17248125,0.09339999999999998,0.0712625,1.32125,0.012175,0.04828125,25.22125,0.147575,0.35318125,42.20625,0.10650000000000001,0.1363,77.54125,0.0,0.043012499999999995,0.6112500000000001,0.025775,0.11146249999999999,0.23875,0.0712625,0.0,0.49471875,0.4370833333333333,0.04641666666666666,0.31935833333333336,0.0713,0.20898333333333338,0.06105,0.14793333333333333,0.096125,0.05783333333333333,1.705,0.015475000000000001,0.05243333333333333,26.635,0.15968333333333332,0.35585,44.87333333333333,0.0713,0.09204166666666667,76.45166666666667,0.0,0.020791666666666667,0.3733333333333333,0.02244166666666667,0.111725,0.23166666666666666,0.05783333333333333,0.0,0.47373333333333334
135,92,2002-11-16,1,1,2002-03,Golden State Warriors,Orlando Magic,1,0.4872777777777777,0.07013333333333333,0.3030666666666667,0.11407222222222223,0.23438333333333336,0.08272222222222224,0.15166666666666667,0.10302777777777777,0.08901666666666667,1.1555555555555554,0.023372222222222225,0.06514999999999999,32.83666666666667,0.15153333333333335,0.34512777777777776,43.31666666666666,0.11407222222222223,0.1427611111111111,80.14888888888889,0.0,0.036833333333333336,0.43,0.043927777777777774,0.1199777777777778,0.36888888888888893,0.08901666666666667,0.0,0.5523666666666668,0.51515,0.10338571428571429,0.3043642857142857,0.10740000000000001,0.19887857142857143,0.04913571428571429,0.1497357142857143,0.11721428571428572,0.07809999999999999,1.5485714285714287,0.03446428571428571,0.0881,41.58857142857143,0.15217857142857144,0.3068071428571429,49.39714285714285,0.10740000000000001,0.13085,80.45,0.0,0.028307142857142857,0.38285714285714284,0.022321428571428572,0.11955,0.1842857142857143,0.07809999999999999,0.0,0.5720357142857143
111,93,2002-11-16,1,1,2002-03,Chicago Bulls,Memphis Grizzlies,1,0.46204999999999996,0.0606875,0.3219,0.0794625,0.23903125,0.07073125000000001,0.1683125,0.1089625,0.092,1.2075,0.02023125,0.06091250000000001,34.89125,0.16095625,0.3507125,46.475,0.0794625,0.1288125,61.317499999999995,0.0,0.03544375,0.41875,0.0256625,0.1129375,0.22625,0.092,0.0,0.4993625,0.48671250000000005,0.05818125,0.34115,0.08736875,0.19488125,0.04248125,0.15239999999999998,0.11167500000000001,0.09655625,1.1675,0.0194,0.06881875,32.42125,0.170575,0.33009375,52.77375,0.08736875,0.1267125,71.42375,0.0,0.04721875,0.49124999999999996,0.02669375,0.10159375000000001,0.26249999999999996,0.09655625,0.0,0.5223374999999999
77,90,2002-11-16,1,1,2002-03,Cleveland Cavaliers,San Antonio Spurs,0,0.41627142857142857,0.011335714285714286,0.31351428571428575,0.09140714285714287,0.23560714285714288,0.07668571428571427,0.15892142857142857,0.08712142857142859,0.09492142857142857,1.0642857142857143,0.0037785714285714293,0.01655714285714286,15.06285714285714,0.15676428571428572,0.3933285714285714,39.80428571428571,0.09140714285714287,0.1344857142857143,67.33999999999999,0.0,0.04645,0.55,0.0323,0.10973571428571428,0.31000000000000005,0.09492142857142857,0.0,0.43039285714285713,0.461707142857143,0.07229285714285714,0.2964142857142858,0.09300714285714287,0.23342857142857146,0.07207857142857144,0.16134285714285718,0.09565000000000001,0.09273571428571428,1.0585714285714285,0.024100000000000003,0.07404999999999999,31.821428571428573,0.14820714285714284,0.32570714285714286,45.214285714285715,0.09300714285714287,0.1410857142857143,64.83428571428571,0.0,0.051578571428571425,0.5542857142857143,0.037464285714285714,0.11559285714285715,0.32571428571428573,0.09273571428571428,0.0,0.5115714285714287
92,93,2002-11-16,1,1,2002-03,New York Knicks,Philadelphia 76ers,0,0.4363642857142857,0.06042142857142857,0.31092142857142857,0.06502142857142858,0.1872,0.049742857142857144,0.13744285714285714,0.10908571428571427,0.07782142857142858,1.4214285714285713,0.02014285714285714,0.06970714285714286,28.34714285714286,0.15545714285714288,0.34602857142857146,45.15428571428571,0.06502142857142858,0.08402142857142857,77.77428571428571,0.0,0.041435714285714284,0.5871428571428571,0.020300000000000002,0.14436428571428572,0.1385714285714286,0.07782142857142858,0.0,0.45742857142857135,0.478675,0.04725833333333334,0.3055833333333333,0.125825,0.24625000000000005,0.075575,0.17067500000000002,0.10779999999999999,0.08948333333333335,1.315,0.01575,0.057600000000000005,26.974999999999998,0.15280000000000002,0.36974166666666664,41.16166666666667,0.125825,0.1631,77.26833333333333,0.0,0.05748333333333333,0.725,0.013900000000000001,0.11699166666666666,0.11833333333333335,0.08948333333333335,0.0,0.5185500000000001
88,96,2002-11-16,1,1,2002-03,New Jersey Nets,Dallas Mavericks,0,0.5010437499999999,0.05221875,0.32911875,0.11970625000000001,0.2262625,0.06714375,0.15913125,0.11206875000000001,0.08358125,1.41,0.01740625,0.051675,33.0875,0.16455625000000002,0.35883750000000003,45.743750000000006,0.11970625000000001,0.15011875,80.09875,0.0,0.03944375,0.47625,0.04364375000000001,0.1085,0.42,0.08358125,0.0,0.57991875,0.544275,0.1304125,0.32364375,0.09021875000000001,0.2146375,0.05375,0.1608875,0.12283124999999999,0.06910625000000001,1.96875,0.04347499999999999,0.10100624999999999,43.901250000000005,0.161825,0.327575,49.15375,0.09021875000000001,0.11680625,76.9975,0.0,0.05020625,0.7949999999999999,0.0237125,0.110625,0.23375,0.06910625000000001,0.0,0.6366749999999999
101,107,2002-11-16,1,1,2002-03,Minnesota Timberwolves,Indiana Pacers,0,0.4568722222222222,0.053727777777777784,0.3092166666666667,0.09394444444444444,0.2163222222222222,0.05045,0.16586111111111113,0.10986111111111112,0.07964444444444443,1.4788888888888887,0.017911111111111114,0.0413388888888889,39.49999999999999,0.15461111111111114,0.3674888888888888,42.153333333333336,0.09394444444444444,0.12547777777777777,72.98111111111112,0.0,0.03386666666666666,0.4444444444444444,0.025755555555555552,0.11647222222222221,0.23888888888888887,0.07964444444444443,0.0,0.4951777777777778,0.45752857142857145,0.04221428571428571,0.3141,0.1012142857142857,0.23470714285714284,0.06857857142857142,0.16613571428571428,0.09937142857142857,0.08184999999999999,1.2228571428571429,0.014071428571428572,0.037078571428571426,34.97142857142857,0.15705,0.3654857142857143,43.339999999999996,0.1012142857142857,0.14115,71.63285714285715,0.0,0.04826428571428571,0.5814285714285715,0.03498571428571429,0.1323857142857143,0.27,0.08184999999999999,0.0,0.5216285714285714
104,85,2002-11-16,1,1,2002-03,Milwaukee Bucks,Boston Celtics,1,0.47943571428571424,0.1117214285714286,0.2830714285714286,0.08463571428571429,0.19762142857142856,0.04839285714285714,0.1492214285714286,0.10193571428571428,0.08185,1.262857142857143,0.03724285714285714,0.09318571428571429,38.534285714285716,0.14154285714285714,0.2996714285714286,46.84714285714285,0.08463571428571429,0.1160642857142857,74.21000000000001,0.0,0.04760000000000001,0.5814285714285713,0.030621428571428574,0.11115,0.28285714285714286,0.08185,0.0,0.5298857142857143,0.46976249999999997,0.12743125,0.243875,0.09845000000000001,0.19102500000000003,0.045968749999999996,0.14505625000000003,0.10431875000000002,0.07214375,1.4887500000000002,0.042475,0.1368,31.5625,0.12193124999999999,0.264325,46.045,0.09845000000000001,0.13125625000000002,72.91624999999999,0.0,0.04225000000000001,0.61,0.011700000000000002,0.1105875,0.11624999999999999,0.07214375,0.0,0.47738125000000003
89,82,2002-11-16,1,1,2002-03,Atlanta Hawks,New Orleans Hornets,1,0.48930714285714283,0.06494285714285715,0.32595714285714283,0.0984,0.1982714285714286,0.06200714285714286,0.13625714285714285,0.1085142857142857,0.11136428571428571,0.9728571428571426,0.021650000000000003,0.06993571428571428,31.749999999999996,0.16297857142857142,0.32916428571428574,49.74571428571429,0.0984,0.12510714285714286,77.93285714285715,0.0,0.05310714285714286,0.4742857142857143,0.04591428571428572,0.1182,0.3999999999999999,0.11136428571428571,0.0,0.5425571428571427,0.4708375,0.0775125,0.28974999999999995,0.10358125,0.20676250000000002,0.07556874999999999,0.13119999999999998,0.10266875,0.06514375,1.6387500000000002,0.02583125,0.0626,43.6275,0.14488125,0.34044375,42.526250000000005,0.10358125,0.14029375,73.445,0.0,0.050256249999999995,0.7987500000000001,0.019887500000000002,0.1153125,0.1775,0.06514375,0.0,0.51623125
78,82,2002-11-17,1,1,2002-03,Toronto Raptors,Utah Jazz,0,0.4012214285714286,0.05848571428571429,0.25235714285714284,0.09037857142857142,0.23729285714285714,0.06772142857142859,0.16957142857142854,0.07570714285714285,0.09172857142857142,0.8685714285714285,0.019492857142857145,0.07320714285714287,26.881428571428568,0.12617142857142857,0.3311,38.04285714285714,0.09037857142857142,0.12255714285714288,73.39428571428572,0.0,0.04437142857142857,0.5242857142857142,0.022478571428571428,0.11845714285714284,0.2,0.09172857142857142,0.0,0.3985214285714286,0.4420277777777778,0.03641111111111111,0.29949444444444445,0.10612222222222222,0.20695555555555556,0.07617222222222224,0.13078333333333333,0.10886666666666665,0.09356111111111112,1.2955555555555556,0.012144444444444444,0.03561111111111111,26.616666666666667,0.14975,0.34488888888888897,43.49999999999999,0.10612222222222222,0.1491111111111111,70.50999999999999,0.0,0.03498333333333334,0.39,0.022777777777777775,0.12119999999999997,0.19,0.09356111111111112,0.0,0.46045
101,99,2002-11-17,1,1,2002-03,Sacramento Kings,Orlando Magic,1,0.49642222222222215,0.08371111111111113,0.31723888888888885,0.09546666666666667,0.22717777777777778,0.06020555555555556,0.16697777777777778,0.11430555555555556,0.07790555555555556,1.5944444444444446,0.027905555555555555,0.07886666666666667,35.16555555555556,0.15861666666666666,0.3364666666666667,46.97999999999999,0.09546666666666667,0.13027777777777777,73.1277777777778,0.0,0.046455555555555555,0.6000000000000001,0.03667777777777778,0.10040555555555557,0.3811111111111111,0.07790555555555556,0.0,0.5795333333333333,0.5181,0.10265,0.30694375,0.10850625,0.19933125000000002,0.050106250000000005,0.14921875,0.117175,0.0770875,1.5787500000000003,0.03421875,0.088725,40.91375,0.15346875000000001,0.30806875,49.614999999999995,0.10850625,0.13136875,81.03375,0.0,0.029218749999999998,0.40499999999999997,0.02195625,0.1197625,0.18125,0.0770875,0.0,0.57670625
78,84,2002-11-17,1,1,2002-03,Los Angeles Clippers,Seattle SuperSonics,0,0.4662187499999999,0.0748125,0.285825,0.10558125,0.2128875,0.050624999999999996,0.16226875,0.1025125,0.08534999999999998,1.21875,0.024937499999999998,0.06268125,40.252500000000005,0.14291875,0.30575625,46.665,0.10558125,0.14046875,74.2025,0.0,0.021750000000000002,0.26625,0.0344,0.11234999999999999,0.3075,0.08534999999999998,0.0,0.5169250000000001,0.46853125,0.09495,0.30278125,0.07079375,0.20451249999999999,0.063475,0.1410375,0.1188375,0.06959375,1.725,0.031643750000000005,0.07140625,44.18000000000001,0.15139999999999998,0.32939375,45.925,0.07079375,0.10186875,68.99749999999999,0.0,0.046668749999999995,0.6762499999999999,0.02426875,0.10438125000000001,0.24624999999999997,0.06959375,0.0,0.54440625
89,93,2002-11-17,1,1,2002-03,Los Angeles Lakers,Houston Rockets,0,0.4544714285714285,0.08162857142857143,0.2789142857142857,0.09393571428571426,0.2197785714285714,0.07620714285714288,0.1435857142857143,0.10947857142857144,0.08145,1.4200000000000002,0.02722142857142857,0.09530714285714284,28.851428571428567,0.13945714285714286,0.33381428571428573,42.12285714285714,0.09393571428571426,0.11377142857142857,82.93857142857142,0.0,0.046150000000000004,0.5914285714285714,0.026242857142857144,0.1217,0.22428571428571428,0.08145,0.0,0.49239285714285713,0.43308333333333326,0.05629166666666666,0.2828583333333333,0.09393333333333335,0.23445833333333332,0.070775,0.16368333333333335,0.06758333333333334,0.08254166666666667,0.8883333333333333,0.018766666666666668,0.04830833333333334,37.82,0.14143333333333336,0.34735000000000005,40.8,0.09393333333333335,0.1265,73.79166666666667,0.0,0.03410833333333333,0.43166666666666664,0.041100000000000005,0.09965,0.4116666666666667,0.08254166666666667,0.0,0.45976666666666666
100,84,2002-11-17,1,1,2002-03,Philadelphia 76ers,Washington Wizards,1,0.47949285714285717,0.047735714285714284,0.3083571428571429,0.12338571428571429,0.24392857142857147,0.07442142857142857,0.16950714285714288,0.10865,0.08750000000000001,1.3628571428571428,0.015914285714285714,0.05714285714285715,27.775714285714287,0.15418571428571431,0.3716499999999999,41.30428571428571,0.12338571428571429,0.1595285714285714,77.50857142857141,0.0,0.05721428571428571,0.7357142857142857,0.014592857142857144,0.11769285714285714,0.1242857142857143,0.08750000000000001,0.0,0.5215285714285715,0.4435777777777778,0.03682777777777778,0.29875,0.10800000000000001,0.23371666666666668,0.06345555555555556,0.1702611111111111,0.0939222222222222,0.0714,1.33,0.012277777777777778,0.04833333333333333,25.191111111111113,0.14937222222222224,0.3518555555555556,42.858888888888885,0.10800000000000001,0.13768333333333332,77.69111111111111,0.0,0.04295555555555555,0.61,0.025344444444444444,0.11074444444444444,0.23666666666666666,0.0714,0.0,0.4998888888888888
99,79,2002-11-18,1,1,2002-03,New Jersey Nets,Denver Nuggets,1,0.4989166666666666,0.05225,0.3271333333333334,0.1195277777777778,0.22556666666666667,0.0661388888888889,0.15943888888888888,0.11218333333333336,0.08256111111111111,1.4355555555555555,0.017416666666666667,0.05183333333333333,32.99444444444444,0.16356111111111113,0.3574388888888889,45.64777777777778,0.1195277777777778,0.14989444444444444,80.08777777777777,0.0,0.03957222222222222,0.4855555555555556,0.04150555555555556,0.10866666666666666,0.3977777777777778,0.08256111111111111,0.0,0.5765277777777779,0.3974375,0.048975,0.28989375,0.05856875,0.21808124999999998,0.06970625,0.14838125,0.10386875,0.09767499999999998,1.115,0.01633125,0.060137499999999997,26.974999999999998,0.14495,0.338975,43.09375,0.05856875,0.08759375,63.27125,0.0,0.035818749999999996,0.39499999999999996,0.026625,0.11545,0.235,0.09767499999999998,0.0,0.41729375
94,91,2002-11-18,1,1,2002-03,New York Knicks,Detroit Pistons,1,0.43845625,0.06060625,0.31111875,0.0667375,0.18833125,0.0507875,0.137525,0.10810624999999999,0.07785625000000002,1.40875,0.0202,0.06974375,28.403750000000002,0.15555625,0.34621250000000003,45.15625,0.0667375,0.08594374999999999,78.04499999999999,0.0,0.040868749999999995,0.5774999999999999,0.020025,0.14358125,0.1375,0.07785625000000002,0.0,0.45853124999999995,0.43895555555555554,0.08828888888888888,0.2478111111111111,0.10286111111111113,0.22060000000000002,0.05147222222222222,0.1691222222222222,0.09876666666666667,0.07856111111111112,1.4388888888888889,0.02942222222222222,0.09058333333333334,34.12111111111111,0.12390555555555556,0.2735888888888889,45.142222222222216,0.10286111111111113,0.1341,75.83,0.0,0.031122222222222225,0.45333333333333337,0.03142222222222222,0.13115,0.24555555555555555,0.07856111111111112,0.0,0.5002277777777777
104,78,2002-11-18,1,1,2002-03,San Antonio Spurs,Cleveland Cavaliers,1,0.4608687500000001,0.07520625,0.29483125000000004,0.09083125000000002,0.2319875,0.07135000000000001,0.16062500000000002,0.09626875000000001,0.09169375,1.08875,0.025075,0.07549375,32.5125,0.14741875,0.32491875,45.08625,0.09083125000000002,0.137825,65.00375,0.0,0.0502875,0.54625,0.03653125,0.11419375000000001,0.32125000000000004,0.09169375,0.0,0.5093437500000001,0.41876875,0.0122625,0.314325,0.09216875000000001,0.23428125000000002,0.0755375,0.15874375,0.08841875000000002,0.09399375,1.085,0.004087500000000001,0.0175375,15.341249999999999,0.15716875,0.39252499999999996,39.9975,0.09216875000000001,0.1347875,67.85499999999999,0.0,0.04681875,0.555,0.032793749999999997,0.11031875,0.31375000000000003,0.09399375,0.0,0.43565625
117,92,2002-11-18,1,1,2002-03,Atlanta Hawks,Toronto Raptors,1,0.48884375,0.06596250000000001,0.3239625,0.0989125,0.20036250000000003,0.061912499999999995,0.13844375,0.10807499999999999,0.11064375,0.9762499999999998,0.021993750000000003,0.07001874999999999,32.26125,0.16198125,0.32801875,49.59875,0.0989125,0.12516875,78.31,0.0,0.05209375,0.4675,0.04470625,0.11764375,0.39124999999999993,0.11064375,0.0,0.5430999999999999,0.40622500000000006,0.0589125,0.25628125,0.09103125,0.23528749999999998,0.06769375000000001,0.16759374999999999,0.07593124999999999,0.09010625,0.89,0.019631250000000003,0.07249375000000001,27.491249999999997,0.1281375,0.33299375,38.3775,0.09103125,0.12333125000000002,73.475,0.0,0.0442125,0.53125,0.02271875,0.11802499999999999,0.2025,0.09010625,0.0,0.40425625
89,99,2002-11-18,1,1,2002-03,Golden State Warriors,Los Angeles Clippers,0,0.4862399999999999,0.07006,0.30213500000000004,0.11404,0.23425500000000002,0.08207500000000002,0.15219,0.101975,0.088175,1.156,0.023345,0.06619499999999999,32.054,0.15107,0.34524,43.178,0.11404,0.14267499999999997,80.23100000000001,0.0,0.03696000000000001,0.43499999999999994,0.04266,0.11967000000000001,0.35900000000000004,0.088175,0.0,0.5482550000000002,0.46629444444444434,0.07483333333333334,0.2849,0.1065611111111111,0.2118722222222222,0.05034444444444444,0.16152777777777777,0.10167777777777778,0.08579999999999999,1.2077777777777778,0.024944444444444443,0.06321666666666666,39.98666666666667,0.14245555555555556,0.3051833333333333,46.595555555555556,0.1065611111111111,0.14208333333333334,74.07444444444444,0.0,0.022733333333333335,0.27555555555555555,0.03405,0.11187777777777777,0.30666666666666664,0.08579999999999999,0.0,0.5142777777777778
99,76,2002-11-19,1,1,2002-03,Utah Jazz,Phoenix Suns,1,0.44444999999999996,0.03727,0.30067000000000005,0.10651,0.20695000000000002,0.07511500000000002,0.13182999999999997,0.10966999999999998,0.09358000000000001,1.309,0.01243,0.03629999999999999,27.363999999999997,0.150335,0.3433400000000001,43.88799999999999,0.10651,0.14964,70.53299999999999,0.0,0.034925,0.389,0.023559999999999998,0.12145499999999998,0.196,0.09358000000000001,0.0,0.465965,0.39373571428571424,0.027785714285714285,0.30698571428571425,0.05896428571428571,0.24018571428571428,0.07827142857142858,0.16190714285714283,0.09207857142857143,0.09165714285714285,1.0114285714285713,0.009264285714285713,0.04525,21.975714285714282,0.15348571428571428,0.37355,41.395714285714284,0.05896428571428571,0.07631428571428571,82.79999999999998,0.0,0.02637142857142857,0.2914285714285714,0.026564285714285714,0.10572857142857144,0.25428571428571434,0.09165714285714285,0.0,0.4138642857142858
84,101,2002-11-19,1,1,2002-03,Seattle SuperSonics,Orlando Magic,0,0.4705722222222222,0.0944,0.30525,0.07091666666666667,0.2051222222222222,0.06302222222222223,0.1421,0.1195888888888889,0.06970555555555555,1.731111111111111,0.03146111111111111,0.07146111111111111,43.616666666666674,0.15263333333333332,0.33050555555555555,46.11222222222222,0.07091666666666667,0.10131666666666667,69.54777777777777,0.0,0.04620555555555555,0.6688888888888889,0.023305555555555555,0.10410555555555556,0.23666666666666666,0.06970555555555555,0.0,0.5468333333333333,0.5198388888888889,0.1008277777777778,0.3085333333333333,0.11047777777777777,0.19906111111111113,0.050994444444444446,0.14805555555555555,0.11616666666666668,0.0760888888888889,1.5922222222222224,0.03361111111111111,0.08893333333333334,39.81,0.15426111111111113,0.3098111111111111,49.60999999999999,0.11047777777777777,0.1332277777777778,81.55333333333334,0.0,0.029999999999999995,0.4244444444444444,0.021877777777777777,0.1207611111111111,0.18,0.0760888888888889,0.0,0.5772111111111111
97,80,2002-11-19,1,1,2002-03,Houston Rockets,Cleveland Cavaliers,1,0.43590714285714277,0.05896428571428571,0.28469285714285714,0.09225000000000001,0.23147142857142855,0.06995,0.1615214285714286,0.06956428571428572,0.08125714285714285,0.9371428571428572,0.019657142857142856,0.050592857142857155,37.839999999999996,0.14235000000000003,0.3456857142857143,41.269999999999996,0.09225000000000001,0.12455000000000001,73.57000000000001,0.0,0.03433571428571429,0.44571428571428573,0.03982142857142857,0.09929285714285714,0.4,0.08125714285714285,0.0,0.4632714285714286,0.41925,0.013400000000000002,0.31426111111111116,0.09158333333333334,0.23311111111111116,0.07415555555555556,0.15895,0.08956666666666668,0.09376111111111111,1.0944444444444443,0.004466666666666667,0.01871111111111111,15.95444444444444,0.15713888888888888,0.39147777777777776,40.10444444444445,0.09158333333333334,0.13328333333333334,68.3211111111111,0.0,0.04717222222222222,0.5555555555555556,0.03331666666666666,0.11090555555555555,0.3177777777777778,0.09376111111111111,0.0,0.43836111111111115
98,72,2002-11-19,1,1,2002-03,Dallas Mavericks,Los Angeles Lakers,1,0.5407444444444445,0.1278,0.32185,0.09109444444444445,0.21495555555555557,0.05305555555555555,0.1619,0.12119444444444444,0.06899444444444446,1.9755555555555557,0.0426,0.1000611111111111,43.39888888888889,0.16092777777777778,0.3255555555555556,49.19888888888889,0.09109444444444445,0.11716111111111112,77.49333333333334,0.0,0.04983888888888889,0.801111111111111,0.0242,0.10944444444444444,0.2411111111111111,0.06899444444444446,0.0,0.6337777777777777,0.45539999999999997,0.08126875,0.28154999999999997,0.09258124999999998,0.21973125,0.07558750000000002,0.14415,0.10993125000000001,0.07986249999999999,1.4625000000000001,0.0271,0.09550624999999999,28.659999999999997,0.140775,0.3352125,42.32875,0.09258124999999998,0.112125,82.91749999999999,0.0,0.04593125,0.60375,0.0267125,0.12,0.23125,0.07986249999999999,0.0,0.49545625
111,98,2002-11-19,1,1,2002-03,Sacramento Kings,Chicago Bulls,1,0.49727999999999994,0.083965,0.318515,0.094795,0.225835,0.05999500000000001,0.16584000000000002,0.115565,0.078305,1.594,0.027989999999999998,0.07929,35.089999999999996,0.15925499999999998,0.337195,47.07199999999999,0.094795,0.12980999999999998,72.89000000000001,0.0,0.04662,0.5980000000000001,0.03601000000000001,0.100675,0.374,0.078305,0.0,0.57877,0.46105555555555555,0.059361111111111114,0.32127222222222224,0.08042222222222223,0.23844444444444443,0.07065,0.16780555555555557,0.10706666666666667,0.09171111111111112,1.1911111111111112,0.019788888888888887,0.060044444444444456,34.71,0.1606388888888889,0.35243888888888886,46.13444444444445,0.08042222222222223,0.12943333333333334,61.743333333333325,0.0,0.035394444444444444,0.41888888888888887,0.02545,0.11288888888888889,0.22444444444444445,0.09171111111111112,0.0,0.4946444444444444
110,106,2002-11-19,1,1,2002-03,Minnesota Timberwolves,Memphis Grizzlies,1,0.457245,0.051165,0.312045,0.09405,0.21637999999999996,0.050714999999999996,0.16565000000000002,0.1095,0.07936999999999998,1.488,0.01706,0.040395,38.23199999999999,0.15602500000000002,0.36804999999999993,42.46600000000001,0.09405,0.12511999999999998,73.343,0.0,0.03379,0.44800000000000006,0.026119999999999997,0.11495,0.24499999999999997,0.07936999999999998,0.0,0.49722,0.48360555555555557,0.0577611111111111,0.3376888888888889,0.08815,0.19579444444444447,0.04484444444444444,0.15095555555555554,0.1102388888888889,0.09561666666666666,1.1777777777777778,0.019255555555555557,0.06762777777777779,32.48777777777778,0.16884444444444446,0.3330722222222222,51.712222222222216,0.08815,0.12617777777777778,72.10444444444444,0.0,0.04759444444444444,0.5044444444444445,0.027755555555555554,0.10246111111111111,0.2711111111111111,0.09561666666666666,0.0,0.5187444444444443
93,97,2002-11-19,1,1,2002-03,Milwaukee Bucks,Miami Heat,0,0.48255624999999996,0.11135000000000002,0.28690625000000003,0.08429375,0.19807499999999997,0.048356249999999996,0.14970625,0.10263125000000001,0.08115000000000001,1.285,0.03711875,0.0927875,38.62375,0.1434625,0.30135,47.224999999999994,0.08429375,0.11616874999999999,73.8525,0.0,0.046962500000000004,0.5787499999999999,0.0307,0.11194375000000001,0.28125,0.08115000000000001,0.0,0.53435,0.4354571428571429,0.050192857142857136,0.3149571428571428,0.0703,0.21025000000000002,0.061207142857142856,0.14904285714285717,0.09555714285714285,0.058449999999999995,1.682857142857143,0.016735714285714288,0.05525,27.407142857142855,0.15748571428571426,0.3534857142857143,44.54285714285714,0.0703,0.09124285714285715,75.75857142857141,0.0,0.020778571428571427,0.37,0.02188571428571429,0.11300714285714286,0.22428571428571425,0.058449999999999995,0.0,0.4700357142857143
99,98,2002-11-19,1,1,2002-03,New Orleans Hornets,Philadelphia 76ers,1,0.4717166666666667,0.07785555555555555,0.2915833333333333,0.10228333333333334,0.20726111111111112,0.07501666666666666,0.13224444444444444,0.10341666666666666,0.06568333333333334,1.6366666666666667,0.02595,0.0637,42.958888888888886,0.14579444444444445,0.3401833333333333,42.83111111111111,0.10228333333333334,0.13831666666666667,73.56333333333333,0.0,0.049394444444444435,0.778888888888889,0.01996666666666667,0.1141,0.18,0.06568333333333334,0.0,0.5179,0.48049375,0.0478625,0.3110625,0.12155625,0.24203125000000003,0.0737125,0.16831875000000002,0.1092875,0.08578125,1.4012499999999999,0.015956249999999998,0.057112500000000004,28.115000000000002,0.15553750000000002,0.37276875,41.545,0.12155625,0.15669999999999998,77.7675,0.0,0.05678125,0.7424999999999999,0.015268750000000001,0.11860625,0.12875,0.08578125,0.0,0.5245375000000001
89,93,2002-11-20,1,1,2002-03,Los Angeles Clippers,Sacramento Kings,0,0.46541499999999997,0.07465999999999999,0.28415999999999997,0.106595,0.21218499999999998,0.05049999999999999,0.161685,0.10095000000000001,0.08634499999999998,1.1960000000000002,0.02489,0.063895,39.539,0.142085,0.305165,46.483000000000004,0.106595,0.142815,73.716,0.0,0.023520000000000003,0.282,0.033835,0.11187999999999998,0.30599999999999994,0.08634499999999998,0.0,0.511225,0.49712727272727264,0.08383181818181819,0.31944545454545453,0.09385,0.2243409090909091,0.05948636363636364,0.16485454545454548,0.11596818181818183,0.07885909090909092,1.580909090909091,0.027945454545454548,0.0793,35.07727272727272,0.15972272727272727,0.3377318181818182,47.1390909090909,0.09385,0.12897272727272727,72.66181818181819,0.0,0.047154545454545456,0.6000000000000001,0.03523636363636365,0.10078636363636363,0.3663636363636364,0.07885909090909092,0.0,0.5764954545454546
79,68,2002-11-20,1,1,2002-03,Detroit Pistons,Miami Heat,1,0.43587,0.08789999999999999,0.24690499999999999,0.101075,0.21785000000000002,0.05069999999999999,0.16714999999999997,0.0982,0.07895500000000001,1.424,0.02929,0.09040000000000001,34.06,0.12345500000000001,0.272355,45.217999999999996,0.101075,0.13243999999999997,75.45700000000001,0.0,0.031385,0.45499999999999996,0.031779999999999996,0.12991,0.252,0.07895500000000001,0.0,0.49476499999999995,0.4326625,0.05235624999999999,0.31074375,0.0695625,0.21068750000000003,0.0612125,0.14947500000000002,0.09462499999999999,0.059268749999999995,1.65375,0.01745625,0.057562499999999996,27.669999999999998,0.15537499999999999,0.35101875000000005,44.238749999999996,0.0695625,0.0904625,75.475,0.0,0.020681249999999998,0.365,0.021337500000000002,0.11411875,0.21749999999999997,0.059268749999999995,0.0,0.46409374999999997
88,95,2002-11-20,1,1,2002-03,Memphis Grizzlies,Philadelphia 76ers,0,0.481555,0.057795,0.335295,0.08846000000000001,0.196525,0.046985,0.14955,0.10965500000000002,0.09505499999999999,1.19,0.019270000000000002,0.06736500000000001,32.25,0.16765000000000002,0.334955,50.992,0.08846000000000001,0.125685,72.39,0.0,0.047834999999999996,0.513,0.028855,0.103525,0.27899999999999997,0.09505499999999999,0.0,0.516745,0.4816166666666667,0.04775555555555556,0.31386111111111115,0.11999444444444445,0.23930555555555555,0.07246666666666667,0.1668388888888889,0.10992222222222221,0.08396111111111111,1.4388888888888889,0.015916666666666666,0.05660000000000001,28.49777777777778,0.15693333333333334,0.37343333333333334,41.86333333333333,0.11999444444444445,0.1542222222222222,78.01111111111112,0.0,0.056794444444444446,0.7544444444444444,0.015727777777777778,0.11925000000000001,0.1322222222222222,0.08396111111111111,0.0,0.527988888888889
95,97,2002-11-20,1,1,2002-03,Toronto Raptors,Indiana Pacers,0,0.4103944444444445,0.059033333333333333,0.2596111111111111,0.09175,0.23296666666666666,0.06760555555555556,0.1653611111111111,0.07554999999999999,0.08877222222222222,0.9022222222222224,0.019672222222222223,0.07200555555555556,27.862222222222222,0.1298,0.33460555555555554,38.66444444444444,0.09175,0.12379444444444447,73.8011111111111,0.0,0.044161111111111116,0.5377777777777778,0.02297222222222222,0.11762222222222223,0.20555555555555557,0.08877222222222222,0.0,0.40808888888888883,0.4601,0.0428,0.31530625,0.102,0.23443124999999998,0.06688125,0.16755625,0.10116875,0.08224374999999999,1.2375,0.014262500000000001,0.03736875,35.11125,0.15765625,0.364175,43.6875,0.102,0.14093125,72.325,0.0,0.047543749999999996,0.57125,0.03475,0.13115000000000002,0.27,0.08224374999999999,0.0,0.52720625
100,94,2002-11-20,1,1,2002-03,Golden State Warriors,Chicago Bulls,1,0.48783181818181814,0.07,0.3037590909090909,0.11407272727272728,0.23466363636363638,0.0818318181818182,0.15284545454545453,0.10207727272727272,0.08731818181818182,1.170909090909091,0.023322727272727273,0.06676818181818181,31.60818181818182,0.1518818181818182,0.34618181818181815,43.31727272727272,0.11407272727272728,0.1426590909090909,80.30454545454546,0.0,0.03712272727272728,0.44090909090909086,0.04139545454545454,0.11952727272727275,0.3490909090909091,0.08731818181818182,0.0,0.5494363636363638,0.46194999999999997,0.0583,0.32202000000000003,0.08163000000000001,0.238225,0.070895,0.167335,0.10611,0.09079000000000001,1.199,0.019434999999999997,0.059350000000000014,34.565,0.161015,0.35500499999999996,45.877,0.08163000000000001,0.130115,62.32199999999999,0.0,0.035415,0.42400000000000004,0.025405,0.112975,0.22400000000000003,0.09079000000000001,0.0,0.4939299999999999
79,96,2002-11-20,1,1,2002-03,Denver Nuggets,Utah Jazz,0,0.39549999999999996,0.04645,0.28935,0.0597,0.21773888888888887,0.07029444444444444,0.14744999999999997,0.10281666666666667,0.09779444444444443,1.1022222222222222,0.015488888888888889,0.05741111111111111,26.58111111111111,0.1446777777777778,0.3408944444444445,42.75666666666667,0.0597,0.08862777777777778,63.74555555555556,0.0,0.036144444444444444,0.39777777777777773,0.026377777777777778,0.11699999999999999,0.23111111111111113,0.09779444444444443,0.0,0.41370555555555555,0.4453545454545454,0.03711818181818182,0.3016318181818182,0.10659999999999999,0.20700000000000002,0.07379545454545455,0.13319999999999999,0.11004090909090908,0.09388181818181819,1.3081818181818183,0.012381818181818181,0.03652272727272727,27.34363636363636,0.15081363636363634,0.34167272727272735,44.24727272727272,0.10659999999999999,0.1499,70.42545454545454,0.0,0.03475909090909091,0.3845454545454546,0.02403181818181818,0.12126818181818179,0.2,0.09388181818181819,0.0,0.46900454545454545
96,79,2002-11-20,1,1,2002-03,Boston Celtics,New Jersey Nets,1,0.47096666666666664,0.1295222222222222,0.24330555555555555,0.09813333333333335,0.19292222222222224,0.04703888888888888,0.14588333333333336,0.1039777777777778,0.07190555555555557,1.4955555555555557,0.04317222222222222,0.13792222222222222,31.81222222222222,0.12164999999999998,0.26481666666666664,45.852222222222224,0.09813333333333335,0.1306277777777778,72.97999999999999,0.0,0.04297222222222223,0.6233333333333333,0.012966666666666668,0.11024444444444445,0.12777777777777777,0.07190555555555557,0.0,0.48149444444444445,0.4963349999999999,0.0534,0.32442000000000004,0.11851500000000001,0.224885,0.065275,0.15962,0.11227500000000001,0.08193,1.454,0.0178,0.05258999999999999,33.107,0.162205,0.355755,45.471000000000004,0.11851500000000001,0.148595,80.041,0.0,0.03999,0.496,0.03960500000000001,0.10835999999999998,0.379,0.08193,0.0,0.5727500000000001
93,103,2002-11-20,1,1,2002-03,Atlanta Hawks,Minnesota Timberwolves,0,0.4881388888888889,0.06675555555555555,0.32171666666666665,0.09965555555555555,0.20331111111111114,0.06183888888888889,0.14146111111111112,0.10773333333333332,0.10973888888888889,0.982222222222222,0.022261111111111113,0.06987777777777776,32.75888888888889,0.1608611111111111,0.3266388888888889,49.44555555555556,0.09965555555555555,0.12584444444444445,78.53777777777778,0.0,0.05088888888888889,0.4588888888888889,0.043627777777777786,0.11700555555555556,0.38444444444444437,0.10973888888888889,0.0,0.5443555555555555,0.4587454545454545,0.0492409090909091,0.3154954545454545,0.09402272727272726,0.21625454545454542,0.050763636363636365,0.16547727272727275,0.10965909090909091,0.07954090909090908,1.4954545454545454,0.016418181818181818,0.039850000000000003,37.22,0.15775000000000003,0.36850909090909084,42.87181818181819,0.09402272727272726,0.12459999999999999,73.69363636363637,0.0,0.0339,0.450909090909091,0.026472727272727273,0.11353636363636363,0.2509090909090909,0.07954090909090908,0.0,0.5007090909090909
95,88,2002-11-20,1,1,2002-03,San Antonio Spurs,Los Angeles Lakers,1,0.4596611111111112,0.07830555555555556,0.2920722222222223,0.08928333333333334,0.23093333333333335,0.06967222222222223,0.16125,0.09682222222222224,0.09088333333333334,1.1133333333333335,0.02611111111111111,0.07654999999999999,33.40444444444445,0.14603888888888888,0.32339999999999997,44.87777777777777,0.08928333333333334,0.13515,65.36777777777777,0.0,0.04921111111111111,0.54,0.03608333333333333,0.11289444444444446,0.32222222222222224,0.09088333333333334,0.0,0.5081666666666668,0.45605,0.0803611111111111,0.2842944444444444,0.09139444444444442,0.21989999999999998,0.07503333333333334,0.14486666666666667,0.10993888888888889,0.07814444444444443,1.5000000000000002,0.0268,0.09510555555555554,28.435555555555553,0.14214444444444446,0.33699444444444443,42.49777777777778,0.09139444444444442,0.11084444444444445,82.73777777777777,0.0,0.04555,0.6133333333333333,0.027077777777777777,0.11888888888888889,0.23555555555555557,0.07814444444444443,0.0,0.49776666666666664
98,84,2002-11-20,1,1,2002-03,Portland Trail Blazers,Orlando Magic,1,0.4395555555555556,0.05854444444444445,0.3053444444444444,0.07566666666666667,0.19465000000000002,0.06764444444444445,0.127,0.10808888888888887,0.07741666666666668,1.417777777777778,0.01950555555555556,0.057611111111111106,35.30444444444444,0.1526722222222222,0.34406111111111115,44.25888888888889,0.07566666666666667,0.11789444444444445,63.053333333333335,0.0,0.044305555555555556,0.5844444444444445,0.017644444444444445,0.10445555555555555,0.17444444444444443,0.07741666666666668,0.0,0.45511666666666667,0.520855,0.09993500000000001,0.310055,0.11087,0.19953000000000004,0.05252,0.147,0.1153,0.07548000000000002,1.6,0.03331,0.0891,39.096000000000004,0.15502500000000002,0.31233,49.504,0.11087,0.133465,81.913,0.0,0.031059999999999997,0.44399999999999995,0.021814999999999998,0.12105999999999999,0.18,0.07548000000000002,0.0,0.577365
103,90,2002-11-21,1,1,2002-03,Dallas Mavericks,Houston Rockets,1,0.53786,0.125145,0.32129,0.091425,0.21590000000000004,0.05269,0.16321,0.11963499999999998,0.06872000000000002,1.982,0.041714999999999995,0.098615,43.26800000000001,0.160645,0.32525000000000004,49.202000000000005,0.091425,0.11682000000000001,78.023,0.0,0.04923,0.8029999999999999,0.02472,0.10819000000000001,0.25,0.06872000000000002,0.0,0.6317099999999999,0.43821874999999993,0.0605,0.28629375,0.09141875000000001,0.22933749999999997,0.06909375000000001,0.16023750000000003,0.07086875,0.08047499999999999,0.9675,0.02016875,0.05215625000000001,37.6875,0.14315000000000003,0.34442500000000004,41.65625,0.09141875000000001,0.12343125,73.54875,0.0,0.0342625,0.45125000000000004,0.03898125,0.099225,0.39125000000000004,0.08047499999999999,0.0,0.4659125
85,89,2002-11-21,1,1,2002-03,Seattle SuperSonics,Portland Trail Blazers,0,0.47082499999999994,0.09321,0.30685,0.070765,0.205485,0.06203000000000001,0.14345000000000002,0.11969,0.06942499999999999,1.7420000000000002,0.031065000000000002,0.071505,42.782000000000004,0.15343,0.33114499999999997,46.237,0.070765,0.100685,69.904,0.0,0.045584999999999994,0.6649999999999999,0.0226,0.103635,0.22999999999999998,0.06942499999999999,0.0,0.54671,0.43972500000000003,0.059250000000000004,0.30456,0.07591,0.19449500000000003,0.06694,0.12755,0.10828,0.07773500000000001,1.4180000000000001,0.019745000000000006,0.05766,35.75,0.15228,0.341905,44.406000000000006,0.07591,0.11698,63.925,0.0,0.043875,0.5770000000000001,0.01757,0.10425999999999999,0.174,0.07773500000000001,0.0,0.45760500000000004
93,86,2002-11-22,1,1,2002-03,Houston Rockets,Washington Wizards,1,0.44105555555555553,0.061066666666666665,0.2890666666666667,0.09091666666666667,0.22753333333333328,0.06822222222222224,0.15931111111111113,0.07250555555555555,0.07944999999999999,1.0044444444444445,0.02036111111111111,0.05316666666666667,36.97333333333333,0.14453333333333335,0.34323888888888887,42.193333333333335,0.09091666666666667,0.12277222222222223,73.52222222222223,0.0,0.033855555555555555,0.45333333333333337,0.038122222222222224,0.09896666666666666,0.38333333333333336,0.07944999999999999,0.0,0.4702555555555556,0.44672,0.037085,0.30062500000000003,0.10901000000000001,0.23009500000000002,0.06211000000000001,0.167985,0.09390499999999999,0.071385,1.334,0.01236,0.048125,25.337,0.15031,0.35011000000000003,43.342,0.10901000000000001,0.13891499999999998,77.614,0.0,0.042969999999999994,0.611,0.02475,0.11029499999999999,0.23199999999999998,0.071385,0.0,0.50159
91,95,2002-11-22,1,1,2002-03,Golden State Warriors,Milwaukee Bucks,0,0.48858749999999995,0.06854166666666667,0.3058416666666667,0.11420000000000001,0.23521250000000002,0.08183750000000002,0.15339166666666668,0.10227083333333332,0.0868125,1.1824999999999999,0.0228375,0.06615416666666667,31.248333333333335,0.152925,0.3479583333333333,43.44499999999999,0.11420000000000001,0.14295833333333333,80.28333333333333,0.0,0.03715416666666667,0.44249999999999995,0.04044583333333333,0.11910000000000003,0.3425,0.0868125,0.0,0.5497416666666668,0.4857444444444444,0.11126666666666668,0.2903055555555556,0.0841611111111111,0.19918888888888886,0.04881666666666666,0.1503611111111111,0.1035888888888889,0.08046666666666667,1.3099999999999998,0.037094444444444444,0.09268888888888888,38.67888888888889,0.1451611111111111,0.30272777777777776,47.58333333333333,0.0841611111111111,0.11631666666666665,73.64222222222223,0.0,0.04646666666666667,0.5777777777777777,0.030622222222222224,0.11235,0.28,0.08046666666666667,0.0,0.5398388888888889
72,70,2002-11-22,1,1,2002-03,Denver Nuggets,Los Angeles Clippers,1,0.39425999999999994,0.044805,0.28929,0.06017,0.21752499999999997,0.07114,0.146395,0.10147500000000001,0.09882499999999998,1.077,0.01494,0.05554499999999999,26.307,0.14465,0.34218000000000004,42.567,0.06017,0.08895499999999999,63.922000000000004,0.0,0.036905,0.39899999999999997,0.026115,0.11810999999999998,0.22800000000000004,0.09882499999999998,0.0,0.410525,0.4661136363636363,0.0745181818181818,0.2853727272727272,0.10622272727272727,0.2117590909090909,0.05062727272727272,0.16113181818181818,0.10103636363636365,0.08713181818181816,1.19,0.024845454545454546,0.06427727272727272,39.42909090909091,0.1426909090909091,0.3058863636363636,46.57454545454546,0.10622272727272727,0.1428409090909091,73.45545454545454,0.0,0.024336363636363642,0.28818181818181815,0.033768181818181815,0.11221818181818179,0.3054545454545454,0.08713181818181816,0.0,0.5106045454545455
105,97,2002-11-22,1,1,2002-03,New Orleans Hornets,New York Knicks,1,0.472605,0.07813,0.29329999999999995,0.10118,0.208095,0.074765,0.13333,0.10369999999999999,0.065865,1.634,0.026045000000000002,0.06483,42.303,0.14665499999999998,0.34060499999999994,43.045,0.10118,0.13661,73.68699999999998,0.0,0.048644999999999994,0.765,0.019780000000000002,0.113065,0.18,0.065865,0.0,0.5188,0.4411277777777778,0.06116111111111111,0.31127222222222223,0.06870000000000001,0.18935000000000002,0.051533333333333334,0.13780000000000003,0.10741666666666666,0.0780277777777778,1.3966666666666667,0.020388888888888887,0.07005,28.535555555555554,0.15563333333333335,0.34558888888888895,45.26111111111111,0.06870000000000001,0.08812777777777776,78.33555555555554,0.0,0.04014999999999999,0.5633333333333332,0.019744444444444446,0.14290555555555554,0.13555555555555557,0.0780277777777778,0.0,0.46070555555555553
105,98,2002-11-22,1,1,2002-03,Boston Celtics,Atlanta Hawks,1,0.47292999999999996,0.13138,0.24372500000000002,0.09782,0.19494000000000003,0.048025,0.14692000000000002,0.10377,0.07209000000000002,1.4980000000000002,0.043795,0.13863,32.087,0.12186,0.26520999999999995,45.873000000000005,0.09782,0.13019,72.929,0.0,0.04405000000000001,0.6369999999999999,0.014170000000000002,0.11009500000000001,0.13899999999999998,0.07209000000000002,0.0,0.48722000000000004,0.488325,0.06758,0.32104499999999997,0.09969,0.20573000000000002,0.061905,0.143815,0.10751999999999999,0.108575,0.9939999999999998,0.022535000000000003,0.069515,33.388999999999996,0.16052499999999997,0.326415,49.337,0.09969,0.12551,78.893,0.0,0.04974,0.45199999999999996,0.04270500000000001,0.11611500000000001,0.37899999999999995,0.108575,0.0,0.5467299999999999
95,86,2002-11-22,1,1,2002-03,San Antonio Spurs,Memphis Grizzlies,1,0.45950500000000005,0.081915,0.28961500000000007,0.08798000000000002,0.22971500000000003,0.06814500000000001,0.16156500000000001,0.09814000000000002,0.089795,1.155,0.02731,0.07789499999999999,34.409000000000006,0.14481,0.32187,44.721999999999994,0.08798000000000002,0.132575,65.839,0.0,0.04803999999999999,0.533,0.035475,0.11198000000000001,0.32100000000000006,0.089795,0.0,0.50885,0.4802772727272728,0.057995454545454544,0.3327681818181818,0.08950909090909091,0.1975227272727273,0.04907727272727272,0.14845454545454542,0.10872272727272728,0.09419545454545454,1.200909090909091,0.019336363636363638,0.06743181818181819,32.02909090909091,0.16638636363636364,0.33626818181818185,50.35363636363636,0.08950909090909091,0.12641818181818182,72.55181818181818,0.0,0.04803181818181818,0.5227272727272727,0.02981363636363636,0.10502272727272728,0.2854545454545454,0.09419545454545454,0.0,0.5152772727272728
90,80,2002-11-22,1,1,2002-03,Philadelphia 76ers,Toronto Raptors,1,0.48251499999999997,0.04748,0.31710000000000005,0.11793499999999998,0.23606500000000002,0.071345,0.164715,0.11061999999999998,0.081815,1.5,0.015825,0.05600000000000001,28.787,0.15855000000000002,0.37434,42.20399999999999,0.11793499999999998,0.15123999999999999,78.144,0.0,0.056615000000000006,0.7739999999999999,0.016095,0.119385,0.13599999999999998,0.081815,0.0,0.5308150000000001,0.41498000000000007,0.059504999999999995,0.2629,0.09257499999999999,0.23023,0.067155,0.163075,0.075555,0.087585,0.915,0.01983,0.07161500000000001,28.35,0.13144499999999998,0.33502,39.105,0.09257499999999999,0.12447500000000003,74.076,0.0,0.044305,0.545,0.023174999999999998,0.11679999999999999,0.20800000000000002,0.087585,0.0,0.4134049999999999
106,70,2002-11-22,1,1,2002-03,Indiana Pacers,Orlando Magic,1,0.4632111111111111,0.04283333333333333,0.3176333333333334,0.10275,0.23359444444444444,0.06500555555555557,0.16859444444444444,0.10339999999999999,0.08233888888888889,1.2644444444444445,0.014277777777777778,0.037316666666666665,35.15888888888889,0.15881666666666666,0.3637111111111111,44.06777777777778,0.10275,0.14020555555555558,73.33444444444444,0.0,0.04684444444444444,0.5633333333333334,0.03463888888888889,0.1299777777777778,0.27111111111111114,0.08233888888888889,0.0,0.5339722222222222,0.5217409090909091,0.09920454545454546,0.31175454545454545,0.1107909090909091,0.19962727272727276,0.053372727272727266,0.14625,0.11459090909090909,0.0749818181818182,1.6063636363636364,0.033063636363636364,0.08923636363636364,38.511818181818185,0.15587727272727275,0.31416363636363637,49.531818181818174,0.1107909090909091,0.13320454545454546,82.22272727272728,0.0,0.03175909090909091,0.4572727272727272,0.02182272727272727,0.12096363636363637,0.18090909090909088,0.0749818181818182,0.0,0.577659090909091
120,79,2002-11-22,1,1,2002-03,New Jersey Nets,Cleveland Cavaliers,1,0.4949045454545454,0.055363636363636365,0.3225409090909091,0.11700454545454547,0.22330454545454545,0.06411363636363637,0.1592,0.11263636363636365,0.08158181818181819,1.4699999999999998,0.018454545454545453,0.05354545454545454,33.57363636363636,0.1612681818181818,0.3538136363636364,45.46636363636364,0.11700454545454547,0.14690454545454548,79.87727272727273,0.0,0.04072727272727272,0.5072727272727273,0.03805000000000001,0.10771363636363636,0.3654545454545455,0.08158181818181819,0.0,0.570509090909091,0.419885,0.01431,0.31421,0.091365,0.23111,0.072865,0.158245,0.09067000000000001,0.09307499999999999,1.107,0.004770000000000001,0.01984,16.445,0.157115,0.39014,40.244,0.091365,0.13226500000000002,68.76899999999998,0.0,0.047145,0.5549999999999999,0.033485,0.111065,0.31900000000000006,0.09307499999999999,0.0,0.44021499999999997
72,75,2002-11-22,1,1,2002-03,Miami Heat,Detroit Pistons,0,0.43125555555555556,0.05487222222222222,0.30746666666666667,0.06891666666666667,0.2121388888888889,0.06149444444444444,0.15064444444444447,0.09411111111111109,0.06004444444444444,1.63,0.018294444444444443,0.05971111111111111,28.291111111111107,0.15373333333333333,0.3490277777777778,44.01222222222222,0.06891666666666667,0.08999444444444443,75.07,0.0,0.020605555555555554,0.36,0.020633333333333337,0.11532777777777777,0.20777777777777773,0.06004444444444444,0.0,0.46092777777777777,0.4344272727272727,0.08706818181818181,0.2475272727272727,0.09984090909090909,0.2157181818181818,0.050409090909090896,0.16530909090909088,0.09785454545454546,0.07961818181818182,1.4027272727272726,0.029013636363636363,0.08940000000000001,34.047272727272734,0.12376818181818182,0.2723681818181818,45.36181818181818,0.09984090909090909,0.1313090909090909,75.20363636363636,0.0,0.03182727272727273,0.4572727272727272,0.032018181818181814,0.12832727272727273,0.2581818181818182,0.07961818181818182,0.0,0.4917772727272727
86,73,2002-11-22,1,1,2002-03,Los Angeles Lakers,Chicago Bulls,1,0.45431999999999995,0.07907499999999999,0.28548999999999997,0.08975499999999997,0.2206,0.07447000000000001,0.14613,0.109385,0.077205,1.5140000000000002,0.026369999999999998,0.09459499999999998,28.111999999999995,0.14274,0.338985,42.423,0.08975499999999997,0.10932,82.32199999999999,0.0,0.045055,0.6159999999999999,0.02731,0.11800000000000002,0.23900000000000002,0.077205,0.0,0.49543,0.4630227272727272,0.057431818181818174,0.3232,0.08239090909090908,0.23742272727272729,0.07115454545454546,0.16626818181818181,0.10583636363636363,0.09003636363636364,1.2136363636363636,0.019145454545454542,0.05867272727272729,34.47818181818182,0.16160454545454545,0.35722272727272725,45.724545454545456,0.08239090909090908,0.1302772727272727,62.849090909090904,0.0,0.03537727272727273,0.4272727272727273,0.024859090909090907,0.11281818181818183,0.21909090909090911,0.09003636363636364,0.0,0.4934590909090908
118,101,2002-11-22,1,1,2002-03,Sacramento Kings,Phoenix Suns,1,0.4987208333333333,0.08465833333333334,0.32105416666666664,0.09300833333333335,0.2235125,0.059425000000000006,0.16408333333333333,0.11682500000000001,0.07952916666666666,1.5733333333333333,0.028220833333333334,0.079775,35.279999999999994,0.16052916666666667,0.33812916666666665,47.339166666666664,0.09300833333333335,0.12812083333333332,72.52250000000001,0.0,0.04775833333333334,0.6025000000000001,0.03469583333333334,0.10118749999999999,0.3591666666666667,0.07952916666666666,0.0,0.577725,0.39592499999999997,0.0292375,0.30642499999999995,0.06026875,0.23805,0.07692500000000001,0.16111874999999998,0.09369374999999999,0.09098124999999999,1.045,0.009743749999999999,0.04576875,22.792499999999997,0.15320625,0.37091875,41.625,0.06026875,0.07818125000000001,82.20499999999998,0.0,0.02698125,0.3025,0.02754375,0.10493750000000002,0.2675,0.09098124999999999,0.0,0.4195562500000001
115,105,2002-11-23,1,1,2002-03,Dallas Mavericks,Seattle SuperSonics,1,0.5349863636363635,0.12263181818181818,0.3206045454545455,0.09175000000000001,0.21763636363636366,0.052559090909090916,0.1650772727272727,0.11864545454545451,0.06843636363636364,1.991818181818182,0.04087727272727273,0.09714999999999999,43.148181818181826,0.16030454545454548,0.32550909090909097,49.1109090909091,0.09175000000000001,0.11637272727272728,78.62,0.0,0.0487909090909091,0.8054545454545454,0.025027272727272728,0.10693636363636365,0.25636363636363635,0.06843636363636364,0.0,0.6305318181818181,0.4706363636363636,0.09206363636363638,0.3073636363636364,0.07120454545454545,0.20526818181818182,0.06093636363636365,0.14432727272727275,0.11966363636363636,0.06924999999999999,1.7472727272727275,0.030686363636363637,0.07148181818181819,42.037272727272736,0.15368636363636365,0.3312681818181818,46.28,0.07120454545454545,0.10056818181818182,70.51363636363637,0.0,0.04502272727272726,0.66,0.022081818181818178,0.10302272727272728,0.22545454545454546,0.06924999999999999,0.0,0.5457000000000001
85,74,2002-11-23,1,1,2002-03,Memphis Grizzlies,Washington Wizards,1,0.4785375,0.05832083333333333,0.33035,0.0898625,0.1983041666666667,0.051079166666666655,0.14722916666666666,0.10810000000000002,0.09342916666666666,1.2116666666666667,0.019441666666666666,0.06769583333333334,31.839166666666667,0.16517916666666668,0.3371,49.80916666666667,0.0898625,0.12640416666666668,72.68083333333333,0.0,0.047829166666666666,0.5275,0.03092083333333333,0.10595833333333333,0.295,0.09342916666666666,0.0,0.5135375,0.4495727272727273,0.03797727272727273,0.3015909090909091,0.11000909090909093,0.22650454545454546,0.06060909090909092,0.16589545454545454,0.09394999999999998,0.07188636363636364,1.3327272727272728,0.012654545454545453,0.04778636363636364,25.873636363636365,0.1507909090909091,0.3477727272727273,43.777272727272724,0.11000909090909093,0.14009545454545452,77.59272727272727,0.0,0.04275454545454545,0.6063636363636363,0.024545454545454547,0.11009545454545454,0.22999999999999998,0.07188636363636364,0.0,0.5032636363636364
110,90,2002-11-23,1,1,2002-03,Utah Jazz,Chicago Bulls,1,0.4472499999999999,0.0368375,0.30337083333333337,0.10704166666666666,0.207825,0.07295833333333333,0.13485833333333333,0.11076666666666664,0.09423333333333335,1.31,0.0122875,0.0367625,27.11833333333333,0.1516833333333333,0.34044166666666675,44.66499999999999,0.10704166666666666,0.150375,70.455,0.0,0.0349875,0.385,0.02437083333333333,0.12142083333333331,0.2025,0.09423333333333335,0.0,0.4744,0.4633458333333333,0.05686249999999999,0.32282916666666667,0.08365,0.2351375,0.07064166666666666,0.16449583333333334,0.10529999999999999,0.08915000000000001,1.2258333333333333,0.01895833333333333,0.058208333333333355,34.4175,0.16142083333333332,0.35714166666666664,45.63333333333333,0.08365,0.13129583333333333,63.364166666666655,0.0,0.03545,0.43250000000000005,0.024349999999999997,0.11263333333333335,0.215,0.08915000000000001,0.0,0.49181666666666657
84,97,2002-11-23,1,1,2002-03,Cleveland Cavaliers,New Orleans Hornets,0,0.41989545454545457,0.014881818181818184,0.31371363636363636,0.09129545454545455,0.22822727272727275,0.07158181818181818,0.15664090909090908,0.09140454545454547,0.09234090909090908,1.1190909090909091,0.0049636363636363645,0.020649999999999998,16.75181818181818,0.15686818181818182,0.38876363636363637,40.33,0.09129545454545455,0.13132272727272729,69.29363636363634,0.0,0.04672272727272728,0.5490909090909091,0.03322272727272727,0.11170454545454546,0.3145454545454546,0.09234090909090908,0.0,0.43951363636363633,0.47327727272727266,0.07818636363636364,0.29549999999999993,0.09959545454545454,0.20929090909090908,0.07461363636363635,0.13467272727272725,0.10404545454545454,0.06658181818181819,1.62,0.026063636363636365,0.06552727272727273,41.7890909090909,0.14775454545454544,0.3414045454545454,43.27272727272728,0.09959545454545454,0.13436363636363638,73.80545454545454,0.0,0.04780454545454545,0.7445454545454546,0.019854545454545458,0.11210454545454546,0.1827272727272727,0.06658181818181819,0.0,0.5198181818181818
82,96,2002-11-23,1,1,2002-03,Minnesota Timberwolves,New Jersey Nets,0,0.46145416666666667,0.04826250000000001,0.3192041666666667,0.09399999999999999,0.2169333333333333,0.051375000000000004,0.16554166666666667,0.11015416666666666,0.07884999999999999,1.5166666666666666,0.016091666666666667,0.03960416666666667,36.747499999999995,0.15960416666666669,0.3698333333333333,43.20833333333334,0.09399999999999999,0.12452916666666665,73.81083333333335,0.0,0.03383333333333333,0.4541666666666668,0.026662500000000002,0.11272083333333333,0.25416666666666665,0.07884999999999999,0.0,0.5059083333333333,0.4923083333333333,0.0566875,0.32024583333333334,0.11537916666666669,0.22230000000000003,0.06345833333333334,0.15885000000000002,0.11241666666666668,0.08134583333333333,1.4749999999999999,0.01889583333333333,0.05397916666666666,33.994166666666665,0.16012083333333332,0.35266250000000005,45.30583333333334,0.11537916666666669,0.14549583333333335,79.46083333333333,0.0,0.04113333333333333,0.5133333333333333,0.03701250000000001,0.10707083333333334,0.3575000000000001,0.08134583333333333,0.0,0.5660916666666668
94,95,2002-11-23,1,1,2002-03,Portland Trail Blazers,Sacramento Kings,0,0.44094090909090916,0.05949090909090909,0.30528181818181815,0.07616818181818183,0.19585,0.06625454545454545,0.1295909090909091,0.10906363636363636,0.0783409090909091,1.4200000000000002,0.019822727272727277,0.05736363636363637,36.11454545454546,0.15264090909090908,0.3405954545454546,44.690909090909095,0.07616818181818183,0.11617272727272727,64.7218181818182,0.0,0.043409090909090904,0.5681818181818182,0.017618181818181818,0.10427272727272728,0.17454545454545453,0.0783409090909091,0.0,0.46305,0.4987230769230769,0.08521538461538462,0.32174230769230766,0.09176923076923077,0.2234346153846154,0.059565384615384624,0.16386538461538463,0.11745384615384616,0.07995,1.5692307692307692,0.028403846153846155,0.08032307692307693,35.34384615384615,0.1608730769230769,0.3382730769230769,47.44461538461538,0.09176923076923077,0.1266307692307692,72.41307692307693,0.0,0.04812307692307693,0.6038461538461539,0.03418846153846155,0.10104999999999999,0.3530769230769231,0.07995,0.0,0.5778038461538462
79,80,2002-11-23,1,1,2002-03,Phoenix Suns,Denver Nuggets,0,0.3978333333333333,0.03077777777777778,0.3051555555555555,0.06190555555555556,0.2352777777777778,0.07546111111111112,0.15981666666666663,0.09481111111111111,0.09017777777777776,1.072222222222222,0.01026111111111111,0.04630555555555555,23.659999999999997,0.15257222222222222,0.36825,41.76111111111111,0.06190555555555556,0.08074444444444445,81.32,0.0,0.028216666666666668,0.32333333333333336,0.02843888888888889,0.10473333333333334,0.2788888888888889,0.09017777777777776,0.0,0.42383888888888893,0.3922818181818181,0.043631818181818174,0.2869681818181818,0.06169090909090909,0.21724090909090907,0.07239999999999999,0.14484999999999998,0.09957727272727274,0.09984090909090909,1.048181818181818,0.014545454545454545,0.0543590909090909,26.007272727272724,0.14349090909090909,0.3432909090909091,42.06727272727273,0.06169090909090909,0.09058636363636363,64.45727272727272,0.0,0.03769545454545454,0.40090909090909094,0.02606818181818182,0.11919090909090907,0.22636363636363638,0.09984090909090909,0.0,0.40451363636363635
91,106,2002-11-23,1,1,2002-03,Indiana Pacers,Detroit Pistons,0,0.46608,0.042675,0.320245,0.10316499999999999,0.233175,0.06369500000000002,0.169485,0.10525,0.08254500000000001,1.284,0.014225000000000002,0.037085,35.134,0.160125,0.363215,44.494,0.10316499999999999,0.13931000000000002,74.176,0.0,0.04597,0.552,0.034175,0.12848,0.27,0.08254500000000001,0.0,0.540015,0.43296666666666667,0.08715416666666666,0.24731666666666666,0.09849999999999999,0.21378333333333333,0.04995833333333333,0.16382499999999997,0.09766666666666667,0.08043333333333334,1.3783333333333332,0.02904583333333333,0.08861666666666668,34.285833333333336,0.12366250000000001,0.2717041666666667,45.46083333333333,0.09849999999999999,0.13010833333333333,74.82083333333334,0.0,0.032091666666666664,0.4533333333333333,0.0321625,0.12659166666666666,0.26499999999999996,0.08043333333333334,0.0,0.489025
99,109,2002-11-23,1,1,2002-03,Atlanta Hawks,Boston Celtics,0,0.4881954545454546,0.06859545454545454,0.3202681818181818,0.09931818181818182,0.2073681818181818,0.061845454545454544,0.14551363636363637,0.10723636363636363,0.10705909090909092,1.0127272727272725,0.022872727272727277,0.07012727272727272,33.71545454545455,0.16013636363636363,0.3256045454545454,49.29909090909091,0.09931818181818182,0.12495454545454546,79.06545454545454,0.0,0.0488,0.4481818181818182,0.041777272727272725,0.11555909090909093,0.3718181818181818,0.10705909090909092,0.0,0.5479363636363637,0.4733454545454545,0.13392727272727273,0.2436136363636364,0.09580000000000001,0.19790000000000002,0.048999999999999995,0.14890454545454548,0.10365454545454546,0.07252727272727273,1.4954545454545458,0.04464090909090909,0.1393818181818182,32.53454545454545,0.12180454545454546,0.2658181818181818,45.75545454545455,0.09580000000000001,0.1282409090909091,72.52272727272727,0.0,0.04493181818181819,0.6454545454545454,0.01526818181818182,0.11031363636363638,0.14818181818181816,0.07252727272727273,0.0,0.49139090909090916
111,99,2002-11-24,1,1,2002-03,Los Angeles Lakers,Milwaukee Bucks,1,0.4523363636363636,0.07751363636363635,0.2862409090909091,0.08858636363636362,0.2206590909090909,0.07349545454545456,0.14716363636363636,0.10835909090909092,0.0762090909090909,1.521818181818182,0.025845454545454546,0.09338181818181818,27.969999999999995,0.1431181818181818,0.34089545454545456,42.28636363636364,0.08858636363636362,0.10824545454545453,82.01272727272726,0.0,0.04459545454545454,0.619090909090909,0.0275,0.11750000000000002,0.24090909090909093,0.0762090909090909,0.0,0.4922636363636364,0.4884799999999999,0.11195000000000002,0.29252500000000003,0.083995,0.19976999999999998,0.04893499999999999,0.15082500000000001,0.10417000000000001,0.07936000000000001,1.339,0.037325,0.093045,38.872,0.14626999999999998,0.303955,47.77499999999999,0.083995,0.11605999999999998,73.63400000000001,0.0,0.045695,0.577,0.03025,0.112675,0.275,0.07936000000000001,0.0,0.5435450000000001
88,106,2002-11-24,1,1,2002-03,New York Knicks,Minnesota Timberwolves,0,0.44376499999999997,0.061985,0.311395,0.07039000000000001,0.189605,0.05206999999999999,0.13752000000000003,0.10648499999999998,0.07753500000000002,1.3960000000000001,0.02066,0.070105,28.942,0.155695,0.34509000000000006,45.345000000000006,0.07039000000000001,0.09012499999999998,78.51599999999999,0.0,0.039694999999999994,0.5609999999999999,0.019020000000000002,0.141615,0.13100000000000003,0.07753500000000002,0.0,0.46244500000000005,0.4643730769230769,0.04758076923076923,0.3223423076923077,0.09446153846153846,0.2174076923076923,0.051892307692307696,0.1655,0.11048076923076923,0.07807307692307693,1.5376923076923075,0.01586153846153846,0.039538461538461536,36.32,0.16117307692307692,0.37090384615384614,43.49923076923078,0.09446153846153846,0.1251423076923077,73.96307692307693,0.0,0.03377692307692308,0.45846153846153853,0.02672692307692308,0.11203076923076923,0.2553846153846154,0.07807307692307693,0.0,0.5106
77,75,2002-11-24,1,1,2002-03,Orlando Magic,Miami Heat,1,0.5203458333333333,0.09890416666666667,0.3111916666666667,0.11025833333333335,0.19913750000000005,0.053820833333333325,0.14531249999999998,0.113375,0.07410000000000001,1.6141666666666667,0.032966666666666665,0.0896125,38.04333333333334,0.15559583333333335,0.315275,49.32666666666666,0.11025833333333335,0.13236250000000002,82.56583333333334,0.0,0.032495833333333335,0.4741666666666666,0.021829166666666663,0.12072500000000001,0.1825,0.07410000000000001,0.0,0.574625,0.42844,0.056885,0.30384500000000003,0.067715,0.212865,0.06103499999999999,0.15183000000000002,0.09363999999999999,0.061040000000000004,1.6039999999999999,0.018965,0.061239999999999996,28.915999999999997,0.15192,0.34681500000000004,43.76199999999999,0.067715,0.08868499999999999,74.80699999999999,0.0,0.020605,0.356,0.020010000000000003,0.11548499999999999,0.19999999999999996,0.061040000000000004,0.0,0.456395
90,91,2002-11-24,1,1,2002-03,San Antonio Spurs,Seattle SuperSonics,0,0.4589227272727273,0.08588636363636365,0.2860136363636364,0.08702727272727274,0.22877727272727275,0.06695000000000001,0.1618227272727273,0.09876363636363639,0.08885,1.1845454545454546,0.028636363636363637,0.0791681818181818,35.49090909090909,0.1430090909090909,0.3196545454545454,44.48090909090909,0.08702727272727274,0.13069545454545456,66.17909090909092,0.0,0.04696818181818181,0.5263636363636364,0.03492272727272727,0.11106363636363638,0.3190909090909091,0.08885,0.0,0.5086727272727273,0.46949166666666664,0.09001666666666668,0.30831250000000004,0.07115416666666667,0.20519583333333336,0.06023333333333334,0.14495833333333333,0.11964166666666666,0.06884583333333333,1.7650000000000003,0.03000416666666667,0.0712,41.10083333333334,0.1541625,0.33220416666666663,46.288333333333334,0.07115416666666667,0.09989583333333334,71.0075,0.0,0.04449999999999999,0.6583333333333333,0.02159583333333333,0.10245833333333333,0.22166666666666668,0.06884583333333333,0.0,0.5436083333333334
90,89,2002-11-24,1,1,2002-03,Los Angeles Clippers,Houston Rockets,1,0.4661791666666666,0.07393333333333332,0.28679999999999994,0.10544583333333334,0.2109875,0.050470833333333326,0.16051666666666667,0.10126250000000002,0.08747499999999998,1.19,0.024650000000000002,0.06454583333333333,39.17250000000001,0.14340416666666667,0.30648749999999997,46.71916666666667,0.10544583333333334,0.1421875,73.25750000000001,0.0,0.025275000000000006,0.2966666666666667,0.03376666666666667,0.11198333333333331,0.30749999999999994,0.08747499999999998,0.0,0.5102416666666666,0.44376,0.062270000000000006,0.29141000000000006,0.090075,0.22621999999999995,0.067275,0.15894000000000003,0.07413,0.078505,1.0390000000000001,0.020765,0.054790000000000005,36.337,0.14570500000000003,0.341855,42.702,0.090075,0.12187,73.384,0.0,0.03366,0.45600000000000007,0.03681,0.09888,0.371,0.078505,0.0,0.47410500000000005
84,94,2002-11-24,1,1,2002-03,Toronto Raptors,Philadelphia 76ers,0,0.41980909090909097,0.06057272727272727,0.2659318181818182,0.09330454545454545,0.2272545454545454,0.06661818181818183,0.16063636363636363,0.07590454545454545,0.08661363636363636,0.9309090909090909,0.020186363636363638,0.07146818181818183,28.963636363636365,0.1329590909090909,0.3350181818181818,39.57,0.09330454545454545,0.12525909090909093,74.19818181818181,0.0,0.044481818181818185,0.5518181818181819,0.02362272727272727,0.1164090909090909,0.21181818181818182,0.08661363636363636,0.0,0.4191772727272726,0.4829136363636364,0.04793636363636364,0.31929545454545455,0.11567727272727271,0.23346818181818182,0.07076818181818183,0.16269545454545456,0.11090454545454544,0.08062727272727273,1.5336363636363637,0.01597727272727273,0.055736363636363646,29.334545454545456,0.15964545454545453,0.3740590909090909,42.53636363636363,0.11567727272727271,0.14834545454545453,78.1209090909091,0.0,0.056354545454545456,0.779090909090909,0.016336363636363635,0.11887272727272728,0.13909090909090907,0.08062727272727273,0.0,0.5325045454545456
108,87,2002-11-25,1,1,2002-03,Philadelphia 76ers,New Orleans Hornets,1,0.4823041666666667,0.04800416666666666,0.3208125,0.11348749999999998,0.23167083333333335,0.07033750000000001,0.16132500000000002,0.11062083333333332,0.07969166666666667,1.5533333333333335,0.016,0.05536250000000001,29.7325,0.16040416666666665,0.37340833333333334,42.82333333333333,0.11348749999999998,0.145725,77.95333333333333,0.0,0.05592916666666667,0.7808333333333333,0.01643333333333333,0.11855,0.13999999999999999,0.07969166666666667,0.0,0.5326625000000001,0.47482916666666664,0.07807916666666666,0.29816666666666664,0.0985875,0.21023333333333336,0.07443749999999999,0.13579166666666664,0.10475,0.06723333333333334,1.6125,0.026025000000000003,0.06579583333333333,41.44333333333333,0.14908749999999998,0.34279583333333336,43.49250000000001,0.0985875,0.1325416666666667,74.12083333333332,0.0,0.047258333333333326,0.7291666666666669,0.020125000000000004,0.11099166666666667,0.18833333333333332,0.06723333333333334,0.0,0.5225416666666668
86,81,2002-11-25,1,1,2002-03,Phoenix Suns,Milwaukee Bucks,1,0.4008,0.03314,0.30413999999999997,0.06352500000000001,0.23269,0.07416500000000001,0.15852499999999997,0.09558,0.08984999999999999,1.0899999999999999,0.011045,0.047424999999999995,24.651999999999997,0.15206499999999998,0.365175,41.961,0.06352500000000001,0.08317000000000001,80.63699999999999,0.0,0.029335,0.34,0.028970000000000003,0.10501,0.28600000000000003,0.08984999999999999,0.0,0.4283950000000001,0.49060909090909083,0.11285454545454546,0.2937727272727273,0.08397272727272727,0.20052727272727272,0.04954090909090909,0.15097727272727274,0.10441818181818183,0.07828181818181819,1.3627272727272726,0.037622727272727266,0.09356363636363635,39.06090909090909,0.14689090909090907,0.30535909090909086,47.783636363636354,0.08397272727272727,0.11585,73.72272727272728,0.0,0.04506363636363637,0.5772727272727273,0.029772727272727274,0.11351363636363634,0.2681818181818182,0.07828181818181819,0.0,0.5458363636363637
94,99,2002-11-26,1,1,2002-03,Los Angeles Clippers,Utah Jazz,0,0.46517307692307686,0.07257307692307692,0.287526923076923,0.10507307692307692,0.2101423076923077,0.05024230769230768,0.1599,0.10131153846153847,0.08771538461538461,1.189230769230769,0.024196153846153846,0.06429230769230769,38.666923076923084,0.1437653846153846,0.3067576923076923,46.799230769230775,0.10507307692307692,0.14182692307692307,73.2346153846154,0.0,0.026407692307692313,0.30692307692307697,0.033523076923076926,0.11192692307692306,0.30692307692307685,0.08771538461538461,0.0,0.5089730769230769,0.44972307692307684,0.03616538461538461,0.30628461538461543,0.10726923076923077,0.20813846153846155,0.07196153846153847,0.13616923076923076,0.11214999999999997,0.09491538461538464,1.3153846153846156,0.012065384615384615,0.036773076923076915,26.56692307692307,0.1531384615384615,0.3394461538461539,45.26538461538461,0.10726923076923077,0.1504423076923077,70.53538461538461,0.0,0.03527692307692308,0.38461538461538464,0.02441923076923077,0.12188846153846151,0.20230769230769233,0.09491538461538464,0.0,0.48059999999999997
84,88,2002-11-26,1,1,2002-03,Washington Wizards,Indiana Pacers,0,0.4519500000000001,0.0398125,0.3021875,0.10995833333333334,0.22309583333333335,0.059258333333333336,0.16384166666666666,0.09398749999999999,0.07209583333333335,1.3391666666666666,0.013266666666666664,0.047970833333333344,26.611666666666668,0.15109166666666665,0.34545833333333337,44.15083333333333,0.10995833333333334,0.1400875,77.56,0.0,0.04247499999999999,0.6025,0.024375000000000004,0.10992916666666668,0.2283333333333333,0.07209583333333335,0.0,0.5046083333333333,0.46950454545454545,0.04305909090909091,0.32317727272727276,0.10327727272727273,0.23311363636363636,0.06262272727272729,0.17049545454545453,0.1069909090909091,0.0825409090909091,1.3072727272727271,0.014350000000000002,0.03729545454545455,35.13272727272727,0.1615909090909091,0.3629772727272727,44.92272727272727,0.10327727272727273,0.13874545454545456,74.57,0.0,0.045709090909090914,0.5509090909090909,0.03374090909090909,0.12730909090909093,0.2681818181818182,0.0825409090909091,0.0,0.5467181818181818
85,81,2002-11-26,1,1,2002-03,Denver Nuggets,San Antonio Spurs,1,0.38985,0.04249583333333332,0.2851375,0.062224999999999996,0.21793749999999998,0.07360833333333332,0.14434166666666665,0.09810416666666667,0.10094583333333333,1.0233333333333332,0.014166666666666668,0.05337083333333332,25.609166666666667,0.142575,0.34431666666666666,41.65416666666667,0.062224999999999996,0.09142083333333333,64.56916666666666,0.0,0.03835416666666666,0.40166666666666667,0.02602916666666667,0.12034999999999997,0.2241666666666667,0.10094583333333333,0.0,0.39918750000000003,0.4585458333333334,0.08841666666666669,0.2834291666666667,0.08670000000000001,0.2277875,0.06626666666666668,0.16151250000000003,0.09928333333333335,0.08800833333333334,1.2100000000000002,0.029479166666666667,0.08012083333333332,36.07833333333334,0.14171666666666666,0.3178583333333333,44.33583333333333,0.08670000000000001,0.1299625,66.38416666666667,0.0,0.04622916666666666,0.5225,0.03425416666666666,0.11009166666666668,0.3166666666666667,0.08800833333333334,0.0,0.5080541666666667
85,91,2002-11-26,1,1,2002-03,Cleveland Cavaliers,Sacramento Kings,0,0.41881250000000003,0.015516666666666666,0.31205,0.09123750000000001,0.2259791666666667,0.07024999999999999,0.15572083333333334,0.09191250000000001,0.09225,1.1258333333333332,0.005175000000000001,0.02153333333333333,16.938333333333333,0.15603750000000002,0.3868333333333333,40.32583333333333,0.09123750000000001,0.13032916666666666,69.89916666666664,0.0,0.0461125,0.5408333333333334,0.032904166666666665,0.11197916666666667,0.31000000000000005,0.09225,0.0,0.4372125,0.5000642857142857,0.08595714285714286,0.32304642857142857,0.09106428571428572,0.22345714285714285,0.059910714285714296,0.16354642857142856,0.11808214285714287,0.08044642857142857,1.5642857142857143,0.028653571428571428,0.08074642857142857,35.52214285714285,0.16152499999999997,0.33853214285714284,47.630714285714284,0.09106428571428572,0.12579999999999997,72.34428571428573,0.0,0.048703571428571436,0.6071428571428573,0.033978571428571434,0.100975,0.35000000000000003,0.08044642857142857,0.0,0.5800142857142857
119,116,2002-11-26,1,1,2002-03,Atlanta Hawks,Seattle SuperSonics,1,0.487825,0.06975416666666666,0.3191,0.09895833333333333,0.20899583333333335,0.061533333333333336,0.14745,0.10704999999999999,0.10537916666666668,1.033333333333333,0.02325833333333334,0.07115833333333334,33.925000000000004,0.15955,0.32524166666666665,49.14416666666667,0.09895833333333333,0.12464583333333334,79.05916666666667,0.0,0.04790833333333334,0.4458333333333333,0.041212500000000006,0.11514583333333335,0.3675,0.10537916666666668,0.0,0.5483166666666667,0.4695307692307692,0.08915000000000001,0.3089230769230769,0.07145,0.20546923076923077,0.059926923076923086,0.14553846153846156,0.1199076923076923,0.06859615384615383,1.7823076923076924,0.02971538461538462,0.07125384615384615,40.6023076923077,0.15446538461538462,0.33304230769230764,46.25769230769231,0.07145,0.09995,71.3276923076923,0.0,0.04415384615384615,0.6576923076923076,0.02118461538461538,0.10212307692307693,0.21846153846153848,0.06859615384615383,0.0,0.5430423076923078
77,71,2002-11-26,1,1,2002-03,Portland Trail Blazers,Houston Rockets,1,0.44164583333333335,0.059375000000000004,0.30588333333333334,0.07638333333333334,0.19765416666666666,0.06604583333333333,0.13160416666666666,0.10950833333333333,0.07847916666666667,1.4258333333333333,0.019787500000000003,0.05711666666666667,36.229166666666664,0.15294166666666667,0.33966250000000003,44.90666666666667,0.07638333333333334,0.11570833333333334,65.265,0.0,0.042758333333333336,0.5591666666666667,0.017975,0.10354999999999999,0.18083333333333332,0.07847916666666667,0.0,0.46769166666666667,0.44625909090909094,0.06393636363636364,0.29287272727272734,0.0894409090909091,0.2247454545454545,0.0663318181818182,0.15840909090909092,0.07591363636363636,0.0773909090909091,1.0836363636363637,0.021322727272727274,0.05645454545454545,36.091818181818184,0.14643636363636367,0.34015,43.13636363636363,0.0894409090909091,0.12113181818181819,73.32181818181819,0.0,0.033381818181818186,0.45909090909090916,0.03596363636363637,0.09841363636363636,0.36727272727272725,0.0773909090909091,0.0,0.4783318181818182
97,85,2002-11-26,1,1,2002-03,Miami Heat,Los Angeles Lakers,1,0.42522727272727273,0.058022727272727274,0.2999727272727273,0.06724090909090909,0.21300454545454545,0.06048636363636364,0.15251818181818183,0.0928,0.061909090909090914,1.5709090909090906,0.01934090909090909,0.062090909090909085,29.319999999999997,0.1499818181818182,0.34437727272727275,43.49363636363636,0.06724090909090909,0.08823636363636363,74.56727272727272,0.0,0.02066363636363636,0.35272727272727267,0.019554545454545456,0.11572272727272727,0.19454545454545452,0.061909090909090914,0.0,0.4512136363636364,0.4515166666666666,0.07605416666666666,0.28759583333333333,0.0878708333333333,0.22102083333333333,0.07268333333333334,0.1483375,0.1076125,0.07569166666666666,1.5258333333333336,0.025358333333333333,0.09195416666666666,27.904166666666665,0.14379583333333334,0.3425916666666666,42.26583333333334,0.0878708333333333,0.10802499999999998,81.51249999999999,0.0,0.04447083333333333,0.6224999999999999,0.027966666666666667,0.11713333333333335,0.24583333333333335,0.07569166666666666,0.0,0.49134583333333337
82,102,2002-11-27,1,1,2002-03,Detroit Pistons,Dallas Mavericks,0,0.43148846153846154,0.08679615384615384,0.24771538461538462,0.09698076923076923,0.21262692307692307,0.04976923076923076,0.1628576923076923,0.09731538461538461,0.08088076923076924,1.3584615384615384,0.028926923076923076,0.08761538461538464,34.46384615384616,0.12386153846153847,0.27171923076923077,45.56461538461538,0.09698076923076923,0.12885,74.31923076923077,0.0,0.03207692307692307,0.4484615384615384,0.03218846153846154,0.12469230769230769,0.27076923076923076,0.08088076923076924,0.0,0.48640769230769226,0.5324374999999999,0.12053749999999998,0.32003333333333334,0.09186250000000001,0.21913333333333332,0.052395833333333336,0.16673749999999998,0.11787499999999997,0.06810000000000001,2.004166666666667,0.04017916666666666,0.09592916666666666,43.04833333333334,0.16002083333333336,0.32598750000000004,48.998333333333335,0.09186250000000001,0.11584166666666668,79.07583333333334,0.0,0.04847500000000001,0.8091666666666666,0.025129166666666664,0.10610000000000001,0.25916666666666666,0.06810000000000001,0.0,0.6292375
117,99,2002-11-27,1,1,2002-03,Memphis Grizzlies,Seattle SuperSonics,1,0.4769653846153846,0.058449999999999995,0.32830384615384617,0.09021153846153845,0.19862692307692312,0.05253461538461538,0.14609615384615385,0.10738076923076924,0.09273461538461537,1.2192307692307693,0.019484615384615385,0.06763461538461539,31.785384615384615,0.16415769230769234,0.3377538461538462,49.355384615384615,0.09021153846153845,0.12648846153846155,72.75615384615384,0.0,0.047657692307692304,0.5315384615384615,0.031957692307692305,0.10718461538461538,0.3038461538461538,0.09273461538461537,0.0,0.5118230769230769,0.46925,0.08840714285714288,0.30908928571428573,0.07174642857142856,0.20565714285714284,0.0597107142857143,0.14594642857142856,0.11991428571428571,0.06807142857142857,1.8021428571428573,0.029467857142857146,0.071075,40.306428571428576,0.15454642857142858,0.33421071428571425,46.13071428571429,0.07174642857142856,0.100175,71.48214285714285,0.0,0.044078571428571425,0.6635714285714285,0.02087857142857143,0.10179285714285714,0.21571428571428575,0.06807142857142857,0.0,0.5420214285714285
81,87,2002-11-27,1,1,2002-03,Toronto Raptors,New York Knicks,0,0.42232500000000006,0.061775,0.2672083333333333,0.09334166666666666,0.22472499999999995,0.06632500000000001,0.15839583333333332,0.0760375,0.08601249999999999,0.9391666666666666,0.020587499999999998,0.07165833333333334,29.495000000000005,0.13359583333333333,0.33413333333333334,39.87583333333333,0.09334166666666666,0.12528750000000002,74.24416666666666,0.0,0.044158333333333334,0.5508333333333334,0.023687499999999997,0.11603333333333332,0.21250000000000002,0.08601249999999999,0.0,0.4213791666666666,0.4453545454545454,0.06248636363636364,0.3113818181818182,0.0714909090909091,0.1900409090909091,0.05267727272727272,0.13734545454545455,0.10544090909090907,0.07702272727272728,1.3936363636363638,0.020827272727272726,0.07032272727272727,29.15727272727273,0.15568636363636365,0.3450272727272728,45.34,0.0714909090909091,0.09170454545454544,78.32727272727271,0.0,0.03955,0.5618181818181818,0.018881818181818187,0.1401590909090909,0.13090909090909095,0.07702272727272728,0.0,0.4631863636363637
84,91,2002-11-27,1,1,2002-03,Golden State Warriors,Houston Rockets,0,0.4905230769230769,0.06745384615384616,0.30866153846153843,0.11440769230769231,0.23625384615384615,0.08217692307692309,0.1540923076923077,0.10276923076923075,0.08643461538461539,1.1953846153846153,0.022473076923076925,0.06548846153846154,31.13615384615385,0.1543346153846154,0.3498,43.65692307692307,0.11440769230769231,0.14373846153846154,80.02615384615385,0.0,0.03718076923076923,0.44384615384615383,0.03983461538461538,0.11902307692307695,0.33769230769230774,0.08643461538461539,0.0,0.5523076923076924,0.44792499999999996,0.0647,0.2938833333333334,0.08932916666666668,0.2235666666666666,0.06554583333333334,0.15802083333333336,0.07729583333333333,0.0770875,1.1133333333333333,0.021579166666666667,0.057479166666666665,35.88,0.1469416666666667,0.3386291666666667,43.479166666666664,0.08932916666666668,0.12114166666666669,73.27000000000001,0.0,0.03351666666666667,0.4616666666666667,0.03525833333333334,0.09828749999999999,0.36333333333333334,0.0770875,0.0,0.481075
92,82,2002-11-27,1,1,2002-03,Boston Celtics,Chicago Bulls,1,0.4744208333333333,0.13682916666666667,0.2434166666666667,0.09417083333333333,0.20067916666666671,0.05007499999999999,0.1506125,0.1036625,0.07330833333333334,1.4850000000000003,0.045608333333333334,0.1401625,33.034166666666664,0.12170416666666667,0.26699999999999996,45.55416666666667,0.09417083333333333,0.12661666666666666,72.2325,0.0,0.04566666666666668,0.6483333333333333,0.016495833333333335,0.11007916666666667,0.16,0.07330833333333334,0.0,0.49533750000000004,0.46381153846153844,0.05638076923076922,0.3232846153846154,0.08413846153846155,0.23281923076923078,0.07044615384615384,0.16237307692307693,0.10493846153846152,0.0884923076923077,1.2361538461538462,0.018799999999999997,0.05743076923076925,34.458461538461535,0.16165,0.35803461538461534,45.567692307692305,0.08413846153846155,0.1311,63.868461538461524,0.0,0.03584615384615385,0.44000000000000006,0.024015384615384612,0.11238461538461539,0.21307692307692308,0.0884923076923077,0.0,0.4909538461538461
106,94,2002-11-27,1,1,2002-03,New Orleans Hornets,Atlanta Hawks,1,0.47551538461538456,0.07841923076923077,0.29955769230769225,0.09754230769230768,0.21136923076923078,0.07409615384615384,0.13726923076923075,0.10544230769230768,0.06763846153846155,1.6130769230769233,0.02613846153846154,0.06621538461538462,41.26230769230769,0.14978076923076922,0.34368846153846155,43.60076923076924,0.09754230769230768,0.13071153846153846,74.42846153846153,0.0,0.04674615384615384,0.7169230769230771,0.02035384615384616,0.11024230769230771,0.19307692307692306,0.06763846153846155,0.0,0.5246538461538462,0.48803846153846153,0.0714576923076923,0.3168615384615384,0.09971153846153845,0.21013076923076923,0.06098461538461539,0.14913846153846155,0.10689230769230769,0.10405,1.0499999999999998,0.02382307692307693,0.07198461538461538,34.355384615384615,0.1584307692307692,0.32445384615384615,48.854615384615386,0.09971153846153845,0.12539615384615385,79.23538461538462,0.0,0.046869230769230774,0.4415384615384615,0.040350000000000004,0.11547307692307694,0.35923076923076924,0.10405,0.0,0.54835
82,75,2002-11-27,1,1,2002-03,Phoenix Suns,New Jersey Nets,1,0.40299999999999997,0.035072727272727276,0.30296818181818175,0.06496818181818183,0.2297727272727273,0.07265,0.15712272727272725,0.09632272727272727,0.08963636363636363,1.1054545454545452,0.011686363636363635,0.048113636363636365,25.59272727272727,0.1514772727272727,0.36237727272727277,42.11000000000001,0.06496818181818183,0.08520909090909091,80.15272727272726,0.0,0.03041818181818182,0.35454545454545455,0.029404545454545458,0.10551818181818183,0.29090909090909095,0.08963636363636363,0.0,0.4317227272727273,0.49140769230769227,0.057519230769230774,0.31965,0.11424230769230771,0.22154615384615386,0.06256923076923078,0.1589846153846154,0.11246923076923078,0.08133846153846153,1.4776923076923079,0.01917307692307692,0.05415384615384615,34.35,0.15982307692307693,0.3519269230769231,45.332307692307694,0.11424230769230771,0.1447846153846154,79.01538461538462,0.0,0.0420076923076923,0.5246153846153846,0.03613461538461539,0.10643076923076923,0.35076923076923083,0.08133846153846153,0.0,0.5646153846153846
83,74,2002-11-27,1,1,2002-03,Philadelphia 76ers,Miami Heat,1,0.48126153846153846,0.04849615384615384,0.3209423076923077,0.11182692307692307,0.23010000000000003,0.06949615384615385,0.16060000000000002,0.11004230769230768,0.0789,1.5653846153846156,0.016161538461538463,0.05509615384615385,30.34769230769231,0.16046923076923078,0.3713692307692308,43.113846153846154,0.11182692307692307,0.1437923076923077,77.79538461538462,0.0,0.055134615384615386,0.7753846153846152,0.01661153846153846,0.1177,0.14307692307692305,0.0789,0.0,0.5324576923076925,0.42234166666666667,0.058499999999999996,0.2969541666666667,0.06689583333333332,0.21285833333333334,0.059925,0.15293333333333334,0.09230833333333333,0.06279166666666668,1.5441666666666665,0.0195,0.06285416666666667,29.423333333333332,0.148475,0.34213750000000004,43.320833333333326,0.06689583333333332,0.0878625,74.4225,0.0,0.020866666666666662,0.3516666666666666,0.019070833333333335,0.11582083333333333,0.18916666666666662,0.06279166666666668,0.0,0.44668749999999996
112,102,2002-11-27,1,1,2002-03,Orlando Magic,Los Angeles Lakers,1,0.5174807692307692,0.09821923076923077,0.30975384615384616,0.10951538461538463,0.1992038461538462,0.054488461538461534,0.14471153846153845,0.11200769230769231,0.07397692307692309,1.603846153846154,0.032738461538461536,0.08968846153846154,37.48615384615385,0.1548769230769231,0.3163115384615385,48.99923076923077,0.10951538461538463,0.13179615384615387,82.58153846153847,0.0,0.03302692307692308,0.48230769230769227,0.02207307692307692,0.12071538461538463,0.1853846153846154,0.07397692307692309,0.0,0.569123076923077,0.4515923076923076,0.0751076923076923,0.2892230769230769,0.08726538461538459,0.2217576923076923,0.07218846153846155,0.14957307692307695,0.10769999999999999,0.0752076923076923,1.540769230769231,0.025042307692307694,0.09036153846153845,28.06076923076923,0.14461153846153846,0.34402692307692306,42.31461538461539,0.08726538461538459,0.10827307692307692,80.79692307692306,0.0,0.04422307692307692,0.6238461538461538,0.028076923076923076,0.11682307692307693,0.2476923076923077,0.0752076923076923,0.0,0.4923961538461539
90,74,2002-11-27,1,1,2002-03,Minnesota Timberwolves,Sacramento Kings,1,0.46544642857142854,0.046325000000000005,0.3244071428571429,0.09472142857142858,0.21812857142857142,0.05278571428571429,0.16532857142857144,0.110225,0.07753928571428571,1.5428571428571427,0.015442857142857145,0.039214285714285715,35.58142857142857,0.16220357142857145,0.37204642857142856,43.641428571428584,0.09472142857142858,0.12553214285714284,74.06642857142857,0.0,0.03386428571428572,0.4628571428571429,0.026917857142857143,0.11143928571428571,0.25857142857142856,0.07753928571428571,0.0,0.5126107142857144,0.50106,0.0866,0.32367666666666667,0.09078666666666667,0.22243333333333334,0.05958333333333334,0.16285000000000002,0.11850333333333335,0.08041666666666666,1.5659999999999998,0.02887,0.08127999999999999,35.594,0.16184,0.3380033333333333,47.82,0.09078666666666667,0.12520666666666663,72.50266666666668,0.0,0.04887333333333334,0.6100000000000001,0.03384000000000001,0.10091,0.34800000000000003,0.08041666666666666,0.0,0.5813066666666666
112,80,2002-11-27,1,1,2002-03,Milwaukee Bucks,Cleveland Cavaliers,1,0.49238333333333323,0.11266666666666668,0.29533333333333334,0.08437083333333333,0.20131666666666667,0.05030833333333332,0.15100000000000002,0.10457083333333334,0.07717500000000001,1.388333333333333,0.03756249999999999,0.09373333333333332,39.01,0.14767083333333333,0.3073083333333333,47.76333333333332,0.08437083333333333,0.1166125,73.51250000000002,0.0,0.04474583333333334,0.5833333333333334,0.029116666666666666,0.11426249999999999,0.26,0.07717500000000001,0.0,0.5469125,0.4178961538461539,0.0162,0.31016153846153843,0.09152692307692309,0.22359615384615386,0.06898076923076922,0.1546076923076923,0.09229615384615385,0.09159615384615384,1.1376923076923076,0.005400000000000001,0.022473076923076922,17.233076923076922,0.1550923076923077,0.38476923076923075,40.309230769230766,0.09152692307692309,0.1297730769230769,70.50769230769228,0.0,0.045353846153846154,0.5338461538461539,0.032488461538461536,0.11206538461538461,0.30615384615384617,0.09159615384615384,0.0,0.43502307692307696
99,68,2002-11-27,1,1,2002-03,San Antonio Spurs,Denver Nuggets,1,0.45889615384615384,0.09070000000000002,0.2816269230769231,0.08656923076923079,0.22757307692307693,0.06573846153846155,0.1618269230769231,0.0996269230769231,0.08715384615384615,1.2315384615384617,0.030242307692307693,0.0812653846153846,36.49384615384616,0.14081538461538462,0.3161961538461538,44.30538461538462,0.08656923076923079,0.1294846153846154,66.58615384615385,0.0,0.045461538461538456,0.5184615384615384,0.03388076923076923,0.10931538461538463,0.3161538461538462,0.08715384615384615,0.0,0.5089730769230769,0.38861153846153845,0.04153461538461538,0.2846461538461539,0.062438461538461526,0.21871923076923075,0.07467692307692307,0.14405384615384614,0.09675769230769232,0.10193076923076923,1.0007692307692309,0.013846153846153848,0.05238846153846152,25.37846153846154,0.14233076923076923,0.34556923076923074,41.416923076923084,0.062438461538461526,0.09174230769230768,64.67846153846153,0.0,0.038865384615384614,0.40153846153846157,0.025903846153846152,0.12166923076923074,0.22153846153846157,0.10193076923076923,0.0,0.3958346153846154
110,98,2002-11-28,1,1,2002-03,Indiana Pacers,Dallas Mavericks,1,0.472775,0.04337916666666666,0.3267666666666667,0.10263749999999999,0.23275,0.061779166666666684,0.170975,0.10922083333333334,0.08237916666666667,1.3408333333333333,0.014454166666666669,0.037470833333333335,35.13166666666667,0.16338333333333332,0.3634583333333334,45.35166666666667,0.10263749999999999,0.13785833333333333,74.58416666666666,0.0,0.045283333333333335,0.5483333333333333,0.03327083333333333,0.12628333333333333,0.26583333333333337,0.08237916666666667,0.0,0.5526166666666666,0.530326923076923,0.11861923076923074,0.31954999999999995,0.09215000000000001,0.22039999999999998,0.0526923076923077,0.16771153846153847,0.11688461538461535,0.06766923076923079,2.0138461538461536,0.039542307692307696,0.09528076923076921,42.77923076923077,0.15978076923076923,0.3265346153846154,48.88153846153846,0.09215000000000001,0.11543846153846155,79.55923076923077,0.0,0.04801538461538462,0.8107692307692307,0.024880769230769227,0.1053423076923077,0.25846153846153846,0.06766923076923079,0.0,0.6270346153846155
126,118,2002-11-28,1,1,2002-03,Los Angeles Clippers,New Jersey Nets,1,0.46297499999999997,0.07127499999999999,0.2873464285714285,0.10435357142857142,0.20937500000000003,0.04995714285714285,0.1594142857142857,0.101175,0.08827857142857141,1.1828571428571428,0.023760714285714284,0.0643,37.993571428571435,0.143675,0.3065428571428571,46.81785714285714,0.10435357142857142,0.14116071428571428,73.14071428571428,0.0,0.027289285714285717,0.31428571428571433,0.03331428571428572,0.11192499999999998,0.3064285714285714,0.08827857142857141,0.0,0.5056107142857142,0.4901928571428571,0.058367857142857145,0.31905,0.11277857142857144,0.22107857142857143,0.061760714285714294,0.159325,0.11251428571428572,0.08128571428571428,1.4814285714285715,0.019453571428571428,0.05439285714285714,34.67785714285714,0.1595214285714286,0.35143214285714286,45.32285714285715,0.11277857142857144,0.14350714285714286,78.56214285714286,0.0,0.04262142857142857,0.5321428571428571,0.03556071428571429,0.10583571428571428,0.3464285714285715,0.08128571428571428,0.0,0.5631250000000001
72,83,2002-11-29,1,1,2002-03,Seattle SuperSonics,Houston Rockets,0,0.47034,0.08651333333333336,0.3114,0.07242333333333333,0.20544666666666667,0.05960333333333335,0.14584333333333335,0.11979333333333334,0.06740666666666666,1.8253333333333333,0.02883666666666667,0.07067,39.61333333333334,0.15570333333333333,0.33605666666666667,46.226000000000006,0.07242333333333333,0.10070333333333334,71.74666666666666,0.0,0.04414,0.6759999999999999,0.020613333333333334,0.10196666666666668,0.21200000000000005,0.06740666666666666,0.0,0.54247,0.44741153846153847,0.06476923076923077,0.29387307692307696,0.08875769230769233,0.22271538461538457,0.0645423076923077,0.15817307692307694,0.07851153846153847,0.07707307692307694,1.1315384615384614,0.021603846153846154,0.05820384615384615,35.51692307692308,0.14693846153846157,0.33690769230769235,43.69615384615384,0.08875769230769233,0.12062307692307694,73.14076923076924,0.0,0.03377692307692308,0.46307692307692316,0.03461538461538462,0.09774615384615384,0.36153846153846153,0.07707307692307694,0.0,0.48152307692307694
96,91,2002-11-29,1,1,2002-03,Detroit Pistons,Milwaukee Bucks,1,0.43098214285714287,0.08568571428571428,0.24921785714285713,0.09608214285714287,0.21145714285714284,0.04960714285714285,0.16185,0.09697142857142857,0.08090714285714287,1.3499999999999999,0.028557142857142857,0.08635714285714288,34.478571428571435,0.12461428571428572,0.272625,45.699999999999996,0.09608214285714287,0.12808214285714287,74.02142857142857,0.0,0.03206428571428571,0.44785714285714284,0.03221071428571428,0.1228392857142857,0.2764285714285714,0.08090714285714287,0.0,0.4849678571428571,0.4924884615384615,0.11207692307692309,0.2953076923076923,0.08509230769230768,0.20188846153846154,0.05076538461538461,0.15111538461538465,0.10441153846153847,0.0763346153846154,1.4038461538461535,0.037365384615384606,0.09406923076923077,38.73846153846154,0.1476576923076923,0.3079961538461538,47.68384615384615,0.08509230769230768,0.11749615384615385,73.54307692307694,0.0,0.04442692307692308,0.5869230769230769,0.028561538461538458,0.11484999999999998,0.2538461538461539,0.0763346153846154,0.0,0.5459961538461539
106,112,2002-11-29,1,1,2002-03,Memphis Grizzlies,Los Angeles Lakers,0,0.4753535714285714,0.05816071428571428,0.32628214285714285,0.09091071428571429,0.19868214285714286,0.053467857142857136,0.1452142857142857,0.10689642857142857,0.09191428571428571,1.2300000000000002,0.019385714285714287,0.06735714285714287,31.560714285714283,0.16314642857142858,0.3374214285714286,49.05428571428571,0.09091071428571429,0.12691785714285714,72.95714285714284,0.0,0.04702142857142856,0.5314285714285715,0.03271071428571428,0.10836785714285714,0.30857142857142855,0.09191428571428571,0.0,0.5104857142857143,0.45103214285714277,0.07389285714285714,0.29061785714285715,0.08652499999999998,0.22248214285714285,0.07171785714285715,0.15076428571428574,0.10754999999999999,0.07523571428571428,1.5442857142857143,0.024639285714285714,0.0888642857142857,28.07571428571428,0.14531071428571427,0.34485357142857137,42.432142857142864,0.08652499999999998,0.10861785714285713,79.90214285714285,0.0,0.04414285714285714,0.625,0.02817142857142857,0.1163357142857143,0.25,0.07523571428571428,0.0,0.49226785714285715
95,77,2002-11-29,1,1,2002-03,Utah Jazz,Minnesota Timberwolves,1,0.4518428571428571,0.03558928571428572,0.30905000000000005,0.10719642857142857,0.20867142857142856,0.07110714285714285,0.13755714285714285,0.11328928571428569,0.09559285714285716,1.3171428571428572,0.011874999999999998,0.03655714285714285,26.20071428571428,0.15452142857142853,0.3387714285714286,45.79,0.10719642857142857,0.14996428571428572,70.69071428571428,0.0,0.035614285714285716,0.38499999999999995,0.02441785714285714,0.1223785714285714,0.20142857142857146,0.09559285714285716,0.0,0.4865392857142857,0.4666666666666666,0.04498666666666667,0.32694666666666666,0.09474,0.21821333333333331,0.05347333333333334,0.16472333333333333,0.11012666666666666,0.07716333333333333,1.5473333333333332,0.014996666666666669,0.038766666666666665,34.73266666666667,0.16347333333333333,0.37287,43.88933333333334,0.09474,0.12591333333333335,73.98733333333332,0.0,0.03427333333333334,0.4706666666666667,0.027123333333333336,0.11092666666666666,0.26199999999999996,0.07716333333333333,0.0,0.5148966666666667
82,92,2002-11-29,1,1,2002-03,Denver Nuggets,Golden State Warriors,0,0.3875964285714285,0.04097857142857142,0.2840464285714286,0.06257857142857141,0.21867499999999998,0.07514642857142857,0.14354285714285714,0.09560357142857144,0.10255,0.9857142857142858,0.013660714285714288,0.05181785714285713,25.246428571428574,0.14202857142857142,0.3460642857142857,41.24714285714286,0.06257857142857141,0.09193214285714284,64.79285714285713,0.0,0.03930357142857143,0.4028571428571429,0.025839285714285714,0.12226428571428569,0.22071428571428572,0.10255,0.0,0.39291785714285715,0.4916,0.06732142857142857,0.3092035714285714,0.11507500000000001,0.23759285714285713,0.08269285714285715,0.15491428571428573,0.10328571428571429,0.08601785714285715,1.2085714285714284,0.022432142857142855,0.06576785714285714,31.254285714285718,0.15460357142857145,0.3500357142857143,43.72642857142857,0.11507500000000001,0.14516785714285713,79.72285714285714,0.0,0.03711428571428571,0.4442857142857143,0.03926785714285714,0.11900357142857144,0.33285714285714285,0.08601785714285715,0.0,0.5539714285714287
107,94,2002-11-29,1,1,2002-03,Sacramento Kings,Los Angeles Clippers,1,0.5034766666666667,0.08622666666666666,0.32584333333333326,0.09141333333333333,0.2201,0.05816666666666667,0.16193333333333335,0.11966999999999998,0.07912333333333335,1.5993333333333333,0.028743333333333333,0.08169666666666668,35.182,0.16292333333333336,0.33821000000000007,48.13133333333334,0.09141333333333333,0.12549999999999997,72.88000000000002,0.0,0.04812333333333333,0.6106666666666667,0.03259,0.10145000000000001,0.33266666666666667,0.07912333333333335,0.0,0.5825133333333333,0.4607766666666666,0.07027333333333333,0.28702333333333324,0.10348,0.20825000000000002,0.04966666666666666,0.15858,0.10105666666666666,0.08897666666666666,1.1726666666666667,0.023426666666666665,0.06455333333333332,37.372,0.14351333333333333,0.3061466666666667,46.84466666666667,0.10348,0.14049999999999999,72.94466666666668,0.0,0.028470000000000002,0.324,0.03322,0.11216999999999998,0.30599999999999994,0.08897666666666666,0.0,0.5019866666666667
95,98,2002-11-29,1,1,2002-03,Boston Celtics,Toronto Raptors,0,0.47585769230769226,0.13856538461538462,0.24373076923076925,0.09356153846153846,0.20278846153846158,0.05117692307692307,0.15162307692307694,0.10366923076923078,0.07367692307692307,1.4823076923076925,0.046184615384615386,0.14063076923076923,33.340769230769226,0.12186153846153847,0.2681923076923077,45.4376923076923,0.09356153846153846,0.12601153846153845,72.16307692307693,0.0,0.04662307692307694,0.6592307692307693,0.01734230769230769,0.11026538461538463,0.16769230769230767,0.07367692307692307,0.0,0.4993961538461539,0.42406923076923086,0.06279230769230769,0.2678076923076923,0.09346923076923076,0.22229230769230762,0.06617692307692308,0.15611538461538463,0.07643846153846154,0.08535769230769229,0.9561538461538461,0.02092692307692308,0.07210769230769232,29.850769230769234,0.13389615384615383,0.33299999999999996,40.111538461538466,0.09346923076923076,0.12541153846153846,74.32230769230767,0.0,0.04398461538461539,0.5538461538461539,0.02393461538461538,0.11552307692307691,0.2153846153846154,0.08535769230769229,0.0,0.4231499999999999
100,94,2002-11-29,1,1,2002-03,Atlanta Hawks,Miami Heat,1,0.4892071428571429,0.07304999999999999,0.3154785714285714,0.10066785714285713,0.21244285714285716,0.06113571428571429,0.1513,0.10720357142857143,0.10331428571428572,1.0649999999999997,0.024353571428571436,0.07287142857142857,34.63214285714286,0.1577392857142857,0.3240928571428571,48.645714285714284,0.10066785714285713,0.12661785714285717,79.28142857142858,0.0,0.045753571428571435,0.43499999999999994,0.039475,0.11561785714285715,0.3514285714285714,0.10331428571428572,0.0,0.5499392857142857,0.420623076923077,0.05890384615384615,0.2945923076923077,0.06713461538461538,0.21220769230769232,0.05964230769230769,0.15256153846153847,0.09165,0.0632,1.5246153846153843,0.019634615384615382,0.06369230769230769,29.433846153846154,0.14729230769230767,0.3402884615384616,43.199230769230766,0.06713461538461538,0.08817307692307692,74.55461538461537,0.0,0.021280769230769228,0.3569230769230769,0.018469230769230773,0.11618846153846155,0.18153846153846148,0.0632,0.0,0.44295
94,87,2002-11-29,1,1,2002-03,Phoenix Suns,San Antonio Spurs,1,0.4050416666666667,0.036525,0.30219999999999997,0.06632500000000001,0.22750000000000004,0.07164583333333334,0.15585416666666665,0.0974125,0.08925,1.1274999999999997,0.012170833333333334,0.048945833333333334,25.959999999999997,0.15109583333333332,0.3604083333333334,42.222500000000004,0.06632500000000001,0.08737916666666667,79.63166666666665,0.0,0.031475,0.3691666666666667,0.029504166666666668,0.10557916666666667,0.29333333333333333,0.08925,0.0,0.4345458333333334,0.4587535714285714,0.09239285714285717,0.2799035714285714,0.08645714285714287,0.2272107142857143,0.0652857142857143,0.16191785714285717,0.09996785714285716,0.08673214285714285,1.2421428571428572,0.03080357142857143,0.08184642857142856,36.9,0.13995357142857143,0.31459285714285706,44.27428571428572,0.08645714285714287,0.12902857142857144,66.79428571428572,0.0,0.04475714285714285,0.5121428571428571,0.03378214285714286,0.10878571428571429,0.31714285714285717,0.08673214285714285,0.0,0.5094928571428572
100,84,2002-11-29,1,1,2002-03,Indiana Pacers,Washington Wizards,1,0.47463076923076924,0.04408076923076923,0.3292269230769231,0.10132692307692308,0.2326846153846154,0.06140384615384616,0.17128461538461537,0.11110769230769232,0.08195769230769231,1.3738461538461537,0.014688461538461539,0.037903846153846156,35.16307692307693,0.16461538461538458,0.36415384615384616,45.571538461538466,0.10132692307692308,0.13619615384615386,74.61307692307693,0.0,0.04478076923076923,0.5461538461538461,0.03301923076923077,0.12531923076923077,0.2653846153846154,0.08195769230769231,0.0,0.5566461538461538,0.4523769230769231,0.04121923076923077,0.3025,0.10866153846153846,0.2203576923076923,0.0585,0.16186153846153847,0.09391923076923075,0.07198076923076924,1.3469230769230771,0.013738461538461536,0.048319230769230774,27.063846153846157,0.15124615384615384,0.34403076923076925,44.357692307692304,0.10866153846153846,0.13849615384615382,77.54076923076923,0.0,0.042092307692307686,0.5992307692307693,0.02408461538461539,0.10998076923076924,0.22538461538461535,0.07198076923076924,0.0,0.503676923076923
99,106,2002-11-29,1,1,2002-03,Cleveland Cavaliers,Philadelphia 76ers,0,0.417375,0.017050000000000003,0.3084535714285714,0.09186428571428572,0.22151071428571428,0.06811785714285713,0.1533857142857143,0.09244642857142858,0.09081071428571429,1.1492857142857142,0.005685714285714286,0.023410714285714285,17.587857142857143,0.15423571428571428,0.38282142857142853,40.3,0.09186428571428572,0.12983214285714287,70.80999999999997,0.0,0.04492857142857143,0.5328571428571429,0.03195357142857143,0.1121392857142857,0.3014285714285715,0.09081071428571429,0.0,0.43310000000000004,0.4815714285714286,0.04838214285714286,0.3223035714285714,0.11089285714285713,0.22906428571428572,0.06895357142857143,0.1601107142857143,0.10977142857142855,0.07826428571428572,1.5778571428571428,0.01612142857142857,0.05446428571428572,30.775714285714287,0.16115,0.37002142857142856,43.49214285714286,0.11089285714285713,0.1427642857142857,77.64857142857143,0.0,0.05441071428571429,0.7699999999999998,0.016853571428571426,0.11688214285714285,0.1464285714285714,0.07826428571428572,0.0,0.5343357142857144
85,79,2002-11-30,1,1,2002-03,Miami Heat,Cleveland Cavaliers,1,0.41879285714285724,0.05871428571428571,0.2930142857142857,0.06707142857142857,0.21213928571428572,0.0594,0.15273571428571428,0.09113214285714286,0.06390714285714286,1.5014285714285711,0.01957142857142857,0.06414285714285714,29.302857142857142,0.14650357142857143,0.3389285714285715,43.137142857142855,0.06707142857142857,0.088125,74.65142857142857,0.0,0.021860714285714282,0.3621428571428571,0.01808571428571429,0.1160607142857143,0.1771428571428571,0.06390714285714286,0.0,0.4400607142857143,0.41713333333333336,0.018163333333333333,0.30714,0.09182333333333334,0.21986999999999998,0.06753666666666665,0.1523266666666667,0.09278333333333334,0.09017333333333334,1.1613333333333336,0.006056666666666667,0.024476666666666664,18.145333333333333,0.15358,0.38105,40.32066666666666,0.09182333333333334,0.12942666666666666,71.07866666666663,0.0,0.04435,0.5293333333333334,0.031490000000000004,0.11237,0.29666666666666675,0.09017333333333334,0.0,0.4319333333333334
109,86,2002-11-30,1,1,2002-03,Milwaukee Bucks,Detroit Pistons,1,0.4926678571428571,0.11183928571428571,0.2948392857142857,0.08597857142857142,0.2026892857142857,0.051382142857142855,0.15130357142857145,0.10423214285714286,0.07530357142857144,1.4235714285714283,0.037285714285714276,0.09449285714285714,38.54642857142857,0.14742499999999997,0.30863214285714285,47.536428571428566,0.08597857142857142,0.11847857142857143,73.63357142857144,0.0,0.0442,0.5928571428571429,0.028128571428571426,0.11503928571428569,0.25000000000000006,0.07530357142857144,0.0,0.5457035714285714,0.43083333333333335,0.08547333333333333,0.25051999999999996,0.09484333333333334,0.21048666666666666,0.04954999999999999,0.16093333333333332,0.09700666666666666,0.08101333333333335,1.3453333333333333,0.028486666666666667,0.08522666666666669,34.75933333333334,0.1252666666666667,0.2737833333333333,45.76266666666666,0.09484333333333334,0.12683666666666665,73.73333333333333,0.0,0.03213333333333333,0.448,0.03252333333333333,0.1214,0.2833333333333333,0.08101333333333335,0.0,0.48472
92,86,2002-11-30,1,1,2002-03,New York Knicks,New Orleans Hornets,1,0.44667916666666657,0.06321666666666667,0.3110583333333334,0.07240833333333334,0.1898291666666667,0.052974999999999994,0.13683750000000003,0.10467499999999998,0.07690416666666668,1.3883333333333336,0.021070833333333334,0.07087083333333333,29.299166666666668,0.155525,0.3444500000000001,45.35333333333333,0.07240833333333334,0.09297083333333332,78.22916666666666,0.0,0.0395875,0.5633333333333334,0.018816666666666673,0.13910416666666667,0.1316666666666667,0.07690416666666668,0.0,0.46338750000000006,0.47565714285714283,0.07844285714285715,0.3004821428571428,0.09673571428571427,0.21149285714285715,0.07335714285714286,0.13813571428571428,0.1059892857142857,0.06816428571428572,1.6092857142857144,0.026146428571428574,0.0662642857142857,41.10214285714285,0.15024285714285712,0.3438714285714286,43.73142857142857,0.09673571428571427,0.1293214285714286,74.67071428571428,0.0,0.0464,0.7064285714285716,0.020550000000000006,0.10968928571428573,0.19642857142857142,0.06816428571428572,0.0,0.5256142857142858
117,92,2002-11-30,1,1,2002-03,Orlando Magic,Atlanta Hawks,1,0.5132392857142857,0.09696071428571429,0.30816428571428567,0.10812142857142859,0.2000178571428572,0.05501785714285713,0.145,0.11047857142857143,0.07427142857142859,1.5814285714285714,0.03232142857142857,0.08872857142857142,37.09071428571429,0.15408214285714286,0.3177357142857143,48.57285714285714,0.10812142857142859,0.1306392857142857,82.42857142857144,0.0,0.033525,0.48857142857142855,0.022325,0.12039642857142858,0.18857142857142858,0.07427142857142859,0.0,0.5627142857142857,0.4900933333333333,0.07443,0.3141133333333333,0.10153999999999999,0.21390666666666666,0.06135333333333334,0.15254666666666666,0.10739000000000001,0.10238666666666667,1.081333333333333,0.02481333333333334,0.07355333333333333,34.93,0.15705666666666665,0.32357,48.467999999999996,0.10153999999999999,0.12784333333333336,79.25533333333334,0.0,0.04470333333333334,0.42933333333333323,0.03855,0.11561666666666667,0.3433333333333334,0.10238666666666667,0.0,0.5506933333333334
86,93,2002-11-30,1,1,2002-03,Portland Trail Blazers,New Jersey Nets,0,0.4422423076923077,0.06014615384615385,0.30543076923076923,0.07666153846153846,0.19927692307692307,0.06562692307692307,0.1336423076923077,0.1095923076923077,0.07874230769230771,1.4230769230769231,0.020042307692307696,0.057192307692307695,36.70538461538462,0.15271538461538461,0.33843846153846163,45.01153846153847,0.07666153846153846,0.11531538461538463,65.82538461538462,0.0,0.04211538461538462,0.5492307692307692,0.018226923076923078,0.10323076923076922,0.1846153846153846,0.07874230769230771,0.0,0.47118461538461537,0.48838666666666664,0.05922666666666667,0.3176966666666667,0.11146666666666667,0.22071333333333332,0.06110333333333335,0.15961999999999998,0.11209666666666668,0.08132666666666667,1.4740000000000002,0.019739999999999997,0.054849999999999996,34.94533333333334,0.1588466666666667,0.3507533333333333,45.22466666666667,0.11146666666666667,0.1424,78.13600000000001,0.0,0.04348666666666666,0.5433333333333333,0.03519000000000001,0.10544666666666667,0.34400000000000003,0.08132666666666667,0.0,0.5606233333333335
107,85,2002-11-30,1,1,2002-03,San Antonio Spurs,Utah Jazz,1,0.45933666666666667,0.09423333333333336,0.27891,0.08619333333333334,0.22727,0.06489333333333334,0.16237333333333337,0.10051000000000003,0.08628333333333334,1.2546666666666666,0.03141666666666667,0.08276333333333331,37.18266666666667,0.13945666666666667,0.31299333333333323,44.358666666666664,0.08619333333333334,0.12855333333333333,66.87733333333333,0.0,0.044066666666666664,0.5066666666666666,0.03403,0.1087,0.3206666666666667,0.08628333333333334,0.0,0.5116933333333333,0.45384666666666656,0.034966666666666674,0.3116133333333334,0.10725666666666668,0.20925999999999997,0.07049333333333334,0.13876,0.11423666666666664,0.09576000000000003,1.322,0.011666666666666665,0.03628666666666666,25.877333333333333,0.15580333333333332,0.33860333333333337,46.2,0.10725666666666668,0.1493833333333333,70.958,0.0,0.03578,0.3853333333333333,0.02429,0.1228033333333333,0.19933333333333333,0.09576000000000003,0.0,0.49210333333333334
103,90,2002-11-30,1,1,2002-03,Dallas Mavericks,Chicago Bulls,1,0.5279821428571427,0.11617499999999999,0.3193142857142857,0.09248928571428572,0.22202142857142856,0.053392857142857145,0.16863214285714287,0.11581428571428568,0.06752142857142858,1.987142857142857,0.038725,0.09445714285714284,42.29071428571428,0.1596607142857143,0.32758571428571426,48.722857142857144,0.09248928571428572,0.1151857142857143,79.98285714285714,0.0,0.04762142857142858,0.7999999999999999,0.024889285714285714,0.10446785714285714,0.25999999999999995,0.06752142857142858,0.0,0.6244321428571429,0.4643428571428571,0.055567857142857134,0.32358571428571425,0.08518214285714287,0.23051785714285716,0.07023571428571428,0.16028214285714285,0.10431785714285713,0.0878857142857143,1.2414285714285713,0.018528571428571426,0.05685714285714288,34.114285714285714,0.16179999999999997,0.35871071428571427,45.50928571428572,0.08518214285714287,0.13124285714285713,64.61999999999999,0.0,0.03618571428571428,0.4464285714285715,0.023996428571428568,0.11235000000000002,0.21285714285714286,0.0878857142857143,0.0,0.49017142857142854
100,90,2002-11-30,1,1,2002-03,Golden State Warriors,Phoenix Suns,1,0.49169999999999997,0.06683333333333333,0.30942333333333333,0.11544333333333334,0.23904666666666666,0.08347333333333334,0.15558666666666668,0.10352666666666667,0.08561666666666667,1.218,0.02227,0.06588333333333334,31.258000000000003,0.15471333333333337,0.35074,43.692,0.11544333333333334,0.14648999999999998,79.27133333333333,0.0,0.03697333333333333,0.444,0.03877666666666667,0.11894333333333336,0.32866666666666666,0.08561666666666667,0.0,0.5537066666666668,0.40623846153846155,0.037465384615384616,0.30106923076923076,0.06771538461538464,0.22639230769230773,0.0709423076923077,0.15544999999999998,0.0977576923076923,0.08896923076923077,1.139230769230769,0.012484615384615384,0.04984230769230769,25.968461538461536,0.15053076923076922,0.3586923076923077,42.25615384615385,0.06771538461538464,0.08955,79.16230769230768,0.0,0.032130769230769234,0.3784615384615385,0.029588461538461543,0.10596538461538461,0.2938461538461538,0.08896923076923077,0.0,0.43578076923076925
94,95,2002-11-30,1,1,2002-03,Washington Wizards,Philadelphia 76ers,0,0.45202857142857145,0.04296071428571429,0.30178571428571427,0.10728571428571429,0.21792142857142857,0.057850000000000006,0.16007857142857143,0.09403928571428569,0.07210714285714286,1.3507142857142858,0.01432142857142857,0.04915357142857143,27.69,0.1508892857142857,0.3422714285714286,44.46071428571428,0.10728571428571429,0.13668214285714284,77.58500000000001,0.0,0.04216428571428571,0.6007142857142858,0.02406071428571429,0.10984642857142858,0.2257142857142857,0.07210714285714286,0.0,0.5025214285714286,0.48117333333333334,0.04803,0.32315,0.10999999999999997,0.22787666666666667,0.06835666666666666,0.15952000000000002,0.10941333333333332,0.07784,1.5813333333333333,0.016006666666666666,0.05396000000000001,30.828666666666667,0.16157333333333332,0.3686466666666667,43.79933333333334,0.10999999999999997,0.14174666666666666,77.54133333333333,0.0,0.05407666666666667,0.7693333333333332,0.01698,0.11596333333333333,0.14933333333333332,0.07784,0.0,0.5349200000000001
87,92,2002-12-01,1,1,2002-03,Memphis Grizzlies,Toronto Raptors,0,0.47578999999999994,0.058783333333333326,0.32603,0.09097666666666668,0.19856333333333334,0.054196666666666664,0.14436666666666664,0.10706333333333333,0.09099333333333333,1.2480000000000002,0.019593333333333338,0.06745000000000001,31.541999999999998,0.16302,0.33726,49.03666666666666,0.09097666666666668,0.12633,73.38399999999999,0.0,0.04646999999999999,0.5326666666666667,0.032946666666666666,0.10893666666666667,0.3106666666666666,0.09099333333333333,0.0,0.51237,0.42542857142857154,0.06352857142857142,0.26832142857142854,0.09357857142857141,0.2203857142857142,0.06600357142857143,0.1543857142857143,0.07696071428571429,0.08470714285714284,0.975,0.021175,0.07227142857142857,30.18571428571429,0.1341535714285714,0.3318928571428571,40.32928571428572,0.09357857142857141,0.12569642857142857,74.28071428571427,0.0,0.04396785714285715,0.5592857142857143,0.024099999999999993,0.11517142857142856,0.21714285714285714,0.08470714285714284,0.0,0.42520357142857135
96,95,2002-12-01,1,1,2002-03,Seattle SuperSonics,New Jersey Nets,1,0.47396666666666665,0.08464000000000002,0.3154,0.07392333333333334,0.20674000000000003,0.06018666666666668,0.14655,0.12033333333333335,0.06615666666666667,1.8739999999999997,0.028210000000000002,0.07079666666666665,38.507333333333335,0.15770333333333336,0.33993,46.285333333333334,0.07392333333333334,0.10120333333333333,72.86266666666666,0.0,0.04393333333333334,0.6913333333333332,0.019153333333333335,0.10242666666666667,0.19600000000000004,0.06615666666666667,0.0,0.5458866666666666,0.48538666666666663,0.0626,0.31278,0.11000666666666666,0.2195466666666666,0.059103333333333334,0.16045333333333334,0.11239,0.08024333333333336,1.496666666666667,0.020866666666666662,0.05689,35.458,0.15638666666666665,0.3472533333333333,44.99333333333334,0.11000666666666666,0.14123333333333335,77.61866666666666,0.0,0.04406999999999999,0.5586666666666668,0.03260666666666667,0.10586333333333336,0.31599999999999995,0.08024333333333336,0.0,0.5556633333333334
87,92,2002-12-01,1,1,2002-03,Los Angeles Clippers,Indiana Pacers,0,0.45935999999999994,0.07002333333333333,0.28460666666666673,0.10473,0.20833333333333334,0.04920666666666666,0.15912,0.10105666666666667,0.08956,1.172,0.02334333333333333,0.06526,36.891333333333336,0.14230666666666666,0.3058133333333333,46.51800000000001,0.10473,0.14225000000000002,72.99266666666668,0.0,0.03005333333333333,0.33999999999999997,0.03234666666666667,0.11241999999999999,0.29866666666666664,0.08956,0.0,0.49861333333333324,0.4763071428571429,0.044414285714285705,0.3316928571428572,0.10020357142857142,0.2327142857142857,0.060989285714285725,0.1717285714285714,0.11285714285714286,0.081775,1.4,0.014799999999999999,0.03841071428571429,34.92928571428572,0.16585,0.3644357142857143,45.85285714285715,0.10020357142857142,0.13450357142857144,74.79428571428572,0.0,0.04426071428571428,0.5421428571428571,0.03271428571428572,0.12453928571428573,0.2642857142857143,0.081775,0.0,0.5605928571428571
95,86,2002-12-01,1,1,2002-03,Boston Celtics,New Orleans Hornets,1,0.4765107142857143,0.13911428571428572,0.24426785714285718,0.09312857142857142,0.20446428571428574,0.05229999999999999,0.15217857142857147,0.1035857142857143,0.07421785714285714,1.4700000000000002,0.04636785714285714,0.14072142857142858,33.46071428571428,0.12212857142857143,0.2689928571428571,45.41785714285714,0.09312857142857142,0.12585,71.97,0.0,0.04775714285714287,0.67,0.017846428571428572,0.11046785714285715,0.17214285714285713,0.07421785714285714,0.0,0.5020285714285715,0.4765733333333333,0.07871333333333334,0.3018666666666666,0.09599333333333332,0.21152,0.07267333333333333,0.13884333333333332,0.10717333333333333,0.06828666666666666,1.6260000000000001,0.026236666666666672,0.06634666666666666,41.11466666666666,0.1509333333333333,0.3441133333333334,43.916000000000004,0.09599333333333332,0.12811666666666668,74.83666666666666,0.0,0.04601333333333333,0.7000000000000001,0.02080666666666667,0.10896000000000002,0.20066666666666666,0.06828666666666666,0.0,0.5284066666666667
103,84,2002-12-01,1,1,2002-03,Sacramento Kings,Houston Rockets,1,0.5036433333333333,0.08559999999999998,0.3268433333333334,0.09120666666666666,0.2186,0.058293333333333336,0.16030666666666665,0.12029666666666668,0.07983,1.5806666666666664,0.028536666666666665,0.08165666666666667,34.8,0.16342333333333334,0.33858333333333335,48.24066666666668,0.09120666666666666,0.12553999999999998,72.71066666666667,0.0,0.04825000000000001,0.6066666666666668,0.03213,0.10153333333333334,0.32733333333333337,0.07983,0.0,0.5804733333333334,0.44719642857142855,0.06456428571428571,0.29395357142857154,0.08866785714285716,0.22252142857142854,0.0638607142857143,0.15866071428571432,0.0796,0.07737142857142858,1.1414285714285712,0.021532142857142857,0.058467857142857134,35.19428571428572,0.14697857142857146,0.3356571428571429,43.863571428571426,0.08866785714285716,0.12089285714285716,72.94571428571429,0.0,0.03382142857142857,0.4600000000000001,0.03432857142857144,0.09746071428571428,0.36214285714285716,0.07737142857142858,0.0,0.48226428571428576
107,110,2002-12-01,1,1,2002-03,Los Angeles Lakers,Minnesota Timberwolves,0,0.4513366666666666,0.07271666666666667,0.29257666666666665,0.08604999999999997,0.22285666666666665,0.07097666666666667,0.15188000000000004,0.10741999999999999,0.07555333333333333,1.536,0.024246666666666663,0.08731333333333333,28.14666666666666,0.14629,0.34532333333333326,42.668000000000006,0.08604999999999997,0.10929333333333331,79.03466666666667,0.0,0.04382666666666667,0.6173333333333333,0.02821,0.11612000000000001,0.25066666666666665,0.07555333333333333,0.0,0.4927433333333333,0.47187333333333326,0.04286,0.33153,0.09749000000000001,0.22063,0.055766666666666666,0.16484999999999997,0.11037666666666665,0.07658000000000001,1.568,0.01429,0.03764,33.72866666666667,0.16576666666666667,0.37483000000000005,44.287333333333336,0.09749000000000001,0.12895333333333334,74.64533333333334,0.0,0.034023333333333336,0.47333333333333333,0.027416666666666666,0.11196666666666667,0.26333333333333336,0.07658000000000001,0.0,0.5238566666666667
125,93,2002-12-02,1,1,2002-03,New York Knicks,Cleveland Cavaliers,1,0.44741538461538455,0.06383461538461539,0.3100153846153847,0.07356923076923078,0.18993846153846156,0.053226923076923074,0.13669615384615386,0.10402692307692306,0.07641923076923078,1.3915384615384618,0.02127692307692308,0.07138076923076922,29.400769230769235,0.15500384615384616,0.34343461538461545,45.32,0.07356923076923078,0.09447307692307691,78.2176923076923,0.0,0.03938076923076923,0.5638461538461539,0.018761538461538465,0.1380653846153846,0.13230769230769235,0.07641923076923078,0.0,0.4636576923076924,0.4172166666666667,0.019913333333333335,0.30589,0.09140666666666668,0.21783000000000002,0.06566333333333332,0.15216000000000002,0.09324333333333333,0.08987999999999999,1.1640000000000001,0.006639999999999999,0.026270000000000005,19.041999999999998,0.15295333333333333,0.37779999999999997,40.508,0.09140666666666668,0.12805333333333332,71.66599999999998,0.0,0.04401666666666667,0.5233333333333333,0.03165666666666667,0.11341,0.2973333333333334,0.08987999999999999,0.0,0.43293333333333345
97,102,2002-12-02,1,1,2002-03,Orlando Magic,Boston Celtics,0,0.50969,0.09674666666666668,0.30611999999999995,0.10683000000000001,0.2010566666666667,0.05568333333333332,0.1453733333333333,0.10898666666666666,0.07457000000000003,1.5566666666666669,0.032249999999999994,0.08810666666666665,37.00800000000001,0.15306,0.3188033333333333,48.12466666666667,0.10683000000000001,0.12968,82.22733333333335,0.0,0.03379,0.49,0.022543333333333335,0.11983,0.19133333333333333,0.07457000000000003,0.0,0.5570333333333333,0.47637,0.13959,0.24423333333333336,0.09254666666666665,0.20637333333333335,0.053479999999999986,0.1529066666666667,0.10305333333333334,0.07456333333333333,1.4560000000000002,0.04652666666666667,0.14054666666666668,33.63999999999999,0.12211333333333332,0.2697666666666666,45.29866666666666,0.09254666666666665,0.12571,71.62133333333333,0.0,0.04824000000000002,0.6746666666666667,0.018116666666666666,0.11047666666666668,0.17466666666666664,0.07456333333333333,0.0,0.5027666666666667
90,100,2002-12-02,1,1,2002-03,Phoenix Suns,Miami Heat,0,0.40762142857142863,0.038139285714285716,0.30072499999999996,0.06877142857142858,0.22540000000000002,0.07069642857142858,0.1547035714285714,0.09764999999999999,0.08850714285714287,1.1471428571428568,0.012707142857142858,0.05065714285714286,25.874285714285712,0.15035714285714286,0.3579357142857143,42.28642857142857,0.06877142857142858,0.09114642857142859,78.88357142857141,0.0,0.03278214285714286,0.38928571428571435,0.029350000000000005,0.10629642857142858,0.2914285714285714,0.08850714285714287,0.0,0.43639642857142863,0.4176233333333334,0.0583,0.29197999999999996,0.06735,0.21229,0.059566666666666664,0.15272,0.09076333333333333,0.06435333333333333,1.4859999999999998,0.019433333333333334,0.06457333333333333,29.07266666666667,0.14598666666666665,0.3385833333333334,43.03999999999999,0.06735,0.08833333333333333,74.89733333333332,0.0,0.022569999999999993,0.3713333333333333,0.017840000000000005,0.11599000000000001,0.17399999999999996,0.06435333333333333,0.0,0.43801666666666667
113,102,2002-12-02,1,1,2002-03,Dallas Mavericks,Toronto Raptors,1,0.5266166666666666,0.11417999999999998,0.3192766666666666,0.09315666666666668,0.22268,0.053916666666666675,0.16876333333333332,0.11479999999999997,0.06698000000000001,1.97,0.038060000000000004,0.09386666666666667,41.87199999999999,0.15964333333333336,0.3288733333333333,48.55733333333333,0.09315666666666668,0.11550666666666667,80.28266666666667,0.0,0.04703,0.7919999999999999,0.02502333333333333,0.10387666666666666,0.26199999999999996,0.06698000000000001,0.0,0.6217633333333334,0.4259000000000001,0.06466666666666666,0.2680166666666667,0.09321333333333333,0.21819333333333327,0.06543666666666667,0.15275999999999998,0.07770333333333333,0.08401999999999998,0.998,0.021556666666666665,0.07274666666666667,30.541333333333338,0.1340033333333333,0.3302266666666666,40.516,0.09321333333333333,0.12535666666666667,74.28066666666665,0.0,0.04399666666666667,0.5646666666666668,0.02428666666666666,0.11482666666666666,0.21866666666666668,0.08401999999999998,0.0,0.42652333333333325
102,91,2002-12-02,1,1,2002-03,Utah Jazz,Indiana Pacers,1,0.4604299999999999,0.036966666666666675,0.3148633333333334,0.10859,0.2095933333333333,0.06986666666666666,0.13972,0.11702999999999998,0.09559333333333334,1.3586666666666667,0.012333333333333333,0.03745333333333333,27.634,0.15743,0.3381866666666667,46.75666666666666,0.10859,0.14955000000000004,71.72533333333334,0.0,0.036986666666666675,0.3979999999999999,0.025373333333333335,0.12259666666666663,0.21000000000000002,0.09559333333333334,0.0,0.5069766666666666,0.47797,0.04482666666666666,0.3329966666666667,0.10014999999999999,0.23253333333333334,0.06079666666666668,0.17173999999999995,0.114,0.08136333333333333,1.4226666666666665,0.01494,0.03889,34.772666666666666,0.16649999999999998,0.36460000000000004,45.980000000000004,0.10014999999999999,0.13387,75.08400000000002,0.0,0.043809999999999995,0.5406666666666666,0.03232666666666666,0.12411000000000001,0.262,0.08136333333333333,0.0,0.5635133333333333
103,78,2002-12-03,1,1,2002-03,Washington Wizards,Milwaukee Bucks,1,0.4513533333333334,0.04422333333333333,0.3010833333333333,0.10604999999999999,0.21572666666666668,0.05745333333333334,0.15828,0.09422999999999998,0.07255000000000002,1.3506666666666667,0.01474,0.04987666666666667,28.047333333333334,0.15053666666666665,0.34062000000000003,44.55466666666666,0.10604999999999999,0.13519666666666666,77.55533333333334,0.0,0.041979999999999996,0.5966666666666666,0.024083333333333335,0.11015000000000001,0.22533333333333333,0.07255000000000002,0.0,0.5004799999999999,0.49211666666666665,0.11075666666666666,0.2946,0.08674666666666665,0.20346999999999998,0.05212333333333333,0.15134333333333333,0.10378333333333332,0.07424333333333334,1.4419999999999997,0.03692666666666666,0.09427666666666666,38.282666666666664,0.14730333333333331,0.30972333333333335,47.35999999999999,0.08674666666666665,0.11941333333333334,73.67133333333335,0.0,0.04375333333333333,0.5960000000000001,0.027586666666666666,0.11499666666666665,0.24533333333333338,0.07424333333333334,0.0,0.54403
89,75,2002-12-03,1,1,2002-03,Houston Rockets,San Antonio Spurs,1,0.44684333333333337,0.06388666666666666,0.2940233333333334,0.08892333333333334,0.22243666666666664,0.06310333333333334,0.15933333333333338,0.08054333333333334,0.07742000000000002,1.153333333333333,0.021303333333333334,0.05857,34.742,0.14701333333333336,0.33436333333333335,44.03733333333333,0.08892333333333334,0.12150000000000001,72.84400000000001,0.0,0.03386,0.4586666666666668,0.03424666666666667,0.09683666666666667,0.36666666666666664,0.07742000000000002,0.0,0.48332,0.4593766666666667,0.09723333333333334,0.2775766666666667,0.08456666666666666,0.22664333333333334,0.06331,0.16333333333333339,0.10067666666666669,0.08549000000000001,1.27,0.03241666666666666,0.08434666666666664,37.67266666666667,0.13879000000000002,0.3104533333333333,44.553999999999995,0.08456666666666666,0.12538666666666665,67.46333333333334,0.0,0.042193333333333326,0.4906666666666667,0.03353,0.10823999999999999,0.32,0.08549000000000001,0.0,0.5125266666666667
110,89,2002-12-03,1,1,2002-03,Golden State Warriors,Denver Nuggets,1,0.48857333333333336,0.06570666666666666,0.3060066666666667,0.11685999999999999,0.24041999999999994,0.0836,0.15683666666666668,0.10173333333333333,0.08507666666666668,1.2073333333333336,0.02189666666666667,0.0673,29.618000000000006,0.15300666666666668,0.3495333333333333,43.36266666666667,0.11685999999999999,0.14928333333333332,78.74133333333333,0.0,0.037513333333333336,0.4526666666666667,0.037526666666666667,0.11873666666666668,0.3186666666666666,0.08507666666666668,0.0,0.5463333333333332,0.38654999999999995,0.04061999999999999,0.2835266666666667,0.06240666666666666,0.21838999999999997,0.07530333333333332,0.14309999999999998,0.09452333333333333,0.10342,0.9700000000000001,0.013543333333333334,0.05132333333333332,25.27066666666667,0.14176666666666668,0.34641,41.108666666666664,0.06240666666666666,0.09180333333333332,64.82066666666667,0.0,0.039599999999999996,0.40266666666666673,0.025743333333333333,0.12277999999999996,0.22000000000000003,0.10342,0.0,0.38955666666666666
87,72,2002-12-03,1,1,2002-03,New Jersey Nets,Atlanta Hawks,1,0.48288666666666674,0.06634999999999999,0.30928000000000005,0.10725666666666665,0.2182133333333333,0.05773,0.16049333333333335,0.11305666666666667,0.07991000000000001,1.514,0.022116666666666666,0.05889,36.24333333333333,0.15463666666666664,0.34471333333333326,44.84000000000001,0.10725666666666665,0.13794,77.30466666666666,0.0,0.04556999999999999,0.5800000000000001,0.031233333333333335,0.10503000000000001,0.30400000000000005,0.07991000000000001,0.0,0.5535366666666666,0.49246666666666666,0.07542999999999998,0.31244666666666665,0.10457999999999999,0.21811333333333333,0.06206000000000001,0.15604666666666667,0.10835,0.10101333333333333,1.1113333333333333,0.025146666666666664,0.07347000000000001,35.455333333333336,0.15622333333333333,0.32232,48.34733333333334,0.10457999999999999,0.13109333333333337,79.73266666666667,0.0,0.042203333333333336,0.4119999999999999,0.03609,0.11591,0.32133333333333336,0.10101333333333333,0.0,0.5552766666666668
98,86,2002-12-03,1,1,2002-03,Sacramento Kings,Minnesota Timberwolves,1,0.5021166666666667,0.0851,0.3261766666666667,0.09084666666666666,0.21763999999999997,0.05847666666666667,0.15916666666666665,0.11992333333333335,0.08051333333333334,1.5539999999999998,0.02837,0.08153,34.484666666666676,0.16309,0.33805666666666667,48.23800000000001,0.09084666666666666,0.1257633333333333,72.33266666666667,0.0,0.048499999999999995,0.6046666666666667,0.03138,0.10171666666666668,0.31933333333333336,0.08051333333333334,0.0,0.576,0.47154,0.039233333333333335,0.3351133333333333,0.09719666666666665,0.22067,0.05685,0.16380999999999998,0.10970999999999999,0.07641333333333335,1.564,0.013083333333333334,0.036599999999999994,31.62933333333334,0.16756,0.37557999999999997,44.68866666666667,0.09719666666666665,0.12870333333333334,74.71866666666666,0.0,0.034063333333333334,0.4746666666666666,0.02795666666666667,0.11050666666666667,0.26999999999999996,0.07641333333333335,0.0,0.5244833333333334
101,91,2002-12-03,1,1,2002-03,Los Angeles Lakers,Memphis Grizzlies,1,0.45371,0.07171666666666666,0.29691000000000006,0.08508999999999997,0.22335666666666668,0.06989333333333334,0.15346333333333337,0.10771333333333331,0.07501333333333335,1.552,0.02391333333333333,0.08593999999999999,28.344666666666665,0.14845666666666668,0.34623999999999994,43.183333333333344,0.08508999999999997,0.10942,78.128,0.0,0.043699999999999996,0.6186666666666666,0.028043333333333333,0.11453666666666668,0.2513333333333333,0.07501333333333335,0.0,0.49737000000000003,0.47212333333333334,0.05865666666666667,0.32219666666666663,0.09127,0.19864666666666667,0.05628,0.14236666666666667,0.10526999999999999,0.08969999999999999,1.2473333333333336,0.01955333333333333,0.06549,32.016,0.1611033333333333,0.34042666666666666,47.83,0.09127,0.12324666666666668,75.18399999999998,0.0,0.04592999999999999,0.534,0.03428,0.1108533333333333,0.3206666666666667,0.08969999999999999,0.0,0.5092866666666667
90,115,2002-12-03,1,1,2002-03,Chicago Bulls,New Orleans Hornets,0,0.4640533333333333,0.054113333333333326,0.32393,0.08600333333333335,0.2280666666666667,0.06980333333333334,0.1582633333333333,0.10386333333333332,0.08756666666666667,1.244,0.01804333333333333,0.05623333333333335,33.51466666666666,0.16197333333333333,0.35883666666666664,45.53933333333334,0.08600333333333335,0.13132666666666667,65.22933333333332,0.0,0.03644,0.4513333333333334,0.023979999999999998,0.11256666666666668,0.21266666666666667,0.08756666666666667,0.0,0.4884533333333333,0.47519999999999996,0.07771333333333333,0.30411666666666665,0.09336666666666664,0.21181333333333333,0.07134,0.14046999999999998,0.10779999999999999,0.06891333333333333,1.6246666666666665,0.02590333333333334,0.06722,39.79066666666666,0.15206000000000003,0.34453,44.19933333333333,0.09336666666666664,0.12441,74.93066666666665,0.0,0.044973333333333324,0.678,0.021390000000000003,0.10721000000000003,0.20866666666666667,0.06891333333333333,0.0,0.5274466666666667
89,80,2002-12-04,1,1,2002-03,Los Angeles Clippers,Miami Heat,1,0.4586933333333334,0.06927333333333334,0.28519000000000005,0.10423,0.20916666666666664,0.04920666666666666,0.15995333333333334,0.10118333333333333,0.09014333333333333,1.172,0.023093333333333334,0.06622000000000001,36.010000000000005,0.14259999999999998,0.30644,46.53866666666668,0.10423,0.14162333333333335,73.04333333333334,0.0,0.031470000000000005,0.3553333333333334,0.03209666666666667,0.1130033333333333,0.29666666666666663,0.09014333333333333,0.0,0.4980733333333333,0.41654000000000013,0.06092666666666667,0.28806333333333334,0.06755666666666667,0.21537333333333336,0.06081666666666666,0.15455333333333332,0.09018,0.06539333333333333,1.454,0.020306666666666664,0.06724,29.67666666666667,0.14402666666666666,0.33691666666666664,42.70733333333333,0.06755666666666667,0.08854000000000001,74.96399999999998,0.0,0.023863333333333334,0.38599999999999995,0.016966666666666668,0.11819666666666669,0.16,0.06539333333333333,0.0,0.4367233333333333
83,88,2002-12-04,1,1,2002-03,Detroit Pistons,Washington Wizards,0,0.4308733333333334,0.08597333333333333,0.25410333333333335,0.09080333333333335,0.20736,0.048299999999999996,0.15906,0.09863333333333332,0.07914,1.39,0.02865333333333334,0.08426666666666666,35.26266666666667,0.12706,0.2766166666666667,45.970666666666666,0.09080333333333335,0.12291999999999999,72.888,0.0,0.032633333333333334,0.46333333333333326,0.032856666666666666,0.12002666666666667,0.29133333333333333,0.07914,0.0,0.4859266666666666,0.4581033333333334,0.04672333333333333,0.30516666666666664,0.10621666666666664,0.21185333333333334,0.05653666666666667,0.15532,0.09543666666666666,0.07359,1.358666666666667,0.015573333333333331,0.051793333333333344,28.436666666666667,0.15257666666666667,0.33665999999999996,45.604,0.10621666666666664,0.13478,77.966,0.0,0.041896666666666665,0.59,0.02371,0.10981666666666667,0.22333333333333333,0.07359,0.0,0.5085633333333333
93,85,2002-12-04,1,1,2002-03,Utah Jazz,Los Angeles Lakers,1,0.46246999999999994,0.036840000000000005,0.31744666666666677,0.10817333333333333,0.21142666666666665,0.06953333333333331,0.1418866666666667,0.11856999999999998,0.09509333333333334,1.3866666666666667,0.012293333333333333,0.037246666666666664,28.224000000000004,0.1587233333333333,0.33868666666666664,47.102,0.10817333333333333,0.14901000000000006,71.67466666666668,0.0,0.03681999999999999,0.39799999999999985,0.026333333333333334,0.12217999999999997,0.22,0.09509333333333334,0.0,0.51477,0.4543933333333332,0.07005,0.30049333333333333,0.08385333333333332,0.22421666666666665,0.0691,0.15511333333333335,0.10768666666666665,0.07503,1.56,0.023356666666666668,0.08431333333333332,28.399333333333335,0.15024999999999997,0.34773999999999994,43.50733333333334,0.08385333333333332,0.10951666666666666,77.05133333333333,0.0,0.043423333333333335,0.6133333333333333,0.027693333333333334,0.11353666666666666,0.24999999999999997,0.07503,0.0,0.49827333333333335
111,114,2002-12-04,1,1,2002-03,Seattle SuperSonics,Indiana Pacers,0,0.4726333333333333,0.08201333333333333,0.31723333333333337,0.07338333333333333,0.20678000000000002,0.05964666666666667,0.14713333333333337,0.11950000000000001,0.06495000000000001,1.9033333333333329,0.027336666666666665,0.07116999999999998,36.966,0.15862,0.3417233333333333,46.312000000000005,0.07338333333333333,0.09970333333333332,73.47733333333332,0.0,0.04326666666666667,0.7000000000000001,0.018526666666666667,0.10146666666666668,0.19066666666666668,0.06495000000000001,0.0,0.5425133333333333,0.48059666666666667,0.04445333333333333,0.33458000000000004,0.10156666666666664,0.23132666666666665,0.05888000000000001,0.17244666666666666,0.11646000000000001,0.08065666666666667,1.4666666666666663,0.014813333333333333,0.03909666666666667,34.014,0.16729333333333335,0.36356,46.30666666666666,0.10156666666666664,0.13282999999999998,76.73933333333335,0.0,0.042059999999999986,0.526,0.03191,0.12294333333333334,0.2606666666666667,0.08065666666666667,0.0,0.5698866666666668
90,92,2002-12-04,1,1,2002-03,Denver Nuggets,Sacramento Kings,0,0.3858,0.03849333333333334,0.28419333333333335,0.06311333333333333,0.21597333333333335,0.07576333333333334,0.14022666666666667,0.09373000000000001,0.10345999999999998,0.9666666666666666,0.012836666666666668,0.04836333333333333,25.260000000000005,0.1421,0.34966,40.78466666666667,0.06311333333333333,0.09213666666666667,65.29733333333334,0.0,0.04101666666666667,0.4160000000000001,0.02616,0.12402999999999996,0.22266666666666668,0.10345999999999998,0.0,0.3870966666666667,0.5027833333333332,0.08572666666666667,0.3270933333333333,0.08997333333333332,0.21672333333333332,0.05897666666666667,0.15775,0.12030000000000002,0.08084666666666666,1.5480000000000003,0.028576666666666663,0.08186333333333334,34.45466666666667,0.16355,0.33805666666666667,48.40133333333334,0.08997333333333332,0.12538666666666665,71.83866666666667,0.0,0.04908333333333333,0.6120000000000001,0.03067333333333333,0.10209333333333334,0.31133333333333335,0.08084666666666666,0.0,0.5755
85,87,2002-12-04,1,1,2002-03,New York Knicks,Orlando Magic,0,0.4479571428571428,0.06423214285714286,0.30903214285714287,0.0747,0.19115000000000001,0.053846428571428566,0.13728928571428572,0.10320357142857141,0.07618214285714286,1.3900000000000003,0.021407142857142857,0.07163928571428571,29.526428571428575,0.15451071428571428,0.3429678571428572,45.22571428571428,0.0747,0.09602857142857142,78.09214285714286,0.0,0.03911071428571428,0.5628571428571428,0.018628571428571432,0.13704285714285713,0.13214285714285717,0.07618214285714286,0.0,0.46384285714285717,0.5085233333333333,0.09574666666666667,0.30487,0.10791333333333333,0.20243000000000003,0.057143333333333324,0.14529,0.10732000000000001,0.07436333333333335,1.5459999999999998,0.03191666666666667,0.08818999999999999,36.06466666666667,0.15243333333333334,0.32088666666666665,47.63333333333334,0.10791333333333333,0.13072,82.67666666666668,0.0,0.03482999999999999,0.5073333333333333,0.02254333333333334,0.11941333333333334,0.1933333333333333,0.07436333333333335,0.0,0.5537399999999999
111,101,2002-12-04,1,1,2002-03,Cleveland Cavaliers,Chicago Bulls,1,0.4183266666666667,0.022206666666666666,0.30444666666666664,0.09167000000000002,0.21456666666666666,0.06403666666666666,0.15052000000000001,0.09381333333333333,0.08896333333333331,1.1766666666666665,0.007403333333333334,0.028200000000000003,20.441333333333333,0.15223,0.3744266666666667,40.666000000000004,0.09167000000000002,0.12786,72.088,0.0,0.04358666666666666,0.5206666666666667,0.03147333333333334,0.11364666666666666,0.2966666666666667,0.08896333333333331,0.0,0.43360000000000004,0.46126000000000006,0.05111333333333334,0.32309666666666664,0.08704333333333333,0.22573333333333337,0.07034333333333333,0.15539,0.10065666666666666,0.08727333333333333,1.219333333333333,0.017043333333333334,0.054316666666666666,32.92066666666666,0.1615566666666667,0.3624633333333333,44.90866666666667,0.08704333333333333,0.13136666666666666,66.05199999999999,0.0,0.03706666666666667,0.4626666666666667,0.023729999999999998,0.11377333333333332,0.208,0.08727333333333333,0.0,0.47866000000000003
88,103,2002-12-04,1,1,2002-03,Portland Trail Blazers,Dallas Mavericks,0,0.4428392857142857,0.06040357142857143,0.30557857142857137,0.07685714285714286,0.20097857142857142,0.06518214285714286,0.13579285714285716,0.11002142857142858,0.07892142857142859,1.4278571428571427,0.020128571428571433,0.05725714285714286,36.89071428571429,0.15278928571428568,0.33752142857142864,45.16714285714287,0.07685714285714286,0.11462142857142857,66.58857142857143,0.0,0.041607142857142856,0.5421428571428571,0.018575,0.10286428571428571,0.18928571428571428,0.07892142857142859,0.0,0.475475,0.5207833333333333,0.11080666666666665,0.31561,0.09436333333333333,0.2232633333333333,0.05366666666666667,0.16959666666666665,0.11117333333333332,0.06652,1.9313333333333336,0.03693333333333334,0.09182666666666665,41.73933333333333,0.15781,0.3282066666666666,48.147333333333336,0.09436333333333333,0.1163,80.76333333333334,0.0,0.04615666666666666,0.7853333333333332,0.025816666666666665,0.10216999999999997,0.2733333333333333,0.06652,0.0,0.61343
98,85,2002-12-04,1,1,2002-03,Phoenix Suns,Memphis Grizzlies,1,0.4094466666666667,0.03909666666666667,0.3009266666666666,0.06943666666666667,0.22524666666666668,0.07106666666666667,0.1541833333333333,0.09730666666666665,0.08835666666666667,1.1486666666666665,0.013026666666666667,0.05161333333333333,25.86333333333333,0.15045999999999998,0.3580333333333333,42.29333333333333,0.06943666666666667,0.09244333333333335,78.45266666666666,0.0,0.03368,0.40133333333333343,0.02902,0.10654333333333335,0.2886666666666667,0.08835666666666667,0.0,0.4371766666666667,0.4717899999999999,0.06040666666666667,0.32053,0.09085333333333336,0.19960666666666663,0.05803000000000001,0.14157333333333336,0.10552,0.08886666666666668,1.2633333333333334,0.020136666666666667,0.06632333333333332,31.862666666666666,0.16027,0.34096666666666664,47.42133333333333,0.09085333333333336,0.12133,75.86733333333333,0.0,0.04584666666666666,0.538,0.03544666666666666,0.11185333333333333,0.3313333333333334,0.08886666666666668,0.0,0.5119533333333334
99,93,2002-12-04,1,1,2002-03,Philadelphia 76ers,Boston Celtics,1,0.48292333333333326,0.04803,0.32723333333333327,0.10766666666666667,0.22437666666666667,0.06639666666666667,0.15797999999999998,0.11016333333333332,0.07534,1.6406666666666667,0.016006666666666666,0.05292000000000001,31.416666666666668,0.1636133333333333,0.36923,44.322,0.10766666666666667,0.13845333333333334,77.64533333333334,0.0,0.054450000000000005,0.7973333333333331,0.01773,0.11533666666666666,0.158,0.07534,0.0,0.5410033333333334,0.4761633333333333,0.14121666666666666,0.24215,0.09279666666666665,0.20908000000000002,0.05572999999999999,0.15336666666666668,0.10105333333333334,0.07402333333333333,1.4433333333333336,0.047066666666666666,0.14196333333333333,33.73533333333333,0.12107333333333334,0.27097333333333323,44.72466666666666,0.09279666666666665,0.12625,71.42266666666667,0.0,0.04932333333333335,0.6946666666666668,0.019450000000000002,0.11039333333333334,0.1873333333333333,0.07402333333333333,0.0,0.5028066666666667
89,74,2002-12-04,1,1,2002-03,New Orleans Hornets,Toronto Raptors,1,0.4765333333333333,0.07721333333333333,0.30678333333333335,0.09253333333333333,0.21231333333333333,0.0703,0.14200999999999997,0.10850666666666667,0.06920666666666667,1.6366666666666667,0.025736666666666675,0.06772,39.14000000000001,0.15339333333333335,0.34503,44.54133333333333,0.09253333333333333,0.12307666666666667,75.108,0.0,0.04397333333333333,0.6633333333333333,0.021683333333333332,0.10637666666666669,0.21333333333333335,0.06920666666666667,0.0,0.5296533333333334,0.43040000000000006,0.06704,0.2702666666666667,0.09308666666666668,0.2134433333333333,0.06506333333333332,0.14838666666666664,0.07683,0.08218666666666666,1.022,0.022349999999999995,0.07308000000000002,31.529333333333337,0.13513,0.33080999999999994,40.808,0.09308666666666668,0.12452333333333335,74.69399999999999,0.0,0.04420333333333334,0.5820000000000001,0.02474666666666666,0.11391000000000001,0.22400000000000003,0.08218666666666666,0.0,0.42960666666666664
98,80,2002-12-05,1,1,2002-03,Atlanta Hawks,Milwaukee Bucks,1,0.4931333333333333,0.07730333333333334,0.31003000000000003,0.10578666666666667,0.2211966666666667,0.06289333333333333,0.15829666666666667,0.10818333333333334,0.09942999999999999,1.1326666666666665,0.02577333333333333,0.07401,36.156,0.15501666666666666,0.3226533333333333,47.86866666666666,0.10578666666666667,0.13222000000000003,80.034,0.0,0.04057666666666667,0.4039999999999999,0.03450666666666667,0.11545,0.3086666666666667,0.09942999999999999,0.0,0.5558600000000001,0.4937833333333333,0.10700666666666665,0.30001666666666665,0.08674666666666667,0.2061366666666666,0.054496666666666665,0.1516366666666667,0.10420000000000001,0.07244999999999999,1.4873333333333332,0.03567666666666667,0.09202666666666667,37.93333333333333,0.15001,0.3131833333333334,47.766,0.08674666666666667,0.12020666666666666,73.19133333333335,0.0,0.04254666666666666,0.5953333333333334,0.02692,0.11391333333333331,0.24266666666666672,0.07244999999999999,0.0,0.5481566666666666
98,114,2002-12-05,1,1,2002-03,Golden State Warriors,Minnesota Timberwolves,0,0.48790666666666666,0.06658000000000001,0.30259,0.11873333333333333,0.2405466666666666,0.08326666666666667,0.1572966666666667,0.10015,0.08449333333333335,1.199333333333333,0.022189999999999998,0.06838333333333334,29.55866666666667,0.15130000000000002,0.34828333333333333,43.03866666666668,0.11873333333333333,0.15199000000000001,78.58399999999999,0.0,0.03830666666666667,0.46333333333333343,0.036359999999999996,0.11886333333333335,0.30866666666666664,0.08449333333333335,0.0,0.5423333333333332,0.47355666666666657,0.037733333333333334,0.33891999999999994,0.09690333333333331,0.22107333333333334,0.05753333333333334,0.16353333333333336,0.11055999999999999,0.07628666666666667,1.5839999999999999,0.012583333333333334,0.036283333333333334,30.72466666666667,0.16946333333333333,0.3761366666666666,45.14133333333334,0.09690333333333331,0.12874333333333335,74.58866666666667,0.0,0.03409,0.4759999999999999,0.028233333333333333,0.10914666666666667,0.27466666666666667,0.07628666666666667,0.0,0.52901
91,80,2002-12-06,1,1,2002-03,Boston Celtics,New York Knicks,1,0.4811233333333334,0.14309,0.2439833333333333,0.09404666666666667,0.21283,0.05772999999999998,0.15511666666666665,0.10075999999999999,0.07406333333333336,1.4440000000000002,0.04769333333333334,0.1417133333333333,34.231333333333325,0.12199,0.2727233333333333,44.81466666666667,0.09404666666666667,0.12821,71.28866666666667,0.0,0.050906666666666676,0.718,0.02061666666666667,0.11047666666666668,0.198,0.07406333333333336,0.0,0.5132666666666668,0.44984333333333326,0.06545000000000001,0.30843000000000004,0.07597000000000001,0.19211333333333336,0.05408999999999999,0.13801000000000002,0.10328333333333332,0.07593666666666668,1.398666666666667,0.021813333333333337,0.07232333333333334,29.790000000000006,0.15420999999999999,0.3418533333333334,45.27733333333333,0.07597000000000001,0.09783333333333331,77.92,0.0,0.038836666666666665,0.5613333333333334,0.018593333333333337,0.13586666666666666,0.13400000000000004,0.07593666666666668,0.0,0.46671333333333337
103,89,2002-12-06,1,1,2002-03,Toronto Raptors,Chicago Bulls,1,0.43623333333333336,0.06891333333333334,0.2745166666666667,0.09279333333333334,0.20985999999999996,0.06423000000000001,0.14563666666666666,0.07808,0.07943666666666667,1.0733333333333335,0.02297666666666666,0.07391333333333334,32.04666666666667,0.13725666666666664,0.3303933333333333,41.51,0.09279333333333334,0.12381666666666667,74.92666666666666,0.0,0.04428666666666667,0.6006666666666667,0.025286666666666666,0.11211666666666666,0.23066666666666671,0.07943666666666667,0.0,0.4392333333333333,0.46109333333333336,0.04948666666666668,0.3235966666666667,0.08800333333333334,0.2245266666666667,0.07105,0.15347333333333335,0.09924,0.08631333333333334,1.2206666666666666,0.01650333333333333,0.05398333333333334,31.973333333333333,0.16180666666666668,0.36592333333333327,44.51266666666667,0.08800333333333334,0.13153333333333334,66.74666666666666,0.0,0.03744,0.47333333333333344,0.024189999999999996,0.11406666666666668,0.21133333333333332,0.08631333333333334,0.0,0.47503333333333336
98,96,2002-12-06,1,1,2002-03,New Orleans Hornets,Houston Rockets,1,0.47807333333333335,0.07684,0.31036666666666674,0.09086666666666667,0.21233,0.06916000000000001,0.14315999999999998,0.11007666666666666,0.06993,1.6539999999999997,0.025610000000000008,0.06731666666666668,39.16266666666666,0.1551866666666667,0.34637999999999997,44.880666666666656,0.09086666666666667,0.12107666666666667,75.06866666666666,0.0,0.04329000000000001,0.648,0.02190666666666667,0.10548666666666666,0.21733333333333332,0.06993,0.0,0.5326533333333334,0.44859333333333334,0.06425999999999998,0.29577333333333333,0.08855,0.22027,0.061186666666666674,0.1590833333333333,0.08391666666666665,0.07688,1.2073333333333331,0.02143,0.06003,33.688,0.14788666666666667,0.33053000000000005,44.754,0.08855,0.12133333333333335,72.66866666666667,0.0,0.033609999999999994,0.45933333333333337,0.033706666666666676,0.09508666666666668,0.37466666666666665,0.07688,0.0,0.4891933333333334
98,93,2002-12-06,1,1,2002-03,San Antonio Spurs,Philadelphia 76ers,1,0.46029333333333333,0.10056666666666667,0.27641000000000004,0.08331666666666666,0.22594999999999998,0.06235,0.1635966666666667,0.10120333333333334,0.08444999999999998,1.2953333333333332,0.03352666666666667,0.08598666666666666,38.38933333333333,0.13820666666666667,0.30855000000000005,44.67533333333333,0.08331666666666666,0.12303666666666666,67.86466666666666,0.0,0.040583333333333325,0.47933333333333333,0.03308666666666667,0.10793333333333334,0.318,0.08444999999999998,0.0,0.5141533333333332,0.48374,0.047823333333333336,0.33103999999999995,0.10488999999999998,0.22061333333333338,0.06488,0.15573000000000004,0.11023333333333332,0.07304666666666666,1.69,0.015936666666666665,0.05229333333333334,31.685999999999996,0.16551666666666665,0.36904666666666663,44.91466666666666,0.10488999999999998,0.13465999999999997,77.70066666666666,0.0,0.05424333333333333,0.8186666666666667,0.018340000000000002,0.11456,0.16533333333333333,0.07304666666666666,0.0,0.5444766666666666
104,71,2002-12-06,1,1,2002-03,Utah Jazz,Memphis Grizzlies,1,0.46402666666666664,0.03609,0.3184733333333334,0.10945,0.21235666666666667,0.06834999999999998,0.14399666666666666,0.11903,0.09512000000000001,1.3853333333333333,0.012043333333333333,0.03705333333333332,28.140000000000004,0.15924,0.33691,47.50666666666666,0.10945,0.15017666666666668,71.96933333333332,0.0,0.03669333333333334,0.39533333333333326,0.027069999999999997,0.12160999999999998,0.22866666666666668,0.09512000000000001,0.0,0.5206433333333333,0.47114999999999996,0.062366666666666674,0.31772333333333336,0.09105999999999999,0.20073333333333335,0.05983666666666666,0.14089000000000002,0.10546333333333333,0.08759000000000002,1.284,0.02078666666666667,0.06715666666666666,31.978,0.15886666666666666,0.3408266666666666,46.98800000000001,0.09105999999999999,0.12058,76.41133333333333,0.0,0.045916666666666654,0.5466666666666666,0.03622333333333334,0.11229666666666667,0.34,0.08759000000000002,0.0,0.5140233333333334
88,69,2002-12-06,1,1,2002-03,Portland Trail Blazers,Miami Heat,1,0.44298333333333334,0.06112666666666667,0.30504,0.07681666666666667,0.20237333333333335,0.06500333333333333,0.1373666666666667,0.11031333333333333,0.07912000000000002,1.43,0.020370000000000003,0.057606666666666674,37.05133333333333,0.15252,0.33685333333333334,45.18866666666668,0.07681666666666667,0.11398,67.072,0.0,0.04120666666666666,0.5359999999999999,0.018796666666666666,0.10296666666666666,0.192,0.07912000000000002,0.0,0.47781666666666667,0.4140800000000001,0.06305333333333334,0.28381333333333336,0.06722333333333333,0.21607999999999997,0.06052333333333333,0.15555333333333335,0.08943,0.06622666666666667,1.426,0.021013333333333335,0.06936666666666666,29.978,0.1419,0.33499999999999996,42.349333333333334,0.06722333333333333,0.08774666666666667,75.21666666666668,0.0,0.025196666666666662,0.40199999999999997,0.01688333333333333,0.11794666666666667,0.15666666666666668,0.06622666666666667,0.0,0.4334733333333333
102,96,2002-12-06,1,1,2002-03,Phoenix Suns,Indiana Pacers,1,0.41419666666666666,0.04322333333333333,0.2989266666666667,0.07206333333333334,0.2247066666666667,0.07115,0.15355666666666667,0.09822333333333333,0.08810666666666665,1.1673333333333331,0.014400000000000001,0.05307333333333333,27.766666666666662,0.14945999999999998,0.35716000000000003,42.12533333333333,0.07206333333333334,0.09707,76.69666666666667,0.0,0.03568,0.4260000000000001,0.029559999999999996,0.10758333333333334,0.29266666666666663,0.08810666666666665,0.0,0.44288333333333335,0.48255666666666663,0.04520333333333333,0.33574666666666675,0.10160666666666665,0.23207666666666668,0.05871333333333333,0.17336333333333337,0.11800000000000001,0.08057333333333334,1.4886666666666664,0.01506333333333333,0.03963666666666666,33.846666666666664,0.16787666666666662,0.3626,46.577999999999996,0.10160666666666665,0.13133,77.58466666666666,0.0,0.041019999999999994,0.5153333333333332,0.03103666666666666,0.12102666666666666,0.25733333333333336,0.08057333333333334,0.0,0.5750933333333333
88,78,2002-12-06,1,1,2002-03,Orlando Magic,Washington Wizards,1,0.5067299999999999,0.09570666666666666,0.3046766666666667,0.10635666666666667,0.2041666666666667,0.058753333333333324,0.14541666666666667,0.10617000000000001,0.07396000000000003,1.5453333333333332,0.0319,0.08799666666666665,35.70933333333333,0.1523366666666667,0.32344333333333336,47.248000000000005,0.10635666666666667,0.12901333333333334,82.83999999999999,0.0,0.03581333333333333,0.5253333333333334,0.02248666666666667,0.11793999999999999,0.19666666666666666,0.07396000000000003,0.0,0.5515466666666666,0.4571033333333334,0.047973333333333326,0.30424999999999996,0.1048833333333333,0.20735333333333333,0.05574333333333334,0.15161333333333332,0.09485333333333333,0.07400666666666668,1.3546666666666667,0.015989999999999997,0.05258666666666667,28.682666666666666,0.15211666666666665,0.3341199999999999,45.778,0.1048833333333333,0.13361333333333333,77.75666666666667,0.0,0.04169,0.5860000000000001,0.023376666666666664,0.11027666666666668,0.21933333333333332,0.07400666666666668,0.0,0.5030633333333332
105,103,2002-12-06,1,1,2002-03,Los Angeles Lakers,Dallas Mavericks,1,0.4558933333333333,0.0688,0.30440999999999996,0.08268666666666666,0.22488333333333338,0.06801666666666666,0.15686333333333333,0.10806333333333333,0.07503,1.5746666666666664,0.02294,0.08210666666666669,28.852,0.15220666666666666,0.3493233333333333,43.862,0.08268666666666666,0.10956,76.05199999999999,0.0,0.043006666666666665,0.6073333333333333,0.028026666666666665,0.11283,0.2553333333333333,0.07503,0.0,0.50169,0.5192833333333333,0.10780666666666663,0.3162766666666667,0.09519666666666667,0.22526333333333332,0.054000000000000006,0.17126333333333335,0.10925666666666665,0.06560333333333333,1.9293333333333333,0.03593333333333334,0.09011999999999999,41.60466666666667,0.15814333333333339,0.3297466666666667,48.08533333333333,0.09519666666666667,0.11659333333333334,81.22666666666667,0.0,0.04545,0.7866666666666666,0.026356666666666664,0.10137666666666666,0.28066666666666673,0.06560333333333333,0.0,0.6128033333333335
98,77,2002-12-06,1,1,2002-03,Sacramento Kings,Denver Nuggets,1,0.5013099999999999,0.08602666666666667,0.32672666666666667,0.08856666666666667,0.2156633333333333,0.058743333333333335,0.1569233333333333,0.12017333333333334,0.08078666666666665,1.5446666666666666,0.02867666666666667,0.08182999999999999,34.44666666666667,0.1633666666666667,0.3374166666666667,48.463333333333345,0.08856666666666667,0.12435333333333333,71.27199999999999,0.0,0.04931666666666667,0.6173333333333334,0.030256666666666664,0.10164333333333332,0.3093333333333333,0.08078666666666665,0.0,0.5729333333333333,0.38705000000000006,0.03774333333333334,0.28536,0.06394666666666665,0.21488999999999997,0.07672333333333332,0.13818666666666665,0.09298,0.10487666666666667,0.9446666666666667,0.012586666666666664,0.04723666666666667,25.216,0.14268333333333336,0.35095333333333334,40.778000000000006,0.06394666666666665,0.09330333333333334,65.26,0.0,0.04201666666666666,0.41800000000000004,0.025826666666666668,0.12502999999999997,0.21866666666666668,0.10487666666666667,0.0,0.3855966666666666
100,97,2002-12-07,1,1,2002-03,Washington Wizards,New York Knicks,1,0.4571433333333334,0.04943333333333333,0.30341666666666656,0.10429999999999999,0.20452,0.055313333333333325,0.14921,0.09468666666666667,0.07443666666666668,1.3553333333333335,0.016473333333333333,0.052696666666666656,29.34,0.15169999999999997,0.33230333333333323,45.870666666666665,0.10429999999999999,0.1332233333333333,77.69266666666665,0.0,0.04118999999999999,0.5786666666666667,0.023543333333333336,0.11031666666666666,0.22,0.07443666666666668,0.0,0.5009233333333333,0.45584333333333327,0.0687,0.3098466666666667,0.07730333333333335,0.19507333333333335,0.05475666666666667,0.14030333333333334,0.10482333333333332,0.07739666666666666,1.3946666666666667,0.02289666666666667,0.07411666666666666,30.549333333333337,0.15491666666666667,0.33993666666666666,45.73866666666667,0.07730333333333335,0.09953999999999999,77.93333333333334,0.0,0.03787666666666667,0.5340000000000001,0.01855333333333333,0.13374,0.1366666666666667,0.07739666666666666,0.0,0.47629666666666665
100,71,2002-12-07,1,1,2002-03,Seattle SuperSonics,Miami Heat,1,0.47235666666666665,0.08084666666666666,0.3178733333333333,0.07363333333333334,0.20598666666666668,0.05912,0.14687,0.1188166666666667,0.06435333333333335,1.9166666666666665,0.026946666666666667,0.07121,36.26733333333333,0.15893666666666667,0.34301666666666664,46.239999999999995,0.07363333333333334,0.09926,74.14533333333333,0.0,0.04279333333333334,0.7033333333333334,0.01833333333333333,0.10074333333333334,0.19,0.06435333333333335,0.0,0.5399866666666667,0.4123966666666667,0.06430333333333332,0.28078666666666663,0.06732,0.21584333333333333,0.060496666666666664,0.15534666666666666,0.08865333333333335,0.06706,1.3913333333333333,0.021429999999999998,0.07057333333333334,30.172666666666668,0.14038333333333333,0.3337933333333333,42.083333333333336,0.06732,0.08817666666666665,74.92800000000001,0.0,0.02646,0.4153333333333333,0.016883333333333337,0.11809666666666668,0.15466666666666667,0.06706,0.0,0.42977999999999994
97,72,2002-12-07,1,1,2002-03,Houston Rockets,Philadelphia 76ers,1,0.44984333333333343,0.06438666666666666,0.2981066666666667,0.08734333333333333,0.21881,0.05981333333333332,0.15899999999999997,0.086,0.07637999999999999,1.2446666666666666,0.021470000000000003,0.06115666666666665,32.93866666666667,0.14905333333333334,0.32828000000000007,45.39,0.08734333333333333,0.12037333333333335,72.37666666666668,0.0,0.03390333333333333,0.4660000000000001,0.03241333333333334,0.09375333333333334,0.37333333333333324,0.07637999999999999,0.0,0.49265333333333333,0.48399,0.048573333333333336,0.33329,0.10213999999999998,0.2176966666666667,0.06363,0.15406333333333333,0.1104,0.07200333333333332,1.704,0.01618666666666667,0.05221,32.288666666666664,0.16664333333333334,0.36713,45.49533333333333,0.10213999999999998,0.13128666666666666,77.60866666666666,0.0,0.05366000000000001,0.8146666666666665,0.018963333333333332,0.11347666666666667,0.1733333333333333,0.07200333333333332,0.0,0.54706
104,88,2002-12-07,1,1,2002-03,Los Angeles Clippers,Minnesota Timberwolves,1,0.4606766666666667,0.06919000000000002,0.2878566666666667,0.10363333333333334,0.20775,0.04915,0.15859333333333334,0.10210000000000001,0.09090666666666668,1.1793333333333331,0.023066666666666662,0.06779000000000002,35.18133333333334,0.14393333333333333,0.3066466666666667,46.95266666666667,0.10363333333333334,0.14044,73.31866666666669,0.0,0.03294333333333334,0.37,0.03230333333333334,0.11341999999999998,0.29866666666666664,0.09090666666666668,0.0,0.50059,0.4757233333333334,0.03711,0.3428366666666666,0.09577999999999998,0.22223999999999997,0.05865999999999998,0.1635766666666667,0.11147666666666667,0.07478666666666665,1.619333333333333,0.012373333333333335,0.036243333333333336,30.301333333333332,0.1714233333333333,0.37797,45.45733333333333,0.09577999999999998,0.12816,74.17066666666666,0.0,0.03396666666666667,0.48066666666666663,0.02819,0.10810666666666666,0.2753333333333333,0.07478666666666665,0.0,0.53401
116,121,2002-12-07,1,1,2002-03,Golden State Warriors,Dallas Mavericks,0,0.48894666666666675,0.06649666666666666,0.30208999999999997,0.12036000000000001,0.24079666666666663,0.08330666666666667,0.15750333333333338,0.09987333333333334,0.08416000000000001,1.2026666666666666,0.022163333333333333,0.06834333333333334,29.712,0.15105000000000005,0.3481866666666667,43.024,0.12036000000000001,0.1540733333333333,78.54866666666665,0.0,0.03911333333333333,0.47333333333333344,0.03556666666666666,0.11843333333333333,0.30400000000000005,0.08416000000000001,0.0,0.5430966666666666,0.5181866666666667,0.10651333333333332,0.31594333333333335,0.09572333333333334,0.22673666666666667,0.05439,0.17234666666666668,0.10875666666666667,0.06479666666666667,1.9446666666666665,0.03550333333333333,0.08953666666666665,41.446000000000005,0.1579766666666667,0.33008,48.025333333333336,0.09572333333333334,0.11641,81.71533333333335,0.0,0.04515666666666666,0.7933333333333331,0.02658,0.10047333333333333,0.2846666666666666,0.06479666666666667,0.0,0.6137766666666666
121,88,2002-12-07,1,1,2002-03,New Jersey Nets,Orlando Magic,1,0.4825133333333333,0.07031000000000001,0.30761333333333335,0.10459,0.2164366666666666,0.05670333333333334,0.15974333333333338,0.11413999999999999,0.07920333333333333,1.5406666666666669,0.023433333333333337,0.06099999999999999,37.138,0.1538033333333333,0.3429766666666666,44.850666666666676,0.10459,0.13533,76.72066666666666,0.0,0.04677666666666666,0.6,0.030303333333333335,0.10422333333333335,0.2966666666666667,0.07920333333333333,0.0,0.55351,0.5044366666666666,0.09408333333333334,0.3054266666666667,0.10493999999999999,0.20529000000000003,0.05942,0.14587333333333333,0.10525333333333335,0.07346000000000001,1.5493333333333332,0.031356666666666665,0.08699666666666665,35.23400000000001,0.15271333333333334,0.32561,47.059999999999995,0.10493999999999999,0.12789,82.58933333333333,0.0,0.03614666666666667,0.5353333333333334,0.022403333333333334,0.11639666666666668,0.19933333333333333,0.07346000000000001,0.0,0.54859
112,104,2002-12-07,1,1,2002-03,Chicago Bulls,Cleveland Cavaliers,1,0.4604533333333334,0.048820000000000016,0.32334666666666667,0.08827999999999998,0.22291666666666674,0.07141,0.15150000000000002,0.09892333333333331,0.08641000000000001,1.2179999999999997,0.01628,0.05365,31.522666666666662,0.16168000000000002,0.3672966666666666,44.285333333333334,0.08827999999999998,0.13130999999999998,67.12399999999998,0.0,0.037479999999999986,0.4713333333333333,0.023939999999999996,0.11393999999999999,0.20999999999999996,0.08641000000000001,0.0,0.47127,0.41928666666666664,0.024583333333333332,0.30269666666666667,0.09200333333333335,0.21102666666666667,0.06291,0.14810333333333334,0.09414666666666667,0.08850666666666668,1.1826666666666665,0.008193333333333334,0.030323333333333334,21.619999999999997,0.15135333333333334,0.3716766666666667,40.717333333333336,0.09200333333333335,0.12752666666666665,72.66066666666667,0.0,0.04325333333333333,0.5173333333333333,0.03097333333333334,0.11435333333333332,0.2906666666666667,0.08850666666666668,0.0,0.4321833333333335
94,92,2002-12-07,1,1,2002-03,Atlanta Hawks,Detroit Pistons,1,0.4920933333333333,0.07951000000000001,0.3066133333333333,0.10595333333333333,0.22334666666666667,0.06365666666666667,0.15968666666666667,0.10742,0.09838999999999998,1.1426666666666667,0.026509999999999995,0.07545333333333334,36.53200000000001,0.15331,0.32183666666666666,47.419333333333334,0.10595333333333333,0.13288666666666668,79.752,0.0,0.04022666666666667,0.4059999999999999,0.03330000000000001,0.11563333333333331,0.29733333333333334,0.09838999999999998,0.0,0.5535966666666667,0.42708000000000007,0.08484666666666667,0.25426999999999994,0.08796999999999998,0.2059433333333333,0.04871666666666666,0.15722666666666668,0.09779999999999998,0.07797333333333335,1.396,0.028280000000000003,0.08359999999999998,34.96933333333334,0.12714333333333333,0.27845000000000003,45.73733333333333,0.08796999999999998,0.12021333333333332,72.232,0.0,0.033049999999999996,0.47466666666666674,0.033190000000000004,0.11815333333333332,0.298,0.07797333333333335,0.0,0.48022000000000004
88,94,2002-12-07,1,1,2002-03,Milwaukee Bucks,New Orleans Hornets,0,0.4948666666666667,0.10563333333333332,0.30276666666666674,0.08645333333333333,0.20688666666666666,0.05508,0.15180333333333337,0.1042,0.07041000000000001,1.5313333333333332,0.03521666666666667,0.09073333333333335,38.08866666666667,0.15138333333333331,0.31585,47.849333333333334,0.08645333333333333,0.11983333333333333,73.13533333333334,0.0,0.041253333333333336,0.5953333333333333,0.026253333333333337,0.11387333333333331,0.23666666666666672,0.07041000000000001,0.0,0.5496966666666666,0.47978333333333334,0.07609,0.3137833333333334,0.08991,0.21195666666666668,0.06782666666666667,0.14411666666666664,0.11128666666666667,0.07013666666666667,1.678,0.025360000000000004,0.06623333333333334,39.414,0.1568966666666667,0.34833666666666663,45.126666666666665,0.08991,0.11957666666666666,75.27266666666668,0.0,0.04304,0.6433333333333333,0.02194666666666667,0.10473666666666666,0.21933333333333332,0.07013666666666667,0.0,0.5359033333333334
92,81,2002-12-07,1,1,2002-03,Denver Nuggets,Indiana Pacers,1,0.38648,0.03745,0.28275,0.06627999999999998,0.21390666666666666,0.07708333333333334,0.13683666666666666,0.09122999999999998,0.10537666666666666,0.9246666666666666,0.01249,0.04688666666666667,25.043333333333333,0.14137666666666665,0.3516466666666666,40.29600000000001,0.06627999999999998,0.09611,66.04800000000002,0.0,0.04245999999999999,0.42000000000000004,0.025676666666666667,0.12580666666666665,0.21666666666666667,0.10537666666666666,0.0,0.37986,0.4856666666666667,0.047409999999999994,0.33724666666666664,0.10100999999999999,0.23182666666666668,0.058156666666666676,0.17366999999999996,0.11941666666666667,0.08047666666666667,1.5093333333333332,0.015799999999999998,0.041359999999999994,33.742,0.16862666666666665,0.36119666666666667,46.928,0.10100999999999999,0.13020333333333334,77.64066666666666,0.0,0.04059,0.512,0.029953333333333332,0.12011000000000001,0.25,0.08047666666666667,0.0,0.5796500000000001
110,101,2002-12-08,1,1,2002-03,Los Angeles Lakers,Utah Jazz,1,0.4589,0.06857333333333333,0.3083933333333333,0.08193666666666667,0.2255,0.06723333333333333,0.1582633333333333,0.10857000000000001,0.07512333333333335,1.590666666666667,0.022866666666666664,0.08032333333333333,29.474,0.1542,0.3506166666666667,44.263333333333335,0.08193666666666667,0.11007666666666666,75.05666666666667,0.0,0.04258,0.6006666666666667,0.028493333333333332,0.11287000000000001,0.2613333333333333,0.07512333333333335,0.0,0.5069166666666666,0.46723666666666674,0.036090000000000004,0.31947333333333344,0.11166000000000001,0.21369000000000002,0.06747666666666667,0.14620666666666665,0.11990333333333333,0.09524666666666665,1.39,0.012043333333333333,0.037136666666666665,28.587333333333337,0.15974000000000002,0.3349933333333333,47.940666666666665,0.11166000000000001,0.1523,72.46000000000001,0.0,0.03706666666666667,0.39799999999999996,0.02782,0.1216933333333333,0.23600000000000002,0.09524666666666665,0.0,0.5294766666666667
80,104,2002-12-08,1,1,2002-03,San Antonio Spurs,Sacramento Kings,0,0.45908333333333334,0.10244333333333336,0.27374333333333334,0.0829,0.2252,0.06180666666666667,0.16339,0.10037,0.08332666666666665,1.304,0.03415,0.08661,38.81000000000001,0.13687333333333335,0.3061733333333333,44.63133333333334,0.0829,0.12233,67.99666666666667,0.0,0.03945666666666667,0.478,0.03312666666666667,0.10714,0.3206666666666667,0.08332666666666665,0.0,0.5127366666666667,0.50056,0.08582000000000001,0.3272266666666666,0.08752666666666667,0.21449666666666667,0.05843666666666667,0.15606333333333336,0.12019,0.08080333333333332,1.542,0.02860666666666667,0.08129,34.38133333333334,0.16361666666666663,0.3369333333333333,48.63133333333334,0.08752666666666667,0.12374333333333333,70.756,0.0,0.04944333333333333,0.6206666666666668,0.030353333333333333,0.10146000000000001,0.31133333333333335,0.08080333333333332,0.0,0.5720166666666667
91,104,2002-12-08,1,1,2002-03,Toronto Raptors,Portland Trail Blazers,0,0.4409833333333334,0.07049666666666668,0.27835,0.09212666666666668,0.20736000000000002,0.06374666666666667,0.14362,0.08006333333333335,0.07727,1.1313333333333333,0.023503333333333327,0.07467666666666667,32.440666666666665,0.13917333333333332,0.33065666666666665,42.06000000000001,0.09212666666666668,0.12298333333333335,74.89933333333333,0.0,0.04401,0.6113333333333333,0.025936666666666667,0.11118666666666667,0.23800000000000004,0.07727,0.0,0.44759333333333334,0.4392766666666666,0.0615,0.3024566666666667,0.07531666666666666,0.20179000000000002,0.06292,0.13886666666666667,0.11060666666666666,0.07949333333333335,1.43,0.020496666666666667,0.05910666666666667,36.190666666666665,0.15122666666666668,0.3335199999999999,45.26733333333334,0.07531666666666666,0.11077333333333333,67.76866666666666,0.0,0.038833333333333324,0.5033333333333334,0.019463333333333332,0.10313333333333333,0.20066666666666666,0.07949333333333335,0.0,0.4741099999999999
102,94,2002-12-08,1,1,2002-03,Memphis Grizzlies,Phoenix Suns,1,0.4693566666666667,0.06449333333333335,0.3152233333333333,0.08964333333333332,0.2009,0.060836666666666664,0.1400566666666667,0.10609,0.08629666666666667,1.3126666666666666,0.021493333333333333,0.06794999999999998,32.28600000000001,0.15761666666666668,0.3402,46.68466666666668,0.08964333333333332,0.11820333333333334,76.70666666666666,0.0,0.04524999999999999,0.5473333333333333,0.036640000000000006,0.11188,0.3473333333333333,0.08629666666666667,0.0,0.5143166666666666,0.41903000000000007,0.046973333333333325,0.29901000000000005,0.07306333333333334,0.22374666666666668,0.07081666666666668,0.15292999999999998,0.09859666666666667,0.08797999999999997,1.1793333333333331,0.01565,0.05524,29.14133333333333,0.14950000000000002,0.35519999999999996,42.32066666666667,0.07306333333333334,0.09894333333333333,75.90599999999999,0.0,0.036640000000000006,0.43800000000000006,0.029810000000000003,0.10808333333333335,0.294,0.08797999999999997,0.0,0.44867666666666667
106,93,2002-12-09,1,1,2002-03,New Jersey Nets,Phoenix Suns,1,0.48097333333333336,0.07281000000000001,0.3056966666666667,0.10246333333333334,0.2160633333333333,0.05653666666666668,0.15953666666666672,0.11384999999999999,0.07866,1.5479999999999996,0.024266666666666666,0.06216666666666667,37.75266666666666,0.15284666666666666,0.34231,44.67333333333333,0.10246333333333334,0.13358,76.03666666666666,0.0,0.04719333333333333,0.6093333333333334,0.02988666666666667,0.1037666666666667,0.2933333333333333,0.07866,0.0,0.5508433333333334,0.42307,0.04918,0.3002033333333334,0.07370333333333336,0.22272,0.07035666666666666,0.15236,0.09913666666666665,0.08727333333333333,1.1979999999999997,0.016386666666666667,0.05630999999999999,30.214,0.15009666666666668,0.35503333333333337,42.47,0.07370333333333336,0.10016666666666668,75.45066666666666,0.0,0.03741666666666667,0.45066666666666677,0.029849999999999998,0.10845666666666667,0.29333333333333333,0.08727333333333333,0.0,0.45360666666666666
114,109,2002-12-09,1,1,2002-03,Boston Celtics,Orlando Magic,1,0.48258333333333336,0.14467333333333332,0.24517666666666665,0.09273,0.21645666666666666,0.059023333333333323,0.15744999999999998,0.10045333333333333,0.07411999999999999,1.4420000000000002,0.048220000000000006,0.14203,34.51666666666666,0.12258666666666665,0.27438999999999997,44.79466666666667,0.09273,0.12735,70.994,0.0,0.051780000000000014,0.7313333333333333,0.021393333333333334,0.11125333333333334,0.20400000000000001,0.07411999999999999,0.0,0.5183233333333332,0.4999366666666667,0.09225666666666667,0.3043933333333333,0.10330000000000002,0.20643000000000003,0.060020000000000004,0.14641333333333334,0.10347,0.07256666666666667,1.5506666666666669,0.030749999999999996,0.08602333333333333,34.734,0.15219666666666665,0.3272500000000001,46.686666666666675,0.10330000000000002,0.12661666666666666,82.19933333333333,0.0,0.03652,0.5486666666666667,0.02233666666666667,0.11497000000000002,0.20133333333333336,0.07256666666666667,0.0,0.54249
133,140,2002-12-09,1,1,2002-03,Cleveland Cavaliers,Milwaukee Bucks,0,0.4203366666666667,0.026956666666666667,0.3005133333333333,0.09286333333333333,0.20966,0.06257666666666667,0.14706999999999998,0.09429666666666668,0.08819999999999999,1.1846666666666665,0.008986666666666667,0.03254,22.529333333333334,0.15026,0.3690766666666667,40.69799999999999,0.09286333333333333,0.12806,73.13933333333334,0.0,0.04284666666666667,0.5139999999999999,0.03078000000000001,0.11403666666666665,0.2886666666666667,0.08819999999999999,0.0,0.4321333333333334,0.4947966666666667,0.10450666666666665,0.30376666666666663,0.08651,0.20742666666666665,0.055843333333333335,0.15158000000000002,0.10425666666666666,0.06893666666666667,1.5646666666666667,0.03484333333333333,0.0899,38.072,0.15188333333333331,0.3180566666666667,47.70333333333334,0.08651,0.11939000000000002,73.45466666666667,0.0,0.04038,0.5966666666666666,0.025753333333333336,0.11418999999999999,0.23133333333333342,0.06893666666666667,0.0,0.5495699999999999
90,94,2002-12-09,1,1,2002-03,New Orleans Hornets,Los Angeles Clippers,0,0.47995,0.07546333333333331,0.31555,0.08893666666666666,0.2116066666666667,0.06622,0.14537666666666663,0.11233666666666665,0.07038666666666667,1.7006666666666668,0.025153333333333337,0.06567333333333333,39.44466666666666,0.15778,0.34873,45.346,0.08893666666666666,0.11832666666666666,75.312,0.0,0.04284,0.6400000000000001,0.021880000000000004,0.10467000000000001,0.2186666666666667,0.07038666666666667,0.0,0.53737,0.46130333333333334,0.06819,0.28994000000000003,0.10317666666666668,0.20591666666666666,0.04886000000000001,0.15705000000000002,0.10218333333333332,0.09078333333333335,1.1879999999999997,0.02273333333333333,0.06929000000000002,33.900000000000006,0.14497333333333332,0.30618666666666666,47.37466666666667,0.10317666666666668,0.13927333333333333,73.65866666666668,0.0,0.034403333333333334,0.3873333333333333,0.03234333333333334,0.11312999999999998,0.3006666666666666,0.09078333333333335,0.0,0.5014633333333333
84,92,2002-12-09,1,1,2002-03,Denver Nuggets,Minnesota Timberwolves,0,0.38544000000000006,0.03757333333333334,0.2808333333333334,0.06702999999999999,0.21373999999999999,0.07650000000000001,0.13725333333333334,0.09018666666666666,0.10575,0.9139999999999998,0.012533333333333334,0.047009999999999996,24.892,0.1404166666666667,0.3515633333333333,40.01066666666667,0.06702999999999999,0.09744333333333334,66.292,0.0,0.04296,0.4233333333333334,0.025303333333333334,0.12659666666666664,0.21200000000000002,0.10575,0.0,0.3758166666666666,0.47799,0.03616,0.34665333333333326,0.09517999999999999,0.2226666666666667,0.05966666666666665,0.16299333333333338,0.11235,0.07344666666666666,1.6519999999999997,0.012056666666666665,0.03607,29.676,0.17332999999999996,0.3798366666666666,45.748000000000005,0.09517999999999999,0.12782666666666667,74.07066666666664,0.0,0.03403333333333333,0.48733333333333323,0.027949999999999996,0.10714,0.2753333333333333,0.07344666666666666,0.0,0.5383766666666666
79,98,2002-12-10,1,1,2002-03,Washington Wizards,Portland Trail Blazers,0,0.45702000000000004,0.05068333333333332,0.30308333333333326,0.10325666666666665,0.20260333333333333,0.05527,0.14733666666666664,0.09431333333333335,0.07456333333333333,1.3553333333333333,0.016890000000000002,0.05298666666666666,29.844666666666665,0.15153333333333333,0.33113666666666663,45.95333333333333,0.10325666666666665,0.1326,77.41133333333332,0.0,0.040729999999999995,0.5726666666666667,0.02346,0.11015,0.2186666666666667,0.07456333333333333,0.0,0.4985466666666666,0.4407766666666666,0.06262666666666666,0.30204,0.07611,0.2024166666666667,0.06225333333333332,0.14015999999999998,0.11127333333333332,0.07970000000000001,1.4373333333333336,0.02087,0.0599,36.31400000000001,0.15102,0.3311033333333333,45.528666666666666,0.07611,0.11027333333333332,68.98266666666667,0.0,0.03824999999999999,0.49599999999999994,0.020130000000000002,0.10250666666666668,0.21066666666666664,0.07970000000000001,0.0,0.4798599999999999
103,96,2002-12-10,1,1,2002-03,Houston Rockets,Sacramento Kings,1,0.4507333333333334,0.06484666666666666,0.29908,0.08680333333333333,0.21738,0.05910666666666667,0.15827666666666665,0.08803999999999998,0.07631,1.2779999999999998,0.021619999999999997,0.06186333333333333,32.87266666666667,0.14953666666666665,0.32709666666666676,45.70933333333334,0.08680333333333333,0.11993000000000004,72.32266666666668,0.0,0.03429333333333333,0.4713333333333333,0.03173000000000001,0.09297666666666668,0.3766666666666667,0.07631,0.0,0.49494666666666665,0.499,0.08587666666666667,0.3265,0.08663666666666667,0.21316333333333332,0.057633333333333335,0.15553333333333336,0.11996333333333334,0.08058999999999998,1.5420000000000003,0.028623333333333337,0.08092,34.292,0.16325333333333336,0.3355833333333333,48.71266666666667,0.08663666666666667,0.12299666666666666,70.45599999999999,0.0,0.04908666666666666,0.6206666666666668,0.030413333333333334,0.10132999999999998,0.3133333333333333,0.08058999999999998,0.0,0.5700466666666666
106,102,2002-12-10,1,1,2002-03,Golden State Warriors,Los Angeles Lakers,1,0.4881966666666668,0.06437,0.30209,0.12173666666666667,0.24046333333333328,0.08339,0.1570866666666667,0.09966666666666667,0.08445,1.1980000000000002,0.021456666666666662,0.06726,29.54133333333333,0.15105000000000002,0.3483933333333334,43.05866666666666,0.12173666666666667,0.15594666666666665,78.46,0.0,0.039696666666666665,0.4766666666666667,0.03527333333333334,0.11764333333333334,0.30400000000000005,0.08445,0.0,0.54147,0.4623999999999999,0.06928000000000001,0.31164333333333333,0.08147666666666667,0.22601666666666673,0.06642666666666668,0.15958000000000003,0.10944333333333334,0.07515000000000001,1.6113333333333333,0.023103333333333326,0.07869666666666666,30.362000000000005,0.15582666666666667,0.3508933333333334,44.712666666666664,0.08147666666666667,0.11114666666666667,73.95266666666666,0.0,0.04165,0.5886666666666666,0.02851,0.11317666666666665,0.262,0.07515000000000001,0.0,0.5125433333333332
107,87,2002-12-10,1,1,2002-03,Chicago Bulls,Orlando Magic,1,0.4583266666666667,0.04782000000000001,0.32134666666666667,0.08915666666666665,0.21933333333333332,0.06999333333333334,0.14933333333333335,0.09850666666666666,0.08616000000000001,1.2166666666666663,0.015946666666666668,0.05344000000000001,30.712666666666664,0.16068000000000005,0.36563000000000007,44.18200000000001,0.08915666666666665,0.1316,67.746,0.0,0.03744,0.4700000000000001,0.023813333333333332,0.11356333333333332,0.20999999999999996,0.08616000000000001,0.0,0.46635333333333334,0.49560333333333334,0.09084000000000002,0.30289333333333335,0.10188333333333333,0.20797000000000002,0.060783333333333335,0.14719000000000002,0.10174666666666667,0.07223333333333333,1.5366666666666668,0.03027666666666667,0.08499666666666668,34.44733333333333,0.15144666666666667,0.32866666666666666,46.274,0.10188333333333333,0.12567333333333333,81.72399999999999,0.0,0.03653666666666667,0.5506666666666666,0.022393333333333335,0.11383000000000001,0.20400000000000001,0.07223333333333333,0.0,0.5362966666666666
97,80,2002-12-10,1,1,2002-03,New York Knicks,Seattle SuperSonics,1,0.4598433333333333,0.07207333333333335,0.3098466666666667,0.07793000000000001,0.19728,0.055796666666666675,0.14147,0.10482333333333332,0.07752333333333332,1.3960000000000001,0.024023333333333334,0.07578333333333333,31.406000000000006,0.15491666666666665,0.3381866666666666,45.965333333333334,0.07793000000000001,0.10020666666666665,78.05733333333333,0.0,0.03687666666666667,0.5193333333333334,0.01788666666666667,0.13074,0.136,0.07752333333333332,0.0,0.48188,0.47240000000000004,0.07884666666666666,0.31978999999999996,0.07375666666666666,0.20527666666666672,0.058829999999999986,0.14645333333333335,0.11806666666666668,0.06381333333333335,1.9279999999999997,0.026280000000000005,0.07079333333333333,35.558666666666674,0.15989333333333333,0.34513999999999995,46.239999999999995,0.07375666666666666,0.09905333333333334,74.50466666666668,0.0,0.0425,0.7093333333333334,0.018,0.10028333333333334,0.18733333333333332,0.06381333333333335,0.0,0.5374033333333333
96,107,2002-12-10,1,1,2002-03,Miami Heat,Memphis Grizzlies,0,0.41148000000000007,0.06530333333333332,0.27920333333333336,0.06698666666666667,0.21542666666666666,0.06016333333333333,0.15526333333333334,0.08894333333333335,0.06839333333333333,1.3693333333333335,0.021763333333333336,0.07169666666666667,30.270000000000003,0.13959333333333335,0.33241666666666664,42.04066666666666,0.06698666666666667,0.08809333333333333,74.616,0.0,0.02775,0.42666666666666675,0.01688333333333333,0.11826333333333335,0.15333333333333332,0.06839333333333333,0.0,0.42823666666666665,0.46755666666666673,0.06594333333333333,0.31290666666666667,0.08871,0.2007266666666667,0.06134333333333333,0.13937333333333338,0.10632333333333335,0.08544666666666667,1.332,0.021976666666666665,0.06832333333333332,32.452000000000005,0.15645666666666663,0.3396,46.412666666666674,0.08871,0.11677000000000001,76.81933333333333,0.0,0.04474333333333333,0.5473333333333333,0.0367,0.11150666666666666,0.35,0.08544666666666667,0.0,0.5130233333333334
122,95,2002-12-10,1,1,2002-03,Dallas Mavericks,Los Angeles Clippers,1,0.5174366666666667,0.10664,0.3142766666666667,0.09651333333333333,0.22685999999999998,0.05451333333333333,0.1723466666666667,0.10834,0.06384,1.9706666666666666,0.03554333333333333,0.09007666666666667,41.150666666666666,0.15714333333333336,0.32945333333333326,47.86533333333333,0.09651333333333333,0.11653666666666666,82.22133333333335,0.0,0.045033333333333335,0.8053333333333331,0.026539999999999998,0.10047333333333332,0.2826666666666667,0.06384,0.0,0.6134866666666667,0.4624533333333333,0.06729,0.29144000000000003,0.10372666666666668,0.20428333333333334,0.04887666666666667,0.15539999999999995,0.10203333333333334,0.09006666666666668,1.2019999999999995,0.02243333333333333,0.07035666666666666,32.84400000000001,0.1457233333333333,0.30613666666666667,47.632666666666665,0.10372666666666668,0.13910666666666668,74.23933333333335,0.0,0.035686666666666665,0.4053333333333333,0.03197,0.11309666666666665,0.2973333333333333,0.09006666666666668,0.0,0.5026033333333333
119,126,2002-12-11,1,1,2002-03,Milwaukee Bucks,Indiana Pacers,0,0.49396333333333337,0.10237999999999998,0.30493333333333333,0.08663333333333334,0.20751,0.056176666666666666,0.15133,0.10425666666666665,0.06772666666666667,1.5933333333333333,0.03413666666666667,0.08885666666666667,37.785999999999994,0.1524666666666667,0.32014000000000004,47.59333333333334,0.08663333333333334,0.11947333333333333,73.352,0.0,0.039753333333333335,0.5986666666666666,0.025130000000000003,0.11452333333333331,0.22533333333333339,0.06772666666666667,0.0,0.5476533333333333,0.48891666666666667,0.05003666666666668,0.33899666666666667,0.09988333333333332,0.23049333333333336,0.057613333333333336,0.17287666666666668,0.12104,0.08056,1.5293333333333334,0.01667333333333333,0.043526666666666665,34.07599999999999,0.1695033333333333,0.35990666666666665,47.31666666666667,0.09988333333333332,0.12858,77.63266666666667,0.0,0.04009,0.506,0.02874666666666666,0.11927666666666668,0.24133333333333337,0.08056,0.0,0.5827733333333334
105,104,2002-12-11,1,1,2002-03,New Jersey Nets,Portland Trail Blazers,1,0.48164666666666667,0.07548333333333333,0.30566333333333334,0.10049666666666668,0.2160133333333333,0.05599666666666667,0.16003000000000003,0.11404333333333332,0.07828666666666667,1.5619999999999998,0.02516,0.06350666666666666,38.27333333333333,0.15282999999999997,0.3415266666666666,44.778,0.10049666666666668,0.13177333333333335,75.52199999999999,0.0,0.04769333333333333,0.62,0.029546666666666666,0.10371666666666668,0.29,0.07828666666666667,0.0,0.55235,0.4428333333333333,0.06254333333333334,0.30368,0.07661,0.20482000000000003,0.06173666666666666,0.14307666666666666,0.11227333333333331,0.07971666666666667,1.4513333333333334,0.020843333333333332,0.05963666666666667,36.29933333333334,0.15183666666666668,0.33089666666666673,45.832,0.07661,0.10951,70.10999999999999,0.0,0.03808333333333333,0.49466666666666664,0.02093666666666667,0.10238000000000004,0.22133333333333333,0.07971666666666667,0.0,0.48847
88,92,2002-12-11,1,1,2002-03,Philadelphia 76ers,Seattle SuperSonics,0,0.4833233333333332,0.0485,0.33493999999999996,0.09990000000000002,0.2148366666666667,0.062270000000000006,0.15256333333333333,0.10944000000000001,0.07090333333333333,1.7046666666666666,0.01616,0.052193333333333335,32.294666666666664,0.16746999999999998,0.3651366666666666,46.00533333333333,0.09990000000000002,0.12862666666666664,77.46933333333332,0.0,0.05290000000000001,0.8099999999999999,0.01937,0.11291666666666668,0.17866666666666667,0.07090333333333333,0.0,0.5465533333333333,0.4739166666666667,0.07841999999999998,0.3213233333333333,0.07416333333333333,0.20448333333333332,0.05843666666666667,0.14605333333333334,0.11774000000000001,0.06330666666666668,1.9439999999999997,0.02614,0.07057666666666666,35.556666666666665,0.16065999999999997,0.34678,46.24066666666666,0.07416333333333333,0.09948666666666667,74.68533333333333,0.0,0.042666666666666665,0.7233333333333334,0.017826666666666664,0.09995000000000001,0.186,0.06330666666666668,0.0,0.5374766666666666
111,104,2002-12-11,1,1,2002-03,San Antonio Spurs,Dallas Mavericks,1,0.45811666666666667,0.10231666666666667,0.27246,0.08334,0.2238666666666667,0.06096666666666666,0.16289666666666666,0.09967,0.08258666666666666,1.3099999999999998,0.03411,0.08676,38.589333333333336,0.13623333333333332,0.3037066666666667,44.846666666666664,0.08334,0.12306333333333333,68.01133333333333,0.0,0.03849666666666666,0.47733333333333333,0.03355333333333334,0.10660666666666668,0.326,0.08258666666666666,0.0,0.5112866666666668,0.5169866666666667,0.10629,0.3129433333333333,0.09774666666666668,0.22637666666666664,0.05479666666666667,0.17158000000000004,0.10749999999999998,0.06292333333333334,1.9886666666666666,0.03542666666666667,0.09068333333333332,40.614000000000004,0.15647666666666668,0.32894666666666666,47.73266666666667,0.09774666666666668,0.11715333333333335,82.74733333333332,0.0,0.0449,0.8173333333333332,0.02618,0.10072333333333332,0.2773333333333333,0.06292333333333334,0.0,0.6118699999999999
94,103,2002-12-11,1,1,2002-03,Boston Celtics,Phoenix Suns,0,0.48408333333333337,0.14542333333333332,0.24592666666666663,0.09273,0.21808,0.06002333333333333,0.15807666666666667,0.09986999999999999,0.07428666666666667,1.4293333333333336,0.048470000000000006,0.14153,34.74466666666667,0.12296333333333331,0.27563999999999994,44.765333333333324,0.09273,0.12768333333333334,70.97800000000001,0.0,0.05257000000000001,0.7419999999999999,0.022100000000000005,0.11133666666666668,0.21066666666666667,0.07428666666666667,0.0,0.52174,0.4274033333333333,0.05143,0.30212000000000006,0.07387,0.22147000000000006,0.07044,0.15102666666666664,0.09976000000000002,0.08644,1.219333333333333,0.01713666666666667,0.05797666666666666,30.612000000000002,0.15105333333333332,0.35595,42.599999999999994,0.07387,0.10066666666666668,75.09733333333334,0.0,0.03874999999999999,0.47000000000000003,0.0296,0.10850000000000003,0.29133333333333333,0.08644,0.0,0.45802333333333334
96,83,2002-12-11,1,1,2002-03,Cleveland Cavaliers,Toronto Raptors,1,0.42251999999999995,0.02975,0.2984033333333333,0.09436333333333334,0.20809,0.06270333333333332,0.14537666666666665,0.09452,0.08718333333333333,1.1933333333333331,0.009916666666666666,0.034833333333333334,23.796666666666667,0.14920333333333333,0.36645000000000005,40.705333333333336,0.09436333333333334,0.1293933333333333,73.58999999999999,0.0,0.04232,0.5126666666666667,0.030306666666666673,0.11359333333333331,0.2846666666666666,0.08718333333333333,0.0,0.43335666666666667,0.44315,0.07174666666666667,0.28093333333333337,0.09045999999999998,0.20561000000000001,0.06345666666666668,0.14216,0.08156333333333333,0.07547666666666666,1.18,0.023919999999999997,0.07526000000000001,32.779333333333334,0.14046666666666666,0.33028333333333326,42.49666666666667,0.09045999999999998,0.12106666666666667,74.77666666666667,0.0,0.04271666666666667,0.6066666666666667,0.025643333333333334,0.11039333333333334,0.23666666666666672,0.07547666666666666,0.0,0.4514666666666667
96,93,2002-12-11,1,1,2002-03,Memphis Grizzlies,Denver Nuggets,1,0.4667233333333333,0.06748333333333334,0.3107966666666666,0.08844666666666665,0.20117,0.06180333333333333,0.13935666666666668,0.10695000000000002,0.08514000000000002,1.35,0.02249333333333333,0.06903,32.48666666666667,0.15539999999999995,0.33818333333333334,46.29866666666667,0.08844666666666665,0.11613000000000001,77.04266666666665,0.0,0.04366,0.5393333333333333,0.03667333333333334,0.11115666666666665,0.3493333333333333,0.08514000000000002,0.0,0.5129966666666667,0.3866,0.038573333333333334,0.2798333333333334,0.06819,0.2132333333333333,0.07561666666666667,0.13762666666666667,0.08968666666666666,0.10565666666666666,0.9146666666666666,0.012866666666666665,0.04761666666666667,25.052666666666664,0.1399166666666667,0.35117,39.90666666666667,0.06819,0.09900333333333333,66.694,0.0,0.043333333333333335,0.428,0.02504333333333333,0.1277133333333333,0.20800000000000005,0.10565666666666666,0.0,0.37538999999999995
91,80,2002-12-11,1,1,2002-03,Detroit Pistons,Atlanta Hawks,1,0.42649666666666675,0.08497333333333335,0.2556866666666666,0.08584333333333333,0.20421999999999996,0.04901,0.15521,0.09789666666666666,0.07783333333333335,1.3886666666666665,0.028320000000000005,0.08258333333333331,35.21933333333334,0.12785,0.27995000000000003,45.763999999999996,0.08584333333333333,0.11796333333333332,71.86200000000001,0.0,0.03351,0.4813333333333334,0.03338333333333333,0.11631999999999999,0.304,0.07783333333333335,0.0,0.4791933333333334,0.4909266666666667,0.08163333333333335,0.30327999999999994,0.10599666666666667,0.22509666666666664,0.06415666666666665,0.16093666666666667,0.10687666666666666,0.0972233333333333,1.154666666666667,0.02722,0.07665999999999999,36.926,0.15164333333333332,0.3212533333333333,46.957333333333324,0.10599666666666667,0.13359666666666667,79.30666666666667,0.0,0.039850000000000003,0.4099999999999999,0.03230000000000001,0.11517666666666666,0.29000000000000004,0.0972233333333333,0.0,0.55118
88,93,2002-12-12,1,1,2002-03,Utah Jazz,New Orleans Hornets,0,0.4713033333333334,0.03624000000000001,0.32224,0.11281000000000001,0.21445666666666666,0.06650333333333332,0.14794666666666664,0.12161999999999999,0.09500666666666664,1.4086666666666665,0.012093333333333336,0.03709666666666666,29.253333333333337,0.16112333333333334,0.3344766666666666,48.45799999999999,0.11281000000000001,0.15289999999999998,73.01533333333333,0.0,0.03746000000000001,0.4026666666666666,0.028279999999999996,0.12165999999999996,0.24133333333333334,0.09500666666666664,0.0,0.5396599999999999,0.47988000000000003,0.07496333333333333,0.3161066666666666,0.08881,0.21023333333333336,0.06424666666666667,0.14597333333333332,0.11320999999999999,0.07061,1.7220000000000002,0.024986666666666667,0.06511666666666667,39.492666666666665,0.15805666666666665,0.3476466666666667,45.56066666666666,0.08881,0.11796666666666668,75.43133333333334,0.0,0.04284000000000001,0.642,0.02174,0.10422666666666668,0.21800000000000003,0.07061,0.0,0.5384266666666667
113,95,2002-12-12,1,1,2002-03,Minnesota Timberwolves,Atlanta Hawks,1,0.47825333333333336,0.034533333333333326,0.3495966666666666,0.09412333333333332,0.22283333333333338,0.060723333333333324,0.16210333333333335,0.113,0.07267000000000001,1.6679999999999997,0.011516666666666666,0.03559666666666666,28.77533333333333,0.1748033333333333,0.38155999999999984,45.940000000000005,0.09412333333333332,0.1267,74.056,0.0,0.0342,0.4926666666666666,0.027933333333333334,0.10664,0.276,0.07267000000000001,0.0,0.54014,0.49039333333333335,0.08293333333333333,0.30062999999999995,0.10681333333333333,0.22615666666666664,0.06442999999999999,0.16171999999999997,0.10632666666666665,0.09583000000000001,1.1713333333333336,0.027653333333333332,0.07676,37.400666666666666,0.15031666666666668,0.32075333333333333,46.59,0.10681333333333333,0.13499666666666668,79.07000000000001,0.0,0.03892333333333334,0.4086666666666666,0.031083333333333334,0.11507666666666667,0.28,0.09583000000000001,0.0,0.54933
76,86,2002-12-12,1,1,2002-03,Chicago Bulls,Detroit Pistons,0,0.45868666666666663,0.04712,0.32189666666666666,0.08966333333333333,0.21561666666666668,0.06892666666666665,0.14668333333333333,0.09857333333333335,0.08570000000000003,1.224,0.015713333333333333,0.05288,30.253333333333327,0.16095333333333336,0.36499666666666664,44.339333333333336,0.08966333333333333,0.13091666666666665,68.49866666666667,0.0,0.03777333333333333,0.47466666666666674,0.023629999999999995,0.11337999999999998,0.20933333333333334,0.08570000000000003,0.0,0.4660933333333333,0.4263733333333333,0.08622333333333335,0.25593666666666665,0.08421999999999999,0.2025533333333333,0.04909333333333333,0.15346,0.09793666666666664,0.07783333333333334,1.384,0.02873666666666667,0.08187333333333333,35.846000000000004,0.12797666666666666,0.2804933333333333,45.73933333333332,0.08421999999999999,0.11604666666666666,71.69800000000001,0.0,0.03342666666666667,0.478,0.03301,0.1149866666666667,0.3046666666666667,0.07783333333333334,0.0,0.47798666666666667
115,100,2002-12-13,1,1,2002-03,Boston Celtics,Cleveland Cavaliers,1,0.4856433333333333,0.14507333333333333,0.24679333333333328,0.09376999999999999,0.21851333333333336,0.060506666666666674,0.15802666666666668,0.09923666666666667,0.07405333333333335,1.4233333333333333,0.04835333333333334,0.14052333333333333,34.85533333333333,0.12339666666666665,0.2759733333333333,44.89066666666667,0.09376999999999999,0.12929000000000002,71.06333333333333,0.0,0.053453333333333346,0.7566666666666665,0.022440000000000005,0.11187,0.2126666666666667,0.07405333333333335,0.0,0.5249799999999999,0.42704333333333333,0.033249999999999995,0.2980833333333333,0.09570999999999999,0.2073833333333333,0.06333333333333332,0.14403666666666667,0.09517333333333336,0.08675333333333334,1.2,0.011083333333333332,0.037293333333333324,25.271999999999995,0.1490433333333333,0.3649566666666667,40.80866666666667,0.09570999999999999,0.13074999999999998,73.88866666666667,0.0,0.041843333333333343,0.51,0.02966333333333334,0.11332333333333335,0.2786666666666667,0.08675333333333334,0.0,0.43716666666666676
97,84,2002-12-13,1,1,2002-03,San Antonio Spurs,Los Angeles Clippers,1,0.4575466666666666,0.10268999999999999,0.27157,0.08328333333333332,0.2230166666666667,0.05977333333333333,0.16324666666666668,0.09893333333333333,0.08199000000000001,1.3146666666666667,0.034236666666666665,0.08721999999999999,38.43933333333334,0.13579000000000002,0.30134666666666665,45.114000000000004,0.08328333333333332,0.12317333333333333,67.934,0.0,0.03724666666666667,0.47266666666666673,0.03413666666666667,0.10629999999999999,0.33266666666666667,0.08199000000000001,0.0,0.51048,0.46298000000000006,0.06687333333333334,0.29202333333333336,0.10408666666666667,0.20347666666666664,0.049293333333333335,0.15417666666666666,0.10186666666666667,0.08962333333333335,1.2126666666666666,0.02229333333333333,0.07170666666666665,31.858666666666668,0.14601666666666666,0.30611999999999995,47.74533333333332,0.10408666666666667,0.13883,74.74666666666667,0.0,0.036853333333333335,0.42133333333333334,0.03176333333333333,0.11280333333333331,0.29533333333333334,0.08962333333333335,0.0,0.5030199999999999
114,109,2002-12-13,1,1,2002-03,Memphis Grizzlies,Houston Rockets,1,0.46787666666666666,0.06949999999999999,0.3104166666666666,0.08796333333333334,0.20151000000000002,0.06212333333333333,0.13937333333333335,0.10813000000000002,0.08441000000000003,1.3880000000000001,0.023166666666666665,0.06966,33.116666666666674,0.15520999999999996,0.33762333333333333,46.34933333333333,0.08796333333333334,0.11521,77.258,0.0,0.04245666666666666,0.5326666666666667,0.036166666666666666,0.11046,0.346,0.08441000000000003,0.0,0.5155433333333332,0.45073333333333326,0.06409666666666666,0.29991333333333337,0.08671999999999999,0.2169633333333333,0.058899999999999994,0.1580666666666667,0.0898333333333333,0.07709999999999999,1.2906666666666666,0.02137,0.06198999999999999,32.531333333333336,0.14995333333333333,0.32643000000000005,45.93733333333334,0.08671999999999999,0.11997000000000003,72.36200000000001,0.0,0.03487666666666667,0.47400000000000003,0.03114666666666667,0.09260000000000002,0.37733333333333335,0.07709999999999999,0.0,0.4961133333333334
79,91,2002-12-13,1,1,2002-03,Toronto Raptors,Seattle SuperSonics,0,0.44515666666666664,0.07284666666666667,0.2832,0.08909999999999998,0.20373666666666673,0.06314,0.1406,0.08322333333333334,0.07396000000000001,1.228,0.024286666666666668,0.07565333333333334,33.090666666666664,0.14159999999999998,0.3296566666666666,42.92733333333334,0.08909999999999998,0.11962666666666667,74.59133333333334,0.0,0.04159,0.602,0.02550333333333333,0.10931,0.23733333333333334,0.07396000000000001,0.0,0.4553266666666667,0.4741800000000001,0.07771333333333333,0.32204666666666665,0.07441333333333335,0.20333333333333334,0.05785333333333333,0.14548333333333335,0.1172,0.06249000000000001,1.9639999999999997,0.02590333333333333,0.06992666666666666,35.65333333333333,0.16102,0.3484300000000001,46.12200000000001,0.07441333333333335,0.09992999999999999,74.64533333333334,0.0,0.04320666666666666,0.7446666666666668,0.017799999999999996,0.09939333333333332,0.186,0.06249000000000001,0.0,0.5363099999999998
91,99,2002-12-13,1,1,2002-03,Philadelphia 76ers,Phoenix Suns,0,0.48151666666666665,0.04866666666666667,0.3346066666666667,0.09826,0.2119066666666667,0.060853333333333336,0.1510466666666667,0.10837000000000001,0.07021000000000001,1.7,0.016216666666666667,0.052443333333333335,32.25933333333333,0.16730333333333333,0.36204000000000003,46.38600000000001,0.09826,0.12668333333333334,77.37266666666666,0.0,0.05204,0.8026666666666666,0.019829999999999997,0.11193333333333336,0.18400000000000002,0.07021000000000001,0.0,0.54408,0.43109666666666674,0.05275666666666666,0.30410333333333334,0.07425333333333334,0.22070333333333333,0.0709,0.14980000000000002,0.09915333333333336,0.08582333333333333,1.2226666666666666,0.017576666666666668,0.059626666666666654,30.474666666666668,0.15204666666666666,0.3567833333333333,42.751999999999995,0.07425333333333334,0.10127333333333334,74.852,0.0,0.039876666666666664,0.48600000000000004,0.029393333333333334,0.10917333333333334,0.28733333333333333,0.08582333333333333,0.0,0.4605966666666667
111,85,2002-12-13,1,1,2002-03,Orlando Magic,Golden State Warriors,1,0.4923266666666667,0.09025333333333334,0.3016666666666667,0.10042,0.21003333333333338,0.061380000000000004,0.14866000000000001,0.10028666666666666,0.07216333333333333,1.5180000000000002,0.03008,0.08374666666666668,34.59466666666667,0.15083666666666667,0.3305,45.822666666666656,0.10042,0.12449333333333332,81.34666666666665,0.0,0.03678666666666667,0.554,0.022123333333333335,0.11266333333333334,0.20333333333333334,0.07216333333333333,0.0,0.532,0.4902233333333334,0.06441999999999999,0.3023733333333334,0.12343,0.24080333333333329,0.08391666666666665,0.15690333333333334,0.10042666666666668,0.08466666666666667,1.2059999999999997,0.02147333333333333,0.06741,29.86733333333333,0.15119000000000005,0.3478866666666667,43.20066666666666,0.12343,0.15832999999999997,78.256,0.0,0.04008,0.47866666666666674,0.03497333333333333,0.11751666666666667,0.3026666666666667,0.08466666666666667,0.0,0.5442866666666667
79,65,2002-12-13,1,1,2002-03,New Jersey Nets,Washington Wizards,1,0.48133,0.07835666666666666,0.30452333333333337,0.09844,0.21644333333333332,0.05581333333333335,0.16064000000000003,0.11387666666666665,0.07808,1.568,0.02612,0.06513333333333333,38.69733333333333,0.15226,0.34077666666666667,44.720666666666666,0.09844,0.12960666666666668,75.13799999999999,0.0,0.04769333333333334,0.622,0.029436666666666667,0.10378666666666667,0.2886666666666666,0.07808,0.0,0.5520166666666667,0.4561266666666667,0.051083333333333335,0.30308333333333326,0.10196333333333334,0.20163,0.05542999999999999,0.14620333333333332,0.09404666666666667,0.07444666666666667,1.3546666666666662,0.01702333333333333,0.05293666666666666,30.207333333333334,0.15153333333333333,0.33072999999999997,45.977333333333334,0.10196333333333334,0.13162666666666664,77.08999999999999,0.0,0.04016333333333333,0.5666666666666667,0.02332,0.1099233333333333,0.2166666666666667,0.07444666666666667,0.0,0.4960966666666666
101,79,2002-12-13,1,1,2002-03,Milwaukee Bucks,Portland Trail Blazers,1,0.4938233333333334,0.10160666666666665,0.3046333333333333,0.08756666666666665,0.20741,0.05648333333333334,0.15092333333333335,0.10461666666666665,0.06682,1.62,0.03387666666666666,0.08868333333333332,37.52533333333333,0.15231666666666668,0.32089000000000006,47.456,0.08756666666666665,0.12028000000000001,73.46733333333333,0.0,0.03951333333333333,0.6033333333333332,0.024963333333333337,0.11469,0.22400000000000003,0.06682,0.0,0.5474133333333333,0.4439999999999999,0.062419999999999996,0.3050966666666666,0.07648666666666666,0.20686,0.06165333333333333,0.14520333333333332,0.11277333333333334,0.07901000000000001,1.4720000000000002,0.0208,0.059636666666666664,36.16466666666667,0.15254666666666666,0.33098000000000005,46.054,0.07648666666666666,0.10854999999999998,70.80733333333333,0.0,0.038373333333333336,0.5033333333333334,0.02172666666666667,0.10146333333333336,0.2333333333333333,0.07901000000000001,0.0,0.4953866666666666
92,97,2002-12-13,1,1,2002-03,Miami Heat,New York Knicks,0,0.41073,0.06602999999999999,0.27731999999999996,0.06739333333333335,0.21552666666666667,0.060713333333333334,0.15481333333333333,0.08891000000000002,0.06929999999999999,1.352,0.022003333333333333,0.07265666666666666,30.31666666666667,0.13865333333333335,0.3317566666666666,41.85066666666667,0.06739333333333335,0.08898666666666667,74.58200000000001,0.0,0.028976666666666664,0.4393333333333334,0.01689,0.11879666666666668,0.15133333333333338,0.06929999999999999,0.0,0.4263966666666666,0.4611366666666667,0.0752,0.3074566666666667,0.07848666666666666,0.19930666666666666,0.05643666666666668,0.14286000000000001,0.1041,0.07733999999999998,1.3953333333333333,0.025063333333333333,0.07754666666666667,31.99666666666667,0.1537233333333333,0.3364233333333333,45.827333333333335,0.07848666666666666,0.10083333333333334,78.10866666666668,0.0,0.036403333333333336,0.5113333333333334,0.01786,0.12768333333333334,0.13933333333333334,0.07733999999999998,0.0,0.48393666666666657
82,98,2002-12-13,1,1,2002-03,Los Angeles Lakers,New Orleans Hornets,0,0.46545666666666663,0.06986666666666669,0.3145,0.08108333333333334,0.2265033333333334,0.06566333333333334,0.16082999999999997,0.11000000000000001,0.07575666666666667,1.6159999999999999,0.023299999999999994,0.07721,31.163333333333338,0.15725666666666668,0.35117000000000004,45.10933333333333,0.08108333333333334,0.11237000000000001,72.79933333333334,0.0,0.041206666666666676,0.5793333333333331,0.028630000000000006,0.11357333333333333,0.2633333333333333,0.07575666666666667,0.0,0.5169233333333333,0.48033333333333333,0.0755,0.31625,0.08858333333333332,0.20937666666666666,0.06262000000000001,0.1467433333333333,0.11437666666666664,0.07054666666666667,1.7526666666666666,0.025166666666666667,0.06562333333333333,39.576666666666675,0.15812666666666664,0.34613,45.779999999999994,0.08858333333333332,0.11754666666666667,75.44200000000001,0.0,0.04292000000000001,0.6473333333333334,0.02174,0.10371000000000001,0.2186666666666667,0.07054666666666667,0.0,0.54079
94,72,2002-12-13,1,1,2002-03,Indiana Pacers,Denver Nuggets,1,0.4904833333333334,0.052836666666666664,0.33874666666666664,0.0989,0.22964333333333334,0.05793000000000001,0.17171,0.12140666666666666,0.08047666666666668,1.536,0.01760666666666667,0.046099999999999995,34.38133333333333,0.16937666666666662,0.35867333333333323,47.379333333333335,0.0989,0.12725333333333336,77.64400000000002,0.0,0.03937333333333334,0.49933333333333335,0.02800666666666666,0.11903666666666668,0.23600000000000007,0.08047666666666668,0.0,0.5822900000000001,0.38767,0.04040666666666667,0.27808333333333335,0.06917333333333332,0.2117733333333333,0.07443333333333334,0.13735000000000003,0.08953666666666665,0.10515666666666666,0.9293333333333333,0.013476666666666665,0.04888000000000001,25.38333333333333,0.13904333333333335,0.34975333333333336,39.80800000000001,0.06917333333333332,0.10037666666666664,67.01200000000001,0.0,0.04362666666666667,0.4353333333333333,0.02485,0.1286433333333333,0.20533333333333334,0.10515666666666666,0.0,0.37494666666666665
88,102,2002-12-14,1,1,2002-03,Atlanta Hawks,Phoenix Suns,0,0.48910000000000003,0.08285000000000002,0.29946333333333336,0.10677333333333333,0.2284333333333333,0.06517999999999999,0.16324666666666665,0.10581,0.09462333333333332,1.1866666666666668,0.027626666666666667,0.07669000000000001,37.33466666666667,0.14973333333333333,0.32096,46.38,0.10677333333333333,0.13556666666666667,78.72866666666667,0.0,0.038033333333333336,0.4066666666666666,0.030193333333333336,0.11435333333333332,0.2733333333333333,0.09462333333333332,0.0,0.54787,0.43543000000000004,0.05375666666666666,0.3069633333333333,0.07472666666666666,0.21944000000000002,0.07125000000000001,0.14819000000000002,0.0985966666666667,0.08512999999999998,1.228,0.01791,0.06119666666666666,30.236000000000004,0.15347666666666665,0.3576333333333333,43.03733333333333,0.07472666666666666,0.10223333333333334,74.51733333333331,0.0,0.04108333333333334,0.504,0.028909999999999998,0.10974333333333333,0.2813333333333333,0.08512999999999998,0.0,0.4633899999999999
101,92,2002-12-14,1,1,2002-03,Miami Heat,Golden State Warriors,1,0.41016,0.06623666666666667,0.2766533333333333,0.06728333333333333,0.21619333333333332,0.06139666666666667,0.15479666666666667,0.08905999999999999,0.07025999999999999,1.338,0.022073333333333334,0.07305999999999999,30.353333333333335,0.13832000000000003,0.33186666666666664,41.744666666666674,0.06728333333333333,0.08943000000000002,74.28533333333333,0.0,0.030046666666666662,0.44933333333333336,0.01686333333333333,0.11892333333333335,0.14999999999999997,0.07025999999999999,0.0,0.42539666666666665,0.4918733333333334,0.06621333333333333,0.30093,0.12473666666666668,0.2411633333333333,0.08444333333333333,0.1567366666666667,0.10165,0.08474999999999998,1.2226666666666668,0.022069999999999996,0.06838333333333334,30.87266666666666,0.15046666666666664,0.3464433333333334,43.21666666666667,0.12473666666666668,0.1602333333333333,78.03466666666667,0.0,0.04024666666666666,0.47800000000000004,0.03449999999999999,0.11733333333333333,0.2993333333333333,0.08474999999999998,0.0,0.5468833333333334
92,98,2002-12-14,1,1,2002-03,Minnesota Timberwolves,Portland Trail Blazers,0,0.47866666666666663,0.03349666666666667,0.352,0.0931633333333333,0.2225466666666667,0.061579999999999996,0.16096000000000002,0.11370666666666666,0.07200333333333334,1.6839999999999997,0.011170000000000001,0.03513333333333333,28.425333333333324,0.17600666666666667,0.3826299999999999,46.13199999999999,0.0931633333333333,0.12595333333333333,73.89666666666668,0.0,0.03437333333333334,0.49733333333333335,0.02808666666666667,0.10667,0.27666666666666667,0.07200333333333334,0.0,0.5420033333333333,0.44532666666666654,0.06357,0.3052133333333333,0.07654666666666668,0.20829333333333333,0.06136,0.14692999999999998,0.11299,0.07857666666666667,1.4826666666666666,0.021183333333333332,0.06037000000000001,36.44866666666667,0.15260666666666664,0.33064666666666664,46.148,0.07654666666666668,0.10801,71.40733333333334,0.0,0.03898,0.5146666666666667,0.02211,0.10119000000000002,0.23866666666666672,0.07857666666666667,0.0,0.5004266666666667
90,113,2002-12-14,1,1,2002-03,New York Knicks,Boston Celtics,0,0.4625966666666667,0.07845,0.3047066666666666,0.07944666666666667,0.20080666666666666,0.05652000000000001,0.1442766666666667,0.10364333333333334,0.07717333333333332,1.3986666666666667,0.02614666666666667,0.07917333333333332,32.629333333333335,0.15235,0.33400666666666656,45.72266666666667,0.07944666666666667,0.10191666666666667,78.26133333333334,0.0,0.03603,0.5053333333333333,0.017943333333333332,0.12568333333333334,0.14333333333333328,0.07717333333333332,0.0,0.4866866666666666,0.48597666666666667,0.14394666666666664,0.24798666666666666,0.09403333333333334,0.21869666666666668,0.060840000000000005,0.15787666666666667,0.09851333333333336,0.07412333333333333,1.406,0.04798000000000001,0.13957999999999998,34.79466666666667,0.12399333333333334,0.2759733333333333,45.12199999999999,0.09403333333333334,0.13006666666666666,71.01266666666668,0.0,0.05399333333333334,0.7619999999999999,0.022456666666666666,0.11227333333333335,0.21200000000000005,0.07412333333333333,0.0,0.52591
111,104,2002-12-14,1,1,2002-03,Cleveland Cavaliers,Denver Nuggets,1,0.4324199999999999,0.037003333333333326,0.29858333333333326,0.09683333333333333,0.20688333333333334,0.06349999999999999,0.14337,0.09608666666666668,0.08666666666666667,1.2053333333333331,0.01233,0.039793333333333326,26.94466666666666,0.14929666666666666,0.3630833333333333,41.065333333333335,0.09683333333333333,0.13187666666666667,74.14933333333335,0.0,0.04097,0.49999999999999994,0.029413333333333336,0.11311666666666666,0.27599999999999997,0.08666666666666667,0.0,0.44278999999999996,0.3894633333333334,0.042493333333333334,0.27741666666666664,0.06954333333333333,0.2103766666666666,0.07329666666666665,0.13708666666666666,0.08983333333333333,0.10482333333333334,0.9460000000000001,0.014173333333333331,0.05032333333333334,25.892666666666667,0.13871,0.34845666666666664,39.844,0.06954333333333333,0.10117,67.08333333333334,0.0,0.044039999999999996,0.44333333333333325,0.02450333333333333,0.12986999999999999,0.2,0.10482333333333334,0.0,0.3758266666666667
97,95,2002-12-14,1,1,2002-03,Chicago Bulls,Milwaukee Bucks,1,0.4606166666666666,0.04699333333333333,0.32253666666666664,0.09108000000000001,0.21217333333333335,0.06749666666666666,0.14466666666666667,0.09893333333333333,0.08516000000000003,1.2353333333333334,0.015673333333333334,0.05294999999999999,29.70466666666666,0.16127000000000002,0.36305333333333334,44.68266666666668,0.09108000000000001,0.13114,69.49866666666667,0.0,0.03799666666666667,0.47866666666666663,0.023613333333333333,0.11352999999999999,0.20933333333333332,0.08516000000000003,0.0,0.4690366666666667,0.4945866666666667,0.10106666666666665,0.30494000000000004,0.08856666666666667,0.2074266666666667,0.05716666666666667,0.15025666666666665,0.10533999999999999,0.06590333333333334,1.6520000000000001,0.03369333333333333,0.08858666666666665,37.30466666666666,0.1524666666666667,0.32218333333333327,47.321999999999996,0.08856666666666667,0.12130666666666667,73.48466666666667,0.0,0.03957,0.612,0.024686666666666673,0.11508,0.22133333333333335,0.06590333333333334,0.0,0.5483566666666666
104,87,2002-12-14,1,1,2002-03,Dallas Mavericks,Memphis Grizzlies,1,0.5165266666666668,0.10679,0.31133333333333335,0.09839666666666667,0.22604333333333335,0.05509000000000001,0.17095333333333332,0.10704,0.06277333333333333,1.9593333333333331,0.03559333333333334,0.09131,40.30533333333334,0.15567000000000003,0.32825333333333334,47.58266666666667,0.09839666666666667,0.11728000000000001,83.15866666666666,0.0,0.04477333333333333,0.8073333333333331,0.026220000000000004,0.10105666666666666,0.276,0.06277333333333333,0.0,0.6106466666666667,0.46779,0.07125333333333335,0.30874999999999997,0.08779666666666666,0.20205,0.06208333333333334,0.13995333333333332,0.10879666666666667,0.08433000000000002,1.4046666666666665,0.02374666666666667,0.06995,33.88000000000001,0.15437666666666666,0.33641333333333334,46.27,0.08779666666666666,0.11491666666666665,77.23666666666666,0.0,0.041166666666666664,0.5186666666666667,0.03579333333333334,0.10975333333333334,0.3446666666666666,0.08433000000000002,0.0,0.5158766666666667
83,94,2002-12-14,1,1,2002-03,Houston Rockets,Los Angeles Clippers,0,0.44975000000000004,0.06324666666666666,0.30013000000000006,0.08637,0.21747,0.058616666666666664,0.15886000000000003,0.09138333333333333,0.07787333333333332,1.2926666666666666,0.021086666666666667,0.06172333333333333,32.234,0.15006,0.32600333333333337,46.04600000000001,0.08637,0.11916333333333336,72.63533333333334,0.0,0.03513666666666667,0.47200000000000014,0.030806666666666666,0.09168333333333334,0.38200000000000006,0.07787333333333332,0.0,0.4973066666666666,0.4634633333333334,0.06674666666666668,0.2925833333333333,0.10413333333333334,0.20283333333333337,0.05008666666666666,0.15274,0.10155,0.08899666666666667,1.2213333333333334,0.02225333333333333,0.07325333333333332,30.967333333333336,0.14629333333333333,0.30678,47.74533333333332,0.10413333333333334,0.13816333333333336,75.24000000000001,0.0,0.038123333333333335,0.4386666666666666,0.03166666666666666,0.11254,0.2946666666666667,0.08899666666666667,0.0,0.5030833333333332
96,98,2002-12-14,1,1,2002-03,Utah Jazz,Sacramento Kings,0,0.47423333333333334,0.037366666666666666,0.32313000000000003,0.11372666666666667,0.21516333333333335,0.06552,0.14964000000000002,0.12261999999999999,0.09447999999999997,1.4206666666666667,0.01246666666666667,0.037026666666666666,30.657333333333334,0.1615666666666667,0.33431,48.629999999999995,0.11372666666666667,0.15287333333333333,73.71000000000001,0.0,0.03772333333333334,0.4073333333333334,0.028336666666666663,0.12118666666666665,0.24400000000000002,0.09447999999999997,0.0,0.5471433333333333,0.49758666666666673,0.08537666666666668,0.3269166666666667,0.08530333333333333,0.21212333333333336,0.056799999999999996,0.15532666666666672,0.11975666666666668,0.08004666666666665,1.5966666666666667,0.028456666666666672,0.08008666666666667,34.196,0.16346,0.33499999999999996,48.845333333333336,0.08530333333333333,0.12166333333333333,70.16733333333332,0.0,0.04892,0.6533333333333334,0.03033333333333333,0.10120666666666667,0.3133333333333333,0.08004666666666665,0.0,0.5691299999999999
91,78,2002-12-14,1,1,2002-03,Detroit Pistons,Seattle SuperSonics,1,0.42726666666666663,0.08679666666666667,0.25762,0.08285333333333332,0.20165999999999998,0.04939999999999999,0.15225999999999998,0.09813000000000001,0.07748333333333333,1.3933333333333333,0.028930000000000004,0.08104666666666667,36.30466666666666,0.12881666666666666,0.2821433333333333,45.80066666666666,0.08285333333333332,0.11444,71.62933333333335,0.0,0.03334333333333334,0.4806666666666667,0.03261666666666666,0.11362666666666668,0.3033333333333334,0.07748333333333333,0.0,0.4785033333333334,0.47500000000000003,0.07575,0.3246666666666666,0.07458000000000001,0.20249333333333336,0.05750333333333333,0.14499666666666666,0.11686666666666667,0.06180000000000001,1.9833333333333336,0.025249999999999998,0.06933999999999998,35.18466666666667,0.16232999999999997,0.34996000000000005,46.29733333333334,0.07458000000000001,0.10041666666666665,74.49133333333333,0.0,0.043873333333333334,0.7673333333333333,0.01779333333333333,0.09912999999999998,0.18533333333333332,0.06180000000000001,0.0,0.5367033333333332
101,91,2002-12-15,1,1,2002-03,Detroit Pistons,New Jersey Nets,1,0.42845999999999995,0.08696333333333334,0.2594533333333333,0.08204666666666667,0.20070000000000002,0.04987333333333333,0.15083,0.09860333333333332,0.07681666666666667,1.4186666666666667,0.02898666666666667,0.08064333333333333,36.452666666666666,0.1297333333333333,0.28408666666666665,45.83866666666666,0.08204666666666667,0.11319,71.812,0.0,0.03323333333333334,0.48666666666666664,0.0323,0.11193333333333334,0.30400000000000005,0.07681666666666667,0.0,0.47932,0.4817099999999999,0.08125,0.3034166666666668,0.09703666666666666,0.2167466666666667,0.055836666666666666,0.16091666666666668,0.11366333333333331,0.07833333333333334,1.5606666666666666,0.02708333333333333,0.06666333333333334,39.15533333333333,0.15170333333333333,0.33974666666666664,44.70133333333333,0.09703666666666666,0.12821333333333335,74.87933333333334,0.0,0.04803333333333334,0.6253333333333334,0.029459999999999997,0.10387333333333333,0.288,0.07833333333333334,0.0,0.5524933333333333
82,95,2002-12-15,1,1,2002-03,Toronto Raptors,Washington Wizards,0,0.44715666666666665,0.07338666666666666,0.28556000000000004,0.08819666666666665,0.20288666666666666,0.06283333333333334,0.14006000000000002,0.08483333333333333,0.07281000000000001,1.2673333333333332,0.024470000000000002,0.07563666666666666,33.300666666666665,0.14278333333333332,0.3292833333333333,43.338666666666676,0.08819666666666665,0.11907000000000001,74.26933333333334,0.0,0.04075666666666666,0.598,0.025210000000000003,0.10850333333333334,0.23600000000000004,0.07281000000000001,0.0,0.45952,0.45493333333333325,0.051666666666666666,0.30274999999999996,0.10051999999999997,0.20071333333333335,0.05541333333333333,0.1453,0.09418666666666667,0.07479666666666666,1.349333333333333,0.017216666666666665,0.05325333333333333,30.732666666666663,0.15136666666666665,0.32970333333333335,46.046,0.10051999999999997,0.13046,76.73066666666665,0.0,0.03974666666666666,0.5593333333333332,0.023583333333333335,0.10939666666666666,0.21933333333333335,0.07479666666666666,0.0,0.49408
107,92,2002-12-15,1,1,2002-03,Sacramento Kings,New Orleans Hornets,1,0.49596000000000007,0.08487666666666668,0.32733333333333337,0.08376333333333334,0.21145666666666668,0.056299999999999996,0.15516000000000005,0.11913333333333334,0.07946333333333332,1.6506666666666667,0.028290000000000003,0.07958666666666667,34.05533333333333,0.16367,0.33491666666666664,48.89800000000001,0.08376333333333334,0.12007999999999999,69.83733333333333,0.0,0.048876666666666665,0.6873333333333335,0.03033333333333333,0.10074999999999996,0.3153333333333333,0.07946333333333332,0.0,0.5674233333333334,0.47992,0.07637333333333335,0.31508333333333327,0.08846,0.20850333333333332,0.061119999999999994,0.14737,0.11458666666666663,0.07071333333333334,1.7606666666666668,0.025459999999999993,0.06628999999999999,39.64533333333334,0.1575433333333333,0.3444633333333334,45.81133333333334,0.08846,0.11754666666666666,75.27466666666666,0.0,0.04338000000000001,0.656,0.021616666666666666,0.10350333333333335,0.21733333333333335,0.07071333333333334,0.0,0.5404566666666667
107,97,2002-12-15,1,1,2002-03,Indiana Pacers,Philadelphia 76ers,1,0.49273333333333336,0.055253333333333335,0.3382733333333334,0.09920666666666665,0.22803333333333337,0.05813666666666666,0.16989333333333334,0.12129666666666668,0.08054666666666667,1.534,0.018413333333333334,0.04847333333333333,34.486,0.16914,0.35719,47.455333333333336,0.09920666666666665,0.12722666666666668,77.78466666666667,0.0,0.03879,0.4933333333333334,0.027156666666666662,0.11922999999999999,0.2286666666666667,0.08054666666666667,0.0,0.58133,0.4803266666666667,0.04900666666666667,0.3344166666666667,0.09691999999999999,0.20954333333333333,0.05979000000000001,0.14975,0.10771,0.06979333333333333,1.6966666666666665,0.01632666666666667,0.05254666666666667,32.32866666666666,0.16720666666666667,0.35954,46.70133333333334,0.09691999999999999,0.12508666666666668,77.28133333333334,0.0,0.051333333333333335,0.7966666666666666,0.02050333333333333,0.11120666666666669,0.19133333333333333,0.06979333333333333,0.0,0.5429200000000001
107,84,2002-12-15,1,1,2002-03,Los Angeles Lakers,Orlando Magic,1,0.46958333333333335,0.07074333333333335,0.3173333333333333,0.0815,0.22688000000000005,0.06491,0.1619533333333333,0.11083333333333334,0.07634000000000002,1.6179999999999997,0.023589999999999996,0.07600333333333334,31.999333333333336,0.15867,0.35108333333333336,45.532000000000004,0.0815,0.11437,71.82733333333334,0.0,0.04079,0.5666666666666668,0.028670000000000005,0.11411666666666666,0.264,0.07634000000000002,0.0,0.5227166666666667,0.4893666666666666,0.09075333333333337,0.29966666666666664,0.09895999999999999,0.21199,0.062169999999999996,0.1498266666666667,0.09895333333333335,0.07229000000000001,1.4940000000000002,0.030246666666666665,0.08362000000000001,34.80533333333334,0.14983666666666667,0.33170666666666665,45.334666666666664,0.09895999999999999,0.12332666666666664,80.996,0.0,0.037200000000000004,0.5566666666666668,0.021750000000000005,0.11162000000000002,0.202,0.07229000000000001,0.0,0.5273733333333334
91,79,2002-12-16,1,1,2002-03,Los Angeles Clippers,San Antonio Spurs,1,0.46421000000000007,0.06662333333333334,0.2934166666666666,0.10417333333333333,0.20321,0.05154333333333332,0.15165666666666666,0.10134333333333333,0.08820666666666667,1.2333333333333334,0.022209999999999997,0.0745,30.205333333333332,0.14670666666666665,0.30832,47.65799999999999,0.10417333333333333,0.13732999999999998,75.79199999999999,0.0,0.038790000000000005,0.45066666666666655,0.031290000000000005,0.11220666666666666,0.2913333333333334,0.08820666666666667,0.0,0.5035433333333332,0.4578666666666666,0.10274666666666667,0.27158333333333334,0.08353666666666666,0.22204,0.058713333333333326,0.16333000000000003,0.09841666666666664,0.08184666666666666,1.3106666666666664,0.03425333333333333,0.08737333333333332,38.292,0.13579666666666668,0.2992433333333333,45.49066666666666,0.08353666666666666,0.12367333333333333,67.89466666666667,0.0,0.03628666666666667,0.46866666666666673,0.03463000000000001,0.10600333333333332,0.33866666666666667,0.08184666666666666,0.0,0.5107100000000001
94,83,2002-12-16,1,1,2002-03,Chicago Bulls,Boston Celtics,1,0.4614566666666666,0.046243333333333324,0.3235,0.09170666666666666,0.20916666666666667,0.06603666666666666,0.14312,0.09937666666666667,0.08482666666666668,1.2446666666666668,0.015423333333333334,0.05270333333333333,29.009333333333334,0.16175333333333336,0.36125,45.05666666666666,0.09170666666666666,0.13058,70.316,0.0,0.03820333333333333,0.482,0.023710000000000002,0.11374333333333334,0.2106666666666667,0.08482666666666668,0.0,0.47141666666666665,0.48650666666666675,0.14362666666666665,0.249,0.09387333333333332,0.21937000000000004,0.060966666666666676,0.15842333333333333,0.09800000000000002,0.07408666666666668,1.3946666666666665,0.04787333333333334,0.1388333333333333,34.88133333333334,0.12449999999999999,0.27587666666666666,45.34,0.09387333333333332,0.13058000000000003,70.70466666666667,0.0,0.05382666666666667,0.7593333333333334,0.02241666666666666,0.11212333333333335,0.21200000000000002,0.07408666666666668,0.0,0.5269933333333332
98,111,2002-12-16,1,1,2002-03,Cleveland Cavaliers,Seattle SuperSonics,0,0.43729666666666667,0.04075333333333333,0.299,0.09754000000000002,0.20651,0.06375,0.14274333333333333,0.09654666666666668,0.08691666666666668,1.2013333333333331,0.01358,0.04237333333333333,28.535333333333327,0.14950333333333335,0.36116333333333345,41.32066666666666,0.09754000000000002,0.13279000000000002,74.16866666666668,0.0,0.04026,0.4913333333333334,0.02899666666666667,0.11273999999999999,0.272,0.08691666666666668,0.0,0.44695666666666667,0.4744566666666667,0.07424999999999998,0.32575,0.07445666666666666,0.20241,0.05725333333333333,0.14516333333333337,0.11666,0.061380000000000004,1.996,0.024749999999999998,0.06900666666666666,34.815333333333335,0.16287,0.3505033333333334,46.39266666666666,0.07445666666666666,0.10078999999999999,74.19733333333332,0.0,0.04454000000000001,0.7833333333333333,0.01779333333333333,0.09867,0.1853333333333333,0.061380000000000004,0.0,0.5362866666666667
104,91,2002-12-16,1,1,2002-03,Memphis Grizzlies,Golden State Warriors,1,0.46858000000000005,0.07350000000000002,0.3074166666666666,0.08767,0.20230333333333336,0.061500000000000006,0.14078666666666667,0.10958666666666667,0.08416333333333333,1.424,0.0245,0.07061666666666667,34.706,0.15371000000000004,0.3342466666666667,46.397333333333336,0.08767,0.11508333333333333,77.008,0.0,0.04004333333333333,0.5060000000000001,0.035460000000000005,0.10875333333333333,0.344,0.08416333333333333,0.0,0.5177099999999999,0.49283333333333335,0.06725,0.30033333333333334,0.12525333333333333,0.24149666666666667,0.08476,0.15675333333333336,0.10275666666666665,0.08520333333333334,1.2326666666666668,0.022416666666666665,0.06867000000000001,31.732666666666667,0.15017,0.34591999999999995,43.246,0.12525333333333333,0.16162666666666664,77.57733333333334,0.0,0.04028666666666667,0.4753333333333334,0.034,0.11716666666666666,0.2966666666666667,0.08520333333333334,0.0,0.5477799999999999
93,71,2002-12-16,1,1,2002-03,Philadelphia 76ers,Denver Nuggets,1,0.4783266666666666,0.049260000000000005,0.33375000000000005,0.09533666666666667,0.20675,0.058750000000000004,0.148,0.10712666666666666,0.06975333333333333,1.6846666666666663,0.01640666666666667,0.05308666666666668,32.00666666666667,0.16687333333333335,0.3565000000000001,47.022666666666666,0.09533666666666667,0.12350666666666668,76.98866666666666,0.0,0.05066666666666666,0.7893333333333333,0.02079333333333333,0.11045333333333335,0.19533333333333333,0.06975333333333333,0.0,0.53946,0.39142333333333335,0.045116666666666666,0.27625,0.07004333333333333,0.2084166666666666,0.07191999999999998,0.13650666666666664,0.09029,0.10403,0.9673333333333333,0.01505,0.052156666666666664,26.523333333333333,0.13812666666666668,0.3469133333333333,39.83533333333333,0.07004333333333333,0.10213,67.14333333333335,0.0,0.044789999999999996,0.4553333333333333,0.02429333333333333,0.13112,0.196,0.10403,0.0,0.37716
100,105,2002-12-16,1,1,2002-03,Miami Heat,Houston Rockets,0,0.41040666666666664,0.06663,0.2764166666666667,0.06736999999999999,0.21617,0.06212666666666668,0.15404333333333334,0.08916666666666666,0.07082333333333332,1.3313333333333333,0.022203333333333335,0.07337666666666666,30.50733333333334,0.1382,0.3321633333333333,41.67866666666667,0.06736999999999999,0.08987333333333335,74.17800000000001,0.0,0.030999999999999996,0.46066666666666667,0.01683333333333333,0.11912666666666667,0.148,0.07082333333333332,0.0,0.4251233333333333,0.4506933333333334,0.06374666666666666,0.3002966666666667,0.08664666666666669,0.21839999999999998,0.05871333333333333,0.15969333333333333,0.09284333333333332,0.07894333333333332,1.2893333333333332,0.021253333333333336,0.06154,32.382666666666665,0.15014333333333332,0.3259633333333334,46.09466666666667,0.08664666666666669,0.11910666666666667,72.96133333333333,0.0,0.03530333333333333,0.4660000000000001,0.03064,0.09126666666666666,0.3866666666666667,0.07894333333333332,0.0,0.5003766666666666
87,84,2002-12-16,1,1,2002-03,Phoenix Suns,Orlando Magic,1,0.4403266666666667,0.05550666666666667,0.30975,0.07509,0.21862000000000004,0.07162333333333333,0.14699333333333336,0.09846,0.08462333333333331,1.2366666666666668,0.01849333333333333,0.06275333333333334,30.363333333333337,0.15487,0.3583366666666667,43.33399999999999,0.07509,0.10308,74.13799999999999,0.0,0.042210000000000004,0.5193333333333333,0.02833,0.11037000000000001,0.27466666666666667,0.08462333333333331,0.0,0.46762000000000004,0.48611666666666664,0.09050333333333334,0.298,0.09762666666666667,0.21361666666666668,0.06267,0.15095333333333336,0.09795333333333334,0.07237333333333335,1.4780000000000004,0.030163333333333334,0.08320666666666668,34.879333333333335,0.14900333333333332,0.3331633333333333,44.86533333333333,0.09762666666666667,0.12253333333333333,80.51333333333332,0.0,0.03774333333333334,0.5646666666666668,0.02158333333333334,0.11095333333333333,0.202,0.07237333333333335,0.0,0.52254
118,97,2002-12-17,1,1,2002-03,Dallas Mavericks,Indiana Pacers,1,0.5174633333333334,0.10850333333333333,0.31025,0.09870000000000001,0.22449666666666665,0.05479333333333335,0.16970333333333334,0.10687333333333333,0.06229,1.9426666666666665,0.03616333333333333,0.09233333333333334,40.32333333333334,0.15513000000000002,0.32770666666666665,47.49400000000001,0.09870000000000001,0.11717333333333332,83.40666666666667,0.0,0.044296666666666665,0.7973333333333333,0.02625,0.10162666666666667,0.274,0.06229,0.0,0.60987,0.49429333333333325,0.05750333333333334,0.33625000000000005,0.10054,0.22604666666666667,0.058539999999999995,0.16749999999999998,0.12045666666666668,0.08046333333333335,1.5260000000000002,0.01916333333333333,0.05057999999999999,34.62333333333333,0.16812666666666665,0.35546,47.339333333333336,0.10054,0.12866666666666665,77.82733333333333,0.0,0.03820666666666666,0.48800000000000004,0.02633666666666666,0.11958000000000002,0.22133333333333338,0.08046333333333335,0.0,0.5779966666666667
117,122,2002-12-17,1,1,2002-03,Milwaukee Bucks,Toronto Raptors,0,0.4945033333333334,0.10062333333333333,0.30483333333333335,0.08903666666666667,0.20741333333333334,0.057703333333333336,0.14970999999999998,0.10600666666666664,0.06529666666666666,1.6760000000000004,0.033543333333333335,0.08812333333333333,37.27733333333333,0.15241000000000002,0.32329333333333327,47.145999999999994,0.08903666666666667,0.12150333333333334,73.65200000000002,0.0,0.03946000000000001,0.6153333333333333,0.02417333333333333,0.11537666666666666,0.21666666666666667,0.06529666666666666,0.0,0.5483333333333333,0.44761999999999996,0.07461666666666668,0.28641666666666665,0.08657,0.20137333333333332,0.062130000000000005,0.13925,0.08620666666666664,0.07188000000000001,1.3,0.024883333333333334,0.07612333333333333,33.604,0.1432133333333333,0.3282133333333333,43.626,0.08657,0.11762666666666664,73.88133333333333,0.0,0.04007666666666666,0.5946666666666667,0.02483666666666667,0.10737666666666666,0.234,0.07188000000000001,0.0,0.4609633333333332
96,80,2002-12-17,1,1,2002-03,Minnesota Timberwolves,Los Angeles Lakers,1,0.48016666666666663,0.033749999999999995,0.3539999999999999,0.09240999999999998,0.22233666666666668,0.06279,0.15954333333333331,0.11483333333333334,0.07112666666666666,1.7153333333333332,0.01125,0.03501,29.03266666666666,0.17700666666666665,0.3837966666666666,46.251333333333335,0.09240999999999998,0.12533,73.81466666666667,0.0,0.03424666666666667,0.49866666666666676,0.02833666666666667,0.10691666666666667,0.27799999999999997,0.07112666666666666,0.0,0.5453366666666667,0.47229000000000004,0.07136666666666668,0.3188333333333333,0.08208666666666667,0.22704666666666673,0.06436666666666666,0.1626633333333333,0.11129333333333333,0.07721666666666668,1.609333333333333,0.023799999999999995,0.07475000000000001,32.710666666666675,0.15942,0.35041666666666677,45.83733333333334,0.08208666666666667,0.11653666666666666,70.86333333333333,0.0,0.04024666666666667,0.5506666666666666,0.02842,0.11491000000000001,0.262,0.07721666666666668,0.0,0.5256733333333333
101,99,2002-12-17,1,1,2002-03,New York Knicks,New Jersey Nets,1,0.4640633333333334,0.08147666666666667,0.3013733333333333,0.08122,0.2019,0.05633666666666668,0.14554999999999998,0.10324333333333333,0.07687333333333334,1.4046666666666667,0.02715333333333334,0.08044666666666665,33.312000000000005,0.15068333333333334,0.3304566666666666,45.734,0.08122,0.10385666666666667,78.542,0.0,0.03520333333333333,0.49533333333333324,0.018143333333333334,0.12415666666666668,0.148,0.07687333333333334,0.0,0.48997000000000007,0.4825833333333333,0.08399666666666666,0.30291666666666667,0.09566000000000001,0.21649666666666667,0.055586666666666666,0.16091666666666668,0.11383,0.07846000000000002,1.56,0.028003333333333328,0.06804,39.52466666666667,0.15145666666666668,0.33849666666666667,44.79733333333333,0.09566000000000001,0.12671333333333334,74.72733333333333,0.0,0.04819999999999999,0.6266666666666668,0.029543333333333328,0.10358333333333335,0.29,0.07846000000000002,0.0,0.55408
102,93,2002-12-17,1,1,2002-03,Portland Trail Blazers,New Orleans Hornets,1,0.4467699999999999,0.06423666666666666,0.30604666666666663,0.07649,0.20939,0.06106666666666667,0.14831999999999998,0.11346333333333332,0.07834,1.4933333333333332,0.02140666666666667,0.06126,36.400666666666666,0.15302333333333334,0.33005,46.40599999999999,0.07649,0.10751000000000001,71.82000000000001,0.0,0.03960666666666667,0.5246666666666667,0.022373333333333335,0.10062,0.24333333333333335,0.07834,0.0,0.5053566666666666,0.4797966666666667,0.07700000000000001,0.3139166666666667,0.08887333333333333,0.20758666666666664,0.05999666666666666,0.14758,0.11449999999999999,0.07067333333333334,1.7706666666666666,0.025666666666666667,0.06691666666666667,39.72533333333334,0.15696333333333332,0.34263,45.86666666666667,0.08887333333333333,0.11800666666666668,75.30199999999999,0.0,0.04388000000000001,0.6679999999999999,0.02141,0.10346000000000002,0.21533333333333335,0.07067333333333334,0.0,0.5404566666666667
95,86,2002-12-17,1,1,2002-03,Sacramento Kings,Phoenix Suns,1,0.49545999999999996,0.08537666666666668,0.32708333333333334,0.08301333333333333,0.21087333333333336,0.0553,0.15558000000000002,0.11854666666666668,0.07829666666666665,1.718,0.028456666666666672,0.07925333333333334,34.32399999999999,0.16354333333333332,0.3341266666666666,48.94600000000001,0.08301333333333333,0.11887333333333333,69.91999999999999,0.0,0.048876666666666665,0.7266666666666667,0.030416666666666668,0.10033666666666667,0.31799999999999995,0.07829666666666665,0.0,0.5686300000000001,0.44545000000000007,0.057379999999999994,0.3125833333333334,0.07550333333333334,0.21812,0.07191666666666667,0.14620333333333332,0.09858666666666667,0.08387333333333333,1.2526666666666668,0.01912,0.064,30.756000000000004,0.15628666666666666,0.35942,43.58333333333333,0.07550333333333334,0.10366333333333334,74.04666666666667,0.0,0.042960000000000005,0.5326666666666667,0.02766333333333333,0.1111166666666667,0.26600000000000007,0.08387333333333333,0.0,0.47274333333333335
99,109,2002-12-17,1,1,2002-03,Atlanta Hawks,Washington Wizards,0,0.48683,0.08262,0.2980833333333333,0.10612,0.2295433333333333,0.06570333333333332,0.1638333333333333,0.10520666666666668,0.09300333333333333,1.206,0.027546666666666667,0.07674666666666667,37.150000000000006,0.14904333333333333,0.3208766666666667,46.17933333333334,0.10612,0.13525666666666666,78.43133333333334,0.0,0.03728666666666667,0.4066666666666667,0.02949666666666667,0.11367000000000001,0.26799999999999996,0.09300333333333333,0.0,0.5452100000000001,0.45291666666666663,0.05188,0.30233333333333334,0.09870333333333332,0.1996666666666667,0.055376666666666664,0.14428666666666665,0.09429333333333334,0.07558333333333334,1.339333333333333,0.017286666666666665,0.05324666666666666,31.164666666666662,0.15116,0.32871666666666666,46.10066666666667,0.09870333333333332,0.12888,76.30799999999999,0.0,0.03895333333333333,0.5433333333333332,0.023546666666666664,0.10919999999999998,0.21866666666666668,0.07558333333333334,0.0,0.49012666666666665
88,91,2002-12-18,1,1,2002-03,Seattle SuperSonics,San Antonio Spurs,0,0.47199666666666673,0.07312333333333333,0.32475,0.07412333333333333,0.20244999999999996,0.05708666666666667,0.14537333333333333,0.11545333333333334,0.060966666666666676,1.9946666666666668,0.024376666666666665,0.06884,34.63466666666667,0.16237000000000001,0.35021,46.30133333333334,0.07412333333333333,0.10129,73.61799999999998,0.0,0.04474666666666667,0.7933333333333332,0.01792,0.09833666666666666,0.18666666666666665,0.060966666666666676,0.0,0.5321633333333333,0.4592433333333333,0.10262333333333333,0.2728333333333333,0.08378333333333333,0.22099999999999997,0.05754666666666667,0.16345666666666667,0.09808333333333331,0.08151333333333333,1.3120000000000003,0.03421,0.08757999999999999,38.028666666666666,0.13642333333333337,0.2972433333333333,46.05466666666666,0.08378333333333333,0.12417333333333334,67.86133333333333,0.0,0.035286666666666675,0.4653333333333334,0.035376666666666674,0.10600333333333331,0.3466666666666667,0.08151333333333333,0.0,0.5129166666666668
96,83,2002-12-18,1,1,2002-03,Chicago Bulls,Toronto Raptors,1,0.4625,0.04636666666666666,0.3239166666666667,0.09220666666666667,0.20708333333333334,0.06487,0.14220666666666665,0.09975,0.08428666666666666,1.2573333333333336,0.015466666666666667,0.05249333333333334,28.769999999999996,0.16196000000000002,0.36017000000000005,45.245333333333335,0.09220666666666667,0.12995666666666666,71.07666666666667,0.0,0.038536666666666664,0.48799999999999993,0.023790000000000002,0.11370333333333334,0.21200000000000002,0.08428666666666666,0.0,0.4743733333333333,0.44761999999999996,0.07599,0.287,0.08461333333333335,0.20012333333333335,0.06159,0.13854,0.08733333333333332,0.07117,1.3253333333333335,0.025343333333333336,0.07704000000000001,33.708666666666666,0.14350333333333332,0.3270466666666667,43.88133333333334,0.08461333333333335,0.11558333333333334,73.49199999999999,0.0,0.039330000000000004,0.5886666666666667,0.024460000000000003,0.10608333333333334,0.2326666666666667,0.07117,0.0,0.4615033333333332
118,100,2002-12-18,1,1,2002-03,Washington Wizards,Memphis Grizzlies,1,0.45124999999999993,0.05250333333333334,0.3015,0.09724666666666665,0.19912333333333335,0.05546333333333333,0.14366333333333334,0.09441666666666668,0.07587666666666666,1.3419999999999996,0.017496666666666667,0.05316666666666667,31.990666666666662,0.15074666666666667,0.3278433333333333,46.08733333333334,0.09724666666666665,0.12758666666666665,76.02066666666666,0.0,0.038413333333333334,0.5353333333333333,0.023296666666666667,0.10853333333333333,0.21733333333333338,0.07587666666666666,0.0,0.48754333333333333,0.46908,0.07550000000000003,0.3054166666666667,0.08817000000000001,0.20239000000000001,0.06054333333333333,0.14182666666666666,0.11025333333333334,0.08399666666666666,1.442,0.025166666666666664,0.07095000000000001,35.629333333333335,0.15271,0.3318266666666666,46.448,0.08817000000000001,0.11570666666666667,77.04733333333333,0.0,0.039043333333333326,0.4953333333333333,0.03479333333333334,0.10754666666666667,0.3406666666666667,0.08399666666666666,0.0,0.5190866666666667
93,97,2002-12-18,1,1,2002-03,Los Angeles Clippers,Portland Trail Blazers,0,0.4639566666666667,0.06525,0.2950833333333333,0.10363000000000001,0.20425333333333331,0.05316999999999999,0.15107666666666666,0.10080333333333334,0.08728666666666667,1.2386666666666666,0.02175,0.07496,29.300666666666665,0.14753999999999998,0.31027999999999994,47.64399999999999,0.10363000000000001,0.13574666666666665,76.26333333333332,0.0,0.03921000000000001,0.4599999999999999,0.030913333333333338,0.11187333333333334,0.28800000000000003,0.08728666666666667,0.0,0.5037533333333333,0.44866666666666666,0.06538,0.30666666666666664,0.07662666666666666,0.21104333333333333,0.06158,0.1494633333333333,0.11375666666666667,0.07858666666666665,1.4933333333333334,0.02178666666666667,0.06258666666666667,36.26933333333333,0.15333333333333335,0.32983666666666667,46.582,0.07662666666666666,0.10753999999999998,71.97933333333334,0.0,0.04,0.5286666666666666,0.0225,0.10029333333333332,0.24600000000000002,0.07858666666666665,0.0,0.50916
90,97,2002-12-18,1,1,2002-03,Utah Jazz,Orlando Magic,0,0.4760033333333334,0.038116666666666674,0.3236666666666667,0.11420999999999998,0.21587666666666663,0.06478999999999999,0.15108333333333335,0.12329333333333332,0.09363,1.4320000000000002,0.01271666666666667,0.03671,32.010000000000005,0.16183666666666668,0.33471333333333336,48.66333333333333,0.11420999999999998,0.15212333333333333,74.44666666666666,0.0,0.037906666666666665,0.412,0.028336666666666663,0.12062666666666666,0.246,0.09363,0.0,0.5529933333333333,0.4818266666666667,0.09100333333333334,0.29525,0.09558333333333333,0.21511666666666665,0.06292333333333333,0.15220333333333336,0.09708000000000001,0.07270666666666667,1.458,0.03033,0.08304000000000002,35.26133333333333,0.14763,0.3339966666666667,44.336,0.09558333333333333,0.12086666666666664,79.95599999999997,0.0,0.03824333333333333,0.5693333333333332,0.021249999999999998,0.11024333333333333,0.20000000000000004,0.07270666666666667,0.0,0.5164566666666668
95,83,2002-12-18,1,1,2002-03,Houston Rockets,Indiana Pacers,1,0.4515033333333333,0.06374666666666666,0.30066666666666664,0.08708666666666666,0.21903666666666669,0.05871333333333332,0.16033000000000003,0.09403999999999998,0.07962333333333332,1.2886666666666666,0.02125333333333334,0.061586666666666665,32.238,0.15032666666666666,0.32575000000000004,46.20266666666667,0.08708666666666666,0.11912333333333333,73.36933333333333,0.0,0.035463333333333326,0.462,0.03049666666666667,0.09075000000000001,0.39200000000000007,0.07962333333333332,0.0,0.50313,0.4957933333333333,0.059503333333333325,0.335,0.10129,0.22408666666666668,0.059079999999999994,0.165,0.11958,0.08054666666666667,1.5153333333333336,0.01983,0.052413333333333326,34.794666666666664,0.1675,0.35371,47.348,0.10129,0.13012333333333334,77.54866666666665,0.0,0.038,0.4853333333333334,0.025713333333333328,0.11978666666666668,0.21600000000000005,0.08054666666666667,0.0,0.5749966666666667
106,111,2002-12-18,1,1,2002-03,Cleveland Cavaliers,Detroit Pistons,0,0.44354999999999994,0.04437999999999999,0.3000833333333333,0.09908,0.20609333333333332,0.06421000000000002,0.14187,0.09709,0.08712333333333336,1.2006666666666668,0.014786666666666667,0.04483333333333332,29.881999999999994,0.15004333333333333,0.3589566666666667,41.72733333333333,0.09908,0.13474666666666665,74.24133333333334,0.0,0.03942666666666666,0.4833333333333334,0.028580000000000005,0.11249333333333332,0.26733333333333337,0.08712333333333336,0.0,0.45295666666666656,0.4295866666666666,0.08837666666666665,0.26058333333333333,0.08063000000000001,0.19962000000000002,0.05037333333333333,0.14925,0.09928666666666668,0.07612666666666668,1.4486666666666668,0.02945666666666667,0.08078666666666666,36.826,0.13029666666666664,0.28534000000000004,45.87866666666666,0.08063000000000001,0.11134,71.858,0.0,0.033209999999999996,0.4933333333333334,0.03238333333333333,0.11037666666666666,0.30866666666666664,0.07612666666666668,0.0,0.4808766666666667
75,80,2002-12-18,1,1,2002-03,Denver Nuggets,Dallas Mavericks,0,0.39529666666666674,0.04849333333333334,0.2760833333333333,0.07071000000000001,0.20670999999999992,0.07087999999999998,0.13584000000000002,0.09099666666666667,0.10282,0.996,0.01617333333333333,0.05478333333333332,27.211333333333336,0.13804333333333335,0.3456633333333334,39.949333333333335,0.07071000000000001,0.10346333333333334,67.10466666666667,0.0,0.045623333333333335,0.47,0.02404,0.13169999999999998,0.19266666666666665,0.10282,0.0,0.3808266666666667,0.5187533333333334,0.11100333333333333,0.3094166666666666,0.09832333333333335,0.22399666666666668,0.05483333333333334,0.16916333333333336,0.10695333333333333,0.06187333333333334,1.9333333333333331,0.03699666666666667,0.09341333333333335,40.62866666666667,0.15471333333333334,0.3274566666666666,47.400666666666666,0.09832333333333335,0.11633999999999999,83.61533333333333,0.0,0.044006666666666666,0.792,0.02650333333333333,0.10203999999999999,0.2746666666666667,0.06187333333333334,0.0,0.6111633333333334
81,91,2002-12-18,1,1,2002-03,Boston Celtics,Miami Heat,0,0.4880866666666667,0.14325000000000002,0.2510833333333333,0.09374999999999999,0.21933000000000005,0.060466666666666676,0.15888333333333335,0.09774666666666668,0.07367333333333333,1.3939999999999997,0.04775,0.1381666666666667,34.96000000000001,0.1255433333333333,0.2759166666666666,45.73733333333334,0.09374999999999999,0.13087333333333334,70.54199999999999,0.0,0.05403666666666667,0.7653333333333333,0.022376666666666666,0.11195666666666668,0.21200000000000002,0.07367333333333333,0.0,0.5299933333333333,0.41178333333333333,0.06750333333333333,0.27675,0.06753666666666668,0.21604666666666666,0.06275000000000001,0.15329333333333334,0.08942,0.07124,1.3279999999999998,0.02249666666666666,0.07342,30.95466666666667,0.1383666666666667,0.3322866666666667,41.70933333333334,0.06753666666666668,0.0905,73.96000000000001,0.0,0.032,0.4726666666666667,0.016999999999999998,0.11891666666666666,0.148,0.07124,0.0,0.4272066666666667
99,94,2002-12-18,1,1,2002-03,Philadelphia 76ers,Minnesota Timberwolves,1,0.4767,0.04963666666666667,0.3335000000000001,0.09358666666666667,0.20408333333333334,0.05787333333333333,0.14620666666666668,0.10646,0.07033666666666667,1.664,0.016530000000000003,0.053459999999999994,31.824,0.16674666666666668,0.3537100000000001,47.36,0.09358666666666667,0.12196333333333335,76.516,0.0,0.049956666666666656,0.7773333333333332,0.020793333333333334,0.10987,0.19666666666666668,0.07033666666666667,0.0,0.53542,0.48112666666666665,0.03425,0.3555,0.09137,0.22200333333333336,0.06387333333333332,0.15813,0.116,0.07062666666666667,1.736,0.011416666666666665,0.03517666666666666,29.605333333333327,0.17775333333333332,0.3846299999999999,46.344,0.09137,0.12462,73.49600000000001,0.0,0.034120000000000004,0.49600000000000005,0.028669999999999998,0.10687333333333333,0.2806666666666667,0.07062666666666667,0.0,0.54742
111,106,2002-12-18,1,1,2002-03,Golden State Warriors,New Orleans Hornets,1,0.49362666666666666,0.06875,0.29933333333333334,0.12554333333333334,0.24070333333333332,0.08426,0.15646,0.10337999999999999,0.08578999999999999,1.2353333333333334,0.022916666666666665,0.06909000000000001,32.66266666666667,0.14967,0.3441266666666667,43.38533333333334,0.12554333333333334,0.16287666666666664,77.00133333333335,0.0,0.04058,0.4746666666666667,0.033580000000000006,0.11687666666666666,0.2946666666666667,0.08578999999999999,0.0,0.5481133333333333,0.4797966666666666,0.07762666666666668,0.3128333333333334,0.08933,0.20625333333333326,0.05883,0.1474133333333333,0.11478999999999999,0.07038000000000001,1.7873333333333328,0.025873333333333335,0.06733333333333331,39.916000000000004,0.15642000000000003,0.34087666666666666,45.90933333333334,0.08933,0.11829666666666666,75.44866666666667,0.0,0.04454666666666667,0.6826666666666666,0.021286666666666666,0.10312666666666666,0.21400000000000002,0.07038000000000001,0.0,0.5414133333333333
98,71,2002-12-19,1,1,2002-03,New Jersey Nets,Los Angeles Lakers,1,0.48283,0.08524666666666667,0.3030833333333333,0.09449333333333332,0.21553666666666665,0.05529666666666666,0.16025,0.11366333333333332,0.07870666666666669,1.5533333333333337,0.028419999999999997,0.06862666666666667,39.722,0.1515433333333333,0.33783,44.91133333333333,0.09449333333333332,0.12559,74.562,0.0,0.04836666666666666,0.6266666666666667,0.029956666666666666,0.10358333333333335,0.2946666666666667,0.07870666666666669,0.0,0.5540800000000001,0.4748333333333333,0.07262,0.31908333333333333,0.08312666666666667,0.22709000000000004,0.06361999999999998,0.16345666666666667,0.11225333333333332,0.07838333333333335,1.6013333333333333,0.024213333333333333,0.07408333333333333,33.39333333333334,0.15954666666666664,0.3483733333333333,46.143333333333324,0.08312666666666667,0.11899666666666665,70.104,0.0,0.03949666666666666,0.5313333333333333,0.02846,0.11561666666666666,0.2626666666666667,0.07838333333333335,0.0,0.5291733333333333
81,83,2002-12-19,1,1,2002-03,Sacramento Kings,San Antonio Spurs,0,0.4955866666666667,0.08612666666666667,0.32708333333333334,0.08238666666666665,0.21045333333333333,0.05442333333333334,0.15604,0.11825333333333334,0.07683666666666666,1.795333333333333,0.02870666666666667,0.07908666666666668,34.598,0.16354333333333332,0.33338,49.02733333333334,0.08238666666666665,0.11762666666666664,70.09266666666666,0.0,0.04833666666666667,0.7606666666666667,0.030790000000000005,0.09962666666666667,0.32399999999999995,0.07683666666666666,0.0,0.57113,0.4594933333333333,0.10062333333333336,0.2745,0.08437000000000001,0.21983333333333333,0.056423333333333346,0.16341666666666665,0.09695999999999998,0.08130333333333334,1.3,0.033543333333333335,0.08678999999999999,37.31666666666667,0.13725666666666667,0.2962433333333333,46.53666666666666,0.08437000000000001,0.12475666666666667,68.07933333333334,0.0,0.034620000000000005,0.46600000000000014,0.03604333333333334,0.10600333333333332,0.35333333333333333,0.08130333333333334,0.0,0.5130399999999999
109,107,2002-12-20,1,1,2002-03,Detroit Pistons,Cleveland Cavaliers,1,0.43117,0.08900333333333332,0.2619166666666667,0.08025333333333333,0.19866333333333336,0.05079,0.14787333333333333,0.09957666666666667,0.07512666666666666,1.4786666666666668,0.029663333333333333,0.08091000000000001,36.86133333333333,0.1309633333333333,0.2864666666666667,45.966,0.08025333333333333,0.11071333333333334,71.95266666666667,0.0,0.03325333333333333,0.5026666666666667,0.03225666666666667,0.10937666666666668,0.3106666666666667,0.07512666666666666,0.0,0.48258666666666666,0.45042666666666664,0.048253333333333336,0.30191666666666656,0.10024666666666666,0.20642666666666665,0.06499999999999999,0.14141,0.09792333333333333,0.08737,1.2059999999999997,0.01608,0.04753999999999999,31.08933333333333,0.15095666666666666,0.3575833333333333,42.16066666666667,0.10024666666666666,0.13608,74.37533333333333,0.0,0.038716666666666656,0.4766666666666667,0.028286666666666672,0.11236666666666667,0.26333333333333336,0.08737,0.0,0.4604566666666666
95,84,2002-12-20,1,1,2002-03,Memphis Grizzlies,Milwaukee Bucks,1,0.46983,0.07775000000000001,0.3039166666666667,0.08817000000000001,0.20276333333333335,0.05933666666666668,0.14340999999999998,0.11142000000000002,0.08420666666666668,1.4593333333333334,0.025916666666666664,0.07128333333333334,36.61333333333334,0.15196,0.32907333333333333,46.61066666666667,0.08817000000000001,0.11570666666666667,77.07266666666666,0.0,0.03783666666666667,0.4786666666666667,0.034293333333333335,0.10583999999999999,0.33999999999999997,0.08420666666666668,0.0,0.52188,0.4946266666666667,0.10087333333333333,0.30391666666666667,0.08982666666666667,0.2074966666666667,0.05808,0.14942,0.10667333333333334,0.06475333333333334,1.698,0.03362666666666667,0.08820666666666668,37.321333333333335,0.15195,0.3237133333333333,46.93866666666667,0.08982666666666667,0.12158333333333336,74.11266666666667,0.0,0.03954333333333334,0.6226666666666666,0.023716666666666664,0.11554333333333335,0.2126666666666667,0.06475333333333334,0.0,0.54921
86,88,2002-12-20,1,1,2002-03,Seattle SuperSonics,New Orleans Hornets,0,0.47208333333333335,0.07262333333333332,0.32516666666666666,0.07429000000000001,0.20345,0.057713333333333346,0.14575,0.11487333333333334,0.060840000000000005,1.9926666666666664,0.02421,0.06850666666666667,34.846666666666664,0.16258,0.35058333333333336,46.324666666666666,0.07429000000000001,0.10249666666666667,72.98,0.0,0.04508,0.8006666666666665,0.018170000000000002,0.09837666666666668,0.18866666666666668,0.060840000000000005,0.0,0.53233,0.4789233333333333,0.07862666666666666,0.30983333333333335,0.09045333333333334,0.20433666666666664,0.05733,0.147,0.11449666666666666,0.06975666666666668,1.7986666666666662,0.026206666666666666,0.06812666666666665,40.017999999999994,0.15492,0.3380433333333333,45.82866666666668,0.09045333333333334,0.11933666666666666,75.65,0.0,0.04508666666666667,0.6966666666666667,0.02104,0.10325333333333334,0.2106666666666667,0.06975666666666668,0.0,0.5402066666666666
76,87,2002-12-20,1,1,2002-03,Los Angeles Clippers,Phoenix Suns,0,0.46420666666666666,0.06450333333333333,0.2963333333333333,0.10337666666666667,0.20433666666666667,0.05416999999999999,0.15016333333333334,0.10021666666666669,0.08628666666666668,1.2440000000000002,0.021496666666666664,0.07504333333333334,28.926,0.1481633333333333,0.31128,47.703333333333326,0.10337666666666667,0.13453666666666667,76.73266666666667,0.0,0.039463333333333336,0.4679999999999999,0.030660000000000003,0.11108,0.2866666666666667,0.08628666666666668,0.0,0.5047533333333333,0.4503266666666668,0.059256666666666666,0.31525,0.07583666666666668,0.21862000000000004,0.07258333333333332,0.14603666666666668,0.09908666666666667,0.08341666666666667,1.2686666666666668,0.01974333333333333,0.06525333333333333,31.063333333333333,0.15762,0.3601666666666667,43.85466666666666,0.07583666666666668,0.10407999999999999,74.07000000000001,0.0,0.04325333333333334,0.5373333333333333,0.027039999999999998,0.11145000000000004,0.25733333333333336,0.08341666666666667,0.0,0.47862
101,82,2002-12-20,1,1,2002-03,Houston Rockets,Atlanta Hawks,1,0.4531266666666666,0.06437,0.3012500000000001,0.08750666666666666,0.2202833333333333,0.05937999999999999,0.16091333333333335,0.09508000000000001,0.08041666666666666,1.2853333333333332,0.021463333333333334,0.061963333333333336,32.22266666666667,0.15061666666666665,0.32587666666666665,46.29733333333334,0.08750666666666666,0.11921,73.71133333333333,0.0,0.035796666666666664,0.46,0.030373333333333342,0.09058333333333332,0.39533333333333337,0.08041666666666666,0.0,0.5067966666666666,0.4844166666666666,0.08274666666666668,0.2966666666666667,0.10499333333333333,0.23045999999999994,0.06620333333333332,0.16425,0.10479,0.09171333333333334,1.2226666666666666,0.027586666666666666,0.07724666666666667,36.914,0.14833666666666667,0.32071,45.98333333333334,0.10499333333333333,0.13446666666666665,78.04866666666668,0.0,0.03674666666666668,0.40733333333333327,0.029120000000000004,0.11308666666666665,0.26599999999999996,0.09171333333333334,0.0,0.5423333333333334
77,97,2002-12-20,1,1,2002-03,Toronto Raptors,Miami Heat,0,0.44870333333333334,0.07786333333333335,0.2875,0.08331999999999999,0.19937000000000002,0.06109,0.13829,0.08904,0.07050333333333333,1.3593333333333335,0.02597,0.07829333333333334,33.82933333333333,0.14375666666666667,0.32563000000000003,44.151999999999994,0.08331999999999999,0.11437666666666667,73.12466666666667,0.0,0.038373333333333336,0.5786666666666667,0.024333333333333335,0.10512333333333332,0.2326666666666667,0.07050333333333333,0.0,0.46408666666666665,0.4133233333333334,0.06813,0.27708333333333335,0.06811999999999999,0.21525666666666668,0.06354000000000001,0.15171,0.08946,0.07136333333333332,1.328,0.022703333333333336,0.07358666666666666,31.10066666666667,0.13853333333333334,0.33262,41.711333333333336,0.06811999999999999,0.09154333333333332,73.83066666666669,0.0,0.03287333333333333,0.48599999999999993,0.017249999999999998,0.11800000000000001,0.15133333333333335,0.07136333333333332,0.0,0.4284166666666667
80,89,2002-12-20,1,1,2002-03,Denver Nuggets,Orlando Magic,0,0.3982166666666667,0.05124333333333332,0.27541666666666664,0.07154333333333333,0.2050866666666666,0.06959,0.13550666666666666,0.09199666666666667,0.10132000000000001,1.0306666666666666,0.01709,0.057116666666666656,27.691333333333336,0.13771000000000003,0.34408,40.03733333333332,0.07154333333333333,0.10479666666666665,67.29066666666667,0.0,0.04595666666666666,0.482,0.02399666666666667,0.13207666666666668,0.19066666666666665,0.10132000000000001,0.0,0.38424,0.47724333333333335,0.09100333333333332,0.2921666666666667,0.09408333333333332,0.21615999999999996,0.06284000000000001,0.15333,0.09637333333333335,0.07291333333333334,1.442666666666667,0.030330000000000003,0.08283333333333334,35.50266666666666,0.14608666666666667,0.3340366666666667,43.85466666666667,0.09408333333333332,0.11982666666666665,79.374,0.0,0.038496666666666665,0.572,0.020916666666666663,0.10982666666666668,0.19733333333333336,0.07291333333333334,0.0,0.5100800000000001
81,93,2002-12-20,1,1,2002-03,Dallas Mavericks,Utah Jazz,0,0.5215866666666666,0.1140033333333333,0.3094166666666666,0.09815666666666666,0.22337000000000004,0.05533333333333335,0.16803666666666667,0.10733000000000001,0.06112666666666667,1.9366666666666665,0.037996666666666665,0.09474666666666667,40.99333333333333,0.15471333333333334,0.3281633333333333,47.28466666666667,0.09815666666666666,0.11567333333333334,83.91666666666667,0.0,0.043796666666666664,0.7900000000000001,0.026756666666666665,0.10278999999999999,0.27399999999999997,0.06112666666666667,0.0,0.6139966666666667,0.47692000000000007,0.038869999999999995,0.32399999999999995,0.11404333333333332,0.21658333333333332,0.06449999999999999,0.15208333333333332,0.12375,0.09288,1.4393333333333336,0.012963333333333334,0.03642,33.324,0.16200333333333333,0.33583666666666667,48.574,0.11404333333333332,0.15079,75.044,0.0,0.03836666666666667,0.41999999999999993,0.028376666666666668,0.11991666666666666,0.24933333333333332,0.09288,0.0,0.5570799999999999
108,99,2002-12-20,1,1,2002-03,Boston Celtics,Minnesota Timberwolves,1,0.48958666666666667,0.14225000000000002,0.2534166666666667,0.09391666666666666,0.21945666666666672,0.05963333333333334,0.15984333333333337,0.09783,0.07333999999999999,1.396,0.04741666666666667,0.13691333333333333,35.00066666666667,0.12671,0.2763333333333333,46.13,0.09391666666666666,0.13137333333333334,70.54866666666666,0.0,0.05432666666666667,0.772,0.02221,0.11225000000000002,0.21066666666666667,0.07333999999999999,0.0,0.5334933333333333,0.48338000000000003,0.03587666666666667,0.35691666666666666,0.09057666666666667,0.2224166666666667,0.06491666666666666,0.15750666666666666,0.11808333333333332,0.07004,1.7719999999999998,0.011956666666666668,0.03584333333333333,30.63533333333333,0.1784633333333333,0.38521666666666665,46.46133333333333,0.09057666666666667,0.12403333333333336,73.28666666666666,0.0,0.03366333333333334,0.48933333333333334,0.02871,0.10708333333333335,0.2806666666666667,0.07004,0.0,0.55213
107,104,2002-12-20,1,1,2002-03,Philadelphia 76ers,Los Angeles Lakers,1,0.4743266666666666,0.04988333333333333,0.33275000000000005,0.09171333333333331,0.20212333333333332,0.05741333333333333,0.14470666666666665,0.10575333333333334,0.07146000000000001,1.631333333333333,0.016616666666666672,0.053959999999999994,31.535333333333334,0.16637333333333337,0.35050000000000003,47.68933333333333,0.09171333333333331,0.12063,75.81333333333333,0.0,0.04916333333333333,0.7586666666666666,0.020583333333333335,0.10937,0.19533333333333333,0.07146000000000001,0.0,0.53013,0.47775,0.07462,0.3186666666666666,0.08446,0.22659,0.06286666666666665,0.16370666666666667,0.11329333333333334,0.07938333333333335,1.5899999999999999,0.024880000000000006,0.07379000000000001,34.24333333333333,0.15933999999999998,0.34503999999999996,46.521333333333324,0.08446,0.12162333333333333,69.47266666666665,0.0,0.038829999999999996,0.5133333333333334,0.02846,0.11586666666666666,0.26333333333333336,0.07938333333333335,0.0,0.5337533333333334
101,86,2002-12-20,1,1,2002-03,Indiana Pacers,Chicago Bulls,1,0.4968366666666667,0.06150333333333333,0.3332499999999999,0.10208,0.22254333333333332,0.059996666666666656,0.16254,0.11791333333333333,0.08088000000000001,1.4900000000000004,0.020496666666666667,0.05457999999999999,34.84533333333333,0.16662666666666667,0.3513766666666667,47.37266666666667,0.10208,0.13229,76.848,0.0,0.03779,0.4813333333333335,0.025296666666666665,0.12012,0.2126666666666667,0.08088000000000001,0.0,0.5704566666666665,0.46421000000000007,0.046990000000000004,0.324,0.09320666666666667,0.20575,0.06378666666666667,0.14195666666666668,0.10062333333333333,0.08378666666666668,1.2753333333333334,0.01567666666666667,0.05274666666666666,28.546666666666667,0.16200333333333336,0.3582533333333334,45.486666666666665,0.09320666666666667,0.13045666666666667,71.63666666666667,0.0,0.03891,0.49466666666666664,0.024206666666666665,0.11399666666666666,0.21533333333333335,0.08378666666666668,0.0,0.47933
111,113,2002-12-20,1,1,2002-03,Golden State Warriors,Portland Trail Blazers,0,0.4949166666666666,0.07037666666666667,0.2990833333333333,0.12546000000000002,0.24020333333333335,0.08388333333333334,0.15633666666666668,0.10425333333333332,0.08616666666666667,1.244,0.023456666666666667,0.06963000000000001,33.675333333333334,0.14954333333333333,0.34270666666666666,43.58533333333333,0.12546000000000002,0.16371,76.408,0.0,0.04041333333333333,0.47133333333333327,0.03329,0.11679333333333332,0.2926666666666667,0.08616666666666667,0.0,0.5493233333333334,0.45183333333333325,0.06588,0.3084166666666667,0.07754333333333333,0.21258333333333335,0.06187000000000001,0.15071666666666667,0.11433666666666667,0.07841999999999999,1.51,0.021953333333333335,0.06354333333333334,36.044,0.15420666666666666,0.32954333333333335,46.940000000000005,0.07754333333333333,0.10833000000000001,72.39533333333334,0.0,0.04012333333333332,0.534,0.022876666666666663,0.09970666666666667,0.252,0.07841999999999999,0.0,0.5156166666666666
92,89,2002-12-21,1,1,2002-03,Los Angeles Clippers,Denver Nuggets,1,0.46366666666666667,0.06425666666666667,0.29649999999999993,0.10291666666666667,0.20454333333333333,0.054959999999999995,0.14958333333333332,0.09938333333333335,0.08512,1.2486666666666666,0.02141,0.07542000000000001,28.477333333333334,0.14824666666666667,0.3115733333333333,47.70066666666666,0.10291666666666667,0.13329000000000002,77.09799999999998,0.0,0.03959,0.4753333333333333,0.03028666666666667,0.10983333333333332,0.286,0.08512,0.0,0.5046266666666667,0.40121666666666667,0.05361666666666667,0.276,0.07158333333333333,0.20425333333333331,0.06825666666666667,0.13600666666666666,0.09337333333333334,0.10002666666666668,1.0646666666666667,0.01788333333333333,0.05903333333333332,28.186000000000003,0.138,0.34237000000000006,40.315999999999995,0.07158333333333333,0.10537666666666665,67.08733333333333,0.0,0.046209999999999994,0.4933333333333333,0.023916666666666666,0.13237000000000002,0.18866666666666668,0.10002666666666668,0.0,0.3895733333333335
110,103,2002-12-21,1,1,2002-03,Chicago Bulls,Indiana Pacers,1,0.4650433333333333,0.04774,0.3236666666666666,0.09362333333333334,0.20445999999999998,0.06266333333333333,0.14178999999999997,0.10137333333333333,0.08345333333333334,1.288,0.015926666666666665,0.05283333333333333,28.636000000000003,0.1618366666666667,0.3560066666666667,45.714000000000006,0.09362333333333334,0.1305,71.98866666666666,0.0,0.039369999999999995,0.5006666666666667,0.024500000000000004,0.11437333333333331,0.21733333333333338,0.08345333333333334,0.0,0.48333,0.4972933333333333,0.06375333333333333,0.33025000000000004,0.10328666666666668,0.22058333333333333,0.06049666666666665,0.16008000000000003,0.11620333333333334,0.08100333333333333,1.4680000000000002,0.021246666666666667,0.05699666666666667,34.938,0.16512666666666664,0.3486666666666667,47.26199999999999,0.10328666666666668,0.13499999999999998,76.16799999999999,0.0,0.03816666666666667,0.48600000000000015,0.025089999999999998,0.12074666666666665,0.21,0.08100333333333333,0.0,0.56533
82,89,2002-12-21,1,1,2002-03,Cleveland Cavaliers,Boston Celtics,0,0.45821999999999996,0.052629999999999996,0.30391666666666667,0.1016666666666667,0.20842666666666662,0.066,0.14241,0.09904666666666667,0.08766333333333333,1.2153333333333332,0.01753666666666667,0.05012333333333333,32.656,0.15195666666666666,0.35654333333333327,42.57933333333334,0.1016666666666667,0.13808,74.31333333333332,0.0,0.03821666666666667,0.47333333333333344,0.028579999999999998,0.11199333333333333,0.26533333333333337,0.08766333333333333,0.0,0.47120666666666666,0.48954666666666663,0.14137666666666662,0.2540833333333333,0.09408333333333332,0.21912333333333336,0.05867333333333334,0.16046666666666667,0.09770333333333335,0.07309,1.3913333333333329,0.047123333333333337,0.13599666666666665,35.004000000000005,0.1270433333333333,0.27612333333333333,46.299333333333344,0.09408333333333332,0.13174999999999998,70.63333333333334,0.0,0.05420333333333334,0.7726666666666665,0.021916666666666664,0.11241666666666668,0.20800000000000002,0.07309,0.0,0.5337833333333334
79,77,2002-12-21,1,1,2002-03,Atlanta Hawks,Philadelphia 76ers,1,0.4821666666666667,0.08324666666666666,0.29566666666666663,0.10324666666666667,0.22987333333333332,0.06662,0.16324999999999998,0.10445666666666667,0.09050666666666668,1.2406666666666666,0.027753333333333335,0.07820333333333333,36.64533333333334,0.14783666666666664,0.32042000000000004,45.873333333333335,0.10324666666666667,0.13288333333333333,77.66666666666667,0.0,0.03649666666666667,0.41133333333333333,0.028580000000000005,0.11266666666666666,0.26133333333333325,0.09050666666666668,0.0,0.5384133333333333,0.47212,0.05038333333333333,0.33116666666666666,0.09058666666666665,0.2011633333333333,0.05695666666666666,0.1442066666666667,0.10521000000000001,0.07316666666666667,1.579333333333333,0.016783333333333334,0.05437999999999999,31.402,0.1655833333333333,0.3476266666666667,47.84133333333333,0.09058666666666665,0.12021,75.17066666666668,0.0,0.048703333333333335,0.7346666666666667,0.02045666666666667,0.10920333333333335,0.194,0.07316666666666667,0.0,0.5252533333333333
92,81,2002-12-21,1,1,2002-03,San Antonio Spurs,Washington Wizards,1,0.46024333333333334,0.098,0.27699999999999997,0.08524333333333335,0.21891666666666662,0.05617333333333333,0.16275,0.09570999999999998,0.08092666666666667,1.288,0.03266666666666666,0.08595666666666667,36.362,0.13850666666666667,0.29612,47.006,0.08524333333333335,0.12567333333333333,68.30400000000002,0.0,0.033830000000000006,0.4653333333333334,0.03667000000000001,0.10617,0.35866666666666663,0.08092666666666667,0.0,0.5131233333333333,0.44866333333333325,0.05287666666666667,0.30041666666666667,0.09537333333333334,0.1994566666666667,0.05550666666666667,0.14395666666666665,0.09483666666666668,0.07583666666666668,1.3539999999999996,0.017623333333333335,0.05271000000000001,32.88399999999999,0.15020333333333333,0.3275533333333333,45.974000000000004,0.09537333333333334,0.12613,75.59466666666667,0.0,0.037953333333333325,0.5306666666666666,0.02321,0.10790666666666665,0.2166666666666667,0.07583666666666668,0.0,0.48512666666666676
110,101,2002-12-21,1,1,2002-03,Phoenix Suns,Sacramento Kings,1,0.4537433333333334,0.06050333333333334,0.3175,0.07575666666666667,0.21962,0.07333333333333332,0.14628333333333332,0.09979333333333333,0.08295666666666666,1.2853333333333334,0.020163333333333328,0.06625333333333333,31.132666666666662,0.15874666666666667,0.36146000000000006,44.02133333333333,0.07575666666666667,0.10424666666666667,73.87733333333334,0.0,0.04345999999999999,0.5406666666666666,0.026496666666666665,0.11145000000000001,0.25,0.08295666666666666,0.0,0.4828666666666666,0.4940033333333333,0.08587666666666667,0.32625,0.08188666666666665,0.2102,0.05321333333333333,0.157,0.11754333333333333,0.07541666666666667,1.864666666666667,0.028623333333333334,0.07837999999999999,34.66266666666666,0.16312333333333334,0.33283999999999997,48.94733333333334,0.08188666666666665,0.11662666666666666,70.23066666666666,0.0,0.04758333333333333,0.7900000000000001,0.03116666666666667,0.09875333333333333,0.3313333333333333,0.07541666666666667,0.0,0.57088
100,92,2002-12-21,1,1,2002-03,New Jersey Nets,Detroit Pistons,1,0.4839166666666666,0.08536999999999999,0.30483333333333335,0.09369999999999999,0.21478666666666665,0.05546333333333333,0.15933333333333335,0.11362333333333334,0.07854000000000001,1.5546666666666669,0.02846333333333333,0.06858333333333332,39.68600000000001,0.1524166666666667,0.33858333333333335,45.068000000000005,0.09369999999999999,0.12492333333333333,74.452,0.0,0.04828333333333333,0.626,0.030206666666666666,0.10367000000000001,0.29799999999999993,0.07854000000000001,0.0,0.5547900000000001,0.4333766666666667,0.09012666666666666,0.26225,0.081,0.1984533333333334,0.05145666666666667,0.147,0.09961666666666666,0.074,1.5073333333333336,0.030040000000000004,0.08112000000000003,36.99533333333333,0.13113,0.2879233333333333,45.80533333333333,0.081,0.11113,72.28333333333333,0.0,0.03325333333333333,0.512,0.03204666666666667,0.10871000000000001,0.31,0.074,0.0,0.4847533333333333
98,86,2002-12-21,1,1,2002-03,Minnesota Timberwolves,Houston Rockets,1,0.48408999999999996,0.037003333333333346,0.35733333333333334,0.08974333333333333,0.22308333333333338,0.06625,0.15683999999999998,0.11975,0.06970666666666667,1.7953333333333332,0.01233,0.03651,31.229999999999997,0.17867,0.38571666666666665,46.455999999999996,0.08974333333333333,0.1232,73.19266666666665,0.0,0.033163333333333336,0.48133333333333334,0.028793333333333337,0.10745666666666667,0.2806666666666667,0.06970666666666667,0.0,0.5545066666666666,0.45458333333333323,0.06587000000000001,0.30041666666666667,0.08829666666666668,0.22253666666666666,0.06087999999999998,0.16166000000000003,0.09574666666666667,0.08141666666666666,1.2739999999999998,0.02196333333333333,0.06296333333333333,32.657333333333334,0.15020333333333333,0.32620999999999994,46.156666666666666,0.08829666666666668,0.11950333333333334,74.19599999999998,0.0,0.03638333333333333,0.45933333333333337,0.030456666666666667,0.09120666666666666,0.39533333333333337,0.08141666666666666,0.0,0.51009
94,90,2002-12-21,1,1,2002-03,Milwaukee Bucks,New York Knicks,1,0.49462666666666666,0.10124999999999999,0.30224999999999996,0.09112,0.2074166666666667,0.05816333333333333,0.14925333333333335,0.10717333333333333,0.06425333333333334,1.7186666666666668,0.033749999999999995,0.08841333333333333,37.33733333333334,0.15111666666666668,0.32416999999999996,46.60733333333334,0.09112,0.12225000000000001,74.58666666666666,0.0,0.039503333333333335,0.6273333333333333,0.023216666666666667,0.11625333333333333,0.20666666666666667,0.06425333333333334,0.0,0.5488333333333333,0.4654666666666667,0.08493666666666666,0.29743,0.08311,0.20313666666666666,0.05647666666666669,0.14664666666666665,0.10285333333333332,0.07677666666666667,1.4066666666666667,0.028303333333333333,0.08192999999999999,34.05,0.14871,0.32680666666666663,45.65800000000001,0.08311,0.10595333333333334,78.73533333333334,0.0,0.03418666666666667,0.482,0.018283333333333332,0.12235000000000001,0.152,0.07677666666666667,0.0,0.49258
81,80,2002-12-21,1,1,2002-03,Portland Trail Blazers,Seattle SuperSonics,1,0.4561666666666666,0.06688,0.3106666666666667,0.07862999999999999,0.21391666666666667,0.06199666666666667,0.15192333333333333,0.11500333333333332,0.07829666666666665,1.5266666666666666,0.02228666666666667,0.06429,36.17666666666666,0.15533333333333335,0.32937666666666665,47.358666666666664,0.07862999999999999,0.10970333333333333,72.53733333333334,0.0,0.04070333333333333,0.5453333333333333,0.023126666666666663,0.09958333333333334,0.2546666666666667,0.07829666666666665,0.0,0.5234933333333333,0.47212666666666675,0.072,0.32566666666666666,0.07445666666666667,0.2044933333333333,0.05846333333333334,0.14604333333333336,0.11403999999999999,0.060423333333333336,1.994,0.024000000000000004,0.06821666666666666,34.97599999999999,0.16283,0.3509166666666667,46.36266666666667,0.07445666666666667,0.10399666666666667,72.106,0.0,0.04532666666666666,0.8099999999999999,0.018210000000000004,0.09887666666666668,0.18800000000000003,0.060423333333333336,0.0,0.5319566666666667
107,109,2002-12-22,1,1,2002-03,Toronto Raptors,Los Angeles Lakers,0,0.44816,0.07936333333333333,0.287,0.08177999999999999,0.19966333333333333,0.061176666666666664,0.13849666666666668,0.09054000000000001,0.07004333333333333,1.3886666666666667,0.02647,0.07950333333333331,33.791999999999994,0.14350666666666667,0.32475333333333334,44.19999999999998,0.08177999999999999,0.1130866666666667,72.56266666666667,0.0,0.03729333333333333,0.5666666666666667,0.02425,0.10432999999999999,0.23333333333333334,0.07004333333333333,0.0,0.4642966666666666,0.4798333333333334,0.07612000000000001,0.31808333333333333,0.08562666666666667,0.22671333333333335,0.06290999999999998,0.16379000000000002,0.1140033333333333,0.08030000000000001,1.5759999999999998,0.025380000000000003,0.07400000000000001,34.63999999999999,0.15904666666666667,0.34229,46.82533333333333,0.08562666666666667,0.12387333333333332,68.95533333333334,0.0,0.038290000000000005,0.49666666666666676,0.028083333333333335,0.11603333333333335,0.26,0.08030000000000001,0.0,0.5365066666666666
84,92,2002-12-22,1,1,2002-03,New York Knicks,Miami Heat,0,0.46725333333333335,0.08937999999999999,0.2934166666666666,0.08446,0.20338333333333336,0.05629333333333335,0.14707666666666663,0.10295999999999998,0.07633333333333334,1.4193333333333336,0.029786666666666666,0.08383333333333333,35.00666666666667,0.14670333333333332,0.32258333333333333,45.642,0.08446,0.10753666666666667,78.77733333333335,0.0,0.03324666666666667,0.4719999999999999,0.018289999999999997,0.12032666666666669,0.15466666666666665,0.07633333333333334,0.0,0.49578666666666665,0.4156166666666667,0.06888000000000001,0.27775,0.06899333333333332,0.21450333333333332,0.06458,0.14991666666666667,0.08962666666666667,0.07115666666666667,1.3353333333333335,0.022953333333333333,0.07396,31.166000000000004,0.13886666666666667,0.3332,41.722,0.06899333333333332,0.09312333333333335,73.59533333333336,0.0,0.033960000000000004,0.5033333333333333,0.017416666666666667,0.11787333333333332,0.15266666666666664,0.07115666666666667,0.0,0.4305033333333334
103,88,2002-12-22,1,1,2002-03,Sacramento Kings,Golden State Warriors,1,0.4928799999999999,0.0855,0.32575000000000004,0.08163333333333331,0.20978333333333332,0.052379999999999996,0.15741666666666665,0.11696,0.07412333333333333,1.9326666666666668,0.028499999999999994,0.07766999999999999,34.662666666666674,0.16287333333333334,0.33296666666666663,48.83266666666667,0.08163333333333331,0.11596000000000002,70.358,0.0,0.04695666666666667,0.8200000000000001,0.0315,0.09854333333333334,0.33599999999999997,0.07412333333333333,0.0,0.5703800000000001,0.49683,0.07149999999999998,0.29975,0.12558333333333332,0.23928999999999997,0.08346666666666668,0.15583666666666665,0.10512666666666665,0.08616666666666667,1.2586666666666666,0.02383333333333333,0.06959,34.66466666666667,0.14987666666666666,0.34141666666666665,43.889333333333326,0.12558333333333332,0.16445666666666667,75.97066666666667,0.0,0.040206666666666675,0.47000000000000003,0.033246666666666674,0.11674999999999999,0.2926666666666667,0.08616666666666667,0.0,0.5523666666666667
74,103,2002-12-22,1,1,2002-03,Memphis Grizzlies,Utah Jazz,0,0.47174333333333335,0.07975000000000002,0.3034166666666666,0.08858666666666667,0.20230333333333336,0.05771333333333333,0.14457666666666666,0.11254333333333336,0.08433333333333334,1.4806666666666668,0.026583333333333334,0.07124333333333334,37.67399999999999,0.15170666666666668,0.32645,46.9,0.08858666666666667,0.11599666666666669,77.28999999999998,0.0,0.036923333333333336,0.466,0.033460000000000004,0.10438333333333333,0.3346666666666667,0.08433333333333334,0.0,0.5257933333333333,0.4765066666666667,0.039123333333333336,0.32391666666666663,0.11345999999999999,0.21708333333333335,0.06412666666666667,0.15296,0.12408333333333332,0.09271333333333334,1.4353333333333333,0.013043333333333332,0.03617000000000001,33.894666666666666,0.16196000000000002,0.33637666666666666,48.492666666666665,0.11345999999999999,0.14912333333333333,75.53133333333332,0.0,0.03899,0.42733333333333334,0.027960000000000002,0.11925,0.24666666666666667,0.09271333333333334,0.0,0.5587033333333333
92,86,2002-12-23,1,1,2002-03,Dallas Mavericks,Washington Wizards,1,0.5230866666666666,0.11737999999999998,0.30766666666666664,0.09802999999999999,0.22237000000000004,0.05574666666666668,0.16662000000000002,0.10762333333333335,0.06050333333333334,1.934,0.03912,0.09699999999999999,41.000666666666675,0.15384,0.32787,47.014,0.09802999999999999,0.11505000000000001,84.22800000000001,0.0,0.04375333333333333,0.7886666666666667,0.027046666666666667,0.10399666666666667,0.2720000000000001,0.06050333333333334,0.0,0.6144566666666667,0.4474966666666666,0.053623333333333335,0.30049999999999993,0.09337333333333334,0.19966333333333336,0.05554666666666666,0.14412333333333333,0.09583666666666667,0.07592,1.371333333333333,0.017876666666666666,0.05258666666666667,33.77133333333333,0.1502466666666667,0.3273,46.029333333333334,0.09337333333333334,0.12400333333333334,75.48333333333333,0.0,0.03762,0.5266666666666667,0.023209999999999998,0.10702999999999997,0.218,0.07592,0.0,0.4855400000000001
91,96,2002-12-23,1,1,2002-03,Houston Rockets,Utah Jazz,0,0.45624999999999993,0.06774666666666666,0.299,0.08950333333333334,0.22411666666666666,0.06196333333333333,0.16216000000000003,0.09641333333333334,0.08212333333333333,1.2753333333333334,0.02258666666666666,0.06387666666666666,33.321999999999996,0.14949333333333334,0.3265,45.93333333333332,0.08950333333333334,0.12025333333333334,74.69666666666667,0.0,0.036923333333333336,0.4613333333333333,0.031039999999999998,0.09129333333333331,0.40266666666666673,0.08212333333333333,0.0,0.51359,0.4773833333333333,0.039996666666666666,0.32399999999999995,0.11337666666666665,0.21775,0.06379333333333333,0.15396,0.12478999999999998,0.09259,1.4346666666666663,0.013336666666666665,0.036376666666666675,34.50666666666667,0.16200333333333333,0.33621000000000006,48.524,0.11337666666666665,0.14816333333333334,76.06866666666664,0.0,0.03990333333333333,0.43799999999999994,0.027586666666666673,0.11858333333333332,0.24466666666666667,0.09259,0.0,0.5627899999999999
74,72,2002-12-23,1,1,2002-03,Cleveland Cavaliers,Miami Heat,1,0.4667200000000001,0.057003333333333336,0.3065833333333333,0.10312666666666667,0.2093833333333333,0.06662666666666667,0.14274333333333333,0.10000666666666665,0.08724666666666665,1.2286666666666666,0.01899666666666667,0.052706666666666666,34.257333333333335,0.15329,0.35554333333333327,43.092000000000006,0.10312666666666667,0.14015999999999998,74.17933333333332,0.0,0.03809,0.4780000000000001,0.028953333333333334,0.11228666666666665,0.2673333333333333,0.08724666666666665,0.0,0.48287333333333327,0.4192833333333334,0.06988,0.2794166666666667,0.06999333333333332,0.21395999999999998,0.06537333333333334,0.14858333333333335,0.08991666666666669,0.07111666666666668,1.344,0.023286666666666667,0.07446,31.393333333333334,0.1397,0.33340666666666674,41.94333333333332,0.06999333333333332,0.09441333333333332,73.69466666666668,0.0,0.035083333333333334,0.5206666666666666,0.017543333333333334,0.11758333333333333,0.15333333333333332,0.07111666666666668,0.0,0.43537666666666675
99,94,2002-12-23,1,1,2002-03,San Antonio Spurs,New Orleans Hornets,1,0.4594533333333333,0.09400000000000001,0.2793333333333333,0.08612000000000002,0.21845999999999996,0.05608666666666667,0.16237333333333334,0.09383666666666667,0.08122000000000001,1.2533333333333334,0.03133333333333333,0.08470666666666667,34.90466666666667,0.13967333333333337,0.29612,47.42933333333333,0.08612000000000002,0.12638000000000002,68.63400000000001,0.0,0.03312333333333333,0.46133333333333343,0.03742,0.10600333333333332,0.366,0.08122000000000001,0.0,0.5109966666666668,0.47796333333333335,0.07975,0.3060833333333333,0.09212000000000001,0.20179666666666662,0.05579,0.14600000000000002,0.11383000000000001,0.06909000000000001,1.8059999999999996,0.026583333333333337,0.06917,40.053999999999995,0.15304333333333336,0.33433666666666667,45.746,0.09212000000000001,0.12104333333333332,75.78733333333334,0.0,0.04525333333333333,0.7053333333333334,0.02079333333333333,0.10408666666666667,0.20533333333333334,0.06909000000000001,0.0,0.5377466666666667
89,88,2002-12-23,1,1,2002-03,Phoenix Suns,Seattle SuperSonics,1,0.45670333333333335,0.06187666666666667,0.31949999999999995,0.07533666666666665,0.22133,0.07429333333333334,0.14703666666666668,0.10017,0.08237333333333335,1.3,0.02062333333333333,0.06762666666666667,30.97933333333333,0.15974666666666668,0.36270666666666673,44.162,0.07533666666666665,0.10391333333333333,73.71533333333333,0.0,0.04345999999999999,0.5426666666666667,0.025996666666666668,0.11103666666666669,0.24400000000000002,0.08237333333333335,0.0,0.48674,0.4719166666666667,0.07200000000000001,0.325,0.07491666666666667,0.20540666666666665,0.05929666666666667,0.14612333333333336,0.11282999999999999,0.06025666666666666,1.978,0.024,0.06805,35.27466666666666,0.16249666666666668,0.35075,46.306000000000004,0.07491666666666667,0.10558,71.48266666666667,0.0,0.04574333333333334,0.8186666666666667,0.018209999999999997,0.09916666666666668,0.18666666666666668,0.06025666666666666,0.0,0.5309166666666667
112,97,2002-12-23,1,1,2002-03,Indiana Pacers,Atlanta Hawks,1,0.4964166666666667,0.06475333333333333,0.32649999999999996,0.10516,0.2185,0.06083,0.1576666666666667,0.11428333333333332,0.08125333333333333,1.4400000000000002,0.02158,0.05853666666666667,34.91933333333334,0.16325,0.34542,47.126666666666665,0.10516,0.13812666666666665,75.83866666666667,0.0,0.03833333333333333,0.486,0.024836666666666667,0.12091333333333333,0.20800000000000002,0.08125333333333333,0.0,0.5590399999999999,0.479,0.08374666666666666,0.29366666666666663,0.10157999999999999,0.22937333333333332,0.06695333333333335,0.16241666666666665,0.10416666666666669,0.08946666666666667,1.258,0.027920000000000004,0.07916,36.316,0.14683666666666667,0.31949999999999995,45.72533333333333,0.10157999999999999,0.13158999999999998,77.02333333333333,0.0,0.036120000000000006,0.4126666666666666,0.02828666666666667,0.11258666666666665,0.2586666666666666,0.08946666666666667,0.0,0.53358
103,108,2002-12-23,1,1,2002-03,Orlando Magic,Milwaukee Bucks,0,0.47303666666666666,0.09137666666666666,0.28825,0.09341666666666668,0.21678666666666666,0.06279666666666667,0.15399666666666667,0.09537333333333332,0.07316333333333333,1.4226666666666667,0.030456666666666674,0.08279333333333333,35.81333333333334,0.14412666666666668,0.3337866666666667,43.27666666666667,0.09341666666666668,0.11953666666666665,79.00066666666666,0.0,0.039206666666666674,0.5806666666666668,0.020539999999999996,0.11007666666666667,0.19400000000000003,0.07316333333333333,0.0,0.5036666666666668,0.4947533333333333,0.1015033333333333,0.30074999999999996,0.09249333333333333,0.20750000000000002,0.05836999999999999,0.14912666666666669,0.10792,0.06396,1.7413333333333334,0.03383,0.08874666666666668,37.29600000000001,0.15036666666666668,0.32425333333333334,46.349333333333334,0.09249333333333333,0.12304000000000001,75.106,0.0,0.039753333333333335,0.6353333333333334,0.022796666666666666,0.11667333333333332,0.20266666666666663,0.06396,0.0,0.5494133333333334
99,83,2002-12-23,1,1,2002-03,New Jersey Nets,Chicago Bulls,1,0.48462666666666665,0.08399666666666665,0.30741666666666667,0.09319999999999999,0.21553666666666665,0.05613,0.15941666666666668,0.11333333333333334,0.07820666666666667,1.556,0.028003333333333328,0.06795999999999999,39.16666666666667,0.15370666666666669,0.34049666666666667,45.181333333333335,0.09319999999999999,0.12438333333333332,74.47599999999998,0.0,0.04795,0.6240000000000001,0.03037333333333333,0.10412666666666669,0.29866666666666664,0.07820666666666667,0.0,0.55571,0.4649999999999999,0.04824000000000001,0.32275,0.09399666666666667,0.20379333333333335,0.06158,0.14220999999999998,0.10162666666666666,0.08316,1.2920000000000003,0.01609333333333333,0.05304,28.538000000000004,0.1613766666666667,0.3536733333333334,45.876666666666665,0.09399666666666667,0.1304566666666667,72.36333333333333,0.0,0.03966333333333332,0.5046666666666667,0.02504,0.11483000000000002,0.22133333333333333,0.08316,0.0,0.4862466666666666
99,105,2002-12-25,1,1,2002-03,Los Angeles Lakers,Sacramento Kings,0,0.48203999999999997,0.07712000000000001,0.31816666666666665,0.08675333333333332,0.22713000000000003,0.06307666666666666,0.16404,0.11508333333333333,0.08113333333333334,1.5673333333333335,0.025713333333333335,0.07412333333333333,34.940666666666665,0.15908999999999998,0.34012333333333333,47.156666666666666,0.08675333333333332,0.12608333333333333,68.48666666666666,0.0,0.03758333333333333,0.4786666666666667,0.02762666666666667,0.11603333333333336,0.25533333333333336,0.08113333333333334,0.0,0.53955,0.49087999999999987,0.08525333333333335,0.3246666666666666,0.08096666666666666,0.20928333333333335,0.05129333333333333,0.15799666666666662,0.11641666666666667,0.07274666666666667,2.002666666666667,0.028413333333333336,0.07762666666666668,34.547333333333334,0.16233333333333336,0.33283999999999997,48.66,0.08096666666666666,0.11454333333333334,70.60133333333333,0.0,0.04633333333333334,0.8506666666666666,0.0315,0.09833666666666667,0.3373333333333333,0.07274666666666667,0.0,0.56838
117,81,2002-12-25,1,1,2002-03,New Jersey Nets,Boston Celtics,1,0.48700333333333323,0.08311999999999999,0.31083333333333335,0.09303333333333333,0.21508,0.05604666666666666,0.15904333333333334,0.1141666666666667,0.07766333333333333,1.574,0.02771333333333333,0.06775,38.69200000000001,0.15541333333333332,0.3414133333333333,45.54533333333333,0.09303333333333333,0.12396666666666666,74.69,0.0,0.04782666666666666,0.6266666666666666,0.030166666666666668,0.10487666666666669,0.2946666666666667,0.07766333333333333,0.0,0.5596266666666667,0.49100666666666665,0.1406233333333333,0.25458333333333333,0.09579333333333334,0.21816333333333332,0.057923333333333334,0.16025666666666666,0.09770333333333334,0.07279666666666666,1.3900000000000001,0.04687666666666667,0.13516333333333333,34.99333333333334,0.12729333333333331,0.27570333333333336,46.45333333333334,0.09579333333333334,0.13349999999999998,71.02866666666668,0.0,0.05424666666666666,0.7759999999999998,0.021540000000000004,0.11220999999999999,0.20533333333333334,0.07279666666666666,0.0,0.5354500000000001
104,99,2002-12-25,1,1,2002-03,Orlando Magic,Detroit Pistons,1,0.4705766666666667,0.09163,0.2850833333333334,0.09387333333333334,0.21736999999999998,0.06279666666666667,0.15458,0.09474666666666666,0.07387,1.3966666666666667,0.03053666666666667,0.08250333333333333,36.17666666666666,0.1425433333333333,0.33332666666666666,42.82333333333334,0.09387333333333334,0.12049666666666665,78.654,0.0,0.03987333333333334,0.5853333333333334,0.020286666666666665,0.11045333333333335,0.19133333333333338,0.07387,0.0,0.49962333333333336,0.4380033333333334,0.092,0.26358333333333334,0.08241666666666667,0.1987066666666667,0.05208000000000001,0.14662333333333333,0.10049333333333332,0.07266666666666666,1.5493333333333335,0.03066666666666667,0.08141,37.42066666666666,0.13179666666666665,0.2899233333333333,45.72466666666667,0.08241666666666667,0.11242333333333333,72.644,0.0,0.03325333333333333,0.522,0.03200666666666666,0.10858666666666668,0.30999999999999994,0.07266666666666666,0.0,0.49092
81,83,2002-12-26,1,1,2002-03,New Orleans Hornets,Dallas Mavericks,0,0.47713,0.08125,0.30283333333333334,0.09303666666666667,0.19896333333333333,0.05441666666666667,0.14454,0.11270666666666668,0.06859,1.8026666666666664,0.027083333333333334,0.07033666666666667,40.167333333333325,0.15142000000000003,0.33091666666666664,45.68533333333334,0.09303666666666667,0.12192,75.65533333333335,0.0,0.04525333333333333,0.7106666666666667,0.020586666666666663,0.10475333333333335,0.2006666666666667,0.06859,0.0,0.5344133333333333,0.5240433333333333,0.11987999999999999,0.3055,0.09865666666666667,0.22007666666666667,0.055790000000000006,0.16428666666666672,0.10712333333333336,0.059756666666666666,1.9226666666666665,0.039953333333333334,0.09929333333333332,40.77,0.15275333333333335,0.3267466666666667,46.77933333333333,0.09865666666666667,0.11542333333333334,84.47866666666667,0.0,0.043753333333333325,0.7900000000000001,0.02738,0.10578666666666667,0.2693333333333333,0.059756666666666666,0.0,0.6125399999999999
97,88,2002-12-26,1,1,2002-03,Seattle SuperSonics,Toronto Raptors,1,0.47000000000000003,0.07125000000000001,0.32375000000000004,0.07499999999999998,0.20640666666666665,0.060253333333333346,0.14616333333333334,0.11120666666666669,0.06067666666666667,1.942,0.023750000000000004,0.06800666666666665,35.13466666666666,0.16187333333333334,0.3502933333333333,46.19533333333334,0.07499999999999998,0.10637333333333333,71.03800000000001,0.0,0.04607666666666667,0.82,0.018,0.09921,0.18333333333333332,0.06067666666666667,0.0,0.5270000000000001,0.4469533333333333,0.08061333333333334,0.28575,0.08057333333333333,0.19999666666666668,0.06138666666666667,0.13862,0.09149666666666668,0.06966666666666668,1.408,0.026886666666666666,0.08050333333333334,33.75533333333333,0.1428833333333333,0.3237133333333333,44.14399999999999,0.08057333333333333,0.11204666666666667,72.13666666666667,0.0,0.03621,0.554,0.023710000000000002,0.10353666666666665,0.23,0.06966666666666668,0.0,0.46279666666666663
82,87,2002-12-26,1,1,2002-03,Washington Wizards,Detroit Pistons,0,0.44582999999999995,0.05387,0.30116666666666664,0.09079,0.19962333333333335,0.05571333333333333,0.1439166666666667,0.09683666666666665,0.07541999999999999,1.3999999999999997,0.017963333333333338,0.05279333333333333,34.16333333333333,0.15058000000000002,0.3277133333333334,46.08066666666666,0.09079,0.12091666666666666,75.49199999999999,0.0,0.037246666666666664,0.5253333333333333,0.023083333333333334,0.10619666666666665,0.21866666666666668,0.07541999999999999,0.0,0.48512333333333335,0.4422100000000001,0.09387666666666666,0.26433333333333336,0.08400000000000002,0.19874666666666663,0.05258,0.14616333333333337,0.10132666666666665,0.07133333333333332,1.5953333333333335,0.031290000000000005,0.08182333333333333,37.95666666666668,0.13216999999999998,0.29150666666666664,45.605999999999995,0.08400000000000002,0.11396333333333335,72.972,0.0,0.03325333333333333,0.5320000000000001,0.03192,0.10904666666666668,0.3086666666666666,0.07133333333333332,0.0,0.4962933333333333
83,99,2002-12-27,1,1,2002-03,Houston Rockets,New York Knicks,0,0.45729333333333333,0.06887333333333333,0.29774999999999996,0.09067000000000001,0.22574333333333332,0.06296333333333333,0.1627866666666667,0.09666333333333334,0.08283333333333333,1.2680000000000002,0.02296,0.06496333333333333,33.501999999999995,0.14887,0.32616666666666666,45.798,0.09067000000000001,0.12104333333333334,75.13066666666667,0.0,0.03746666666666666,0.46333333333333326,0.031580000000000004,0.09117,0.4080000000000001,0.08283333333333333,0.0,0.5162566666666667,0.46775333333333335,0.09375333333333333,0.28950000000000004,0.08450333333333333,0.20334000000000002,0.05583666666666667,0.14749666666666666,0.10296,0.07620999999999999,1.4246666666666665,0.031246666666666666,0.08546000000000001,36.132666666666665,0.1447466666666667,0.31879,45.580000000000005,0.08450333333333333,0.10745,78.80333333333333,0.0,0.03249333333333334,0.46133333333333326,0.018289999999999997,0.11837000000000002,0.15733333333333333,0.07620999999999999,0.0,0.4974100000000001
101,96,2002-12-27,1,1,2002-03,Golden State Warriors,Toronto Raptors,1,0.49699666666666664,0.07287333333333333,0.2994166666666667,0.12470666666666667,0.23791333333333334,0.08296666666666666,0.15496,0.10533666666666665,0.08625000000000001,1.2633333333333332,0.02429333333333333,0.07005,35.37200000000001,0.14971000000000004,0.34008333333333335,44.03600000000001,0.12470666666666667,0.16404,75.55,0.0,0.04008333333333334,0.46866666666666673,0.03312333333333333,0.11654333333333332,0.29200000000000004,0.08625000000000001,0.0,0.5517433333333334,0.44712,0.08198666666666667,0.28524999999999995,0.07986333333333334,0.20016333333333336,0.061513333333333337,0.1386633333333333,0.09249666666666669,0.06920666666666668,1.4293333333333331,0.027346666666666665,0.08129333333333331,33.842,0.14263666666666666,0.32338,44.11666666666667,0.07986333333333334,0.11159000000000001,71.74399999999999,0.0,0.03571,0.5493333333333333,0.02345666666666667,0.10328333333333334,0.2286666666666667,0.06920666666666668,0.0,0.46334
100,113,2002-12-27,1,1,2002-03,Chicago Bulls,Minnesota Timberwolves,0,0.4662899999999999,0.04936666666666666,0.3230833333333333,0.09383,0.20475333333333337,0.061163333333333327,0.14358333333333334,0.10220666666666665,0.08286666666666666,1.3039999999999996,0.016466666666666664,0.05337333333333334,28.815333333333335,0.16154333333333337,0.3528833333333334,46.03333333333334,0.09383,0.12962333333333334,72.70733333333334,0.0,0.03983,0.508,0.02562333333333333,0.11549666666666666,0.22533333333333333,0.08286666666666666,0.0,0.49178999999999995,0.4841733333333333,0.03750333333333333,0.3575,0.08915999999999999,0.22283000000000006,0.06704333333333334,0.15579666666666667,0.12121,0.06995666666666668,1.8093333333333335,0.012496666666666666,0.03713333333333334,31.389999999999997,0.17875333333333335,0.38534,46.524666666666675,0.08915999999999999,0.12224333333333334,73.39533333333334,0.0,0.032996666666666674,0.47600000000000003,0.02904333333333333,0.10787333333333335,0.282,0.06995666666666668,0.0,0.5560066666666666
89,113,2002-12-27,1,1,2002-03,Cleveland Cavaliers,Indiana Pacers,0,0.47430000000000005,0.06125000000000001,0.3091666666666667,0.10387666666666666,0.21155,0.06750333333333332,0.14403333333333335,0.10092,0.08712333333333332,1.238,0.02041666666666667,0.05541666666666667,35.56866666666666,0.15458000000000002,0.35508333333333336,43.51133333333333,0.10387666666666666,0.14157999999999998,73.91133333333333,0.0,0.03809,0.48200000000000004,0.029746666666666668,0.11287333333333333,0.27133333333333337,0.08712333333333332,0.0,0.49424999999999997,0.4955,0.06612666666666667,0.32141666666666663,0.10795333333333333,0.21766666666666667,0.061746666666666665,0.15591666666666668,0.11216,0.08138,1.4113333333333336,0.022040000000000004,0.060283333333333335,34.98533333333334,0.16071000000000002,0.3420033333333333,46.81733333333332,0.10795333333333333,0.14212666666666665,75.70933333333332,0.0,0.03837666666666668,0.48533333333333334,0.024630000000000003,0.12124666666666668,0.206,0.08138,0.0,0.5532466666666667
99,86,2002-12-27,1,1,2002-03,Memphis Grizzlies,Orlando Magic,1,0.47474333333333335,0.08287666666666668,0.3031666666666667,0.08871000000000001,0.20276333333333338,0.05592,0.14682666666666666,0.11450000000000002,0.08433333333333334,1.5106666666666668,0.027623333333333333,0.07182333333333334,38.965999999999994,0.15158000000000002,0.3235766666666666,47.26599999999999,0.08871000000000001,0.11562333333333336,77.73933333333333,0.0,0.035756666666666666,0.45133333333333336,0.03266666666666667,0.10271666666666665,0.33,0.08433333333333334,0.0,0.53296,0.47020333333333336,0.09225666666666665,0.28341666666666665,0.09454000000000001,0.21783000000000002,0.06271333333333333,0.15512,0.09437333333333335,0.07390999999999999,1.3880000000000001,0.030743333333333338,0.08267,36.583999999999996,0.14170999999999997,0.3332833333333334,42.542,0.09454000000000001,0.12133000000000001,78.512,0.0,0.04078666666666667,0.5986666666666666,0.01966,0.11091333333333335,0.18533333333333335,0.07390999999999999,0.0,0.4986666666666667
103,98,2002-12-27,1,1,2002-03,Portland Trail Blazers,Utah Jazz,1,0.45987666666666666,0.06775666666666666,0.31308333333333327,0.07905000000000001,0.2143366666666667,0.061540000000000004,0.15279666666666666,0.11592,0.07796333333333333,1.5493333333333335,0.02257666666666667,0.06533333333333333,35.949333333333335,0.15654333333333334,0.3294166666666667,47.774,0.07905000000000001,0.11028666666666666,72.54333333333334,0.0,0.04116333333333333,0.5559999999999999,0.023373333333333333,0.09971000000000001,0.25733333333333336,0.07796333333333333,0.0,0.5298266666666667,0.47909000000000007,0.04112333333333334,0.3243333333333333,0.11362666666666667,0.21862333333333334,0.06375333333333333,0.15487333333333334,0.12578999999999999,0.09238,1.4406666666666665,0.01371,0.03654333333333334,35.464666666666666,0.16217,0.3364166666666667,48.550666666666665,0.11362666666666667,0.14766333333333334,76.64200000000001,0.0,0.04107,0.45199999999999996,0.027336666666666672,0.11837333333333332,0.24333333333333337,0.09238,0.0,0.5684133333333333
108,95,2002-12-27,1,1,2002-03,Phoenix Suns,Los Angeles Clippers,1,0.4601633333333333,0.06312666666666668,0.3214166666666667,0.07562666666666666,0.22353666666666663,0.07492,0.14861666666666667,0.10033666666666666,0.08187333333333334,1.3106666666666666,0.02104,0.06862666666666666,31.14933333333333,0.16070333333333334,0.36337333333333344,44.35533333333333,0.07562666666666666,0.10429,73.73866666666666,0.0,0.04316999999999999,0.5413333333333334,0.025496666666666667,0.11074666666666667,0.238,0.08187333333333334,0.0,0.49190666666666666,0.46299999999999997,0.06525666666666666,0.29558333333333336,0.10216333333333333,0.20487666666666668,0.055876666666666665,0.149,0.09855,0.08432999999999999,1.2493333333333332,0.021743333333333337,0.07612666666666668,28.36666666666667,0.14779,0.3118666666666667,47.514,0.10216333333333333,0.13175,77.448,0.0,0.03967666666666667,0.4813333333333334,0.02987,0.10879,0.284,0.08432999999999999,0.0,0.5035833333333334
110,90,2002-12-27,1,1,2002-03,New Jersey Nets,Milwaukee Bucks,1,0.48733666666666664,0.08211999999999998,0.31224999999999997,0.09295333333333332,0.21458000000000002,0.05625333333333334,0.15833666666666665,0.11446,0.07708,1.582,0.02738,0.06766666666666667,38.11,0.15612333333333334,0.34191333333333335,45.672666666666665,0.09295333333333332,0.1238,74.828,0.0,0.047326666666666656,0.624,0.030000000000000006,0.10600000000000001,0.2906666666666667,0.07708,0.0,0.5597066666666667,0.49554333333333334,0.10137666666666666,0.30008333333333326,0.09407666666666666,0.20771000000000003,0.058289999999999995,0.14942,0.10887666666666668,0.06362666666666666,1.768,0.03379000000000001,0.08879,37.227999999999994,0.15003333333333332,0.32425333333333334,46.236,0.09407666666666666,0.12425,75.51866666666665,0.0,0.040086666666666666,0.6453333333333334,0.022546666666666666,0.11679666666666665,0.20066666666666666,0.06362666666666666,0.0,0.5517466666666667
90,70,2002-12-27,1,1,2002-03,Miami Heat,Boston Celtics,1,0.42407666666666677,0.07075666666666666,0.28191666666666665,0.07141333333333333,0.21375,0.06624999999999999,0.1475,0.09004,0.07049,1.358666666666667,0.023576666666666673,0.07458333333333332,31.56933333333333,0.14094666666666666,0.33411333333333343,42.233333333333334,0.07141333333333333,0.09629,73.79066666666668,0.0,0.03604333333333333,0.5379999999999999,0.017586666666666664,0.11716333333333333,0.154,0.07049,0.0,0.4419566666666667,0.49179666666666666,0.13899999999999998,0.2554166666666667,0.09737666666666667,0.21654,0.05663000000000001,0.15992333333333333,0.09741333333333335,0.07208666666666666,1.3933333333333333,0.04633333333333334,0.13433,34.776,0.12771333333333332,0.27449666666666667,46.774,0.09737666666666667,0.13529,71.316,0.0,0.05416333333333333,0.7813333333333332,0.020873333333333337,0.11241666666666666,0.19866666666666666,0.07208666666666666,0.0,0.5359933333333333
81,79,2002-12-27,1,1,2002-03,Atlanta Hawks,San Antonio Spurs,1,0.47633333333333333,0.08412333333333336,0.29175,0.10045666666666665,0.22845666666666667,0.06678666666666667,0.16166666666666665,0.10400000000000001,0.08837999999999999,1.2726666666666664,0.02804333333333334,0.07941,36.21666666666667,0.14588,0.3186666666666666,45.574,0.10045666666666665,0.13038,76.73866666666666,0.0,0.03574333333333333,0.41600000000000004,0.027953333333333337,0.11212666666666665,0.2573333333333333,0.08837999999999999,0.0,0.53004,0.45970666666666665,0.08987666666666667,0.2831666666666666,0.08666,0.21833333333333327,0.055880000000000006,0.16245333333333337,0.09283666666666669,0.08163333333333332,1.232,0.029956666666666666,0.08354,33.553999999999995,0.14159000000000002,0.29666,48.00933333333333,0.08666,0.12671333333333332,68.92533333333334,0.0,0.03229,0.45133333333333336,0.03816666666666667,0.10583666666666666,0.374,0.08163333333333332,0.0,0.5109966666666668
106,82,2002-12-28,1,1,2002-03,Detroit Pistons,Minnesota Timberwolves,1,0.4469166666666667,0.09525333333333333,0.26616666666666666,0.08549999999999999,0.19882999999999998,0.05283000000000001,0.1459966666666667,0.10253666666666666,0.07008,1.64,0.03174666666666667,0.08244999999999998,38.232,0.13308666666666666,0.29329666666666665,45.634,0.08549999999999999,0.11533666666666667,73.35733333333334,0.0,0.03333666666666667,0.5426666666666667,0.03187666666666667,0.11000666666666666,0.30533333333333335,0.07008,0.0,0.50267,0.4830466666666666,0.03825,0.3568333333333333,0.08795333333333334,0.22237333333333337,0.06737666666666665,0.15500333333333333,0.12262333333333332,0.07012333333333333,1.8313333333333335,0.012750000000000001,0.03784333333333333,31.65733333333333,0.17842,0.38450666666666666,46.54600000000001,0.08795333333333334,0.12041,73.59266666666666,0.0,0.032830000000000005,0.4733333333333334,0.029503333333333333,0.10816333333333335,0.2859999999999999,0.07012333333333333,0.0,0.55663
84,76,2002-12-28,1,1,2002-03,Washington Wizards,Atlanta Hawks,1,0.44449666666666665,0.05374333333333334,0.30166666666666664,0.08908000000000002,0.1999166666666667,0.055753333333333335,0.14416666666666667,0.09787666666666667,0.07512666666666666,1.422666666666666,0.017923333333333336,0.05292,34.410666666666664,0.15082666666666666,0.32779666666666674,46.142666666666656,0.08908000000000002,0.11879,75.54533333333333,0.0,0.03703666666666667,0.5253333333333334,0.023043333333333336,0.10582333333333332,0.21933333333333332,0.07512666666666666,0.0,0.48558,0.4738333333333333,0.08424999999999999,0.29,0.09958333333333334,0.22687000000000002,0.06654,0.16033333333333336,0.1035,0.08766999999999998,1.2786666666666666,0.02808333333333334,0.07911666666666668,36.21933333333334,0.14500666666666667,0.3175833333333333,45.48,0.09958333333333334,0.12929666666666667,76.58333333333333,0.0,0.03520333333333333,0.4153333333333334,0.027493333333333335,0.11212666666666667,0.254,0.08766999999999998,0.0,0.5259133333333332
98,69,2002-12-28,1,1,2002-03,Utah Jazz,Philadelphia 76ers,1,0.48000999999999994,0.04237333333333334,0.32450000000000007,0.11312666666666665,0.21820333333333333,0.06350333333333333,0.15470666666666666,0.12670666666666666,0.09200666666666667,1.4493333333333334,0.01412666666666667,0.036833333333333336,36.44133333333333,0.16225333333333333,0.33682999999999996,48.519999999999996,0.11312666666666665,0.14616333333333334,77.25,0.0,0.04227666666666666,0.46733333333333327,0.02725666666666667,0.11791666666666666,0.24333333333333335,0.09200666666666667,0.0,0.5721233333333333,0.4704933333333333,0.05013333333333333,0.33058333333333334,0.08979666666666668,0.20028999999999997,0.05637333333333334,0.14391333333333337,0.10479333333333332,0.07437666666666667,1.5406666666666664,0.0167,0.05450666666666667,30.970666666666666,0.16529333333333335,0.3462933333333334,47.946,0.08979666666666668,0.12012333333333335,74.56999999999998,0.0,0.048580000000000005,0.7226666666666667,0.020246666666666673,0.10953666666666667,0.19133333333333333,0.07437666666666667,0.0,0.52092
92,99,2002-12-28,1,1,2002-03,Los Angeles Clippers,Golden State Warriors,0,0.46275333333333335,0.06688000000000001,0.29425,0.10162333333333333,0.20495999999999998,0.056793333333333335,0.14816666666666667,0.09779666666666667,0.08387333333333333,1.2446666666666666,0.02228666666666667,0.07691666666666667,28.682000000000002,0.14712333333333336,0.3117,47.32266666666667,0.10162333333333333,0.13079000000000005,77.59199999999997,0.0,0.03951,0.4833333333333334,0.029870000000000004,0.10783333333333332,0.2853333333333333,0.08387333333333333,0.0,0.5026266666666667,0.49720333333333333,0.075,0.2986666666666667,0.12354,0.23691333333333334,0.08254666666666667,0.15437333333333333,0.10508333333333333,0.08612666666666667,1.2653333333333334,0.025,0.07096333333333334,36.101333333333336,0.14933333333333335,0.3386233333333334,44.122,0.12354,0.16345666666666667,75.02333333333334,0.0,0.03987666666666667,0.4686666666666667,0.032663333333333336,0.11658333333333332,0.28733333333333333,0.08612666666666667,0.0,0.5504533333333334
107,82,2002-12-28,1,1,2002-03,Dallas Mavericks,New York Knicks,1,0.5246666666666666,0.12087999999999997,0.3043333333333333,0.09945,0.21870333333333336,0.05633333333333334,0.16237000000000001,0.10633000000000002,0.05921333333333333,1.895333333333333,0.040286666666666665,0.10108666666666664,40.232,0.15216666666666664,0.3259566666666666,46.66866666666667,0.09945,0.11608999999999998,84.68266666666666,0.0,0.04362666666666667,0.7853333333333333,0.02783666666666667,0.10728666666666668,0.26866666666666666,0.05921333333333333,0.0,0.6107466666666669,0.46758666666666665,0.09762999999999998,0.2856666666666667,0.08429333333333333,0.20300666666666664,0.05533666666666667,0.14766333333333334,0.103,0.07591666666666666,1.434,0.032536666666666665,0.08679333333333333,37.16666666666667,0.14283,0.31571,45.432,0.08429333333333333,0.10703666666666667,78.86999999999999,0.0,0.031700000000000006,0.45199999999999996,0.018249999999999995,0.11657666666666668,0.1593333333333333,0.07591666666666666,0.0,0.4977433333333333
93,112,2002-12-28,1,1,2002-03,Denver Nuggets,Los Angeles Lakers,0,0.40497,0.05599,0.27708333333333335,0.07187666666666666,0.20292000000000002,0.06679666666666667,0.13612999999999997,0.09516333333333332,0.09852666666666667,1.1039999999999999,0.018676666666666668,0.06086666666666665,28.76866666666667,0.13854,0.3406633333333334,40.666666666666664,0.07187666666666666,0.10575333333333334,67.20066666666666,0.0,0.04596333333333333,0.49999999999999994,0.02396,0.13262333333333337,0.188,0.09852666666666667,0.0,0.39620000000000016,0.48374666666666666,0.07762000000000001,0.31825,0.08788,0.22675666666666672,0.06303333333333333,0.1637066666666667,0.11546000000000002,0.08184,1.5513333333333335,0.025880000000000004,0.07437333333333333,35.048,0.15912999999999997,0.33829,47.436666666666675,0.08788,0.12812666666666667,68.202,0.0,0.03708333333333333,0.464,0.027416666666666662,0.11628666666666668,0.252,0.08184,0.0,0.5407166666666666
113,119,2002-12-28,1,1,2002-03,Sacramento Kings,Portland Trail Blazers,0,0.48925333333333326,0.08425333333333333,0.32516666666666666,0.07984,0.2097433333333333,0.05112666666666667,0.1586233333333333,0.11612333333333333,0.07141333333333334,2.074666666666667,0.028080000000000004,0.07729333333333335,34.30866666666667,0.16258333333333339,0.3341733333333333,48.537333333333336,0.07984,0.11308333333333333,70.49933333333334,0.0,0.045916666666666675,0.882,0.03162333333333333,0.09825333333333335,0.3386666666666666,0.07141333333333334,0.0,0.5672133333333333,0.4618366666666667,0.06900333333333333,0.3138333333333333,0.07900666666666667,0.21391666666666667,0.061496666666666665,0.15242333333333333,0.11637666666666666,0.07746333333333331,1.5693333333333332,0.022996666666666665,0.06699999999999999,35.568666666666665,0.15692000000000003,0.3293333333333333,47.928,0.07900666666666667,0.11066333333333334,72.19066666666667,0.0,0.04195333333333333,0.5706666666666667,0.023459999999999998,0.09954333333333333,0.2586666666666667,0.07746333333333331,0.0,0.5319933333333333
91,84,2002-12-28,1,1,2002-03,Indiana Pacers,New Orleans Hornets,1,0.49666666666666676,0.06737666666666667,0.31791666666666674,0.11137333333333332,0.21687333333333336,0.06232666666666667,0.15454333333333334,0.11066,0.08138,1.3973333333333333,0.02245666666666667,0.06170333333333333,35.192666666666675,0.1589566666666667,0.3388766666666666,46.730666666666664,0.11137333333333332,0.14675,75.606,0.0,0.03866666666666666,0.4893333333333334,0.024130000000000002,0.12129000000000002,0.202,0.08138,0.0,0.55108,0.4767133333333334,0.08262666666666665,0.30075,0.09332666666666666,0.19725666666666666,0.05366666666666666,0.14357999999999999,0.11166666666666666,0.06809,1.7979999999999998,0.027540000000000002,0.07158333333333333,40.21799999999999,0.1503766666666667,0.32929333333333327,45.582,0.09332666666666666,0.12229666666666664,75.37533333333332,0.0,0.045376666666666655,0.7166666666666667,0.020506666666666663,0.10600333333333337,0.196,0.06809,0.0,0.5315
101,95,2002-12-28,1,1,2002-03,Orlando Magic,Boston Celtics,1,0.47129,0.09301,0.28225000000000006,0.09604,0.21749666666666664,0.06275333333333333,0.15474333333333332,0.09425000000000001,0.07311999999999999,1.3980000000000001,0.030990000000000004,0.08346,36.878,0.14112666666666668,0.3328666666666667,42.40533333333334,0.09604,0.12291666666666666,78.54133333333333,0.0,0.041746666666666675,0.618,0.01899333333333333,0.11120333333333333,0.17866666666666664,0.07311999999999999,0.0,0.49958,0.4907566666666667,0.13724666666666666,0.255,0.0985,0.21470666666666668,0.05533666666666668,0.15938000000000002,0.09653666666666667,0.07171333333333334,1.3833333333333335,0.04575333333333334,0.13324666666666668,34.57533333333334,0.12750333333333333,0.27308,46.89,0.0985,0.13645666666666667,71.55066666666669,0.0,0.05345666666666666,0.7753333333333333,0.02029,0.11233333333333335,0.19333333333333336,0.07171333333333334,0.0,0.5329933333333333
96,104,2002-12-28,1,1,2002-03,Milwaukee Bucks,New Jersey Nets,0,0.49716666666666665,0.10150333333333333,0.29941666666666666,0.09624333333333333,0.20808333333333334,0.058039999999999994,0.15004333333333336,0.10966666666666666,0.06341999999999999,1.788,0.033830000000000006,0.08908333333333335,37.124,0.1497,0.3237966666666667,46.19199999999999,0.09624333333333333,0.1256233333333333,76.34066666666668,0.0,0.04013,0.6493333333333334,0.022670000000000003,0.11666999999999998,0.20199999999999999,0.06341999999999999,0.0,0.5555800000000001,0.4885433333333332,0.08074333333333335,0.3140833333333334,0.09370333333333332,0.21412,0.056420000000000005,0.15771333333333332,0.11500333333333336,0.07637333333333333,1.5979999999999999,0.026923333333333334,0.06753999999999999,37.35133333333333,0.1570433333333333,0.34203999999999996,45.913333333333334,0.09370333333333332,0.12463333333333333,75.104,0.0,0.047159999999999994,0.6286666666666665,0.029586666666666667,0.10746000000000003,0.28400000000000003,0.07637333333333333,0.0,0.5614966666666668
95,109,2002-12-28,1,1,2002-03,Chicago Bulls,San Antonio Spurs,0,0.46620333333333336,0.05049333333333333,0.32175,0.09395666666666667,0.20633666666666664,0.06037333333333334,0.14595666666666665,0.1025,0.08249333333333332,1.313333333333333,0.01684,0.05429333333333333,28.848000000000006,0.16087666666666667,0.35105,46.058,0.09395666666666667,0.12957999999999997,72.91666666666667,0.0,0.039583333333333325,0.5066666666666667,0.026496666666666672,0.11620333333333335,0.23066666666666663,0.08249333333333332,0.0,0.49537666666666663,0.45991333333333334,0.08650000000000002,0.28683333333333333,0.08658000000000002,0.21866666666666668,0.05546333333333333,0.16320666666666667,0.09146333333333335,0.08175666666666667,1.2086666666666666,0.028833333333333332,0.0825,32.51133333333333,0.14342333333333335,0.29782666666666663,48.444666666666656,0.08658000000000002,0.12596,69.29866666666666,0.0,0.03133333333333333,0.4406666666666667,0.03883333333333334,0.10604333333333334,0.38,0.08175666666666667,0.0,0.5109966666666667
104,88,2002-12-29,1,1,2002-03,Los Angeles Lakers,Toronto Raptors,1,0.48558,0.07862,0.31758333333333333,0.08937999999999999,0.22700333333333333,0.06349333333333333,0.16349666666666665,0.11592,0.08196666666666666,1.5446666666666669,0.026213333333333335,0.07491333333333333,35.25266666666666,0.15879666666666667,0.3370433333333334,47.50866666666666,0.08937999999999999,0.13029333333333332,68.17333333333333,0.0,0.03633666666666667,0.4486666666666667,0.02729,0.11658,0.2493333333333334,0.08196666666666666,0.0,0.5423033333333332,0.44749333333333335,0.08311333333333334,0.2853333333333333,0.07903,0.20079000000000002,0.061553333333333335,0.13924666666666669,0.09328666666666668,0.06870666666666668,1.446,0.027719999999999998,0.08183333333333334,33.934,0.14267666666666667,0.3232933333333333,44.15266666666667,0.07903,0.11104666666666665,71.26533333333332,0.0,0.034999999999999996,0.5406666666666667,0.023036666666666667,0.10365666666666667,0.2246666666666667,0.06870666666666668,0.0,0.4641733333333333
84,103,2002-12-29,1,1,2002-03,Cleveland Cavaliers,Phoenix Suns,0,0.47917666666666664,0.06462666666666668,0.3100833333333333,0.10446,0.21342333333333335,0.06804333333333332,0.1453666666666667,0.10112666666666664,0.08666666666666666,1.2433333333333334,0.02154,0.057793333333333335,36.589999999999996,0.15504,0.35387666666666673,43.80133333333333,0.10446,0.14262333333333335,73.72066666666666,0.0,0.03796333333333333,0.48466666666666675,0.03062,0.11333333333333331,0.27666666666666667,0.08666666666666666,0.0,0.5023766666666666,0.4639166666666667,0.06600333333333333,0.3225833333333333,0.07533333333333332,0.22482999999999997,0.07533666666666666,0.14949333333333334,0.10125,0.08124999999999999,1.3313333333333333,0.021996666666666668,0.07004666666666666,31.897333333333332,0.16128666666666666,0.36300000000000004,44.56600000000001,0.07533333333333332,0.10387666666666666,73.79199999999999,0.0,0.04287666666666666,0.5406666666666667,0.024916666666666667,0.11004000000000001,0.23333333333333334,0.08124999999999999,0.0,0.49824
97,85,2002-12-29,1,1,2002-03,Houston Rockets,New Orleans Hornets,1,0.4584166666666667,0.07,0.29675,0.09166999999999999,0.22653666666666664,0.06362999999999998,0.16291000000000003,0.09674666666666666,0.08308333333333333,1.2639999999999998,0.02333333333333333,0.06634000000000001,33.466,0.14837,0.32541333333333333,45.792,0.09166999999999999,0.12125333333333331,75.828,0.0,0.03767333333333333,0.4646666666666666,0.032163333333333335,0.09091666666666667,0.41400000000000003,0.08308333333333333,0.0,0.51884,0.47512666666666675,0.08312666666666665,0.2981666666666667,0.09382666666666667,0.19654666666666668,0.05304333333333333,0.14349666666666666,0.11012333333333334,0.06805,1.7733333333333332,0.02770666666666667,0.07212333333333334,40.10533333333333,0.14908666666666667,0.3281266666666667,45.33666666666667,0.09382666666666667,0.12279666666666665,75.22533333333332,0.0,0.04520999999999999,0.7153333333333334,0.02021333333333333,0.10725333333333334,0.18933333333333333,0.06805,0.0,0.5267499999999999
77,79,2002-12-30,1,1,2002-03,Denver Nuggets,Seattle SuperSonics,0,0.4078866666666666,0.057863333333333336,0.2779166666666667,0.07208333333333333,0.20129666666666665,0.06554666666666668,0.13575666666666664,0.09658333333333333,0.09715,1.1373333333333333,0.019303333333333332,0.06261999999999998,29.09333333333334,0.13895333333333335,0.33883,40.99533333333333,0.07208333333333333,0.10608666666666666,67.28533333333333,0.0,0.04575666666666667,0.5066666666666666,0.02383333333333333,0.13258333333333336,0.18666666666666665,0.09715,0.0,0.40095333333333344,0.46871,0.07024999999999999,0.32366666666666666,0.07479333333333334,0.20736666666666667,0.06121,0.14616333333333334,0.11000000000000003,0.061386666666666666,1.9053333333333333,0.023416666666666672,0.06804999999999999,34.806,0.16183333333333333,0.3497066666666667,46.26066666666667,0.07479333333333334,0.10641666666666666,70.93466666666667,0.0,0.04612000000000001,0.814,0.017746666666666668,0.09929333333333336,0.18,0.061386666666666666,0.0,0.5244566666666668
74,85,2002-12-30,1,1,2002-03,Detroit Pistons,Portland Trail Blazers,0,0.4516666666666667,0.09675333333333332,0.26725,0.08766666666666666,0.19841333333333333,0.05295666666666667,0.14545333333333335,0.10366333333333334,0.06899666666666665,1.68,0.03224666666666667,0.08315999999999998,38.51866666666667,0.13363,0.29463,45.598,0.08766666666666666,0.11704666666666667,74.06266666666667,0.0,0.03325,0.548,0.031626666666666664,0.11137999999999999,0.29999999999999993,0.06899666666666665,0.0,0.5083366666666667,0.46425,0.07025666666666666,0.3144166666666666,0.07959,0.21308333333333335,0.06145333333333333,0.15163333333333334,0.11695666666666667,0.07738,1.5826666666666669,0.023409999999999997,0.06862333333333333,35.242,0.15721000000000002,0.3291233333333333,48.07333333333334,0.07959,0.11153999999999999,72.02266666666667,0.0,0.04291333333333334,0.5846666666666667,0.023206666666666664,0.10041999999999998,0.2540000000000001,0.07738,0.0,0.53395
107,85,2002-12-30,1,1,2002-03,Utah Jazz,Toronto Raptors,1,0.4799233333333333,0.04412666666666667,0.32241666666666663,0.11337666666666667,0.21782666666666664,0.06337666666666666,0.1544533333333333,0.12683000000000003,0.09117333333333336,1.4553333333333331,0.014706666666666668,0.03745666666666667,37.67466666666667,0.16121333333333332,0.33682999999999996,48.18933333333333,0.11337666666666667,0.14574666666666666,77.77733333333335,0.0,0.04319333333333333,0.482,0.027256666666666672,0.11725,0.24466666666666673,0.09117333333333336,0.0,0.5731233333333333,0.44853666666666664,0.08536666666666667,0.28508333333333336,0.07807,0.20091666666666672,0.06184333333333334,0.13907999999999998,0.09383000000000001,0.06812333333333334,1.4613333333333332,0.028466666666666664,0.08295666666666665,34.24133333333334,0.14255,0.32316666666666666,44.14466666666667,0.07807,0.11000333333333331,70.94866666666667,0.0,0.03421,0.532,0.022703333333333336,0.10411666666666666,0.22133333333333335,0.06812333333333334,0.0,0.4650466666666667
104,98,2002-12-30,1,1,2002-03,Golden State Warriors,Philadelphia 76ers,1,0.49566,0.07612333333333332,0.297,0.12254000000000002,0.2354133333333333,0.08171333333333332,0.1537066666666666,0.10396000000000001,0.08612666666666667,1.2546666666666666,0.025376666666666665,0.07133666666666666,36.66666666666667,0.1485,0.33691333333333334,44.11266666666667,0.12254000000000002,0.16245666666666664,74.83533333333335,0.0,0.039670000000000004,0.4680000000000001,0.032080000000000004,0.11612666666666667,0.2826666666666667,0.08612666666666667,0.0,0.5463733333333334,0.4689533333333333,0.05013333333333333,0.32975,0.08908666666666668,0.20012333333333332,0.05616666666666666,0.14395666666666668,0.10504333333333332,0.07571,1.5106666666666666,0.0167,0.054673333333333345,30.61933333333333,0.16487666666666667,0.3453366666666667,47.97333333333333,0.08908666666666668,0.11995666666666668,74.11200000000001,0.0,0.048496666666666674,0.7100000000000001,0.020206666666666668,0.10937,0.19133333333333333,0.07571,0.0,0.5178333333333334
107,110,2002-12-30,1,1,2002-03,Dallas Mavericks,Milwaukee Bucks,0,0.5236666666666666,0.12175666666666665,0.3028333333333333,0.09907666666666667,0.21762333333333334,0.056499999999999995,0.16111666666666669,0.10591333333333335,0.05871333333333333,1.8746666666666667,0.040576666666666664,0.10258666666666666,39.71133333333333,0.15141333333333332,0.32533333333333325,46.494,0.09907666666666667,0.11563333333333332,84.73733333333334,0.0,0.0435,0.7799999999999999,0.028750000000000005,0.10866333333333335,0.27266666666666667,0.05871333333333333,0.0,0.6082900000000001,0.4979166666666666,0.10063000000000001,0.29991666666666666,0.09736666666666667,0.20812666666666665,0.057749999999999996,0.1503766666666667,0.11012666666666668,0.06308666666666667,1.8053333333333335,0.03353666666666666,0.08846000000000001,37.09133333333334,0.14995,0.3240466666666667,46.22133333333333,0.09736666666666667,0.12604333333333334,76.89266666666667,0.0,0.03988333333333334,0.65,0.022626666666666666,0.11658333333333333,0.202,0.06308666666666667,0.0,0.5579133333333334
96,95,2002-12-30,1,1,2002-03,New York Knicks,San Antonio Spurs,1,0.46787999999999996,0.10137666666666666,0.2826666666666667,0.08383666666666666,0.20313,0.05483666666666667,0.14828999999999998,0.10354333333333333,0.07575,1.448,0.03379,0.08808666666666667,38.10533333333333,0.14133,0.3130033333333333,45.36333333333334,0.08383666666666666,0.10653666666666667,78.71399999999998,0.0,0.030953333333333333,0.44133333333333324,0.018376666666666666,0.11574333333333332,0.16199999999999998,0.07575,0.0,0.49945333333333336,0.4595000000000001,0.08262666666666668,0.2903333333333333,0.08654000000000002,0.21820666666666666,0.055003333333333335,0.16320666666666667,0.09017333333333336,0.0818366666666667,1.1866666666666665,0.027540000000000002,0.08096,31.471999999999994,0.14517333333333332,0.29916000000000004,48.82266666666666,0.08654000000000002,0.12529333333333334,69.68133333333334,0.0,0.030666666666666665,0.43266666666666664,0.039246666666666666,0.10633666666666668,0.3826666666666666,0.0818366666666667,0.0,0.5097900000000001
102,88,2002-12-30,1,1,2002-03,New Jersey Nets,Cleveland Cavaliers,1,0.49071,0.07974333333333333,0.31625,0.09470333333333333,0.21341333333333334,0.05633333333333333,0.15708999999999998,0.11587999999999998,0.07537333333333332,1.628,0.026589999999999996,0.06720666666666666,36.889333333333326,0.1581233333333333,0.3419166666666667,46.24866666666666,0.09470333333333333,0.12596666666666667,75.32066666666668,0.0,0.04641333333333333,0.6266666666666667,0.02896,0.10850000000000001,0.2766666666666666,0.07537333333333332,0.0,0.56433,0.4835533333333333,0.06737666666666668,0.311,0.10517,0.21513000000000002,0.06866666666666665,0.14645000000000002,0.10125333333333333,0.08629,1.246,0.02245666666666667,0.06004,37.160666666666664,0.15549666666666667,0.3530866666666667,44.04333333333333,0.10517,0.14354000000000003,73.67466666666668,0.0,0.03813,0.49066666666666675,0.03128666666666667,0.11358666666666667,0.2806666666666666,0.08629,0.0,0.5095033333333333
104,98,2002-12-30,1,1,2002-03,Minnesota Timberwolves,Phoenix Suns,1,0.4842933333333333,0.039876666666666664,0.35699999999999993,0.08741333333333334,0.2222066666666667,0.06733333333333333,0.15488,0.12457999999999998,0.06995666666666667,1.872,0.01329,0.03884333333333334,32.42933333333333,0.17850666666666665,0.38363,46.678000000000004,0.08741333333333334,0.11945333333333334,73.78533333333333,0.0,0.03245666666666667,0.47,0.029749999999999995,0.10833000000000002,0.28733333333333333,0.06995666666666667,0.0,0.56063,0.4675433333333333,0.06962666666666667,0.3231666666666666,0.07475,0.22574666666666665,0.07512999999999999,0.15062,0.10287333333333334,0.08066666666666665,1.3633333333333333,0.023206666666666667,0.07167,32.89066666666667,0.16157999999999997,0.36195999999999995,44.77533333333334,0.07475,0.10291666666666667,73.88799999999999,0.0,0.04249999999999998,0.5386666666666666,0.02470666666666667,0.10937333333333334,0.23200000000000004,0.08066666666666665,0.0,0.5056966666666668
93,84,2002-12-30,1,1,2002-03,Miami Heat,Atlanta Hawks,1,0.4282833333333334,0.07138,0.2841666666666667,0.07274666666666667,0.21383,0.06629333333333333,0.14754333333333333,0.09041666666666667,0.07024333333333334,1.3706666666666665,0.02378666666666667,0.07412666666666666,31.914,0.14207333333333336,0.33444666666666667,42.52133333333333,0.07274666666666667,0.09795666666666668,73.784,0.0,0.03675333333333334,0.5493333333333332,0.01792,0.11662333333333333,0.15799999999999997,0.07024333333333334,0.0,0.4490433333333334,0.4703333333333334,0.08387333333333333,0.28924999999999995,0.09720666666666666,0.22516000000000005,0.06662,0.15854000000000001,0.10296,0.08692333333333332,1.2833333333333334,0.027960000000000002,0.07895,36.02866666666667,0.14463333333333334,0.31708333333333333,45.48333333333333,0.09720666666666666,0.12671,76.186,0.0,0.03503666666666667,0.41800000000000004,0.02741,0.11141666666666665,0.2546666666666667,0.08692333333333332,0.0,0.5210366666666666
112,95,2002-12-30,1,1,2002-03,Orlando Magic,Washington Wizards,1,0.47220666666666666,0.09288666666666666,0.2818333333333333,0.09749666666666669,0.21653999999999998,0.062336666666666665,0.15420333333333333,0.09467,0.07207666666666665,1.4220000000000002,0.03094666666666667,0.08408333333333333,36.904666666666664,0.14091666666666663,0.33224333333333333,42.42733333333333,0.09749666666666669,0.12416666666666668,78.75866666666667,0.0,0.04262,0.6393333333333333,0.018326666666666668,0.11149333333333332,0.17266666666666666,0.07207666666666665,0.0,0.5011633333333334,0.44379,0.053743333333333344,0.3015,0.08854000000000001,0.20012333333333332,0.05562666666666667,0.1445,0.09842,0.07500333333333334,1.4373333333333334,0.017923333333333336,0.05308666666666668,34.618,0.15074666666666667,0.3269633333333334,46.234,0.08854000000000001,0.11820333333333334,75.55799999999999,0.0,0.036743333333333336,0.5226666666666666,0.02325333333333333,0.10561666666666666,0.22200000000000003,0.07500333333333334,0.0,0.48628666666666664
105,103,2002-12-31,1,1,2002-03,Washington Wizards,San Antonio Spurs,1,0.4439566666666667,0.05412000000000001,0.3011666666666667,0.08866333333333333,0.20057999999999998,0.05533333333333334,0.14524666666666666,0.09875333333333332,0.07429333333333334,1.4646666666666666,0.018046666666666666,0.05304666666666667,34.90933333333334,0.15058,0.32604333333333335,46.30200000000001,0.08866333333333333,0.11853666666666668,75.55133333333333,0.0,0.03603666666666667,0.5186666666666667,0.023296666666666667,0.10544999999999999,0.22333333333333333,0.07429333333333334,0.0,0.48799333333333333,0.4594133333333333,0.07937333333333332,0.29324999999999996,0.08679000000000002,0.21758000000000002,0.05441666666666666,0.16316666666666668,0.08871333333333335,0.08146000000000002,1.1733333333333331,0.026459999999999997,0.07933333333333333,30.712666666666667,0.14662999999999998,0.3005366666666667,49.09333333333333,0.08679000000000002,0.12533666666666668,69.91399999999999,0.0,0.030166666666666665,0.43066666666666664,0.03945333333333333,0.10658333333333332,0.38333333333333336,0.08146000000000002,0.0,0.5085399999999999
96,89,2002-12-31,1,1,2002-03,Boston Celtics,Memphis Grizzlies,1,0.4892566666666667,0.13574666666666665,0.2533333333333333,0.10016666666666668,0.21258333333333335,0.053750000000000006,0.15883666666666668,0.09533,0.07113,1.3753333333333335,0.04525333333333334,0.13216,34.408666666666676,0.12667,0.27166,46.78333333333333,0.10016666666666668,0.13799999999999998,71.96666666666667,0.0,0.05249666666666667,0.7686666666666665,0.01999666666666667,0.11175333333333334,0.192,0.07113,0.0,0.5287833333333333,0.4768233333333333,0.08637666666666668,0.30225,0.08821,0.20297000000000004,0.05458666666666667,0.14836999999999997,0.11612666666666668,0.08416666666666668,1.5380000000000003,0.02879,0.07265666666666667,40.401333333333326,0.15112000000000003,0.32149666666666665,47.39733333333333,0.08821,0.11487333333333334,77.89933333333333,0.0,0.035089999999999996,0.44133333333333336,0.03179333333333333,0.10150666666666666,0.3253333333333333,0.08416666666666668,0.0,0.5377133333333333
86,89,2002-12-31,1,1,2002-03,New Orleans Hornets,Indiana Pacers,0,0.4738333333333334,0.08337666666666667,0.29616666666666663,0.09428666666666666,0.19667000000000004,0.05287666666666666,0.14378666666666667,0.10891333333333333,0.06800666666666667,1.7533333333333332,0.027790000000000002,0.07275000000000002,39.88866666666667,0.14808666666666667,0.32733666666666666,45.153999999999996,0.09428666666666666,0.12291999999999999,75.25733333333332,0.0,0.04471,0.7093333333333334,0.020046666666666664,0.10813,0.18533333333333332,0.06800666666666667,0.0,0.5233366666666667,0.49721,0.06899999999999999,0.31408333333333344,0.11412666666666667,0.21641666666666667,0.06303666666666667,0.15337666666666666,0.10920333333333332,0.08112666666666665,1.3893333333333335,0.023000000000000003,0.06341,35.45666666666668,0.15703666666666666,0.3358766666666666,46.58266666666666,0.11412666666666667,0.15075,75.41799999999999,0.0,0.03904,0.49600000000000005,0.02371333333333334,0.12082999999999999,0.19866666666666669,0.08112666666666665,0.0,0.54858
102,87,2002-12-31,1,1,2002-03,Chicago Bulls,Portland Trail Blazers,1,0.46570333333333325,0.05149333333333333,0.3211666666666666,0.09303999999999998,0.20813,0.059706666666666665,0.14841666666666667,0.103,0.08195333333333332,1.3306666666666667,0.017173333333333332,0.05520666666666667,29.002666666666663,0.16058666666666668,0.34996666666666665,46.076,0.09303999999999998,0.12870666666666666,72.74733333333333,0.0,0.03924999999999999,0.5066666666666666,0.027163333333333334,0.11666000000000001,0.23533333333333328,0.08195333333333332,0.0,0.49821,0.46729000000000004,0.07075666666666666,0.31625000000000003,0.08029666666666667,0.2125,0.06166333333333333,0.15084333333333333,0.11778999999999999,0.07725333333333335,1.6006666666666667,0.02357666666666667,0.06995666666666667,34.604000000000006,0.15812666666666667,0.3297066666666667,48.291333333333334,0.08029666666666667,0.11262666666666667,71.80533333333334,0.0,0.04416,0.6026666666666666,0.022996666666666665,0.10108666666666663,0.25066666666666676,0.07725333333333335,0.0,0.5372033333333334
103,80,2002-12-31,1,1,2002-03,Houston Rockets,Milwaukee Bucks,1,0.46037333333333336,0.07125333333333335,0.29574999999999996,0.09337666666666665,0.22720333333333334,0.06475666666666666,0.16245,0.09637333333333334,0.08312333333333331,1.2593333333333336,0.023746666666666673,0.06788000000000001,33.39533333333333,0.14787000000000003,0.32479,45.76199999999999,0.09337666666666665,0.12254333333333332,76.46466666666667,0.0,0.037630000000000004,0.46466666666666673,0.032536666666666665,0.09104000000000001,0.41533333333333344,0.08312333333333331,0.0,0.5207966666666667,0.4976233333333333,0.09988,0.2995833333333334,0.09816000000000001,0.20754666666666666,0.05691666666666668,0.1506266666666667,0.11037333333333334,0.06295999999999999,1.8153333333333337,0.033286666666666666,0.08754333333333333,37.21866666666667,0.14978333333333332,0.3235866666666667,46.23466666666666,0.09816000000000001,0.12612666666666666,77.39466666666665,0.0,0.03926,0.6446666666666668,0.022459999999999997,0.11645666666666667,0.2,0.06295999999999999,0.0,0.5582866666666668
75,83,2002-12-31,1,1,2002-03,Los Angeles Clippers,Philadelphia 76ers,0,0.4637933333333333,0.06862666666666666,0.2940833333333333,0.10108333333333334,0.20508333333333334,0.057749999999999996,0.14733333333333334,0.09737666666666665,0.08270666666666668,1.252,0.022873333333333336,0.07787333333333334,29.128666666666668,0.14704,0.3120333333333333,47.22866666666666,0.10108333333333334,0.1299566666666667,77.65133333333333,0.0,0.03913333333333333,0.4846666666666667,0.030036666666666673,0.10670666666666669,0.2886666666666667,0.08270666666666668,0.0,0.5038333333333332,0.46774333333333323,0.04975666666666666,0.3295,0.08850000000000001,0.1999133333333333,0.05629,0.14362333333333335,0.10550333333333334,0.07699999999999999,1.4839999999999998,0.016576666666666667,0.05458666666666667,30.193333333333328,0.16475333333333336,0.34550333333333333,47.91466666666666,0.08850000000000001,0.12000000000000002,73.65799999999999,0.0,0.04887333333333334,0.704,0.020123333333333333,0.10978666666666667,0.18933333333333333,0.07699999999999999,0.0,0.5149166666666667
95,75,2003-01-01,1,1,2002-03,New York Knicks,Toronto Raptors,1,0.4679633333333333,0.10450333333333332,0.2798333333333334,0.08363000000000001,0.20396333333333336,0.05479333333333334,0.1491666666666667,0.10408333333333333,0.07579000000000001,1.456666666666667,0.03483,0.08896,38.992666666666665,0.1399166666666667,0.31075,45.26800000000001,0.08363000000000001,0.10616333333333333,78.762,0.0,0.03004,0.4273333333333333,0.018170000000000002,0.11503666666666666,0.16199999999999995,0.07579000000000001,0.0,0.5009133333333334,0.45066333333333336,0.08686666666666668,0.28575,0.07803,0.20150000000000007,0.06251,0.13899666666666669,0.09420666666666667,0.06770333333333335,1.4713333333333334,0.028966666666666672,0.08358000000000002,34.47333333333333,0.14288333333333333,0.32370666666666664,44.172000000000004,0.07803,0.11029666666666665,70.56733333333334,0.0,0.033543333333333335,0.5246666666666667,0.022243333333333334,0.10482333333333334,0.21666666666666667,0.06770333333333335,0.0,0.46675333333333335
73,107,2003-01-01,1,1,2002-03,Atlanta Hawks,Miami Heat,0,0.4657466666666667,0.08349666666666668,0.2879166666666666,0.09433333333333334,0.2220333333333334,0.06608,0.15595333333333336,0.10221,0.08534,1.2946666666666666,0.02783666666666667,0.07886333333333331,35.86666666666666,0.14396666666666666,0.31637333333333334,45.42399999999999,0.09433333333333334,0.12337666666666665,75.84599999999999,0.0,0.03503666666666667,0.42466666666666675,0.027370000000000002,0.11091666666666668,0.25533333333333336,0.08534,0.0,0.5145799999999999,0.43257666666666666,0.07250333333333334,0.28575,0.07433000000000001,0.21433,0.06637666666666667,0.14795999999999998,0.09062333333333333,0.07012,1.376,0.024163333333333332,0.07354333333333332,32.66733333333333,0.14286333333333337,0.3346966666666667,42.715333333333334,0.07433000000000001,0.09975000000000002,73.98333333333333,0.0,0.037333333333333336,0.5579999999999999,0.018296666666666666,0.11645666666666668,0.1613333333333333,0.07012,0.0,0.45641666666666675
96,78,2003-01-02,1,1,2002-03,Phoenix Suns,Philadelphia 76ers,1,0.4707099999999999,0.07237666666666667,0.32349999999999995,0.07483333333333334,0.22574666666666665,0.07429666666666665,0.15145333333333333,0.10470666666666666,0.07970999999999999,1.4033333333333333,0.024123333333333333,0.07296333333333334,33.642,0.16174666666666665,0.36037333333333327,45.012666666666675,0.07483333333333334,0.10254333333333333,74.18599999999999,0.0,0.04199999999999999,0.5386666666666666,0.02474666666666667,0.10870666666666669,0.23200000000000004,0.07970999999999999,0.0,0.5130300000000001,0.4658300000000001,0.04912999999999999,0.32875,0.08795666666666667,0.19949999999999998,0.05662333333333334,0.14287333333333335,0.10558666666666666,0.07816666666666666,1.4546666666666668,0.01637,0.05475333333333333,29.567999999999994,0.16438000000000003,0.34596333333333334,47.74933333333333,0.08795666666666667,0.12000000000000004,73.27133333333333,0.0,0.049789999999999994,0.7053333333333334,0.01975,0.11049666666666667,0.18466666666666665,0.07816666666666666,0.0,0.5102933333333334
82,107,2003-01-02,1,1,2002-03,Chicago Bulls,Washington Wizards,0,0.4667433333333333,0.05374333333333334,0.32058333333333333,0.09241333333333332,0.21004666666666663,0.059289999999999995,0.15074999999999997,0.1035,0.08103999999999999,1.3546666666666667,0.017923333333333333,0.05628999999999999,29.817999999999998,0.16029333333333332,0.34938666666666657,46.019999999999996,0.09241333333333332,0.12812333333333334,72.65733333333333,0.0,0.039,0.5086666666666667,0.02762000000000001,0.11699333333333334,0.23800000000000002,0.08103999999999999,0.0,0.50271,0.4457466666666667,0.05499333333333334,0.3012500000000001,0.08949666666666668,0.20070666666666662,0.05474666666666667,0.14595666666666665,0.09933333333333333,0.07312666666666666,1.4999999999999998,0.018340000000000002,0.053086666666666664,35.51733333333333,0.1506233333333333,0.32495999999999997,46.461999999999996,0.08949666666666668,0.11953666666666668,75.68333333333334,0.0,0.03537,0.5186666666666667,0.02325333333333333,0.10494999999999997,0.22533333333333336,0.07312666666666666,0.0,0.49216
102,92,2003-01-02,1,1,2002-03,Dallas Mavericks,Los Angeles Clippers,1,0.5225399999999999,0.12213,0.30216666666666675,0.09824333333333334,0.21595666666666666,0.05612666666666666,0.15982666666666664,0.10578666666666668,0.057713333333333325,1.9026666666666665,0.04070333333333333,0.10396333333333335,39.168,0.15108000000000002,0.3246233333333334,46.452,0.09824333333333334,0.1148,84.65666666666668,0.0,0.04337333333333333,0.7893333333333333,0.02937666666666667,0.10979000000000001,0.27599999999999997,0.057713333333333325,0.0,0.6060000000000001,0.46499999999999997,0.07012666666666667,0.2935833333333333,0.10129333333333333,0.20545666666666665,0.05854333333333333,0.14691333333333334,0.09708333333333334,0.08129000000000002,1.2666666666666666,0.023373333333333336,0.07837333333333335,29.62066666666667,0.14679000000000003,0.31224333333333326,47.09266666666666,0.10129333333333333,0.12991333333333335,77.79533333333332,0.0,0.038299999999999994,0.48266666666666663,0.030283333333333343,0.10558333333333335,0.29333333333333333,0.08129000000000002,0.0,0.50575
80,81,2003-01-03,1,1,2002-03,Toronto Raptors,Cleveland Cavaliers,0,0.45258,0.08824333333333333,0.28558333333333336,0.07873999999999999,0.20162333333333335,0.06317666666666667,0.13845333333333334,0.09445333333333333,0.06753666666666668,1.474,0.029423333333333336,0.08399666666666668,34.778,0.14279666666666666,0.32383,44.12266666666666,0.07873999999999999,0.11179666666666664,70.14133333333332,0.0,0.03316999999999999,0.5173333333333333,0.02178333333333333,0.10586666666666665,0.21133333333333332,0.06753666666666668,0.0,0.46742,0.48726333333333327,0.07000000000000002,0.311,0.10625333333333332,0.21663000000000002,0.06933333333333332,0.14728333333333332,0.10149999999999998,0.08612333333333332,1.25,0.023333333333333334,0.062119999999999995,37.745999999999995,0.15549666666666667,0.35200333333333333,44.18866666666667,0.10625333333333332,0.14470666666666668,73.78666666666668,0.0,0.038169999999999996,0.49333333333333335,0.03195333333333334,0.11413,0.2833333333333333,0.08612333333333332,0.0,0.51563
98,96,2003-01-03,1,1,2002-03,New York Knicks,Indiana Pacers,1,0.4680066666666667,0.10700333333333334,0.27725000000000005,0.08375666666666667,0.20496333333333336,0.05462666666666668,0.15033333333333335,0.10446,0.07579,1.462666666666667,0.03566333333333333,0.08929333333333332,39.93266666666667,0.13862666666666668,0.3088366666666667,45.17,0.08375666666666667,0.10603666666666665,78.90533333333333,0.0,0.029166666666666667,0.414,0.01779666666666667,0.11420333333333331,0.15999999999999998,0.07579,0.0,0.5024566666666667,0.49742,0.0705,0.3116666666666667,0.11525,0.21625000000000003,0.06341333333333334,0.15283333333333332,0.10812,0.08116999999999998,1.3806666666666667,0.0235,0.06516333333333332,35.61866666666667,0.15583000000000005,0.33321,46.60866666666666,0.11525,0.15304333333333334,75.05666666666666,0.0,0.03962333333333334,0.5026666666666666,0.02362666666666667,0.12004000000000001,0.19933333333333333,0.08116999999999998,0.0,0.5470366666666667
82,94,2003-01-03,1,1,2002-03,Seattle SuperSonics,Denver Nuggets,0,0.4662966666666667,0.0705,0.32125,0.07454000000000001,0.2084933333333333,0.061919999999999996,0.14657666666666666,0.10929333333333334,0.062306666666666656,1.87,0.023500000000000004,0.06809,35.00666666666665,0.1606233333333333,0.3479966666666667,46.13866666666667,0.07454000000000001,0.10629333333333332,70.93599999999999,0.0,0.045746666666666665,0.7946666666666666,0.01745333333333333,0.09887333333333333,0.17799999999999996,0.062306666666666656,0.0,0.5212899999999999,0.4111333333333333,0.05911333333333334,0.2794166666666667,0.07258333333333335,0.19975666666666667,0.06446333333333333,0.13529666666666665,0.09820999999999999,0.09611,1.1653333333333333,0.01972,0.06403333333333332,29.20733333333334,0.13970666666666667,0.33733,41.39066666666667,0.07258333333333335,0.10671000000000001,67.444,0.0,0.04555000000000001,0.5099999999999999,0.023626666666666667,0.13258333333333336,0.184,0.09611,0.0,0.40603666666666677
116,111,2003-01-03,1,1,2002-03,Memphis Grizzlies,Los Angeles Clippers,1,0.47673666666666664,0.08937666666666667,0.2993333333333333,0.08804333333333332,0.20392666666666673,0.05379333333333334,0.15012,0.11725000000000002,0.0843766666666667,1.5493333333333335,0.029790000000000004,0.07386666666666668,41.25666666666666,0.14966333333333334,0.3191633333333333,47.224666666666664,0.08804333333333332,0.11491666666666665,77.74133333333333,0.0,0.03463333333333333,0.43200000000000005,0.03129333333333333,0.10067333333333334,0.32199999999999995,0.0843766666666667,0.0,0.5390033333333334,0.46391666666666664,0.07050333333333333,0.2921666666666667,0.10125,0.20583333333333337,0.05900333333333333,0.14683333333333334,0.09629,0.08041333333333332,1.2646666666666666,0.023496666666666666,0.07833333333333334,29.88133333333333,0.14608000000000002,0.31211666666666665,46.864,0.10125,0.1300366666666667,77.66799999999999,0.0,0.037676666666666664,0.4799999999999999,0.030906666666666676,0.1045,0.302,0.08041333333333332,0.0,0.50454
100,89,2003-01-03,1,1,2002-03,New Orleans Hornets,Orlando Magic,1,0.4727933333333334,0.08400333333333335,0.2945,0.09428666666666666,0.19704333333333335,0.05270999999999999,0.14432999999999999,0.10770666666666667,0.06775333333333335,1.7313333333333332,0.027996666666666673,0.07316666666666666,39.912666666666674,0.14725333333333335,0.32746333333333333,44.89800000000001,0.09428666666666666,0.12250333333333331,75.20266666666666,0.0,0.04404333333333333,0.7006666666666668,0.01996,0.10875666666666667,0.18199999999999997,0.06775333333333335,0.0,0.5202133333333333,0.47204,0.09301333333333335,0.2800833333333333,0.09895333333333332,0.21554,0.06187666666666666,0.15366,0.09479666666666668,0.07140999999999999,1.4300000000000002,0.030986666666666676,0.08512666666666667,36.83733333333334,0.1400433333333333,0.33066,42.38666666666666,0.09895333333333332,0.12537666666666664,79.03666666666666,0.0,0.043206666666666664,0.65,0.01753333333333333,0.11211666666666666,0.16466666666666668,0.07140999999999999,0.0,0.5005400000000001
115,118,2003-01-03,1,1,2002-03,Milwaukee Bucks,Utah Jazz,0,0.49841333333333326,0.09938000000000001,0.29975000000000007,0.09928666666666668,0.20704666666666668,0.05583333333333334,0.15120666666666666,0.11091333333333334,0.063,1.824,0.03312,0.08729333333333332,37.17933333333334,0.14987000000000003,0.32287999999999994,46.35666666666667,0.09928666666666668,0.12642,78.02399999999999,0.0,0.03876000000000001,0.6393333333333333,0.02262666666666667,0.11691333333333334,0.2,0.063,0.0,0.5604533333333334,0.47971333333333344,0.045380000000000004,0.32066666666666666,0.11366666666666667,0.21757999999999997,0.06337666666666668,0.15420666666666666,0.12695666666666666,0.09034000000000002,1.4626666666666666,0.015120000000000003,0.038246666666666665,38.50266666666666,0.16034,0.3364966666666666,47.962666666666664,0.11366666666666667,0.1456633333333333,78.184,0.0,0.04410999999999999,0.4959999999999999,0.02775666666666667,0.11649999999999998,0.2506666666666667,0.09034000000000002,0.0,0.5745000000000001
98,95,2003-01-03,1,1,2002-03,San Antonio Spurs,Golden State Warriors,1,0.45854,0.07524666666666666,0.2956666666666667,0.08762333333333333,0.21645666666666669,0.053706666666666666,0.16275,0.08658999999999999,0.08112666666666667,1.1520000000000001,0.025086666666666663,0.07704333333333334,29.90666666666667,0.14783666666666667,0.30229,49.224000000000004,0.08762333333333333,0.12596,70.27399999999999,0.0,0.029789999999999997,0.42933333333333334,0.03915999999999999,0.10621,0.38066666666666665,0.08112666666666667,0.0,0.5046666666666666,0.49437,0.07599999999999998,0.297,0.12137333333333333,0.23387333333333332,0.08079333333333333,0.15308333333333332,0.10237666666666666,0.08621333333333334,1.2366666666666668,0.025333333333333336,0.07075,36.89,0.1485,0.3367466666666667,44.16133333333333,0.12137333333333333,0.16108,74.75066666666666,0.0,0.039420000000000004,0.466,0.03162,0.11608333333333333,0.2786666666666667,0.08621333333333334,0.0,0.5420833333333335
80,100,2003-01-03,1,1,2002-03,Miami Heat,New Jersey Nets,0,0.43649333333333334,0.07400333333333332,0.2865,0.07599666666666667,0.21483,0.06591666666666667,0.14892,0.09074999999999997,0.07008,1.379333333333333,0.024663333333333332,0.07296333333333334,33.57333333333333,0.14324,0.33369666666666664,42.934000000000005,0.07599666666666667,0.1016666666666667,74.10999999999999,0.0,0.03766666666666667,0.5619999999999999,0.01867,0.11612333333333334,0.16466666666666666,0.07008,0.0,0.4639166666666667,0.4927933333333333,0.07737000000000001,0.31899999999999995,0.09641333333333334,0.21258000000000002,0.05616666666666667,0.15642333333333328,0.11629333333333333,0.07425,1.661333333333333,0.02579666666666666,0.06570666666666666,36.69066666666666,0.15950000000000003,0.3424166666666667,46.587999999999994,0.09641333333333334,0.12825999999999999,75.50466666666667,0.0,0.04583000000000001,0.6306666666666666,0.028043333333333333,0.10983333333333332,0.26533333333333337,0.07425,0.0,0.5666233333333334
103,108,2003-01-03,1,1,2002-03,Boston Celtics,Portland Trail Blazers,0,0.48763000000000006,0.13299666666666668,0.25175000000000003,0.10287333333333334,0.20967,0.051956666666666665,0.15771333333333334,0.09379,0.07067000000000001,1.3606666666666665,0.04433666666666667,0.13099333333333335,33.922666666666665,0.12587666666666666,0.2704533333333334,46.65600000000001,0.10287333333333334,0.13999999999999999,72.93466666666669,0.0,0.052079999999999994,0.7673333333333333,0.019786666666666668,0.1117966666666667,0.19066666666666665,0.07067000000000001,0.0,0.52391,0.4705000000000001,0.07113333333333331,0.3175833333333333,0.08179666666666667,0.21200000000000002,0.061909999999999986,0.1500933333333333,0.11791666666666666,0.07717,1.6080000000000003,0.023700000000000002,0.071,34.01266666666667,0.1587933333333333,0.3302500000000001,48.43066666666667,0.08179666666666667,0.11471333333333332,71.58466666666666,0.0,0.045533333333333335,0.6213333333333334,0.02266333333333333,0.10200666666666666,0.2453333333333334,0.07717,0.0,0.5397866666666666
84,86,2003-01-04,1,1,2002-03,Houston Rockets,Golden State Warriors,0,0.46162000000000003,0.07175333333333334,0.2951666666666667,0.09470999999999999,0.2272866666666667,0.06550666666666667,0.1617833333333333,0.09570666666666666,0.08266666666666665,1.2606666666666666,0.023913333333333335,0.06938,33.144,0.1475766666666667,0.32408,45.81066666666666,0.09470999999999999,0.12316666666666666,77.18,0.0,0.03754333333333334,0.4673333333333334,0.03279,0.09091666666666669,0.41666666666666674,0.08266666666666665,0.0,0.5218766666666668,0.49470333333333333,0.07687333333333332,0.2970833333333333,0.12075,0.2321633333333333,0.07970666666666668,0.15245666666666666,0.10112333333333333,0.08634000000000001,1.222,0.02562666666666667,0.07037666666666667,37.437333333333335,0.1485433333333333,0.33608,44.278666666666666,0.12075,0.15978666666666666,74.98066666666666,0.0,0.039336666666666666,0.4660000000000001,0.031286666666666664,0.11608333333333334,0.276,0.08634000000000001,0.0,0.5409566666666666
97,105,2003-01-04,1,1,2002-03,Minnesota Timberwolves,Utah Jazz,0,0.48483666666666664,0.041499999999999995,0.35633333333333334,0.08699666666666668,0.22216333333333338,0.06720999999999999,0.15496333333333334,0.12595666666666666,0.06949666666666666,1.910666666666667,0.013833333333333335,0.04013666666666668,33.086,0.17817333333333332,0.3829633333333333,46.66866666666667,0.08699666666666668,0.11816333333333334,74.23266666666665,0.0,0.031830000000000004,0.4653333333333333,0.02971,0.10828666666666667,0.2866666666666667,0.06949666666666666,0.0,0.5627533333333333,0.4801266666666667,0.047256666666666676,0.3186666666666666,0.11420999999999999,0.21708,0.06321000000000002,0.15387333333333333,0.12725,0.08971666666666668,1.4713333333333334,0.015743333333333335,0.039246666666666666,39.562666666666665,0.15933999999999998,0.33549666666666667,47.80733333333333,0.11420999999999999,0.14628666666666665,78.42533333333333,0.0,0.045069999999999985,0.5106666666666667,0.02829666666666667,0.11574999999999998,0.25733333333333336,0.08971666666666668,0.0,0.5763733333333334
83,88,2003-01-04,1,1,2002-03,Orlando Magic,New Jersey Nets,0,0.4728333333333333,0.09301333333333334,0.27899999999999997,0.10082666666666666,0.21387333333333333,0.06112666666666667,0.15274000000000001,0.09537666666666667,0.07082999999999999,1.4426666666666668,0.030986666666666676,0.08579333333333333,36.809333333333335,0.13949999999999999,0.3285766666666667,42.52133333333333,0.10082666666666666,0.12741666666666665,79.182,0.0,0.04362666666666667,0.6579999999999999,0.016866666666666665,0.11319999999999998,0.1566666666666667,0.07082999999999999,0.0,0.5012900000000001,0.4953333333333333,0.07474666666666668,0.32266666666666666,0.09791333333333332,0.21245333333333336,0.05633333333333334,0.1561333333333333,0.11708666666666669,0.07279,1.7066666666666668,0.024919999999999998,0.06420666666666666,36.35533333333333,0.16133333333333338,0.34375000000000006,46.940666666666665,0.09791333333333332,0.13018000000000002,75.72266666666665,0.0,0.04537000000000001,0.6393333333333333,0.027290000000000002,0.1105,0.25800000000000006,0.07279,0.0,0.57079
107,93,2003-01-04,1,1,2002-03,Phoenix Suns,Los Angeles Lakers,1,0.4736266666666667,0.07475,0.3234166666666667,0.07545666666666667,0.22553666666666664,0.07346333333333334,0.15207999999999997,0.10653999999999998,0.07916666666666666,1.4333333333333331,0.024916666666666667,0.07396333333333334,34.24133333333334,0.1617066666666667,0.35795333333333335,45.30266666666668,0.07545666666666667,0.10328999999999998,74.18466666666669,0.0,0.04145999999999999,0.5366666666666667,0.024956666666666672,0.10779333333333335,0.23533333333333334,0.07916666666666666,0.0,0.5198233333333333,0.4870400000000001,0.07987000000000001,0.3170833333333334,0.09008666666666668,0.22759000000000001,0.06403666666666667,0.1635366666666667,0.11692,0.08204999999999998,1.55,0.02663,0.07529,35.690666666666665,0.15854666666666667,0.3366233333333334,47.49333333333333,0.09008666666666668,0.13112666666666667,68.37733333333333,0.0,0.03567,0.4386666666666667,0.027123333333333333,0.11670666666666668,0.2466666666666667,0.08204999999999998,0.0,0.5445099999999999
86,90,2003-01-04,1,1,2002-03,Atlanta Hawks,Detroit Pistons,0,0.46083,0.08287333333333334,0.2860833333333333,0.09187666666666666,0.21957333333333337,0.06528666666666666,0.15428666666666666,0.10100333333333332,0.08400666666666666,1.2966666666666664,0.02762666666666667,0.07873999999999999,35.60999999999999,0.14305,0.31549666666666665,45.30399999999999,0.09187666666666666,0.12037666666666666,75.622,0.0,0.035076666666666666,0.4313333333333334,0.027496666666666673,0.11045999999999999,0.25733333333333336,0.08400666666666666,0.0,0.5079133333333332,0.45654,0.09962999999999998,0.26758333333333334,0.08933333333333332,0.19824666666666665,0.05291666666666668,0.14533000000000001,0.10487,0.06841333333333331,1.7059999999999997,0.033203333333333335,0.08445333333333331,39.062000000000005,0.13379666666666665,0.29492000000000007,45.608,0.08933333333333332,0.11850666666666664,74.50399999999999,0.0,0.03308333333333333,0.5466666666666667,0.031253333333333334,0.11333666666666667,0.29133333333333333,0.06841333333333331,0.0,0.5140466666666667
85,79,2003-01-04,1,1,2002-03,Chicago Bulls,Cleveland Cavaliers,1,0.4684533333333333,0.055369999999999996,0.32075000000000004,0.09233333333333334,0.21146333333333336,0.058833333333333335,0.15262333333333336,0.10429,0.08016666666666666,1.3806666666666667,0.01846333333333333,0.057206666666666656,30.40933333333333,0.1603766666666667,0.3484266666666666,46.126,0.09233333333333334,0.1279166666666667,72.76733333333333,0.0,0.03887333333333333,0.512,0.028453333333333337,0.11774666666666667,0.24333333333333332,0.08016666666666666,0.0,0.5090033333333334,0.48993,0.07287333333333335,0.311,0.10604666666666665,0.2178366666666667,0.06979333333333333,0.14803333333333332,0.10195666666666667,0.08558,1.2600000000000002,0.024293333333333337,0.06424666666666666,38.29866666666667,0.15549666666666667,0.35187666666666667,44.212666666666664,0.10604666666666665,0.14412333333333333,73.86333333333333,0.0,0.03812666666666666,0.49666666666666676,0.03237333333333333,0.11463,0.284,0.08558,0.0,0.5202133333333333
102,83,2003-01-04,1,1,2002-03,Dallas Mavericks,Philadelphia 76ers,1,0.5208733333333333,0.12150666666666667,0.3018333333333334,0.09753666666666667,0.21549666666666667,0.05624999999999999,0.15924666666666668,0.10583000000000002,0.05692,1.9413333333333334,0.04049333333333333,0.10484000000000003,38.453999999999986,0.15091333333333332,0.3242899999999999,46.40933333333333,0.09753666666666667,0.11396666666666665,84.70733333333334,0.0,0.043496666666666656,0.8033333333333333,0.029833333333333337,0.11041666666666668,0.2786666666666667,0.05692,0.0,0.6044999999999999,0.46424999999999994,0.048629999999999986,0.3279166666666667,0.08770666666666667,0.2000433333333333,0.05712333333333333,0.1429166666666667,0.10516666666666667,0.07908,1.4266666666666665,0.01620333333333333,0.05462666666666667,29.245999999999995,0.16396333333333335,0.34717,47.474000000000004,0.08770666666666667,0.12008333333333335,73.05866666666665,0.0,0.050703333333333336,0.7073333333333335,0.019583333333333335,0.11153999999999999,0.18133333333333332,0.07908,0.0,0.5066700000000001
76,87,2003-01-04,1,1,2002-03,Denver Nuggets,Sacramento Kings,0,0.41387999999999997,0.06011333333333334,0.2799166666666667,0.07383333333333335,0.19867,0.06342333333333333,0.13525333333333334,0.09974999999999999,0.09494333333333334,1.1913333333333334,0.02005333333333333,0.06528,29.15000000000001,0.13995999999999997,0.3354966666666666,41.69133333333333,0.07383333333333335,0.10812666666666666,67.79133333333333,0.0,0.04513333333333335,0.5106666666666666,0.023416666666666665,0.1326666666666667,0.18066666666666664,0.09494333333333334,0.0,0.41078666666666674,0.48825333333333315,0.084,0.325,0.07925333333333334,0.21066,0.05129333333333333,0.1593733333333333,0.11591666666666665,0.07037333333333334,2.096,0.028000000000000004,0.07750333333333334,34.226000000000006,0.16250000000000003,0.33538333333333337,48.34133333333333,0.07925333333333334,0.11249666666666668,70.28933333333333,0.0,0.04562666666666667,0.8873333333333334,0.03162333333333333,0.09821333333333332,0.3393333333333333,0.07037333333333334,0.0,0.5660900000000001
107,104,2003-01-04,1,1,2002-03,Washington Wizards,Indiana Pacers,1,0.44799666666666665,0.05524333333333333,0.3019166666666667,0.09083000000000001,0.2004133333333333,0.05362333333333334,0.14679,0.10016666666666668,0.07200333333333334,1.5326666666666666,0.018423333333333333,0.05292,35.76533333333334,0.15095666666666666,0.32400333333333337,46.684666666666665,0.09083000000000001,0.12095333333333334,75.89200000000001,0.0,0.034703333333333336,0.5166666666666667,0.023293333333333333,0.10440999999999999,0.228,0.07200333333333334,0.0,0.49690999999999996,0.4973333333333333,0.07187333333333332,0.30916666666666676,0.11629333333333335,0.21608333333333335,0.06349666666666666,0.15258666666666668,0.10719999999999999,0.08112666666666665,1.376,0.02396,0.06712333333333334,35.580000000000005,0.15457666666666672,0.33058333333333334,46.614000000000004,0.11629333333333335,0.15495666666666663,74.77066666666666,0.0,0.04000000000000001,0.5086666666666667,0.023710000000000005,0.11891333333333334,0.2033333333333333,0.08112666666666665,0.0,0.54537
86,94,2003-01-05,1,1,2002-03,Los Angeles Clippers,San Antonio Spurs,0,0.4625,0.07188,0.28908333333333336,0.10154333333333333,0.20596000000000003,0.059336666666666676,0.14662666666666668,0.09533,0.07995666666666666,1.2559999999999998,0.023953333333333333,0.07887333333333334,30.33533333333333,0.14453666666666667,0.31094999999999995,46.52266666666666,0.10154333333333333,0.13112333333333334,77.31333333333333,0.0,0.03705333333333334,0.47466666666666657,0.031450000000000006,0.1035,0.3093333333333333,0.07995666666666666,0.0,0.5014133333333334,0.45896,0.07261999999999998,0.29708333333333337,0.08925,0.21579,0.053163333333333326,0.16262333333333331,0.08525666666666668,0.08058666666666667,1.1453333333333333,0.02421333333333333,0.07525333333333334,29.613333333333337,0.14854333333333333,0.3036633333333334,49.23266666666667,0.08925,0.12771000000000002,70.60933333333332,0.0,0.02933,0.428,0.03924333333333333,0.10583666666666665,0.3813333333333333,0.08058666666666667,0.0,0.5033733333333333
96,70,2003-01-05,1,1,2002-03,Sacramento Kings,Miami Heat,1,0.4892133333333332,0.08512666666666667,0.3250833333333334,0.079,0.21136666666666667,0.05112666666666666,0.16024999999999998,0.11649666666666667,0.06962666666666667,2.119333333333334,0.02837333333333333,0.07817,34.59066666666667,0.16254000000000002,0.33597,48.276,0.079,0.11195666666666668,70.34533333333333,0.0,0.04575,0.8953333333333333,0.031749999999999994,0.09842333333333333,0.3406666666666666,0.06962666666666667,0.0,0.5687966666666667,0.4398266666666667,0.07550333333333331,0.2860833333333333,0.07825,0.21504,0.06529333333333333,0.14975333333333332,0.09070666666666664,0.07004000000000002,1.3813333333333335,0.025163333333333333,0.07259,34.5,0.14303333333333335,0.33194666666666667,43.07533333333334,0.07825,0.10421,74.32333333333332,0.0,0.03791333333333334,0.5673333333333334,0.018793333333333332,0.11549999999999999,0.16666666666666663,0.07004000000000002,0.0,0.4699600000000001
84,99,2003-01-05,1,1,2002-03,Toronto Raptors,New Orleans Hornets,0,0.45153999999999994,0.08862,0.2841666666666667,0.07873999999999999,0.20166666666666666,0.06371666666666667,0.13795333333333332,0.09403666666666669,0.06782666666666667,1.4566666666666663,0.02954666666666667,0.08408,34.79066666666667,0.1420866666666667,0.32354,43.94266666666667,0.07873999999999999,0.11250333333333333,69.61466666666666,0.0,0.03292,0.5093333333333334,0.02107666666666667,0.10682666666666665,0.204,0.06782666666666667,0.0,0.46366666666666667,0.4701266666666667,0.08475,0.29158333333333336,0.09378666666666664,0.19808333333333333,0.05262666666666667,0.14545666666666668,0.10583,0.06775333333333333,1.6893333333333331,0.028249999999999997,0.07416666666666667,39.599333333333334,0.14579333333333333,0.32746333333333333,44.49666666666667,0.09378666666666664,0.12142,75.28666666666666,0.0,0.04308666666666667,0.684,0.020043333333333337,0.10967333333333332,0.18,0.06775333333333333,0.0,0.5142133333333333
109,97,2003-01-05,1,1,2002-03,Los Angeles Lakers,Phoenix Suns,1,0.48875000000000013,0.08099666666666666,0.3169166666666667,0.09084000000000002,0.22834000000000002,0.06437,0.1639533333333333,0.11833333333333333,0.08188333333333332,1.5653333333333335,0.027003333333333334,0.07591333333333332,35.90533333333333,0.15846333333333334,0.33603999999999995,47.55800000000001,0.09084000000000002,0.13183333333333333,68.70466666666668,0.0,0.035089999999999996,0.4326666666666667,0.02733,0.11708333333333334,0.24666666666666673,0.08188333333333332,0.0,0.5484666666666665,0.47600000000000003,0.07712666666666665,0.32308333333333333,0.07579000000000001,0.22466333333333333,0.07242333333333334,0.1522466666666667,0.10787333333333332,0.07879333333333334,1.4533333333333331,0.02570666666666667,0.07471333333333334,34.903333333333336,0.16154,0.3554966666666667,45.56000000000001,0.07579000000000001,0.10379,74.08800000000001,0.0,0.04120666666666666,0.5373333333333333,0.025166666666666667,0.1068766666666667,0.24000000000000005,0.07879333333333334,0.0,0.5251566666666666
89,92,2003-01-05,1,1,2002-03,New York Knicks,Portland Trail Blazers,0,0.4682966666666667,0.10912666666666666,0.27616666666666667,0.08300666666666667,0.20613000000000004,0.054543333333333346,0.15158333333333335,0.10529333333333332,0.07566666666666669,1.4793333333333332,0.036373333333333334,0.08933333333333335,40.85733333333334,0.13808333333333336,0.30850333333333335,45.04200000000001,0.08300666666666667,0.10491,78.95533333333333,0.0,0.028789999999999996,0.4086666666666667,0.01734,0.11324666666666666,0.15799999999999995,0.07566666666666669,0.0,0.50487,0.47362666666666675,0.07075666666666666,0.31916666666666665,0.08371333333333333,0.21057999999999996,0.061493333333333317,0.14909333333333333,0.11787333333333333,0.07679333333333332,1.6173333333333337,0.02357666666666667,0.07162666666666669,33.36533333333333,0.15958333333333333,0.33004333333333336,48.702666666666666,0.08371333333333333,0.11717333333333332,71.52600000000001,0.0,0.046953333333333326,0.642,0.02228666666666667,0.10246333333333334,0.24066666666666672,0.07679333333333332,0.0,0.54258
99,85,2003-01-06,1,1,2002-03,Golden State Warriors,Miami Heat,1,0.49582999999999994,0.0775,0.2984166666666666,0.11991666666666666,0.23179,0.07949666666666667,0.15229,0.10050000000000002,0.08642000000000001,1.2153333333333332,0.025833333333333333,0.07008666666666666,37.83866666666667,0.14920999999999995,0.3367466666666667,44.39,0.11991666666666666,0.15799333333333332,75.38133333333332,0.0,0.03854666666666667,0.45800000000000013,0.03091,0.11625,0.272,0.08642000000000001,0.0,0.54129,0.44220333333333334,0.07612666666666666,0.2860833333333333,0.08,0.21495999999999998,0.06450333333333333,0.15045999999999998,0.0906233333333333,0.07016666666666668,1.3813333333333337,0.025373333333333335,0.07138,35.46333333333333,0.14303333333333335,0.3306133333333333,43.22933333333334,0.08,0.10641999999999999,74.334,0.0,0.038246666666666665,0.5706666666666667,0.018626666666666666,0.11516666666666667,0.16533333333333333,0.07016666666666668,0.0,0.47450333333333333
95,100,2003-01-06,1,1,2002-03,Boston Celtics,Washington Wizards,0,0.48513,0.13062,0.24925,0.10525000000000001,0.20738,0.05062333333333333,0.15675333333333336,0.09245666666666667,0.07046000000000001,1.3453333333333333,0.04354666666666667,0.12995,33.46333333333333,0.12462333333333334,0.26937333333333335,46.33666666666666,0.10525000000000001,0.14150000000000001,74.00800000000001,0.0,0.05145666666666667,0.7606666666666667,0.019826666666666666,0.11142000000000002,0.192,0.07046000000000001,0.0,0.5183700000000001,0.4502466666666667,0.055119999999999995,0.3021666666666667,0.09295666666666667,0.19970666666666664,0.05229000000000001,0.1474133333333333,0.10071000000000001,0.07129333333333335,1.5526666666666666,0.01838,0.05262666666666667,35.79600000000001,0.15108333333333332,0.32271,46.88533333333333,0.09295666666666667,0.12270333333333333,76.4,0.0,0.034159999999999996,0.5146666666666667,0.02316666666666667,0.10386666666666663,0.2293333333333333,0.07129333333333335,0.0,0.5010766666666666
82,74,2003-01-06,1,1,2002-03,Detroit Pistons,Toronto Raptors,1,0.46041666666666664,0.10150333333333333,0.26725,0.09166666666666666,0.1982866666666667,0.05296000000000001,0.14533000000000001,0.10570333333333334,0.06799666666666666,1.7219999999999998,0.033830000000000006,0.08574333333333331,39.275333333333336,0.13363000000000003,0.29475333333333337,45.559333333333335,0.09166666666666666,0.12108666666666663,74.84066666666668,0.0,0.033043333333333334,0.5459999999999999,0.030376666666666666,0.11554666666666666,0.2773333333333334,0.06799666666666666,0.0,0.51738,0.45112333333333327,0.08912,0.2828333333333334,0.07915666666666668,0.20096,0.06396333333333334,0.13699666666666666,0.09349666666666666,0.06857666666666666,1.432,0.029713333333333335,0.08395666666666665,34.968666666666664,0.14142,0.32270666666666664,43.85,0.07915666666666668,0.11367,69.16333333333333,0.0,0.033126666666666665,0.504,0.020286666666666668,0.10816000000000002,0.19466666666666663,0.06857666666666666,0.0,0.46037666666666666
106,102,2003-01-06,1,1,2002-03,Memphis Grizzlies,New Orleans Hornets,1,0.4761533333333334,0.09150333333333334,0.29699999999999993,0.08766666666666666,0.20497000000000004,0.05341666666666667,0.15153666666666668,0.11800333333333334,0.08396333333333333,1.5726666666666669,0.03049666666666667,0.07503333333333333,41.774666666666654,0.14849666666666667,0.31749666666666665,47.064,0.08766666666666666,0.11479333333333332,77.49866666666665,0.0,0.0343,0.43,0.030666666666666672,0.09967333333333334,0.31799999999999995,0.08396333333333333,0.0,0.5394599999999999,0.46816666666666673,0.08499999999999998,0.29,0.09315999999999998,0.19929000000000002,0.05283666666666667,0.14645666666666665,0.10407666666666666,0.06817333333333334,1.6406666666666665,0.028333333333333335,0.07504000000000001,39.106,0.145,0.32775666666666664,44.248,0.09315999999999998,0.12021333333333331,75.354,0.0,0.04213000000000001,0.6653333333333334,0.020419999999999997,0.11046666666666666,0.18133333333333332,0.06817333333333334,0.0,0.5094233333333332
86,71,2003-01-06,1,1,2002-03,Dallas Mavericks,Denver Nuggets,1,0.5191233333333333,0.11913,0.3020833333333333,0.09791333333333334,0.21424666666666667,0.05599999999999998,0.1582466666666667,0.10554,0.05584000000000001,1.9833333333333334,0.03970333333333332,0.10488000000000001,37.302666666666674,0.15104,0.32441666666666663,46.388000000000005,0.09791333333333334,0.11425666666666666,84.87400000000001,0.0,0.043329999999999994,0.8153333333333334,0.030290000000000004,0.11091666666666668,0.2806666666666667,0.05584000000000001,0.0,0.6018333333333333,0.41742333333333337,0.06024,0.2815833333333334,0.07558666666666666,0.19837999999999997,0.06271333333333333,0.13566666666666666,0.10129333333333332,0.09344333333333334,1.2213333333333334,0.020093333333333335,0.06603333333333333,28.87666666666667,0.14079333333333333,0.3335800000000001,42.21399999999999,0.07558666666666666,0.11033333333333334,68.10399999999998,0.0,0.044300000000000006,0.5086666666666666,0.022916666666666665,0.13245666666666667,0.176,0.09344333333333334,0.0,0.41733000000000003
94,101,2003-01-06,1,1,2002-03,Atlanta Hawks,New Jersey Nets,0,0.45508333333333334,0.08187333333333334,0.284,0.08921,0.21674000000000002,0.06420666666666666,0.15253666666666668,0.09962666666666666,0.08304666666666667,1.2926666666666666,0.027293333333333336,0.07845,35.25933333333333,0.14201,0.31412,45.213333333333324,0.08921,0.11696,75.53066666666668,0.0,0.035036666666666674,0.43600000000000005,0.027290000000000005,0.11029333333333333,0.2566666666666666,0.08304666666666667,0.0,0.4997033333333332,0.49762333333333325,0.07249333333333334,0.32608333333333334,0.09904,0.21266,0.056376666666666665,0.15629999999999997,0.11787666666666666,0.07208,1.7406666666666668,0.02417333333333333,0.06295666666666667,36.11066666666667,0.16304,0.34417000000000003,47.39466666666667,0.09904,0.13205333333333333,75.68133333333331,0.0,0.04520333333333334,0.646,0.026703333333333336,0.1115,0.2513333333333333,0.07208,0.0,0.5750799999999999
94,106,2003-01-06,1,1,2002-03,Cleveland Cavaliers,Milwaukee Bucks,0,0.49126333333333333,0.07474666666666668,0.3105,0.10600333333333331,0.21950333333333333,0.07008666666666666,0.14941000000000002,0.10191666666666666,0.08549333333333334,1.2573333333333336,0.024920000000000005,0.06541333333333334,38.68866666666666,0.15525,0.3513333333333334,44.21333333333333,0.10600333333333331,0.14391666666666666,73.84066666666666,0.0,0.037919999999999995,0.494,0.03304,0.11533999999999998,0.2866666666666667,0.08549333333333334,0.0,0.52363,0.49820666666666663,0.09850333333333335,0.29958333333333337,0.10012,0.20646333333333333,0.05475333333333335,0.15170666666666666,0.11132999999999998,0.06329333333333333,1.8226666666666669,0.03282999999999999,0.08674999999999998,37.025999999999996,0.14978999999999998,0.32254666666666665,46.390666666666675,0.10012,0.12654333333333334,78.588,0.0,0.03821666666666667,0.6300000000000001,0.022753333333333334,0.11762333333333333,0.19866666666666669,0.06329333333333333,0.0,0.5605766666666666
103,100,2003-01-06,1,1,2002-03,Orlando Magic,New York Knicks,1,0.4743333333333334,0.09326,0.27808333333333335,0.10299333333333333,0.21216666666666667,0.0605,0.15166000000000002,0.09591666666666666,0.07062333333333332,1.4479999999999997,0.031073333333333338,0.08658666666666665,36.788666666666664,0.13904,0.32674333333333333,42.654666666666664,0.10299333333333333,0.12962333333333334,79.51466666666667,0.0,0.04429333333333333,0.6673333333333333,0.016323333333333336,0.11466,0.15000000000000002,0.07062333333333332,0.0,0.50258,0.4690033333333334,0.11125,0.27583333333333326,0.08191999999999999,0.20650333333333337,0.05429000000000001,0.15221,0.10625333333333334,0.07525333333333334,1.5006666666666668,0.03708333333333334,0.08941666666666667,41.758,0.13791666666666666,0.30850333333333335,44.99533333333332,0.08191999999999999,0.10332666666666664,79.08466666666666,0.0,0.028623333333333334,0.40733333333333344,0.01700666666666667,0.11266333333333332,0.15666666666666662,0.07525333333333334,0.0,0.5077866666666666
113,98,2003-01-06,1,1,2002-03,Chicago Bulls,Utah Jazz,1,0.4695366666666666,0.05662333333333333,0.32133333333333336,0.09158,0.21167000000000008,0.05800000000000001,0.15366666666666667,0.10504000000000001,0.07883333333333331,1.4126666666666665,0.018876666666666663,0.057789999999999994,31.079999999999995,0.16066666666666668,0.3482599999999999,46.211999999999996,0.09158,0.1269166666666667,72.76333333333332,0.0,0.03891666666666666,0.52,0.028826666666666667,0.11858,0.24466666666666667,0.07883333333333331,0.0,0.5133366666666667,0.4820033333333334,0.04875666666666667,0.31775000000000003,0.11550333333333333,0.2159533333333333,0.06292000000000002,0.15304,0.12787333333333334,0.08909000000000002,1.4846666666666666,0.01624333333333334,0.04028666666666667,40.15,0.15888,0.3336633333333333,47.907333333333334,0.11550333333333333,0.14799333333333337,78.66466666666665,0.0,0.046196666666666664,0.528,0.028380000000000002,0.11549666666666665,0.25733333333333336,0.08909000000000002,0.0,0.5800000000000002
104,105,2003-01-06,1,1,2002-03,Philadelphia 76ers,Indiana Pacers,0,0.4613333333333334,0.047756666666666656,0.32625000000000004,0.08733333333333333,0.20046,0.057499999999999996,0.14295666666666665,0.10475000000000002,0.07995333333333333,1.3926666666666665,0.01591,0.05437333333333332,28.85866666666666,0.16313000000000005,0.34779333333333334,47.162666666666674,0.08733333333333333,0.12012666666666669,72.67200000000001,0.0,0.05136999999999999,0.7033333333333335,0.019293333333333332,0.11262666666666667,0.17666666666666667,0.07995333333333333,0.0,0.5013366666666667,0.49787333333333333,0.07349666666666667,0.30716666666666664,0.11721333333333334,0.2158733333333333,0.06308,0.15279666666666666,0.10707666666666667,0.08100333333333333,1.3833333333333333,0.024503333333333332,0.06891666666666667,35.72733333333334,0.15357666666666667,0.32825,46.64933333333333,0.11721333333333334,0.1566233333333333,74.584,0.0,0.04070666666666667,0.5193333333333333,0.023710000000000005,0.11758,0.20600000000000002,0.08100333333333333,0.0,0.5457466666666666
119,98,2003-01-07,1,1,2002-03,Los Angeles Lakers,Seattle SuperSonics,1,0.4891233333333334,0.08149666666666665,0.3165833333333333,0.09105,0.22867333333333334,0.06499666666666666,0.16366333333333336,0.11883333333333332,0.08163000000000001,1.5613333333333335,0.027170000000000003,0.07670666666666667,35.835333333333324,0.15829666666666667,0.3354133333333333,47.610666666666674,0.09105,0.13208666666666666,68.884,0.0,0.03455,0.42733333333333334,0.02766333333333334,0.11771000000000001,0.24733333333333335,0.08163000000000001,0.0,0.5495066666666667,0.46346333333333334,0.07,0.31908333333333333,0.07437333333333335,0.20982666666666666,0.06250333333333334,0.14733,0.10846,0.06318333333333333,1.8333333333333333,0.023333333333333334,0.06763000000000001,34.95,0.15954,0.3468733333333333,45.97466666666667,0.07437333333333335,0.10633333333333334,70.88933333333333,0.0,0.045246666666666664,0.7739999999999999,0.017079999999999998,0.09908000000000002,0.17399999999999996,0.06318333333333333,0.0,0.5173333333333333
76,101,2003-01-07,1,1,2002-03,Milwaukee Bucks,Sacramento Kings,0,0.49899666666666664,0.09900333333333333,0.2990833333333333,0.10091333333333334,0.20525333333333332,0.05371000000000001,0.15153999999999998,0.11195666666666665,0.06408333333333334,1.812,0.03299666666666666,0.08700333333333331,37.104,0.14954333333333336,0.3210066666666666,46.549333333333344,0.10091333333333334,0.12641666666666668,79.30999999999999,0.0,0.03805000000000001,0.6226666666666667,0.022879999999999998,0.11833,0.198,0.06408333333333334,0.0,0.5620766666666667,0.48929666666666666,0.08537666666666667,0.32575,0.07816666666666668,0.2117433333333333,0.051000000000000004,0.16074999999999998,0.11699666666666667,0.06904,2.138,0.02845666666666667,0.07883666666666667,34.626,0.16287333333333331,0.33718000000000004,48.20866666666667,0.07816666666666668,0.11082999999999998,70.25333333333334,0.0,0.04604,0.9033333333333331,0.032126666666666664,0.09829666666666667,0.3453333333333333,0.06904,0.0,0.56984
81,88,2003-01-07,1,1,2002-03,Portland Trail Blazers,Phoenix Suns,0,0.4763733333333333,0.07101,0.3199166666666666,0.08546333333333335,0.20920333333333332,0.06120333333333332,0.14801,0.11741333333333333,0.07708666666666666,1.6060000000000003,0.023656666666666666,0.0725,32.82933333333333,0.15996,0.3290833333333333,48.95666666666666,0.08546333333333335,0.11962999999999999,71.27933333333334,0.0,0.048576666666666664,0.6593333333333332,0.021660000000000002,0.10333666666666666,0.23133333333333336,0.07708666666666666,0.0,0.5440366666666667,0.47920999999999997,0.07975333333333333,0.3223333333333333,0.07712333333333334,0.22358,0.07138333333333333,0.15220666666666668,0.10883333333333332,0.07837333333333335,1.4713333333333336,0.026579999999999996,0.07571333333333333,35.44333333333334,0.16116666666666665,0.3524966666666666,45.82533333333333,0.07712333333333334,0.10537333333333333,74.18666666666668,0.0,0.04087333333333334,0.5366666666666667,0.025253333333333332,0.10654333333333334,0.24266666666666667,0.07837333333333335,0.0,0.5306566666666667
94,86,2003-01-07,1,1,2002-03,Houston Rockets,Minnesota Timberwolves,1,0.4638666666666667,0.07362666666666667,0.2944166666666667,0.09583666666666664,0.22762,0.06634,0.1612833333333333,0.09529,0.08245999999999998,1.262,0.024540000000000003,0.07125333333333335,33.302,0.14720333333333332,0.32329,45.85466666666666,0.09583666666666664,0.12354,77.85799999999999,0.0,0.03741666666666667,0.46799999999999997,0.033043333333333334,0.09108333333333335,0.41600000000000004,0.08245999999999998,0.0,0.5242966666666667,0.48438,0.042499999999999996,0.35524999999999995,0.08662000000000002,0.22199666666666668,0.06683333333333333,0.15517000000000003,0.12683333333333333,0.06924666666666666,1.9340000000000004,0.014166666666666666,0.04139000000000001,33.23266666666667,0.17762999999999998,0.38192,46.64533333333334,0.08662000000000002,0.11682999999999999,74.71599999999998,0.0,0.031413333333333335,0.4626666666666666,0.02954333333333333,0.10841333333333333,0.284,0.06924666666666666,0.0,0.56321
99,93,2003-01-08,1,1,2002-03,Utah Jazz,Phoenix Suns,1,0.48521333333333333,0.050133333333333335,0.3180000000000001,0.11708666666666666,0.21441333333333332,0.06254666666666668,0.15187333333333336,0.12896,0.08809,1.5126666666666666,0.016700000000000003,0.04128666666666667,40.55266666666667,0.15900333333333336,0.33199666666666666,48.14800000000001,0.11708666666666666,0.14966000000000002,79.09799999999998,0.0,0.047196666666666665,0.5459999999999999,0.02833666666666667,0.11516333333333333,0.256,0.08809,0.0,0.5858733333333335,0.48221,0.08213,0.321,0.07908333333333334,0.22216333333333332,0.07004999999999999,0.15212333333333336,0.10987666666666668,0.07779000000000001,1.498,0.02737,0.07658666666666666,35.938,0.16049999999999998,0.3488733333333333,46.08133333333333,0.07908333333333334,0.10783333333333332,74.31733333333334,0.0,0.04029000000000001,0.5346666666666666,0.02504333333333333,0.10654333333333334,0.24133333333333334,0.07779000000000001,0.0,0.5354499999999999
95,106,2003-01-08,1,1,2002-03,Seattle SuperSonics,San Antonio Spurs,0,0.4624233333333334,0.06925333333333333,0.31858333333333333,0.07458000000000002,0.21108,0.06325,0.14783,0.10842,0.06388999999999999,1.8146666666666667,0.02308,0.06679666666666667,34.87866666666666,0.15929,0.34641333333333335,45.95866666666667,0.07458000000000002,0.10700000000000001,70.75466666666668,0.0,0.044913333333333326,0.7566666666666667,0.016706666666666665,0.09974666666666668,0.1693333333333333,0.06388999999999999,0.0,0.5164133333333333,0.4589599999999999,0.07074666666666667,0.2978333333333334,0.09037333333333335,0.21454,0.05237333333333332,0.16216666666666668,0.08437999999999998,0.08041999999999999,1.136,0.023586666666666662,0.07363,29.544666666666668,0.14892000000000002,0.3047066666666666,49.18266666666666,0.09037333333333335,0.12854333333333337,71.034,0.0,0.02929,0.42866666666666664,0.03945,0.10512666666666665,0.38466666666666666,0.08041999999999999,0.0,0.5022066666666666
103,95,2003-01-08,1,1,2002-03,Los Angeles Clippers,Memphis Grizzlies,1,0.46154333333333336,0.07325666666666668,0.28658333333333336,0.10171,0.20662666666666668,0.06021000000000001,0.14641666666666667,0.09445333333333332,0.0795,1.248,0.02441,0.07962,30.598000000000003,0.14328666666666665,0.31066,46.15,0.10171,0.13225,76.84,0.0,0.03634333333333333,0.4679999999999999,0.03174333333333333,0.10291666666666667,0.31333333333333335,0.0795,0.0,0.49808,0.47598666666666667,0.09288000000000002,0.2955,0.08762333333333333,0.20626000000000003,0.0535,0.15274666666666667,0.11904666666666668,0.08379666666666667,1.5953333333333335,0.030953333333333336,0.07590666666666666,42.05399999999999,0.14774666666666667,0.31625,46.966,0.08762333333333333,0.11525,77.18666666666667,0.0,0.03401,0.42733333333333334,0.029706666666666666,0.09880000000000001,0.30999999999999994,0.08379666666666667,0.0,0.5401266666666668
86,76,2003-01-08,1,1,2002-03,Denver Nuggets,Miami Heat,1,0.4183,0.05936333333333334,0.28191666666666665,0.07700333333333333,0.1989233333333333,0.06167,0.13724666666666666,0.10216999999999997,0.09252666666666666,1.2373333333333332,0.019803333333333336,0.06612,28.388,0.14096,0.3311200000000001,42.59733333333333,0.07700333333333333,0.11183333333333335,68.54866666666665,0.0,0.04317333333333333,0.5006666666666667,0.0225,0.13204000000000002,0.1733333333333333,0.09252666666666666,0.0,0.42116333333333333,0.44320333333333334,0.07562666666666666,0.28633333333333333,0.08125333333333333,0.21529333333333334,0.06383666666666667,0.15146,0.09003999999999998,0.07062666666666667,1.3673333333333337,0.025206666666666665,0.06950666666666665,36.227999999999994,0.14316,0.32986000000000004,43.37666666666667,0.08125333333333333,0.10775333333333333,74.50333333333333,0.0,0.038290000000000005,0.5686666666666667,0.0185,0.11429333333333333,0.16533333333333333,0.07062666666666667,0.0,0.4772133333333334
83,93,2003-01-08,1,1,2002-03,New Orleans Hornets,Boston Celtics,0,0.46620666666666666,0.08537666666666666,0.28875,0.09207333333333331,0.20045666666666667,0.05308333333333334,0.14737,0.10253333333333332,0.06842333333333334,1.6,0.02845666666666667,0.07566666666666667,38.84066666666667,0.14437666666666665,0.3284233333333333,43.998,0.09207333333333331,0.11867,75.32866666666668,0.0,0.04138,0.6513333333333334,0.02071333333333333,0.11046666666666667,0.18400000000000002,0.06842333333333334,0.0,0.50505,0.48279666666666665,0.12999666666666668,0.24608333333333335,0.10670666666666667,0.20446333333333336,0.049583333333333326,0.15487666666666663,0.09137666666666666,0.07067000000000001,1.3259999999999998,0.04333666666666667,0.1297,33.24333333333333,0.12304000000000001,0.26749666666666666,46.015333333333324,0.10670666666666667,0.14183333333333334,74.95133333333334,0.0,0.05074666666666667,0.7493333333333335,0.019866666666666664,0.11054333333333335,0.19466666666666665,0.07067000000000001,0.0,0.5126166666666666
101,98,2003-01-08,1,1,2002-03,Washington Wizards,Chicago Bulls,1,0.45233333333333337,0.055243333333333325,0.3019166666666667,0.09516666666666668,0.19945666666666664,0.05116333333333333,0.14828999999999998,0.10104333333333332,0.07092000000000001,1.5646666666666667,0.018423333333333333,0.05279333333333333,35.67266666666667,0.15096,0.32129,47.028000000000006,0.09516666666666668,0.12466333333333335,76.79333333333332,0.0,0.033786666666666666,0.5113333333333334,0.023040000000000005,0.10386666666666665,0.22933333333333336,0.07092000000000001,0.0,0.5045333333333333,0.47058,0.057749999999999996,0.32141666666666663,0.09141333333333333,0.21208666666666667,0.05691666666666668,0.15516666666666667,0.10583000000000001,0.07758666666666665,1.446,0.01925,0.058289999999999995,31.665999999999997,0.16071,0.34775999999999996,46.27066666666666,0.09141333333333333,0.1264566666666667,72.90466666666666,0.0,0.03883666666666666,0.5266666666666666,0.028993333333333333,0.11957999999999999,0.24399999999999997,0.07758666666666665,0.0,0.5176266666666666
89,87,2003-01-08,1,1,2002-03,Indiana Pacers,New York Knicks,1,0.4985800000000001,0.07475000000000001,0.30541666666666667,0.11842,0.21578999999999998,0.06258,0.15321333333333334,0.10712,0.08121,1.3880000000000001,0.024916666666666663,0.07024999999999999,35.833333333333336,0.15270000000000003,0.32596,46.72066666666667,0.11842,0.1583766666666667,74.618,0.0,0.041163333333333336,0.524,0.023586666666666666,0.11607999999999997,0.20800000000000002,0.08121,0.0,0.5464966666666665,0.4677933333333334,0.112,0.2751666666666666,0.08063000000000001,0.20650333333333334,0.05383000000000001,0.15267,0.10654333333333334,0.07475333333333332,1.518,0.037333333333333336,0.08932999999999999,42.22266666666667,0.13758333333333334,0.30862666666666666,44.88533333333333,0.08063000000000001,0.10132666666666666,79.356,0.0,0.028456666666666665,0.4066666666666667,0.016593333333333335,0.11241,0.1533333333333333,0.07475333333333332,0.0,0.5073666666666666
81,91,2003-01-08,1,1,2002-03,Orlando Magic,Houston Rockets,0,0.4757933333333334,0.09413666666666666,0.2771666666666667,0.10449333333333333,0.21050000000000005,0.06012666666666666,0.15037,0.09658333333333333,0.07062333333333332,1.4513333333333331,0.03136333333333334,0.08783333333333333,36.788000000000004,0.13858333333333334,0.3247033333333333,42.826,0.10449333333333333,0.13103666666666666,79.83800000000001,0.0,0.044713333333333334,0.6706666666666667,0.015823333333333335,0.11599333333333334,0.14400000000000002,0.07062333333333332,0.0,0.5036633333333334,0.4656166666666667,0.07538,0.29341666666666666,0.09683666666666665,0.2280366666666667,0.06721666666666666,0.16082666666666665,0.09487666666666666,0.08179333333333334,1.268,0.025120000000000007,0.07333333333333333,33.4,0.14670333333333335,0.3229166666666667,45.80266666666667,0.09683666666666665,0.12362333333333334,78.63066666666666,0.0,0.03716666666666667,0.47000000000000003,0.03329,0.09175000000000001,0.4106666666666667,0.08179333333333334,0.0,0.5260066666666666
102,95,2003-01-08,1,1,2002-03,Minnesota Timberwolves,Golden State Warriors,1,0.4850066666666667,0.04387666666666666,0.35491666666666666,0.08620666666666668,0.22133,0.06599999999999999,0.15533666666666665,0.12825,0.06861999999999999,1.9833333333333336,0.014623333333333332,0.04268000000000001,33.673333333333325,0.1774633333333333,0.38054333333333334,46.75266666666667,0.08620666666666668,0.11528666666666666,75.26599999999999,0.0,0.031123333333333336,0.4673333333333333,0.02929666666666666,0.10862333333333334,0.2806666666666667,0.06861999999999999,0.0,0.5661666666666666,0.49645666666666666,0.07825333333333333,0.2994166666666666,0.11879333333333333,0.23099666666666666,0.07912333333333331,0.15187,0.09954333333333333,0.08621000000000002,1.2073333333333334,0.02608,0.06946333333333334,38.581333333333326,0.14970999999999995,0.33733,44.464666666666666,0.11879333333333333,0.15566,75.89666666666666,0.0,0.03762666666666667,0.4493333333333334,0.030369999999999998,0.11620666666666667,0.2673333333333333,0.08621000000000002,0.0,0.5409166666666667
99,117,2003-01-08,1,1,2002-03,Atlanta Hawks,Dallas Mavericks,0,0.44866666666666666,0.08037333333333334,0.28158333333333335,0.08671000000000001,0.21432333333333334,0.06283333333333334,0.15149333333333334,0.09821000000000003,0.08225666666666666,1.2853333333333334,0.026793333333333336,0.07766000000000002,34.85,0.14079999999999998,0.31232666666666664,45.12866666666666,0.08671000000000001,0.11391666666666668,75.35066666666667,0.0,0.03512333333333333,0.4406666666666667,0.02745666666666667,0.11029333333333333,0.2593333333333333,0.08225666666666666,0.0,0.49191333333333326,0.51604,0.11600333333333333,0.3020833333333333,0.09795333333333334,0.21341333333333334,0.055793333333333334,0.15762000000000004,0.10512333333333333,0.05509,2.013333333333333,0.03866333333333332,0.10467000000000001,35.946000000000005,0.15104,0.3243366666666666,46.35466666666667,0.09795333333333334,0.11433666666666666,84.88733333333333,0.0,0.04283,0.818,0.031000000000000007,0.11108333333333334,0.28666666666666674,0.05509,0.0,0.5976666666666667
94,103,2003-01-08,1,1,2002-03,Philadelphia 76ers,Detroit Pistons,0,0.45821,0.04687999999999999,0.3239166666666667,0.08741666666666667,0.20116666666666663,0.058166666666666665,0.143,0.10420666666666668,0.08099666666666668,1.3546666666666665,0.01562,0.05383333333333333,28.552,0.16196333333333335,0.34896000000000005,46.656666666666666,0.08741666666666667,0.12054666666666666,72.42133333333335,0.0,0.05178333333333332,0.6940000000000001,0.018920000000000003,0.11358666666666667,0.1713333333333333,0.08099666666666668,0.0,0.49495999999999996,0.46371,0.10400333333333332,0.26633333333333337,0.09337333333333332,0.19778666666666667,0.05291666666666666,0.14487000000000003,0.10653666666666668,0.06791,1.7333333333333334,0.03466333333333334,0.08691,39.82933333333333,0.13316999999999998,0.29441999999999996,45.43066666666667,0.09337333333333332,0.12312999999999999,75.06000000000002,0.0,0.033043333333333334,0.544,0.029416666666666667,0.11721333333333332,0.264,0.06791,0.0,0.51934
90,87,2003-01-09,1,1,2002-03,Portland Trail Blazers,San Antonio Spurs,1,0.47870666666666667,0.07075666666666666,0.3203333333333333,0.08763000000000001,0.20787000000000003,0.06074333333333333,0.1471333333333333,0.11657999999999999,0.07721333333333333,1.592666666666667,0.02357666666666667,0.07324666666666667,32.12333333333334,0.16016666666666668,0.3278733333333333,49.19199999999999,0.08763000000000001,0.12212999999999999,71.36133333333333,0.0,0.04978666666666666,0.6713333333333332,0.020826666666666667,0.10400333333333332,0.2193333333333334,0.07721333333333333,0.0,0.5447033333333332,0.46062666666666663,0.06999333333333334,0.2991666666666667,0.09145666666666667,0.21337333333333333,0.05149999999999999,0.1618733333333333,0.08471333333333333,0.08033333333333334,1.1426666666666667,0.023339999999999996,0.07246333333333332,29.891333333333343,0.14958666666666665,0.30566666666666664,49.23933333333333,0.09145666666666667,0.12912333333333334,71.53866666666667,0.0,0.029123333333333338,0.42266666666666663,0.039703333333333334,0.10479333333333332,0.3873333333333333,0.08033333333333334,0.0,0.50433
82,118,2003-01-09,1,1,2002-03,New Jersey Nets,Sacramento Kings,0,0.4999966666666667,0.07086666666666668,0.32883333333333337,0.10029333333333333,0.21173999999999998,0.05600333333333333,0.15575666666666665,0.11925,0.07157999999999999,1.7773333333333337,0.023633333333333333,0.06220666666666668,35.99666666666666,0.16441333333333333,0.34312666666666664,47.95466666666667,0.10029333333333333,0.13426,75.56933333333333,0.0,0.045119999999999987,0.6513333333333333,0.02603666666666667,0.11204,0.24466666666666667,0.07157999999999999,0.0,0.57933,0.48883666666666664,0.08549999999999999,0.32558333333333334,0.07774666666666667,0.21269999999999997,0.05062333333333334,0.16208333333333333,0.11716333333333331,0.06878999999999999,2.1446666666666667,0.0285,0.07925333333333334,34.74133333333334,0.16278666666666666,0.33830666666666664,48.022666666666666,0.07774666666666667,0.11016333333333332,70.28666666666666,0.0,0.046540000000000005,0.9099999999999999,0.03283333333333333,0.09829666666666667,0.35333333333333333,0.06878999999999999,0.0,0.5706300000000001
115,99,2003-01-10,1,1,2002-03,Los Angeles Lakers,Cleveland Cavaliers,1,0.48949666666666675,0.08112000000000001,0.31683333333333336,0.09155,0.22963000000000003,0.06595666666666666,0.1636633333333333,0.119,0.08159000000000001,1.5479999999999998,0.027046666666666667,0.07741333333333333,35.412,0.15842333333333333,0.3354966666666666,47.670666666666676,0.09155,0.13271,69.13533333333334,0.0,0.034133333333333335,0.42200000000000004,0.027746666666666673,0.11891666666666666,0.24400000000000002,0.08159000000000001,0.0,0.5497966666666667,0.49017999999999995,0.07562333333333335,0.309,0.10554333333333331,0.21987666666666666,0.06983666666666664,0.15003666666666668,0.10158333333333333,0.08549333333333334,1.2493333333333334,0.025210000000000003,0.06633,38.599333333333334,0.15450333333333333,0.34996,44.17466666666666,0.10554333333333331,0.14304333333333333,73.86466666666666,0.0,0.03775333333333333,0.4906666666666667,0.03329333333333333,0.11617333333333334,0.286,0.08549333333333334,0.0,0.5230866666666667
93,85,2003-01-10,1,1,2002-03,Milwaukee Bucks,Chicago Bulls,1,0.50125,0.09988,0.29900000000000004,0.10237333333333334,0.20437999999999998,0.05258666666666668,0.15179,0.11274999999999998,0.06458333333333334,1.812,0.033286666666666666,0.08770999999999997,37.18333333333333,0.14950333333333335,0.3193,46.809999999999995,0.10237333333333334,0.12721,79.94866666666665,0.0,0.037673333333333336,0.6133333333333334,0.02300666666666666,0.11904,0.198,0.06458333333333334,0.0,0.56541,0.4731233333333334,0.05987333333333333,0.3216666666666666,0.09158000000000001,0.21229333333333333,0.05604333333333334,0.15625,0.10649666666666666,0.07625333333333333,1.4806666666666664,0.019959999999999995,0.05904333333333332,32.708666666666666,0.16083333333333333,0.34696666666666665,46.39733333333333,0.09158000000000001,0.1264566666666667,73.00733333333332,0.0,0.03900333333333334,0.5373333333333332,0.029160000000000002,0.12074666666666664,0.24266666666666664,0.07625333333333333,0.0,0.52375
115,109,2003-01-10,1,1,2002-03,Minnesota Timberwolves,Sacramento Kings,1,0.4847533333333333,0.04450333333333333,0.35391666666666666,0.08633333333333333,0.22045333333333336,0.06524666666666666,0.15521000000000001,0.12870666666666666,0.06845333333333334,2.006666666666667,0.01483,0.043680000000000004,33.71,0.1769633333333333,0.3792933333333333,46.74133333333334,0.08633333333333333,0.11428666666666668,75.95199999999998,0.0,0.0315,0.47866666666666663,0.029169999999999995,0.10920666666666665,0.27799999999999997,0.06845333333333334,0.0,0.5670000000000001,0.48917,0.086,0.32533333333333325,0.07782666666666667,0.21399333333333334,0.050583333333333334,0.16341666666666665,0.11770666666666667,0.06854333333333333,2.1606666666666667,0.028666666666666663,0.08008666666666667,34.83133333333333,0.1626633333333333,0.33872,47.932,0.07782666666666667,0.10991333333333332,70.51200000000001,0.0,0.046833333333333345,0.9153333333333332,0.033416666666666664,0.09858666666666667,0.3573333333333333,0.06854333333333333,0.0,0.5730466666666667
97,101,2003-01-10,1,1,2002-03,Orlando Magic,Indiana Pacers,0,0.47766666666666674,0.09575999999999998,0.2763333333333334,0.10557666666666667,0.20900000000000005,0.05983666666666666,0.14916333333333334,0.09754333333333333,0.07045666666666665,1.4633333333333334,0.03190666666666667,0.08958333333333332,36.831333333333326,0.1381666666666667,0.32253666666666664,43.03266666666666,0.10557666666666667,0.13212,80.10066666666667,0.0,0.04512666666666666,0.6760000000000002,0.015030000000000003,0.11741000000000001,0.13466666666666668,0.07045666666666665,0.0,0.50533,0.4998699999999999,0.07649666666666666,0.3039166666666667,0.11946333333333331,0.2164133333333333,0.06216666666666666,0.15425666666666665,0.10787333333333331,0.08137666666666667,1.4020000000000001,0.025503333333333333,0.07170666666666667,36.136,0.1519466666666667,0.3241266666666667,46.785999999999994,0.11946333333333331,0.16004333333333334,74.55933333333333,0.0,0.041703333333333335,0.532,0.023586666666666662,0.11483,0.2113333333333333,0.08137666666666667,0.0,0.5491233333333333
112,114,2003-01-10,1,1,2002-03,Philadelphia 76ers,New York Knicks,0,0.4552533333333333,0.04575333333333332,0.3223333333333333,0.08716666666666667,0.20166666666666663,0.059166666666666666,0.1425,0.10357999999999999,0.08170666666666666,1.3326666666666662,0.015246666666666665,0.05312666666666666,28.206,0.16116999999999998,0.3510433333333334,46.13866666666667,0.08716666666666667,0.12042,72.20933333333333,0.0,0.05211666666666667,0.6906666666666667,0.018253333333333333,0.11442,0.164,0.08170666666666666,0.0,0.48816999999999994,0.46708666666666676,0.112,0.27449999999999997,0.08059,0.20629333333333336,0.05362333333333334,0.15267,0.10666999999999999,0.07392,1.5393333333333332,0.037333333333333336,0.08899666666666667,42.44133333333333,0.13725,0.30895999999999996,44.744666666666674,0.08059,0.10082666666666665,79.72533333333332,0.0,0.02829,0.4093333333333334,0.015883333333333336,0.11274333333333335,0.14666666666666664,0.07392,0.0,0.5066566666666666
96,90,2003-01-10,1,1,2002-03,Phoenix Suns,Memphis Grizzlies,1,0.48400000000000004,0.08450333333333332,0.31883333333333336,0.08066666666666666,0.22058000000000003,0.06842333333333332,0.1521666666666667,0.11112333333333332,0.07712333333333334,1.5293333333333334,0.028163333333333332,0.07754333333333333,36.37333333333334,0.15941333333333332,0.34462333333333334,46.31533333333333,0.08066666666666666,0.11004333333333333,74.312,0.0,0.03941333333333334,0.5293333333333333,0.02475,0.10629666666666668,0.24000000000000007,0.07712333333333334,0.0,0.5387833333333333,0.47669666666666666,0.09400333333333331,0.29516666666666674,0.08754333333333333,0.20742666666666668,0.05354333333333334,0.15387333333333333,0.12017333333333334,0.08409,1.6100000000000003,0.031330000000000004,0.0767,42.25666666666665,0.14758000000000002,0.31466666666666665,47.09533333333333,0.08754333333333333,0.11603999999999998,76.61333333333333,0.0,0.03367666666666667,0.42133333333333334,0.028999999999999995,0.09804999999999998,0.3046666666666667,0.08409,0.0,0.5419166666666667
84,75,2003-01-10,1,1,2002-03,Atlanta Hawks,Houston Rockets,1,0.4446233333333333,0.07912666666666666,0.2803333333333333,0.08517,0.21091,0.061086666666666664,0.1498266666666667,0.09708333333333335,0.08146333333333335,1.2793333333333334,0.026373333333333335,0.07686666666666667,34.56333333333334,0.14017333333333332,0.31028333333333336,45.23,0.08517,0.11137666666666665,75.75866666666664,0.0,0.03529,0.44666666666666666,0.02720333333333334,0.11079333333333334,0.2573333333333333,0.08146333333333335,0.0,0.4868266666666666,0.4676600000000001,0.07700333333333335,0.29283333333333333,0.09783666666666664,0.22753666666666666,0.06712999999999998,0.16041000000000002,0.09466666666666665,0.08075333333333333,1.2813333333333332,0.025663333333333337,0.07504000000000001,33.443333333333335,0.14640999999999998,0.3223733333333333,45.834666666666664,0.09783666666666664,0.12433333333333334,79.03933333333333,0.0,0.03695666666666667,0.47333333333333344,0.03321,0.09216666666666669,0.40333333333333327,0.08075333333333333,0.0,0.5274633333333333
99,101,2003-01-10,1,1,2002-03,New Orleans Hornets,Detroit Pistons,0,0.46496,0.08525,0.28875,0.09095,0.20191333333333333,0.053583333333333344,0.14833000000000002,0.10161999999999999,0.06855000000000001,1.5693333333333335,0.028416666666666663,0.07575,38.67733333333333,0.14437666666666665,0.33050666666666667,43.76199999999999,0.09095,0.11704666666666666,75.55,0.0,0.04096333333333334,0.6413333333333334,0.02088,0.11088333333333332,0.18533333333333335,0.06855000000000001,0.0,0.5022566666666666,0.4657966666666667,0.10538,0.26608333333333334,0.09433333333333334,0.19687000000000002,0.052626666666666676,0.14424333333333333,0.10720333333333333,0.06795,1.7426666666666668,0.03512,0.08774333333333331,40.105999999999995,0.13304666666666667,0.29350333333333334,45.51733333333333,0.09433333333333334,0.12458666666666667,75.04066666666668,0.0,0.03308666666666667,0.544,0.02879,0.11846000000000001,0.256,0.06795,0.0,0.5204633333333333
103,78,2003-01-10,1,1,2002-03,Dallas Mavericks,Boston Celtics,1,0.5129133333333333,0.11163,0.30300000000000005,0.09828666666666667,0.21237000000000003,0.055586666666666666,0.15678666666666666,0.10458333333333333,0.05421333333333334,2.0439999999999996,0.03720333333333333,0.10329333333333336,34.716666666666676,0.1515,0.3250866666666667,46.36333333333334,0.09828666666666667,0.11492333333333331,84.818,0.0,0.04225,0.8200000000000001,0.031626666666666664,0.11096,0.29333333333333333,0.05421333333333334,0.0,0.5932499999999999,0.48071000000000014,0.12937333333333334,0.24400000000000005,0.10733,0.20175333333333334,0.04878999999999999,0.15296,0.0905,0.07104333333333333,1.3066666666666664,0.04312666666666667,0.12969999999999998,32.97666666666667,0.12200000000000003,0.26629,45.789333333333325,0.10733,0.14104333333333333,75.94133333333335,0.0,0.05033333333333334,0.74,0.019866666666666664,0.11012666666666668,0.19533333333333333,0.07104333333333333,0.0,0.5075333333333333
82,81,2003-01-10,1,1,2002-03,Denver Nuggets,Portland Trail Blazers,1,0.4187199999999999,0.05849,0.2825,0.07770999999999999,0.20004666666666665,0.06108666666666666,0.1389566666666667,0.10254666666666666,0.09223333333333333,1.2426666666666668,0.019510000000000003,0.06595333333333334,28.022666666666673,0.14125,0.32916333333333336,42.95,0.07770999999999999,0.11258333333333334,68.75866666666666,0.0,0.042589999999999996,0.49466666666666664,0.022166666666666668,0.13154000000000002,0.17133333333333328,0.09223333333333333,0.0,0.4245400000000001,0.4800400000000001,0.07038000000000001,0.3199166666666667,0.08975666666666667,0.20749333333333336,0.060869999999999994,0.14663333333333337,0.11545333333333335,0.07758666666666666,1.572,0.023453333333333333,0.07416,31.47333333333334,0.15996,0.3269533333333333,49.254,0.08975666666666667,0.12475333333333331,71.29533333333333,0.0,0.05095333333333334,0.6813333333333332,0.019826666666666666,0.10471333333333331,0.20600000000000002,0.07758666666666666,0.0,0.5434966666666666
88,90,2003-01-10,1,1,2002-03,Seattle SuperSonics,Los Angeles Clippers,0,0.46034,0.06825333333333333,0.31716666666666665,0.07491333333333335,0.21133333333333332,0.0635,0.14783,0.10804666666666665,0.06413666666666666,1.8053333333333335,0.02274666666666667,0.06584000000000001,34.75266666666666,0.15858333333333333,0.34570333333333336,45.846666666666664,0.07491333333333335,0.10783333333333332,70.62266666666666,0.0,0.04449666666666666,0.7440000000000001,0.016040000000000006,0.10049666666666668,0.16133333333333333,0.06413666666666666,0.0,0.5129966666666667,0.46071,0.07413333333333333,0.28458333333333324,0.10200000000000001,0.20771,0.06145666666666667,0.14624999999999996,0.09370333333333332,0.07912333333333335,1.2406666666666666,0.024700000000000003,0.07941,31.21666666666666,0.14228666666666664,0.31195333333333336,45.63733333333333,0.10200000000000001,0.13354,76.358,0.0,0.035716666666666654,0.4626666666666666,0.031996666666666666,0.10291666666666668,0.31533333333333335,0.07912333333333335,0.0,0.49479000000000006
79,94,2003-01-10,1,1,2002-03,Toronto Raptors,New Jersey Nets,0,0.45066666666666666,0.08986999999999999,0.2814166666666667,0.07936333333333333,0.1996666666666666,0.06392,0.13574999999999998,0.09303999999999998,0.06920333333333333,1.4106666666666667,0.029963333333333335,0.08391333333333334,35.21933333333333,0.14071,0.32153999999999994,43.79933333333334,0.07936333333333333,0.11458666666666668,68.69,0.0,0.03362666666666666,0.504,0.01987333333333333,0.10970333333333332,0.18866666666666665,0.06920333333333333,0.0,0.45766999999999997,0.5006633333333333,0.06799333333333332,0.33066666666666666,0.102,0.21140666666666666,0.05621,0.15521333333333331,0.11949666666666667,0.07161999999999999,1.7873333333333334,0.02267333333333333,0.06112666666666667,35.508,0.16533,0.3425033333333333,48.33133333333333,0.102,0.13734000000000002,75.284,0.0,0.04515999999999999,0.6546666666666667,0.025536666666666666,0.11245666666666668,0.2406666666666667,0.07161999999999999,0.0,0.5797066666666667
92,76,2003-01-10,1,1,2002-03,Utah Jazz,Miami Heat,1,0.48750666666666675,0.05075666666666667,0.3185833333333334,0.11817000000000003,0.21245666666666665,0.06221333333333334,0.1502466666666667,0.12996,0.08750666666666668,1.534,0.01691,0.041786666666666666,40.72866666666666,0.15929333333333334,0.3311633333333333,48.32066666666667,0.11817000000000003,0.15078666666666668,79.41933333333333,0.0,0.048323333333333336,0.5626666666666666,0.028083333333333335,0.11466333333333333,0.2533333333333333,0.08750666666666668,0.0,0.5894600000000002,0.4438266666666667,0.07462666666666665,0.2865833333333333,0.08262666666666665,0.21571,0.06337666666666668,0.15233333333333335,0.08937333333333333,0.07042000000000001,1.362666666666667,0.024873333333333338,0.06776,36.568666666666665,0.14328333333333335,0.3297366666666667,43.42266666666667,0.08262666666666665,0.10916999999999998,74.74733333333332,0.0,0.03833333333333333,0.5706666666666667,0.01846,0.11345999999999998,0.16599999999999998,0.07042000000000001,0.0,0.47942333333333337
99,104,2003-01-10,1,1,2002-03,Washington Wizards,Golden State Warriors,0,0.4554566666666666,0.055993333333333326,0.30141666666666667,0.09804333333333333,0.1990833333333333,0.049749999999999996,0.14933000000000002,0.10154333333333332,0.07112666666666669,1.5673333333333337,0.018673333333333333,0.053213333333333335,35.75866666666666,0.15071,0.31870666666666664,47.288666666666664,0.09804333333333333,0.12778666666666666,77.03066666666665,0.0,0.03374666666666667,0.51,0.023083333333333334,0.10415999999999999,0.22999999999999998,0.07112666666666669,0.0,0.5094933333333332,0.49571000000000004,0.07887666666666665,0.30008333333333337,0.11675000000000003,0.23087333333333332,0.07908333333333332,0.15179,0.09854333333333333,0.08604333333333332,1.1966666666666665,0.026289999999999997,0.06946333333333331,38.87466666666666,0.15004333333333333,0.33828666666666674,44.44866666666667,0.11675000000000003,0.15261666666666668,76.22733333333332,0.0,0.03675,0.44000000000000006,0.02962333333333333,0.11604,0.2613333333333333,0.08604333333333332,0.0,0.5381699999999999
87,89,2003-01-11,1,1,2002-03,Detroit Pistons,Milwaukee Bucks,0,0.46725333333333324,0.10600333333333335,0.26591666666666663,0.09533333333333334,0.1959533333333333,0.052250000000000005,0.14370333333333332,0.10741333333333333,0.06807333333333333,1.746,0.03533,0.08828666666666667,40.205999999999996,0.13296666666666665,0.29246333333333335,45.639333333333326,0.09533333333333334,0.12592,75.08133333333333,0.0,0.03333333333333333,0.546,0.028079999999999997,0.11983333333333336,0.2466666666666667,0.06807333333333333,0.0,0.5209199999999999,0.50304,0.10050666666666667,0.29875000000000007,0.10379333333333333,0.20383999999999997,0.05187666666666667,0.15195666666666668,0.11320666666666665,0.06512666666666668,1.806,0.03349333333333333,0.08846333333333331,37.17333333333333,0.14938,0.31809333333333334,46.97866666666666,0.10379333333333333,0.128,80.59200000000001,0.0,0.037216666666666676,0.6033333333333333,0.023006666666666658,0.11958333333333333,0.196,0.06512666666666668,0.0,0.5672866666666666
87,80,2003-01-11,1,1,2002-03,Atlanta Hawks,New Orleans Hornets,1,0.4412066666666667,0.07800333333333336,0.2793333333333333,0.08387666666666667,0.20794999999999994,0.05967,0.14828333333333338,0.09608333333333333,0.08050666666666668,1.28,0.025996666666666668,0.07674333333333336,34.09600000000001,0.1396733333333333,0.3087,45.30266666666667,0.08387666666666667,0.10921,76.14266666666667,0.0,0.03479,0.44400000000000006,0.026743333333333338,0.1115,0.252,0.08050666666666668,0.0,0.48116,0.4631266666666667,0.08449999999999998,0.28850000000000003,0.09011666666666666,0.20324666666666666,0.053960000000000015,0.14928666666666668,0.10070333333333334,0.06888333333333334,1.5346666666666668,0.028166666666666666,0.07529,38.454,0.14424999999999996,0.3320866666666666,43.532000000000004,0.09011666666666666,0.11575333333333332,75.82999999999998,0.0,0.04012999999999999,0.624,0.02088,0.11105,0.18533333333333335,0.06888333333333334,0.0,0.49863
87,85,2003-01-11,1,1,2002-03,Houston Rockets,Denver Nuggets,1,0.46903333333333336,0.07825,0.29175000000000006,0.09904333333333334,0.2274933333333333,0.06717,0.1603266666666667,0.09399999999999999,0.08025333333333333,1.2746666666666664,0.026083333333333337,0.07704000000000001,33.15133333333334,0.14587,0.3205,45.957333333333345,0.09904333333333334,0.12520666666666666,79.49533333333333,0.0,0.03666333333333334,0.47266666666666673,0.03313,0.09270666666666666,0.39466666666666667,0.08025333333333333,0.0,0.5283366666666666,0.4196766666666666,0.057243333333333334,0.2838333333333333,0.07858333333333332,0.20046333333333335,0.060669999999999995,0.13979,0.10342333333333333,0.09198666666666666,1.2526666666666668,0.01909,0.06537333333333332,27.601333333333336,0.14191666666666664,0.32749666666666666,43.39133333333334,0.07858333333333332,0.11329000000000002,69.11266666666666,0.0,0.04175666666666666,0.4866666666666666,0.02212333333333333,0.13125,0.172,0.09198666666666666,0.0,0.4288333333333334
116,104,2003-01-11,1,1,2002-03,Indiana Pacers,Golden State Warriors,1,0.5009966666666666,0.07749666666666667,0.3041666666666666,0.11933999999999999,0.21628999999999998,0.06091666666666666,0.15538333333333335,0.10895666666666665,0.08129333333333334,1.4240000000000002,0.025836666666666664,0.07225,36.309333333333335,0.15207333333333334,0.3230866666666667,47.00666666666665,0.11933999999999999,0.16013000000000002,74.53266666666667,0.0,0.042370000000000005,0.5426666666666666,0.023459999999999995,0.11291,0.214,0.08129333333333334,0.0,0.5525800000000001,0.4958366666666667,0.07925333333333334,0.30133333333333334,0.11525,0.23124666666666668,0.07883333333333334,0.15241333333333335,0.09783333333333334,0.08520999999999998,1.2073333333333334,0.02641333333333333,0.06904666666666666,39.29066666666667,0.15066666666666664,0.33962000000000003,44.46866666666667,0.11525,0.15028333333333332,76.50866666666666,0.0,0.03562666666666667,0.4326666666666667,0.02879,0.11628666666666666,0.25399999999999995,0.08520999999999998,0.0,0.5375033333333334
84,89,2003-01-11,1,1,2002-03,New York Knicks,Washington Wizards,0,0.4670033333333334,0.11175333333333334,0.27466666666666667,0.08059,0.20608666666666667,0.05337666666666667,0.15271,0.10683666666666666,0.07287666666666666,1.5646666666666669,0.037246666666666664,0.08829,42.70933333333334,0.13733333333333334,0.30975,44.67733333333333,0.08059,0.10049333333333334,80.01066666666665,0.0,0.028290000000000006,0.41600000000000004,0.015383333333333334,0.11320333333333334,0.14266666666666666,0.07287666666666666,0.0,0.5073233333333333,0.45862333333333327,0.05674333333333333,0.30141666666666667,0.10046333333333332,0.19891666666666666,0.04883,0.15008,0.1017933333333333,0.07104333333333333,1.5753333333333333,0.018923333333333334,0.053836666666666665,35.58666666666667,0.15070999999999998,0.31683,47.531333333333336,0.10046333333333332,0.13036666666666666,77.30199999999999,0.0,0.03361999999999999,0.51,0.023289999999999998,0.10441333333333332,0.23266666666666663,0.07104333333333333,0.0,0.5142433333333333
105,91,2003-01-12,1,1,2002-03,Toronto Raptors,Minnesota Timberwolves,1,0.44837666666666665,0.08924333333333333,0.2795,0.07961666666666667,0.19874666666666665,0.06396333333333333,0.13479333333333335,0.09245333333333332,0.06987,1.3873333333333335,0.029756666666666664,0.08349333333333335,35.016666666666666,0.13974999999999999,0.32045999999999997,43.65466666666667,0.07961666666666667,0.11529333333333334,68.42133333333332,0.0,0.03400333333333332,0.502,0.01983,0.11099333333333333,0.18599999999999997,0.06987,0.0,0.45341666666666663,0.48546000000000006,0.04525,0.35383333333333333,0.08637333333333333,0.21945333333333336,0.06432666666666667,0.15512333333333336,0.12937333333333334,0.06778666666666666,2.050666666666667,0.015083333333333332,0.04468000000000001,33.79333333333333,0.17691999999999997,0.37833333333333335,46.815333333333335,0.08637333333333333,0.11357666666666667,76.33599999999998,0.0,0.031913333333333335,0.4926666666666666,0.02929666666666667,0.10991333333333332,0.27799999999999997,0.06778666666666666,0.0,0.5695
90,96,2003-01-12,1,1,2002-03,Los Angeles Clippers,Dallas Mavericks,0,0.46037666666666666,0.07388333333333334,0.2840833333333333,0.10241666666666666,0.20879333333333336,0.062456666666666674,0.14633333333333332,0.09358,0.07862333333333334,1.2506666666666666,0.02461666666666667,0.07853666666666667,31.68733333333333,0.14203666666666667,0.31362,45.31000000000001,0.10241666666666666,0.13512333333333332,75.776,0.0,0.03496666666666667,0.45666666666666667,0.03237,0.10304333333333333,0.3186666666666667,0.07862333333333334,0.0,0.4932500000000001,0.51108,0.10675333333333333,0.3062500000000001,0.09808,0.21279000000000003,0.05575333333333333,0.15703666666666663,0.10483333333333335,0.05346,2.0846666666666662,0.035579999999999994,0.10133666666666669,33.54266666666667,0.15312333333333333,0.3274633333333334,46.53333333333333,0.09808,0.11492333333333332,84.72466666666666,0.0,0.04162333333333334,0.8193333333333334,0.03220666666666667,0.11008666666666667,0.30066666666666664,0.05346,0.0,0.5921633333333334
81,80,2003-01-12,1,1,2002-03,San Antonio Spurs,Boston Celtics,1,0.46275333333333335,0.07086999999999999,0.29958333333333337,0.09229000000000001,0.21204,0.05083333333333333,0.16120666666666666,0.08475333333333333,0.08029,1.1393333333333333,0.023629999999999998,0.07192,30.593333333333337,0.14979333333333333,0.3067066666666667,49.108,0.09229000000000001,0.12899666666666668,72.19533333333332,0.0,0.029210000000000003,0.4186666666666667,0.03932666666666666,0.10458666666666666,0.384,0.08029,0.0,0.5058733333333333,0.47821,0.12912333333333334,0.24208333333333337,0.10699666666666666,0.19921333333333335,0.047833333333333325,0.15137333333333333,0.08975000000000001,0.07150000000000002,1.2873333333333332,0.043043333333333336,0.12974,32.82933333333333,0.12104000000000001,0.26487333333333335,45.64133333333333,0.10699666666666666,0.13954333333333332,76.63066666666667,0.0,0.049793333333333335,0.7280000000000001,0.01974333333333333,0.11012666666666668,0.19466666666666665,0.07150000000000002,0.0,0.5021166666666667
79,87,2003-01-12,1,1,2002-03,Seattle SuperSonics,Cleveland Cavaliers,0,0.45741999999999994,0.06725333333333333,0.31516666666666665,0.07500000000000001,0.21142,0.06391333333333332,0.14749666666666666,0.10775333333333333,0.06484333333333334,1.7886666666666668,0.022413333333333334,0.06500666666666668,34.57733333333333,0.1575833333333333,0.34462333333333334,45.704,0.07500000000000001,0.10787333333333333,70.80266666666667,0.0,0.04429000000000001,0.7306666666666668,0.015496666666666667,0.10095666666666667,0.15533333333333335,0.06484333333333334,0.0,0.5090366666666667,0.4875133333333333,0.07712333333333334,0.3064166666666666,0.10395999999999998,0.22121000000000002,0.06991666666666667,0.15128666666666665,0.10145666666666668,0.08611999999999999,1.2393333333333334,0.025710000000000004,0.06753666666666668,38.550666666666665,0.15320999999999999,0.34896,43.91999999999999,0.10395999999999998,0.14091666666666666,73.80733333333333,0.0,0.037463333333333335,0.482,0.033416666666666664,0.11659,0.28533333333333327,0.08611999999999999,0.0,0.5203800000000001
107,99,2003-01-12,1,1,2002-03,Phoenix Suns,Utah Jazz,1,0.48508333333333337,0.08625333333333332,0.31649999999999995,0.08233333333333333,0.21857999999999997,0.06642333333333333,0.15216666666666667,0.11212333333333334,0.07645666666666666,1.5580000000000003,0.028746666666666663,0.07816666666666668,36.758,0.1582466666666667,0.3406633333333333,46.51933333333333,0.08233333333333333,0.11212333333333334,74.42533333333334,0.0,0.038706666666666674,0.5273333333333333,0.024663333333333332,0.10637666666666665,0.24000000000000005,0.07645666666666666,0.0,0.5410733333333332,0.4891733333333334,0.051383333333333336,0.3196666666666667,0.11812666666666669,0.21079,0.062253333333333334,0.14853666666666668,0.13092,0.08684,1.5566666666666669,0.017116666666666665,0.04237,40.682,0.15983333333333333,0.3312466666666667,48.43666666666666,0.11812666666666669,0.1504966666666667,79.64733333333334,0.0,0.04920000000000001,0.5773333333333334,0.027710000000000002,0.11374666666666666,0.2506666666666667,0.08684,0.0,0.5919200000000001
105,107,2003-01-12,1,1,2002-03,Philadelphia 76ers,Orlando Magic,0,0.45183666666666666,0.04487666666666666,0.31958333333333333,0.08737333333333333,0.20279333333333327,0.06062666666666667,0.14216666666666666,0.103,0.08266666666666668,1.3073333333333332,0.01495666666666667,0.05233666666666667,28.039333333333335,0.15979333333333337,0.35217000000000004,45.57866666666667,0.08737333333333333,0.12071333333333333,72.08266666666667,0.0,0.05220333333333334,0.6813333333333333,0.017673333333333333,0.11492,0.158,0.08266666666666668,0.0,0.48175,0.47700000000000015,0.09625999999999998,0.27466666666666667,0.10607666666666667,0.20687666666666668,0.059629999999999996,0.14725,0.09808666666666666,0.07024999999999998,1.4706666666666668,0.032073333333333336,0.09074999999999998,36.572,0.13733333333333334,0.32003666666666664,43.160000000000004,0.10607666666666667,0.13295333333333334,80.07933333333334,0.0,0.04562666666666667,0.6853333333333335,0.014490000000000003,0.11845000000000001,0.12866666666666668,0.07024999999999998,0.0,0.50358
106,81,2003-01-12,1,1,2002-03,Los Angeles Lakers,Miami Heat,1,0.49199666666666675,0.08187333333333331,0.31758333333333333,0.09255000000000001,0.22984,0.06637333333333333,0.1634566666666667,0.11987666666666666,0.08150333333333333,1.5446666666666669,0.027293333333333336,0.07845666666666666,35.21466666666666,0.15879666666666664,0.33412000000000003,48.014,0.09255000000000001,0.13421,69.26933333333334,0.0,0.03376,0.41800000000000004,0.027746666666666666,0.11991666666666669,0.24000000000000002,0.08150333333333333,0.0,0.5535433333333333,0.44395000000000007,0.073,0.28700000000000003,0.08396,0.21508333333333332,0.06233333333333334,0.15275000000000002,0.08895666666666666,0.07042,1.3566666666666667,0.02433333333333334,0.0658,36.74266666666666,0.14349,0.32973666666666673,43.48133333333333,0.08396,0.11029333333333333,75.17666666666668,0.0,0.03866666666666666,0.5753333333333334,0.018336666666666668,0.11291999999999999,0.1653333333333333,0.07042,0.0,0.4805466666666666
106,98,2003-01-12,1,1,2002-03,Sacramento Kings,Memphis Grizzlies,1,0.49108666666666667,0.08724666666666665,0.3258333333333333,0.07799333333333333,0.21578666666666668,0.05054,0.16525,0.11861999999999998,0.06821,2.185333333333334,0.029086666666666663,0.08121,35.15866666666667,0.16291333333333333,0.3391766666666666,47.92999999999999,0.07799333333333333,0.10953999999999998,70.91933333333333,0.0,0.04741333333333334,0.9253333333333332,0.033543333333333335,0.09854666666666669,0.35799999999999993,0.06821,0.0,0.5783366666666667,0.47790666666666665,0.09437666666666668,0.2955,0.08804333333333335,0.20834333333333335,0.05379333333333333,0.15454,0.12037999999999999,0.08442333333333334,1.6113333333333335,0.03145666666666667,0.07732333333333333,42.255333333333326,0.14774666666666667,0.31333333333333335,47.285333333333334,0.08804333333333335,0.11737333333333333,76.21333333333334,0.0,0.03334333333333333,0.4153333333333334,0.028083333333333335,0.09788333333333332,0.29533333333333334,0.08442333333333334,0.0,0.54283
89,75,2003-01-13,1,1,2002-03,Minnesota Timberwolves,Denver Nuggets,1,0.4866666666666667,0.04624999999999999,0.35341666666666666,0.087,0.21949333333333337,0.06370333333333332,0.15579,0.13004000000000002,0.06736666666666666,2.0906666666666665,0.015416666666666667,0.04551333333333334,34.076,0.1767133333333333,0.3777066666666667,46.80333333333333,0.087,0.11411666666666666,76.40799999999999,0.0,0.031913333333333335,0.49999999999999994,0.029463333333333334,0.11045333333333332,0.27799999999999997,0.06736666666666666,0.0,0.572,0.4198833333333333,0.05499333333333333,0.2856666666666667,0.07920666666666666,0.20113000000000003,0.06071333333333333,0.1404166666666667,0.10371666666666668,0.09186333333333334,1.256,0.01834,0.06404,26.773333333333333,0.14283333333333334,0.3266233333333333,43.81266666666667,0.07920666666666666,0.11374666666666666,69.41466666666665,0.0,0.041049999999999996,0.4793333333333332,0.022289999999999997,0.1305,0.1753333333333333,0.09186333333333334,0.0,0.43212666666666666
86,101,2003-01-13,1,1,2002-03,Orlando Magic,Detroit Pistons,0,0.47562666666666675,0.09663666666666665,0.27308333333333334,0.10591,0.20462666666666668,0.05896333333333333,0.14566666666666667,0.0987533333333333,0.07062333333333332,1.4713333333333336,0.03219666666666667,0.09129000000000001,36.44133333333333,0.13654333333333335,0.31745666666666666,43.314666666666675,0.10591,0.13299666666666668,80.01533333333333,0.0,0.045713333333333335,0.6853333333333336,0.014196666666666668,0.11936666666666668,0.1246666666666667,0.07062333333333332,0.0,0.5012066666666667,0.4690433333333333,0.10612666666666669,0.26599999999999996,0.09691333333333334,0.19541,0.05174999999999999,0.14366333333333334,0.1075,0.06803,1.7413333333333334,0.03537333333333333,0.08895333333333331,39.95333333333333,0.13300666666666666,0.29170999999999997,45.755333333333326,0.09691333333333334,0.12771333333333335,75.262,0.0,0.03366666666666666,0.5486666666666667,0.02749333333333333,0.12078999999999998,0.23933333333333334,0.06803,0.0,0.522
118,94,2003-01-13,1,1,2002-03,Portland Trail Blazers,Cleveland Cavaliers,1,0.48174666666666677,0.06988,0.31941666666666674,0.09246333333333333,0.20741333333333337,0.06095333333333334,0.14646666666666666,0.11437000000000001,0.078,1.5500000000000003,0.02328666666666667,0.07474333333333333,30.90666666666667,0.15970666666666666,0.3257033333333333,49.35800000000001,0.09246333333333333,0.12808666666666665,71.36133333333333,0.0,0.051579999999999994,0.6859999999999999,0.018913333333333338,0.10550333333333332,0.19266666666666665,0.078,0.0,0.5429533333333334,0.4835133333333333,0.07737333333333332,0.3034166666666666,0.10271,0.22129000000000001,0.06929333333333333,0.15199666666666667,0.10070666666666668,0.08641333333333333,1.2273333333333336,0.025793333333333335,0.06803666666666668,38.14066666666667,0.15170999999999996,0.34720666666666666,43.71466666666666,0.10271,0.13941666666666666,73.65133333333331,0.0,0.037713333333333335,0.48066666666666663,0.03337666666666666,0.11655,0.2846666666666666,0.08641333333333333,0.0,0.5157133333333334
101,94,2003-01-13,1,1,2002-03,Chicago Bulls,New York Knicks,1,0.4744133333333334,0.061999999999999986,0.32083333333333325,0.09158,0.21254333333333336,0.05533666666666667,0.15720666666666666,0.10703666666666665,0.07517333333333334,1.507333333333333,0.020666666666666667,0.06013,33.583999999999996,0.16041999999999998,0.34576000000000007,46.42266666666667,0.09158,0.1267066666666667,72.846,0.0,0.03921,0.5466666666666666,0.029536666666666666,0.12191333333333335,0.24333333333333335,0.07517333333333334,0.0,0.52767,0.46741666666666665,0.11187666666666667,0.27474999999999994,0.08079666666666667,0.20558666666666664,0.05320999999999999,0.15237666666666666,0.10679666666666666,0.07183666666666665,1.5866666666666664,0.037290000000000004,0.08766666666666666,43.048,0.13737666666666665,0.31049666666666664,44.61066666666667,0.08079666666666667,0.10057333333333333,80.16533333333334,0.0,0.028666666666666674,0.4286666666666667,0.014926666666666668,0.11295333333333332,0.1393333333333334,0.07183666666666665,0.0,0.50824
108,110,2003-01-13,1,1,2002-03,Golden State Warriors,Memphis Grizzlies,0,0.49550333333333335,0.07875333333333333,0.30308333333333337,0.11366333333333332,0.23129000000000005,0.07850000000000001,0.15278999999999998,0.09683333333333333,0.08416666666666668,1.2179999999999997,0.02624666666666666,0.06804666666666666,39.66666666666666,0.1515433333333333,0.34145333333333333,44.49933333333333,0.11366333333333332,0.14757333333333333,76.94733333333332,0.0,0.034749999999999996,0.4306666666666667,0.02829,0.11595333333333332,0.25066666666666665,0.08416666666666668,0.0,0.5368799999999999,0.47940666666666665,0.09512666666666668,0.29591666666666666,0.0883766666666667,0.21005000000000001,0.05429333333333333,0.15574999999999997,0.12063,0.08467333333333334,1.6093333333333333,0.03170666666666667,0.07844999999999998,42.236666666666665,0.14795666666666665,0.3120833333333334,47.48333333333333,0.0883766666666667,0.11833333333333333,75.9,0.0,0.03301,0.41000000000000003,0.027830000000000004,0.09788333333333331,0.29333333333333333,0.08467333333333334,0.0,0.5454166666666667
101,92,2003-01-13,1,1,2002-03,Houston Rockets,Boston Celtics,1,0.4697833333333334,0.07962333333333332,0.28991666666666666,0.10025,0.2274933333333333,0.06717000000000001,0.16032666666666667,0.09279,0.07925333333333334,1.2719999999999998,0.026543333333333332,0.07904000000000001,32.88666666666668,0.14495333333333335,0.3184566666666667,45.98333333333334,0.10025,0.12641666666666668,79.782,0.0,0.03612,0.47200000000000014,0.03313,0.09329333333333333,0.3886666666666667,0.07925333333333334,0.0,0.52792,0.4748766666666667,0.1295,0.23950000000000005,0.10587333333333332,0.19734000000000004,0.04754333333333333,0.14978999999999998,0.08904333333333335,0.07225,1.2646666666666668,0.04316666666666667,0.13036333333333333,32.72599999999999,0.11974666666666668,0.2639133333333333,45.30866666666666,0.10587333333333332,0.13683666666666663,77.382,0.0,0.04887666666666667,0.7086666666666667,0.019619999999999995,0.10983333333333332,0.194,0.07225,0.0,0.49516000000000004
75,84,2003-01-14,1,1,2002-03,Washington Wizards,Toronto Raptors,0,0.46229,0.05762,0.30225,0.10242333333333332,0.19854,0.04808333333333333,0.15045666666666666,0.1022933333333333,0.07087666666666667,1.5886666666666664,0.01921333333333333,0.054213333333333336,35.73266666666667,0.15112666666666666,0.31608,47.74133333333332,0.10242333333333332,0.13224,77.68733333333333,0.0,0.03366333333333333,0.5126666666666666,0.0235,0.10470333333333333,0.23533333333333334,0.07087666666666667,0.0,0.51962,0.44575,0.08886999999999998,0.2771666666666667,0.07970333333333333,0.19691333333333333,0.06379666666666667,0.13312666666666667,0.09165999999999999,0.07049333333333334,1.364666666666667,0.02963,0.08320333333333334,34.91266666666665,0.13858333333333334,0.3187933333333333,43.524,0.07970333333333333,0.1156266666666667,68.26866666666665,0.0,0.034586666666666654,0.5046666666666667,0.019789999999999995,0.11211666666666668,0.184,0.07049333333333334,0.0,0.4485
108,100,2003-01-14,1,1,2002-03,San Antonio Spurs,Phoenix Suns,1,0.4650066666666666,0.07174666666666667,0.3000833333333333,0.09316333333333333,0.2104166666666667,0.050789999999999995,0.15961999999999998,0.08554666666666669,0.08003666666666667,1.1466666666666667,0.02392,0.07142,31.27933333333333,0.15004333333333333,0.3077500000000001,48.99666666666667,0.09316333333333333,0.12895666666666666,72.886,0.0,0.02979333333333333,0.42066666666666663,0.038493333333333345,0.10417,0.3766666666666667,0.08003666666666667,0.0,0.5082066666666666,0.48546,0.08675333333333334,0.31450000000000006,0.08420666666666668,0.21753666666666668,0.06555,0.15200000000000002,0.11258,0.07587666666666666,1.574666666666667,0.02891333333333333,0.07841333333333335,36.77333333333333,0.15724666666666667,0.33782999999999996,46.62466666666667,0.08420666666666668,0.11433333333333334,74.672,0.0,0.03808,0.526,0.02449666666666667,0.10604333333333332,0.24000000000000007,0.07587666666666666,0.0,0.5420733333333332
97,88,2003-01-14,1,1,2002-03,Milwaukee Bucks,Atlanta Hawks,1,0.5024966666666667,0.09963000000000001,0.29875,0.10412666666666667,0.2035066666666666,0.05129666666666667,0.15220333333333333,0.11349666666666665,0.06570666666666666,1.7980000000000003,0.033203333333333335,0.08837666666666665,37.031333333333336,0.14937999999999999,0.31754999999999994,47.092666666666666,0.10412666666666667,0.12804333333333334,80.91333333333334,0.0,0.03675666666666666,0.5933333333333334,0.02250666666666666,0.11995666666666668,0.19066666666666665,0.06570666666666666,0.0,0.5657866666666667,0.4374133333333333,0.07687666666666668,0.2778333333333334,0.08271,0.2057833333333333,0.05850333333333334,0.14728333333333332,0.09487333333333335,0.07963333333333332,1.2746666666666668,0.02562333333333333,0.07695000000000002,33.466,0.13892666666666667,0.3077,45.209999999999994,0.08271,0.10729333333333332,76.46866666666665,0.0,0.03466666666666666,0.446,0.026493333333333337,0.11233333333333334,0.24799999999999997,0.07963333333333332,0.0,0.47491
88,85,2003-01-14,1,1,2002-03,Miami Heat,Detroit Pistons,1,0.4442833333333334,0.071,0.2879166666666667,0.08537666666666667,0.214,0.06174666666666668,0.15225,0.08829,0.07054333333333333,1.3426666666666667,0.02366666666666667,0.06371333333333333,36.563333333333325,0.14395,0.33011,43.589333333333336,0.08537666666666667,0.11137666666666667,75.77600000000001,0.0,0.03945666666666667,0.5846666666666667,0.018046666666666662,0.11245999999999999,0.16266666666666665,0.07054333333333333,0.0,0.48134000000000005,0.46983333333333327,0.10650333333333335,0.2645833333333333,0.09874666666666668,0.19437000000000001,0.05112666666666667,0.1432466666666667,0.10708,0.06815333333333333,1.7240000000000002,0.03549666666666666,0.08962,39.784,0.13230000000000003,0.28995999999999994,45.769999999999996,0.09874666666666668,0.12967,75.48333333333333,0.0,0.03383333333333333,0.5453333333333333,0.027079999999999996,0.12087666666666667,0.2366666666666667,0.06815333333333333,0.0,0.5213333333333333
98,86,2003-01-14,1,1,2002-03,New York Knicks,Chicago Bulls,1,0.46791666666666665,0.11150000000000002,0.27575,0.08067000000000002,0.20495999999999998,0.05308333333333334,0.15187666666666663,0.10687666666666668,0.07092,1.607333333333333,0.037166666666666674,0.08724666666666665,43.13733333333333,0.13787666666666665,0.31137000000000004,44.65866666666667,0.08067000000000002,0.10040666666666667,80.11400000000002,0.0,0.02908,0.44133333333333336,0.014593333333333335,0.11316,0.13600000000000004,0.07092,0.0,0.5091566666666667,0.47437333333333337,0.06350000000000001,0.3204166666666666,0.09045666666666667,0.21291666666666667,0.05512666666666667,0.1577933333333333,0.10745333333333333,0.07442,1.5286666666666666,0.021166666666666667,0.06083666666666667,34.28666666666666,0.1602133333333333,0.3460533333333334,46.31266666666667,0.09045666666666667,0.12579,72.36,0.0,0.039376666666666664,0.5533333333333333,0.029580000000000002,0.12287333333333335,0.242,0.07442,0.0,0.5284633333333332
104,81,2003-01-15,1,1,2002-03,Indiana Pacers,Miami Heat,1,0.50008,0.07812000000000001,0.3041666666666666,0.11779666666666665,0.21641666666666665,0.05983666666666667,0.15659,0.10966333333333332,0.08149999999999999,1.4313333333333333,0.026046666666666662,0.07317,36.16599999999999,0.15207333333333334,0.32200000000000006,47.193333333333314,0.11779666666666665,0.15846333333333332,74.52866666666667,0.0,0.04341333333333333,0.5546666666666666,0.023586666666666662,0.11057666666666668,0.22,0.08149999999999999,0.0,0.5539566666666665,0.44349,0.06824999999999999,0.28816666666666674,0.08708666666666666,0.21266666666666664,0.061079999999999995,0.15158333333333335,0.08774666666666665,0.07096333333333334,1.3253333333333335,0.022750000000000006,0.061546666666666666,36.007333333333335,0.14407666666666671,0.33032000000000006,43.620666666666665,0.08708666666666666,0.11279666666666667,76.39933333333333,0.0,0.040456666666666675,0.5946666666666667,0.01784,0.11183666666666667,0.162,0.07096333333333334,0.0,0.48050666666666675
108,107,2003-01-15,1,1,2002-03,Philadelphia 76ers,New Jersey Nets,1,0.4506266666666666,0.044503333333333346,0.318,0.08812333333333333,0.2038733333333333,0.06175,0.14212666666666665,0.10300000000000001,0.08325000000000002,1.294,0.014830000000000003,0.05150333333333333,28.284666666666674,0.15899999999999997,0.35300333333333345,45.22400000000001,0.08812333333333333,0.12163,71.994,0.0,0.05232666666666666,0.6746666666666667,0.017046666666666665,0.11554333333333335,0.1513333333333333,0.08325000000000002,0.0,0.4794600000000001,0.5012033333333333,0.06436999999999998,0.33299999999999996,0.10383333333333336,0.21090666666666666,0.056376666666666665,0.15454666666666667,0.11970333333333333,0.07174333333333331,1.7946666666666669,0.02146333333333333,0.059750000000000004,34.85733333333333,0.16649666666666668,0.34217000000000003,48.74666666666667,0.10383333333333336,0.14038,75.08666666666666,0.0,0.04557666666666666,0.6626666666666667,0.02478666666666667,0.11224666666666668,0.23533333333333337,0.07174333333333331,0.0,0.5799566666666667
100,92,2003-01-15,1,1,2002-03,Portland Trail Blazers,Memphis Grizzlies,1,0.48191333333333347,0.06900333333333333,0.3181666666666667,0.09475333333333333,0.20774666666666666,0.06112,0.14663333333333334,0.11287000000000001,0.07841666666666666,1.5226666666666666,0.022996666666666665,0.07499333333333331,30.296666666666667,0.15908000000000003,0.3245766666666666,49.330666666666666,0.09475333333333333,0.13083333333333333,71.45466666666668,0.0,0.051746666666666656,0.684,0.018496666666666668,0.10546000000000001,0.1873333333333333,0.07841666666666666,0.0,0.5407866666666667,0.48036666666666666,0.09462666666666668,0.2974166666666666,0.08833333333333335,0.21105000000000004,0.05503999999999999,0.1560033333333333,0.12008666666666665,0.08413,1.6066666666666667,0.03154,0.07911666666666667,41.85066666666667,0.14870666666666665,0.3122066666666667,47.63,0.08833333333333335,0.11891666666666668,75.45733333333334,0.0,0.03284333333333333,0.4093333333333334,0.02766333333333333,0.09813666666666666,0.29266666666666663,0.08413,0.0,0.5462066666666667
123,94,2003-01-15,1,1,2002-03,Sacramento Kings,Dallas Mavericks,1,0.4941700000000001,0.08836999999999999,0.32758333333333334,0.07820333333333333,0.21703666666666666,0.05058000000000001,0.16646,0.11974333333333334,0.06745999999999999,2.222666666666667,0.029463333333333338,0.08192,35.582,0.16379000000000002,0.3406766666666667,47.986666666666665,0.07820333333333333,0.10966666666666665,71.04866666666665,0.0,0.04816333333333333,0.9413333333333332,0.033543333333333335,0.09863000000000002,0.3566666666666667,0.06745999999999999,0.0,0.5844166666666667,0.5089566666666666,0.10287666666666666,0.3094166666666667,0.09666333333333335,0.21329,0.05587666666666667,0.15741000000000002,0.10591333333333333,0.05271000000000001,2.143333333333333,0.03429,0.09959,32.73800000000001,0.15470666666666666,0.32983666666666667,46.692,0.09666333333333335,0.11363333333333332,84.526,0.0,0.04099666666666667,0.8186666666666667,0.03283333333333334,0.10892,0.3093333333333333,0.05271000000000001,0.0,0.5919133333333332
86,66,2003-01-15,1,1,2002-03,Boston Celtics,Atlanta Hawks,1,0.4721266666666667,0.12975333333333333,0.23750000000000002,0.10487333333333333,0.19588000000000003,0.04733666666666667,0.1485366666666667,0.08850333333333335,0.07295666666666666,1.2440000000000002,0.04324666666666667,0.13086333333333333,32.61266666666667,0.1187466666666667,0.26299666666666666,45.08666666666667,0.10487333333333333,0.13421,78.24399999999999,0.0,0.04837666666666667,0.6953333333333335,0.01945333333333333,0.10983333333333332,0.19333333333333333,0.07295666666666666,0.0,0.4901600000000001,0.43466666666666665,0.07637666666666668,0.27549999999999997,0.08279,0.20374333333333333,0.057170000000000006,0.14657333333333333,0.09375000000000001,0.07896666666666667,1.2659999999999998,0.025456666666666666,0.07728333333333336,33.02733333333334,0.13776,0.30619999999999997,45.03600000000001,0.08279,0.10683333333333331,76.82133333333333,0.0,0.03454,0.4466666666666667,0.02603333333333334,0.11346000000000002,0.242,0.07896666666666667,0.0,0.46945333333333333
82,90,2003-01-15,1,1,2002-03,New Orleans Hornets,Los Angeles Lakers,0,0.4625833333333333,0.08324999999999999,0.29025,0.08907333333333334,0.20449666666666666,0.05433666666666667,0.15016000000000002,0.10074333333333334,0.06884333333333334,1.526,0.027749999999999997,0.07437333333333333,38.35466666666667,0.14512666666666665,0.3345466666666666,43.49133333333334,0.08907333333333334,0.11408666666666666,76.17266666666666,0.0,0.039209999999999995,0.6080000000000001,0.021046666666666665,0.11163333333333332,0.186,0.06884333333333334,0.0,0.49821333333333334,0.49416333333333334,0.08237333333333334,0.3183333333333333,0.09347,0.2302533333333333,0.06695666666666665,0.16329000000000002,0.12075333333333332,0.08175333333333333,1.5373333333333332,0.027460000000000002,0.07945666666666668,34.91,0.15916999999999998,0.33315999999999996,48.28266666666668,0.09347,0.13533333333333333,69.49466666666667,0.0,0.033800000000000004,0.4166666666666667,0.027993333333333332,0.12062666666666666,0.23933333333333331,0.08175333333333333,0.0,0.5573333333333333
81,92,2003-01-15,1,1,2002-03,Denver Nuggets,Utah Jazz,0,0.4197566666666666,0.052366666666666666,0.2875833333333333,0.07979333333333333,0.20225666666666667,0.060590000000000005,0.14166666666666666,0.10384,0.09186333333333332,1.2526666666666668,0.01746666666666667,0.06229333333333333,26.011333333333333,0.14379,0.32599999999999996,44.211999999999996,0.07979333333333333,0.11404000000000002,69.77533333333332,0.0,0.04046333333333332,0.4739999999999999,0.022579999999999996,0.12908666666666668,0.18133333333333332,0.09186333333333332,0.0,0.43571,0.4904666666666667,0.052006666666666666,0.31975000000000003,0.11871000000000001,0.20987333333333333,0.06258666666666667,0.14728999999999998,0.13125333333333333,0.08629666666666667,1.5693333333333332,0.017326666666666667,0.043076666666666666,40.42066666666666,0.1598766666666667,0.33058000000000004,48.52733333333333,0.11871000000000001,0.15120333333333333,79.70066666666666,0.0,0.0497,0.5866666666666667,0.027333333333333334,0.11304,0.24733333333333327,0.08629666666666667,0.0,0.5933766666666667
108,80,2003-01-15,1,1,2002-03,Golden State Warriors,Cleveland Cavaliers,1,0.4950466666666667,0.07737666666666668,0.30566666666666664,0.11199666666666666,0.23104000000000005,0.07816666666666668,0.15287333333333336,0.09591666666666666,0.08316666666666667,1.2273333333333332,0.025789999999999997,0.06688,39.58333333333333,0.15283666666666665,0.34349333333333326,44.62133333333333,0.11199666666666666,0.14511333333333334,77.22999999999999,0.0,0.034083333333333334,0.4313333333333334,0.02804,0.11583,0.24933333333333335,0.08316666666666667,0.0,0.53609,0.47959333333333326,0.07774666666666666,0.30041666666666667,0.10141999999999998,0.22154000000000001,0.06896,0.15258,0.10012666666666667,0.08683333333333333,1.2166666666666666,0.025920000000000006,0.06857666666666669,37.782666666666664,0.15020999999999998,0.34562,43.49066666666667,0.10141999999999998,0.13779,73.526,0.0,0.03821333333333333,0.482,0.033166666666666664,0.11671666666666666,0.282,0.08683333333333333,0.0,0.51134
102,96,2003-01-15,1,1,2002-03,Houston Rockets,Phoenix Suns,1,0.46978333333333333,0.08112333333333334,0.28758333333333336,0.10108333333333334,0.22774666666666663,0.06721333333333333,0.16053333333333333,0.09145666666666669,0.07850666666666667,1.2659999999999998,0.027043333333333332,0.08083333333333334,32.83533333333334,0.1437866666666667,0.3164566666666667,45.890666666666675,0.10108333333333334,0.12791666666666665,79.54733333333334,0.0,0.035660000000000004,0.47000000000000003,0.03317,0.09404333333333331,0.38266666666666665,0.07850666666666667,0.0,0.5260433333333333,0.48550333333333334,0.08750333333333334,0.31174999999999997,0.08625,0.21645666666666669,0.06475666666666666,0.15171,0.11241333333333334,0.07587666666666666,1.5713333333333337,0.02916333333333333,0.07895666666666669,36.77533333333333,0.15587333333333336,0.33441333333333334,46.708666666666666,0.08625,0.11708333333333334,74.61733333333333,0.0,0.03758000000000001,0.52,0.024370000000000003,0.10587666666666665,0.24000000000000005,0.07587666666666666,0.0,0.5412833333333331
64,95,2003-01-15,1,1,2002-03,Los Angeles Clippers,Minnesota Timberwolves,0,0.45896,0.07288333333333334,0.2836666666666667,0.10241666666666666,0.21025,0.06308000000000001,0.14716666666666667,0.09320666666666666,0.07799666666666667,1.2593333333333334,0.024283333333333334,0.07782666666666667,31.601333333333333,0.14182666666666668,0.31512000000000007,45.03266666666666,0.10241666666666666,0.13629,75.13733333333333,0.0,0.034050000000000004,0.44866666666666666,0.03261666666666666,0.10350333333333334,0.3206666666666667,0.07799666666666667,0.0,0.49037333333333344,0.4882100000000001,0.04724999999999999,0.3523333333333334,0.08862666666666667,0.21949333333333335,0.06316333333333332,0.15633000000000002,0.12987333333333334,0.06695000000000001,2.112,0.01575,0.04622333333333333,34.46,0.17617,0.3767466666666667,46.73933333333333,0.08862666666666667,0.11591,76.45466666666667,0.0,0.03183,0.5033333333333333,0.02955,0.11078666666666666,0.27799999999999997,0.06695000000000001,0.0,0.5736666666666667
87,99,2003-01-15,1,1,2002-03,Toronto Raptors,Milwaukee Bucks,0,0.44358333333333333,0.08749666666666664,0.27591666666666664,0.08016333333333334,0.19562333333333334,0.06354666666666667,0.13208666666666666,0.09132666666666668,0.07103333333333334,1.3486666666666665,0.029170000000000005,0.08232666666666667,34.66466666666666,0.13795666666666667,0.31742,43.51733333333333,0.08016333333333334,0.11633333333333336,68.246,0.0,0.03516999999999999,0.5066666666666667,0.019746666666666666,0.11337000000000001,0.182,0.07103333333333334,0.0,0.44562666666666667,0.50033,0.09900333333333335,0.29716666666666675,0.10416666666666667,0.20342,0.050420000000000006,0.15299666666666667,0.11320333333333332,0.06649666666666666,1.7793333333333337,0.03299666666666667,0.08825,37.028,0.14858999999999997,0.31625666666666663,47.072,0.10416666666666667,0.12754333333333331,81.368,0.0,0.035963333333333326,0.578,0.021840000000000002,0.11970666666666667,0.1846666666666667,0.06649666666666666,0.0,0.5619533333333334
108,93,2003-01-16,1,1,2002-03,Washington Wizards,Orlando Magic,1,0.46695666666666663,0.05824666666666667,0.30366666666666664,0.10504999999999999,0.19854,0.04783333333333333,0.15070666666666666,0.10271000000000001,0.07045999999999998,1.5979999999999996,0.01942,0.054380000000000005,35.97266666666667,0.15183333333333332,0.31637,47.91733333333333,0.10504999999999999,0.1347,78.24066666666667,0.0,0.034039999999999994,0.5213333333333333,0.02371,0.10479,0.23799999999999996,0.07045999999999998,0.0,0.5263266666666666,0.47516666666666674,0.09775999999999999,0.2712500000000001,0.10616,0.20175,0.05816999999999999,0.14358333333333337,0.09920999999999998,0.07124666666666667,1.4613333333333334,0.032573333333333336,0.09183000000000001,36.50333333333333,0.1356266666666667,0.31424666666666673,43.54533333333334,0.10616,0.13366333333333333,79.842,0.0,0.04579666666666667,0.6800000000000002,0.013820000000000004,0.11995000000000004,0.1206666666666667,0.07124666666666667,0.0,0.4991199999999999
92,85,2003-01-16,1,1,2002-03,Utah Jazz,Seattle SuperSonics,1,0.49159333333333327,0.05175333333333333,0.3209166666666667,0.11892000000000001,0.20925,0.06295999999999999,0.14629,0.13158666666666666,0.08637999999999998,1.5753333333333333,0.01724666666666667,0.04366333333333334,39.50666666666667,0.16046000000000002,0.32933000000000007,48.88533333333332,0.11892000000000001,0.15170333333333333,79.62466666666666,0.0,0.05020000000000001,0.5926666666666667,0.027083333333333334,0.11291666666666665,0.24400000000000002,0.08637999999999998,0.0,0.5952533333333334,0.4539633333333332,0.06588,0.3130833333333334,0.075,0.21134,0.06416666666666666,0.1471633333333333,0.10779666666666664,0.06538333333333332,1.7839999999999998,0.02195333333333333,0.06434000000000001,34.11466666666667,0.15654333333333334,0.3435833333333333,45.532666666666664,0.075,0.10783333333333335,70.89333333333335,0.0,0.043873333333333334,0.7153333333333336,0.014996666666666669,0.10203999999999999,0.14866666666666667,0.06538333333333332,0.0,0.5043300000000001
107,98,2003-01-17,1,1,2002-03,Golden State Warriors,Minnesota Timberwolves,1,0.49521333333333334,0.07675333333333333,0.30725,0.11120666666666666,0.23108,0.07829,0.15279333333333334,0.09512666666666665,0.08187333333333331,1.2426666666666664,0.025579999999999995,0.06658666666666666,39.45533333333333,0.1536266666666667,0.34465999999999997,44.69199999999999,0.11120666666666666,0.14349,77.64133333333332,0.0,0.033710000000000004,0.4366666666666666,0.027873333333333337,0.11524666666666665,0.24933333333333335,0.08187333333333331,0.0,0.5367999999999999,0.48833333333333334,0.048,0.3508333333333334,0.08950333333333334,0.21874333333333335,0.06258,0.15616333333333332,0.12925,0.06674333333333334,2.1213333333333333,0.016,0.04689,34.547333333333334,0.17542,0.3756200000000001,46.653999999999996,0.08950333333333334,0.11657666666666668,76.60266666666665,0.0,0.032036666666666665,0.51,0.029759999999999995,0.11082666666666667,0.2806666666666667,0.06674333333333334,0.0,0.5732066666666668
97,80,2003-01-17,1,1,2002-03,Denver Nuggets,Cleveland Cavaliers,1,0.41854666666666657,0.049743333333333334,0.28833333333333333,0.08045999999999999,0.20363,0.06029666666666668,0.14333333333333334,0.10350666666666666,0.09199,1.24,0.01659,0.06029333333333333,25.39466666666667,0.14416333333333334,0.3253333333333333,44.45466666666667,0.08045999999999999,0.11445333333333334,70.15933333333332,0.0,0.03962999999999999,0.46533333333333327,0.023036666666666667,0.12721000000000002,0.18999999999999997,0.09199,0.0,0.43745999999999996,0.47505000000000003,0.07824666666666666,0.2965833333333333,0.10021333333333332,0.22183000000000003,0.06875000000000002,0.15308,0.09925000000000002,0.08716666666666666,1.204,0.026086666666666668,0.06912,37.486000000000004,0.14829666666666666,0.34387333333333336,43.17533333333334,0.10021333333333332,0.13608333333333336,73.50733333333332,0.0,0.03846333333333333,0.48066666666666674,0.03287333333333333,0.11692666666666665,0.27866666666666673,0.08716666666666666,0.0,0.5058
103,97,2003-01-17,1,1,2002-03,Seattle SuperSonics,Memphis Grizzlies,1,0.4515066666666666,0.06400333333333333,0.31216666666666665,0.07533333333333334,0.21096333333333334,0.06412333333333332,0.14683,0.10783666666666666,0.06575666666666666,1.7786666666666666,0.021330000000000002,0.06329666666666665,33.470666666666666,0.15608666666666665,0.34308333333333335,45.46933333333333,0.07533333333333334,0.10816666666666667,71.04733333333334,0.0,0.043460000000000006,0.7000000000000001,0.01474666666666667,0.10362333333333333,0.14400000000000004,0.06575666666666666,0.0,0.5009566666666667,0.48191,0.09325333333333334,0.3,0.08866666666666667,0.21263,0.055830000000000005,0.15679666666666667,0.11912999999999999,0.08367,1.5893333333333333,0.03108,0.07940666666666667,40.91733333333333,0.15,0.31312333333333336,47.836,0.08866666666666667,0.11941666666666668,75.33,0.0,0.03276,0.40866666666666673,0.027789999999999995,0.09813666666666668,0.2946666666666667,0.08367,0.0,0.5483333333333333
108,104,2003-01-17,1,1,2002-03,Houston Rockets,Los Angeles Lakers,1,0.46895000000000014,0.08175,0.28608333333333336,0.10112333333333336,0.22757999999999998,0.06646666666666667,0.16111666666666666,0.09070333333333334,0.07767333333333333,1.2699999999999998,0.02725,0.08233333333333334,32.60866666666667,0.1430366666666667,0.3141233333333334,45.98266666666666,0.10112333333333336,0.12833333333333333,79.34800000000001,0.0,0.03528666666666667,0.47,0.03342,0.09437666666666664,0.38066666666666665,0.07767333333333333,0.0,0.5249166666666666,0.4962433333333333,0.08299999999999999,0.31916666666666665,0.09409333333333332,0.23096333333333333,0.06770666666666665,0.16324666666666668,0.12199999999999998,0.08166999999999999,1.5413333333333334,0.027666666666666662,0.0805,34.639333333333326,0.15958666666666665,0.3324533333333333,48.52266666666666,0.09409333333333332,0.13566666666666666,69.88066666666666,0.0,0.03388000000000001,0.4186666666666667,0.02816,0.12054666666666665,0.23866666666666667,0.08166999999999999,0.0,0.5622933333333332
99,82,2003-01-17,1,1,2002-03,Detroit Pistons,New York Knicks,1,0.47074999999999995,0.10737666666666668,0.2630833333333333,0.10029000000000002,0.1937466666666667,0.05062666666666666,0.14312000000000002,0.10649666666666666,0.06873666666666667,1.6906666666666668,0.035789999999999995,0.09011999999999999,39.895999999999994,0.13155,0.2880866666666667,45.78733333333333,0.10029000000000002,0.13162666666666667,75.45133333333334,0.0,0.033999999999999996,0.538,0.026703333333333336,0.12121,0.2333333333333334,0.06873666666666667,0.0,0.5207533333333334,0.46795666666666663,0.1115,0.2771666666666667,0.07929666666666665,0.20470666666666662,0.05375,0.15096333333333334,0.10758333333333334,0.06979333333333333,1.6406666666666665,0.03716666666666667,0.08753999999999999,43.00466666666667,0.13858333333333336,0.31365999999999994,44.541333333333334,0.07929666666666665,0.09874000000000001,80.068,0.0,0.029746666666666675,0.458,0.014093333333333336,0.11337,0.13133333333333339,0.06979333333333333,0.0,0.5093666666666666
98,93,2003-01-17,1,1,2002-03,Boston Celtics,Indiana Pacers,1,0.46933333333333327,0.13037666666666667,0.23533333333333334,0.10362000000000002,0.19438000000000002,0.047459999999999995,0.14691000000000004,0.08804666666666668,0.07349999999999998,1.232,0.04345666666666668,0.13144999999999998,32.56533333333333,0.11766000000000001,0.2622033333333334,44.81666666666668,0.10362000000000002,0.13129333333333332,79.084,0.0,0.048043333333333334,0.6866666666666668,0.01916,0.11029333333333333,0.18933333333333333,0.07349999999999998,0.0,0.4852433333333333,0.4999566666666666,0.07849666666666667,0.30558333333333326,0.11587999999999998,0.21662666666666666,0.058710000000000005,0.15792333333333333,0.11124999999999999,0.08154333333333333,1.4600000000000002,0.026169999999999995,0.07383666666666668,36.03666666666666,0.15278333333333333,0.32145666666666667,47.51666666666666,0.11587999999999998,0.15634,74.48933333333333,0.0,0.044536666666666676,0.5713333333333334,0.024003333333333335,0.10849666666666666,0.22800000000000004,0.08154333333333333,0.0,0.5580400000000001
106,93,2003-01-17,1,1,2002-03,San Antonio Spurs,Atlanta Hawks,1,0.46646333333333334,0.07249333333333331,0.29966666666666664,0.09429,0.20875000000000002,0.05091333333333334,0.15783000000000003,0.08596000000000001,0.07966333333333332,1.1513333333333333,0.02417333333333333,0.07092,31.92,0.14983333333333335,0.30841666666666673,48.78533333333334,0.09429,0.12945666666666666,73.49466666666666,0.0,0.030419999999999996,0.424,0.037869999999999994,0.10404666666666666,0.37000000000000005,0.07966333333333332,0.0,0.5092933333333333,0.43342,0.07562333333333335,0.27391666666666664,0.08387333333333333,0.20232999999999998,0.056170000000000005,0.14615999999999998,0.09283666666666668,0.07917333333333335,1.2486666666666666,0.02521,0.07728333333333333,32.617333333333335,0.13696666666666665,0.3045766666666667,45.00533333333333,0.08387333333333333,0.10783333333333332,77.04599999999999,0.0,0.034416666666666665,0.44466666666666677,0.025453333333333335,0.11433333333333336,0.23600000000000002,0.07917333333333335,0.0,0.46562000000000003
111,106,2003-01-17,1,1,2002-03,Phoenix Suns,Dallas Mavericks,1,0.48575333333333337,0.08762666666666669,0.31016666666666665,0.08795666666666667,0.2155,0.06404666666666665,0.15145666666666668,0.11170333333333334,0.07537666666666666,1.5700000000000003,0.029206666666666665,0.07908000000000001,36.70666666666666,0.15508,0.3327066666666667,46.75,0.08795666666666667,0.11904333333333335,74.80199999999998,0.0,0.037246666666666664,0.5199999999999999,0.02408,0.10600333333333332,0.23866666666666672,0.07537666666666666,0.0,0.5403266666666666,0.5070833333333333,0.09862666666666667,0.3126666666666667,0.09579,0.21366333333333332,0.056376666666666665,0.15728666666666669,0.10658,0.05179,2.1993333333333336,0.03287333333333333,0.09817,31.775333333333336,0.15633,0.33191999999999994,46.89466666666667,0.09579,0.11300666666666669,84.3,0.0,0.04029,0.818,0.03321,0.10742000000000002,0.316,0.05179,0.0,0.5909533333333333
95,99,2003-01-17,1,1,2002-03,Philadelphia 76ers,Milwaukee Bucks,0,0.4511666666666666,0.04362666666666667,0.3185,0.08904333333333334,0.20495999999999998,0.06279,0.14217000000000002,0.10316666666666666,0.08387333333333334,1.2813333333333334,0.01454,0.05058333333333333,28.342666666666673,0.15924999999999997,0.35392000000000007,45.196000000000005,0.08904333333333334,0.12258999999999999,72.00399999999998,0.0,0.05249333333333334,0.6679999999999999,0.016213333333333337,0.11629333333333335,0.14266666666666666,0.08387333333333334,0.0,0.4798733333333333,0.49866333333333335,0.09787666666666668,0.29633333333333334,0.10446,0.20321,0.04971000000000001,0.15349666666666667,0.11274333333333333,0.06687333333333334,1.77,0.03262333333333333,0.08820666666666667,36.797999999999995,0.14817666666666665,0.31529999999999997,47.123333333333335,0.10446,0.12729,81.86333333333332,0.0,0.03567,0.5746666666666668,0.021506666666666667,0.11891666666666668,0.18333333333333332,0.06687333333333334,0.0,0.5593699999999999
88,77,2003-01-17,1,1,2002-03,New Jersey Nets,Toronto Raptors,1,0.50041,0.06124666666666665,0.3341666666666666,0.10500000000000001,0.21011666666666665,0.056416666666666664,0.1537133333333333,0.11920333333333333,0.07170333333333331,1.7946666666666669,0.020419999999999997,0.05833,34.513999999999996,0.16708333333333333,0.34163000000000004,49.02066666666666,0.10500000000000001,0.14275666666666667,74.69266666666665,0.0,0.04553333333333332,0.6646666666666666,0.023993333333333335,0.11158000000000001,0.23066666666666671,0.07170333333333331,0.0,0.5773733333333334,0.4419166666666666,0.08599666666666665,0.2753333333333334,0.08058000000000001,0.19516333333333336,0.06337999999999999,0.13179666666666667,0.09111666666666669,0.07157666666666666,1.335333333333333,0.028670000000000005,0.08145,34.34,0.1376666666666667,0.3164199999999999,43.56399999999999,0.08058000000000001,0.11662666666666668,68.47999999999999,0.0,0.03566999999999999,0.5080000000000001,0.019913333333333328,0.11483000000000002,0.18133333333333332,0.07157666666666666,0.0,0.4446266666666666
90,83,2003-01-17,1,1,2002-03,New Orleans Hornets,Chicago Bulls,1,0.46137333333333336,0.08187666666666665,0.29124999999999995,0.08824000000000003,0.20508,0.05421333333333334,0.15086999999999998,0.10053666666666668,0.06863333333333334,1.5166666666666666,0.02729,0.07316333333333332,38.30666666666668,0.14562666666666665,0.3369233333333333,43.34066666666667,0.08824000000000003,0.11258666666666665,76.626,0.0,0.038126666666666656,0.5906666666666667,0.02129666666666667,0.11234333333333334,0.18733333333333332,0.06863333333333334,0.0,0.49629666666666666,0.4749533333333334,0.06487666666666667,0.3195,0.09058000000000002,0.21317,0.055213333333333336,0.15796,0.10770666666666667,0.07367,1.5466666666666669,0.02162333333333333,0.061213333333333335,35.074666666666666,0.15975333333333333,0.3461766666666667,46.158666666666676,0.09058000000000002,0.12637333333333334,72.03466666666667,0.0,0.039630000000000006,0.5613333333333334,0.02962,0.12383333333333332,0.2406666666666667,0.07367,0.0,0.5296299999999999
80,88,2003-01-18,1,1,2002-03,Washington Wizards,Philadelphia 76ers,0,0.4703333333333334,0.05837333333333334,0.3045833333333333,0.10738333333333332,0.19920666666666667,0.048,0.15120666666666666,0.10237666666666669,0.07020999999999998,1.5899999999999996,0.019459999999999998,0.05462666666666668,35.73666666666667,0.15228999999999998,0.31720333333333334,47.95399999999999,0.10738333333333332,0.13686666666666666,78.78133333333335,0.0,0.03445666666666666,0.528,0.024416666666666666,0.10503999999999998,0.24599999999999997,0.07020999999999998,0.0,0.5309933333333333,0.4528333333333333,0.04325,0.31916666666666665,0.09041666666666666,0.20596,0.06366333333333335,0.14229333333333333,0.10333333333333333,0.08433333333333336,1.2720000000000005,0.01441666666666667,0.04945666666666666,28.744000000000007,0.15958333333333333,0.3548366666666667,45.182,0.09041666666666666,0.12388,72.16866666666667,0.0,0.05258,0.6613333333333334,0.015506666666666669,0.11679333333333335,0.13533333333333336,0.08433333333333336,0.0,0.4821233333333333
95,78,2003-01-18,1,1,2002-03,Utah Jazz,Cleveland Cavaliers,1,0.49338333333333334,0.05137666666666666,0.3223333333333333,0.11966666666666667,0.20879,0.06354,0.14525000000000002,0.13204333333333335,0.08625333333333332,1.5859999999999999,0.01712333333333333,0.044039999999999996,38.82066666666667,0.16116666666666665,0.32845666666666673,49.215999999999994,0.11966666666666667,0.15299333333333331,79.486,0.0,0.05041,0.5966666666666669,0.02666666666666667,0.11312666666666665,0.23866666666666667,0.08625333333333332,0.0,0.5975066666666666,0.46984,0.07837000000000001,0.29266666666666663,0.09879666666666666,0.22224666666666665,0.06837666666666668,0.1538733333333333,0.09808333333333334,0.08679333333333332,1.1946666666666665,0.02613,0.06932666666666668,37.168,0.14633666666666667,0.3431666666666667,42.705333333333336,0.09879666666666666,0.13433666666666666,73.35533333333333,0.0,0.03854666666666666,0.4800000000000001,0.03249666666666667,0.11700666666666666,0.27466666666666667,0.08679333333333332,0.0,0.49884
92,95,2003-01-18,1,1,2002-03,Atlanta Hawks,New York Knicks,0,0.43166666666666664,0.07375,0.2733333333333334,0.08458333333333332,0.20108,0.055503333333333335,0.14557666666666666,0.09208666666666665,0.07959000000000001,1.232,0.024583333333333332,0.07644999999999999,31.986666666666668,0.13667333333333334,0.3038266666666667,45.01533333333334,0.08458333333333332,0.10871,76.98866666666666,0.0,0.03454,0.4453333333333334,0.024620000000000006,0.11533333333333333,0.22666666666666668,0.07959000000000001,0.0,0.46124333333333334,0.46799666666666667,0.11137333333333332,0.2790833333333333,0.07754666666666665,0.20499666666666666,0.05475,0.15025666666666668,0.10795666666666667,0.06846,1.6706666666666665,0.03712666666666667,0.08825,42.67,0.13953999999999997,0.31623999999999997,44.470666666666666,0.07754666666666665,0.0967,79.99,0.0,0.030413333333333337,0.47533333333333333,0.013676666666666669,0.11382666666666667,0.12733333333333338,0.06846,0.0,0.5095733333333334
112,107,2003-01-18,1,1,2002-03,Los Angeles Clippers,Sacramento Kings,1,0.4571266666666667,0.07188333333333333,0.2828333333333334,0.10241666666666666,0.21145666666666665,0.06345333333333333,0.14800000000000002,0.09275000000000001,0.07775,1.2626666666666668,0.023950000000000006,0.0767,31.622666666666667,0.14141333333333334,0.31620666666666664,44.755333333333326,0.10241666666666666,0.13741666666666666,74.51399999999998,0.0,0.03296333333333333,0.43799999999999994,0.03265666666666666,0.10450333333333335,0.3186666666666667,0.07775,0.0,0.4866666666666667,0.49700333333333335,0.08961999999999999,0.3286666666666666,0.07870333333333332,0.21816,0.05058,0.1675866666666667,0.12103666666666667,0.06708333333333334,2.208666666666667,0.029880000000000004,0.08279666666666669,35.961999999999996,0.16433000000000003,0.3423033333333333,47.947333333333326,0.07870333333333332,0.10987333333333332,71.326,0.0,0.048786666666666666,0.9259999999999999,0.03328999999999999,0.09838000000000004,0.3546666666666667,0.06708333333333334,0.0,0.5891666666666668
88,86,2003-01-18,1,1,2002-03,Indiana Pacers,Detroit Pistons,1,0.5000833333333332,0.07924333333333333,0.30616666666666664,0.11467,0.2165466666666667,0.05767,0.15888333333333332,0.11304333333333332,0.08104333333333334,1.5040000000000002,0.026423333333333333,0.07467,35.977333333333334,0.15307666666666667,0.3205799999999999,47.76533333333334,0.11467,0.15429666666666667,74.82333333333332,0.0,0.04549333333333334,0.5913333333333333,0.024170000000000004,0.10662333333333332,0.23400000000000004,0.08104333333333334,0.0,0.5629166666666666,0.4714166666666666,0.1075,0.26116666666666666,0.10274666666666667,0.19304000000000002,0.050166666666666665,0.14287333333333332,0.10554,0.06932,1.6513333333333338,0.035833333333333335,0.09008,39.970666666666666,0.13059333333333334,0.28663,45.63199999999999,0.10274666666666667,0.13433333333333333,75.688,0.0,0.034293333333333335,0.5333333333333333,0.02624666666666666,0.12175333333333331,0.22800000000000006,0.06932,0.0,0.5193333333333333
95,97,2003-01-18,1,1,2002-03,Milwaukee Bucks,Boston Celtics,0,0.49637333333333333,0.0963766666666667,0.29591666666666666,0.10408333333333335,0.2023766666666667,0.049043333333333335,0.15333,0.11207666666666666,0.06708333333333334,1.7626666666666666,0.03212333333333333,0.08732999999999999,36.784666666666666,0.14797,0.31450666666666666,47.22866666666667,0.10408333333333335,0.12674999999999997,82.00999999999999,0.0,0.035213333333333326,0.568,0.020880000000000003,0.11775000000000001,0.18000000000000002,0.06708333333333334,0.0,0.5554133333333333,0.46541999999999994,0.13137666666666667,0.2321666666666667,0.10186666666666667,0.1932933333333333,0.04800000000000001,0.14528333333333338,0.08771333333333334,0.07395666666666667,1.2226666666666668,0.043789999999999996,0.13253666666666666,32.484,0.11607666666666668,0.2609533333333333,44.437333333333335,0.10186666666666667,0.12825,79.63933333333333,0.0,0.04754333333333333,0.6766666666666666,0.018909999999999996,0.11041666666666666,0.18666666666666665,0.07395666666666667,0.0,0.47891000000000006
102,101,2003-01-18,1,1,2002-03,Miami Heat,Chicago Bulls,1,0.4422,0.06512666666666665,0.28866666666666674,0.08841999999999998,0.21157999999999996,0.06054,0.15104,0.08724666666666667,0.07142,1.308,0.02170666666666667,0.05933666666666667,35.32666666666667,0.14433,0.33111333333333337,43.63599999999999,0.08841999999999998,0.11417000000000001,76.75266666666667,0.0,0.04162333333333334,0.6073333333333333,0.017589999999999998,0.11162666666666668,0.16000000000000003,0.07142,0.0,0.4786733333333334,0.47453666666666666,0.06575333333333334,0.31816666666666665,0.09062333333333335,0.21354666666666672,0.055503333333333335,0.15804000000000004,0.10795999999999999,0.07358666666666668,1.554,0.021913333333333333,0.06192333333333333,35.384,0.15908666666666665,0.34555,46.048,0.09062333333333335,0.12687333333333334,71.71533333333333,0.0,0.03967,0.5633333333333332,0.029746666666666664,0.12470666666666667,0.24066666666666672,0.07358666666666668,0.0,0.5291733333333333
98,104,2003-01-18,1,1,2002-03,Portland Trail Blazers,Minnesota Timberwolves,0,0.4826633333333334,0.06813000000000001,0.31733333333333336,0.09721333333333333,0.2082066666666667,0.06108,0.1471333333333333,0.11162,0.07862666666666666,1.5046666666666666,0.022703333333333336,0.07478666666666664,29.945333333333334,0.15866333333333335,0.32348999999999994,49.34133333333333,0.09721333333333333,0.13337333333333332,71.87133333333334,0.0,0.051660000000000005,0.6813333333333333,0.01816333333333334,0.10546000000000001,0.18266666666666662,0.07862666666666666,0.0,0.5406200000000001,0.48871000000000003,0.04800000000000001,0.35066666666666674,0.09004666666666665,0.21857666666666672,0.06170333333333333,0.15687,0.12925,0.06678666666666665,2.136,0.016,0.04718000000000001,34.227333333333334,0.17533333333333329,0.3748266666666667,46.717999999999996,0.09004666666666665,0.11691000000000001,76.72266666666665,0.0,0.03274333333333334,0.5239999999999999,0.029759999999999998,0.11111999999999998,0.28,0.06678666666666665,0.0,0.5747066666666666
85,81,2003-01-19,1,1,2002-03,Seattle SuperSonics,Dallas Mavericks,1,0.44888333333333325,0.06250333333333333,0.31033333333333335,0.07603999999999998,0.21013000000000004,0.06391333333333332,0.14620666666666668,0.10771000000000001,0.06625666666666667,1.768666666666667,0.02083,0.062336666666666665,32.952666666666666,0.15517,0.34204,45.366,0.07603999999999998,0.109,71.15066666666667,0.0,0.04308666666666667,0.6833333333333333,0.014500000000000004,0.10537333333333333,0.1393333333333334,0.06625666666666667,0.0,0.4967066666666667,0.5045833333333333,0.09349999999999997,0.3155833333333334,0.0955,0.21458000000000002,0.057460000000000004,0.15712,0.10666333333333333,0.05116666666666667,2.234,0.03116666666666666,0.09617,30.67666666666667,0.15778666666666666,0.33462666666666663,46.962,0.0955,0.11305,84.092,0.0,0.039583333333333325,0.8146666666666668,0.033499999999999995,0.10588000000000002,0.322,0.05116666666666667,0.0,0.5883666666666667
93,101,2003-01-19,1,1,2002-03,Toronto Raptors,Orlando Magic,0,0.4390833333333333,0.08387333333333331,0.2751666666666666,0.08004000000000001,0.19525000000000003,0.06346,0.13179666666666667,0.09074333333333333,0.07183,1.3239999999999996,0.02796,0.08015666666666667,33.97933333333334,0.13758,0.31621,43.576,0.08004000000000001,0.11596000000000002,68.508,0.0,0.03604333333333333,0.5106666666666668,0.019706666666666664,0.11570333333333334,0.178,0.07183,0.0,0.4422533333333333,0.4754566666666667,0.09863666666666666,0.271,0.10582666666666668,0.19899666666666666,0.05737666666666666,0.14162333333333335,0.1000433333333333,0.07162333333333334,1.4620000000000002,0.032863333333333335,0.09191666666666666,36.674666666666674,0.13549999999999998,0.3115366666666667,43.93333333333335,0.10582666666666668,0.13345666666666667,79.718,0.0,0.045919999999999996,0.678,0.013530000000000002,0.1200766666666667,0.11800000000000004,0.07162333333333334,0.0,0.49962
80,102,2003-01-20,1,1,2002-03,Golden State Warriors,Sacramento Kings,0,0.4952133333333333,0.07512666666666666,0.3094166666666667,0.11066333333333332,0.23200000000000004,0.07895666666666666,0.15304333333333334,0.09424999999999999,0.08008,1.2646666666666668,0.02504,0.06608666666666665,38.98133333333333,0.1547133333333333,0.34712,44.673333333333325,0.11066333333333332,0.14190666666666668,78.23,0.0,0.03308333333333334,0.4413333333333333,0.027873333333333344,0.11453666666666665,0.25133333333333335,0.08008,0.0,0.5376333333333334,0.5003766666666667,0.09187333333333332,0.3293333333333333,0.07916,0.21936999999999998,0.05066333333333335,0.16871,0.12278666666666667,0.06716666666666667,2.187333333333334,0.03062666666666667,0.08363000000000001,36.61533333333333,0.16466333333333336,0.34334666666666663,47.932,0.07916,0.11003999999999997,71.58933333333333,0.0,0.04937333333333333,0.9046666666666667,0.03329,0.09829666666666667,0.3546666666666667,0.06716666666666667,0.0,0.5954999999999999
89,74,2003-01-20,1,1,2002-03,Washington Wizards,Denver Nuggets,1,0.47321,0.058373333333333347,0.306,0.10883999999999999,0.20004,0.048913333333333336,0.15112000000000003,0.10200000000000002,0.07,1.5859999999999996,0.019459999999999998,0.05512666666666667,35.282666666666664,0.153,0.31849333333333335,47.98866666666666,0.10883999999999999,0.13799,79.27066666666668,0.0,0.034833333333333334,0.5353333333333333,0.024916666666666667,0.10529333333333332,0.25266666666666665,0.07,0.0,0.53466,0.4173366666666665,0.046869999999999995,0.28933333333333333,0.08112666666666667,0.20454666666666668,0.06013000000000001,0.14441333333333334,0.10313333333333334,0.09190666666666666,1.2333333333333334,0.015629999999999998,0.05816666666666668,24.700666666666663,0.14466333333333334,0.32470999999999994,44.73266666666666,0.08112666666666667,0.11508000000000002,70.45933333333332,0.0,0.03900666666666666,0.46266666666666656,0.023746666666666662,0.12504333333333334,0.2006666666666667,0.09190666666666666,0.0,0.4392933333333333
87,99,2003-01-20,1,1,2002-03,Memphis Grizzlies,Portland Trail Blazers,0,0.48403666666666656,0.09175333333333334,0.30383333333333334,0.08845666666666666,0.2137566666666667,0.056703333333333335,0.15705,0.11816999999999997,0.08287666666666667,1.5779999999999996,0.03058,0.07961666666666667,39.90333333333333,0.15191666666666667,0.3148766666666667,48.14,0.08845666666666666,0.11895666666666667,75.462,0.0,0.032716666666666665,0.41066666666666674,0.02775,0.09792666666666666,0.2953333333333334,0.08287666666666667,0.0,0.55104,0.4831633333333334,0.06713000000000001,0.31733333333333336,0.09871333333333333,0.20804000000000003,0.06062333333333333,0.14742666666666665,0.11112000000000001,0.07825,1.508,0.02237,0.07454,29.593999999999998,0.15866333333333335,0.32248999999999994,49.45533333333334,0.09871333333333333,0.13458,72.40066666666668,0.0,0.05141,0.6806666666666669,0.017996666666666668,0.10529333333333332,0.18,0.07825,0.0,0.54162
88,78,2003-01-20,1,1,2002-03,Detroit Pistons,Indiana Pacers,1,0.4723333333333333,0.10774666666666667,0.25999999999999995,0.10458000000000002,0.19261999999999999,0.04974999999999999,0.14287333333333332,0.10504000000000001,0.06965333333333333,1.6240000000000003,0.035919999999999994,0.09008,40.05866666666667,0.1300066666666667,0.28592,45.49399999999999,0.10458000000000002,0.13604333333333332,76.02999999999999,0.0,0.03441666666666666,0.5293333333333333,0.02583,0.12179333333333332,0.22400000000000006,0.06965333333333333,0.0,0.51904,0.5001666666666665,0.07987000000000001,0.30641666666666656,0.11387999999999998,0.21646333333333337,0.05667,0.15980000000000003,0.11499999999999998,0.08046333333333333,1.5506666666666669,0.02663,0.07521,35.949999999999996,0.15320333333333333,0.3198299999999999,47.95000000000001,0.11387999999999998,0.15246333333333334,75.33266666666665,0.0,0.04637,0.61,0.023836666666666673,0.10483333333333332,0.23333333333333336,0.08046333333333333,0.0,0.5675833333333333
106,103,2003-01-20,1,1,2002-03,Utah Jazz,New Jersey Nets,1,0.49467666666666665,0.05075,0.32325000000000004,0.12066666666666667,0.20787666666666665,0.06391666666666666,0.1439566666666667,0.13254333333333335,0.08629666666666667,1.595333333333333,0.01691666666666667,0.044623333333333334,37.79133333333333,0.1616266666666667,0.32678999999999997,49.57599999999999,0.12066666666666667,0.15453666666666663,79.38799999999999,0.0,0.05057666666666667,0.6000000000000001,0.026,0.11329333333333332,0.2306666666666667,0.08629666666666667,0.0,0.59863,0.49932666666666664,0.058246666666666655,0.33508333333333323,0.10600000000000001,0.2102,0.05737333333333332,0.15283666666666668,0.11862333333333332,0.07153666666666665,1.7953333333333332,0.01942,0.05754,33.977999999999994,0.16754,0.3417966666666667,49.15666666666666,0.10600000000000001,0.14471333333333333,74.36666666666666,0.0,0.04582666666666666,0.6726666666666666,0.023119999999999998,0.11153666666666666,0.2226666666666667,0.07153666666666665,0.0,0.5744966666666667
114,102,2003-01-20,1,1,2002-03,New Orleans Hornets,Phoenix Suns,1,0.4597933333333334,0.08112666666666665,0.2910833333333333,0.08757333333333335,0.20566666666666666,0.053919999999999996,0.15174666666666664,0.10074666666666666,0.06888666666666668,1.5086666666666666,0.02704,0.07245333333333331,38.266666666666666,0.14554333333333333,0.33788333333333326,43.19466666666666,0.08757333333333335,0.11150666666666666,76.98800000000001,0.0,0.03704,0.5713333333333334,0.021546666666666665,0.11346666666666666,0.18866666666666668,0.06888666666666668,0.0,0.4942533333333333,0.4865033333333334,0.08738000000000001,0.30900000000000005,0.09012333333333333,0.21441333333333332,0.06350333333333333,0.15091666666666667,0.11049666666666666,0.07437666666666666,1.570666666666667,0.02912,0.07920666666666666,36.48266666666667,0.15449333333333334,0.3315400000000001,46.78133333333333,0.09012333333333333,0.12125000000000002,75.24266666666666,0.0,0.03674666666666667,0.5206666666666666,0.023666666666666666,0.10663,0.23400000000000004,0.07437666666666666,0.0,0.5392033333333334
72,65,2003-01-20,1,1,2002-03,New York Knicks,Miami Heat,1,0.46699666666666667,0.11000000000000001,0.28075,0.07625666666666665,0.20507666666666666,0.05504,0.15005000000000004,0.10820666666666666,0.06741666666666665,1.6953333333333334,0.03666666666666667,0.08841666666666666,42.08533333333334,0.14037333333333332,0.3182833333333333,44.43066666666667,0.07625666666666665,0.09536666666666666,79.89466666666667,0.0,0.03112333333333334,0.49133333333333334,0.013300000000000003,0.11457666666666665,0.12400000000000003,0.06741666666666665,0.0,0.5084933333333334,0.4392000000000001,0.06175,0.28858333333333336,0.08887999999999999,0.2102466666666666,0.05975,0.15049666666666667,0.08662333333333332,0.07229666666666668,1.280666666666667,0.020583333333333335,0.056960000000000004,34.526666666666664,0.14429,0.3315333333333334,43.608666666666664,0.08887999999999999,0.11441666666666665,77.13133333333333,0.0,0.04229000000000001,0.6086666666666666,0.017423333333333332,0.11191666666666666,0.15733333333333333,0.07229666666666668,0.0,0.4743400000000001
87,82,2003-01-20,1,1,2002-03,San Antonio Spurs,Houston Rockets,1,0.46721333333333337,0.07261666666666665,0.29916666666666664,0.09541666666666668,0.20800000000000002,0.05154,0.1564566666666667,0.08641666666666666,0.07932999999999998,1.1553333333333333,0.024216666666666668,0.07054666666666666,32.245999999999995,0.14958,0.30987333333333333,48.44533333333334,0.09541666666666668,0.12962333333333334,74.21866666666666,0.0,0.03083333333333333,0.424,0.03737,0.10392333333333333,0.3646666666666667,0.07932999999999998,0.0,0.50967,0.4686566666666667,0.0825,0.2844166666666667,0.10174666666666668,0.22812333333333334,0.06584000000000001,0.1622833333333333,0.09020333333333336,0.07692333333333333,1.28,0.0275,0.08354,32.51533333333334,0.14220333333333335,0.3120833333333334,46.00466666666667,0.10174666666666668,0.12954333333333334,79.15066666666668,0.0,0.03491333333333334,0.47133333333333344,0.03391999999999999,0.09483333333333331,0.3813333333333333,0.07692333333333333,0.0,0.52521
99,100,2003-01-20,1,1,2002-03,Philadelphia 76ers,Boston Celtics,0,0.45442,0.04312333333333333,0.3194166666666666,0.09187666666666668,0.20666999999999996,0.06420666666666668,0.14246,0.10400000000000001,0.08429333333333335,1.276,0.014376666666666668,0.04870666666666666,29.188000000000002,0.15971000000000002,0.35504666666666673,45.21333333333333,0.09187666666666668,0.12521333333333334,72.40199999999999,0.0,0.05270666666666668,0.658,0.014923333333333335,0.11687666666666668,0.13,0.08429333333333335,0.0,0.48541666666666666,0.46208666666666676,0.13262666666666664,0.22933333333333336,0.10012,0.19195999999999996,0.048666666666666664,0.14328333333333332,0.08725333333333332,0.07441666666666667,1.2126666666666668,0.044206666666666665,0.13383,32.425333333333334,0.11465666666666667,0.25916,44.19133333333333,0.10012,0.12571,79.75399999999999,0.0,0.04662999999999999,0.66,0.018619999999999994,0.11070666666666668,0.18266666666666664,0.07441666666666667,0.0,0.47241000000000005
89,81,2003-01-20,1,1,2002-03,Minnesota Timberwolves,Toronto Raptors,1,0.4887500000000001,0.04837333333333334,0.34975000000000006,0.09062666666666667,0.2180366666666667,0.06032666666666667,0.15770333333333333,0.12891666666666668,0.06703666666666666,2.143333333333333,0.016126666666666668,0.04747333333333333,34.11866666666666,0.17487666666666665,0.3732033333333334,46.78600000000001,0.09062666666666667,0.11712000000000002,76.98066666666665,0.0,0.03349666666666667,0.5366666666666666,0.02959333333333333,0.11133,0.2780000000000001,0.06703666666666666,0.0,0.57558,0.43712666666666666,0.08174999999999999,0.2750833333333333,0.08028666666666667,0.1953333333333334,0.06308333333333332,0.13225666666666666,0.09041,0.07262333333333335,1.3106666666666664,0.02725,0.07874000000000002,33.63733333333333,0.13754,0.31550333333333336,43.66133333333334,0.08028666666666667,0.11617000000000002,68.71933333333332,0.0,0.03641666666666667,0.5126666666666667,0.019496666666666666,0.11699666666666667,0.17466666666666666,0.07262333333333335,0.0,0.4408333333333333
96,92,2003-01-20,1,1,2002-03,Los Angeles Lakers,Los Angeles Clippers,1,0.4972433333333333,0.08299999999999999,0.3205,0.09376,0.23117000000000001,0.06804,0.16312333333333331,0.12270666666666666,0.08166999999999999,1.5386666666666666,0.02766666666666667,0.08104,34.291333333333334,0.16025333333333333,0.3317066666666666,48.85066666666666,0.09376,0.13487666666666664,70.16666666666667,0.0,0.03383666666666667,0.42,0.028326666666666667,0.12004666666666666,0.23933333333333331,0.08166999999999999,0.0,0.5656666666666665,0.4545466666666666,0.07113,0.28158333333333335,0.10183333333333332,0.21237333333333333,0.06337,0.149,0.09233000000000001,0.07766333333333333,1.2626666666666668,0.023703333333333337,0.07578666666666667,31.69,0.14079,0.31654,44.52666666666666,0.10183333333333332,0.13816666666666666,73.66933333333333,0.0,0.03221333333333334,0.42933333333333323,0.03269999999999999,0.10533666666666668,0.31799999999999995,0.07766333333333333,0.0,0.4823333333333334
102,115,2003-01-20,1,1,2002-03,Atlanta Hawks,Chicago Bulls,0,0.43079,0.07175,0.27366666666666667,0.08537333333333333,0.20079000000000002,0.054963333333333336,0.14583000000000002,0.09125333333333333,0.07971333333333333,1.216,0.02391666666666666,0.07503666666666667,31.671333333333333,0.13684,0.30437,44.986666666666665,0.08537333333333333,0.10962666666666668,76.92800000000001,0.0,0.03454000000000001,0.44466666666666677,0.024160000000000004,0.11608666666666667,0.22066666666666668,0.07971333333333333,0.0,0.4589100000000001,0.47315999999999997,0.06613,0.31716666666666665,0.08987666666666667,0.2133366666666667,0.05562666666666667,0.1577066666666667,0.10787666666666668,0.07358666666666669,1.556666666666667,0.022036666666666666,0.062423333333333324,35.556000000000004,0.15858666666666668,0.34521666666666667,45.96133333333333,0.08987666666666667,0.12637333333333337,71.29733333333334,0.0,0.03950333333333334,0.5626666666666666,0.029620000000000004,0.12524666666666665,0.23866666666666667,0.07358666666666669,0.0,0.5264233333333332
109,102,2003-01-21,1,1,2002-03,Sacramento Kings,New Jersey Nets,1,0.5025033333333334,0.09287333333333332,0.33116666666666666,0.07845333333333333,0.22078666666666663,0.05120666666666667,0.1695833333333333,0.1242466666666667,0.06712333333333334,2.166,0.03096,0.08396333333333333,36.882,0.16558333333333333,0.3456366666666667,47.90933333333333,0.07845333333333333,0.10920666666666666,71.49733333333333,0.0,0.04966666666666666,0.882,0.03308,0.09825333333333333,0.35266666666666674,0.06712333333333334,0.0,0.5993733333333334,0.49870333333333333,0.05662333333333334,0.33608333333333335,0.10600000000000004,0.21091000000000004,0.058456666666666664,0.15246,0.11854333333333332,0.07162333333333333,1.7946666666666669,0.018876666666666663,0.05783,33.275999999999996,0.16804,0.34208666666666676,49.29066666666666,0.10600000000000004,0.14525666666666667,74.054,0.0,0.04632666666666666,0.6806666666666668,0.022413333333333337,0.11128666666666667,0.21666666666666673,0.07162333333333333,0.0,0.5730366666666666
94,103,2003-01-21,1,1,2002-03,Cleveland Cavaliers,Orlando Magic,0,0.4635066666666666,0.07736999999999998,0.28800000000000003,0.09813,0.22287333333333334,0.06792000000000001,0.15495666666666666,0.09654333333333334,0.08721333333333334,1.1726666666666667,0.02579666666666667,0.06908,36.666000000000004,0.14400333333333337,0.3412933333333334,42.27733333333334,0.09813,0.1338366666666667,73.11999999999999,0.0,0.03892333333333333,0.47933333333333333,0.032163333333333335,0.11725999999999998,0.2713333333333333,0.08721333333333334,0.0,0.49050666666666665,0.47550000000000003,0.09913666666666666,0.2707500000000001,0.10561666666666666,0.1961633333333333,0.05658333333333333,0.13957999999999998,0.10037666666666664,0.07191666666666667,1.4573333333333334,0.033030000000000004,0.09187666666666666,36.769333333333336,0.13537666666666667,0.3089566666666667,44.29666666666667,0.10561666666666666,0.13341666666666668,79.59066666666668,0.0,0.04596,0.6753333333333332,0.013280000000000004,0.11991000000000003,0.11600000000000005,0.07191666666666667,0.0,0.49916333333333335
107,86,2003-01-21,1,1,2002-03,Dallas Mavericks,Houston Rockets,1,0.5017933333333333,0.08912666666666665,0.31700000000000006,0.09566666666666665,0.21499666666666667,0.05842000000000001,0.15658000000000002,0.10629000000000001,0.05070666666666667,2.246,0.029706666666666662,0.09459000000000001,29.706000000000003,0.1584966666666667,0.3363766666666666,46.93533333333333,0.09566666666666665,0.11363333333333331,83.876,0.0,0.03875,0.8033333333333333,0.03362333333333334,0.10475666666666668,0.32533333333333336,0.05070666666666667,0.0,0.5840333333333334,0.4676566666666667,0.08299999999999999,0.28208333333333335,0.10258000000000003,0.22825,0.06471666666666667,0.16353333333333336,0.09003666666666668,0.07617,1.2933333333333332,0.027666666666666666,0.08420666666666667,32.59666666666667,0.14103666666666667,0.3101233333333333,45.89999999999999,0.10258000000000003,0.13079000000000002,79.06933333333333,0.0,0.03453666666666667,0.47333333333333344,0.03425333333333333,0.09499999999999999,0.38199999999999995,0.07617,0.0,0.5247499999999999
83,92,2003-01-22,1,1,2002-03,Detroit Pistons,Philadelphia 76ers,0,0.47246,0.10724666666666667,0.25949999999999995,0.10570666666666667,0.19270666666666666,0.04967,0.14304,0.10454,0.06965333333333333,1.6046666666666667,0.03575333333333333,0.09011999999999999,39.91333333333333,0.12976000000000001,0.28546333333333335,45.446,0.10570666666666667,0.137,76.27266666666667,0.0,0.034543333333333336,0.5273333333333333,0.025496666666666664,0.12179333333333334,0.22133333333333335,0.06965333333333333,0.0,0.5187066666666668,0.45696,0.04312333333333333,0.31966666666666665,0.09416666666666668,0.20759000000000002,0.06487333333333332,0.14271,0.1045,0.08400333333333336,1.2853333333333334,0.01437666666666667,0.04803999999999999,29.666666666666668,0.15983666666666668,0.3557133333333333,45.172,0.09416666666666668,0.12716999999999998,73.03399999999998,0.0,0.052833333333333336,0.6586666666666667,0.01454666666666667,0.11687666666666668,0.1266666666666667,0.08400333333333336,0.0,0.4898733333333333
89,96,2003-01-22,1,1,2002-03,Utah Jazz,Los Angeles Clippers,0,0.49521666666666664,0.04987333333333334,0.32375000000000004,0.12158333333333335,0.2076233333333333,0.06421,0.1434133333333333,0.13300333333333333,0.08596333333333334,1.609333333333333,0.016626666666666668,0.04491333333333333,36.977999999999994,0.1618766666666667,0.32571,49.80866666666666,0.12158333333333335,0.15591,79.27199999999999,0.0,0.05049666666666666,0.6006666666666667,0.026083333333333333,0.11287666666666665,0.23266666666666672,0.08596333333333334,0.0,0.6000066666666667,0.45483999999999997,0.07187666666666666,0.2803333333333333,0.10262333333333333,0.21295333333333336,0.06299666666666666,0.14995666666666665,0.09245333333333333,0.07745666666666667,1.2740000000000002,0.023956666666666668,0.07549333333333334,32.16133333333333,0.1401666666666667,0.3164133333333333,44.35666666666666,0.10262333333333333,0.13991666666666666,73.262,0.0,0.031336666666666665,0.41999999999999993,0.03253333333333333,0.10588000000000002,0.31599999999999995,0.07745666666666667,0.0,0.4815833333333334
103,94,2003-01-22,1,1,2002-03,New Orleans Hornets,Washington Wizards,1,0.45929333333333333,0.08000333333333334,0.2921666666666667,0.08711666666666669,0.20646,0.054253333333333334,0.15220333333333336,0.10145666666666667,0.06905333333333334,1.5146666666666666,0.026663333333333334,0.07140999999999999,38.30200000000001,0.14608666666666667,0.33959,43.12133333333334,0.08711666666666669,0.11104666666666667,76.994,0.0,0.036579999999999994,0.5633333333333334,0.02171333333333333,0.11446666666666666,0.18866666666666668,0.06905333333333334,0.0,0.4942933333333334,0.4743366666666667,0.05850000000000001,0.3060833333333334,0.10976,0.20116666666666666,0.050206666666666656,0.15095333333333333,0.10137666666666667,0.06974999999999999,1.5793333333333335,0.0195,0.05575,34.902,0.15303999999999995,0.32012,47.766666666666666,0.10976,0.1391166666666667,79.3,0.0,0.03504333333333333,0.5406666666666666,0.025663333333333337,0.10583666666666665,0.25999999999999995,0.06974999999999999,0.0,0.5351199999999999
97,106,2003-01-22,1,1,2002-03,Boston Celtics,Milwaukee Bucks,0,0.45938000000000007,0.13262666666666664,0.22833333333333336,0.09841333333333332,0.19137999999999997,0.049293333333333335,0.14207666666666668,0.08708666666666663,0.07425,1.2180000000000002,0.04420666666666668,0.13470666666666667,32.18533333333333,0.11415666666666667,0.25858,44.09533333333332,0.09841333333333332,0.12337666666666666,79.77466666666666,0.0,0.04562999999999999,0.6466666666666667,0.01841333333333333,0.11120666666666666,0.1793333333333333,0.07425,0.0,0.4677433333333333,0.4945399999999999,0.09512666666666666,0.2956666666666667,0.10375000000000001,0.20112333333333335,0.04816666666666667,0.15295666666666666,0.11141,0.06721,1.7579999999999998,0.03170666666666667,0.08695666666666665,36.77,0.14784666666666665,0.3126333333333334,47.50533333333333,0.10375000000000001,0.12633333333333333,82.07933333333332,0.0,0.03512666666666666,0.5706666666666667,0.020296666666666668,0.11620666666666665,0.178,0.06721,0.0,0.5526666666666668
93,98,2003-01-22,1,1,2002-03,San Antonio Spurs,Memphis Grizzlies,0,0.46925666666666666,0.07411666666666666,0.2981666666666667,0.09695666666666665,0.20804,0.05241333333333333,0.15562333333333336,0.08745999999999997,0.07883,1.1806666666666665,0.024716666666666668,0.07079666666666666,32.99533333333333,0.14908000000000002,0.3107066666666667,48.11533333333333,0.09695666666666665,0.13066666666666665,74.73266666666667,0.0,0.03129,0.4293333333333333,0.03707666666666667,0.10413,0.36066666666666675,0.07883,0.0,0.51288,0.4861633333333332,0.08950666666666665,0.3081666666666667,0.08849666666666667,0.2145466666666667,0.05741,0.15712999999999996,0.11771333333333332,0.08191999999999999,1.5813333333333333,0.029826666666666668,0.07932666666666667,38.71333333333333,0.15408333333333335,0.3172500000000001,48.42333333333334,0.08849666666666667,0.11878999999999999,75.64333333333335,0.0,0.03250666666666666,0.4113333333333334,0.027626666666666667,0.09771666666666667,0.2953333333333334,0.08191999999999999,0.0,0.5536666666666666
110,112,2003-01-22,1,1,2002-03,Atlanta Hawks,Portland Trail Blazers,0,0.43058333333333326,0.06987666666666667,0.27458333333333335,0.08612333333333333,0.20075,0.054463333333333336,0.14629,0.09037666666666665,0.07991999999999999,1.1973333333333334,0.023289999999999995,0.07366333333333334,31.447333333333326,0.13730000000000003,0.3055366666666667,44.95133333333333,0.08612333333333333,0.11050333333333334,76.95466666666667,0.0,0.034583333333333334,0.4440000000000001,0.02362,0.1165,0.21466666666666667,0.07991999999999999,0.0,0.4569966666666668,0.48345666666666676,0.06637666666666668,0.3171666666666667,0.09992,0.20779333333333336,0.06016666666666667,0.1476333333333333,0.11070666666666666,0.07795666666666667,1.506,0.02212333333333333,0.07462333333333332,29.232666666666667,0.15858333333333335,0.3219099999999999,49.49133333333334,0.09992,0.13529,72.88799999999999,0.0,0.05116333333333334,0.6773333333333335,0.01766333333333334,0.10567000000000001,0.17466666666666666,0.07795666666666667,0.0,0.54162
94,91,2003-01-22,1,1,2002-03,Orlando Magic,Chicago Bulls,1,0.4756266666666667,0.09963666666666665,0.27125000000000005,0.10474333333333333,0.19453666666666664,0.05625000000000001,0.13829000000000002,0.10087666666666664,0.07204,1.4579999999999997,0.03319666666666667,0.09166999999999999,37.003333333333345,0.13562666666666667,0.30733333333333335,44.64533333333333,0.10474333333333333,0.13275,79.276,0.0,0.04570666666666667,0.6699999999999999,0.013156666666666669,0.1192866666666667,0.11533333333333336,0.07204,0.0,0.49970333333333333,0.4723266666666666,0.06688000000000001,0.3160833333333333,0.08937666666666667,0.21350333333333332,0.05554333333333334,0.15796000000000002,0.10762666666666668,0.07429333333333334,1.544666666666667,0.02228666666666667,0.06312999999999999,35.634,0.15804333333333337,0.3442966666666667,45.93533333333334,0.08937666666666667,0.12574666666666667,71.15400000000001,0.0,0.03937666666666666,0.5573333333333333,0.029700000000000004,0.12558,0.23866666666666667,0.07429333333333334,0.0,0.5247966666666667
97,88,2003-01-22,1,1,2002-03,New York Knicks,Denver Nuggets,1,0.46770666666666666,0.10912666666666668,0.2828333333333333,0.07575666666666667,0.20587,0.055790000000000006,0.15009000000000003,0.10866333333333333,0.06637333333333333,1.7213333333333336,0.03637333333333334,0.08870666666666667,41.56266666666667,0.14141333333333334,0.32061666666666666,44.41600000000001,0.07575666666666667,0.09499333333333332,79.85,0.0,0.031790000000000006,0.5079999999999999,0.01292666666666667,0.11499333333333332,0.12066666666666667,0.06637333333333333,0.0,0.5097866666666667,0.41533666666666663,0.04387,0.2901666666666667,0.08129333333333334,0.20558666666666667,0.05996333333333334,0.14562,0.10305000000000002,0.0922,1.2266666666666666,0.014630000000000002,0.055706666666666675,24.192,0.14508,0.3250833333333333,44.82266666666666,0.08129333333333334,0.11482666666666666,70.836,0.0,0.038796666666666674,0.46533333333333327,0.02454,0.12296333333333334,0.21133333333333332,0.0922,0.0,0.44045999999999996
96,91,2003-01-22,1,1,2002-03,Minnesota Timberwolves,Seattle SuperSonics,1,0.48829,0.048000000000000015,0.34841666666666676,0.09187999999999998,0.21778999999999998,0.059410000000000004,0.15837,0.12762333333333334,0.06736999999999999,2.1279999999999997,0.016,0.04734666666666667,33.744,0.17421,0.3722833333333334,46.70666666666667,0.09187999999999998,0.11799666666666667,77.44000000000001,0.0,0.03437333333333334,0.5499999999999999,0.029426666666666667,0.11187000000000001,0.2753333333333333,0.06736999999999999,0.0,0.57458,0.44755,0.06074999999999999,0.3100000000000001,0.07678999999999998,0.20896333333333333,0.06362,0.14533000000000001,0.10721000000000001,0.06625666666666667,1.7740000000000002,0.020249999999999997,0.061250000000000006,32.36266666666667,0.15500333333333335,0.34275000000000005,45.224000000000004,0.07678999999999998,0.10983333333333332,71.24933333333333,0.0,0.04279333333333333,0.678,0.014333333333333335,0.10774666666666667,0.13400000000000004,0.06625666666666667,0.0,0.49279
92,85,2003-01-22,1,1,2002-03,Miami Heat,Phoenix Suns,1,0.4374933333333334,0.0585,0.28950000000000004,0.08950666666666665,0.20991333333333329,0.059166666666666666,0.15075000000000002,0.08608,0.07321,1.2533333333333334,0.0195,0.054920000000000004,33.67933333333333,0.14475000000000002,0.3322433333333334,43.697333333333326,0.08950666666666665,0.11512666666666667,77.41066666666667,0.0,0.04258,0.6046666666666667,0.017629999999999996,0.11175,0.16,0.07321,0.0,0.47196333333333335,0.4880433333333334,0.08788000000000001,0.30783333333333335,0.09233333333333334,0.2129566666666667,0.06291666666666668,0.15004,0.10949666666666666,0.07325333333333335,1.5780000000000003,0.02928666666666667,0.07946,36.598,0.15391333333333332,0.33037333333333335,46.80866666666667,0.09233333333333334,0.12337666666666669,75.72133333333333,0.0,0.036413333333333325,0.5246666666666667,0.023083333333333334,0.10758666666666666,0.22800000000000004,0.07325333333333335,0.0,0.53908
110,114,2003-01-22,1,1,2002-03,Los Angeles Lakers,Golden State Warriors,0,0.49874333333333337,0.08312666666666665,0.32183333333333336,0.09380000000000001,0.23158333333333334,0.06858333333333334,0.16299999999999998,0.12312333333333333,0.08117,1.5500000000000003,0.027706666666666664,0.08220666666666668,33.748000000000005,0.16091999999999998,0.3312066666666666,49.14066666666667,0.09380000000000001,0.13450333333333334,70.482,0.0,0.03417000000000001,0.4313333333333333,0.02866,0.11987999999999999,0.24066666666666667,0.08117,0.0,0.5696233333333333,0.4957566666666667,0.07375333333333334,0.31133333333333335,0.11066333333333334,0.23254333333333338,0.07949999999999999,0.15304333333333334,0.09362333333333332,0.07849666666666666,1.286,0.02458,0.06529333333333334,38.74400000000001,0.1556733333333333,0.34933000000000003,44.646,0.11066333333333334,0.14078,78.95466666666667,0.0,0.03296,0.4493333333333333,0.027916666666666676,0.11378666666666665,0.254,0.07849666666666666,0.0,0.5398
101,98,2003-01-22,1,1,2002-03,Indiana Pacers,Toronto Raptors,1,0.50025,0.08012000000000001,0.30733333333333324,0.11279666666666666,0.21638000000000002,0.055876666666666665,0.16051,0.11699999999999998,0.07975333333333333,1.6000000000000003,0.026713333333333332,0.07525333333333334,36.03266666666666,0.15366,0.31970666666666664,48.148,0.11279666666666666,0.15004333333333336,75.93066666666667,0.0,0.046869999999999995,0.6240000000000001,0.023793333333333336,0.10333333333333332,0.23533333333333337,0.07975333333333333,0.0,0.57271,0.4355866666666667,0.07962333333333332,0.2753333333333334,0.08062,0.19604000000000005,0.06275,0.1333,0.09016,0.07320666666666667,1.3026666666666666,0.026543333333333332,0.07727999999999999,33.29,0.13766333333333333,0.31517000000000006,43.75466666666667,0.08062,0.11650333333333335,68.912,0.0,0.03671,0.5153333333333333,0.019536666666666664,0.11795666666666667,0.17400000000000002,0.07320666666666667,0.0,0.44070666666666664
94,107,2003-01-23,1,1,2002-03,Philadelphia 76ers,Dallas Mavericks,0,0.45999999999999996,0.043250000000000004,0.3200833333333334,0.09666666666666668,0.20879666666666669,0.06570666666666666,0.14308666666666667,0.10475000000000002,0.08350333333333335,1.295333333333334,0.014416666666666668,0.04766333333333333,30.160000000000004,0.1600466666666667,0.35567000000000004,45.268,0.09666666666666668,0.12913,73.8,0.0,0.05271000000000001,0.6579999999999999,0.01429666666666667,0.11679666666666667,0.1246666666666667,0.08350333333333335,0.0,0.49570666666666674,0.49749999999999994,0.08524999999999999,0.317,0.09525333333333333,0.21499666666666667,0.059170000000000014,0.15583333333333335,0.10566666666666667,0.05062,2.243333333333333,0.028416666666666663,0.09321666666666668,28.932666666666663,0.1584966666666667,0.33687666666666666,46.87266666666667,0.09525333333333333,0.11367333333333332,83.50733333333336,0.0,0.03779333333333333,0.786,0.03329,0.10342333333333335,0.32533333333333336,0.05062,0.0,0.5770333333333333
105,97,2003-01-23,1,1,2002-03,Golden State Warriors,New Jersey Nets,1,0.49559,0.07263,0.31250000000000006,0.11045666666666668,0.23379,0.08070666666666666,0.15308333333333335,0.09354333333333334,0.07758333333333332,1.3039999999999998,0.024203333333333337,0.06529333333333334,38.11333333333334,0.15625333333333336,0.35162,44.516666666666666,0.11045666666666668,0.1397,79.48066666666665,0.0,0.03296,0.45466666666666655,0.028003333333333335,0.11270333333333332,0.25800000000000006,0.07758333333333332,0.0,0.54059,0.49787,0.055376666666666664,0.3359166666666667,0.10658333333333335,0.21161666666666668,0.05941666666666666,0.15221,0.11775000000000001,0.07241333333333332,1.772,0.018456666666666666,0.05858,32.62133333333333,0.16796,0.3412533333333334,49.414,0.10658333333333335,0.14663,73.682,0.0,0.046953333333333326,0.6853333333333335,0.021623333333333338,0.11186666666666666,0.20733333333333334,0.07241333333333332,0.0,0.5699500000000001
98,104,2003-01-23,1,1,2002-03,Memphis Grizzlies,Sacramento Kings,0,0.4870833333333333,0.08738333333333333,0.3119166666666667,0.08778666666666668,0.2150866666666667,0.058076666666666665,0.1570033333333333,0.11691999999999998,0.08100333333333332,1.5793333333333333,0.02911666666666667,0.07903333333333334,37.61066666666667,0.15595666666666666,0.31983666666666666,48.602,0.08778666666666668,0.11771000000000001,75.75933333333333,0.0,0.0323,0.4113333333333334,0.027836666666666662,0.09729999999999998,0.29933333333333334,0.08100333333333332,0.0,0.5544999999999999,0.5052533333333334,0.09374999999999999,0.33366666666666667,0.07782666666666666,0.22249666666666665,0.05199666666666668,0.17049666666666663,0.1262066666666667,0.06712333333333334,2.150666666666667,0.03125000000000001,0.08408666666666666,37.20866666666667,0.16683,0.3483033333333333,47.92866666666667,0.07782666666666666,0.10849666666666667,71.43533333333333,0.0,0.050039999999999994,0.8606666666666667,0.03270666666666667,0.09879666666666666,0.3473333333333333,0.06712333333333334,0.0,0.6046233333333333
74,98,2003-01-24,1,1,2002-03,Houston Rockets,Detroit Pistons,0,0.4661166666666668,0.08275333333333333,0.2806666666666667,0.10270333333333335,0.22741666666666668,0.06284,0.16457666666666668,0.09008000000000001,0.07550333333333334,1.3093333333333337,0.02758,0.08412333333333333,32.541333333333334,0.14032666666666668,0.3082466666666666,45.926,0.10270333333333335,0.13141333333333333,78.83133333333333,0.0,0.03411666666666667,0.47466666666666674,0.03442,0.09458333333333331,0.3853333333333333,0.07550333333333334,0.0,0.5234966666666666,0.47187666666666667,0.10699666666666666,0.25875,0.10612333333333335,0.19291333333333333,0.04971333333333334,0.14320666666666668,0.10416333333333333,0.06985999999999999,1.582666666666667,0.03567,0.09041333333333332,39.77799999999999,0.12938333333333335,0.28512999999999994,45.34066666666668,0.10612333333333335,0.13679,76.63799999999999,0.0,0.03466666666666666,0.5233333333333334,0.025076666666666667,0.12149999999999998,0.21866666666666668,0.06985999999999999,0.0,0.5176666666666667
104,97,2003-01-24,1,1,2002-03,Chicago Bulls,Washington Wizards,1,0.4733699999999999,0.06888000000000001,0.3158333333333333,0.08867000000000001,0.21345999999999998,0.05571,0.15775,0.10775,0.07458666666666666,1.5493333333333335,0.022953333333333333,0.06425666666666667,36.08866666666667,0.15792,0.34354333333333337,46.004,0.08867000000000001,0.12512333333333334,70.81,0.0,0.03941666666666666,0.5573333333333331,0.029826666666666668,0.12574666666666665,0.24000000000000005,0.07458666666666666,0.0,0.52588,0.47500333333333333,0.05800000000000002,0.3059166666666666,0.11109333333333331,0.2025833333333333,0.05146,0.15112,0.10045666666666667,0.06941666666666667,1.566,0.019333333333333334,0.05571000000000001,34.6,0.15295999999999996,0.3214533333333333,47.55066666666666,0.11109333333333331,0.14103666666666667,79.172,0.0,0.035250000000000004,0.5466666666666666,0.02645666666666667,0.10592333333333334,0.2686666666666666,0.06941666666666667,0.0,0.5354966666666667
96,97,2003-01-24,1,1,2002-03,New Orleans Hornets,Portland Trail Blazers,0,0.45866666666666667,0.07925333333333334,0.29324999999999996,0.08615666666666667,0.20804333333333333,0.05483333333333334,0.15320333333333333,0.10262333333333334,0.06917666666666666,1.5286666666666664,0.026413333333333337,0.07049,38.45333333333334,0.14662999999999998,0.34138333333333326,43.044,0.08615666666666667,0.11030000000000001,76.86999999999999,0.0,0.03641333333333333,0.5599999999999999,0.02171333333333333,0.11513333333333334,0.18800000000000003,0.06917666666666666,0.0,0.4953366666666667,0.48300000000000015,0.06437666666666668,0.3178333333333333,0.10079333333333332,0.20783333333333331,0.059833333333333336,0.14800666666666668,0.11058333333333333,0.07741333333333333,1.5113333333333334,0.02145666666666667,0.07433333333333333,28.42866666666667,0.15891666666666668,0.3227433333333333,49.434666666666665,0.10079333333333332,0.13529,73.57199999999999,0.0,0.050996666666666676,0.6766666666666669,0.017453333333333335,0.10550333333333334,0.17266666666666666,0.07741333333333333,0.0,0.5412433333333334
77,58,2003-01-24,1,1,2002-03,Boston Celtics,Denver Nuggets,1,0.4562533333333333,0.13212666666666664,0.22733333333333333,0.09679,0.19008999999999998,0.049543333333333335,0.14053666666666667,0.08683666666666665,0.07370999999999998,1.2286666666666666,0.04404000000000001,0.13512000000000002,31.940000000000005,0.11365666666666667,0.25779,44.05466666666666,0.09679,0.12158333333333333,79.53399999999998,0.0,0.04458666666666666,0.6366666666666667,0.018206666666666663,0.11154,0.176,0.07370999999999998,0.0,0.46224333333333334,0.41400333333333333,0.04099333333333333,0.2915833333333333,0.08141666666666666,0.20600333333333332,0.059753333333333346,0.14624333333333334,0.10325666666666668,0.09195333333333333,1.2286666666666666,0.013673333333333334,0.053040000000000004,23.81066666666667,0.14578666666666668,0.3262899999999999,44.89533333333333,0.08141666666666666,0.11470000000000001,71.12133333333333,0.0,0.038880000000000005,0.47333333333333333,0.024959999999999996,0.12146333333333333,0.218,0.09195333333333333,0.0,0.4419599999999999
115,104,2003-01-24,1,1,2002-03,Atlanta Hawks,Sacramento Kings,1,0.43041666666666667,0.06787666666666665,0.2759166666666667,0.08662333333333333,0.20149999999999998,0.05446333333333333,0.14704,0.08966666666666666,0.08037999999999998,1.1786666666666668,0.022623333333333336,0.07212333333333332,31.242,0.13796666666666668,0.30712,44.931333333333335,0.08662333333333333,0.11150333333333333,76.70933333333333,0.0,0.03429333333333333,0.4380000000000001,0.023160000000000004,0.11658666666666667,0.20866666666666667,0.08037999999999998,0.0,0.4551200000000001,0.5088800000000001,0.09462333333333332,0.33725,0.07699333333333334,0.22295666666666666,0.05266333333333333,0.17029000000000002,0.1286266666666667,0.06691666666666668,2.1473333333333335,0.03154333333333333,0.08421,37.568666666666665,0.16862333333333332,0.35075999999999996,48.15266666666667,0.07699333333333334,0.10762,71.28466666666667,0.0,0.05054,0.844,0.03170666666666667,0.09954666666666666,0.3346666666666667,0.06691666666666668,0.0,0.6103733333333334
90,91,2003-01-24,1,1,2002-03,Utah Jazz,San Antonio Spurs,0,0.4954633333333333,0.04900000000000001,0.3239166666666667,0.12254000000000001,0.2074133333333333,0.06470999999999999,0.14270333333333335,0.13279666666666667,0.08592000000000001,1.6073333333333335,0.01633333333333333,0.04512333333333333,36.35666666666667,0.16196000000000005,0.32525,49.91466666666667,0.12254000000000001,0.15745,79.08533333333334,0.0,0.05041666666666667,0.5993333333333334,0.02666666666666667,0.113,0.2373333333333334,0.08592000000000001,0.0,0.59984,0.4704666666666667,0.07499333333333333,0.29741666666666666,0.09803999999999997,0.20762333333333335,0.05278666666666667,0.15483333333333335,0.0885433333333333,0.07833,1.2073333333333334,0.025006666666666667,0.07075666666666668,33.589999999999996,0.14870333333333333,0.31124666666666667,47.88333333333333,0.09803999999999997,0.13125,75.16933333333334,0.0,0.03183333333333333,0.43600000000000005,0.036533333333333334,0.10375666666666666,0.356,0.07833,0.0,0.5151733333333334
107,110,2003-01-24,1,1,2002-03,Orlando Magic,Phoenix Suns,0,0.47654666666666673,0.10000999999999999,0.27275000000000005,0.10378666666666668,0.19357666666666665,0.05608333333333334,0.13750000000000004,0.10183666666666664,0.07179,1.474,0.033323333333333344,0.09146,37.18266666666667,0.13637666666666665,0.3063766666666667,45.059999999999995,0.10378666666666668,0.13208333333333333,78.94666666666667,0.0,0.04533333333333334,0.6666666666666665,0.013116666666666669,0.11845333333333337,0.11533333333333334,0.07179,0.0,0.5022033333333333,0.48912333333333335,0.08875666666666665,0.3064166666666667,0.09396,0.2111233333333333,0.06266666666666668,0.14846,0.10824333333333333,0.07242,1.5733333333333337,0.029576666666666664,0.08016999999999999,36.64333333333333,0.15320333333333333,0.3289966666666667,46.83533333333333,0.09396,0.12466666666666668,76.16533333333335,0.0,0.036329999999999994,0.53,0.022916666666666665,0.10862666666666666,0.2246666666666667,0.07242,0.0,0.5382466666666667
90,101,2003-01-24,1,1,2002-03,New York Knicks,Dallas Mavericks,0,0.46729000000000004,0.10837666666666666,0.284,0.07492333333333333,0.20687,0.05641666666666667,0.15046333333333334,0.10870333333333333,0.06533333333333333,1.7413333333333334,0.03612333333333333,0.08895666666666667,41.13066666666667,0.14199666666666666,0.32236333333333334,44.33133333333334,0.07492333333333333,0.09436666666666668,79.64266666666666,0.0,0.03262333333333334,0.5273333333333333,0.012633333333333335,0.11511999999999999,0.11866666666666668,0.06533333333333333,0.0,0.51012,0.49479,0.08199666666666668,0.3174166666666666,0.09537999999999999,0.21466333333333334,0.05983666666666667,0.15483333333333335,0.10533333333333332,0.050366666666666664,2.252666666666667,0.027336666666666662,0.09171666666666667,28.456,0.15870333333333334,0.3374633333333333,46.882666666666665,0.09537999999999999,0.11421333333333332,83.21000000000002,0.0,0.037293333333333324,0.7806666666666668,0.032580000000000005,0.10238333333333333,0.3213333333333334,0.050366666666666664,0.0,0.5723266666666668
88,85,2003-01-24,1,1,2002-03,Minnesota Timberwolves,Los Angeles Clippers,1,0.48862333333333335,0.048000000000000015,0.3478333333333334,0.09279666666666665,0.21770666666666666,0.058493333333333335,0.1592033333333334,0.12662333333333334,0.06715999999999998,2.128,0.016,0.04701333333333334,33.82266666666666,0.17392000000000002,0.3716166666666666,46.70466666666667,0.09279666666666665,0.11861999999999999,77.80066666666669,0.0,0.035,0.5626666666666666,0.029426666666666667,0.11187000000000001,0.276,0.06715999999999998,0.0,0.5756633333333333,0.4552566666666667,0.07212333333333334,0.2798333333333333,0.10329,0.21320333333333336,0.06291,0.15028999999999998,0.09270666666666667,0.07712333333333335,1.2886666666666668,0.024043333333333326,0.07495,32.492000000000004,0.13992,0.31761999999999996,44.12533333333333,0.10329,0.14112666666666665,73.05933333333333,0.0,0.03096,0.4173333333333333,0.032119999999999996,0.10667333333333333,0.31133333333333335,0.07712333333333335,0.0,0.48066666666666674
83,89,2003-01-24,1,1,2002-03,Los Angeles Lakers,New Jersey Nets,0,0.5001166666666668,0.08349999999999999,0.3229166666666667,0.09371666666666667,0.23232999999999998,0.06949666666666666,0.16283333333333333,0.12308000000000001,0.08087666666666667,1.5533333333333335,0.02783333333333333,0.08307999999999999,33.54866666666666,0.16146,0.33166666666666667,49.26266666666666,0.09371666666666667,0.13400333333333334,70.79466666666666,0.0,0.03479333333333334,0.44466666666666665,0.028703333333333338,0.11946666666666665,0.24066666666666664,0.08087666666666667,0.0,0.5724133333333333,0.4969933333333334,0.05487666666666667,0.3345833333333334,0.10754,0.21153333333333332,0.060500000000000005,0.15104333333333334,0.11678999999999999,0.07274666666666668,1.7526666666666668,0.018289999999999997,0.05966333333333334,32.17533333333333,0.16729333333333335,0.3405066666666667,49.33866666666667,0.10754,0.14842000000000005,73.34133333333334,0.0,0.04720666666666667,0.6886666666666668,0.020790000000000006,0.11212,0.1986666666666667,0.07274666666666668,0.0,0.5651166666666667
93,80,2003-01-24,1,1,2002-03,Indiana Pacers,Seattle SuperSonics,1,0.4997933333333332,0.08062,0.30824999999999997,0.11092333333333332,0.21617000000000003,0.05504333333333333,0.16113333333333335,0.11891999999999998,0.07875333333333336,1.6520000000000001,0.02688,0.07567,36.07333333333333,0.15411999999999998,0.31961999999999996,48.33400000000001,0.11092333333333332,0.14675,76.34666666666665,0.0,0.046996666666666666,0.6353333333333334,0.02383666666666667,0.10212666666666666,0.23733333333333334,0.07875333333333336,0.0,0.5768333333333333,0.4473433333333333,0.05987666666666667,0.3103333333333334,0.07712333333333334,0.20734,0.06328666666666666,0.14404,0.10741666666666667,0.06638000000000001,1.7866666666666668,0.019956666666666668,0.06049666666666667,32.17466666666667,0.15517000000000003,0.34321,45.21666666666667,0.07712333333333334,0.10974666666666666,71.602,0.0,0.04266999999999999,0.6739999999999999,0.014166666666666668,0.10953666666666666,0.13000000000000003,0.06638000000000001,0.0,0.49133
91,97,2003-01-25,1,1,2002-03,Miami Heat,Philadelphia 76ers,0,0.43487,0.05562333333333334,0.28975000000000006,0.08950666666666664,0.2094133333333333,0.05870666666666667,0.15070666666666668,0.08603666666666668,0.07408333333333333,1.2346666666666666,0.018543333333333335,0.05325333333333334,32.802,0.14487666666666668,0.33287,43.65866666666667,0.08950666666666664,0.11554666666666666,77.31400000000001,0.0,0.04279,0.6,0.017629999999999996,0.11187333333333332,0.16,0.07408333333333333,0.0,0.46792333333333336,0.46220666666666665,0.04362666666666667,0.31991666666666674,0.09866666666666667,0.20963000000000004,0.06612333333333334,0.14350666666666667,0.10495666666666666,0.08304333333333334,1.3026666666666666,0.014540000000000003,0.047456666666666675,30.704,0.15996333333333335,0.3542133333333333,45.464000000000006,0.09866666666666667,0.13055,74.43666666666668,0.0,0.05225000000000002,0.6526666666666666,0.014216666666666667,0.11629666666666669,0.1246666666666667,0.08304333333333334,0.0,0.5011633333333333
88,75,2003-01-25,1,1,2002-03,Milwaukee Bucks,Denver Nuggets,1,0.4916233333333333,0.09375000000000001,0.2943333333333334,0.10354333333333335,0.20054000000000005,0.04725333333333333,0.15329,0.11049666666666666,0.06737666666666667,1.7453333333333334,0.03125000000000001,0.08641333333333333,36.68333333333333,0.14718,0.3106333333333334,47.613333333333344,0.10354333333333335,0.12633333333333333,81.94866666666667,0.0,0.03479333333333333,0.568,0.01984,0.11470666666666667,0.17666666666666667,0.06737666666666667,0.0,0.5485000000000001,0.4140033333333333,0.03824333333333333,0.29391666666666666,0.08183333333333334,0.20520999999999998,0.05912666666666667,0.14607666666666666,0.10396666666666667,0.09099666666666666,1.2446666666666668,0.012756666666666668,0.05025,23.702,0.14695333333333332,0.3280799999999999,45.038666666666664,0.08183333333333334,0.11462,71.61200000000001,0.0,0.03908666666666667,0.48466666666666663,0.02529333333333333,0.11971000000000001,0.224,0.09099666666666666,0.0,0.44512666666666667
108,76,2003-01-25,1,1,2002-03,San Antonio Spurs,Detroit Pistons,1,0.47246666666666665,0.07611666666666667,0.29683333333333334,0.09949666666666665,0.20753666666666665,0.05333,0.15421,0.08975,0.07720333333333335,1.2486666666666664,0.02538333333333333,0.07084,34.306666666666665,0.14841333333333334,0.31216666666666665,47.62333333333333,0.09949666666666665,0.13283333333333333,75.334,0.0,0.032413333333333336,0.4486666666666667,0.03595,0.10363333333333331,0.35,0.07720333333333335,0.0,0.5183833333333334,0.4700866666666667,0.10699666666666666,0.2570833333333333,0.10600000000000001,0.19307999999999997,0.049713333333333345,0.14337333333333335,0.10362,0.06994333333333333,1.56,0.03567,0.09116666666666666,39.47333333333333,0.12855,0.28413,45.17866666666667,0.10600000000000001,0.13595666666666664,76.97733333333332,0.0,0.034499999999999996,0.5166666666666667,0.024703333333333338,0.12057999999999999,0.2166666666666667,0.06994333333333333,0.0,0.515
101,102,2003-01-25,1,1,2002-03,Cleveland Cavaliers,Atlanta Hawks,0,0.45650666666666667,0.07587,0.2838333333333333,0.09679666666666667,0.22220666666666666,0.06721000000000002,0.15499999999999994,0.09504333333333333,0.08771333333333332,1.1473333333333333,0.02529666666666667,0.06920666666666665,35.668,0.14191666666666666,0.33916666666666667,41.952000000000005,0.09679666666666667,0.13237666666666667,72.91199999999999,0.0,0.03938333333333333,0.47933333333333344,0.031413333333333335,0.11759333333333331,0.26466666666666666,0.08771333333333332,0.0,0.4800899999999999,0.43074999999999997,0.066,0.2775,0.08724666666666667,0.20299999999999999,0.05492,0.14808333333333332,0.08912666666666667,0.08092333333333332,1.1600000000000001,0.022000000000000002,0.07091666666666667,30.97066666666666,0.13876,0.3088266666666667,44.93600000000001,0.08724666666666667,0.11287666666666667,76.37333333333332,0.0,0.03433333333333333,0.4353333333333334,0.022953333333333336,0.11688000000000003,0.20466666666666666,0.08092333333333332,0.0,0.4546200000000001
108,95,2003-01-25,1,1,2002-03,Golden State Warriors,Utah Jazz,1,0.4960066666666666,0.07138,0.31366666666666665,0.11095666666666666,0.2346666666666667,0.08174666666666666,0.15291666666666665,0.09354333333333334,0.07662333333333333,1.3253333333333333,0.023786666666666668,0.06504,37.672000000000004,0.15683666666666665,0.35345333333333334,44.452,0.11095666666666666,0.13948999999999998,79.966,0.0,0.03279333333333334,0.45866666666666667,0.028126666666666668,0.11195333333333334,0.26133333333333336,0.07662333333333333,0.0,0.54209,0.49529666666666666,0.04850000000000001,0.3239166666666667,0.12287333333333333,0.2068733333333333,0.06516999999999998,0.14170333333333335,0.13246333333333332,0.08533666666666667,1.6200000000000003,0.016166666666666666,0.045746666666666665,35.781333333333336,0.16196000000000005,0.32495999999999997,49.97666666666667,0.12287333333333333,0.15794999999999998,78.97599999999998,0.0,0.050043333333333335,0.6006666666666668,0.027293333333333333,0.11316666666666664,0.24200000000000002,0.08533666666666667,0.0,0.5989633333333334
83,95,2003-01-25,1,1,2002-03,Memphis Grizzlies,Seattle SuperSonics,0,0.48712666666666665,0.08450666666666666,0.3155833333333333,0.08703666666666668,0.21521333333333334,0.05882333333333333,0.15637999999999996,0.11566666666666665,0.07975333333333333,1.5786666666666667,0.02816,0.07845333333333333,36.34066666666667,0.15778999999999999,0.3233366666666667,48.64333333333333,0.08703666666666668,0.11625333333333335,76.06333333333332,0.0,0.031966666666666664,0.4126666666666666,0.027916666666666666,0.09750666666666666,0.3,0.07975333333333333,0.0,0.5530833333333333,0.44588333333333335,0.058626666666666674,0.3103333333333334,0.07691333333333335,0.20509000000000002,0.06220333333333332,0.14287333333333332,0.10749666666666667,0.06658666666666667,1.7926666666666669,0.01954,0.05995333333333333,31.70733333333333,0.15517000000000003,0.34312666666666664,45.242666666666665,0.07691333333333335,0.10841333333333332,72.37666666666665,0.0,0.042586666666666655,0.6693333333333332,0.013873333333333333,0.11066333333333335,0.12533333333333335,0.06658666666666667,0.0,0.4884566666666667
89,97,2003-01-25,1,1,2002-03,Washington Wizards,Minnesota Timberwolves,0,0.47508999999999996,0.05687666666666668,0.30649999999999994,0.11171666666666666,0.20379,0.05291999999999999,0.15086999999999998,0.09941666666666665,0.06921000000000001,1.5480000000000003,0.01895666666666667,0.05508333333333334,34.388,0.1532533333333333,0.32383,47.31666666666667,0.11171666666666666,0.14187,79.076,0.0,0.035416666666666666,0.5499999999999999,0.027246666666666666,0.10567333333333334,0.27799999999999997,0.06921000000000001,0.0,0.5348733333333334,0.48816333333333334,0.04800000000000001,0.34675000000000006,0.09342333333333333,0.21737333333333328,0.057620000000000005,0.15974666666666665,0.12541666666666668,0.06703333333333332,2.1220000000000003,0.016000000000000004,0.04659666666666667,33.94866666666666,0.17337666666666665,0.3707000000000001,46.674666666666674,0.09342333333333333,0.1187,78.27600000000001,0.0,0.03542,0.572,0.029133333333333334,0.11112000000000002,0.2753333333333333,0.06703333333333332,0.0,0.57525
101,97,2003-01-26,1,1,2002-03,Toronto Raptors,Sacramento Kings,1,0.4337533333333333,0.07749999999999999,0.27566666666666667,0.08058000000000001,0.19704,0.062376666666666664,0.13467333333333334,0.09012,0.07379000000000001,1.2966666666666669,0.025833333333333337,0.07594666666666668,32.888666666666666,0.13783,0.3150033333333334,43.83733333333334,0.08058000000000001,0.11646000000000002,68.99866666666665,0.0,0.03679666666666667,0.5146666666666666,0.01966333333333333,0.11812333333333333,0.17466666666666664,0.07379000000000001,0.0,0.4404166666666667,0.5133366666666667,0.09512333333333331,0.3418333333333334,0.07637000000000001,0.22324666666666665,0.05283000000000001,0.17041666666666666,0.13121,0.06708333333333333,2.1333333333333333,0.03171,0.08383333333333334,37.89333333333333,0.17091333333333333,0.35342666666666667,48.466666666666676,0.07637000000000001,0.10695333333333332,71.24466666666666,0.0,0.051000000000000004,0.8233333333333335,0.030916666666666672,0.10054666666666666,0.32466666666666666,0.06708333333333333,0.0,0.6174166666666667
93,100,2003-01-26,1,1,2002-03,Dallas Mavericks,Portland Trail Blazers,0,0.4938766666666667,0.08099666666666666,0.31858333333333333,0.09429333333333333,0.2149166666666667,0.06058333333333333,0.15433333333333332,0.10575,0.05023999999999999,2.272,0.02700333333333333,0.09067333333333334,28.514,0.15929,0.33858666666666665,46.94000000000001,0.09429333333333333,0.11321333333333333,83.03866666666666,0.0,0.036539999999999996,0.7700000000000001,0.032,0.10105000000000001,0.31866666666666676,0.05023999999999999,0.0,0.5709533333333334,0.48233333333333334,0.06262666666666668,0.31808333333333333,0.10162666666666666,0.209,0.06020999999999999,0.14880000000000002,0.11029333333333333,0.07704,1.5113333333333334,0.020873333333333337,0.07400000000000001,27.776,0.15904000000000001,0.32437,49.221999999999994,0.10162666666666666,0.13570666666666664,74.00533333333333,0.0,0.05095333333333334,0.6766666666666669,0.017373333333333338,0.10550333333333334,0.17200000000000001,0.07704,0.0,0.5403699999999999
100,98,2003-01-26,1,1,2002-03,Chicago Bulls,Houston Rockets,1,0.47262,0.06963000000000003,0.31533333333333335,0.08767,0.21333333333333335,0.055709999999999996,0.15762666666666666,0.10783666666666665,0.07500333333333334,1.5479999999999998,0.023203333333333336,0.06496666666666666,36.048,0.15766666666666668,0.34299999999999997,46.00333333333334,0.08767,0.12441666666666668,70.28666666666666,0.0,0.03925,0.5533333333333332,0.029953333333333332,0.12579,0.24133333333333334,0.07500333333333334,0.0,0.52417,0.4637433333333334,0.08100333333333334,0.27958333333333335,0.10316333333333333,0.22729333333333332,0.06200666666666667,0.1652866666666667,0.08929000000000001,0.07554666666666668,1.3013333333333332,0.02699666666666667,0.08329,32.053333333333335,0.13978666666666667,0.30678999999999995,45.94066666666666,0.10316333333333333,0.13216333333333333,78.76199999999999,0.0,0.03341000000000001,0.4693333333333334,0.03454333333333333,0.09470666666666668,0.3853333333333333,0.07554666666666668,0.0,0.5204533333333333
106,98,2003-01-26,1,1,2002-03,New York Knicks,Phoenix Suns,1,0.4664966666666667,0.10813,0.2836666666666667,0.07471333333333333,0.20728666666666667,0.057039999999999993,0.15025333333333332,0.10858,0.06475333333333333,1.7486666666666666,0.03603666666666667,0.08962333333333333,40.711333333333336,0.14183,0.3228233333333333,44.19466666666666,0.07471333333333333,0.09416000000000001,79.70599999999999,0.0,0.033330000000000005,0.5413333333333333,0.01246666666666667,0.11487,0.11733333333333336,0.06475333333333333,0.0,0.50937,0.49024666666666666,0.08837999999999999,0.30616666666666675,0.09570999999999999,0.20941666666666667,0.06271,0.14671000000000006,0.10649666666666667,0.07163000000000001,1.5620000000000005,0.029453333333333335,0.08062666666666667,36.330666666666666,0.15307666666666664,0.3286233333333334,46.914,0.09570999999999999,0.12612333333333334,76.60666666666667,0.0,0.03629,0.5353333333333333,0.023083333333333338,0.11004333333333333,0.22333333333333336,0.07163000000000001,0.0,0.53679
108,101,2003-01-26,1,1,2002-03,Indiana Pacers,Los Angeles Clippers,1,0.49887666666666663,0.08074666666666667,0.3093333333333333,0.10879666666666665,0.21533666666666668,0.053876666666666656,0.16146666666666665,0.12025333333333331,0.07750333333333334,1.7073333333333334,0.026920000000000003,0.07579666666666668,36.07266666666667,0.15465999999999996,0.3195366666666667,48.52933333333333,0.10879666666666665,0.14291666666666666,76.874,0.0,0.04716333333333333,0.6473333333333333,0.024296666666666668,0.10096000000000001,0.24266666666666667,0.07750333333333334,0.0,0.5805433333333333,0.4547966666666666,0.07149666666666668,0.27891666666666665,0.10437666666666669,0.21424666666666667,0.06295333333333333,0.15128999999999998,0.09270666666666667,0.07683,1.3,0.023836666666666662,0.07407333333333334,32.62533333333334,0.13946,0.3187466666666666,43.833333333333336,0.10437666666666669,0.1428733333333333,72.84866666666667,0.0,0.030459999999999994,0.4119999999999999,0.03182666666666666,0.10746333333333333,0.3073333333333333,0.07683,0.0,0.4791666666666668
91,83,2003-01-26,1,1,2002-03,Boston Celtics,Orlando Magic,1,0.45338,0.13225,0.22608333333333336,0.09504,0.18921333333333337,0.050170000000000006,0.13903666666666667,0.08679333333333332,0.07308666666666666,1.246,0.04408333333333334,0.13557666666666665,31.845333333333336,0.11302999999999999,0.25737,43.90333333333333,0.09504,0.11950333333333334,79.356,0.0,0.043669999999999994,0.6300000000000001,0.01804,0.11137333333333334,0.174,0.07308666666666666,0.0,0.4577,0.47646333333333346,0.09963333333333332,0.27375,0.10308,0.19241,0.05587333333333334,0.13654333333333332,0.10258666666666666,0.07145666666666667,1.49,0.03320000000000001,0.09087999999999999,37.267333333333326,0.13687666666666665,0.3052533333333333,45.412,0.10308,0.13183333333333333,78.58800000000001,0.0,0.04483333333333333,0.6626666666666666,0.013243333333333333,0.11745333333333335,0.11733333333333332,0.07145666666666667,0.0,0.5032866666666667
95,100,2003-01-27,1,1,2002-03,Memphis Grizzlies,Houston Rockets,0,0.48666999999999994,0.08187999999999998,0.3184166666666667,0.08637000000000002,0.21592,0.05957333333333333,0.15633666666666665,0.11471,0.07854333333333334,1.5786666666666667,0.027286666666666664,0.07808000000000001,35.053333333333335,0.15921,0.32716999999999996,48.525333333333336,0.08637000000000002,0.11542000000000001,76.016,0.0,0.03192333333333334,0.41666666666666663,0.02808333333333333,0.09771333333333333,0.30199999999999994,0.07854333333333334,0.0,0.5509599999999999,0.46107666666666675,0.07937666666666666,0.27841666666666665,0.10329,0.22691666666666663,0.06117333333333333,0.16574666666666668,0.08858333333333333,0.07538000000000002,1.2946666666666666,0.026456666666666667,0.08179,31.848000000000003,0.13920000000000002,0.3066233333333333,45.778666666666666,0.10329,0.13275,78.53599999999999,0.0,0.03266,0.4626666666666666,0.03429666666666666,0.09549666666666669,0.38,0.07538000000000002,0.0,0.5159533333333334
95,102,2003-01-27,1,1,2002-03,Miami Heat,Indiana Pacers,0,0.4315766666666667,0.05362333333333334,0.28858333333333336,0.08937999999999999,0.20874666666666666,0.05824666666666666,0.1504966666666667,0.08603666666666668,0.07546000000000001,1.2093333333333334,0.01787666666666667,0.051840000000000004,32.402,0.14429666666666668,0.3329133333333333,43.48400000000001,0.08937999999999999,0.11558666666666667,77.34533333333334,0.0,0.04304,0.594,0.01775333333333333,0.112,0.16066666666666668,0.07546000000000001,0.0,0.4629233333333334,0.49683333333333324,0.08087,0.30874999999999997,0.10720999999999997,0.21463000000000002,0.05312999999999999,0.16150666666666663,0.12091999999999999,0.07675000000000001,1.7406666666666666,0.026963333333333336,0.07617000000000002,35.937333333333335,0.15437000000000003,0.31895666666666667,48.534,0.10720999999999997,0.13983666666666666,77.32933333333334,0.0,0.04725,0.6539999999999998,0.02517,0.1002066666666667,0.252,0.07675000000000001,0.0,0.5816266666666666
106,95,2003-01-27,1,1,2002-03,Minnesota Timberwolves,San Antonio Spurs,1,0.48724666666666666,0.04812666666666667,0.3448333333333334,0.09429666666666668,0.2165833333333333,0.05704000000000001,0.15954000000000004,0.12391666666666666,0.06678333333333333,2.107333333333333,0.016040000000000002,0.04630333333333334,34.13066666666666,0.1724166666666667,0.3694500000000001,46.56733333333334,0.09429666666666668,0.11890666666666667,78.82200000000002,0.0,0.03608666666666667,0.5826666666666667,0.028713333333333337,0.11049666666666669,0.2733333333333333,0.06678333333333333,0.0,0.5738333333333333,0.4736333333333334,0.07699333333333333,0.29549999999999993,0.10112333333333333,0.20687,0.05395333333333333,0.15292,0.09012333333333333,0.07591333333333335,1.2779999999999998,0.025673333333333333,0.07088000000000001,34.833333333333336,0.14774666666666664,0.3129200000000001,47.27066666666667,0.10112333333333333,0.13483333333333333,75.40733333333334,0.0,0.033203333333333335,0.46799999999999997,0.035160000000000004,0.10379999999999999,0.3413333333333333,0.07591333333333335,0.0,0.5190066666666667
104,100,2003-01-27,1,1,2002-03,Cleveland Cavaliers,Los Angeles Clippers,1,0.4502966666666667,0.07462333333333332,0.2805,0.09517000000000002,0.2225,0.06717000000000001,0.15533333333333335,0.09387666666666666,0.08825333333333332,1.1246666666666667,0.024876666666666665,0.06924666666666666,34.87133333333334,0.14025,0.3378766666666666,41.63533333333334,0.09517000000000002,0.13063,72.67800000000001,0.0,0.03951,0.47333333333333344,0.030706666666666667,0.11709333333333334,0.26,0.08825333333333332,0.0,0.4711699999999999,0.45483666666666667,0.07037000000000002,0.27874999999999994,0.10570999999999998,0.21528666666666668,0.06266,0.1526233333333333,0.09270666666666667,0.07695333333333335,1.3066666666666669,0.02346333333333333,0.07303333333333333,32.666000000000004,0.13937333333333335,0.3191633333333333,43.751999999999995,0.10570999999999998,0.14487333333333333,72.70066666666665,0.0,0.02979333333333333,0.40333333333333327,0.03145333333333333,0.10834,0.302,0.07695333333333335,0.0,0.4785866666666667
93,108,2003-01-27,1,1,2002-03,New Orleans Hornets,Milwaukee Bucks,0,0.4586233333333333,0.07812666666666668,0.2945833333333333,0.08590666666666667,0.2100433333333333,0.055746666666666674,0.15429,0.10416333333333334,0.06951,1.5399999999999998,0.02604,0.06978,38.291333333333334,0.14729666666666666,0.3431766666666666,43.00599999999999,0.08590666666666667,0.1103,77.02200000000002,0.0,0.036623333333333334,0.5593333333333333,0.02171333333333333,0.11551,0.18800000000000003,0.06951,0.0,0.49767000000000006,0.48812333333333335,0.09325000000000001,0.2923333333333334,0.10254333333333335,0.19941666666666666,0.04616666666666666,0.15324666666666664,0.10970666666666665,0.06783666666666667,1.7253333333333332,0.031083333333333334,0.08591333333333333,36.824666666666666,0.14618000000000003,0.30825666666666673,47.67333333333334,0.10254333333333335,0.12529,81.864,0.0,0.03421,0.5579999999999999,0.019216666666666667,0.11325,0.1733333333333333,0.06783666666666667,0.0,0.5431666666666667
66,92,2003-01-27,1,1,2002-03,Denver Nuggets,New Jersey Nets,0,0.41270999999999997,0.03587,0.2946666666666667,0.08216666666666667,0.20442,0.05875333333333334,0.1456633333333333,0.10358999999999999,0.08999666666666666,1.2506666666666668,0.011963333333333333,0.04783333333333335,23.666,0.14733000000000002,0.3299533333333333,44.928666666666665,0.08216666666666667,0.11470333333333334,71.912,0.0,0.03992,0.5026666666666667,0.025336666666666664,0.11771000000000001,0.228,0.08999666666666666,0.0,0.44492,0.49594999999999995,0.05475333333333334,0.33316666666666667,0.10804,0.21224,0.06208333333333333,0.15016666666666667,0.11516333333333333,0.07300000000000001,1.7313333333333332,0.018246666666666668,0.06070666666666667,31.879333333333328,0.1665866666666667,0.3407966666666667,49.10666666666667,0.10804,0.14937666666666666,73.09266666666667,0.0,0.047456666666666675,0.6933333333333335,0.020123333333333337,0.11253666666666666,0.19133333333333338,0.07300000000000001,0.0,0.5599500000000001
98,93,2003-01-27,1,1,2002-03,Washington Wizards,Phoenix Suns,1,0.4757566666666666,0.05587666666666668,0.30766666666666664,0.11221666666666666,0.2045,0.05421333333333333,0.15029,0.09916666666666665,0.06892000000000001,1.5440000000000003,0.01862333333333334,0.05433333333333334,34.42133333333334,0.15383333333333332,0.3266200000000001,47.11933333333333,0.11221666666666666,0.14258,78.97133333333333,0.0,0.03575,0.5566666666666666,0.028080000000000004,0.10496666666666668,0.2886666666666666,0.06892000000000001,0.0,0.5354600000000002,0.49187333333333333,0.08725666666666666,0.30675,0.09787666666666665,0.20920666666666668,0.0635,0.14571000000000003,0.10454000000000001,0.07117333333333334,1.54,0.02907666666666667,0.08071333333333335,35.86466666666667,0.15336999999999998,0.32916333333333336,46.966,0.09787666666666665,0.1284566666666667,76.83933333333334,0.0,0.036083333333333335,0.5353333333333333,0.02304333333333334,0.11142,0.22000000000000003,0.07117333333333334,0.0,0.53558
91,88,2003-01-28,1,1,2002-03,Seattle SuperSonics,Golden State Warriors,1,0.44400666666666666,0.05762666666666667,0.31024999999999997,0.07612333333333333,0.20342333333333334,0.06111999999999999,0.14229,0.10778666666666668,0.06733666666666666,1.7906666666666666,0.019206666666666664,0.05953333333333333,31.282666666666668,0.15513000000000002,0.34312666666666664,45.248666666666665,0.07612333333333333,0.10620333333333333,73.21399999999998,0.0,0.04246333333333332,0.6599999999999999,0.014039999999999999,0.11141000000000001,0.126,0.06733666666666666,0.0,0.48595666666666665,0.4972566666666666,0.07038000000000001,0.31508333333333327,0.11179000000000001,0.23521,0.08270666666666666,0.15250333333333332,0.09400333333333334,0.07599666666666667,1.3399999999999999,0.023453333333333333,0.06495999999999999,37.309999999999995,0.15754666666666664,0.3543733333333333,44.538666666666664,0.11179000000000001,0.1393633333333333,80.616,0.0,0.03275000000000001,0.4606666666666667,0.028546666666666665,0.11124666666666666,0.2673333333333333,0.07599666666666667,0.0,0.54584
86,83,2003-01-28,1,1,2002-03,Detroit Pistons,Boston Celtics,1,0.46787999999999996,0.10637333333333333,0.25599999999999995,0.1055,0.1942033333333333,0.05071333333333334,0.14350000000000002,0.10278666666666667,0.06948666666666667,1.5699999999999996,0.035460000000000005,0.09124666666666667,39.196666666666665,0.12800666666666666,0.28434000000000004,44.93066666666667,0.1055,0.13504,77.144,0.0,0.03429,0.5186666666666667,0.02441333333333334,0.11924666666666667,0.21733333333333332,0.06948666666666667,0.0,0.5124133333333334,0.45183999999999996,0.13287666666666667,0.22575000000000003,0.09320666666666666,0.18892333333333333,0.05067000000000001,0.13824666666666666,0.08738,0.07242,1.2713333333333334,0.04429,0.13607666666666668,31.854000000000003,0.11286333333333333,0.25715999999999994,43.897333333333336,0.09320666666666666,0.11742000000000001,79.17733333333332,0.0,0.043463333333333326,0.632,0.018290000000000004,0.11112333333333332,0.17666666666666667,0.07242,0.0,0.45715999999999996
92,102,2003-01-28,1,1,2002-03,Sacramento Kings,Utah Jazz,0,0.5168366666666667,0.09474666666666666,0.346,0.07607666666666667,0.22295666666666666,0.05283000000000001,0.17012666666666665,0.13342,0.06741666666666667,2.1093333333333337,0.031586666666666666,0.08262666666666668,38.104,0.1729933333333333,0.35588666666666663,48.75133333333335,0.07607666666666667,0.10695333333333332,71.05066666666667,0.0,0.051123333333333326,0.7973333333333336,0.03029333333333334,0.10154666666666665,0.316,0.06741666666666667,0.0,0.6224166666666666,0.49462999999999996,0.04762666666666667,0.3234166666666667,0.12358,0.20708333333333334,0.06563,0.14145666666666665,0.13179666666666667,0.08467000000000001,1.6313333333333335,0.015873333333333337,0.04595666666666666,35.10333333333333,0.16171,0.3247933333333333,49.949333333333335,0.12358,0.15940999999999994,78.59599999999999,0.0,0.049170000000000005,0.5960000000000001,0.027873333333333337,0.11354333333333333,0.24666666666666665,0.08467000000000001,0.0,0.5968766666666666
98,92,2003-01-28,1,1,2002-03,Portland Trail Blazers,Denver Nuggets,1,0.48329333333333335,0.061126666666666676,0.319,0.10317,0.20987666666666666,0.06046,0.14942333333333335,0.11012666666666666,0.07637333333333333,1.5206666666666666,0.020373333333333334,0.07324666666666667,27.41533333333333,0.15949666666666668,0.3259533333333333,49.129999999999995,0.10317,0.13666333333333333,74.788,0.0,0.05070666666666668,0.6780000000000002,0.01733,0.10575,0.17133333333333337,0.07637333333333333,0.0,0.54212,0.41125000000000006,0.03412333333333333,0.29483333333333334,0.08229333333333334,0.2038366666666667,0.05825333333333334,0.14558,0.10367,0.08879,1.2646666666666668,0.011376666666666669,0.045833333333333344,23.9,0.14741666666666664,0.3317866666666667,44.734,0.08229333333333334,0.11458,72.11733333333333,0.0,0.04066666666666666,0.5206666666666667,0.02521,0.11575,0.22933333333333333,0.08879,0.0,0.44471
103,98,2003-01-28,1,1,2002-03,New York Knicks,Atlanta Hawks,1,0.4653300000000001,0.10763000000000002,0.28350000000000003,0.07421333333333334,0.20707666666666666,0.05720666666666666,0.14987666666666666,0.10858000000000002,0.06421333333333333,1.7566666666666668,0.03586999999999999,0.09033333333333333,40.269333333333336,0.14174333333333333,0.3230333333333333,44.10533333333333,0.07421333333333334,0.09340666666666667,79.96933333333332,0.0,0.03370333333333334,0.5499999999999999,0.01234,0.11478666666666666,0.11600000000000002,0.06421333333333333,0.0,0.50787,0.4329166666666666,0.065,0.2798333333333334,0.08808,0.20470999999999998,0.05517333333333334,0.14954333333333333,0.08937333333333335,0.08142333333333333,1.1560000000000001,0.021666666666666664,0.06995666666666665,30.977999999999994,0.13992666666666664,0.31066,45.041333333333334,0.08808,0.11433666666666666,76.19066666666667,0.0,0.03441333333333333,0.4340000000000001,0.022453333333333332,0.11725666666666669,0.19866666666666666,0.08142333333333333,0.0,0.4571633333333334
81,108,2003-01-28,1,1,2002-03,Milwaukee Bucks,Philadelphia 76ers,0,0.48429000000000005,0.09337666666666668,0.29000000000000004,0.10092,0.19770999999999997,0.04479333333333333,0.15291333333333332,0.10916666666666665,0.06837666666666667,1.7073333333333334,0.031123333333333336,0.08557999999999999,37.126666666666665,0.14501333333333336,0.3048366666666667,47.85800000000001,0.10092,0.12371,81.60533333333335,0.0,0.033876666666666666,0.5506666666666667,0.01850666666666667,0.11170999999999999,0.1713333333333333,0.06837666666666667,0.0,0.5380833333333334,0.46508000000000005,0.04387666666666667,0.3204166666666667,0.10079,0.20921,0.06583,0.14338,0.10491333333333333,0.08245666666666666,1.3073333333333332,0.014623333333333332,0.04733333333333333,31.09533333333333,0.16021333333333335,0.35238,45.79733333333333,0.10079,0.13208999999999999,75.08200000000002,0.0,0.05191666666666668,0.65,0.014006666666666669,0.11579666666666667,0.12333333333333334,0.08245666666666666,0.0,0.5064966666666667
95,71,2003-01-29,1,1,2002-03,Utah Jazz,Portland Trail Blazers,1,0.49434,0.046250000000000006,0.32449999999999996,0.12358,0.20762666666666665,0.06625666666666666,0.14137666666666665,0.1315066666666667,0.08392333333333334,1.6486666666666665,0.015416666666666669,0.045873333333333335,34.282666666666664,0.16224999999999998,0.32587666666666665,49.95933333333333,0.12358,0.15999333333333335,78.23133333333334,0.0,0.048376666666666665,0.5926666666666668,0.028413333333333336,0.11370999999999999,0.25066666666666665,0.08392333333333334,0.0,0.5958366666666666,0.48446000000000006,0.05987333333333335,0.3204166666666667,0.10417,0.21112666666666663,0.06062666666666667,0.15050333333333332,0.11004666666666667,0.07575,1.5306666666666666,0.01996,0.07249666666666667,27.177333333333326,0.1602066666666667,0.32803666666666664,49.046,0.10417,0.13699666666666668,75.52,0.0,0.05054000000000001,0.6799999999999999,0.017416666666666667,0.10570666666666668,0.172,0.07575,0.0,0.54462
81,104,2003-01-29,1,1,2002-03,Houston Rockets,Dallas Mavericks,0,0.45962000000000003,0.07775000000000001,0.2780833333333333,0.10379000000000001,0.22699999999999995,0.060463333333333334,0.16654,0.08820666666666668,0.07529666666666666,1.2899999999999998,0.025916666666666664,0.07991333333333332,31.76533333333333,0.13903333333333331,0.3072099999999999,45.61333333333333,0.10379000000000001,0.13387333333333334,78.21599999999998,0.0,0.03199333333333334,0.45666666666666667,0.03391999999999999,0.09591666666666666,0.374,0.07529666666666666,0.0,0.5132033333333333,0.4927533333333333,0.08137000000000001,0.3179166666666667,0.09346,0.21412333333333336,0.060873333333333335,0.15325,0.10612333333333332,0.050116666666666664,2.290666666666666,0.027129999999999998,0.09021333333333334,28.80866666666667,0.15895666666666666,0.33862666666666674,46.852666666666664,0.09346,0.11250666666666667,82.868,0.0,0.03596,0.7633333333333334,0.031376666666666664,0.09988333333333331,0.31533333333333335,0.050116666666666664,0.0,0.5684133333333334
104,83,2003-01-29,1,1,2002-03,New Orleans Hornets,Toronto Raptors,1,0.4583333333333333,0.07725,0.2945833333333333,0.08649333333333334,0.21183666666666665,0.056163333333333336,0.15566333333333335,0.10558,0.06980333333333334,1.5519999999999996,0.02575,0.06915666666666666,38.20533333333333,0.1472966666666667,0.3432166666666666,42.98266666666666,0.08649333333333334,0.11087999999999996,77.41333333333334,0.0,0.03641333333333333,0.5539999999999999,0.021836666666666664,0.11505333333333333,0.19133333333333338,0.06980333333333334,0.0,0.5005033333333333,0.4330466666666667,0.07612333333333333,0.27599999999999997,0.08091333333333332,0.19795666666666667,0.062169999999999996,0.1358,0.09020666666666668,0.07433,1.2953333333333334,0.025376666666666665,0.07486666666666665,32.75666666666667,0.13799666666666666,0.31500333333333336,43.88999999999999,0.08091333333333332,0.11708333333333334,69.02999999999999,0.0,0.037129999999999996,0.5186666666666667,0.01954,0.11791666666666666,0.1733333333333333,0.07433,0.0,0.4408733333333333
90,99,2003-01-29,1,1,2002-03,Phoenix Suns,Los Angeles Lakers,0,0.49341333333333337,0.08688,0.30683333333333335,0.09970999999999998,0.20900000000000002,0.06395666666666668,0.14504333333333333,0.1025,0.07058666666666666,1.5206666666666666,0.028953333333333334,0.08108666666666668,35.60000000000001,0.15341,0.32937333333333335,46.99000000000001,0.09970999999999998,0.13075,76.84666666666666,0.0,0.035666666666666666,0.5333333333333333,0.02287666666666667,0.11312666666666665,0.21533333333333335,0.07058666666666666,0.0,0.5337466666666667,0.5033233333333335,0.08437333333333334,0.32533333333333325,0.09363333333333333,0.23290999999999998,0.07037333333333334,0.16254333333333332,0.12383000000000001,0.0805,1.5766666666666669,0.028126666666666668,0.08341333333333333,33.73466666666666,0.16266666666666665,0.33308,49.44666666666667,0.09363333333333333,0.13342,71.164,0.0,0.035460000000000005,0.45999999999999996,0.028660000000000005,0.11925666666666665,0.24000000000000002,0.0805,0.0,0.5782066666666668
77,75,2003-01-29,1,1,2002-03,Los Angeles Clippers,Chicago Bulls,1,0.45529333333333327,0.07037000000000002,0.27849999999999997,0.10641666666666666,0.21720333333333336,0.06291000000000001,0.15428999999999998,0.09258333333333336,0.07703666666666667,1.3053333333333335,0.02346333333333333,0.07295333333333334,32.634666666666675,0.13925,0.31995666666666656,43.61866666666666,0.10641666666666666,0.14583333333333334,72.71000000000001,0.0,0.02925333333333333,0.39599999999999996,0.030953333333333336,0.10887999999999999,0.2966666666666667,0.07703666666666667,0.0,0.47862666666666676,0.47332999999999986,0.07038000000000001,0.31625,0.08671,0.21304333333333333,0.056043333333333334,0.157,0.10837666666666665,0.07525333333333335,1.562,0.023453333333333333,0.06521333333333332,36.25333333333333,0.1581233333333333,0.3428766666666666,46.152,0.08671,0.12362666666666665,69.81466666666667,0.0,0.03903999999999999,0.5506666666666666,0.029830000000000002,0.12578999999999999,0.2406666666666667,0.07525333333333335,0.0,0.52496
97,106,2003-01-29,1,1,2002-03,Indiana Pacers,San Antonio Spurs,0,0.4956233333333333,0.08124666666666668,0.30824999999999997,0.10612333333333332,0.21388,0.05233999999999999,0.16154666666666667,0.12213,0.07591666666666666,1.7819999999999998,0.027086666666666665,0.07592333333333333,36.19533333333334,0.15412333333333333,0.3186666666666667,48.50733333333334,0.10612333333333332,0.13729666666666668,77.82466666666666,0.0,0.04704333333333333,0.6586666666666666,0.026253333333333333,0.09983333333333334,0.264,0.07591666666666666,0.0,0.58446,0.47484000000000004,0.07737000000000001,0.29483333333333334,0.10262333333333334,0.20607666666666666,0.05449333333333333,0.1515866666666667,0.09086999999999999,0.07483333333333334,1.31,0.025796666666666666,0.07071333333333334,35.25066666666667,0.1474133333333333,0.3130466666666667,47.15,0.10262333333333334,0.13679333333333332,75.436,0.0,0.033993333333333334,0.48799999999999993,0.03466,0.10371666666666667,0.336,0.07483333333333334,0.0,0.5209233333333334
113,108,2003-01-29,1,1,2002-03,Orlando Magic,Cleveland Cavaliers,1,0.47767000000000004,0.10000666666666665,0.2750833333333333,0.10258000000000002,0.19149666666666665,0.05524666666666668,0.13625333333333337,0.10375333333333332,0.07162333333333334,1.5053333333333332,0.033326666666666664,0.09079999999999999,37.42933333333333,0.13754333333333332,0.3035866666666666,45.885999999999996,0.10258000000000002,0.13166666666666668,78.35600000000001,0.0,0.04412333333333333,0.65,0.01341,0.11683000000000002,0.11999999999999998,0.07162333333333334,0.0,0.5062466666666666,0.4452966666666667,0.07262333333333333,0.27858333333333335,0.09408666666666668,0.22187333333333334,0.06679333333333333,0.15508666666666668,0.09300333333333333,0.08912666666666666,1.1013333333333335,0.02421,0.06878666666666668,34.07066666666667,0.13929333333333332,0.3368366666666667,41.50333333333333,0.09408666666666668,0.12950333333333336,72.48066666666666,0.0,0.039843333333333335,0.46866666666666673,0.029830000000000002,0.11667333333333334,0.25400000000000006,0.08912666666666666,0.0,0.46316999999999997
86,78,2003-01-29,1,1,2002-03,New Jersey Nets,Washington Wizards,1,0.49532666666666675,0.05525333333333335,0.3324999999999999,0.10758,0.2130733333333333,0.06341666666666666,0.14966666666666667,0.11420333333333334,0.07262666666666667,1.7333333333333334,0.018413333333333337,0.06179000000000001,31.81933333333333,0.16625333333333334,0.3415066666666667,48.92466666666667,0.10758,0.14875333333333335,73.01066666666667,0.0,0.04749666666666667,0.7000000000000001,0.019376666666666667,0.11253666666666665,0.18400000000000002,0.07262666666666667,0.0,0.5570766666666667,0.47579666666666665,0.05425333333333335,0.3093333333333333,0.11221666666666666,0.2050433333333333,0.055713333333333316,0.14933333333333332,0.09879333333333332,0.06913,1.5253333333333334,0.018080000000000002,0.053579999999999996,34.034666666666666,0.15466666666666665,0.3296200000000001,46.983333333333334,0.11221666666666666,0.14279000000000003,78.74600000000002,0.0,0.03621,0.5613333333333334,0.028536666666666665,0.10425999999999999,0.2946666666666667,0.06913,0.0,0.5342133333333333
82,80,2003-01-29,1,1,2002-03,Miami Heat,New York Knicks,1,0.4288700000000001,0.052623333333333334,0.2875,0.08875333333333331,0.20854000000000003,0.05878666666666666,0.14974666666666667,0.08599333333333335,0.07650000000000001,1.19,0.01754333333333334,0.05150666666666666,32.117333333333335,0.14375666666666667,0.33299999999999996,43.33533333333333,0.08875333333333331,0.11521,77.19466666666668,0.0,0.04337333333333334,0.5920000000000001,0.017836666666666664,0.11174999999999999,0.16199999999999998,0.07650000000000001,0.0,0.4584633333333334,0.4651200000000001,0.10762999999999999,0.28425,0.07325333333333334,0.20720333333333332,0.05745666666666667,0.14975333333333332,0.10866,0.06337999999999999,1.7726666666666668,0.03586999999999999,0.09124666666666667,39.86133333333335,0.14211666666666664,0.32348999999999994,44.115333333333325,0.07325333333333334,0.09232333333333334,80.05266666666667,0.0,0.03395,0.5586666666666666,0.01234,0.11453666666666668,0.11600000000000003,0.06337999999999999,0.0,0.50808
83,97,2003-01-29,1,1,2002-03,Philadelphia 76ers,Atlanta Hawks,0,0.46745666666666674,0.04387666666666666,0.3209166666666667,0.10266666666666668,0.20892,0.06566333333333334,0.14325333333333334,0.10445333333333333,0.08187333333333333,1.3066666666666669,0.014623333333333332,0.047209999999999995,31.330000000000002,0.16046000000000002,0.35058666666666666,46.13,0.10266666666666668,0.13325666666666666,75.72266666666668,0.0,0.05154000000000001,0.6473333333333334,0.014006666666666667,0.11534,0.12466666666666668,0.08187333333333333,0.0,0.5112066666666667,0.43587666666666663,0.06400000000000002,0.28241666666666665,0.08945333333333333,0.20662999999999998,0.05567333333333333,0.15096333333333334,0.08991333333333335,0.08242333333333333,1.1500000000000001,0.02133333333333333,0.06916666666666665,30.88133333333333,0.14121666666666666,0.3127433333333333,45.150666666666666,0.08945333333333333,0.11637666666666666,76.07466666666667,0.0,0.03479,0.43466666666666676,0.022036666666666666,0.11762999999999998,0.19333333333333333,0.08242333333333333,0.0,0.46054
97,90,2003-01-30,1,1,2002-03,Milwaukee Bucks,Washington Wizards,1,0.4831633333333334,0.09587666666666667,0.2874166666666666,0.09988,0.19637666666666667,0.04375,0.15262,0.10928999999999998,0.06908666666666667,1.6966666666666668,0.03195666666666666,0.08637000000000002,37.727333333333334,0.14372333333333334,0.3008366666666667,48.09733333333334,0.09988,0.12241666666666667,81.67666666666668,0.0,0.033749999999999995,0.5459999999999999,0.018006666666666664,0.11000333333333331,0.17066666666666663,0.06908666666666667,0.0,0.5374166666666667,0.47496333333333324,0.052253333333333346,0.31133333333333335,0.11138333333333333,0.2055433333333333,0.056923333333333326,0.14862333333333336,0.09837999999999998,0.06954666666666667,1.5046666666666666,0.017413333333333336,0.052956666666666666,33.251333333333335,0.15566666666666668,0.3325366666666667,46.88999999999999,0.11138333333333333,0.14212333333333335,78.40666666666668,0.0,0.03695666666666667,0.5673333333333334,0.02903666666666667,0.10367333333333333,0.3,0.06954666666666667,0.0,0.53217
112,109,2003-01-30,1,1,2002-03,Dallas Mavericks,Minnesota Timberwolves,1,0.4927933333333333,0.08199333333333333,0.31725,0.09354333333333335,0.21241333333333337,0.060996666666666664,0.15141666666666667,0.10608000000000001,0.05032333333333334,2.2879999999999994,0.027339999999999996,0.08988,29.179333333333336,0.15862333333333334,0.3378766666666667,46.87333333333333,0.09354333333333335,0.11300666666666667,82.59666666666665,0.0,0.03554666666666666,0.7566666666666667,0.03075333333333333,0.09900666666666666,0.3113333333333334,0.05032333333333334,0.0,0.5659966666666667,0.48554,0.048373333333333345,0.3431666666666667,0.09400333333333334,0.21574999999999997,0.05666333333333335,0.15908333333333333,0.12270666666666667,0.06686999999999999,2.0879999999999996,0.016126666666666668,0.04626333333333334,34.19866666666666,0.17158333333333334,0.36819999999999997,46.500666666666675,0.09400333333333334,0.11782333333333335,79.27866666666667,0.0,0.03696,0.594,0.02825666666666667,0.10995333333333335,0.27066666666666656,0.06686999999999999,0.0,0.5717500000000001
77,95,2003-01-30,1,1,2002-03,Seattle SuperSonics,Sacramento Kings,0,0.4431733333333333,0.056876666666666666,0.3107499999999999,0.07554000000000001,0.20209000000000002,0.059786666666666675,0.14228999999999997,0.10849666666666667,0.06754333333333332,1.807333333333333,0.018956666666666663,0.05936666666666667,30.83666666666667,0.1553766666666667,0.3428766666666666,45.35666666666667,0.07554000000000001,0.10465999999999999,73.76333333333332,0.0,0.04208999999999999,0.6526666666666667,0.014416666666666663,0.11241,0.12799999999999997,0.06754333333333332,0.0,0.4856633333333332,0.51963,0.09487333333333334,0.3485,0.07624333333333332,0.2234566666666667,0.05274666666666667,0.17071,0.13504666666666668,0.06812333333333333,2.070666666666667,0.03162666666666667,0.08129333333333334,38.56733333333333,0.1742433333333334,0.3575966666666667,48.88733333333334,0.07624333333333332,0.10716,71.09466666666665,0.0,0.050956666666666664,0.7633333333333334,0.02962666666666667,0.10221333333333331,0.30866666666666664,0.06812333333333333,0.0,0.6266633333333335
121,101,2003-01-31,1,1,2002-03,Houston Rockets,Minnesota Timberwolves,1,0.4595400000000001,0.07612333333333335,0.2786666666666667,0.10474999999999998,0.22708333333333328,0.05967,0.16741666666666663,0.08812333333333333,0.07513,1.2913333333333332,0.025376666666666665,0.07770666666666666,31.904666666666664,0.13932333333333333,0.3084166666666667,45.50999999999999,0.10474999999999998,0.13508333333333333,78.18533333333333,0.0,0.03153666666666667,0.45399999999999996,0.03388,0.09646,0.372,0.07513,0.0,0.5132866666666668,0.4849533333333333,0.04875,0.34266666666666673,0.09354666666666667,0.21558333333333332,0.05662,0.1589566666666667,0.12237333333333335,0.06691,2.0846666666666667,0.01625,0.04601000000000001,34.577999999999996,0.1713333333333333,0.36778,46.476666666666674,0.09354666666666667,0.11690333333333336,79.45000000000002,0.0,0.03779333333333333,0.6053333333333332,0.027630000000000002,0.11004000000000001,0.2646666666666666,0.06691,0.0,0.5718333333333333
102,108,2003-01-31,1,1,2002-03,Memphis Grizzlies,New York Knicks,0,0.4849233333333334,0.07837999999999998,0.32033333333333336,0.08620333333333335,0.2165,0.06074,0.15575333333333333,0.11308666666666668,0.07750000000000003,1.571333333333333,0.026119999999999997,0.07749999999999999,33.43866666666667,0.16017,0.33063000000000003,48.326,0.08620333333333335,0.11575333333333333,75.58466666666668,0.0,0.03196666666666667,0.41999999999999993,0.027876666666666664,0.09779333333333333,0.29999999999999993,0.07750000000000003,0.0,0.5454600000000001,0.46537333333333347,0.10812999999999999,0.2841666666666667,0.07308666666666667,0.20670333333333332,0.057289999999999994,0.14942000000000003,0.10816,0.06312999999999999,1.7660000000000002,0.03603666666666667,0.09241333333333332,39.52133333333334,0.14207666666666668,0.3220733333333333,44.29866666666666,0.07308666666666667,0.09215666666666666,80.17066666666665,0.0,0.03390666666666667,0.5593333333333333,0.01259,0.11437,0.11800000000000004,0.06312999999999999,0.0,0.5081666666666667
102,94,2003-01-31,1,1,2002-03,Utah Jazz,Golden State Warriors,1,0.49429666666666666,0.04537333333333333,0.3255,0.12341333333333335,0.20783333333333334,0.06683999999999998,0.14100000000000001,0.1313,0.08296333333333332,1.6700000000000002,0.01512666666666667,0.045540000000000004,34.059333333333335,0.16275,0.3275833333333333,49.856666666666655,0.12341333333333335,0.16053333333333333,77.71733333333333,0.0,0.04754333333333333,0.5906666666666668,0.028413333333333336,0.11362666666666664,0.24999999999999997,0.08296333333333332,0.0,0.5940433333333333,0.49929999999999997,0.06988,0.31716666666666665,0.11224666666666665,0.23537666666666665,0.08325,0.15213,0.09537666666666667,0.07533,1.3659999999999997,0.023286666666666664,0.06537999999999998,36.81933333333333,0.15858999999999998,0.3549966666666667,44.755333333333326,0.11224666666666665,0.13911666666666667,81.07466666666667,0.0,0.03258333333333333,0.46,0.028963333333333327,0.11087000000000001,0.27266666666666667,0.07533,0.0,0.5508799999999999
102,90,2003-01-31,1,1,2002-03,Toronto Raptors,Indiana Pacers,1,0.43271333333333334,0.07349666666666668,0.27775000000000005,0.08145666666666666,0.19995666666666667,0.06196333333333333,0.13800666666666667,0.09091333333333336,0.07470333333333333,1.3133333333333332,0.024503333333333335,0.07336666666666666,32.282666666666664,0.13887333333333332,0.3164233333333334,43.952,0.08145666666666666,0.11800000000000001,69.09133333333332,0.0,0.037296666666666665,0.5219999999999999,0.019456666666666667,0.11754333333333333,0.17266666666666666,0.07470333333333333,0.0,0.44266666666666665,0.49395666666666666,0.08150000000000003,0.30675,0.10570666666666667,0.21329666666666666,0.05184,0.16146333333333335,0.12229666666666666,0.07516666666666666,1.8006666666666666,0.02716666666666667,0.07558999999999999,36.45066666666667,0.15337333333333333,0.31787333333333334,48.397333333333336,0.10570666666666667,0.13587666666666667,78.23533333333334,0.0,0.04637666666666666,0.6546666666666667,0.026920000000000003,0.09954333333333333,0.2713333333333333,0.07516666666666666,0.0,0.5845833333333332
92,98,2003-01-31,1,1,2002-03,Los Angeles Clippers,Phoenix Suns,0,0.4561266666666667,0.07112333333333334,0.2776666666666666,0.10733,0.21886999999999998,0.06337000000000001,0.15549999999999997,0.09246000000000001,0.07737,1.3006666666666669,0.02371,0.07266333333333334,32.960666666666675,0.13883333333333334,0.3211233333333333,43.346000000000004,0.10733,0.14666666666666664,72.92,0.0,0.029253333333333333,0.394,0.030246666666666665,0.10950666666666667,0.2886666666666667,0.07737,0.0,0.47900000000000004,0.4945400000000001,0.08600666666666669,0.3080833333333333,0.10046,0.20950000000000005,0.06441333333333334,0.14508333333333334,0.10091666666666667,0.06983999999999999,1.5139999999999998,0.02866,0.08116666666666668,35.22866666666666,0.15403333333333333,0.33058333333333334,47.046666666666674,0.10046,0.13175,76.786,0.0,0.035333333333333335,0.5333333333333333,0.022543333333333335,0.11424999999999999,0.21000000000000002,0.06983999999999999,0.0,0.5326633333333334
66,118,2003-01-31,1,1,2002-03,Boston Celtics,Detroit Pistons,0,0.4517566666666666,0.13399999999999998,0.22683333333333336,0.09091333333333335,0.18859,0.05100333333333333,0.13757999999999998,0.08904666666666666,0.07187999999999999,1.3099999999999998,0.04466666666666667,0.13662000000000002,31.989333333333338,0.11340666666666667,0.25708,44.14133333333333,0.09091333333333335,0.11496,78.808,0.0,0.04321666666666666,0.6326666666666667,0.018416666666666668,0.11095666666666668,0.17733333333333334,0.07187999999999999,0.0,0.4594533333333333,0.4653799999999999,0.10537333333333333,0.2558333333333333,0.10416666666666667,0.19540999999999997,0.05183666666666666,0.1435866666666667,0.10203666666666665,0.06923666666666665,1.579333333333333,0.03512666666666667,0.09149666666666666,38.70333333333334,0.12791999999999998,0.2850866666666666,44.75133333333334,0.10416666666666667,0.13354,77.01066666666665,0.0,0.034543333333333336,0.5266666666666666,0.024330000000000008,0.11799666666666667,0.218,0.06923666666666665,0.0,0.5095400000000001
107,94,2003-01-31,1,1,2002-03,Portland Trail Blazers,Chicago Bulls,1,0.48571,0.058373333333333347,0.32191666666666663,0.10542333333333334,0.21170999999999998,0.06041666666666666,0.15129333333333334,0.10988,0.07487666666666666,1.5439999999999998,0.019459999999999995,0.07153999999999999,26.88466666666666,0.16095666666666666,0.3294966666666666,49.062666666666665,0.10542333333333334,0.13757666666666665,76.268,0.0,0.05041666666666667,0.6853333333333335,0.017336666666666667,0.10562,0.17066666666666666,0.07487666666666666,0.0,0.5473666666666667,0.4749533333333333,0.07138,0.3168333333333333,0.08675000000000001,0.21304333333333333,0.05650333333333334,0.15654,0.10887666666666666,0.07566666666666669,1.5706666666666667,0.02378666666666667,0.06521333333333333,36.64333333333334,0.15841333333333332,0.3423333333333333,46.32333333333334,0.08675000000000001,0.12333333333333332,69.97666666666667,0.0,0.039039999999999984,0.5479999999999999,0.029746666666666668,0.12612333333333334,0.24000000000000002,0.07566666666666669,0.0,0.5280866666666667
113,124,2003-01-31,1,1,2002-03,Sacramento Kings,Los Angeles Lakers,0,0.5217966666666667,0.09575,0.35,0.07603666666666666,0.22291333333333335,0.05216333333333333,0.17075,0.13625333333333334,0.06862333333333333,2.0746666666666664,0.03191666666666667,0.08037333333333334,39.14533333333333,0.17499333333333336,0.35792999999999997,49.03133333333333,0.07603666666666666,0.1067466666666667,71.21733333333331,0.0,0.05074666666666667,0.7553333333333333,0.02912666666666667,0.10283999999999999,0.3026666666666667,0.06862333333333333,0.0,0.6301199999999999,0.5067,0.08624666666666667,0.32725,0.09321333333333334,0.2329533333333333,0.07062,0.16233333333333333,0.12520666666666666,0.08016666666666666,1.6093333333333333,0.028753333333333332,0.08399333333333334,34.27733333333333,0.16362666666666664,0.3336233333333333,49.64333333333333,0.09321333333333334,0.13258666666666666,71.31333333333333,0.0,0.03612666666666667,0.47533333333333333,0.02895,0.11879666666666666,0.24399999999999994,0.08016666666666666,0.0,0.5851633333333334
104,99,2003-01-31,1,1,2002-03,Philadelphia 76ers,Miami Heat,1,0.46953666666666666,0.04474999999999999,0.3206666666666667,0.10412666666666667,0.20925333333333335,0.06553666666666666,0.14371333333333333,0.10366,0.08079,1.31,0.014916666666666668,0.04745999999999999,31.782666666666668,0.16033333333333338,0.3485866666666666,46.358,0.10412666666666667,0.13396333333333332,76.31933333333333,0.0,0.05041666666666667,0.6386666666666667,0.014253333333333333,0.11421333333333335,0.12866666666666665,0.08079,0.0,0.5157066666666666,0.42720333333333343,0.052000000000000005,0.28708333333333336,0.08812666666666667,0.20729000000000003,0.05874666666666666,0.14853666666666668,0.08636666666666669,0.07666666666666667,1.198,0.017333333333333336,0.051840000000000004,31.782666666666668,0.14354999999999998,0.33296,43.298,0.08812666666666667,0.11504333333333333,76.82400000000001,0.0,0.04354,0.596,0.01788,0.11170666666666668,0.16266666666666665,0.07666666666666667,0.0,0.4547966666666667
108,109,2003-01-31,1,1,2002-03,Orlando Magic,San Antonio Spurs,0,0.47833666666666663,0.10025333333333332,0.276,0.10207999999999999,0.19111999999999998,0.05529000000000001,0.13583666666666666,0.10446,0.07179000000000002,1.5126666666666666,0.03341333333333334,0.09092333333333333,37.45933333333333,0.13800333333333334,0.3022099999999999,46.236,0.10207999999999999,0.13166666666666665,77.98333333333333,0.0,0.04366666666666665,0.6406666666666666,0.013496666666666665,0.11674666666666668,0.12066666666666664,0.07179000000000002,0.0,0.5079966666666665,0.47642,0.07812000000000001,0.2938333333333334,0.10445666666666667,0.20590999999999998,0.05507666666666667,0.15084,0.09144999999999999,0.07412666666666669,1.3366666666666667,0.026046666666666666,0.07075333333333332,35.73533333333333,0.14691333333333334,0.31317,46.971333333333334,0.10445666666666667,0.13921,75.44266666666667,0.0,0.03441000000000001,0.5026666666666666,0.03437,0.10367333333333333,0.33333333333333326,0.07412666666666669,0.0,0.5227566666666668
89,72,2003-01-31,1,1,2002-03,New Jersey Nets,New Orleans Hornets,1,0.49466000000000004,0.056130000000000006,0.3311666666666666,0.10737333333333332,0.21369999999999995,0.06487333333333332,0.14883333333333335,0.11299333333333332,0.07266666666666667,1.7226666666666666,0.018703333333333336,0.06254333333333334,32.15266666666667,0.1655866666666667,0.34213000000000005,48.65266666666667,0.10737333333333332,0.14854333333333333,72.894,0.0,0.04754,0.7020000000000001,0.018750000000000003,0.11266333333333332,0.17800000000000002,0.07266666666666667,0.0,0.5534533333333334,0.4588333333333333,0.077,0.29491666666666666,0.08691333333333334,0.21241999999999997,0.05645333333333334,0.15595666666666666,0.10674666666666667,0.06980333333333334,1.5673333333333332,0.025666666666666667,0.06903333333333334,38.18933333333333,0.14746333333333334,0.34304999999999997,43.05133333333334,0.08691333333333334,0.11121333333333333,77.79533333333333,0.0,0.03691333333333334,0.5593333333333333,0.02208666666666666,0.11447,0.19600000000000004,0.06980333333333334,0.0,0.50396
96,91,2003-01-31,1,1,2002-03,Atlanta Hawks,Cleveland Cavaliers,1,0.43970999999999993,0.06362333333333332,0.2855,0.09057666666666668,0.20842333333333332,0.05650666666666666,0.15192333333333335,0.09070333333333334,0.08317,1.1500000000000001,0.02121,0.06854333333333333,30.986666666666665,0.14275999999999997,0.31549666666666665,45.244,0.09057666666666668,0.11800333333333332,76.02333333333334,0.0,0.03529,0.43733333333333335,0.021536666666666666,0.11821333333333332,0.18733333333333332,0.08317,0.0,0.4649966666666667,0.44296333333333326,0.07137333333333333,0.27825,0.09333666666666668,0.222,0.06675333333333336,0.15525333333333335,0.09296333333333333,0.09037666666666667,1.0820000000000003,0.023793333333333333,0.06857666666666667,33.53333333333333,0.13912666666666665,0.33679333333333333,41.462666666666664,0.09333666666666668,0.12817,72.598,0.0,0.03988333333333334,0.46,0.02937333333333333,0.1163,0.2506666666666667,0.09037666666666667,0.0,0.45950333333333326
99,87,2003-02-01,1,1,2002-03,Los Angeles Lakers,Utah Jazz,1,0.5084533333333333,0.08674666666666668,0.32883333333333326,0.09288,0.23257666666666665,0.07062,0.16196000000000002,0.12562666666666666,0.07941666666666666,1.6386666666666665,0.028919999999999998,0.08412,34.507333333333335,0.16441666666666663,0.3345,49.703333333333326,0.09288,0.13141999999999998,71.70666666666666,0.0,0.036626666666666675,0.4913333333333333,0.029240000000000002,0.11867333333333334,0.24733333333333332,0.07941666666666666,0.0,0.5892866666666666,0.49359,0.04387333333333333,0.32758333333333334,0.12212333333333335,0.20791666666666667,0.06733999999999998,0.14058666666666667,0.1313,0.08171333333333332,1.71,0.01462666666666667,0.045206666666666666,33.22333333333333,0.16379333333333332,0.3300833333333333,49.79733333333333,0.12212333333333335,0.15966000000000002,77.156,0.0,0.046959999999999995,0.5953333333333333,0.02837333333333333,0.11342,0.24933333333333335,0.08171333333333332,0.0,0.5920033333333333
65,67,2003-02-01,1,1,2002-03,Miami Heat,San Antonio Spurs,0,0.4255366666666667,0.051500000000000004,0.287,0.08704333333333333,0.20570333333333338,0.058746666666666655,0.14694999999999997,0.08678333333333334,0.07679333333333334,1.2053333333333331,0.01716666666666667,0.05225333333333334,31.470666666666663,0.14350666666666664,0.3330033333333333,43.297333333333334,0.08704333333333333,0.11458333333333334,76.25733333333334,0.0,0.04374666666666667,0.6006666666666668,0.017963333333333335,0.11162333333333334,0.16400000000000003,0.07679333333333334,0.0,0.45083666666666666,0.47912999999999994,0.07849666666666667,0.29450000000000004,0.10612333333333336,0.20637,0.05578666666666667,0.15058999999999997,0.09265666666666665,0.07350333333333334,1.3706666666666665,0.026169999999999995,0.07092000000000001,36.03266666666666,0.14724666666666666,0.3142933333333333,46.92266666666667,0.10612333333333336,0.14092,75.66399999999999,0.0,0.034663333333333345,0.5139999999999999,0.03433,0.10384,0.3326666666666666,0.07350333333333334,0.0,0.5270900000000001
107,100,2003-02-01,1,1,2002-03,Milwaukee Bucks,New York Knicks,1,0.4826633333333334,0.09787666666666667,0.2859166666666667,0.09888000000000001,0.19471000000000002,0.04279,0.15191333333333332,0.10962333333333335,0.06958666666666667,1.6906666666666665,0.03262333333333333,0.08770333333333333,37.93066666666667,0.14297,0.29713,48.465333333333334,0.09888000000000001,0.12121000000000001,81.72800000000001,0.0,0.034039999999999994,0.5473333333333332,0.017756666666666667,0.10846333333333331,0.17266666666666666,0.06958666666666667,0.0,0.5376233333333332,0.4645400000000001,0.10862999999999999,0.2826666666666667,0.07325333333333332,0.2057033333333333,0.056709999999999997,0.149,0.10728333333333334,0.06333666666666665,1.7466666666666664,0.03620333333333334,0.09349666666666666,39.189333333333344,0.14133,0.31953000000000004,44.402666666666654,0.07325333333333332,0.09232333333333334,80.34133333333332,0.0,0.033740000000000006,0.5539999999999999,0.012923333333333334,0.11387,0.12133333333333333,0.06333666666666665,0.0,0.5062933333333334
109,100,2003-02-01,1,1,2002-03,Indiana Pacers,Boston Celtics,1,0.49274999999999997,0.08125000000000002,0.3055833333333334,0.10591333333333333,0.21308666666666667,0.051713333333333326,0.16137666666666667,0.12229666666666668,0.07475,1.8073333333333332,0.027083333333333334,0.07509,36.63133333333334,0.15279333333333334,0.3176666666666667,48.251333333333335,0.10591333333333333,0.13554333333333332,78.51933333333334,0.0,0.04566666666666667,0.6453333333333334,0.027503333333333334,0.09983666666666666,0.27599999999999997,0.07475,0.0,0.5840433333333334,0.45212999999999987,0.13512666666666667,0.2285,0.08849666666666668,0.18938,0.05142333333333334,0.13795666666666667,0.09108666666666666,0.07158666666666666,1.3459999999999999,0.04504,0.13670666666666667,32.25333333333334,0.11424000000000002,0.25678666666666666,44.52533333333334,0.08849666666666668,0.11291666666666668,78.15133333333334,0.0,0.04279999999999999,0.6286666666666668,0.018706666666666667,0.11062333333333334,0.18000000000000005,0.07158666666666666,0.0,0.46387
116,107,2003-02-01,1,1,2002-03,Phoenix Suns,Golden State Warriors,1,0.49487333333333344,0.08513000000000001,0.30841666666666673,0.10133333333333332,0.20975000000000002,0.06474666666666667,0.14500333333333332,0.09962666666666667,0.06892333333333331,1.5153333333333334,0.028370000000000003,0.08175000000000002,34.657333333333334,0.15420000000000003,0.33054,47.12266666666667,0.10133333333333332,0.13300333333333333,76.67666666666668,0.0,0.034833333333333334,0.5319999999999999,0.022083333333333337,0.11558333333333333,0.20266666666666663,0.06892333333333331,0.0,0.53087,0.5009666666666667,0.07013000000000001,0.3186666666666666,0.11216333333333334,0.23566666666666666,0.08375,0.15191999999999997,0.09679333333333331,0.07478666666666668,1.3919999999999997,0.02337,0.06617333333333332,36.492,0.1593433333333333,0.35533000000000003,44.91933333333334,0.11216333333333334,0.13861666666666667,81.29333333333332,0.0,0.032543333333333334,0.4606666666666667,0.029336666666666667,0.10999666666666667,0.27866666666666673,0.07478666666666668,0.0,0.5552566666666666
122,100,2003-02-01,1,1,2002-03,Dallas Mavericks,Denver Nuggets,1,0.49379333333333336,0.08499333333333334,0.31483333333333335,0.09395666666666669,0.21087333333333333,0.06116333333333333,0.1497066666666667,0.10616333333333335,0.05095000000000001,2.268,0.028339999999999994,0.09042,29.954000000000004,0.15741666666666668,0.33637666666666666,46.72933333333333,0.09395666666666669,0.11354666666666667,82.61399999999999,0.0,0.03542333333333333,0.7506666666666668,0.030293333333333332,0.09875666666666666,0.30600000000000005,0.05095000000000001,0.0,0.5649533333333333,0.40862666666666675,0.03237333333333333,0.29383333333333334,0.08241666666666667,0.20342000000000002,0.057713333333333346,0.1457066666666667,0.10362999999999997,0.08837333333333332,1.2713333333333334,0.010793333333333334,0.04387666666666667,23.970666666666666,0.14691666666666667,0.33282666666666666,44.46733333333334,0.08241666666666667,0.11478999999999999,72.11933333333334,0.0,0.04145666666666666,0.534,0.025333333333333333,0.11487666666666667,0.23066666666666666,0.08837333333333332,0.0,0.44271
90,77,2003-02-01,1,1,2002-03,Seattle SuperSonics,Chicago Bulls,1,0.44329666666666667,0.056003333333333336,0.31233333333333335,0.07495666666666669,0.2010066666666667,0.05854000000000001,0.14245666666666665,0.10941333333333335,0.06733333333333333,1.8353333333333333,0.01866333333333333,0.05845,30.836,0.15616666666666668,0.34349999999999997,45.526666666666664,0.07495666666666669,0.10362,74.05333333333331,0.0,0.041883333333333335,0.6506666666666666,0.015003333333333334,0.11332666666666666,0.13199999999999998,0.06733333333333333,0.0,0.48745666666666665,0.47470666666666655,0.07213,0.31650000000000006,0.08608333333333332,0.21354333333333334,0.057003333333333336,0.15654,0.10887666666666666,0.07641333333333335,1.565333333333333,0.024036666666666665,0.06542333333333333,36.70399999999999,0.1582466666666667,0.34191333333333335,46.344,0.08608333333333332,0.12199999999999998,70.166,0.0,0.03895666666666667,0.5426666666666667,0.029746666666666664,0.1264166666666667,0.24000000000000002,0.07641333333333335,0.0,0.52846
109,104,2003-02-01,1,1,2002-03,Washington Wizards,New Orleans Hornets,1,0.4738366666666666,0.050503333333333345,0.3134166666666667,0.10992333333333335,0.20624999999999996,0.05800333333333333,0.14825000000000002,0.09854666666666664,0.06983666666666667,1.5000000000000002,0.01683,0.05241333333333333,32.666666666666664,0.15671,0.33532666666666666,46.80866666666667,0.10992333333333335,0.14079000000000003,78.02000000000001,0.0,0.03745666666666667,0.5713333333333334,0.02928666666666667,0.10292,0.3026666666666667,0.06983666666666667,0.0,0.5304633333333333,0.45991666666666664,0.07737666666666666,0.29491666666666666,0.08762,0.21237666666666666,0.05637,0.156,0.10753666666666667,0.07001333333333333,1.5733333333333335,0.02579,0.06899333333333332,38.37599999999999,0.14746333333333334,0.3418833333333333,43.17666666666667,0.08762,0.11196333333333333,78.17533333333334,0.0,0.03770333333333333,0.5673333333333334,0.022296666666666666,0.11355,0.2,0.07001333333333333,0.0,0.5078733333333333
106,84,2003-02-01,1,1,2002-03,Detroit Pistons,New Jersey Nets,1,0.46142,0.10374666666666667,0.25508333333333333,0.10257999999999999,0.19603333333333334,0.05271000000000001,0.14333333333333337,0.10137,0.06848666666666665,1.6053333333333333,0.03458666666666667,0.09183000000000001,37.92266666666667,0.12754333333333334,0.28563,44.500666666666675,0.10257999999999999,0.13191333333333333,76.79799999999999,0.0,0.03487666666666667,0.5406666666666667,0.024576666666666674,0.11637333333333334,0.2233333333333333,0.06848666666666665,0.0,0.5051200000000001,0.49345333333333335,0.05600666666666668,0.3305,0.10696,0.21465999999999993,0.06654,0.14812333333333333,0.1122,0.07274666666666668,1.72,0.01866,0.06308666666666668,31.998,0.16525333333333334,0.34354333333333337,48.364000000000004,0.10696,0.14787666666666663,72.85,0.0,0.047913333333333336,0.7093333333333334,0.01829333333333333,0.11316333333333331,0.1726666666666667,0.07274666666666668,0.0,0.5501633333333333
105,89,2003-02-02,1,1,2002-03,Houston Rockets,Sacramento Kings,1,0.45912666666666674,0.07474666666666667,0.2786666666666667,0.10570999999999997,0.22712666666666664,0.05929333333333333,0.16783333333333333,0.08807999999999999,0.07537666666666668,1.2853333333333332,0.024919999999999998,0.07553999999999998,31.984666666666666,0.13932333333333333,0.30995999999999996,45.261999999999986,0.10570999999999997,0.13629333333333332,78.15400000000001,0.0,0.03137,0.452,0.03354666666666666,0.09720666666666666,0.36533333333333334,0.07537666666666668,0.0,0.51204,0.5220866666666667,0.09524999999999999,0.35141666666666665,0.07541333333333332,0.22229000000000002,0.05133,0.17096,0.13684,0.06820333333333334,2.11,0.03175000000000001,0.07937333333333334,39.25933333333333,0.17570333333333335,0.35843,49.13733333333334,0.07541333333333332,0.10566333333333336,71.44733333333332,0.0,0.04999666666666667,0.75,0.02858666666666666,0.10300666666666668,0.29733333333333334,0.06820333333333334,0.0,0.6309933333333333
93,78,2003-02-02,1,1,2002-03,Denver Nuggets,Memphis Grizzlies,1,0.4073800000000001,0.031126666666666667,0.2938333333333334,0.08241666666666667,0.20284000000000002,0.05738,0.14545666666666665,0.10383666666666666,0.08791666666666664,1.282,0.010373333333333335,0.04225333333333334,24.21333333333333,0.1469166666666667,0.3337433333333334,44.36266666666667,0.08241666666666667,0.11474666666666669,72.13400000000001,0.0,0.04262333333333333,0.5519999999999999,0.025376666666666662,0.11437666666666667,0.2313333333333333,0.08791666666666664,0.0,0.4430866666666667,0.4842166666666667,0.07562666666666666,0.322,0.08657666666666668,0.2172933333333333,0.06182666666666666,0.15546,0.11171333333333333,0.07654333333333335,1.5699999999999998,0.025206666666666665,0.077,32.20466666666667,0.16100333333333336,0.33370999999999995,48.179333333333325,0.08657666666666668,0.11650333333333335,75.32333333333332,0.0,0.03188333333333333,0.42333333333333323,0.02775,0.09792,0.2966666666666667,0.07654333333333335,0.0,0.5418733333333333
100,86,2003-02-02,1,1,2002-03,Toronto Raptors,Los Angeles Clippers,1,0.4310866666666667,0.07062333333333334,0.27899999999999997,0.08145666666666666,0.20162333333333335,0.06159,0.14005000000000004,0.09112333333333335,0.07503666666666665,1.3246666666666664,0.02354333333333333,0.07186666666666668,31.628,0.13949666666666663,0.31809,43.90533333333334,0.08145666666666666,0.11820666666666665,69.06799999999998,0.0,0.037296666666666665,0.5233333333333333,0.019583333333333335,0.11658666666666666,0.1753333333333333,0.07503666666666665,0.0,0.442,0.4565466666666666,0.07212333333333333,0.2764999999999999,0.10790999999999998,0.22116333333333332,0.06424333333333333,0.15691999999999998,0.09221,0.07778666666666666,1.2926666666666666,0.02404333333333333,0.07282999999999999,33.26200000000001,0.13825,0.3226233333333333,42.982,0.10790999999999998,0.14683333333333332,73.28533333333333,0.0,0.02950333333333333,0.3946666666666667,0.029540000000000004,0.10962999999999998,0.28200000000000003,0.07778666666666666,0.0,0.47908333333333336
97,89,2003-02-02,1,1,2002-03,Atlanta Hawks,Orlando Magic,1,0.44545666666666667,0.06449666666666666,0.28883333333333333,0.09212000000000001,0.21034333333333335,0.05729666666666667,0.15304666666666666,0.09187000000000002,0.08325333333333333,1.1613333333333336,0.021503333333333333,0.06849999999999999,31.528000000000002,0.14442666666666662,0.31795666666666667,45.42333333333333,0.09212000000000001,0.11996333333333334,76.15933333333334,0.0,0.03574666666666667,0.44200000000000006,0.021453333333333335,0.11821333333333332,0.18533333333333335,0.08325333333333333,0.0,0.47325,0.4796699999999999,0.10012666666666666,0.2781666666666666,0.10137333333333334,0.19191333333333335,0.05587333333333334,0.13604666666666665,0.10516666666666667,0.07179,1.528,0.03337333333333333,0.09062999999999999,37.534,0.13908666666666664,0.30271000000000003,46.477999999999994,0.10137333333333334,0.13141666666666665,77.59666666666665,0.0,0.04328999999999999,0.6373333333333332,0.013873333333333331,0.11733333333333335,0.12266666666666663,0.07179,0.0,0.5112066666666666
99,91,2003-02-02,1,1,2002-03,Minnesota Timberwolves,Philadelphia 76ers,1,0.48533000000000004,0.05012666666666667,0.34258333333333335,0.09263333333333332,0.21508333333333332,0.05674333333333334,0.15833,0.12216333333333336,0.06687,2.086,0.01670666666666667,0.04613333333333333,35.352,0.17129,0.3672366666666667,46.518,0.09263333333333332,0.11582333333333336,79.30066666666669,0.0,0.038,0.606,0.02713,0.10933333333333334,0.26266666666666666,0.06687,0.0,0.57225,0.47091,0.04512666666666666,0.321,0.10479333333333334,0.20908666666666667,0.06541,0.14367000000000002,0.10362,0.07975,1.3233333333333335,0.015040000000000001,0.047876666666666665,31.930666666666664,0.1605,0.34637999999999997,46.69733333333333,0.10479333333333334,0.13417333333333334,76.58200000000001,0.0,0.049043333333333335,0.6266666666666667,0.014419999999999999,0.11296333333333335,0.13199999999999998,0.07975,0.0,0.51925
95,114,2003-02-02,1,1,2002-03,Cleveland Cavaliers,Portland Trail Blazers,0,0.4417966666666666,0.06974666666666667,0.2785,0.09354333333333334,0.22208333333333333,0.06667000000000002,0.15542,0.09296333333333333,0.09171,1.0633333333333332,0.023253333333333334,0.06795333333333334,32.849333333333334,0.13925,0.3369166666666668,41.48466666666666,0.09354333333333334,0.12829666666666664,72.62533333333334,0.0,0.04000666666666666,0.45133333333333336,0.02937333333333333,0.11630000000000001,0.25066666666666676,0.09171,0.0,0.4573766666666666,0.4847533333333333,0.056996666666666675,0.322,0.10575666666666667,0.21220999999999998,0.06071,0.15150000000000002,0.10938000000000002,0.07425,1.5459999999999996,0.01900333333333333,0.07099666666666665,26.493333333333332,0.16099999999999998,0.3307066666666667,48.903333333333336,0.10575666666666667,0.13736666666666666,76.70466666666667,0.0,0.049793333333333335,0.682,0.017213333333333334,0.10545333333333334,0.16933333333333334,0.07425,0.0,0.54574
99,79,2003-02-03,1,1,2002-03,Miami Heat,Atlanta Hawks,1,0.42408,0.05112333333333333,0.2869166666666667,0.08604333333333335,0.20445000000000005,0.059326666666666666,0.14511666666666662,0.08728333333333335,0.077,1.212,0.017043333333333334,0.05325333333333333,30.840666666666664,0.14346666666666666,0.3333366666666666,43.25333333333333,0.08604333333333335,0.114,75.82866666666668,0.0,0.04341333333333333,0.5953333333333333,0.01821333333333334,0.11183333333333331,0.16666666666666666,0.077,0.0,0.44642000000000004,0.4518733333333334,0.06599666666666668,0.2915,0.09437333333333334,0.21197,0.058210000000000005,0.15375666666666668,0.09320333333333333,0.08333333333333334,1.176,0.02200333333333333,0.06899999999999999,32.022666666666666,0.14576000000000003,0.31966666666666665,45.606666666666676,0.09437333333333334,0.12283999999999999,76.29866666666665,0.0,0.03632666666666667,0.4486666666666667,0.021330000000000002,0.11808999999999999,0.18333333333333332,0.08333333333333334,0.0,0.4819966666666667
109,108,2003-02-03,1,1,2002-03,New Jersey Nets,Seattle SuperSonics,1,0.4904533333333333,0.05525666666666667,0.329,0.10621,0.21540999999999993,0.06749999999999999,0.14791666666666667,0.11111999999999998,0.07312,1.7033333333333334,0.018409999999999996,0.06346333333333334,31.39,0.16450333333333333,0.34421,48.05533333333334,0.10621,0.1465433333333333,72.96333333333334,0.0,0.04808,0.7080000000000001,0.01808666666666667,0.11307999999999999,0.1713333333333333,0.07312,0.0,0.5449566666666666,0.4430066666666667,0.055880000000000006,0.3125833333333333,0.07454,0.20042333333333334,0.05725000000000001,0.14316666666666666,0.11016000000000001,0.06691333333333332,1.863333333333333,0.01862,0.057783333333333325,31.226,0.1562933333333333,0.3438333333333334,45.54733333333333,0.07454,0.10311999999999998,74.054,0.0,0.04150666666666667,0.6486666666666667,0.015546666666666665,0.11390999999999998,0.13666666666666666,0.06691333333333332,0.0,0.4884166666666666
115,111,2003-02-03,1,1,2002-03,Phoenix Suns,Chicago Bulls,1,0.4944166666666667,0.08400333333333335,0.3086666666666667,0.10174999999999998,0.20975,0.06491333333333334,0.14483666666666664,0.09883333333333333,0.06817666666666668,1.522,0.027996666666666666,0.08199666666666666,34.124,0.15432666666666667,0.3304566666666667,47.19266666666666,0.10174999999999998,0.1340866666666667,76.30133333333333,0.0,0.034999999999999996,0.5406666666666667,0.021496666666666667,0.11658333333333334,0.19466666666666665,0.06817666666666668,0.0,0.52887,0.47458333333333325,0.07237666666666667,0.31666666666666665,0.08553999999999999,0.21325333333333332,0.05688000000000001,0.15637333333333336,0.10875333333333333,0.07678666666666668,1.5639999999999998,0.02412333333333333,0.06513,36.79266666666667,0.15833,0.34174666666666664,46.408666666666676,0.08553999999999999,0.12112666666666665,70.17466666666665,0.0,0.038873333333333336,0.5386666666666666,0.029413333333333336,0.12666333333333338,0.23666666666666666,0.07678666666666668,0.0,0.5280866666666667
103,96,2003-02-03,1,1,2002-03,New Orleans Hornets,Boston Celtics,1,0.46120666666666665,0.07787666666666665,0.2951666666666667,0.08816,0.2125033333333333,0.05666000000000001,0.15583333333333332,0.10895333333333336,0.07017999999999999,1.5893333333333335,0.02595666666666667,0.06928333333333334,38.48199999999999,0.14759000000000003,0.3404633333333333,43.38066666666668,0.08816,0.11258666666666667,78.50666666666666,0.0,0.038869999999999995,0.5813333333333333,0.022423333333333333,0.11267333333333335,0.204,0.07017999999999999,0.0,0.5131633333333333,0.45237666666666665,0.13612666666666667,0.23024999999999998,0.08599666666666668,0.19009,0.051546666666666664,0.13854,0.09267,0.07133666666666666,1.3739999999999999,0.045373333333333335,0.13616666666666669,32.688,0.11511666666666669,0.2565766666666666,44.90866666666667,0.08599666666666668,0.11096,77.28533333333333,0.0,0.04217333333333333,0.6206666666666668,0.01870666666666667,0.11062333333333332,0.17933333333333337,0.07133666666666666,0.0,0.46745333333333333
101,91,2003-02-03,1,1,2002-03,Golden State Warriors,Memphis Grizzlies,1,0.50126,0.06900666666666666,0.3206666666666667,0.11157999999999998,0.23504333333333333,0.08354333333333333,0.15150666666666665,0.09795999999999999,0.07424333333333334,1.4146666666666665,0.022993333333333334,0.06638000000000001,35.751333333333335,0.16034333333333334,0.3557500000000001,45.14466666666667,0.11157999999999998,0.13757666666666665,81.47066666666666,0.0,0.032543333333333334,0.462,0.029459999999999997,0.10883,0.2826666666666666,0.07424333333333334,0.0,0.5572166666666666,0.48350999999999994,0.07325333333333332,0.3236666666666667,0.08657666666666666,0.2167933333333333,0.06215999999999999,0.15462666666666666,0.11046333333333333,0.07512666666666666,1.5859999999999999,0.024413333333333335,0.07629,31.467333333333336,0.16183666666666668,0.33621,48.123999999999995,0.08657666666666666,0.11692000000000001,74.96066666666665,0.0,0.03163,0.428,0.02762666666666667,0.09771,0.29533333333333334,0.07512666666666666,0.0,0.5382933333333334
90,92,2003-02-03,1,1,2002-03,Utah Jazz,Dallas Mavericks,0,0.49238,0.042499999999999996,0.3299166666666667,0.11995666666666668,0.20846,0.06759,0.14087666666666668,0.13117666666666666,0.08059000000000001,1.7453333333333334,0.014166666666666668,0.04466666666666667,32.666,0.16496000000000002,0.33337333333333324,49.66733333333333,0.11995666666666668,0.15753666666666669,76.56066666666668,0.0,0.04616666666666666,0.596,0.028666666666666667,0.11325333333333333,0.252,0.08059000000000001,0.0,0.5897533333333332,0.49542,0.08924,0.3120833333333333,0.09408000000000001,0.20904,0.06099666666666666,0.14803999999999998,0.10637333333333335,0.051283333333333334,2.263333333333333,0.029759999999999998,0.09137666666666666,31.014,0.15603999999999998,0.33408333333333334,46.642666666666656,0.09408000000000001,0.11383999999999998,82.57400000000001,0.0,0.0353,0.7453333333333334,0.030083333333333337,0.09871666666666666,0.304,0.051283333333333334,0.0,0.5654933333333333
93,84,2003-02-04,1,1,2002-03,Washington Wizards,Cleveland Cavaliers,1,0.4720466666666666,0.049503333333333344,0.3145833333333333,0.10796333333333333,0.20645666666666662,0.05892333333333333,0.14754000000000003,0.09842,0.06996333333333334,1.4906666666666668,0.016496666666666666,0.05216333333333333,32.43,0.15729333333333334,0.33774333333333334,46.65733333333333,0.10796333333333333,0.13933333333333336,77.35133333333334,0.0,0.03787333333333334,0.574,0.02949666666666667,0.10229666666666666,0.3046666666666667,0.06996333333333334,0.0,0.5268366666666666,0.4411699999999999,0.06774666666666666,0.27975,0.09367,0.22212333333333334,0.06650333333333334,0.1556266666666667,0.09312999999999999,0.09283666666666666,1.0486666666666666,0.022586666666666668,0.06703999999999999,32.106,0.13987666666666662,0.3375000000000001,41.596000000000004,0.09367,0.12842,72.57866666666668,0.0,0.040299999999999996,0.4466666666666667,0.02937333333333333,0.1163,0.2506666666666667,0.09283666666666666,0.0,0.4564166666666666
102,100,2003-02-04,1,1,2002-03,Denver Nuggets,Chicago Bulls,1,0.4060033333333333,0.03062666666666666,0.2935833333333333,0.08179,0.20217333333333337,0.05692333333333333,0.14525,0.10396,0.08804333333333332,1.2833333333333334,0.010206666666666666,0.04092,24.720000000000002,0.14679,0.33520333333333335,44.11866666666667,0.08179,0.11345666666666666,72.31066666666668,0.0,0.043956666666666665,0.5673333333333334,0.025376666666666662,0.11413,0.2313333333333333,0.08804333333333332,0.0,0.44263,0.47470666666666655,0.07312333333333333,0.31616666666666665,0.08541666666666665,0.21395999999999998,0.05709,0.15687333333333336,0.10858666666666666,0.07741333333333333,1.5573333333333332,0.024376666666666665,0.06521333333333333,36.93333333333333,0.15808333333333333,0.34108,46.42133333333334,0.08541666666666665,0.12054333333333332,70.43866666666666,0.0,0.03879,0.532,0.02937333333333333,0.12695333333333336,0.2353333333333333,0.07741333333333333,0.0,0.5290466666666667
109,110,2003-02-04,1,1,2002-03,Dallas Mavericks,Sacramento Kings,0,0.4977966666666667,0.09473999999999999,0.30975,0.09329000000000003,0.2069566666666667,0.06074666666666666,0.14620666666666662,0.10729000000000001,0.051783333333333334,2.265333333333333,0.03159333333333333,0.09267,32.47666666666667,0.15487333333333334,0.33141666666666664,46.67066666666666,0.09329000000000003,0.11312999999999998,82.484,0.0,0.035379999999999995,0.7420000000000001,0.02987333333333333,0.09846333333333333,0.3026666666666667,0.051783333333333334,0.0,0.5680333333333334,0.5230866666666666,0.09587333333333332,0.35141666666666665,0.07579,0.22141333333333335,0.050370000000000005,0.17104333333333335,0.13717333333333329,0.06766333333333334,2.143333333333333,0.03196,0.07853999999999998,39.73266666666666,0.17570333333333335,0.35801000000000005,49.173333333333325,0.07579,0.10562333333333335,71.88066666666667,0.0,0.04878999999999999,0.7393333333333333,0.028043333333333326,0.10342333333333334,0.2906666666666667,0.06766333333333334,0.0,0.6321166666666668
94,97,2003-02-04,1,1,2002-03,Indiana Pacers,Los Angeles Lakers,0,0.4914566666666666,0.08100333333333334,0.3045833333333333,0.10586999999999999,0.21267333333333335,0.05192333333333333,0.16075000000000003,0.12196333333333333,0.07425,1.8106666666666666,0.026996666666666665,0.07471666666666667,36.80733333333333,0.1522933333333333,0.31808666666666674,48.04333333333334,0.10586999999999999,0.13487666666666667,78.82466666666666,0.0,0.04500000000000001,0.6373333333333334,0.028376666666666665,0.10038,0.2833333333333333,0.07425,0.0,0.58271,0.5104133333333334,0.08787000000000002,0.3298333333333333,0.09271333333333336,0.2320366666666666,0.07033,0.16170666666666672,0.12558333333333332,0.07829,1.6686666666666665,0.02929666666666667,0.08445333333333332,34.89333333333333,0.16491666666666666,0.33479,49.76866666666667,0.09271333333333336,0.13012666666666667,72.22933333333334,0.0,0.03695999999999999,0.5073333333333333,0.029490000000000002,0.11817333333333334,0.25133333333333335,0.07829,0.0,0.5937466666666665
95,98,2003-02-04,1,1,2002-03,Milwaukee Bucks,Toronto Raptors,0,0.4817866666666667,0.10087666666666667,0.28341666666666665,0.09750333333333333,0.19312333333333334,0.041956666666666656,0.15116666666666667,0.11000000000000003,0.07000333333333333,1.6900000000000002,0.03362333333333333,0.08912,38.45133333333333,0.14171666666666666,0.29300333333333334,48.736000000000004,0.09750333333333333,0.11962333333333333,81.73333333333333,0.0,0.03412333333333333,0.5453333333333333,0.01729666666666667,0.10671333333333331,0.1733333333333333,0.07000333333333333,0.0,0.5374166666666667,0.4300866666666668,0.06750000000000002,0.28099999999999997,0.08157999999999999,0.2033333333333333,0.061089999999999985,0.14226,0.09166666666666666,0.07524333333333331,1.3419999999999999,0.022500000000000003,0.07028333333333332,30.854666666666667,0.14049666666666666,0.31992333333333334,43.95333333333334,0.08157999999999999,0.11829,69.18066666666667,0.0,0.03700333333333334,0.5219999999999999,0.019623333333333333,0.11562666666666664,0.17733333333333334,0.07524333333333331,0.0,0.44254333333333334
105,92,2003-02-04,1,1,2002-03,New York Knicks,Los Angeles Clippers,1,0.4652933333333334,0.11075333333333331,0.28150000000000003,0.07304333333333334,0.20545666666666668,0.05704333333333333,0.1484166666666667,0.10657333333333334,0.06370999999999999,1.7246666666666663,0.03691333333333334,0.09483,39.294000000000004,0.14074666666666671,0.3176966666666667,44.46066666666666,0.07304333333333334,0.09182333333333333,80.59533333333334,0.0,0.033490000000000006,0.5466666666666666,0.013170000000000003,0.11303666666666666,0.12400000000000001,0.06370999999999999,0.0,0.5066266666666667,0.4585066666666667,0.07349666666666667,0.2761666666666666,0.10883,0.22316333333333332,0.06532666666666667,0.15783333333333335,0.09221,0.07849666666666667,1.284,0.024503333333333335,0.07320333333333333,33.67,0.13808333333333334,0.3236233333333333,42.837333333333326,0.10883,0.14708666666666664,73.86933333333333,0.0,0.02979333333333333,0.39533333333333337,0.02837333333333333,0.11000333333333336,0.2706666666666667,0.07849666666666667,0.0,0.48103999999999997
103,89,2003-02-04,1,1,2002-03,Minnesota Timberwolves,Houston Rockets,1,0.48562,0.05075,0.34266666666666673,0.09221333333333334,0.21517,0.05745333333333334,0.15770333333333333,0.12154,0.06687,2.071333333333333,0.016916666666666667,0.04596666666666667,35.83066666666666,0.17133000000000004,0.3676966666666666,46.46399999999999,0.09221333333333334,0.11524333333333335,79.26733333333331,0.0,0.03804333333333333,0.6033333333333333,0.026463333333333335,0.10837666666666666,0.2593333333333333,0.06687,0.0,0.5715,0.45867,0.07249666666666667,0.2801666666666666,0.10599999999999997,0.22645999999999997,0.05908666666666666,0.16737666666666667,0.08828666666666665,0.07583666666666669,1.2753333333333332,0.024169999999999994,0.07308333333333333,31.844666666666665,0.14007,0.31204,45.146666666666654,0.10599999999999997,0.13662666666666665,78.14133333333334,0.0,0.03133,0.4493333333333333,0.03283666666666667,0.09795999999999999,0.3546666666666667,0.07583666666666669,0.0,0.5102466666666667
89,96,2003-02-04,1,1,2002-03,Orlando Magic,Portland Trail Blazers,0,0.48075333333333325,0.09962666666666667,0.28091666666666665,0.10020666666666665,0.1927866666666667,0.05683000000000001,0.13596666666666665,0.10529333333333334,0.07170333333333336,1.5393333333333332,0.03320666666666666,0.09046333333333334,37.413999999999994,0.14046333333333333,0.30437666666666663,46.632666666666665,0.10020666666666665,0.13045666666666667,77.304,0.0,0.04295666666666666,0.6346666666666666,0.01437333333333333,0.11750000000000001,0.12666666666666662,0.07170333333333336,0.0,0.5130399999999999,0.4845433333333334,0.05612333333333333,0.32208333333333333,0.10634,0.21396333333333334,0.061959999999999994,0.15200000000000002,0.10929666666666668,0.07408333333333333,1.5446666666666664,0.01871,0.07066333333333331,26.231999999999996,0.16104333333333332,0.33262,48.64533333333334,0.10634,0.13744666666666666,77.16066666666666,0.0,0.04904,0.6753333333333332,0.01713,0.10541,0.168,0.07408333333333333,0.0,0.5451999999999999
89,80,2003-02-05,1,1,2002-03,Detroit Pistons,Los Angeles Clippers,1,0.4595433333333333,0.10274666666666667,0.25608333333333333,0.10070666666666665,0.19673999999999997,0.05316666666666667,0.14358666666666667,0.10112000000000002,0.06731999999999999,1.6513333333333333,0.034253333333333344,0.09245333333333336,37.227999999999994,0.12804333333333331,0.2862133333333333,44.60000000000001,0.10070666666666665,0.12979,76.642,0.0,0.03512666666666667,0.5573333333333333,0.024993333333333333,0.11395333333333332,0.23199999999999996,0.06731999999999999,0.0,0.5047433333333333,0.4594633333333333,0.07387,0.27683333333333326,0.10874333333333333,0.22449666666666665,0.06649333333333333,0.15799999999999997,0.09196000000000003,0.07883,1.2766666666666668,0.024630000000000003,0.07295333333333334,33.82066666666667,0.13841666666666666,0.32516333333333336,42.77133333333333,0.10874333333333333,0.14612666666666665,74.38866666666667,0.0,0.030206666666666666,0.4000000000000001,0.02737333333333333,0.11046,0.2606666666666667,0.07883,0.0,0.4822066666666667
105,84,2003-02-05,1,1,2002-03,Utah Jazz,Memphis Grizzlies,1,0.4902133333333333,0.0415,0.33141666666666664,0.11729000000000002,0.20883333333333334,0.06775666666666666,0.14108333333333334,0.13063333333333335,0.07984000000000001,1.7673333333333334,0.013833333333333335,0.04416666666666667,32.376666666666665,0.16570999999999997,0.3364133333333333,49.45133333333333,0.11729000000000002,0.15499333333333337,75.86400000000002,0.0,0.04524999999999999,0.5933333333333333,0.028833333333333332,0.11383666666666666,0.252,0.07984000000000001,0.0,0.58517,0.48250999999999994,0.07125333333333334,0.32416666666666666,0.08707666666666668,0.2158733333333333,0.06220333333333334,0.15367,0.10896333333333334,0.07416666666666667,1.588,0.02374666666666667,0.07537666666666666,30.940666666666676,0.16208666666666666,0.33796,47.97333333333333,0.08707666666666668,0.11779333333333336,74.73733333333331,0.0,0.031336666666666665,0.42866666666666664,0.027960000000000002,0.09808666666666667,0.29733333333333334,0.07416666666666667,0.0,0.5342533333333335
108,84,2003-02-05,1,1,2002-03,New Orleans Hornets,Sacramento Kings,1,0.4636666666666667,0.07775333333333334,0.29625,0.08966,0.21246333333333334,0.057286666666666666,0.15516666666666665,0.11016333333333334,0.07055333333333334,1.6013333333333335,0.025913333333333337,0.06895000000000001,38.655333333333346,0.14813000000000004,0.3393766666666667,43.67666666666667,0.08966,0.11417000000000001,78.868,0.0,0.040203333333333334,0.598,0.022299999999999997,0.11175666666666666,0.20533333333333334,0.07055333333333334,0.0,0.5194566666666667,0.5240066666666665,0.09624999999999999,0.3514166666666666,0.07633333333333334,0.21974666666666667,0.04941333333333333,0.1703366666666667,0.13742000000000001,0.06724666666666668,2.173333333333333,0.03208333333333333,0.07775,40.04066666666667,0.17570333333333335,0.3574666666666667,49.24066666666666,0.07633333333333334,0.10579000000000001,72.32199999999999,0.0,0.04749666666666666,0.7266666666666667,0.026876666666666663,0.10379666666666662,0.2773333333333333,0.06724666666666668,0.0,0.63141
99,103,2003-02-05,1,1,2002-03,Golden State Warriors,San Antonio Spurs,0,0.5013866666666666,0.06863333333333334,0.32208333333333333,0.11066333333333332,0.23325000000000004,0.08262666666666667,0.15063,0.09933666666666664,0.07386999999999998,1.436,0.022866666666666667,0.06683666666666667,35.24400000000001,0.16104999999999997,0.3553300000000001,45.40933333333334,0.11066333333333332,0.13637,81.49066666666666,0.0,0.032709999999999996,0.4653333333333334,0.029293333333333334,0.10799666666666667,0.28400000000000003,0.07386999999999998,0.0,0.55813,0.48196333333333335,0.07937333333333334,0.2955833333333333,0.10699666666666668,0.20653666666666667,0.05649666666666667,0.15005,0.09457333333333333,0.07300333333333334,1.411333333333333,0.026459999999999997,0.07125333333333332,36.48066666666667,0.14779,0.31495999999999996,47.001333333333335,0.10699666666666668,0.14167,75.86866666666667,0.0,0.03478666666666667,0.5233333333333333,0.03425,0.10413,0.3306666666666666,0.07300333333333334,0.0,0.5325033333333333
