placar_casa,placar_visitante,data,round,stage,ano,equipe_casa,equipe_visitante,resultado,Pts_casa,3P_casa,2P_casa,LL_casa,RT_casa,RO_casa,RD_casa,AS_casa,ER_casa,IA%_casa,3PC_casa,3PT_casa,3P%_casa,2PC_casa,2PT_casa,2P%_casa,LLC_casa,LLT_casa,LL%_casa,EN_casa,BR_casa,B/E_casa,TO_casa,FC_casa,T/FC_casa,ET_casa,VI_casa,EF_casa,Pts_visitante,3P_visitante,2P_visitante,LL_visitante,RT_visitante,RO_visitante,RD_visitante,AS_visitante,ER_visitante,IA%_visitante,3PC_visitante,3PT_visitante,3P%_visitante,2PC_visitante,2PT_visitante,2P%_visitante,LLC_visitante,LLT_visitante,LL%_visitante,EN_visitante,BR_visitante,B/E_visitante,TO_visitante,FC_visitante,T/FC_visitante,ET_visitante,VI_visitante,EF_visitante
71,104,2011-11-19,1,1,2011-2012,Tijuca,Pinheiros,0,0.0,0.0,0.0,0.0,0.0,0.0,0.0,0.0,0.0,0.0,0.0,0.0,0.0,0.0,0.0,0.0,0.0,0.0,0.0,0.0,0.0,0.0,0.0,0.0,0.0,0.0,0.0,0.0,0.0,0.0,0.0,0.0,0.0,0.0,0.0,0.0,0.0,0.0,0.0,0.0,0.0,0.0,0.0,0.0,0.0,0.0,0.0,0.0,0.0,0.0,0.0,0.0,0.0,0.0,0.0,0.0
88,78,2011-11-19,1,1,2011-2012,Flamengo,Paulistano,1,0.0,0.0,0.0,0.0,0.0,0.0,0.0,0.0,0.0,0.0,0.0,0.0,0.0,0.0,0.0,0.0,0.0,0.0,0.0,0.0,0.0,0.0,0.0,0.0,0.0,0.0,0.0,0.0,0.0,0.0,0.0,0.0,0.0,0.0,0.0,0.0,0.0,0.0,0.0,0.0,0.0,0.0,0.0,0.0,0.0,0.0,0.0,0.0,0.0,0.0,0.0,0.0,0.0,0.0,0.0,0.0
102,69,2011-11-19,1,1,2011-2012,Uberlândia,Araraquara,1,0.0,0.0,0.0,0.0,0.0,0.0,0.0,0.0,0.0,0.0,0.0,0.0,0.0,0.0,0.0,0.0,0.0,0.0,0.0,0.0,0.0,0.0,0.0,0.0,0.0,0.0,0.0,0.0,0.0,0.0,0.0,0.0,0.0,0.0,0.0,0.0,0.0,0.0,0.0,0.0,0.0,0.0,0.0,0.0,0.0,0.0,0.0,0.0,0.0,0.0,0.0,0.0,0.0,0.0,0.0,0.0
70,82,2011-11-21,2,1,2011-2012,Joinville,Brasília,0,0.0,0.0,0.0,0.0,0.0,0.0,0.0,0.0,0.0,0.0,0.0,0.0,0.0,0.0,0.0,0.0,0.0,0.0,0.0,0.0,0.0,0.0,0.0,0.0,0.0,0.0,0.0,0.0,0.0,0.0,0.0,0.0,0.0,0.0,0.0,0.0,0.0,0.0,0.0,0.0,0.0,0.0,0.0,0.0,0.0,0.0,0.0,0.0,0.0,0.0,0.0,0.0,0.0,0.0,0.0,0.0
87,81,2011-11-21,2,1,2011-2012,Sesi Franca,Araraquara,1,0.0,0.0,0.0,0.0,0.0,0.0,0.0,0.0,0.0,0.0,0.0,0.0,0.0,0.0,0.0,0.0,0.0,0.0,0.0,0.0,0.0,0.0,0.0,0.0,0.0,0.0,0.0,0.0,0.35007610350076107,0.076103500761035,0.23338406900050737,0.04058853373921867,0.12683916793505834,0.05073566717402334,0.076103500761035,0.04566210045662101,0.055809233891425676,0.82,0.02536783358701167,0.10654490106544902,23.81,0.11669203450025369,0.24860476915271437,46.94,0.04058853373921867,0.05073566717402334,80.0,0.010147133434804667,0.035514967021816335,0.64,0.010147133434804667,0.06088280060882801,0.17,0.055809233891425676,0.020294266869609334,0.289193302891933
68,65,2011-11-21,2,1,2011-2012,Coop/São José Basketball,Minas,1,0.0,0.0,0.0,0.0,0.0,0.0,0.0,0.0,0.0,0.0,0.0,0.0,0.0,0.0,0.0,0.0,0.0,0.0,0.0,0.0,0.0,0.0,0.0,0.0,0.0,0.0,0.0,0.0,0.0,0.0,0.0,0.0,0.0,0.0,0.0,0.0,0.0,0.0,0.0,0.0,0.0,0.0,0.0,0.0,0.0,0.0,0.0,0.0,0.0,0.0,0.0,0.0,0.0,0.0,0.0,0.0
87,82,2011-11-21,2,1,2011-2012,Uberlândia,Limeira,1,0.51,0.15,0.32,0.04,0.17,0.02,0.15,0.115,0.065,1.77,0.05,0.125,40.0,0.16,0.2,80.0,0.04,0.06,66.67,0.03,0.04,0.62,0.025,0.05,0.5,0.065,0.015,0.66,0.0,0.0,0.0,0.0,0.0,0.0,0.0,0.0,0.0,0.0,0.0,0.0,0.0,0.0,0.0,0.0,0.0,0.0,0.0,0.0,0.0,0.0,0.0,0.0,0.0,0.0,0.0,0.0
63,81,2011-11-21,2,1,2011-2012,Tijuca,Paulistano,0,0.355,0.09,0.19,0.075,0.07,0.02,0.05,0.06,0.095,0.63,0.03,0.075,40.0,0.095,0.175,54.29,0.075,0.11,68.18,0.0,0.01,0.11,0.01,0.09,0.11,0.095,0.03,0.25,0.39068369646882045,0.09015777610818933,0.25043826696719257,0.050087653393438514,0.13022789882294014,0.045078888054094664,0.08514901076884547,0.040070122714750814,0.050087653393438514,0.8,0.03005259203606311,0.11019283746556474,27.27,0.12521913348359628,0.21036814425244177,59.52,0.050087653393438514,0.06511394941147007,76.92,0.005008765339343852,0.03005259203606311,0.6,0.010017530678687703,0.11019283746556474,0.09,0.050087653393438514,0.015026296018031555,0.370648635111445
91,77,2011-11-21,2,1,2011-2012,Bauru Basket,Espírito Santo,1,0.0,0.0,0.0,0.0,0.0,0.0,0.0,0.0,0.0,0.0,0.0,0.0,0.0,0.0,0.0,0.0,0.0,0.0,0.0,0.0,0.0,0.0,0.0,0.0,0.0,0.0,0.0,0.0,0.0,0.0,0.0,0.0,0.0,0.0,0.0,0.0,0.0,0.0,0.0,0.0,0.0,0.0,0.0,0.0,0.0,0.0,0.0,0.0,0.0,0.0,0.0,0.0,0.0,0.0,0.0,0.0
84,89,2011-11-21,2,1,2011-2012,Flamengo,Pinheiros,0,0.44776878848013024,0.12211876049458098,0.2137078308655167,0.11194219712003256,0.16282501399277463,0.04070625349819366,0.12211876049458098,0.07123594362183891,0.0661476619345647,1.08,0.04070625349819366,0.08650078868366153,47.06,0.10685391543275835,0.17808985905459726,60.0,0.11194219712003256,0.14247188724367782,78.57,0.010176563374548414,0.02035312674909683,0.31,0.0,0.08141250699638732,0.0,0.0661476619345647,0.010176563374548414,0.4884750419783239,0.52,0.165,0.29,0.065,0.14,0.045,0.095,0.095,0.06,1.58,0.055,0.115,47.83,0.145,0.225,64.44,0.065,0.07,92.86,0.025,0.06,1.0,0.02,0.105,0.19,0.06,0.03,0.63
62,81,2011-11-24,3,1,2011-2012,L. Sorocabana,Coop/São José Basketball,0,0.0,0.0,0.0,0.0,0.0,0.0,0.0,0.0,0.0,0.0,0.0,0.0,0.0,0.0,0.0,0.0,0.0,0.0,0.0,0.0,0.0,0.0,0.0,0.0,0.0,0.0,0.0,0.0,0.34,0.075,0.18,0.085,0.115,0.045,0.07,0.065,0.065,1.0,0.025,0.105,23.81,0.09,0.18,50.0,0.085,0.09,94.44,0.0,0.065,1.0,0.01,0.075,0.13,0.065,0.01,0.355
75,73,2011-11-24,3,1,2011-2012,Espírito Santo,Araraquara,1,0.385,0.135,0.18,0.07,0.14,0.045,0.095,0.045,0.055,0.82,0.045,0.12,37.5,0.09,0.21,42.86,0.07,0.09,77.78,0.0,0.03,0.55,0.005,0.06,0.08,0.055,0.03,0.335,0.3775380517503806,0.1130517503805175,0.2166920345002537,0.04779426686960933,0.14341958396752919,0.04536783358701167,0.0980517503805175,0.06033105022831051,0.05540461694571284,1.09,0.037683916793505835,0.1132724505327245,32.74,0.10834601725012685,0.22930238457635718,47.28,0.04779426686960933,0.06286783358701167,76.66499999999999,0.0050735667174023336,0.03525748351090817,0.64,0.017573566717402334,0.090441400304414,0.19,0.05540461694571284,0.012647133434804668,0.3670966514459665
70,83,2011-11-24,3,1,2011-2012,Minas,Flamengo,0,0.325,0.045,0.22,0.06,0.155,0.03,0.125,0.05,0.085,0.59,0.015,0.065,23.08,0.11,0.18,61.11,0.06,0.08,75.0,0.0,0.035,0.41,0.01,0.08,0.13,0.085,0.01,0.35,0.41117536413973066,0.12794901235431388,0.2227959444182656,0.060430407367151176,0.1616800655248154,0.03819036197763641,0.123489703547179,0.07798140547870094,0.0732076102314964,1.07,0.042649670784771304,0.09453244562388205,45.269999999999996,0.1113979722091328,0.1826904144771314,60.95,0.060430407367151176,0.0801545612361087,64.285,0.011777244897976548,0.023554489795953096,0.32,0.0,0.08752899597311004,0.0,0.0732076102314964,0.014006899301543994,0.45828434373163685
109,78,2011-11-24,3,1,2011-2012,Brasília,Tijuca,1,0.45497419963380126,0.09987238528546857,0.26632636076124955,0.08877545358708318,0.12206624868223936,0.04438772679354159,0.07767852188869778,0.04993619264273429,0.06103312434111968,0.82,0.03329079509515619,0.11651778283304667,28.57,0.13316318038062477,0.17200244132497367,77.42,0.08877545358708318,0.11096931698385397,80.0,0.0,0.07213005603950508,1.18,0.011096931698385397,0.12206624868223936,0.09,0.06103312434111968,0.016645397547578097,0.5049103922765356,0.33499999999999996,0.0975,0.16,0.0775,0.0975,0.025,0.07250000000000001,0.045,0.09,0.49,0.0325,0.0975,34.585,0.08,0.16499999999999998,48.114999999999995,0.0775,0.1,78.535,0.005,0.022500000000000003,0.26,0.015,0.08249999999999999,0.19,0.09,0.017499999999999998,0.2525
81,90,2011-11-24,3,1,2011-2012,Pinheiros,Uberlândia,0,0.4577777777777778,0.14250000000000002,0.25166666666666665,0.06361111111111112,0.13222222222222224,0.03805555555555555,0.09416666666666668,0.08083333333333334,0.05,1.625,0.0475,0.10416666666666667,45.345,0.12583333333333332,0.21472222222222223,58.305,0.06361111111111112,0.07500000000000001,85.32,0.021388888888888888,0.04777777777777778,0.9450000000000001,0.012222222222222223,0.07694444444444444,0.14,0.05,0.017222222222222222,0.5238888888888888,0.47250000000000003,0.14250000000000002,0.28,0.05,0.1575,0.0175,0.14,0.11,0.0675,1.635,0.0475,0.1225,38.75,0.14,0.185,75.295,0.05,0.0675,73.33500000000001,0.02,0.04,0.595,0.0275,0.065,0.44,0.0675,0.0125,0.6025
85,70,2011-11-24,3,1,2011-2012,Bauru Basket,Joinville,1,0.455,0.165,0.26,0.03,0.18,0.03,0.15,0.105,0.075,1.4,0.055,0.135,40.74,0.13,0.185,70.27,0.03,0.04,75.0,0.03,0.02,0.27,0.02,0.1,0.2,0.075,0.005,0.56,0.35392860754373545,0.06067347557892608,0.20224491859642027,0.09101021336838912,0.1466275659824047,0.05561735261401557,0.09101021336838912,0.05056122964910507,0.08595409040347861,0.59,0.020224491859642025,0.09606633633329963,21.05,0.10112245929821014,0.22246941045606228,45.45,0.09101021336838912,0.13651532005258368,66.67,0.01516836889473152,0.04550510668419456,0.53,0.0,0.10617858226312064,0.0,0.08595409040347861,0.010112245929821012,0.26797451714025683
110,72,2011-11-26,4,1,2011-2012,Flamengo,Brasília,1,0.41245024275982045,0.1252993415695426,0.21853062961217706,0.06862027157810079,0.1544533770165436,0.033793574651757606,0.120659802364786,0.07865427031913397,0.07880507348766426,1.01,0.04176644718984754,0.09302163041592137,44.99333333333333,0.10926531480608853,0.18679360965142097,58.583333333333336,0.06862027157810079,0.08510304082407245,72.67999999999999,0.007851496598651033,0.03570299319730206,0.4366666666666667,0.005,0.0816859973154067,0.06999999999999999,0.07880507348766426,0.019337932867695997,0.4621895624877579,0.49998709981690065,0.1324361926427343,0.2931631803806248,0.07438772679354158,0.1435331243411197,0.042193863396770795,0.10133926094434889,0.08246809632136715,0.07301656217055985,1.085,0.0441453975475781,0.12825889141652336,33.93,0.1465815901903124,0.18350122066248684,79.735,0.07438772679354158,0.090484658491927,82.85499999999999,0.0025,0.06606502801975253,0.945,0.0155484658491927,0.11603312434111968,0.135,0.07301656217055985,0.01582269877378905,0.5974551961382677
77,63,2011-11-26,4,1,2011-2012,L. Sorocabana,Joinville,1,0.33151534595230453,0.09624639076034648,0.19249278152069296,0.0427761736712651,0.1283285210137953,0.05347021708908138,0.07485830392471393,0.02138808683563255,0.04812319538017324,0.44,0.032082130253448825,0.0855523473425302,37.5,0.09624639076034648,0.155063629558336,62.07,0.0427761736712651,0.06416426050689765,66.67,0.0,0.02673510854454069,0.56,0.010694043417816275,0.07485830392471393,0.14,0.04812319538017324,0.0053470217089081375,0.3368623676612127,0.3519643037718677,0.07533673778946304,0.21112245929821014,0.06550510668419456,0.10581378299120235,0.030308676307007783,0.07550510668419455,0.060280614824552534,0.0804770452017393,0.76,0.02511224592982101,0.0955331681666498,26.314999999999998,0.10556122964910507,0.18623470522803115,59.39,0.06550510668419456,0.08825766002629185,83.33500000000001,0.01008418444736576,0.04025255334209728,0.5,0.0,0.09558929113156032,0.0,0.0804770452017393,0.012556122964910505,0.3039872585701284
84,78,2011-11-26,4,1,2011-2012,Bauru Basket,Coop/São José Basketball,1,0.44,0.14250000000000002,0.25,0.0475,0.16249999999999998,0.0525,0.11,0.0875,0.0625,1.4,0.0475,0.11750000000000001,40.370000000000005,0.125,0.1975,63.705,0.0475,0.06,78.125,0.025,0.04,0.735,0.0175,0.09,0.195,0.0625,0.01,0.53,0.37250000000000005,0.1425,0.16,0.07,0.14250000000000002,0.0325,0.11,0.08,0.07500000000000001,1.06,0.0475,0.1225,36.905,0.08,0.16249999999999998,49.14,0.07,0.0775,89.53,0.0,0.05,0.705,0.02,0.07250000000000001,0.28,0.07500000000000001,0.01,0.425
62,73,2011-11-26,4,1,2011-2012,Minas,Tijuca,0,0.3377014817039595,0.05253453972067878,0.24014967212294136,0.04501726986033939,0.1651007408519798,0.057548931270961605,0.10755180958101818,0.04502302648045252,0.0775402963407919,0.58,0.017511513240226262,0.0825575662011313,21.54,0.12007483606147068,0.23016118536316763,53.769999999999996,0.04501726986033939,0.06002302648045252,75.0,0.0,0.037523026480452526,0.49,0.017514391550282823,0.07754317465084848,0.23,0.0775402963407919,0.005,0.33518421184362013,0.35333333333333333,0.105,0.16333333333333333,0.085,0.10166666666666667,0.03,0.07166666666666667,0.049999999999999996,0.09000000000000001,0.5499999999999999,0.035,0.09999999999999999,35.75666666666667,0.08166666666666667,0.17833333333333332,45.89666666666667,0.085,0.10833333333333334,79.02333333333333,0.006666666666666667,0.03333333333333333,0.37666666666666665,0.013333333333333334,0.07833333333333332,0.17333333333333334,0.09000000000000001,0.015,0.27666666666666667
94,81,2011-11-26,4,1,2011-2012,Paulistano,Uberlândia,1,0.39784184823441027,0.08257888805409466,0.25521913348359626,0.06004382669671926,0.14011394941147007,0.04753944402704734,0.09257450538442275,0.03253506135737541,0.055043826696719256,0.61,0.027526296018031554,0.10009641873278237,27.525,0.12760956674179813,0.21768407212622087,58.650000000000006,0.06004382669671926,0.07505697470573504,79.63499999999999,0.010004382669671925,0.037526296018031556,0.675,0.007508765339343852,0.10509641873278237,0.07,0.055043826696719256,0.015013148009015778,0.38282431755572255,0.465,0.14,0.26333333333333336,0.06166666666666667,0.15,0.018333333333333337,0.13166666666666668,0.09166666666666667,0.06166666666666667,1.4566666666666668,0.04666666666666667,0.11666666666666665,40.12,0.13166666666666668,0.19833333333333333,67.23333333333333,0.06166666666666667,0.07666666666666667,78.71333333333334,0.016666666666666666,0.04,0.6633333333333333,0.02,0.07333333333333333,0.3133333333333333,0.06166666666666667,0.013333333333333334,0.5533333333333333
102,69,2011-11-26,4,1,2011-2012,Pinheiros,Sesi Franca,1,0.4401851851851852,0.14,0.23444444444444446,0.06574074074074075,0.14481481481481484,0.04037037037037037,0.10444444444444445,0.0788888888888889,0.05833333333333333,1.4166666666666667,0.04666666666666667,0.10777777777777779,43.27333333333333,0.11722222222222223,0.2114814814814815,55.129999999999995,0.06574074074074075,0.08166666666666668,81.44,0.02259259259259259,0.041851851851851855,0.7633333333333333,0.01314814814814815,0.08462962962962962,0.14333333333333334,0.05833333333333333,0.01814814814814815,0.4892592592592592,0.435,0.12,0.18,0.135,0.19,0.05,0.14,0.07,0.05,1.4,0.04,0.085,47.06,0.09,0.21,42.86,0.135,0.165,81.82,0.005,0.04,0.8,0.005,0.09,0.06,0.05,0.01,0.495
51,99,2011-11-26,4,1,2011-2012,Espírito Santo,Limeira,0,0.3801219542702757,0.14254878170811028,0.17505528593585828,0.0625178866263071,0.13504227748036224,0.042513008455496076,0.09252926902486616,0.057522764797118126,0.07002764296792915,0.82,0.04751626056937009,0.12504227748036223,37.980000000000004,0.08752764296792914,0.18255040776504727,48.85,0.0625178866263071,0.08502601691099215,73.265,0.002501626056937009,0.042517886626307094,0.6000000000000001,0.005001626056937009,0.08003252113874018,0.065,0.07002764296792915,0.022504878170811028,0.3551219542702757,0.41,0.195,0.16,0.055,0.13,0.035,0.095,0.07,0.05,1.4,0.065,0.115,56.52,0.08,0.22,36.36,0.055,0.07,78.57,0.0,0.04,0.8,0.01,0.08,0.13,0.05,0.015,0.405
82,71,2011-11-28,3,1,2011-2012,Paulistano,Sesi Franca,1,0.4221063514005867,0.09009990590979265,0.2669434320688886,0.06506301342190536,0.15182148939719595,0.050051079475699416,0.10177040992149654,0.04171707740419096,0.05839184067202636,0.7133333333333334,0.03003330196993088,0.10177825969558445,29.459999999999997,0.1334717160344443,0.22523086074791,59.24000000000001,0.06506301342190536,0.08174745759434056,79.40666666666665,0.01000742786299362,0.03336212922005188,0.5766666666666667,0.010012602684381073,0.11345619157028197,0.08666666666666667,0.05839184067202636,0.011677685047616687,0.42043926282282573,0.39,0.08249999999999999,0.195,0.1125,0.1925,0.060000000000000005,0.1325,0.07250000000000001,0.0875,1.0,0.0275,0.07500000000000001,35.07,0.0975,0.23249999999999998,42.019999999999996,0.1125,0.14250000000000002,78.41,0.005,0.037500000000000006,0.54,0.005,0.0975,0.055,0.0875,0.01,0.39749999999999996
85,78,2011-12-01,5,1,2011-2012,Tijuca,L. Sorocabana,1,0.35625,0.09,0.1725,0.09375,0.12,0.03875,0.08125,0.05125,0.08375,0.625,0.030000000000000002,0.095,31.505000000000003,0.08625,0.18499999999999997,46.6175,0.09375,0.12,78.6225,0.00625,0.03375,0.4175,0.0125,0.08625,0.1525,0.08375,0.015,0.30000000000000004,0.3582576729761523,0.10062319538017324,0.1812463907603465,0.07638808683563256,0.15166426050689763,0.06673510854454069,0.08492915196235697,0.030694043417816275,0.06906159769008662,0.44,0.03354106512672442,0.0877761736712651,38.195,0.09062319538017324,0.165031814779168,55.32,0.07638808683563256,0.11208213025344882,67.71000000000001,0.0025,0.03836755427227034,0.56,0.010347021708908138,0.08742915196235697,0.12000000000000001,0.06906159769008662,0.010173510854454068,0.35593118383060635
77,89,2011-12-01,5,1,2011-2012,Sesi Franca,Minas,0,0.37833333333333335,0.08999999999999998,0.19333333333333336,0.09500000000000001,0.17833333333333334,0.055,0.12333333333333334,0.07833333333333334,0.08333333333333333,1.0666666666666667,0.03,0.07500000000000001,38.93666666666667,0.09666666666666668,0.23166666666666666,41.779999999999994,0.09500000000000001,0.12000000000000001,78.94,0.005,0.03166666666666667,0.45,0.005,0.105,0.049999999999999996,0.08333333333333333,0.011666666666666667,0.3833333333333333,0.32846765446930637,0.06502302648045251,0.21343311474862758,0.050011513240226256,0.17506716056798655,0.06503262084730774,0.11003453972067878,0.05001535098696835,0.07169353089386127,0.7200000000000001,0.02167434216015084,0.08670504413408753,24.886666666666667,0.10671655737431379,0.22344079024211175,48.54666666666666,0.050011513240226256,0.07501535098696833,69.04666666666667,0.0033333333333333335,0.03668201765363502,0.52,0.01834292770018855,0.09669544976723232,0.20333333333333334,0.07169353089386127,0.006666666666666667,0.3301228078957468
87,47,2011-12-01,5,1,2011-2012,Coop/São José Basketball,Espírito Santo,1,0.3785155884905535,0.1400630883236531,0.1700887909740303,0.06836370919287003,0.14507009813739236,0.03334968956539155,0.11172040857200079,0.07336137258829027,0.07169704252620336,1.0133333333333334,0.04668769610788437,0.12172274517658055,37.10333333333333,0.08504439548701515,0.1634104412844649,51.95333333333334,0.06836370919287003,0.08170872554910208,83.76,0.0016690032712464115,0.03667133987582616,0.5199999999999999,0.020009346418318977,0.07670638894452234,0.26666666666666666,0.07169704252620336,0.015011683022898724,0.41518459176179984,0.3384146361801838,0.14003252113874018,0.14337019062390552,0.05501192441753807,0.13336151832024148,0.04167533897033072,0.09168617934991079,0.05001517653141208,0.07335176197861944,0.6933333333333334,0.04667750704624673,0.12336151832024149,37.82,0.07168509531195276,0.1800336051766982,40.18666666666667,0.05501192441753807,0.07668401127399477,71.06666666666666,0.0016677507046246728,0.040011924417538064,0.5466666666666667,0.006667750704624674,0.08002168075916012,0.08666666666666667,0.07335176197861944,0.020003252113874017,0.2884146361801838
84,73,2011-12-01,5,1,2011-2012,Uberlândia,Brasília,1,0.4748004201680672,0.11900560224089637,0.2753089013383131,0.08048591658885776,0.14829209461562404,0.02153089013383131,0.12676120448179273,0.09053649237472768,0.06336795829442889,1.4100000000000001,0.03966853408029879,0.11084267040149393,35.09,0.13765445066915655,0.2218903672580143,63.7225,0.08048591658885776,0.09329209461562403,82.9475,0.01872471210706505,0.044005602240896356,0.7025,0.018112356053532522,0.08456738250855898,0.2625,0.06336795829442889,0.01,0.5441627762215998,0.4533247332112671,0.13829079509515618,0.25544212025374985,0.059591817862361056,0.13235541622741312,0.033129242264513865,0.09922617396289928,0.07497873088091143,0.0720110414470399,1.01,0.04609693169838539,0.12717259427768224,35.95333333333333,0.12772106012687492,0.18900081377499123,68.15666666666667,0.059591817862361056,0.07198977232795133,83.80666666666666,0.0033333333333333335,0.05237668534650169,0.75,0.012032310566128466,0.09735541622741312,0.11666666666666668,0.0720110414470399,0.0155484658491927,0.49830346409217846
83,106,2011-12-01,5,1,2011-2012,Araraquara,Pinheiros,0,0.3733587011669204,0.08536783358701167,0.23446135633350249,0.053529511246406224,0.12894638931168612,0.03524522239134111,0.09370116692034501,0.04688736681887367,0.05693641129714189,0.8366666666666668,0.02845594452900389,0.09384830035514967,27.886666666666667,0.11723067816675124,0.22620158971757146,51.973333333333336,0.053529511246406224,0.07191188905800779,75.18333333333332,0.005049044478268223,0.026838322340605444,0.48333333333333334,0.015049044478268223,0.09529426686960933,0.16,0.05693641129714189,0.01343142228986978,0.34139776763064433,0.4576388888888889,0.15000000000000002,0.24333333333333335,0.06430555555555556,0.14236111111111113,0.03652777777777778,0.10583333333333333,0.09041666666666667,0.06125,1.51,0.05,0.11208333333333334,44.455,0.12166666666666667,0.2073611111111111,58.655,0.06430555555555556,0.08625000000000001,76.08,0.025694444444444443,0.05263888888888889,0.875,0.01611111111111111,0.09097222222222222,0.165,0.06125,0.017361111111111112,0.5281944444444444
81,66,2011-12-01,5,1,2011-2012,Flamengo,Bauru Basket,1,0.44822657095875423,0.16215632435897512,0.2219787802899409,0.06409146630983821,0.15245619437856933,0.025345180988818203,0.12711101338975112,0.08929373304238078,0.07046744147938457,1.425,0.05405210811965838,0.1076450106907289,48.745,0.11098939014497045,0.18428712643048492,60.364999999999995,0.06409146630983821,0.07771616950694324,77.2375,0.007151248711614537,0.03814088126161291,0.5775,0.006275252525252526,0.0789412656633227,0.0875,0.07046744147938457,0.018291328438650785,0.5234098486334952,0.43333333333333335,0.125,0.25333333333333335,0.055,0.17166666666666663,0.065,0.10666666666666667,0.08333333333333333,0.04666666666666667,2.6,0.041666666666666664,0.10666666666666667,38.67666666666667,0.12666666666666668,0.22666666666666666,57.673333333333325,0.055,0.07333333333333333,75.41666666666667,0.021666666666666667,0.03833333333333334,1.2666666666666666,0.013333333333333334,0.09499999999999999,0.14666666666666667,0.04666666666666667,0.008333333333333333,0.51
86,70,2011-12-01,5,1,2011-2012,Limeira,Paulistano,1,0.4525,0.1875,0.20500000000000002,0.06,0.1575,0.030000000000000002,0.1275,0.0575,0.052500000000000005,1.1099999999999999,0.0625,0.1225,51.335,0.10250000000000001,0.20500000000000002,51.075,0.06,0.0675,89.285,0.0075,0.045,0.855,0.0125,0.065,0.215,0.052500000000000005,0.0225,0.5025,0.41907976355044,0.07882492943234448,0.26520757405166645,0.07504726006642902,0.15386611704789696,0.04753830960677456,0.1063278074411224,0.05253780805314322,0.05379388050401977,1.0675,0.02627497647744816,0.09383369477168833,27.4525,0.13260378702583323,0.22517314556093249,58.87500000000001,0.07504726006642902,0.09381059319575542,79.74749999999999,0.007505570897245215,0.03502159691503891,0.6825,0.012509452013285804,0.11134214367771147,0.1125,0.05379388050401977,0.008758263785712515,0.4403294471171193
66,72,2011-12-03,6,1,2011-2012,Tijuca,Bauru Basket,0,0.37,0.087,0.192,0.091,0.124,0.038,0.086,0.055999999999999994,0.08,0.73,0.029000000000000005,0.097,29.966,0.096,0.186,51.504,0.091,0.11699999999999999,78.136,0.007000000000000001,0.033,0.426,0.012,0.09,0.142,0.08,0.013000000000000001,0.33100000000000007,0.40750000000000003,0.12,0.23,0.0575,0.16124999999999998,0.06125,0.1,0.07,0.04625,2.1175,0.04,0.11125,36.0075,0.115,0.21749999999999997,53.7825,0.0575,0.07875,73.6675,0.01625,0.036250000000000004,1.1175,0.01,0.0875,0.11,0.04625,0.00625,0.44375
86,73,2011-12-03,6,1,2011-2012,Uberlândia,Minas,1,0.463996024157296,0.1252600846580179,0.2543101376513247,0.08442580184795341,0.14568371827126997,0.026241392966655293,0.11944232530461467,0.09046255561896263,0.056705487208603265,1.7280000000000002,0.04175336155267263,0.11472232547112252,35.764,0.12715506882566235,0.22059199124667592,58.88399999999999,0.08442580184795341,0.09968001141358322,82.358,0.01898718340102548,0.04522301608115069,0.8960000000000001,0.0174954451293561,0.08769097458371439,0.24,0.056705487208603265,0.00900185342884336,0.5244951761443388,0.3576007408519798,0.08626726986033939,0.22007483606147069,0.05125863493016969,0.16880037042598992,0.06252446563548081,0.10627590479050908,0.056261513240226255,0.07002014817039595,0.8275,0.02875575662011313,0.08877878310056564,31.822499999999998,0.11003741803073534,0.2238305926815838,49.74249999999999,0.05125863493016969,0.07126151324022625,74.7025,0.0025,0.043761513240226264,0.64,0.022507195775141414,0.10252158732542424,0.22499999999999998,0.07002014817039595,0.00875,0.3850921059218101
95,104,2011-12-03,6,1,2011-2012,Sesi Franca,Brasília,0,0.38,0.08625,0.195,0.09875,0.165,0.04875,0.11624999999999999,0.0775,0.08375,1.02,0.028749999999999998,0.07250000000000001,38.8175,0.0975,0.22874999999999998,42.6975,0.09875,0.12625,78.17,0.005,0.0325,0.44,0.005,0.0975,0.055,0.08375,0.01,0.37374999999999997,0.4312435499084503,0.12246809632136714,0.2415815901903124,0.06719386339677079,0.13426656217055985,0.0323469316983854,0.10191963047217445,0.07373404816068357,0.06900828108527993,1.0499999999999998,0.040822698773789044,0.11787944570826167,33.91,0.1207907950951562,0.18800061033124343,64.63,0.06719386339677079,0.0777423292459635,86.53999999999999,0.00375,0.04428251400987626,0.645,0.014024232924596348,0.10301656217055984,0.13,0.06900828108527993,0.015411349386894525,0.4737275980691339
90,107,2011-12-03,6,1,2011-2012,Araraquara,Paulistano,0,0.3837690258751903,0.09027587519025874,0.23084601725012685,0.06264713343480466,0.12045979198376458,0.027683916793505837,0.09277587519025876,0.05391552511415525,0.05645230847285641,0.9675,0.030091958396752917,0.09163622526636225,31.21,0.11542300862506343,0.2221511922881786,52.075,0.06264713343480466,0.08018391679350584,77.815,0.003786783358701167,0.032628741755454084,0.59,0.011286783358701168,0.107720700152207,0.12,0.05645230847285641,0.012573566717402335,0.35979832572298326,0.405263810840352,0.07505994354587558,0.2581660592413332,0.07203780805314322,0.15509289363831757,0.04303064768541965,0.11206224595289793,0.05003024644251457,0.06603510440321582,0.9239999999999998,0.02501998118195853,0.08606695581735066,29.234,0.1290830296206666,0.220138516448746,58.6,0.07203780805314322,0.09104847455660434,78.79799999999999,0.0070044567177961715,0.03501727753203113,0.606,0.012007561610628643,0.11307371494216918,0.10600000000000001,0.06603510440321582,0.009006611028570012,0.4202635576936954
93,55,2011-12-03,6,1,2011-2012,Flamengo,L. Sorocabana,1,0.4395812567670034,0.1327250594871801,0.24758302423195272,0.05927317304787057,0.15596495550285547,0.027276144791054564,0.12868881071180088,0.08543498643390462,0.06537395318350765,1.452,0.044241686495726705,0.09311600855258313,41.854,0.12379151211597636,0.20142970114438796,61.254,0.05927317304787057,0.07317293560555459,76.336,0.00772099896929163,0.03551270500929033,0.5740000000000001,0.006020202020202021,0.07915301253065817,0.08199999999999999,0.06537395318350765,0.01663306275092063,0.5167278789067961,0.36883844865076815,0.11708213025344882,0.18083092717356433,0.07092539122375503,0.15944284033793174,0.0661567390296938,0.09328610130823799,0.040462695611877514,0.06770773179339108,0.6,0.03902737675114961,0.09685078244751007,39.95666666666667,0.09041546358678217,0.17335454318611201,52.669999999999995,0.07092539122375503,0.10472142016896586,67.36333333333334,0.0033333333333333335,0.0405783695148469,0.6033333333333334,0.006898014472605425,0.09495276797490465,0.08,0.06770773179339108,0.015115673902969381,0.37395412255373756
76,72,2011-12-03,6,1,2011-2012,Joinville,Espírito Santo,1,0.34031388010058294,0.08041620926516711,0.1910678352080152,0.06882983562740061,0.10744350993422112,0.030269690006513552,0.07717381992770755,0.05360561761882395,0.09893893957611383,0.6066666666666667,0.026805403088389034,0.09220317854965134,29.30666666666666,0.0955339176040076,0.17447599916122924,56.26,0.06882983562740061,0.09070747505669326,81.87333333333333,0.010077424898857738,0.038576258996880164,0.42,0.003354635267280565,0.11069108782963481,0.023333333333333334,0.09893893957611383,0.023466607346036214,0.2781374658938984,0.31256097713513786,0.12752439085405515,0.13502764296792916,0.05000894331315355,0.13377113874018112,0.04000650422774804,0.09376463451243308,0.047511382398559066,0.07751382148396457,0.63,0.042508130284685045,0.12002113874018111,35.182500000000005,0.06751382148396458,0.18002520388252363,37.78,0.05000894331315355,0.06751300845549607,75.175,0.0012508130284685046,0.03875894331315355,0.5075000000000001,0.006250813028468505,0.08501626056937009,0.0775,0.07751382148396457,0.015002439085405514,0.25381097713513784
91,80,2011-12-08,7,1,2011-2012,L. Sorocabana,Uberlândia,1,0.3453788364880761,0.10656159769008662,0.16812319538017326,0.07069404341781628,0.1545821302534488,0.06211755427227035,0.09246457598117849,0.03409702170890813,0.06703079884504332,0.5075000000000001,0.03552053256336221,0.10263808683563255,35.175,0.08406159769008663,0.17001590738958403,49.66,0.07069404341781628,0.0985410651267244,72.39750000000001,0.0025,0.03668377713613517,0.5475,0.005173510854454069,0.0962145759811785,0.060000000000000005,0.06703079884504332,0.013836755427227036,0.32796559191530317,0.45833002013108004,0.1268834038816816,0.2519251147094373,0.07952150153996117,0.14473643189272498,0.027701160805546077,0.11703527108717889,0.09621879634913551,0.05725457267383605,1.7866666666666668,0.04229446796056052,0.11226860455926875,37.303333333333335,0.12596255735471865,0.21715999270556327,59.06999999999999,0.07952150153996117,0.09556667617798602,80.85333333333334,0.024155986167521237,0.04268584673429224,0.8300000000000001,0.015412870941130084,0.08640914548642865,0.21,0.05725457267383605,0.008334877857369466,0.522912646786949
92,82,2011-12-08,7,1,2011-2012,Bauru Basket,Sesi Franca,1,0.398,0.12,0.21800000000000003,0.06000000000000001,0.15899999999999997,0.056999999999999995,0.10200000000000001,0.06300000000000001,0.051000000000000004,1.794,0.04,0.10700000000000001,37.694,0.10900000000000001,0.21199999999999997,51.974000000000004,0.06000000000000001,0.083,72.934,0.015,0.034,0.966,0.009,0.08199999999999999,0.10400000000000001,0.051000000000000004,0.008,0.41899999999999993,0.399,0.10499999999999998,0.202,0.092,0.157,0.047,0.10999999999999999,0.079,0.081,1.058,0.034999999999999996,0.08600000000000001,39.626,0.101,0.22799999999999998,44.379999999999995,0.092,0.11400000000000002,82.536,0.004,0.034999999999999996,0.48,0.005,0.10200000000000001,0.052000000000000005,0.081,0.01,0.39399999999999996
54,86,2011-12-08,7,1,2011-2012,Espírito Santo,Pinheiros,0,0.3140487817081103,0.1206861793499108,0.1329110032632322,0.06045159909496729,0.13723913321436712,0.04444964782664288,0.09278948538772425,0.03800910591884725,0.07623327940939388,0.504,0.04022872644997026,0.11290579988103377,35.514,0.0664555016316161,0.17513127421713,38.224000000000004,0.06045159909496729,0.07889929565328575,76.568,0.0010006504227748037,0.035451599094967284,0.4680000000000001,0.00855620597833036,0.09112411956660718,0.092,0.07623327940939388,0.013779729046102187,0.2572710039303325,0.4721217121712171,0.14700270027002701,0.24667186718671869,0.07844714471447145,0.1518926892689269,0.03922322232223222,0.11266946694669469,0.08833493349334934,0.06500160016001601,1.408,0.049000900090009,0.10966866686668668,44.564,0.12333593359335934,0.20889318931893192,59.01800000000001,0.07844714471447145,0.10200330033003299,77.228,0.022555755575557553,0.05111201120112011,0.812,0.015889188918891888,0.08977947794779477,0.168,0.06500160016001601,0.01488898889888989,0.5445677567756776
108,91,2011-12-08,7,1,2011-2012,Coop/São José Basketball,Tijuca,1,0.39367972518921746,0.1353350497106853,0.18309410458842276,0.07525057089010936,0.1504482071214693,0.03510817833002548,0.11534002879144381,0.08530876290916319,0.07017863752312299,1.2225000000000001,0.0451116832368951,0.11905581456138543,36.917500000000004,0.09154705229421138,0.1717753978487601,53.0675,0.07525057089010936,0.09283126652426976,81.82,0.0037757302424302657,0.04517134942983782,0.6599999999999999,0.02005496539173015,0.07645962512585767,0.2675,0.07017863752312299,0.012520751161671772,0.4527312000050955,0.3633663531452205,0.08750900540324195,0.19335334534053764,0.08250400240144086,0.12918217597225,0.04000500300180108,0.08917717297044893,0.058340337535854846,0.07583883663531453,0.82,0.02916966846774732,0.09834383963711561,29.733333333333334,0.09667667267026882,0.19085484624107796,50.67166666666666,0.08250400240144086,0.10583833633513441,78.44666666666667,0.006667166966846775,0.030001500900540323,0.39999999999999997,0.012501500900540327,0.08834133813621504,0.15,0.07583883663531453,0.011667166966846776,0.3308663531452205
97,79,2011-12-08,7,1,2011-2012,Brasília,Araraquara,1,0.4489948399267602,0.12197447705709372,0.24926527215224992,0.07775509071741663,0.1414132497364479,0.03387754535870832,0.10753570437773956,0.07898723852854686,0.07520662486822394,1.0399999999999998,0.040658159019031234,0.11230355656660933,36.016,0.12463263607612496,0.19540048826499473,64.148,0.07775509071741663,0.0881938633967708,87.69399999999999,0.004,0.04242601120790101,0.5860000000000001,0.013219386339677078,0.10241324973644787,0.124,0.07520662486822394,0.01832907950951562,0.49698207845530706,0.3970152207001522,0.09922070015220699,0.2286768138001015,0.06911770674784372,0.11736783358701167,0.029147133434804674,0.08822070015220701,0.062132420091324206,0.06316184677828514,0.986,0.03307356671740234,0.0953089802130898,33.15,0.11433840690005075,0.22072095383054288,51.89200000000001,0.06911770674784372,0.09014713343480467,76.868,0.0050294266869609335,0.03610299340436327,0.584,0.009029426686960934,0.1061765601217656,0.096,0.06316184677828514,0.015058853373921868,0.3688386605783866
65,88,2011-12-08,7,1,2011-2012,Joinville,Flamengo,0,0.3403494180492759,0.083830501257436,0.18361803807782973,0.07290087871401012,0.11418026717718109,0.03390147908039025,0.08027878809679084,0.052523345947173554,0.08428349510003995,0.76,0.027943500419145333,0.08931096474814766,31.702499999999997,0.09180901903891486,0.1801335303031443,52.4225,0.07290087871401012,0.1016282410190352,77.2375,0.008677989831693812,0.04013140582316521,0.5925,0.004755818765561441,0.11213626596853933,0.037500000000000006,0.08428349510003995,0.019839797824628178,0.2892374227640604,0.4438177139725028,0.13310421623931676,0.24965252019329395,0.06106097753989214,0.1583041295857129,0.027730120659212137,0.13057400892650076,0.09202915536158718,0.06114496098625637,1.7316666666666667,0.04436807207977225,0.09509667379381927,42.02166666666667,0.12482626009664698,0.19952475095365663,62.44833333333333,0.06106097753989214,0.0768107796712955,75.89333333333333,0.008100832474409693,0.03959392084107528,0.7283333333333334,0.006683501683501684,0.07846084377554847,0.09000000000000001,0.06114496098625637,0.014694218959100523,0.5381065657556634
96,93,2011-12-08,7,1,2011-2012,Minas,Limeira,1,0.3590805926815838,0.0870138158882715,0.22205986884917656,0.050006907944135745,0.15604029634079192,0.05401957250838465,0.10202072383240726,0.060009210592181006,0.06601611853631675,0.9620000000000001,0.029004605296090502,0.0910230264804525,31.458,0.11102993442458828,0.21906447414526706,51.294,0.050006907944135745,0.069009210592181,74.762,0.003,0.04300921059218101,0.672,0.019005756620113133,0.0990172698603394,0.192,0.06601611853631675,0.01,0.38207368473744807,0.445,0.17500000000000002,0.19333333333333336,0.07666666666666666,0.13333333333333333,0.025000000000000005,0.10833333333333334,0.065,0.04833333333333334,1.4066666666666665,0.05833333333333333,0.12333333333333334,47.55666666666667,0.09666666666666668,0.19166666666666668,51.223333333333336,0.07666666666666666,0.09333333333333334,84.81,0.008333333333333333,0.065,1.4466666666666665,0.011666666666666667,0.08,0.17333333333333334,0.04833333333333334,0.016666666666666666,0.49499999999999994
78,81,2011-12-10,8,1,2011-2012,Espírito Santo,Paulistano,0,0.30670731809009194,0.10557181612492567,0.13575916938602686,0.0653763325791394,0.13436594434530594,0.04204137318886906,0.09232457115643687,0.03584092159903938,0.08352773284116156,0.455,0.03519060537497522,0.10408816656752813,32.373333333333335,0.06787958469301343,0.17010939518094167,40.473333333333336,0.0653763325791394,0.08658274637773812,75.80666666666666,0.0016672086856456697,0.038709665912472734,0.46666666666666673,0.007130171648608633,0.09843676630550598,0.07666666666666666,0.08352773284116156,0.01648310753841849,0.2468925032752771,0.42772808611264884,0.08778590914527638,0.26224550092315374,0.07769667604421872,0.15700362984134938,0.04174726284893839,0.11525636699241099,0.05683344574965684,0.07605921716132989,0.8899999999999998,0.029261969715092123,0.08854643397471225,32.695,0.13112275046157687,0.2170967052944617,60.5,0.07769667604421872,0.09606249374947433,80.24833333333332,0.007519444344188813,0.035069454387781286,0.5516666666666666,0.012529896961228542,0.11441686073744502,0.11,0.07605921716132989,0.01591749458726836,0.44948105909357433
84,86,2011-12-10,8,1,2011-2012,Bauru Basket,Uberlândia,0,0.4083333333333334,0.1175,0.22666666666666668,0.06416666666666668,0.16,0.059166666666666666,0.10083333333333333,0.07,0.049999999999999996,1.8833333333333335,0.03916666666666667,0.10583333333333333,37.245,0.11333333333333334,0.21583333333333332,52.88666666666666,0.06416666666666668,0.08750000000000001,73.65666666666667,0.013333333333333334,0.03833333333333334,1.0266666666666666,0.010833333333333334,0.085,0.12,0.049999999999999996,0.009166666666666667,0.445,0.4499971601123543,0.11947148904144135,0.2559358126080891,0.07458985846282386,0.14191694162233567,0.02802956640475378,0.1138873752175819,0.091758968299259,0.05693249086328805,1.7,0.03982382968048045,0.11194451819365893,35.221428571428575,0.12796790630404456,0.21899427946191136,59.32714285714285,0.07458985846282386,0.08977143672398802,80.99142857142859,0.02570513100073249,0.04015929720082192,0.7757142857142858,0.0153538893781115,0.0904935532740817,0.1985714285714286,0.05693249086328805,0.010001323877745258,0.5039251258173849
70,80,2011-12-10,8,1,2011-2012,L. Sorocabana,Sesi Franca,0,0.3674945713449854,0.11831872398832544,0.17257852423679718,0.07659732311986281,0.1547309412004542,0.05370246109493824,0.10102848010551599,0.03429234830208992,0.06665199652668101,0.514,0.039439574662775145,0.10415676669267679,38.14,0.08628926211839859,0.17709900710216725,48.995999999999995,0.07659732311986281,0.10388546258339175,73.918,0.004004208838560978,0.034357543805310586,0.514,0.004138808683563255,0.09801585358983307,0.048,0.06665199652668101,0.013073613180342608,0.3455471403325231,0.4008333333333334,0.09999999999999998,0.20666666666666667,0.09416666666666668,0.1475,0.045000000000000005,0.1025,0.0775,0.07666666666666667,1.0933333333333335,0.03333333333333333,0.08416666666666667,38.57666666666666,0.10333333333333333,0.2225,46.81166666666667,0.09416666666666668,0.11750000000000001,81.74333333333334,0.0033333333333333335,0.03333333333333333,0.47500000000000003,0.005,0.10166666666666667,0.051666666666666666,0.07666666666666667,0.008333333333333333,0.3941666666666666
83,72,2011-12-10,8,1,2011-2012,Minas,Araraquara,1,0.3704240385805931,0.08363498376302937,0.2191618669775767,0.06762718783998706,0.15376365073263992,0.05169039273733574,0.10207325799530416,0.058906451911726665,0.06465377323336,0.9550000000000001,0.02787832792100979,0.08920068669440749,30.845,0.10958093348878835,0.21295788121671774,52.095,0.06762718783998706,0.09087808706189353,75.265,0.0039831294030404155,0.043998220543539794,0.7016666666666667,0.018804389322841775,0.10253663849132844,0.18499999999999997,0.06465377323336,0.008333333333333333,0.3932927721347477,0.3966793505834602,0.10768391679350582,0.22223067816675124,0.0667647556232031,0.11613986132250971,0.027622611195670558,0.08851725012683918,0.06177701674277017,0.06763487231523761,0.9333333333333332,0.035894638931168614,0.09442415017757483,36.885,0.11111533908337562,0.22393412819211908,49.84,0.0667647556232031,0.09012261119567055,74.24166666666666,0.005024522239134111,0.03591916117030273,0.5516666666666666,0.0075245222391341115,0.10681380010147133,0.08,0.06763487231523761,0.015882377811601556,0.35569888381532216
98,101,2011-12-10,8,1,2011-2012,Coop/São José Basketball,Flamengo,0,0.4238147478933095,0.1475825558975805,0.18276560625138338,0.09346658574434555,0.15060050118104643,0.036151058793052644,0.11444944238799375,0.09848894581120152,0.06521549066365968,1.6440000000000001,0.0491941852991935,0.12649465164910834,37.922000000000004,0.09138280312569169,0.16967838279513708,53.70399999999999,0.09346658574434555,0.11257146483231903,82.824,0.005036713226202277,0.04420159567290251,0.706,0.020076230377900246,0.08435318397165388,0.248,0.06521549066365968,0.01102466544546645,0.49726560516536666,0.44327232626214524,0.13551789963370006,0.24255930302282339,0.06519512360562184,0.1578321110734682,0.028054389136467545,0.12977772193700063,0.09316784745278901,0.05812425227393403,1.8414285714285714,0.04517263321123336,0.09508286325184509,43.537142857142854,0.12127965151141169,0.19673550081741994,61.464285714285715,0.06519512360562184,0.08226638257539613,76.23142857142857,0.007657856406636879,0.03608050357806452,0.6785714285714286,0.006443001443001443,0.08582358037904154,0.08285714285714287,0.05812425227393403,0.014023616250657591,0.5362341992191401
74,72,2011-12-10,8,1,2011-2012,Joinville,Tijuca,1,0.33890520069608326,0.09781470850902382,0.1694446559645188,0.0716458362225406,0.1128694289938974,0.035321265265132205,0.07754816372876519,0.04816873825835385,0.07460186783074947,0.78,0.03260490283634128,0.09297398705067064,34.885999999999996,0.0847223279822594,0.17690715224579548,48.814,0.0716458362225406,0.10487782856758568,73.094,0.00796740211545755,0.03723017590904467,0.616,0.0048296652625516535,0.11533426902739399,0.038000000000000006,0.07460186783074947,0.018946869010010046,0.28161544046627085,0.3764568741244747,0.08786486177420738,0.20287429600617513,0.08571771634409217,0.13287043654764288,0.04357571685868664,0.08929471968895622,0.06143457503073273,0.07357614568741244,0.8928571428571429,0.029288287258069128,0.09643757683181338,30.527142857142856,0.10143714800308756,0.20001843963520965,50.715714285714284,0.08571771634409217,0.10929000257297236,78.77857142857144,0.007857571685868665,0.02857271505760599,0.39,0.011429857914748851,0.09357828983104147,0.13428571428571429,0.07357614568741244,0.010714714543011523,0.3478854455530462
82,76,2011-12-10,8,1,2011-2012,Brasília,Limeira,1,0.4549956999389668,0.11664539754757809,0.25605439346020825,0.08229590893118052,0.15534437478037325,0.03989795446559027,0.11544642031478297,0.08165603210712237,0.07433885405685328,1.0933333333333333,0.03888179918252603,0.11525296380550777,33.85999999999999,0.12802719673010413,0.2011670735541623,63.96333333333334,0.08229590893118052,0.094328219497309,87.07833333333333,0.0075,0.04202167600658418,0.5833333333333334,0.014349488616397565,0.09867770811370656,0.145,0.07433885405685328,0.01777423292459635,0.5124850653794225,0.4370833333333333,0.17458333333333334,0.17611111111111113,0.08638888888888888,0.13111111111111112,0.02430555555555556,0.10680555555555556,0.06763888888888889,0.050694444444444445,1.3824999999999998,0.05819444444444444,0.12361111111111112,47.275000000000006,0.08805555555555557,0.1815277777777778,48.712500000000006,0.08638888888888888,0.10555555555555557,83.92,0.007361111111111112,0.05319444444444445,1.1624999999999999,0.010972222222222223,0.09222222222222222,0.14750000000000002,0.050694444444444445,0.014722222222222222,0.47124999999999995
73,77,2011-12-12,6,1,2011-2012,Limeira,Pinheiros,0,0.4256666666666667,0.1756666666666667,0.16688888888888892,0.08311111111111111,0.1348888888888889,0.02944444444444445,0.10544444444444445,0.0621111111111111,0.05555555555555556,1.212,0.05855555555555555,0.12788888888888889,46.096000000000004,0.08344444444444446,0.17922222222222223,46.61800000000001,0.08311111111111111,0.10344444444444445,81.872,0.00588888888888889,0.04955555555555556,1.0239999999999998,0.01177777777777778,0.09777777777777777,0.14400000000000002,0.05555555555555556,0.012777777777777777,0.44299999999999995,0.46510142680934763,0.14250225022502253,0.23222655598893224,0.09037262059539287,0.1465772410574391,0.03685268526852685,0.10972455578891223,0.08194577791112445,0.06416800013334667,1.3116666666666668,0.0475007500750075,0.10972388905557223,43.196666666666665,0.11611327799446612,0.1965776577657766,59.05833333333334,0.09037262059539287,0.11416941694169418,78.64166666666667,0.02046312964629796,0.0575933426676001,0.9266666666666667,0.01574099076574324,0.09398289828982898,0.16166666666666668,0.06416800013334667,0.016574157415741576,0.5363064639797314
87,78,2011-12-13,1,1,2011-2012,Coop/São José Basketball,Brasília,1,0.4350913604560594,0.14806068892501484,0.1907533512476005,0.0962773202834441,0.15224732503970517,0.03681260917475216,0.115434715864953,0.10046262033915739,0.0660480142023309,1.6316666666666668,0.04935356297500495,0.12380070853741308,39.17666666666667,0.09537667562380026,0.1773398091330255,53.66833333333333,0.0962773202834441,0.11386973456855741,84.29833333333333,0.004197261021835231,0.041013867340257276,0.6483333333333333,0.020073555405187685,0.08701113709439896,0.24,0.0660480142023309,0.011694743772258485,0.5088380210212894,0.44856774280482875,0.11283891218363837,0.24518948010874994,0.09053935051244046,0.15815232124031992,0.04062681811336309,0.11752550312695684,0.07927659894896204,0.0737190177630171,1.0699999999999998,0.037612970727879454,0.11307396897614952,33.308571428571426,0.12259474005437497,0.19814320590356768,61.96857142857143,0.09053935051244046,0.10299561671197914,87.54142857142857,0.007142857142857143,0.042447150862786436,0.5914285714285714,0.01515670452834077,0.10029517838317704,0.15,0.0737190177630171,0.0173779139353683,0.5064157703252193
81,70,2011-12-13,1,1,2011-2012,Joinville,Minas,1,0.3455652425078461,0.09431176558972683,0.1787491049004617,0.07250437201765748,0.12136347562584494,0.03882069395345084,0.08254278167239408,0.04696701974802748,0.06984792829161542,0.7983333333333333,0.03143725519657561,0.09795753614042337,32.54333333333333,0.08937455245023085,0.184114551234934,49.205000000000005,0.07250437201765748,0.10190430010504486,75.61833333333333,0.007492802329472868,0.03699825055701159,0.6433333333333334,0.005731322185309531,0.11403120275458477,0.04833333333333334,0.06984792829161542,0.017495658641524855,0.2961171745164859,0.3767920330690798,0.08668712893973947,0.22642445740935147,0.0636804467199889,0.15322598634226278,0.05002033663200206,0.10320564971026071,0.06120553021005143,0.061846091342879994,1.0571428571428572,0.02889570964657982,0.08931487430949213,31.994285714285713,0.11321222870467573,0.21539246961432948,53.03857142857142,0.0636804467199889,0.08432407462448017,77.21142857142857,0.0041283966311774995,0.039855617608748395,0.6485714285714286,0.01683233370529295,0.10003140442113866,0.16714285714285712,0.061846091342879994,0.009285714285714286,0.40282237611549804
70,68,2011-12-15,9,1,2011-2012,Pinheiros,Brasília,1,0.45372720188164,0.14145463750737672,0.21764600561611677,0.09462655875814652,0.14566266648120202,0.037309453455626265,0.10835321302557577,0.08168211323188461,0.06286811954930518,1.3314285714285714,0.04715154583579223,0.1090678212287526,43.14857142857143,0.10882300280805839,0.19209606496140408,56.24857142857143,0.09462655875814652,0.11716935183595242,80.10571428571428,0.018255005100009374,0.05508715979768906,0.8985714285714287,0.017068176243692668,0.09343000436285358,0.17857142857142858,0.06286811954930518,0.01706713939765155,0.5226270674626912,0.44124677495422515,0.10998404816068356,0.2420407950951562,0.0892219316983854,0.15775828108527992,0.0430484658491927,0.11470981523608723,0.07374202408034179,0.07200414054263996,1.0087499999999998,0.036661349386894526,0.11456472285413083,32.144999999999996,0.1210203975475781,0.2027503051656217,60.073750000000004,0.0892219316983854,0.10074616462298175,88.36375,0.0062499999999999995,0.04026625700493813,0.57,0.013262116462298175,0.10463328108527992,0.13125,0.07200414054263996,0.01645567469344726,0.4831137990345669
76,64,2011-12-15,9,1,2011-2012,Tijuca,Espírito Santo,1,0.37439976485891535,0.08250675405243146,0.20626500900540323,0.08562800180108064,0.1318866319791875,0.04062875225135081,0.0912578797278367,0.05875525315189113,0.0731291274764859,0.8525,0.02750225135081049,0.09188287972783671,29.83625,0.10313250450270162,0.20126613468080845,51.22125,0.08562800180108064,0.10875375225135081,79.05000000000001,0.006875375225135081,0.02937612567540524,0.40375,0.010626125675405246,0.09375600360216128,0.12375,0.0731291274764859,0.011250375225135082,0.3462747648589154,0.3186062726486502,0.10977584239279344,0.14207928804516587,0.06675114221069092,0.13159938086740508,0.04032117701903063,0.09127820384837446,0.042149361370605175,0.07945234243528135,0.5971428571428571,0.036591947464264474,0.10564699991502412,33.33857142857143,0.07103964402258293,0.17009376729794998,42.25428571428571,0.06675114221069092,0.0884994968952041,75.69142857142856,0.0021433217305534312,0.03889399935354806,0.5042857142857143,0.008254432841664543,0.10366008540471941,0.08142857142857142,0.07945234243528135,0.014842663604358706,0.27019357423595175
91,87,2011-12-15,9,1,2011-2012,Sesi Franca,Joinville,1,0.40071428571428575,0.09857142857142855,0.21142857142857144,0.09071428571428572,0.14285714285714285,0.04071428571428572,0.10214285714285713,0.07142857142857142,0.07785714285714286,0.9957142857142858,0.032857142857142856,0.08285714285714285,38.779999999999994,0.10571428571428572,0.215,50.20857142857143,0.09071428571428572,0.1142857142857143,80.59142857142858,0.005714285714285714,0.03071428571428571,0.4328571428571429,0.0064285714285714285,0.105,0.06142857142857143,0.07785714285714286,0.011428571428571429,0.3914285714285714,0.3549012375484692,0.09605781206392171,0.17930349993323433,0.07953992555131309,0.1272169308703903,0.0412468193070395,0.08597011156335077,0.05040354939441316,0.06566742647630115,0.9342857142857143,0.032019270687973896,0.09700859312963932,33.449999999999996,0.08965174996661716,0.18535189734793972,48.94285714285714,0.07953992555131309,0.10836347244625366,76.63857142857144,0.008596567117284721,0.034611673019182485,0.6228571428571429,0.004912561873122455,0.11658379531097988,0.04142857142857143,0.06566742647630115,0.015721000542457297,0.31686550951134784
88,83,2011-12-15,9,1,2011-2012,Paulistano,Minas,1,0.42816440552082735,0.08436215116092258,0.25669165956153167,0.08711059479837312,0.15356846940413274,0.04034191124586146,0.11322655815827128,0.054032682342367744,0.07658997243378272,0.8299999999999998,0.028120717053640856,0.0872933011309676,31.83428571428572,0.12834582978076584,0.21267439160856233,60.42857142857143,0.08711059479837312,0.10893078171285885,79.80428571428571,0.007964752372514216,0.03689734696682679,0.5585714285714285,0.013019183225867315,0.11478625291311471,0.1142857142857143,0.07658997243378272,0.016682595515506205,0.4437707822066302,0.37344302893544484,0.08147623782227204,0.22437140023318253,0.0675953908799903,0.14719773804947994,0.0481427945530018,0.09905494349647812,0.058554838933795,0.060990329925019994,1.01625,0.027158745940757345,0.0875255150208056,30.494999999999997,0.11218570011659126,0.2122184109125383,53.31625,0.0675953908799903,0.09003356529642015,76.69500000000001,0.0036123470522803117,0.03674866540765485,0.6012500000000001,0.015353291992131332,0.10252747886849632,0.15125,0.060990329925019994,0.01125,0.38746957910106083
97,94,2011-12-15,9,1,2011-2012,Uberlândia,Coop/São José Basketball,1,0.44749751509831004,0.1251625529112612,0.24519383603207795,0.07714112615497087,0.1404273239195437,0.027650870604159557,0.11277645331538416,0.08778909726185163,0.05544092950537704,1.65375,0.041720850970420394,0.11232645341945156,36.7975,0.12259691801603897,0.21599499452917245,57.36,0.07714112615497087,0.09292500713348952,81.19375000000001,0.024366989625640927,0.03888938505071918,0.7625000000000001,0.013434653205847562,0.09230685911482149,0.17375000000000002,0.05544092950537704,0.0100011583930271,0.49280948509021183,0.4350783089623366,0.1461948762214413,0.19064572964080043,0.09823770310009494,0.1626405643197473,0.04298223643550186,0.11965832788424544,0.09968224600499205,0.06661258360199793,1.592857142857143,0.048731625407147094,0.12611489303206835,38.17142857142857,0.09532286482040021,0.17914840782830757,53.144285714285715,0.09823770310009494,0.11545977248733492,84.82714285714285,0.005026223733001627,0.038011886291649095,0.5971428571428571,0.021491618918732303,0.09172383179519912,0.2414285714285714,0.06661258360199793,0.010024066090507272,0.5118611608753909
69,75,2011-12-15,9,1,2011-2012,Limeira,Bauru Basket,0,0.4155555555555555,0.15888888888888889,0.17574074074074075,0.08092592592592592,0.1390740740740741,0.032870370370370376,0.1062037037037037,0.06175925925925926,0.056296296296296296,1.1766666666666665,0.05296296296296296,0.12490740740740741,42.20166666666667,0.08787037037037038,0.1826851851851852,48.01500000000001,0.08092592592592592,0.0987037037037037,83.78166666666667,0.007407407407407408,0.0437962962962963,0.8949999999999999,0.01064814814814815,0.10231481481481482,0.12666666666666668,0.056296296296296296,0.010648148148148148,0.43,0.41000000000000003,0.10928571428571428,0.2285714285714286,0.07214285714285716,0.16285714285714284,0.05928571428571428,0.10357142857142856,0.0692857142857143,0.048571428571428564,1.8471428571428572,0.03642857142857143,0.11142857142857143,33.894285714285715,0.1142857142857143,0.21142857142857144,54.597142857142856,0.07214285714285716,0.095,75.37857142857142,0.013571428571428571,0.03571428571428571,0.9514285714285714,0.012142857142857144,0.09,0.12714285714285714,0.048571428571428564,0.009285714285714286,0.44642857142857145
72,78,2011-12-15,9,1,2011-2012,Araraquara,L. Sorocabana,0,0.39143944335725156,0.10087192868014785,0.2204834384286439,0.0700840762484598,0.11811988113357975,0.030105095310574766,0.08801478582300501,0.06223744292237443,0.06511560484163223,0.9857142857142857,0.03362397622671595,0.09164927158077842,35.425714285714285,0.11024171921432195,0.22408639559324492,49.38714285714286,0.0700840762484598,0.09439080959628905,74.35000000000001,0.004306733347829239,0.03364499528883091,0.53,0.007163876204972095,0.10155468580126113,0.07857142857142858,0.06511560484163223,0.016470609552801337,0.3513133289845619,0.3645788094541545,0.12109893665693787,0.16214877019733098,0.08133110259988567,0.15144245100037848,0.05475205091244853,0.09669040008792999,0.036910290251741605,0.06970999710556751,0.5266666666666667,0.04036631221897929,0.112630638910564,36.62166666666666,0.08107438509866549,0.16924917258513938,47.88166666666666,0.08133110259988567,0.10740455215282646,75.59833333333334,0.004170174032134149,0.03363128650442549,0.48666666666666664,0.00511567390296938,0.09834654465819422,0.05666666666666667,0.06970999710556751,0.010894677650285506,0.3354559502771026
76,87,2011-12-17,10,1,2011-2012,Sesi Franca,Coop/São José Basketball,0,0.4011805555555556,0.09791666666666665,0.20944444444444443,0.09381944444444444,0.14277777777777778,0.04173611111111111,0.10104166666666667,0.07083333333333333,0.07312500000000001,1.08,0.032638888888888884,0.08361111111111111,38.3075,0.10472222222222222,0.21256944444444442,50.182500000000005,0.09381944444444444,0.11833333333333335,80.36625000000001,0.005555555555555556,0.02909722222222222,0.43375,0.007291666666666667,0.10798611111111112,0.06625,0.07312500000000001,0.011111111111111112,0.3947222222222222,0.439685386995323,0.13545139328779668,0.20070395810886033,0.10353003559866601,0.16113768526486777,0.042002468227584855,0.11913521703728289,0.09851828014542136,0.06330659504777188,1.675,0.045150464429265555,0.12290199239311905,35.9,0.10035197905443016,0.18374049797839648,54.35,0.10353003559866601,0.12048206546100988,85.51374999999999,0.005025518815879385,0.03639826575270777,0.60125,0.02006031265289669,0.09092709466234958,0.22625,0.06330659504777188,0.008771057829193863,0.514401259013281
103,41,2011-12-17,10,1,2011-2012,Flamengo,Espírito Santo,1,0.4509882854793771,0.13920316217948756,0.24848939014497046,0.06329573315491911,0.15497809718928468,0.028922590494409102,0.12605550669487556,0.09839686652119038,0.058983720739692276,1.87125,0.04640105405982919,0.09507250534536445,45.33125,0.12424469507248523,0.20089356321524246,61.66125,0.06329573315491911,0.08260808475347162,74.055,0.007325624355807268,0.032820440630806455,0.6125,0.006262626262626262,0.08572063283166134,0.08000000000000002,0.058983720739692276,0.013520664219325391,0.5398299243167475,0.3187804885675689,0.11667886209369425,0.13806937703952016,0.06403224943435455,0.12577445825897945,0.0377810298916518,0.08799342836732765,0.041255691199279534,0.08452079963087118,0.55875,0.038892954031231414,0.1080661249256461,34.67125,0.06903468851976008,0.16133204638570625,43.8475,0.06403224943435455,0.0849370597833036,75.60499999999999,0.0025004065142342526,0.03840724943435456,0.47750000000000004,0.010347628736456475,0.10757757472912949,0.095,0.08452079963087118,0.017987330653813867,0.2676693774564578
120,93,2011-12-17,10,1,2011-2012,Paulistano,Brasília,1,0.42969890988577897,0.0944625279114529,0.24587647338761145,0.08935990858671461,0.1531411794973849,0.043432305473261906,0.109708874024123,0.05603735580833054,0.07765186151519551,0.8287499999999999,0.03148750930381763,0.09077102787898604,33.83375,0.12293823669380573,0.20861261518001456,58.7775,0.08935990858671461,0.11283195151626901,79.20375,0.008846035202826815,0.038541434852229696,0.5625,0.012643036573885151,0.11295048381148788,0.1125,0.07765186151519551,0.019602276081072935,0.44398011511148205,0.43008612018963027,0.11614011651604021,0.2296258422641497,0.08432016140944036,0.16027669389708438,0.0432770806546024,0.11699961324248198,0.0716739718995221,0.0734703716510375,0.9688888888888888,0.038713372172013406,0.11520004967711778,33.66555555555555,0.11481292113207485,0.19692841907236003,58.21333333333334,0.08432016140944036,0.09734824494104946,85.68888888888888,0.005555555555555555,0.03913341356719538,0.5455555555555555,0.012345412152880847,0.10525837306535203,0.12222222222222223,0.0734703716510375,0.01796845151253683,0.4684149810782768
83,76,2011-12-17,10,1,2011-2012,Uberlândia,Joinville,1,0.4516644578651645,0.12792226925445438,0.2468389653618471,0.07690322324886299,0.1398242879284833,0.02902299609258627,0.11080129183589703,0.08859030867720145,0.05539193733811292,1.6622222222222223,0.04264075641815146,0.11317906970617916,37.33888888888889,0.12341948268092355,0.21699555069259774,57.406666666666666,0.07690322324886299,0.09204445078532401,81.97666666666667,0.022770657445014157,0.03845723115619483,0.7488888888888889,0.01416413618297561,0.09316165254650799,0.17666666666666667,0.05539193733811292,0.010001029682690754,0.49805287563574385,0.3588719161882439,0.09238391888926482,0.1824461179971356,0.0840418793018434,0.12909259228936928,0.042202078004770674,0.0868905142845986,0.051325327942333736,0.06190344261120795,1.02125,0.030794639629754938,0.09210474121065663,34.076249999999995,0.0912230589985678,0.18829402129055836,48.9425,0.0840418793018434,0.11704026061269418,75.18375,0.007521996227624131,0.03417410278067356,0.655,0.0054096027500932595,0.11867748756377407,0.045000000000000005,0.06190344261120795,0.01597809769687236,0.3255906541557627
97,90,2011-12-17,10,1,2011-2012,Pinheiros,Minas,1,0.440761301646435,0.13127280781895462,0.21919025491410218,0.09029823891337821,0.1449548331710518,0.040145771773672984,0.10480906139737879,0.08084684907789903,0.06125960460564204,1.3525,0.043757602606318204,0.10730934357515852,40.386250000000004,0.10959512745705109,0.19745905684122855,55.335,0.09029823891337821,0.11502318285645836,77.5925,0.0159731294625082,0.05382626482297792,0.8987500000000002,0.015559654213231085,0.09237625381749688,0.16375,0.06125960460564204,0.015558746972945106,0.4985486840298548,0.37809046188167805,0.08910082955493298,0.21945425310721386,0.06953537921953118,0.145852190163382,0.04668501346901473,0.09916717669436725,0.06038749924205225,0.06533196463084893,0.9866666666666668,0.029700276518310992,0.08780696202401968,33.28,0.10972712655360693,0.20920751283484945,52.797777777777775,0.06953537921953118,0.09114817384987128,77.61777777777779,0.0048787258622071715,0.03544506487006765,0.5622222222222223,0.014759204462755408,0.10670121001516035,0.14222222222222222,0.06533196463084893,0.013335501409249346,0.3900025895717951
81,92,2011-12-17,10,1,2011-2012,Araraquara,Bauru Basket,0,0.3875095129375951,0.09201293759512938,0.22792300862506343,0.06757356671740233,0.12335489599188229,0.03071695839675292,0.09263793759512938,0.06445776255707762,0.0651011542364282,1.0162499999999999,0.03067097919837646,0.08894311263318111,32.783750000000005,0.11396150431253171,0.2254505961440893,50.660000000000004,0.06757356671740233,0.09259195839675291,72.86875,0.0043933916793505836,0.03506437087772704,0.55,0.010643391679350585,0.10823535007610349,0.0975,0.0651011542364282,0.01503678335870117,0.3611491628614917,0.405625,0.10874999999999999,0.2225,0.07437500000000001,0.166875,0.058124999999999996,0.10875,0.068125,0.048749999999999995,1.7662499999999999,0.036250000000000004,0.1075,35.12625,0.11125,0.211875,53.005,0.07437500000000001,0.0975,75.73875,0.011875,0.034375,0.895,0.0125,0.089375,0.13375,0.048749999999999995,0.01,0.44375
107,77,2011-12-17,10,1,2011-2012,Limeira,L. Sorocabana,1,0.40547619047619043,0.1554761904761905,0.1734920634920635,0.07650793650793651,0.13920634920634922,0.0346031746031746,0.1046031746031746,0.06365079365079365,0.053253968253968255,1.3142857142857143,0.05182539682539682,0.12420634920634921,41.53000000000001,0.08674603174603175,0.18230158730158733,47.50428571428572,0.07650793650793651,0.09531746031746031,81.33714285714287,0.007063492063492063,0.04182539682539683,0.8899999999999999,0.009841269841269843,0.10198412698412698,0.11571428571428574,0.053253968253968255,0.009126984126984126,0.42,0.36821040810356104,0.11665623142023245,0.16898466016914085,0.08256951651418772,0.15480781514318157,0.0562160436392416,0.09859177150393998,0.03592310593006424,0.0676085689476293,0.53,0.03888541047341081,0.10868340478048343,36.43142857142857,0.08449233008457042,0.17792786221583376,47.56285714285713,0.08256951651418772,0.11206104470242269,73.98285714285714,0.003574434884686413,0.03596967414665042,0.5471428571428572,0.005099149059688039,0.10215418113559505,0.054285714285714284,0.0676085689476293,0.010052580843101863,0.33967652880894506
89,87,2012-02-16,4,2,2011-2012,Sesi Franca,Pinheiros,1,0.39882716049382716,0.09870370370370368,0.20728395061728394,0.0928395061728395,0.14080246913580247,0.04154320987654321,0.09925925925925926,0.07185185185185185,0.07277777777777777,1.086666666666667,0.032901234567901234,0.08820987654320987,37.16222222222222,0.10364197530864197,0.2100617283950617,50.162222222222226,0.0928395061728395,0.11740740740740743,80.02222222222223,0.006049382716049383,0.03141975308641975,0.46444444444444444,0.00925925925925926,0.109320987654321,0.08222222222222222,0.07277777777777777,0.012098765432098766,0.3930864197530864,0.44567671257460895,0.1216869402835152,0.2326135599236464,0.0913762123674473,0.1410709628187127,0.03901846379882043,0.10205249901989226,0.08353053251368803,0.05945298187168181,1.4611111111111112,0.040562313427838406,0.10316386095569646,38.28,0.1163067799618232,0.20051916163664762,57.58222222222222,0.0913762123674473,0.11835394031685187,76.63444444444445,0.017531670633340622,0.055067790953758154,0.958888888888889,0.015497470411760965,0.09155667005999722,0.16555555555555557,0.05945298187168181,0.014385552864840093,0.5075988302487597
78,63,2012-02-16,11,2,2011-2012,Paulistano,Bauru Basket,1,0.44862125323180346,0.1006333581435137,0.24300130967787684,0.10498658541041299,0.15056993733100882,0.04360649375401058,0.10696344357699822,0.058144316274071586,0.07346832134684046,0.9455555555555554,0.033544452714504555,0.09401869144798759,34.70444444444445,0.12150065483893842,0.20987788016001294,57.80222222222223,0.10498658541041299,0.12862840134779466,80.42555555555556,0.007863142402512725,0.038703497646426395,0.6111111111111112,0.011238254732342357,0.11928931894354479,0.1,0.07346832134684046,0.01909091207206483,0.4613156578768729,0.4116666666666667,0.11499999999999999,0.2222222222222222,0.07444444444444445,0.1688888888888889,0.05722222222222222,0.11166666666666665,0.06611111111111112,0.051666666666666666,1.6444444444444444,0.03833333333333334,0.11055555555555556,35.75,0.1111111111111111,0.20833333333333334,53.90555555555556,0.07444444444444445,0.09722222222222222,76.09555555555556,0.011111111111111112,0.035,0.8544444444444445,0.013888888888888888,0.09,0.14777777777777779,0.051666666666666666,0.011111111111111112,0.4516666666666666
78,89,2012-02-23,7,2,2011-2012,Tijuca,Coop/São José Basketball,0,0.3750220132079247,0.07333933693549463,0.21556889689369177,0.08611377937873835,0.1311214506481667,0.040003335334534054,0.09111811531363262,0.05833800280168101,0.07167033553465413,0.86,0.02444644564516488,0.08722922642474375,26.52111111111111,0.10778444844684588,0.2022365641607186,53.20222222222222,0.08611377937873835,0.11167000200120072,77.67444444444445,0.007222555755675628,0.032223222822582435,0.46111111111111114,0.01000100060036022,0.09500533653525448,0.11555555555555556,0.07167033553465413,0.011111444644564518,0.352244235430147,0.4391647884402871,0.13206790514470815,0.20062574054120919,0.1064711427543698,0.16212238690210468,0.042891082868964314,0.11923130403314033,0.09701624901815231,0.06627252893135277,1.5933333333333333,0.04402263504823605,0.12257954879388361,35.15222222222222,0.10031287027060459,0.18221377598079685,54.846666666666664,0.1064711427543698,0.12209516929867546,86.71222222222221,0.004467127836337232,0.03513179178018469,0.5655555555555556,0.018942500135908168,0.09193519525542185,0.21222222222222223,0.06627252893135277,0.00946316251483899,0.5100233413451387
64,53,2012-02-23,7,2,2011-2012,Uberlândia,L. Sorocabana,1,0.4479980120786481,0.12563004232900893,0.24315506882566237,0.07921290092397669,0.14084185913563496,0.029120696483327647,0.11172116265230732,0.0862312778094813,0.056352743604301626,1.596,0.041876680776336314,0.11286116273556127,36.787,0.12157753441283119,0.21129599562333795,58.229,0.07921290092397669,0.0963400057067916,81.186,0.022493591700512742,0.03711150804057535,0.712,0.01574772256467805,0.09534548729185718,0.185,0.056352743604301626,0.01100092671442168,0.49374758807216945,0.37030910709061593,0.11519920249270339,0.16786157764799822,0.08724832694991425,0.15108183825028387,0.0573140381843364,0.09376780006594748,0.038307717688806205,0.06728249782917564,0.57,0.038399734164234464,0.109472979182923,35.68125,0.08393078882399911,0.17881187943885454,47.022499999999994,0.08724832694991425,0.11742841411461985,74.4125,0.0031276305241006116,0.03522346487831912,0.53625,0.005086755427227034,0.10375990849364566,0.0525,0.06728249782917564,0.01192100823771413,0.33659196270782693
86,80,2012-02-23,7,2,2011-2012,Limeira,Minas,1,0.42166666666666663,0.16604166666666667,0.17555555555555555,0.08006944444444444,0.13930555555555557,0.03777777777777778,0.10152777777777777,0.07069444444444445,0.05534722222222222,1.36375,0.05534722222222222,0.12743055555555555,43.005,0.08777777777777777,0.1795138888888889,48.98875,0.08006944444444444,0.09840277777777777,82.1075,0.008055555555555555,0.04034722222222223,0.8324999999999999,0.010486111111111113,0.10423611111111111,0.11750000000000002,0.05534722222222222,0.008611111111111111,0.445,0.38528141569351027,0.09069074659943968,0.22050882779649247,0.07408184129757807,0.1447669711470438,0.048016512122113254,0.09675045902493053,0.06084874931784703,0.06579876816776405,0.9810000000000001,0.030230248866479893,0.09002626582161771,33.134,0.11025441389824624,0.2067867615513645,53.733999999999995,0.07408184129757807,0.09503335646488416,78.70200000000001,0.004890853275986455,0.034400558383060886,0.542,0.01378328401647987,0.1080310890136443,0.132,0.06579876816776405,0.01250195126832441,0.39600233061461565
85,67,2012-02-23,7,2,2011-2012,Pinheiros,Espírito Santo,1,0.444609041317148,0.12751824625516367,0.23135220393128178,0.08573859113070256,0.14196386653684143,0.03761661741893839,0.10434724911790302,0.08367747926231922,0.061007683684513626,1.4280000000000002,0.04250608208505456,0.10484747486012683,39.452000000000005,0.11567610196564089,0.19696724547298286,58.491,0.08573859113070256,0.11251854628516669,74.804,0.016778503570006563,0.051561011858382334,0.89,0.01644772337058487,0.0914010030539975,0.177,0.061007683684513626,0.014946997578356084,0.5113389472238838,0.30613821206006125,0.10704787741661712,0.13717277959068458,0.06191755505275961,0.12402174067464841,0.03802758212591271,0.0859941585487357,0.03944950328824848,0.08457404411632993,0.5288888888888889,0.035682625805539034,0.10605877771168543,32.053333333333335,0.06858638979534229,0.16562848567618332,42.586666666666666,0.06191755505275961,0.08327738647404764,74.34777777777776,0.0022225835682082246,0.035806443941648496,0.4444444444444444,0.009753447765739089,0.10506895531478176,0.09111111111111111,0.08457404411632993,0.020433182803390106,0.24181722440574027
66,105,2012-02-23,7,2,2011-2012,Araraquara,Brasília,0,0.3895250157735888,0.09681331632387569,0.22485606464678,0.06785563480293313,0.12300349729192955,0.028973300626173537,0.09403019666575603,0.06675536871170433,0.06454504308195327,1.061111111111111,0.03227110544129189,0.08907657020385329,34.69666666666667,0.11242803232339,0.2226583646636919,50.58666666666667,0.06785563480293313,0.09231998866036156,73.41444444444444,0.0039052370483116296,0.03395055901382005,0.5355555555555556,0.010573684341758923,0.10678167157761906,0.09888888888888889,0.06454504308195327,0.015035367259016422,0.36776293109055674,0.43357750817066726,0.11502610486443618,0.22766325803773474,0.09088814526849633,0.16324902450737594,0.04544937258914216,0.11779965191823379,0.07100657470956988,0.07362333448593375,0.9589999999999999,0.03834203495481207,0.113680044709406,33.79899999999999,0.11383162901886737,0.19723557716512402,57.64200000000001,0.09088814526849633,0.10711342044694452,84.81199999999998,0.006500000000000001,0.03672007221047584,0.5109999999999999,0.01261087093759276,0.11273253575881684,0.11800000000000002,0.07362333448593375,0.016671606361283144,0.4685734829704491
97,83,2012-02-23,7,2,2011-2012,Flamengo,Joinville,1,0.4581006982038907,0.13706947749287782,0.2542127912399737,0.0668184294710392,0.15720275305714193,0.02793119155058587,0.12927156150655605,0.10024165912994701,0.059096640657504244,1.8766666666666667,0.04568982583095928,0.0939533380847684,45.52333333333333,0.12710639561998685,0.2002387228579933,63.35666666666667,0.0668184294710392,0.08565163089197476,75.42222222222223,0.006511666094050905,0.03250705833849463,0.6000000000000001,0.0072334455667789005,0.08341834029481007,0.09666666666666668,0.059096640657504244,0.01257392375051146,0.5559599327259979,0.36121948105621676,0.08711903901267985,0.1855076604418983,0.08859278160163858,0.1308600820349949,0.04362406933757393,0.08723601269742097,0.05006695817096332,0.058358615654407066,1.0555555555555556,0.029039679670893277,0.08742643663169479,33.62333333333333,0.09275383022094914,0.19348357448049633,48.46888888888889,0.08859278160163858,0.12125800943350594,75.7911111111111,0.007241774424554783,0.03315475802726539,0.6744444444444445,0.004808535777860675,0.11660221116779917,0.04000000000000001,0.058358615654407066,0.015313864619442098,0.329969470360678
78,55,2012-02-25,8,2,2011-2012,Paulistano,Espírito Santo,1,0.4427591279086231,0.11007002232916233,0.23570117871008917,0.09698792686937169,0.15351294359790793,0.04224584437860952,0.11126709921929838,0.061329884646664425,0.07162148921215641,1.015,0.036690007443054104,0.10111682230318883,35.173,0.11785058935504458,0.20189009214401166,58.56,0.09698792686937169,0.11976556121301521,78.63300000000001,0.007576828162261452,0.037333147881783754,0.595,0.011614429259108121,0.1178603870491903,0.10400000000000001,0.07162148921215641,0.01818182086485835,0.4661840920891856,0.30902439085405514,0.1053430896749554,0.1414555016316161,0.06222579954748364,0.12461956660718357,0.03922482391332144,0.08539474269386213,0.04000455295942363,0.08561663970469693,0.5229999999999999,0.03511436322498514,0.10545289994051688,31.848000000000003,0.07072775081580805,0.168565637108565,42.943,0.06222579954748364,0.08394964782664288,74.13499999999999,0.0025003252113874022,0.036225799547483645,0.442,0.00927810298916518,0.10706205978330359,0.08600000000000001,0.08561663970469693,0.020389864523051093,0.24813550196516626
91,89,2012-02-25,8,2,2011-2012,Tijuca,Joinville,1,0.3765198118871323,0.07350540324194517,0.2150120072043226,0.0880024014408645,0.13150930558335,0.03900300180108065,0.09250630378226934,0.05500420252151291,0.06950330198118873,0.8240000000000001,0.02450180108064839,0.08750630378226937,26.647000000000002,0.1075060036021613,0.20551290774464676,52.35,0.0880024014408645,0.11500300180108065,77.148,0.006500300180108065,0.03400090054032419,0.515,0.009500900540324198,0.10050480288172903,0.10700000000000001,0.06950330198118873,0.011500300180108065,0.35451981188713233,0.3665975329505951,0.08140713511141187,0.19895689439770847,0.08623350344147471,0.13127407383149542,0.042261662403816534,0.08901241142767888,0.05056026235386699,0.057522754088966364,1.06,0.02713571170380395,0.08518379296852532,31.798999999999996,0.09947844719885424,0.1996352170324467,49.897000000000006,0.08623350344147471,0.11963220849015535,74.402,0.009517596982099304,0.03183928222453885,0.647,0.005327682200074608,0.11544199005101925,0.046000000000000006,0.057522754088966364,0.014282478157497887,0.3409725233246102
96,80,2012-02-25,8,2,2011-2012,Uberlândia,Bauru Basket,1,0.43636182916240734,0.12920912939000814,0.2328682443869658,0.07428445538543337,0.14258350830512267,0.029655178621206955,0.11292832968391574,0.08475570709952845,0.05850249418572875,1.530909090909091,0.04306970979666938,0.11669196612323751,36.66818181818182,0.1164341221934829,0.20617817783939812,56.74818181818182,0.07428445538543337,0.09076364155162873,80.29909090909092,0.02090326518228431,0.03828318912779577,0.7045454545454546,0.01749792960425277,0.09349589753805199,0.21090909090909093,0.05850249418572875,0.010909933376746981,0.48295235279288135,0.402,0.11099999999999999,0.217,0.074,0.1675,0.05650000000000001,0.11099999999999999,0.06350000000000001,0.051000000000000004,1.569,0.037000000000000005,0.10700000000000001,35.507999999999996,0.1085,0.21150000000000002,52.057,0.074,0.0965,76.264,0.01,0.034,0.825,0.013000000000000001,0.0875,0.14100000000000001,0.051000000000000004,0.0115,0.43699999999999994
81,83,2012-02-25,8,2,2011-2012,Araraquara,Minas,0,0.38362539881161456,0.09464400392225734,0.22039930433594818,0.06858209055340905,0.11971757063965968,0.02958157953791516,0.09013599110174453,0.06659024850720055,0.06560255800452718,1.0419999999999998,0.03154800130741912,0.09268894523475,33.227000000000004,0.11019965216797409,0.21741977178706628,50.822,0.06858209055340905,0.09210241287124847,74.406,0.005017117189634312,0.03356031080474574,0.522,0.010017117189634312,0.10662033134293407,0.094,0.06560255800452718,0.014533433097217344,0.35853070849432156,0.3866194688122821,0.0933552241813088,0.21864438890590226,0.07461985572507096,0.14251542831549438,0.04683319283828478,0.09568223547720957,0.06349886301622457,0.0666352437888764,1.000909090909091,0.031118408060436264,0.09047842347419792,33.949999999999996,0.10932219445295113,0.20571523777396772,53.51090909090908,0.07461985572507096,0.09412123314989468,80.10363636363637,0.004900775705442231,0.03354596216641899,0.5227272727272728,0.014348440014981699,0.10593735364876755,0.14181818181818182,0.0666352437888764,0.013638137516658554,0.40136575510419603
79,85,2012-02-25,8,2,2011-2012,Flamengo,Coop/São José Basketball,0,0.46079062838350165,0.13236252974359003,0.26179151211597634,0.0666365865239353,0.15598247775142776,0.027638072395527284,0.12834440535590047,0.0987174932169523,0.05818697659175383,1.859,0.04412084324786335,0.09205800427629154,44.971,0.13089575605798817,0.204214850572194,63.896,0.0666365865239353,0.08758646780277729,74.07000000000001,0.006360499484645815,0.03275635250464517,0.6100000000000001,0.00751010101010101,0.08507650626532906,0.097,0.05818697659175383,0.013816531375460314,0.5618639394533981,0.4397483095962584,0.13086111463023734,0.20056316648708825,0.10832402847893281,0.1639101482118942,0.04160197458206788,0.1223081736298263,0.09731462411633708,0.06864527603821749,1.545,0.043620371543412445,0.12232159391449526,34.97,0.10028158324354412,0.1794923983827172,55.814,0.10832402847893281,0.12688565236880792,85.39399999999998,0.004520415052703508,0.03311861260216622,0.526,0.01854825012231735,0.09374167572987965,0.20500000000000002,0.06864527603821749,0.01001684626335509,0.5135210072106248
77,83,2012-02-25,8,2,2011-2012,Limeira,Brasília,0,0.4225925925925926,0.16092592592592592,0.18493827160493825,0.0767283950617284,0.14327160493827162,0.04135802469135803,0.10191358024691358,0.0728395061728395,0.05530864197530864,1.3944444444444446,0.053641975308641975,0.1232716049382716,43.16444444444445,0.09246913580246913,0.1867901234567901,49.44111111111111,0.0767283950617284,0.09413580246913579,82.24333333333334,0.00882716049382716,0.03864197530864198,0.7899999999999999,0.010987654320987656,0.10098765432098765,0.12666666666666668,0.05530864197530864,0.008209876543209878,0.45333333333333337,0.4415922011037686,0.11676568539341742,0.23497337404898525,0.08985314166136595,0.16557364735001426,0.0449313889714957,0.12064225837851858,0.07358587537120695,0.07460958132261622,0.9790909090909089,0.038921895131139146,0.11192821681656899,35.03272727272727,0.11748668702449262,0.19963256873848093,58.66454545454546,0.08985314166136595,0.10686200277785471,84.0281818181818,0.0072642574816487865,0.03744738354537894,0.5127272727272727,0.013271316888494832,0.11016340066160084,0.12909090909090912,0.07460958132261622,0.016511172355542555,0.4883135559471615
98,108,2012-02-29,9,2,2011-2012,Espírito Santo,Tijuca,0,0.3059312644127774,0.10122099061359582,0.1404140923923783,0.06429618140680331,0.1282905150974396,0.039295294466655854,0.08899522063078374,0.04045868450856693,0.0864696724588154,0.5181818181818181,0.03374033020453194,0.1054117272186517,30.684545454545457,0.07020704619618914,0.16960512464415,42.32181818181818,0.06429618140680331,0.08495422529694807,75.5290909090909,0.0027275683739885477,0.03611436322498513,0.4354545454545455,0.00979827544469562,0.10596550889391235,0.09272727272727273,0.0864696724588154,0.02035442229368281,0.2492140926956057,0.3836543744428475,0.08045945749267742,0.21364727927665692,0.08954763767351319,0.13364482325759092,0.03954818345552786,0.09409663980206305,0.05409472956501174,0.07091209271017157,0.7972727272727272,0.02681981916422581,0.09273300343842669,27.359090909090913,0.10682363963832846,0.2013753706769516,53.27272727272727,0.08954763767351319,0.11954818345552787,75.92,0.005909363800098241,0.035455364127567446,0.5218181818181818,0.00909172776393109,0.10364072989248094,0.10090909090909092,0.07091209271017157,0.011363909254643695,0.3659271017155748
99,91,2012-03-01,9,2,2011-2012,L. Sorocabana,Araraquara,1,0.3586080951916586,0.12073262443795857,0.15698806902044288,0.0808874017332571,0.15040607844469678,0.0526124783860768,0.09779360005861998,0.03960686016782774,0.06980666473704501,0.5688888888888888,0.04024420814598619,0.11508709260704267,35.53666666666666,0.07849403451022144,0.1711661150567596,45.33333333333333,0.0808874017332571,0.10882525699077321,74.47777777777777,0.002780116021422766,0.036309746558505884,0.5322222222222223,0.0045215603797573636,0.10167547421657391,0.04666666666666666,0.06980666473704501,0.013929785100190337,0.3286373001847351,0.3855685443741951,0.09558545811114305,0.2221811857599529,0.06780190050309914,0.12156142785423608,0.03007416321628651,0.09148726463794957,0.0696274986429096,0.06645687091320653,1.0681818181818181,0.03186181937038102,0.09471722294068184,32.972727272727276,0.11109059287997645,0.21401797435187844,52.26272727272727,0.06780190050309914,0.09054764806477134,74.91454545454546,0.004561015626940284,0.034145737095223394,0.5227272727272728,0.010924651990576649,0.1069275739481219,0.10181818181818182,0.06645687091320653,0.013666757361106676,0.3709370077221105
99,79,2012-03-01,9,2,2011-2012,Bauru Basket,Limeira,1,0.4018181818181819,0.11045454545454544,0.21727272727272728,0.07409090909090908,0.16181818181818183,0.0540909090909091,0.10772727272727271,0.062272727272727285,0.05090909090909091,1.517272727272727,0.03681818181818182,0.10954545454545456,34.63727272727272,0.10863636363636364,0.21090909090909093,52.20272727272727,0.07409090909090908,0.09545454545454546,77.35272727272728,0.009090909090909092,0.03363636363636364,0.8045454545454546,0.012727272727272728,0.08863636363636364,0.1372727272727273,0.05090909090909091,0.01090909090909091,0.4295454545454545,0.41883333333333334,0.16133333333333333,0.17944444444444443,0.07805555555555556,0.13944444444444445,0.03922222222222223,0.10022222222222221,0.07605555555555556,0.057277777777777775,1.395,0.05377777777777778,0.12394444444444445,43.079,0.08972222222222222,0.1806111111111111,49.697,0.07805555555555556,0.09522222222222221,82.59,0.009944444444444445,0.038277777777777786,0.7579999999999999,0.01038888888888889,0.10488888888888889,0.11800000000000002,0.057277777777777775,0.010388888888888888,0.4535
69,75,2012-03-01,9,2,2011-2012,Minas,Paulistano,0,0.3908046885165217,0.09610193795567341,0.21884507579532267,0.07585767476552557,0.14467423034183477,0.04863218115439263,0.09604204918744212,0.06478623846662691,0.06853844715734723,0.9908333333333333,0.0320339793185578,0.08820171274608495,36.67666666666667,0.10942253789766133,0.21050212585420724,52.551666666666655,0.07585767476552557,0.09592691986108766,79.8675,0.004930974221216782,0.03557502672272618,0.5333333333333334,0.0144685261540841,0.10588117066926499,0.1425,0.06853844715734723,0.0155718014955335,0.4122168544595481,0.4379628435532937,0.11370002029923847,0.23063743519099014,0.09362538806306517,0.1541026759980981,0.04067804034419047,0.11342463565390762,0.060754440587876754,0.06965589928377856,1.0227272727272725,0.037900006766412815,0.10283347482108075,35.763636363636365,0.11531871759549507,0.20080917467637424,57.54272727272728,0.09362538806306517,0.1170596011027411,77.54545454545455,0.007797116511146774,0.03893922534707614,0.640909090909091,0.011922208417371018,0.11396398822653664,0.11272727272727273,0.06965589928377856,0.018347109877143955,0.46698553826289596
102,86,2012-03-01,9,2,2011-2012,Coop/São José Basketball,Uberlândia,1,0.4384075541784167,0.13396464966385213,0.19596651498826204,0.10847638952630256,0.164463771101722,0.04145634052915262,0.12300743057256934,0.09392238556030642,0.07104116003474317,1.4618181818181817,0.04465488322128404,0.12347417628590479,35.49454545454545,0.09798325749413102,0.17544763489337925,55.790909090909096,0.10847638952630256,0.12807786578982538,84.77363636363634,0.004109468229730462,0.03374419327469656,0.5163636363636364,0.016862045565743045,0.0934015233907997,0.1863636363636364,0.07104116003474317,0.011833496603050083,0.5113827338278407,0.43999834339887345,0.1321917019408408,0.2326292240213853,0.07517741743664724,0.14403488261302913,0.030517247069439705,0.11351763554358944,0.08644273150790109,0.05779395300358469,1.5783333333333334,0.04406390064694693,0.11738430227963438,37.27916666666667,0.11631461201069265,0.2039966630194483,57.343333333333334,0.07517741743664724,0.09403333808899302,79.05583333333335,0.020827993083760616,0.03759292336714612,0.6958333333333333,0.018123102137231707,0.09153790607654766,0.22333333333333336,0.05779395300358469,0.010417438928684733,0.49437299006014124
86,75,2012-03-01,9,2,2011-2012,Brasília,Pinheiros,1,0.4393761843451212,0.11828521161063264,0.23039225954490317,0.09069871318958544,0.1634425100708464,0.04410377322387105,0.11933873684697537,0.0741203857569397,0.07422544954573153,0.9924999999999998,0.03942840387021088,0.11510086541518823,34.61333333333333,0.11519612977245158,0.19466318801027419,59.13333333333333,0.09069871318958544,0.10837350254636681,83.6925,0.007075569358178054,0.03641010158326403,0.5,0.013415373814453596,0.11056645060646743,0.12916666666666668,0.07422544954573153,0.016801907992580672,0.4867874262848981,0.44282640119740724,0.12274386023196698,0.23304745811934707,0.08703508284609324,0.1445126059425831,0.039651470380853086,0.10486113556173003,0.08243407205665383,0.06091607607683056,1.4045454545454545,0.040914620077322335,0.10349770441829712,38.3909090909091,0.11652372905967354,0.19906113224816624,58.33909090909091,0.08703508284609324,0.11456231480469699,74.73727272727274,0.0175259123363696,0.05141910168943849,0.8845454545454546,0.016770657609622607,0.09263727550363408,0.1781818181818182,0.06091607607683056,0.014951815980323711,0.5130354065671671
60,72,2012-03-03,10,2,2011-2012,Espírito Santo,Flamengo,0,0.3212703257117126,0.10653590806246284,0.14621291802634676,0.06852149962290303,0.1267663055059863,0.0389373532611012,0.08782895224488511,0.04500379413285302,0.08259719975391412,0.6733333333333332,0.03551196935415428,0.10537741661709739,32.4925,0.07310645901317338,0.17255469759047082,43.06333333333333,0.06852149962290303,0.09079137318886905,75.4175,0.0033336043428228352,0.0351881662895697,0.45166666666666666,0.008981752490970983,0.10963504981941964,0.085,0.08259719975391412,0.019074887102542577,0.2730295849709719,0.45480966216681973,0.13532957249417277,0.25435592010543306,0.06512416956721391,0.1522567979558434,0.027852793086842985,0.12440400486900041,0.09519772110632027,0.0592608878106853,1.768181818181818,0.04510985749805759,0.09278000388753777,45.88272727272727,0.12717796005271653,0.2038316823383582,62.17818181818182,0.06512416956721391,0.08553315254797936,74.32909090909091,0.005782272258768923,0.03250577500422289,0.5936363636363636,0.00773645546372819,0.08734227842302643,0.09636363636363637,0.0592608878106853,0.01301502852314574,0.5462399449576346
73,104,2012-03-03,10,2,2011-2012,Minas,Pinheiros,0,0.3872812509383277,0.09678640426677546,0.21508776227260554,0.0754070843989467,0.14316082800784746,0.048352782604054734,0.09480804540379273,0.06364883550765561,0.07018933583755128,0.9576923076923077,0.032262134755591816,0.08949388868869379,36.419230769230765,0.10754388113630277,0.20700196232696053,52.47230769230768,0.0754070843989467,0.09624023371792709,79.10846153846154,0.005320899281123183,0.035530793897901085,0.5223076923076924,0.013355562603769938,0.10389031138701384,0.13153846153846155,0.07018933583755128,0.018604739842030923,0.4089694041165059,0.43717420109762334,0.12251520521263641,0.23029350327606815,0.0843654926089188,0.1437198887807012,0.039680514515781994,0.1040393742649192,0.08014789938526602,0.060839736403761356,1.3641666666666667,0.04083840173754547,0.1057062290501057,37.755833333333335,0.11514675163803408,0.1958060378941524,58.685833333333335,0.0843654926089188,0.11334878857097225,73.09250000000002,0.017315419641672134,0.04838417654865195,0.8316666666666667,0.016206436142154057,0.09408416921166458,0.1708333333333333,0.060839736403761356,0.014955831315296736,0.5031991226865699
93,73,2012-03-03,10,2,2011-2012,Joinville,Uberlândia,1,0.3737250299550865,0.07809739555582897,0.20450626763428045,0.09112136676497701,0.1343400671195413,0.04341969309437867,0.0909203740251626,0.05141842032169727,0.05911159462633306,1.0363636363636364,0.02603246518527632,0.08243981178956848,31.38727272727272,0.10225313381714023,0.20466837912040606,49.99545454545455,0.09112136676497701,0.12330200771832303,75.59272727272727,0.009106906347363004,0.03303571111321713,0.6427272727272727,0.005297892909158734,0.11767453641001752,0.04545454545454546,0.05911159462633306,0.01434770741590717,0.3549750212041911,0.43922924006049857,0.12663849409923766,0.23319620678897104,0.07939453917228977,0.14333989164279612,0.03163130498717511,0.11170858665562103,0.08594713677652409,0.05680980277253971,1.5938461538461541,0.04221283136641255,0.11681627902735482,35.81,0.11659810339448552,0.20522768894102922,57.128461538461536,0.07939453917228977,0.09833846592830124,79.64153846153847,0.019995070538855957,0.037008852338904115,0.6938461538461538,0.016729017357444653,0.09257345176296707,0.20615384615384616,0.05680980277253971,0.010000712857247445,0.4905750677478227
74,73,2012-03-03,10,2,2011-2012,L. Sorocabana,Limeira,1,0.3674385099411818,0.11949359818051157,0.16295773449109632,0.08498717726957386,0.15342253091080854,0.05367120165617262,0.09975132925463592,0.04016043922869032,0.0727573814341603,0.5569999999999999,0.03983119939350386,0.11396119302492273,35.461,0.08147886724554816,0.17436369640048777,46.132999999999996,0.08498717726957386,0.11464551207898373,74.327,0.0038563839425740975,0.03583875745700705,0.511,0.0045208308495461634,0.10189073647350085,0.046,0.0727573814341603,0.014342512621229448,0.34227050046600876,0.41666666666666674,0.16030303030303028,0.17858585858585857,0.07777777777777778,0.13540404040404042,0.03792929292929293,0.09747474747474748,0.07414141414141415,0.05525252525252525,1.4109090909090911,0.05343434343434344,0.1226767676767677,43.29454545454546,0.08929292929292929,0.18146464646464644,49.24636363636364,0.07777777777777778,0.09429292929292928,83.10363636363637,0.009040404040404041,0.035252525252525264,0.7018181818181817,0.009444444444444446,0.10489898989898991,0.10727272727272728,0.05525252525252525,0.011262626262626264,0.4459090909090909
95,63,2012-03-03,10,2,2011-2012,Bauru Basket,Araraquara,1,0.4095977758882276,0.11500481418496472,0.2183400440154054,0.07625291768785741,0.16542264792677439,0.054585083946047795,0.11083756398072657,0.06500277180346456,0.05125160472832158,1.535,0.038334938061654916,0.11083698044315511,35.4175,0.1091700220077027,0.20875539772253626,53.0325,0.07625291768785741,0.09625306357225029,78.84333333333333,0.009166958435452408,0.032083770986511946,0.7599999999999999,0.012500291768785742,0.08875262591907168,0.13500000000000004,0.05125160472832158,0.01375131295953584,0.449602881841978,0.38714153604671586,0.09428666993521446,0.22292534620588278,0.06992951990561866,0.12106093849601272,0.029419834800114484,0.09164110369589822,0.07086224412637084,0.06758546500377265,1.0675,0.031428889978404824,0.09423152843636574,32.725,0.11146267310294139,0.213590550563296,52.517500000000005,0.06992951990561866,0.09189089961492929,75.96333333333334,0.0045513013617322975,0.03463359233728811,0.5208333333333334,0.010384634695065632,0.10912805389688951,0.09583333333333334,0.06758546500377265,0.01437971276619964,0.3763218867082309
95,88,2012-03-03,10,2,2011-2012,Coop/São José Basketball,Sesi Franca,1,0.4443735913302153,0.13280092885853112,0.20463597207257353,0.10693669039911069,0.1624251235099118,0.04050164548505656,0.12192347802485524,0.09901218676361423,0.07095439669851457,1.5241666666666667,0.04426697628617704,0.12026799492874606,36.458333333333336,0.10231798603628676,0.1783269986522643,57.09416666666667,0.10693669039911069,0.12615471030733993,84.85166666666665,0.004183679210586257,0.03384884383513851,0.515,0.017540208435264458,0.09520139644156639,0.1891666666666667,0.07095439669851457,0.012097371886129244,0.527517506008854,0.40344444444444444,0.1038333333333333,0.20455555555555555,0.09505555555555555,0.14322222222222222,0.04438888888888889,0.09883333333333333,0.07216666666666666,0.07,1.145,0.034611111111111106,0.09338888888888888,37.016999999999996,0.10227777777777777,0.21005555555555552,49.432,0.09505555555555555,0.1186666666666667,80.86600000000001,0.006944444444444445,0.03227777777777777,0.5069999999999999,0.009333333333333334,0.1073888888888889,0.08499999999999999,0.07,0.01238888888888889,0.40327777777777774
97,63,2012-03-03,10,2,2011-2012,Brasília,Paulistano,1,0.4386549393954965,0.12072481071750704,0.22805439342606448,0.08987573525192503,0.16317770160385822,0.044172713745111745,0.11900498785874648,0.07380343300640588,0.07120810727298296,1.0699999999999998,0.04024160357250235,0.11663156807555837,34.8,0.11402719671303224,0.19315063508640692,58.980000000000004,0.08987573525192503,0.10965246388895399,82.1776923076923,0.006531294792164358,0.035917016846089875,0.5276923076923077,0.013921883521034089,0.10975364671366225,0.13461538461538464,0.07120810727298296,0.015894068916228313,0.48934223964759826,0.43271593992385254,0.11422501860763527,0.2289176489250743,0.08957327239114306,0.1516774529982566,0.039788203648841274,0.11188924934941531,0.06152490387222035,0.07051790767679701,1.0108333333333333,0.03807500620254508,0.10343068525265736,35.81333333333334,0.11445882446253715,0.20032507678667635,57.23500000000001,0.08957327239114306,0.112721301010846,76.8525,0.007980690135217875,0.03819428990148646,0.6191666666666668,0.011345357715923434,0.11280032254099193,0.1075,0.07051790767679701,0.01973485072071529,0.46140341007432134
99,89,2012-03-06,3,2,2011-2012,Flamengo,Minas,1,0.44690885698625143,0.13280210811965837,0.25149292676331364,0.06261382210327941,0.15456873145952313,0.0296983936629394,0.1248703377965837,0.09184791101412691,0.05682248049312819,1.7733333333333334,0.044267369373219456,0.09254833689690962,45.300000000000004,0.12574646338165682,0.2068457088101617,60.81583333333334,0.06261382210327941,0.08298872316898108,73.43833333333333,0.005300416237204846,0.03313029375387098,0.655,0.007925084175084173,0.08506375522110755,0.1025,0.05682248049312819,0.012347109479550263,0.5369699495444983,0.38610289258924707,0.09531512833653413,0.2171388743944816,0.0736488898582313,0.14454473705389984,0.049978248500943956,0.09456648855295584,0.06454452877449428,0.06807823246795085,1.0235714285714288,0.03177170944551138,0.090357519615063,35.60357142857143,0.1085694371972408,0.20963063158781123,52.295714285714276,0.0736488898582313,0.09553357512444538,77.65928571428572,0.0053036376241067515,0.03408128778009954,0.5121428571428572,0.013852804155755837,0.10626524444780674,0.13285714285714284,0.06807823246795085,0.01727582985331443,0.40878151001043056
87,80,2012-03-07,7,2,2011-2012,Sesi Franca,Bauru Basket,1,0.40676767676767683,0.10666666666666665,0.2105050505050505,0.08959595959595959,0.14065656565656567,0.04262626262626263,0.09803030303030304,0.07651515151515151,0.07181818181818182,1.1618181818181819,0.035555555555555556,0.0948989898989899,37.37090909090909,0.10525252525252525,0.21005050505050502,50.78272727272727,0.08959595959595959,0.11151515151515155,81.46909090909092,0.006313131313131313,0.03207070707070707,0.49090909090909085,0.009393939393939394,0.10762626262626264,0.08545454545454545,0.07181818181818182,0.012626262626262626,0.41207070707070703,0.41462871620451774,0.11538905924765973,0.22231388678345115,0.07692577017340683,0.1665439827016379,0.05615546210404411,0.11038852059759376,0.06731025089550574,0.05230917359537378,1.5292307692307692,0.03846301974921992,0.1103879819475278,35.62384615384615,0.11115694339172558,0.20885113635926425,53.89846153846153,0.07692577017340683,0.09731052022053874,78.7223076923077,0.009615653940417608,0.03230809629524179,0.7430769230769231,0.011923346248109916,0.08923319315606616,0.1284615384615385,0.05230917359537378,0.013847365808802312,0.4611718909310566
90,75,2012-03-12,8,2,2011-2012,Sesi Franca,L. Sorocabana,1,0.40912037037037036,0.10652777777777776,0.21212962962962964,0.09046296296296297,0.1401851851851852,0.043240740740740746,0.09694444444444444,0.0772222222222222,0.07125,1.1741666666666668,0.03550925925925926,0.09532407407407407,37.173333333333325,0.10606481481481482,0.20712962962962958,52.02666666666667,0.09046296296296297,0.11138888888888893,82.25583333333334,0.00662037037037037,0.03189814814814815,0.4883333333333333,0.011111111111111112,0.10990740740740741,0.09666666666666666,0.07125,0.012824074074074076,0.4227314814814815,0.3676713726738017,0.12226690743682869,0.1626888495373603,0.0827156156996126,0.1576568462825532,0.05697381968742965,0.10068302659512357,0.04060039929880938,0.07205216494014573,0.5690909090909091,0.04075563581227623,0.11905563002265702,34.910909090909094,0.08134442476868015,0.17487608763680706,45.9790909090909,0.0827156156996126,0.11058682916271248,75.36181818181818,0.0035058035841582704,0.035762506779097314,0.5136363636363637,0.005018937135951058,0.10035521497590985,0.05272727272727273,0.07205216494014573,0.013947738746572225,0.34615500042364433
81,66,2012-03-13,11,2,2011-2012,Brasília,Espírito Santo,1,0.4419653008672468,0.1281730385233994,0.22533622246705987,0.08845603987678753,0.16223643720358263,0.042446091334746625,0.11979034586883601,0.0746031877916626,0.06862181389634132,1.167142857142857,0.042724346174466465,0.11901502749873276,35.885714285714286,0.11266811123352993,0.19042558972309215,59.144999999999996,0.08845603987678753,0.10932014503974298,81.07000000000001,0.006779059449866904,0.035494372785654885,0.5514285714285715,0.013998891840960223,0.11012838623411494,0.1342857142857143,0.06862181389634132,0.014758778279354862,0.49688922252991263,0.3196341468108116,0.1052639151345811,0.14804269356278163,0.06632753811344895,0.12970735892860275,0.03901909531793957,0.09068826361066318,0.04731119458417202,0.08085895361899764,0.7176923076923075,0.03508797171152703,0.10611761533885913,32.0,0.07402134678139081,0.17581972085274228,42.79153846153846,0.06632753811344895,0.08765357525126374,75.77,0.0034617886241441556,0.034404461190372035,0.4492307692307692,0.009060079222434753,0.10658619983331044,0.08923076923076924,0.08085895361899764,0.017992203479270073,0.27548884766551257
91,67,2012-03-13,12,2,2011-2012,Pinheiros,Bauru Basket,1,0.4439331385302779,0.12590629356523714,0.23354916643900017,0.08447767852604061,0.14392647369989417,0.039346571619638206,0.10457990208025597,0.08446795037079109,0.05887816105469608,1.5561538461538462,0.04196876452174571,0.10573019378453898,38.88076923076923,0.11677458321950009,0.1958894307788945,59.49692307692308,0.08447767852604061,0.1151149250037507,72.31307692307693,0.01637180776666343,0.04699237770639824,0.8338461538461538,0.016513161136314194,0.09461379506701187,0.17307692307692307,0.05887816105469608,0.0141937262346246,0.5196362723146317,0.4135838079041951,0.11357555501568405,0.2185771805846332,0.08143107230387778,0.16571941250866376,0.05857292909661239,0.10714648341205134,0.0653595186886839,0.05250137548141851,1.4721428571428572,0.03785851833856136,0.10893169752270439,35.46,0.1092885902923166,0.20857605519074537,53.01,0.08143107230387778,0.10357405449050026,78.505,0.010357392944673494,0.032857517988438806,0.7421428571428572,0.011428821516102066,0.08964510793063286,0.12285714285714289,0.05250137548141851,0.01392969682245929,0.45823104157883826
95,71,2012-03-15,11,2,2011-2012,Pinheiros,L. Sorocabana,1,0.444723628635258,0.1244129868820059,0.23758136883621445,0.08272927291703772,0.1450745827213303,0.03903610221823548,0.10603848050309483,0.08486309677287744,0.05895829240793208,1.5521428571428573,0.041470995627335305,0.10353517994278619,39.43714285714286,0.11879068441810722,0.19868304286611632,59.65428571428572,0.08272927291703772,0.11439243036062564,71.22928571428572,0.016273821497616043,0.04649292215594123,0.8221428571428572,0.01604793534086318,0.09356995256222532,0.16999999999999998,0.05895829240793208,0.013894174360722844,0.523590824292158,0.3682820916176515,0.11957799848375965,0.16329811207591358,0.08540598105797821,0.1545187757590071,0.056392668046810514,0.09812610771219661,0.040967032690575264,0.07313115119513358,0.5658333333333333,0.039859332827919876,0.12038432752076894,33.85333333333333,0.08164905603795679,0.1744697470004065,46.314166666666665,0.08540598105797821,0.11303792673248643,75.92666666666666,0.004880319952145082,0.03819896454750587,0.5341666666666667,0.005434025707955137,0.0999089470612507,0.057499999999999996,0.07313115119513358,0.01320209385102454,0.3460587503883406
91,80,2012-03-15,11,2,2011-2012,Sesi Franca,Flamengo,1,0.41226495726495727,0.10525641025641025,0.2165811965811966,0.09042735042735044,0.14324786324786326,0.04337606837606838,0.09987179487179487,0.07935897435897435,0.075,1.1515384615384616,0.03508547008547009,0.09299145299145299,37.86384615384615,0.1082905982905983,0.2081196581196581,52.744615384615386,0.09042735042735044,0.10974358974358979,83.62076923076924,0.00688034188034188,0.034444444444444444,0.4923076923076923,0.011025641025641027,0.11029914529914531,0.09615384615384616,0.075,0.014145299145299146,0.4363675213675213,0.45060817567961675,0.1329711767258385,0.2529165477815203,0.06472045117225791,0.15267882903955982,0.029721594150405598,0.1229572348891542,0.09285961016688637,0.05783613583981065,1.7523076923076923,0.0443237255752795,0.09273692636637812,45.45923076923077,0.12645827389076014,0.20670373120938004,61.20307692307693,0.06472045117225791,0.08545112907905947,73.80923076923077,0.005277307295881397,0.03442796346511167,0.6592307692307693,0.008853923853923853,0.08544346635794545,0.11153846153846153,0.05783613583981065,0.013320408750354088,0.54451072265646
73,72,2012-03-15,12,2,2011-2012,Minas,Espírito Santo,1,0.3900293664166306,0.09496078644743186,0.2186629494348495,0.07640563053434922,0.1429084212503065,0.04897969860088103,0.09392872264942545,0.06457489352286133,0.06687301697008746,1.0420000000000003,0.03165359548247729,0.09000035164072547,35.58266666666667,0.10933147471742476,0.21065525614862382,52.36466666666666,0.07640563053434922,0.09783133678281569,78.37933333333334,0.005283395115832968,0.033809201928092905,0.518,0.01392928387870545,0.10618089481795297,0.13333333333333333,0.06687301697008746,0.016124107863093467,0.41252940934306853,0.3203745648957536,0.10524506405353959,0.15032535830829724,0.06480414253391689,0.13044254757655968,0.039089159938086745,0.09135338763847296,0.0467889663995883,0.07972617121764067,0.7107142857142855,0.03508168801784652,0.1074663571003692,31.714285714285715,0.07516267915414862,0.1771897407918321,43.03142857142857,0.06480414253391689,0.08567831987617348,75.715,0.0032145180081338586,0.034804142533916886,0.4614285714285714,0.00912721642083227,0.10647289984521684,0.09000000000000001,0.07972617121764067,0.017064188945036494,0.277596787117976
88,66,2012-03-15,11,2,2011-2012,Uberlândia,Tijuca,1,0.43392715148474864,0.12723574452072067,0.22868219201833023,0.07800921494569765,0.14381561366831067,0.03330049748809118,0.11051511618021952,0.0826651984353438,0.05810910257450116,1.517857142857143,0.04241191484024023,0.11561511623968664,36.46642857142857,0.11434109600916512,0.20378285401666998,56.33,0.07800921494569765,0.09845714693342258,78.23857142857143,0.018923994071794816,0.035436791457553816,0.6585714285714285,0.015891230403341464,0.09274677663704085,0.195,0.05810910257450116,0.010357804796015486,0.4812482771944068,0.3966831765726102,0.08125450270162098,0.22084333933693548,0.09458533453405375,0.13417442131945834,0.038335834834233876,0.09583858648522446,0.053753502101260765,0.06958608498432393,0.8066666666666666,0.027084834233873662,0.09000525315189113,29.245833333333337,0.11042166966846774,0.2012607564538723,55.083333333333336,0.09458533453405375,0.1254191681675672,76.1725,0.005833583483423388,0.03500075045027016,0.5241666666666667,0.00916741711693683,0.10542066906810753,0.09916666666666668,0.06958608498432393,0.011250250150090055,0.3891831765726102
78,85,2012-03-15,11,2,2011-2012,Limeira,Joinville,0,0.4123611111111112,0.15819444444444444,0.17787037037037035,0.07629629629629629,0.1316203703703704,0.036018518518518526,0.09560185185185184,0.06921296296296296,0.05606481481481481,1.3125000000000002,0.05273148148148149,0.12245370370370372,42.81166666666667,0.08893518518518517,0.17967592592592593,49.57,0.07629629629629629,0.09143518518518517,84.51166666666667,0.008287037037037037,0.03273148148148149,0.6499999999999999,0.009074074074074076,0.10365740740740742,0.10333333333333335,0.05606481481481481,0.011990740740740741,0.43250000000000005,0.3813312774588293,0.0753392792595099,0.21746407866475706,0.08852791953456225,0.13522839485957952,0.04313471866984711,0.0920936761897324,0.05255021862822249,0.056268961740805305,1.1666666666666667,0.025113093086503294,0.08348649414043778,30.087499999999995,0.10873203933237853,0.2088626808603722,51.71166666666667,0.08852791953456225,0.12136017374179613,74.29333333333334,0.010014664151749422,0.034032735187115706,0.7391666666666667,0.005273068500062174,0.11536832504251605,0.04666666666666667,0.056268961740805305,0.013568731797914907,0.3712271027705085
80,82,2012-03-15,11,2,2011-2012,Araraquara,Coop/São José Basketball,0,0.38159218712004545,0.09049538763250566,0.2188541657285072,0.0722426337590326,0.11828702015016558,0.02946446289241337,0.08882255725775219,0.06848822534741923,0.06661735231117474,1.0415384615384615,0.03016512921083522,0.08929064163356838,34.05384615384616,0.1094270828642536,0.2133143543661194,51.59153846153846,0.0722426337590326,0.09289929195224242,77.44615384615385,0.0049704320262144285,0.034661777542112096,0.53,0.00997043202621443,0.10765666513559033,0.09307692307692308,0.06661735231117474,0.01481204255341505,0.37083558773067465,0.4467294689201987,0.13297008817710565,0.20581782037468327,0.10794156036840988,0.15839242170145706,0.039693826601590675,0.11869859509986638,0.09947278778179774,0.06972713541401346,1.5538461538461539,0.044323362725701886,0.1183243030111502,37.29769230769231,0.10290891018734163,0.17884030644824397,57.27615384615386,0.10794156036840988,0.12721973259139072,84.91769230769229,0.004631088502079621,0.03509124046320478,0.5453846153846154,0.01696019240178258,0.09287821209990743,0.18615384615384617,0.06972713541401346,0.011936035587196227,0.5315546209312498
88,106,2012-03-17,12,2,2011-2012,Araraquara,Joinville,0,0.3829184640418715,0.09260628988787548,0.22180058543480285,0.06851158871919318,0.1162690911684225,0.028074429943001,0.08819466122542145,0.07074192468020375,0.06686097080355383,1.0692857142857142,0.030868763295958494,0.09041573986022226,34.34285714285715,0.11090029271740143,0.21165447408369406,52.79357142857143,0.06851158871919318,0.0894792001844309,75.08857142857143,0.004972686938650549,0.03647336554652135,0.5535714285714286,0.009615544081507693,0.10818447608357408,0.0892857142857143,0.06686097080355383,0.015183182599691156,0.37864676552353593,0.3846904099619962,0.07992856547031682,0.21227453415208344,0.09248731033959594,0.13790313371653495,0.041739740310628104,0.09616339340590682,0.056200201810666914,0.05655596468382028,1.2053846153846153,0.02664285515677227,0.08514137920655794,31.069999999999997,0.10613726707604172,0.2043347823326513,51.580000000000005,0.09248731033959594,0.1258709296078118,74.56153846153846,0.00924430537084562,0.03218406324964527,0.6953846153846155,0.005252063230826622,0.1153399923469379,0.04615384615384616,0.05655596468382028,0.014832675505767605,0.38459424871123865
94,82,2012-03-17,12,2,2011-2012,Sesi Franca,Tijuca,1,0.41531746031746036,0.10630952380952381,0.21825396825396823,0.09075396825396827,0.14873015873015874,0.04563492063492064,0.1030952380952381,0.0826190476190476,0.0725,1.292857142857143,0.03543650793650794,0.09420634920634921,37.756428571428565,0.10912698412698411,0.21146825396825394,52.33857142857143,0.09075396825396827,0.11047619047619052,83.30285714285716,0.008888888888888889,0.034484126984126985,0.5199999999999999,0.013095238095238096,0.10920634920634921,0.11928571428571429,0.0725,0.013492063492063494,0.4505555555555555,0.3915537014516402,0.08308107941688089,0.2169323132340943,0.091540308800665,0.13539177352565385,0.040002309077754344,0.0953894644478995,0.053080155785779175,0.06923330921629903,0.7976923076923076,0.027693693138960307,0.09115869521713028,29.560000000000002,0.10846615661704714,0.20577915980357447,53.360769230769236,0.091540308800665,0.12154077061621588,75.95384615384616,0.006154077061621589,0.03730838503101861,0.5607692307692308,0.008462231184864766,0.10269600221671464,0.09153846153846155,0.06923330921629903,0.011538692446236974,0.38193831683625556
87,83,2012-03-17,12,2,2011-2012,Paulistano,L. Sorocabana,1,0.42366086762201777,0.11582309409935564,0.2182316759308378,0.08960609759182438,0.15116380276762148,0.0394198802912381,0.11174392247638337,0.060253757420511096,0.06970883785550494,0.9907692307692307,0.03860769803311854,0.10739755561783756,35.291538461538465,0.1091158379654189,0.19491545549539355,55.49538461538462,0.08960609759182438,0.1140504317023194,76.26615384615386,0.007751406278662655,0.03717934452444904,0.6038461538461539,0.011241868660852401,0.11412337465322331,0.1053846153846154,0.06970883785550494,0.019370631434506423,0.44898776314552735,0.36726039226244755,0.11730276783116275,0.16381364191622794,0.08614398251505681,0.14955579300831426,0.05282400127397894,0.09673179173433534,0.04089264556053101,0.07058260110320023,0.5992307692307692,0.039100922610387584,0.11843168694224825,33.67846153846154,0.08190682095811397,0.17566438184652905,46.19307692307692,0.08614398251505681,0.11395808621460286,75.93230769230769,0.004504910725056998,0.03679904419769773,0.5315384615384615,0.0057852544996508945,0.09606979728730834,0.06846153846153845,0.07058260110320023,0.012571163554791884,0.34328500035846826
71,83,2012-03-17,12,2,2011-2012,Limeira,Coop/São José Basketball,0,0.4087072619587355,0.15250246479126633,0.17858097588942382,0.07762382127804525,0.13085113860162978,0.035406804503071695,0.09544433409855807,0.06820677139930578,0.055710195720018896,1.2953846153846156,0.05083415493042213,0.12023065888488287,41.826153846153844,0.08929048794471191,0.1802476425560905,49.60307692307693,0.07762382127804525,0.0941169450501474,83.70846153846153,0.0076495726495726495,0.030933322298744705,0.6138461538461537,0.008376068376068378,0.10503917278966396,0.0953846153846154,0.055710195720018896,0.011788023153445551,0.4262175349208749,0.4441059354258988,0.13097222473588382,0.20683083320506304,0.10630287748495203,0.1595786772942101,0.04150141041576277,0.11807726687844736,0.09701044579738362,0.07117519717015534,1.4942857142857142,0.04365740824529461,0.11701542422463948,37.13357142857143,0.10341541660253152,0.17820885598765512,57.80714285714287,0.10630287748495203,0.12670403740629138,83.91142857142856,0.00572886789478822,0.035441866144404435,0.5378571428571429,0.01646303580165525,0.09231548266419976,0.18142857142857147,0.07117519717015534,0.011797747330967926,0.5289435765790177
96,98,2012-03-17,12,2,2011-2012,Uberlândia,Flamengo,0,0.4343320080524321,0.13375336155267264,0.22410337921710824,0.07647526728265114,0.14689457275708995,0.03341379765555176,0.11348077510153823,0.08282085187298754,0.05890182906953442,1.4973333333333336,0.044584453850890875,0.11657410849037418,37.88133333333334,0.11205168960855412,0.20219733041555868,55.53733333333333,0.07647526728265114,0.09622667047119442,78.664,0.018995727800341828,0.0350743386937169,0.6433333333333332,0.016165148376452033,0.09156365819457145,0.2,0.05890182906953442,0.010000617809614453,0.485498392048113,0.4469933059882156,0.13204466410256432,0.2512796515114117,0.0636689903742395,0.15355891267959126,0.02938433742537663,0.12417457525421462,0.09086963801210877,0.05727641185125275,1.7200000000000002,0.04401488803418811,0.09647000305449396,44.182857142857145,0.12563982575570584,0.20586775040871003,61.04357142857144,0.0636689903742395,0.08506176271626952,73.00142857142858,0.005614642489032725,0.03375453750331798,0.6478571428571429,0.008221500721500722,0.08612607590380648,0.10357142857142856,0.05727641185125275,0.013440379553900225,0.5366885281809985
92,89,2012-03-21,9,2,2011-2012,Joinville,Sesi Franca,1,0.3950696663932822,0.07957652507957991,0.21925492456979176,0.09623821674391052,0.13841005273678245,0.040901187431297524,0.0975088653054849,0.060400187395619274,0.05787339577783311,1.2285714285714284,0.026525508359859968,0.08263128069180381,32.42214285714285,0.10962746228489588,0.20688229788031906,52.508571428571436,0.09623821674391052,0.12973729177868237,74.99,0.008583997844356647,0.03309948730324203,0.6885714285714286,0.005234058714339006,0.11388713575072805,0.04642857142857144,0.05787339577783311,0.014487484398212777,0.40462323094615016,0.418962962962963,0.11022222222222222,0.21637037037037035,0.09237037037037038,0.15048148148148147,0.0455925925925926,0.10488888888888888,0.08344444444444443,0.072,1.304,0.03674074074074074,0.09725925925925928,37.85866666666666,0.10818518518518518,0.20803703703703702,52.808,0.09237037037037038,0.11344444444444449,82.69533333333335,0.00862962962962963,0.03385185185185185,0.5106666666666666,0.014222222222222223,0.11025925925925927,0.12733333333333333,0.072,0.013592592592592594,0.46018518518518514
93,74,2012-03-24,4,2,2011-2012,Brasília,Flamengo,1,0.439500947476097,0.1276281692885061,0.22431380763592254,0.08755897055166836,0.16408734139001044,0.04328301857909685,0.12080432281091362,0.07296297527221843,0.0690470263032519,1.1340000000000001,0.0425427230961687,0.11908069233215057,35.715333333333334,0.11215690381796127,0.190397217074886,58.885999999999996,0.08755897055166836,0.10803213537042679,81.22066666666666,0.0066604554865424435,0.036461414599944564,0.5593333333333333,0.01506563238489621,0.10911982715184061,0.14666666666666667,0.0690470263032519,0.014108193060731206,0.4964299410279185,0.4462307892927049,0.1312416864957267,0.2493424895587991,0.0656466132381791,0.15250683701947038,0.029795751967388557,0.1227110850520818,0.0901449954779682,0.05730983624635442,1.6973333333333334,0.04374722883190891,0.09655718803604622,43.964666666666666,0.12467124477939955,0.20606915964072195,60.52000000000001,0.0656466132381791,0.086502089646296,73.968,0.005240332989763877,0.033874605373467155,0.646,0.007673400673400673,0.08601396713984902,0.09666666666666666,0.05730983624635442,0.01313694684289947,0.5332055892652282
71,73,2012-03-28,13,2,2011-2012,Espírito Santo,Uberlândia,0,0.3230162605693701,0.10722872644997028,0.15030366775441076,0.0654838663649891,0.13007971107145572,0.03781654927554763,0.09226316179590809,0.04700303530628242,0.0790777598031313,0.7106666666666664,0.03574290881665676,0.10696859996034459,32.6,0.07515183387720538,0.17704375807237663,43.019999999999996,0.0654838663649891,0.08529976521776192,76.91733333333333,0.0030002168075916017,0.03515053303165576,0.4686666666666667,0.009185401992776787,0.10737470652220239,0.08933333333333335,0.0790777598031313,0.016926576348700727,0.28409033464344424,0.42877645249687646,0.1335311393304504,0.2163996755134045,0.07884563765302151,0.14593160979412698,0.035932316174070285,0.10999929362005674,0.07900603705817272,0.058420347588052944,1.4460000000000004,0.0445103797768168,0.11683336774963343,37.74333333333333,0.10819983775670225,0.2010121452303735,53.943999999999996,0.07884563765302151,0.09874518898971292,79.37066666666666,0.017588320392934422,0.0347780423974206,0.6433333333333331,0.016276259487563144,0.09474884337975663,0.18466666666666667,0.058420347588052944,0.009593210402207045,0.4743872809370019
90,78,2012-03-29,13,2,2011-2012,Tijuca,Araraquara,1,0.3928712942050945,0.08571814517281798,0.2135800051459447,0.09357314388633177,0.13500664684525,0.03928785842934333,0.09571878841590668,0.055003001801080656,0.06821664427227767,0.8442857142857142,0.028572715057606,0.09071878841590668,30.810000000000002,0.10679000257297235,0.20608064838903342,52.44071428571429,0.09357314388633177,0.1228592870007719,76.6507142857143,0.005714500128648618,0.037857786100231564,0.5792857142857143,0.008214928957374428,0.10428914491552074,0.08785714285714287,0.06821664427227767,0.011428785842934334,0.38715700849080875,0.38672389977241345,0.09343253722868378,0.223680546405816,0.06961081613791363,0.11318448509052767,0.026869467946800937,0.0863150171437267,0.06969246303485684,0.06640357274998357,1.0593333333333332,0.031144179076227928,0.09005469053620745,34.79866666666667,0.111840273202908,0.21287750914478112,52.897333333333336,0.06961081613791363,0.0905139201721355,75.47933333333334,0.00497450780940718,0.036041807843419926,0.55,0.009641174476073848,0.10897217767800248,0.08866666666666669,0.06640357274998357,0.015170970426378412,0.3804036478219669
97,96,2012-03-29,13,2,2011-2012,Flamengo,Limeira,1,0.4410462033940295,0.13010043579608802,0.24842863416776464,0.06251713343017692,0.15398516941995205,0.03374866840084231,0.12023650101910972,0.09006259923651228,0.056566658784050095,1.7099999999999997,0.04336681193202933,0.09979046879046878,42.556,0.12421431708388232,0.21052983570374875,59.24133333333335,0.06251713343017692,0.08300396383005079,73.54466666666666,0.004561895431460647,0.035184396923527365,0.674,0.007673400673400673,0.08691980000675655,0.09666666666666666,0.056566658784050095,0.01312517595126291,0.5256405864666733,0.4048710289616829,0.14589514587760447,0.1808251918973221,0.0781506911867563,0.12971891441579908,0.034306318467138004,0.09541259594866106,0.06654914487078394,0.05458803888287469,1.2835714285714288,0.048631715292534836,0.11807132610739124,40.425714285714285,0.09041259594866105,0.18237281094494118,49.63142857142857,0.0781506911867563,0.09382287754656544,84.47500000000001,0.008174603174603175,0.0312237992774058,0.6328571428571428,0.007777777777777779,0.10646494616183082,0.08857142857142859,0.05458803888287469,0.012017450071056581,0.4207734252836695
68,67,2012-03-29,13,2,2011-2012,Joinville,Paulistano,1,0.39599094789298933,0.08049364562983014,0.22004533700587975,0.09545196525727945,0.14192345662840436,0.042026293454396214,0.09989716317400814,0.05992906379146688,0.05757072494819979,1.2133333333333334,0.026831215209943374,0.08423363975679467,32.205333333333336,0.11002266850293987,0.20731236691052002,52.61933333333334,0.09545196525727945,0.13175480566010356,73.50933333333333,0.009196916506584722,0.03385581777932219,0.6980000000000001,0.0054777140593089985,0.11222058595993877,0.05000000000000001,0.05757072494819979,0.014114244697591184,0.4102409414756661,0.42447080564901646,0.12362144452083024,0.2133579847929208,0.08749137633526549,0.14965210256993422,0.03838988884186395,0.11126221372807028,0.06166420331904602,0.07044392086582602,0.9914285714285713,0.04120714817361006,0.10829773021656346,37.23500000000001,0.1066789923964604,0.19027863724572258,55.65214285714286,0.08749137633526549,0.11268968658072516,75.33000000000001,0.0075548772587581805,0.03702367705841697,0.5921428571428572,0.011153163756505801,0.11240027646370736,0.10571428571428573,0.07044392086582602,0.018701300617755965,0.4540600657779897
89,91,2012-03-29,13,2,2011-2012,L. Sorocabana,Brasília,0,0.3706703642437013,0.11749542727179398,0.16782695320792596,0.08534798376398132,0.14887323636486324,0.051908001182980446,0.09696523518188283,0.04582888516335022,0.06875527245297165,0.7307142857142858,0.03916514242393133,0.11961513787494481,33.38928571428571,0.08391347660396298,0.17597406885749128,47.25857142857143,0.08534798376398132,0.11224679434213124,76.46071428571429,0.004540274244695784,0.037384826755005034,0.5650000000000001,0.005372022035390117,0.09599338319535775,0.06357142857142857,0.06875527245297165,0.012387509015163892,0.3551932146185776,0.4401693341671769,0.13097001026947488,0.22122538358517257,0.08797394031252947,0.16694959147786118,0.04365717012619408,0.1232924213516671,0.07430056242936947,0.06864481801384392,1.1640000000000001,0.04365667008982496,0.11997950680994747,36.37466666666667,0.11061269179258629,0.19026372098655442,58.038666666666664,0.08797394031252947,0.10696751423816984,82.554,0.0066604554865424435,0.03365274419731089,0.5173333333333334,0.01599250360500385,0.10831541057302468,0.156,0.06864481801384392,0.013331833224225998,0.5004359148761495
76,77,2012-03-31,14,2,2011-2012,Tijuca,Limeira,0,0.3966798745914215,0.08900360216129678,0.21800800480288174,0.08966826762724298,0.1346728703889,0.039668667867387104,0.09500420252151291,0.05700280168100861,0.06833553465412583,0.8686666666666665,0.02966786738709893,0.09167086918817957,31.613333333333337,0.10900400240144087,0.20534193849643118,53.73066666666667,0.08966826762724298,0.11900200120072044,75.13066666666667,0.00566686678673871,0.03800060036021613,0.5786666666666667,0.008000600360216133,0.10266986858781936,0.08600000000000002,0.06833553465412583,0.011000200120072046,0.3966798745914215,0.40632660009517646,0.1441695139934241,0.1829936656363035,0.07916342046544879,0.12699743950980255,0.032611875841501145,0.09438556366830139,0.06596472948185189,0.05361574001545858,1.2940000000000003,0.04805650466447472,0.11731164763296659,40.23066666666667,0.09149683281815175,0.1817712063559724,50.425333333333334,0.07916342046544879,0.09556873021778768,84.02866666666667,0.0076296296296296294,0.031216471111515275,0.6426666666666666,0.007555581895345431,0.10825696216696055,0.08466666666666668,0.05361574001545858,0.012401577277330825,0.42294677247888096
91,79,2012-03-31,14,2,2011-2012,L. Sorocabana,Minas,1,0.3756256732941212,0.11866239878700771,0.16930515632739757,0.0876581181797159,0.14928168727387234,0.052447467770781755,0.09683421950309064,0.04710695948579355,0.0668382542894402,0.7906666666666666,0.039554132929002575,0.12030746201661516,33.471333333333334,0.08465257816369878,0.17790913093365854,47.19733333333333,0.0876581181797159,0.11576367471932249,76.212,0.004570922628382732,0.0375591716380047,0.594,0.005013887233030775,0.09759382431566722,0.05933333333333333,0.0668382542894402,0.011561675080819633,0.36284700031067246,0.39269603308329726,0.09796078644743188,0.2159962827681828,0.07873896386768256,0.14190842125030648,0.04997969860088103,0.09192872264942543,0.065241560189528,0.06353968363675414,1.1166666666666667,0.03265359548247729,0.09100035164072547,36.544000000000004,0.1079981413840914,0.21198858948195717,51.29066666666667,0.07873896386768256,0.10116467011614902,78.25133333333333,0.006283395115832968,0.03480920192809291,0.5860000000000001,0.014262617212038782,0.10684756148461963,0.136,0.06353968363675414,0.0154574411964268,0.41819607600973513
75,64,2012-03-31,14,2,2011-2012,Coop/São José Basketball,Paulistano,1,0.4421655397308389,0.1342407430868249,0.20370877765805886,0.10421601898595521,0.16294009880792942,0.04206798305471192,0.12087211575321753,0.09620974941089137,0.07076351735881166,1.4819999999999998,0.04474691436227497,0.11921439594299683,37.324666666666666,0.10185438882902943,0.17666159892181144,57.39400000000001,0.10421601898595521,0.12459043491253863,83.58066666666666,0.005680276701802339,0.03407907506811081,0.5173333333333334,0.01603216674821157,0.0921611171532531,0.1766666666666667,0.07076351735881166,0.012677897508903396,0.5290140048070833,0.41851502218051195,0.12038201568642835,0.2131397213809558,0.08499328511312788,0.14967929733257887,0.037831363239201075,0.1118479340933778,0.06122139035134437,0.07074966027509107,0.974,0.040127338562142775,0.10708028249584339,36.60466666666667,0.1065698606904779,0.18993166340346407,55.726000000000006,0.08499328511312788,0.11017904160899694,74.75266666666668,0.007384685494862309,0.036222765521295885,0.5746666666666668,0.010409619506072082,0.11291012597997242,0.09866666666666668,0.07074966027509107,0.019455347563366955,0.4487993987277243
85,86,2012-03-31,14,2,2011-2012,Joinville,Pinheiros,0,0.3950623740567403,0.08144874725790173,0.2172290090994517,0.09638461769938685,0.1421482855629107,0.04198513661346184,0.10016314894944886,0.05989164848152654,0.055507118921301224,1.2346666666666666,0.02714958241930058,0.08216255066790802,33.366,0.10861450454972585,0.20781440621344918,51.908,0.09638461769938685,0.1323204509899313,73.892,0.009185691913602622,0.03315547733370923,0.7053333333333334,0.006144380725975665,0.11180868047573073,0.05666666666666667,0.055507118921301224,0.014440094968936449,0.4160426403329822,0.44674205339290746,0.12511878775653884,0.24107594424713347,0.0805473213892352,0.1480696105399083,0.03910036207035312,0.10896924846955518,0.08753889032135229,0.05936107291406993,1.5766666666666667,0.04170626258551295,0.10329950127993379,39.808,0.12053797212356673,0.19977084000837522,60.17333333333334,0.0805473213892352,0.1114329350032506,71.24266666666668,0.01718890006444164,0.04572672734554515,0.8033333333333333,0.016644739651472302,0.09466528905807697,0.174,0.05936107291406993,0.013634562736674655,0.5333514360060142
66,85,2012-03-31,14,2,2011-2012,Espírito Santo,Sesi Franca,0,0.3210162605693701,0.10522872644997026,0.15163700108774408,0.06415053303165577,0.12841304440478904,0.036149882608880954,0.09226316179590807,0.04800303530628242,0.07974442646979796,0.7173333333333333,0.03507624214999008,0.10563526662701127,32.43333333333333,0.07581850054387204,0.17637709140571,43.495999999999995,0.06415053303165577,0.08329976521776192,77.28733333333334,0.0030002168075916017,0.03581719969832243,0.4733333333333334,0.009852068659443455,0.1103747065222024,0.09333333333333335,0.07974442646979796,0.016593243015367395,0.2870903346434442,0.4163333333333333,0.10844444444444443,0.2185925925925926,0.08929629629629628,0.14818518518518517,0.04551851851851852,0.10266666666666666,0.08174074074074072,0.07251851851851851,1.2620000000000002,0.036148148148148145,0.09870370370370372,36.66599999999999,0.1092962962962963,0.20796296296296296,53.35466666666668,0.08929629629629628,0.10955555555555557,82.796,0.008296296296296296,0.03385185185185185,0.5033333333333334,0.014481481481481482,0.11196296296296297,0.12866666666666665,0.07251851851851851,0.013222222222222222,0.4547407407407407
81,65,2012-03-31,14,2,2011-2012,Flamengo,Araraquara,1,0.44481481481481483,0.1282929292929293,0.24659932659932662,0.06992255892255894,0.15306060606060604,0.035222222222222224,0.11783838383838385,0.0861919191919192,0.05447474747474748,1.676,0.04276430976430976,0.09798989898989899,42.79466666666666,0.12329966329966331,0.2101919191919192,58.85466666666668,0.06992255892255894,0.09366666666666666,74.71133333333333,0.003966329966329967,0.034289562289562286,0.6699999999999999,0.008858585858585859,0.0877878787878788,0.108,0.05447474747474748,0.013121212121212122,0.5293973063973063,0.38938809313238865,0.09435957057128742,0.22545667531246616,0.06957184724863504,0.1110625072915301,0.026154023495202038,0.08490848379632804,0.06831515635441711,0.06668335719722586,1.0326666666666666,0.03145319019042915,0.08895229719185019,35.433333333333344,0.11272833765623308,0.21097199134794817,53.70733333333333,0.06957184724863504,0.09213204241053895,73.70133333333334,0.004631398917087203,0.03667444340530183,0.5573333333333335,0.00929806558375387,0.11091392436408662,0.08133333333333334,0.06668335719722586,0.01481811931173879,0.38545986120586234
