placar_casa,placar_visitante,data,round,stage,ano,equipe_casa,equipe_visitante,Pts_casa,3P_casa,2P_casa,LL_casa,RT_casa,RO_casa,RD_casa,AS_casa,ER_casa,IA%_casa,3PC_casa,3PT_casa,3P%_casa,2PC_casa,2PT_casa,2P%_casa,LLC_casa,LLT_casa,LL%_casa,EN_casa,BR_casa,B/E_casa,TO_casa,FC_casa,T/FC_casa,ET_casa,VI_casa,EF_casa,Pts_visitante,3P_visitante,2P_visitante,LL_visitante,RT_visitante,RO_visitante,RD_visitante,AS_visitante,ER_visitante,IA%_visitante,3PC_visitante,3PT_visitante,3P%_visitante,2PC_visitante,2PT_visitante,2P%_visitante,LLC_visitante,LLT_visitante,LL%_visitante,EN_visitante,BR_visitante,B/E_visitante,TO_visitante,FC_visitante,T/FC_visitante,ET_visitante,VI_visitante,EF_visitante
100,95,2023-10-26,1,1,2023-24,Los Angeles Lakers,Phoenix Suns,107.0,30.0,62.0,15.0,44.0,13.0,31.0,23.0,12.0,1.9166666666666667,10.0,29.0,34.5,31.0,61.0,50.81967213114754,15.0,20.0,75.0,0.0,5.0,0.4166666666666667,4.0,18.0,0.2222222222222222,12.0,0.0,117.0,108.0,33.0,62.0,13.0,60.0,17.0,43.0,23.0,19.0,1.2105263157894737,11.0,33.0,33.300000000000004,31.0,62.0,50.0,13.0,17.0,76.5,0.0,5.0,0.2631578947368421,7.0,22.0,0.3181818181818182,19.0,0.0,127.0
97,102,2023-10-27,1,1,2023-24,Portland Trail Blazers,Orlando Magic,111.0,30.0,68.0,13.0,40.0,15.0,25.0,20.0,18.0,1.1111111111111112,10.0,32.0,31.3,34.0,61.0,55.73770491803278,13.0,17.0,76.5,0.0,10.0,0.5555555555555556,4.0,20.0,0.2,18.0,0.0,114.0,116.0,27.0,66.0,23.0,57.0,17.0,40.0,19.0,16.0,1.1875,9.0,34.0,26.5,33.0,53.0,62.264150943396224,23.0,26.0,88.5,0.0,8.0,0.5,6.0,20.0,0.3,16.0,0.0,142.0
99,111,2023-10-27,1,1,2023-24,Charlotte Hornets,Detroit Pistons,116.0,33.0,64.0,19.0,51.0,12.0,39.0,34.0,19.0,1.7894736842105263,11.0,37.0,29.7,32.0,49.0,65.3061224489796,19.0,26.0,73.1,0.0,5.0,0.2631578947368421,3.0,21.0,0.14285714285714285,19.0,0.0,140.0,102.0,33.0,60.0,9.0,56.0,17.0,39.0,28.0,17.0,1.6470588235294117,11.0,32.0,34.4,30.0,60.0,50.0,9.0,15.0,60.0,0.0,3.0,0.17647058823529413,13.0,23.0,0.5652173913043478,17.0,0.0,128.0
104,103,2023-10-27,1,1,2023-24,Chicago Bulls,Toronto Raptors,104.0,36.0,54.0,14.0,42.0,13.0,29.0,26.0,13.0,2.0,12.0,42.0,28.599999999999998,27.0,52.0,51.92307692307693,14.0,18.0,77.8,0.0,10.0,0.7692307692307693,3.0,16.0,0.1875,13.0,0.0,113.0,97.0,42.0,44.0,11.0,47.0,8.0,39.0,27.0,14.0,1.9285714285714286,14.0,35.0,40.0,22.0,55.0,40.0,11.0,16.0,68.8,0.0,9.0,0.6428571428571429,11.0,18.0,0.6111111111111112,14.0,0.0,118.0
105,108,2023-10-27,1,1,2023-24,Cleveland Cavaliers,Oklahoma City Thunder,114.0,51.0,54.0,9.0,38.0,9.0,29.0,25.0,10.0,2.5,17.0,43.0,39.5,27.0,51.0,52.94117647058824,9.0,10.0,90.0,0.0,10.0,1.0,6.0,23.0,0.2608695652173913,10.0,0.0,132.0,124.0,57.0,52.0,15.0,43.0,5.0,38.0,30.0,16.0,1.875,19.0,39.0,48.699999999999996,26.0,43.0,60.46511627906976,15.0,18.0,83.3,0.0,6.0,0.375,4.0,19.0,0.21052631578947367,16.0,0.0,151.0
125,120,2023-10-27,1,1,2023-24,Dallas Mavericks,Brooklyn Nets,126.0,45.0,64.0,17.0,48.0,13.0,35.0,24.0,12.0,2.0,15.0,47.0,31.900000000000002,32.0,52.0,61.53846153846154,17.0,23.0,73.9,0.0,6.0,0.5,3.0,20.0,0.15,12.0,0.0,137.0,113.0,27.0,66.0,20.0,50.0,13.0,37.0,30.0,18.0,1.6666666666666667,9.0,27.0,33.300000000000004,33.0,57.0,57.89473684210527,20.0,26.0,76.9,0.0,6.0,0.3333333333333333,6.0,16.0,0.375,18.0,0.0,139.0
120,126,2023-10-27,1,1,2023-24,Atlanta Hawks,New York Knicks,110.0,15.0,68.0,27.0,42.0,12.0,30.0,24.0,12.0,2.0,5.0,29.0,17.2,34.0,64.0,53.125,27.0,33.0,81.8,0.0,12.0,1.0,1.0,19.0,0.05263157894736842,12.0,0.0,117.0,104.0,54.0,36.0,14.0,47.0,17.0,30.0,24.0,11.0,2.1818181818181817,18.0,41.0,43.9,18.0,56.0,32.142857142857146,14.0,26.0,53.800000000000004,0.0,9.0,0.8181818181818182,0.0,22.0,0.0,11.0,0.0,100.0
120,118,2023-10-27,1,1,2023-24,Utah Jazz,LA Clippers,114.0,27.0,64.0,23.0,54.0,16.0,38.0,22.0,14.0,1.5714285714285714,9.0,28.0,32.1,32.0,63.0,50.79365079365079,23.0,31.0,74.2,0.0,6.0,0.42857142857142855,2.0,20.0,0.1,14.0,0.0,126.0,123.0,48.0,62.0,13.0,45.0,14.0,31.0,36.0,18.0,2.0,16.0,34.0,47.099999999999994,31.0,56.0,55.35714285714286,13.0,16.0,81.3,0.0,11.0,0.6111111111111112,7.0,20.0,0.35,18.0,0.0,158.0
126,122,2023-10-27,1,1,2023-24,San Antonio Spurs,Houston Rockets,119.0,33.0,70.0,16.0,45.0,9.0,36.0,33.0,19.0,1.736842105263158,11.0,35.0,31.4,35.0,54.0,64.81481481481481,16.0,22.0,72.7,0.0,8.0,0.42105263157894735,5.0,23.0,0.21739130434782608,19.0,0.0,142.0,86.0,36.0,40.0,10.0,31.0,7.0,24.0,19.0,19.0,1.0,12.0,34.0,35.3,20.0,45.0,44.44444444444444,10.0,16.0,62.5,0.0,6.0,0.3157894736842105,3.0,24.0,0.125,19.0,0.0,73.0
114,122,2023-10-27,1,1,2023-24,Sacramento Kings,Golden State Warriors,130.0,57.0,56.0,17.0,45.0,15.0,30.0,29.0,12.0,2.4166666666666665,19.0,51.0,37.3,28.0,51.0,54.90196078431373,17.0,20.0,85.0,0.0,6.0,0.5,8.0,25.0,0.32,12.0,0.0,148.0,104.0,30.0,52.0,22.0,49.0,18.0,31.0,19.0,11.0,1.7272727272727273,10.0,43.0,23.3,26.0,58.0,44.827586206896555,22.0,28.0,78.60000000000001,0.0,11.0,1.0,6.0,23.0,0.2608695652173913,11.0,0.0,107.0
104,108,2023-10-27,1,1,2023-24,Memphis Grizzlies,Denver Nuggets,104.0,36.0,52.0,16.0,37.0,8.0,29.0,23.0,13.0,1.7692307692307692,12.0,43.0,27.900000000000002,26.0,48.0,54.166666666666664,16.0,20.0,80.0,0.0,8.0,0.6153846153846154,7.0,19.0,0.3684210526315789,13.0,0.0,109.0,119.0,42.0,68.0,9.0,42.0,9.0,33.0,29.0,12.0,2.4166666666666665,14.0,34.0,41.199999999999996,34.0,57.0,59.64912280701754,9.0,12.0,75.0,0.0,9.0,0.75,6.0,15.0,0.4,12.0,0.0,147.0
119,111,2023-10-27,1,1,2023-24,Boston Celtics,Miami Heat,108.0,36.0,50.0,22.0,46.0,7.0,39.0,18.0,13.0,1.3846153846153846,12.0,39.0,30.8,25.0,38.0,65.78947368421053,22.0,26.0,84.6,0.0,6.0,0.46153846153846156,11.0,22.0,0.5,13.0,0.0,132.0,103.0,24.0,58.0,21.0,48.0,16.0,32.0,22.0,7.0,3.142857142857143,8.0,22.0,36.4,29.0,70.0,41.42857142857143,21.0,26.0,80.80000000000001,0.0,11.0,1.5714285714285714,3.0,18.0,0.16666666666666666,7.0,0.0,120.0
113,106,2023-10-28,1,1,2023-24,Washington Wizards,Memphis Grizzlies,120.0,27.0,70.0,23.0,45.0,11.0,34.0,28.0,14.0,2.0,9.0,24.0,37.5,35.0,72.0,48.61111111111111,23.0,29.0,79.3,0.0,6.0,0.42857142857142855,9.0,11.0,0.8181818181818182,14.0,0.0,136.0,104.0,33.0,53.0,18.0,42.5,10.5,32.0,22.5,17.0,1.4084249084249083,11.0,38.0,29.1,26.5,50.0,53.044871794871796,18.0,22.0,81.65,0.0,10.5,0.6172161172161172,7.0,21.0,0.33638443935926776,17.0,0.0,115.0
126,104,2023-10-28,1,1,2023-24,Phoenix Suns,Utah Jazz,101.5,30.0,56.0,15.5,54.5,13.5,41.0,19.5,21.5,0.9385964912280702,10.0,32.0,31.15,28.0,56.0,50.0,15.5,20.0,77.4,0.0,6.0,0.2774122807017544,5.0,21.5,0.2305194805194805,21.5,0.0,110.5,117.0,37.5,58.0,21.5,49.5,16.5,33.0,24.5,14.0,1.75,12.5,34.5,35.55,29.0,59.0,49.03318903318903,21.5,26.5,82.55000000000001,0.0,6.5,0.4642857142857143,3.0,22.0,0.13333333333333333,14.0,0.0,129.5
113,125,2023-10-28,1,1,2023-24,Cleveland Cavaliers,Indiana Pacers,109.5,43.5,53.0,13.0,43.0,8.5,34.5,22.5,12.0,1.9642857142857144,14.5,44.0,33.1,26.5,49.0,54.13016270337923,13.0,16.5,81.95,0.0,10.0,0.8571428571428572,7.0,19.5,0.3804347826086957,12.0,0.0,124.5,143.0,60.0,72.0,11.0,51.0,10.0,41.0,38.0,12.0,3.1666666666666665,20.0,43.0,46.5,36.0,64.0,56.25,11.0,12.0,91.7,0.0,10.0,0.8333333333333334,8.0,23.0,0.34782608695652173,12.0,0.0,186.0
107,114,2023-10-28,1,1,2023-24,Toronto Raptors,Philadelphia 76ers,100.0,34.5,52.0,13.5,50.0,8.0,42.0,26.0,18.5,1.5077639751552794,11.5,35.5,32.5,26.0,51.5,51.25,13.5,20.5,66.4,0.0,7.0,0.4301242236024845,6.5,23.5,0.34003831417624525,18.5,0.0,114.5,117.0,48.0,50.0,19.0,39.0,4.0,35.0,25.0,15.0,1.6666666666666667,16.0,35.0,45.7,25.0,45.0,55.55555555555556,19.0,28.0,67.9,0.0,8.0,0.5333333333333333,4.0,28.0,0.14285714285714285,15.0,0.0,130.0
106,90,2023-10-28,1,1,2023-24,Minnesota Timberwolves,Miami Heat,94.0,24.0,52.0,18.0,62.0,16.0,46.0,20.0,14.0,1.4285714285714286,8.0,31.0,25.8,26.0,69.0,37.68115942028986,18.0,22.0,81.8,0.0,8.0,0.5714285714285714,9.0,14.0,0.6428571428571429,14.0,0.0,109.0,107.0,36.0,51.0,20.0,46.5,13.5,33.0,23.0,9.5,2.571428571428571,12.0,27.5,42.45,25.5,63.0,40.35714285714286,20.0,24.5,81.7,0.0,9.5,1.119047619047619,4.5,17.0,0.2708333333333333,9.5,0.0,123.5
118,102,2023-10-28,1,1,2023-24,Detroit Pistons,Chicago Bulls,106.5,31.5,60.0,15.0,54.5,14.5,40.0,28.0,20.5,1.406862745098039,10.5,31.0,33.85,30.0,59.0,50.86206896551724,15.0,20.0,72.0,0.0,5.0,0.2340686274509804,9.5,26.0,0.38605697151424284,20.5,0.0,128.5,104.0,30.0,56.0,18.0,47.0,14.0,33.0,22.0,15.0,1.5294117647058822,10.0,40.5,24.549999999999997,28.0,56.0,50.12820512820513,18.0,23.0,78.2,0.0,10.0,0.6787330316742082,4.0,19.0,0.20738636363636365,15.0,0.0,108.5
96,87,2023-10-28,1,1,2023-24,New Orleans Pelicans,New York Knicks,111.0,42.0,52.0,17.0,52.0,11.0,41.0,22.0,21.0,1.0476190476190477,14.0,32.0,43.8,26.0,53.0,49.056603773584904,17.0,22.0,77.3,0.0,8.0,0.38095238095238093,5.0,21.0,0.23809523809523808,21.0,0.0,127.0,115.0,57.0,41.0,17.0,46.0,14.5,31.5,27.0,13.5,2.028409090909091,19.0,42.5,44.7,20.5,51.0,41.07142857142857,17.0,27.0,62.599999999999994,0.0,9.0,0.6903409090909092,3.0,21.5,0.14285714285714285,13.5,0.0,122.5
123,83,2023-10-29,1,1,2023-24,LA Clippers,San Antonio Spurs,120.5,45.0,58.0,17.5,40.5,10.0,30.5,26.5,17.0,1.53125,15.0,34.5,43.55,29.0,49.0,59.82142857142858,17.5,22.0,79.95,0.0,9.5,0.5555555555555556,6.5,21.0,0.31136363636363634,17.0,0.0,142.5,122.5,36.0,68.0,18.5,44.0,10.5,33.5,32.5,18.5,1.7573099415204678,12.0,38.5,31.2,34.0,53.0,64.13817663817663,18.5,25.0,73.85,0.0,9.5,0.5160818713450293,4.5,20.0,0.22634271099744246,18.5,0.0,142.5
110,127,2023-10-29,1,1,2023-24,Milwaukee Bucks,Atlanta Hawks,118.0,33.0,60.0,25.0,43.0,8.0,35.0,20.0,14.0,1.4285714285714286,11.0,30.0,36.7,30.0,51.0,58.82352941176471,25.0,36.0,69.39999999999999,0.0,9.0,0.6428571428571429,4.0,23.0,0.17391304347826086,14.0,0.0,129.0,115.0,25.5,64.0,25.5,43.0,10.5,32.5,26.0,13.0,2.0,8.5,30.5,27.35,32.0,59.5,53.835227272727266,25.5,31.5,80.9,0.0,9.5,0.75,3.5,19.5,0.1763157894736842,13.0,0.0,128.5
95,128,2023-10-29,1,1,2023-24,Oklahoma City Thunder,Denver Nuggets,116.0,48.0,53.0,15.0,45.0,5.5,39.5,26.0,17.0,1.5486111111111112,16.0,32.5,49.349999999999994,26.5,52.0,52.363705680518486,15.0,18.5,81.1,0.0,7.0,0.4097222222222222,7.0,18.0,0.3993808049535604,17.0,0.0,138.5,113.5,42.0,61.0,10.5,41.0,7.5,33.5,28.0,15.5,1.918859649122807,14.0,35.5,39.5,30.5,54.0,56.29514963880289,10.5,15.0,70.85,0.0,10.0,0.6644736842105263,8.0,16.5,0.4777777777777778,15.5,0.0,135.5
95,106,2023-10-29,1,1,2023-24,Houston Rockets,Golden State Warriors,104.0,30.0,64.0,10.0,37.0,9.0,28.0,24.5,18.5,1.3333333333333335,10.0,33.0,30.15,32.0,56.5,54.57516339869281,10.0,18.0,56.25,0.0,6.5,0.35233918128654973,2.5,25.0,0.10096153846153846,18.5,0.0,100.5,113.0,36.0,60.0,17.0,44.0,12.5,31.5,25.5,15.0,1.7057416267942584,12.0,37.5,33.55,30.0,56.5,53.322884012539184,17.0,21.0,82.15,0.0,12.5,0.868421052631579,4.5,23.5,0.19293478260869565,15.0,0.0,128.5
132,127,2023-10-29,1,1,2023-24,Sacramento Kings,Los Angeles Lakers,122.0,46.5,57.0,18.5,43.0,12.5,30.5,26.5,13.0,2.0654761904761902,15.5,45.5,33.65,28.5,52.5,54.30283224400872,18.5,24.5,77.0,0.0,8.0,0.6071428571428572,5.5,20.5,0.25375000000000003,13.0,0.0,132.0,103.5,22.5,62.0,19.0,43.0,10.5,32.5,23.5,14.0,1.7083333333333335,7.5,29.0,25.85,31.0,58.0,53.59165424739195,19.0,24.5,77.15,0.0,9.5,0.6458333333333334,5.5,20.5,0.2632850241545894,14.0,0.0,117.0
126,98,2023-10-29,1,1,2023-24,Philadelphia 76ers,Portland Trail Blazers,115.5,39.0,58.0,18.5,40.5,6.5,34.0,25.0,13.0,1.9696969696969697,13.0,31.5,40.7,29.0,51.5,56.22605363984675,18.5,24.5,76.80000000000001,0.0,8.0,0.6303030303030304,5.5,23.0,0.26587301587301587,13.0,0.0,134.5,104.0,28.5,60.0,15.5,43.5,15.0,28.5,17.5,17.0,1.0243055555555556,9.5,32.0,29.700000000000003,30.0,58.5,51.0831381733021,15.5,19.0,81.1,0.0,8.0,0.4652777777777778,2.5,22.0,0.12083333333333333,17.0,0.0,104.0
91,99,2023-10-30,1,1,2023-24,Toronto Raptors,Portland Trail Blazers,102.33333333333333,40.0,48.666666666666664,13.666666666666666,47.0,9.666666666666666,37.333333333333336,26.666666666666668,16.666666666666668,1.723124701385571,13.333333333333334,34.333333333333336,39.36666666666667,24.333333333333332,52.666666666666664,46.8939393939394,13.666666666666666,20.0,68.83333333333333,0.0,6.333333333333333,0.4149546106067845,6.0,22.0,0.31441150769644416,16.666666666666668,0.0,116.0,102.0,26.0,59.333333333333336,16.666666666666668,43.0,14.666666666666666,28.333333333333332,18.0,16.666666666666668,1.0787037037037037,8.666666666666666,31.666666666666668,27.333333333333332,29.666666666666668,60.0,49.39934079278341,16.666666666666668,20.0,82.86666666666667,0.0,8.666666666666666,0.5185185185185185,4.666666666666667,23.333333333333332,0.19594017094017094,16.666666666666668,0.0,103.0
106,103,2023-10-30,1,1,2023-24,Los Angeles Lakers,Orlando Magic,111.33333333333333,30.0,60.0,21.333333333333332,46.333333333333336,9.666666666666666,36.666666666666664,24.666666666666668,13.333333333333334,1.888888888888889,10.0,34.333333333333336,28.333333333333332,30.0,56.333333333333336,53.337832391343056,21.333333333333332,27.666666666666668,76.93333333333334,0.0,7.666666666666667,0.5416666666666666,5.0,21.0,0.2361294100424535,13.333333333333334,0.0,124.66666666666667,109.0,27.0,60.0,22.0,51.0,13.5,37.5,20.5,15.0,1.3794642857142856,9.0,31.0,29.3,30.0,52.0,57.60266370699223,22.0,29.0,77.05000000000001,0.0,9.0,0.6071428571428572,5.5,18.0,0.30625,15.0,0.0,129.0
124,112,2023-10-30,1,1,2023-24,Oklahoma City Thunder,Detroit Pistons,109.0,38.0,56.0,15.0,39.666666666666664,6.0,33.666666666666664,24.666666666666668,14.666666666666666,1.7657407407407408,12.666666666666666,32.333333333333336,39.166666666666664,28.0,54.0,52.72522907436865,15.0,18.333333333333332,81.83333333333333,0.0,7.333333333333333,0.5398148148148149,6.0,16.666666666666668,0.3614919652071355,14.666666666666666,0.0,123.0,110.33333333333333,33.0,62.0,15.333333333333334,54.0,14.666666666666666,39.333333333333336,28.333333333333332,19.333333333333332,1.5065359477124183,11.0,30.0,36.86666666666667,31.0,58.666666666666664,52.87356321839081,15.333333333333334,20.0,74.66666666666667,0.0,4.666666666666667,0.23447712418300656,7.666666666666667,23.333333333333332,0.33144538841690263,19.333333333333332,0.0,134.33333333333334
110,102,2023-10-30,1,1,2023-24,Denver Nuggets,Utah Jazz,118.33333333333333,39.0,68.66666666666667,10.666666666666666,43.333333333333336,8.333333333333334,35.0,30.0,14.666666666666666,2.151034637876743,13.0,32.666666666666664,39.9,34.333333333333336,56.333333333333336,60.48091943133307,10.666666666666666,14.333333333333334,75.43333333333334,0.0,9.333333333333334,0.648110661268556,7.0,18.0,0.3978835978835979,14.666666666666666,0.0,148.0,112.66666666666667,37.0,57.333333333333336,18.333333333333332,48.0,16.0,32.0,25.0,15.666666666666666,1.6228070175438596,12.333333333333334,35.333333333333336,34.5,28.666666666666668,57.333333333333336,49.97274330607664,18.333333333333332,22.333333333333332,83.60000000000001,0.0,6.333333333333333,0.4147869674185463,3.6666666666666665,21.333333333333332,0.1722222222222222,15.666666666666666,0.0,124.33333333333333
121,133,2023-10-30,1,1,2023-24,Charlotte Hornets,Brooklyn Nets,107.5,27.0,58.0,22.5,46.0,11.5,34.5,27.0,18.5,1.4502923976608186,9.0,32.5,27.35,29.0,54.5,54.31972789115646,22.5,30.0,74.8,0.0,9.0,0.4926900584795322,5.0,22.0,0.2236024844720497,18.5,0.0,119.5,116.5,45.0,57.0,14.5,48.5,11.5,37.0,30.0,17.0,1.7708333333333335,15.0,35.0,41.05,28.5,53.0,53.43716433941998,14.5,18.0,83.45,0.0,5.5,0.32291666666666663,5.0,22.0,0.2589285714285714,17.0,0.0,140.5
107,126,2023-10-30,1,1,2023-24,Washington Wizards,Boston Celtics,116.5,37.5,59.0,20.0,45.0,11.0,34.0,26.0,13.0,2.0,12.5,35.0,36.15,29.5,59.5,49.83747044917257,20.0,25.5,78.3,0.0,7.5,0.5892857142857143,7.0,13.0,0.5757575757575758,13.0,0.0,131.0,113.5,42.0,54.0,17.5,50.5,11.5,39.0,19.0,14.0,1.358974358974359,14.0,39.0,35.9,27.0,47.0,58.78759398496241,17.5,22.5,76.5,0.0,6.5,0.4641025641025641,8.5,20.5,0.40789473684210525,14.0,0.0,134.0
122,114,2023-10-30,1,1,2023-24,Milwaukee Bucks,Miami Heat,114.0,40.5,53.0,20.5,41.0,10.0,31.0,21.0,18.5,1.1925465838509317,13.5,37.0,36.55,26.5,46.5,56.79271708683474,20.5,28.0,74.69999999999999,0.0,9.5,0.5388198757763976,3.5,22.5,0.1551383399209486,18.5,0.0,119.5,101.33333333333333,36.0,49.333333333333336,16.0,45.0,12.0,33.0,23.333333333333332,11.333333333333334,2.2476190476190476,12.0,31.0,38.833333333333336,24.666666666666668,58.333333333333336,42.55102040816326,16.0,21.0,73.5,0.0,8.333333333333334,0.8793650793650793,3.3333333333333335,15.333333333333334,0.20833333333333334,11.333333333333334,0.0,112.33333333333333
102,130,2023-10-30,1,1,2023-24,New Orleans Pelicans,Golden State Warriors,103.5,34.5,57.0,12.0,47.5,7.5,40.0,21.0,17.0,1.293040293040293,11.5,32.5,35.55,28.5,53.5,53.23200559049616,12.0,19.0,60.55,0.0,8.0,0.4981684981684982,5.0,21.5,0.23268398268398266,17.0,0.0,115.0,110.66666666666667,42.0,51.333333333333336,17.333333333333332,45.666666666666664,11.0,34.666666666666664,26.0,14.666666666666666,1.7800182273866483,14.0,40.0,35.699999999999996,25.666666666666668,49.666666666666664,51.28933008243353,17.333333333333332,21.666666666666668,80.86666666666667,0.0,10.333333333333334,0.7218045112781954,5.0,21.666666666666668,0.2397342995169082,14.666666666666666,0.0,128.66666666666666
110,125,2023-10-30,1,1,2023-24,Memphis Grizzlies,Dallas Mavericks,104.66666666666667,41.0,48.666666666666664,15.0,43.333333333333336,9.0,34.333333333333336,24.0,17.333333333333332,1.438949938949939,13.666666666666666,41.0,32.86666666666667,24.333333333333332,48.0,50.51476301476301,15.0,17.666666666666668,87.76666666666667,0.0,9.333333333333334,0.5411070411070411,7.333333333333333,21.0,0.35124041989030547,17.333333333333332,0.0,117.66666666666667,125.5,45.0,61.0,19.5,44.0,10.5,33.5,22.0,10.5,2.111111111111111,15.0,41.5,36.8,30.5,53.5,57.13286713286713,19.5,25.5,76.25,0.0,5.5,0.5277777777777778,2.5,17.5,0.14166666666666666,10.5,0.0,133.5
105,112,2023-10-30,1,1,2023-24,Indiana Pacers,Chicago Bulls,134.0,52.5,69.0,12.5,49.5,10.5,39.0,37.0,10.0,3.833333333333333,17.5,40.5,43.0,34.5,62.0,55.625,12.5,14.5,87.05,0.0,6.5,0.6041666666666667,6.0,21.5,0.27391304347826084,10.0,0.0,170.5,103.33333333333333,31.0,56.0,16.333333333333332,42.333333333333336,13.666666666666666,28.666666666666668,20.0,12.666666666666666,1.6862745098039216,10.333333333333334,36.333333333333336,29.46666666666667,28.0,59.0,47.77777777777778,16.333333333333332,20.666666666666668,79.23333333333333,0.0,10.0,0.8691553544494721,4.333333333333333,19.333333333333332,0.2215909090909091,12.666666666666666,0.0,106.0
127,113,2023-10-30,1,1,2023-24,Atlanta Hawks,Minnesota Timberwolves,119.0,32.0,64.0,23.0,44.0,11.333333333333334,32.666666666666664,28.0,14.333333333333334,1.9607843137254903,10.666666666666666,32.666666666666664,31.733333333333334,32.0,58.333333333333336,54.93777056277056,23.0,28.333333333333332,81.2,0.0,11.333333333333334,0.7941176470588235,3.0,18.666666666666668,0.15675954592363261,14.333333333333334,0.0,137.33333333333334,100.0,30.0,58.0,12.0,54.5,11.5,43.0,25.0,15.0,1.6517857142857144,10.0,32.5,30.549999999999997,29.0,60.5,49.609810479375696,12.0,15.0,78.4,0.0,8.5,0.5669642857142857,6.0,15.5,0.40966386554621853,15.0,0.0,122.0
91,109,2023-10-31,1,1,2023-24,Cleveland Cavaliers,New York Knicks,110.66666666666667,41.0,56.0,13.666666666666666,45.666666666666664,11.666666666666666,34.0,24.666666666666668,10.333333333333334,2.690476190476191,13.666666666666666,39.666666666666664,34.96666666666667,28.0,55.333333333333336,51.2828535669587,13.666666666666666,19.0,75.46666666666667,0.0,7.333333333333333,0.6666666666666666,6.666666666666667,18.333333333333332,0.3786231884057971,10.333333333333334,0.0,126.0,105.66666666666667,45.0,44.666666666666664,16.0,50.333333333333336,15.0,35.333333333333336,24.333333333333332,15.333333333333334,1.6856060606060606,15.0,40.666666666666664,36.1,22.333333333333332,51.666666666666664,43.73315363881401,16.0,24.0,67.66666666666667,0.0,8.333333333333334,0.5830342902711324,3.0,20.0,0.15406162464985995,15.333333333333334,0.0,113.33333333333333
118,102,2023-10-31,1,1,2023-24,LA Clippers,Orlando Magic,121.33333333333333,46.0,59.333333333333336,16.0,43.0,9.666666666666666,33.333333333333336,25.333333333333332,16.666666666666668,1.5,15.333333333333334,37.0,41.73333333333333,29.666666666666668,49.0,60.96938775510205,16.0,21.666666666666668,73.93333333333334,0.0,11.333333333333334,0.6828703703703703,6.0,19.333333333333332,0.3117424242424242,16.666666666666668,0.0,143.66666666666666,107.0,32.0,56.0,19.0,48.666666666666664,13.0,35.666666666666664,23.0,13.666666666666666,1.7681277056277056,10.666666666666666,32.333333333333336,32.86666666666667,28.0,54.666666666666664,51.73510913799482,19.0,25.333333333333332,75.43333333333334,0.0,9.333333333333334,0.7077922077922079,4.666666666666667,19.333333333333332,0.2496212121212121,13.666666666666666,0.0,124.33333333333333
114,115,2023-10-31,1,1,2023-24,Phoenix Suns,San Antonio Spurs,109.66666666666667,30.0,60.666666666666664,19.0,49.333333333333336,11.333333333333334,38.0,23.333333333333332,18.0,1.5651249335459863,10.0,33.666666666666664,29.766666666666666,30.333333333333332,53.333333333333336,57.638888888888886,19.0,22.666666666666668,82.56666666666666,0.0,7.333333333333333,0.4879718234981392,5.666666666666667,20.666666666666668,0.2764866712235133,18.0,0.0,127.0,109.33333333333333,35.0,58.0,16.333333333333332,41.666666666666664,9.0,32.666666666666664,28.666666666666668,20.666666666666668,1.4515399610136452,11.666666666666666,36.666666666666664,31.900000000000002,29.0,51.0,56.23396173041562,16.333333333333332,22.0,74.23333333333333,0.0,9.333333333333334,0.4640545808966861,5.0,21.0,0.23785166240409206,20.666666666666668,0.0,120.66666666666667
128,119,2023-11-01,1,1,2023-24,Houston Rockets,Charlotte Hornets,101.0,29.0,59.333333333333336,12.666666666666666,38.666666666666664,9.333333333333334,29.333333333333332,23.666666666666668,14.666666666666666,1.9365079365079365,9.666666666666666,33.0,29.2,29.666666666666668,56.666666666666664,51.00332530673088,12.666666666666666,18.333333333333332,69.06666666666666,0.0,6.666666666666667,0.5682261208576999,3.0,23.333333333333332,0.13397435897435897,14.666666666666666,0.0,102.33333333333333,112.0,26.0,64.66666666666667,21.333333333333332,43.666666666666664,10.333333333333334,33.333333333333336,29.0,15.666666666666666,2.066861598440546,8.666666666666666,32.0,26.833333333333332,32.333333333333336,58.0,56.21315192743764,21.333333333333332,26.666666666666668,81.53333333333333,0.0,8.666666666666666,0.5951267056530214,5.0,22.333333333333332,0.2215320910973085,15.666666666666666,0.0,128.33333333333334
130,121,2023-11-01,1,1,2023-24,Atlanta Hawks,Washington Wizards,121.0,34.5,65.0,21.5,42.0,9.5,32.5,28.0,13.5,2.106951871657754,11.5,32.0,35.475,32.5,57.75,56.38189935064935,21.5,25.75,84.5,0.0,10.0,0.731951871657754,4.0,17.0,0.26340299277605783,13.5,0.0,141.5,113.33333333333333,36.0,58.0,19.333333333333332,43.333333333333336,11.0,32.333333333333336,26.0,13.666666666666666,1.9111111111111112,12.0,35.333333333333336,34.3,29.0,56.666666666666664,51.525633894219624,19.333333333333332,25.666666666666668,75.26666666666667,0.0,9.0,0.6595238095238095,6.0,13.0,0.48640248640248646,13.666666666666666,0.0,126.66666666666667
133,109,2023-11-01,1,1,2023-24,Utah Jazz,Memphis Grizzlies,110.0,36.0,58.5,15.5,48.75,16.25,32.5,26.25,15.0,1.7940283400809716,12.0,35.75,33.3,29.25,58.25,50.18447551234436,15.5,20.5,74.375,0.0,6.25,0.42647484094852517,3.25,21.25,0.1529761904761905,15.0,0.0,121.75,106.0,41.25,50.5,14.25,43.5,9.25,34.25,23.5,16.0,1.5375457875457874,13.75,40.0,34.1,25.25,49.75,50.61334498834499,14.25,18.25,80.825,0.0,9.25,0.5933302808302808,6.5,21.25,0.3088848603722746,16.0,0.0,118.0
101,110,2023-11-01,1,1,2023-24,Detroit Pistons,Portland Trail Blazers,110.75,36.0,58.5,16.25,50.75,14.25,36.5,29.0,18.75,1.5857843137254901,12.0,29.5,41.05,29.25,59.75,49.17898193760263,16.25,21.0,75.8,0.0,5.0,0.26409313725490197,7.0,23.75,0.29858404131267696,18.75,0.0,131.0,101.25,27.75,58.0,15.5,45.0,14.25,30.75,18.5,16.5,1.1215277777777777,9.25,32.5,28.35,29.0,57.5,50.54950559458756,15.5,18.75,82.15,0.0,8.0,0.4826388888888889,5.25,22.25,0.23906039136302293,16.5,0.0,106.5
155,104,2023-11-01,1,1,2023-24,Boston Celtics,Indiana Pacers,117.66666666666667,47.0,57.333333333333336,13.333333333333334,50.666666666666664,12.666666666666666,38.0,23.0,15.333333333333334,1.48005698005698,15.666666666666666,43.666666666666664,35.86666666666667,28.666666666666668,47.666666666666664,60.96043680630148,13.333333333333334,17.333333333333332,74.8,0.0,8.0,0.5131054131054131,7.666666666666667,20.666666666666668,0.36716791979949875,15.333333333333334,0.0,140.66666666666666,124.33333333333333,47.0,62.0,15.333333333333334,48.666666666666664,10.666666666666666,38.0,33.333333333333336,12.333333333333334,3.0653594771241828,15.666666666666666,42.333333333333336,37.36666666666667,31.0,55.333333333333336,56.13095238095238,15.333333333333334,18.0,86.03333333333335,0.0,6.666666666666667,0.5400326797385621,5.666666666666667,22.333333333333332,0.25205314009661833,12.333333333333334,0.0,152.66666666666666
105,109,2023-11-01,1,1,2023-24,Miami Heat,Brooklyn Nets,104.5,36.75,51.0,16.75,43.75,10.75,33.0,24.25,12.25,2.1357142857142857,12.25,31.75,38.675,25.5,56.75,45.37480376766091,16.75,20.75,78.875,0.0,8.0,0.7761904761904762,3.0,16.5,0.18125,12.25,0.0,116.5,122.0,42.0,62.666666666666664,17.333333333333332,47.666666666666664,11.0,36.666666666666664,28.333333333333332,16.0,1.775793650793651,14.0,34.333333333333336,39.5,31.333333333333332,53.333333333333336,58.4642823991195,17.333333333333332,22.666666666666668,79.60000000000001,0.0,5.0,0.310515873015873,6.0,21.0,0.31296992481203006,16.0,0.0,145.33333333333334
102,101,2023-11-01,1,1,2023-24,Golden State Warriors,Sacramento Kings,115.5,42.75,56.5,16.25,50.25,13.5,36.75,26.5,14.75,1.801680337206653,14.25,40.25,35.925,28.25,51.5,54.25647124603567,16.25,21.25,76.9,0.0,9.25,0.6413533834586466,5.5,21.5,0.26313405797101447,14.75,0.0,138.0,125.33333333333333,48.0,59.333333333333336,18.0,44.333333333333336,10.333333333333334,34.0,27.666666666666668,12.0,2.376984126984127,16.0,46.333333333333336,34.23333333333333,29.666666666666668,53.666666666666664,55.24950721029152,18.0,24.333333333333332,74.93333333333334,0.0,7.333333333333333,0.6047619047619047,6.0,23.0,0.2525,12.0,0.0,138.0
130,125,2023-11-01,1,1,2023-24,Los Angeles Lakers,LA Clippers,110.0,28.5,62.0,19.5,44.75,8.0,36.75,25.5,14.0,1.8541666666666667,9.5,32.5,28.65,31.0,55.25,56.349528139661146,19.5,25.25,77.15,0.0,7.5,0.515625,6.25,20.0,0.3241558810612519,14.0,0.0,127.0,120.5,45.0,59.5,16.0,43.25,9.5,33.75,26.25,16.5,1.578125,15.0,35.5,42.6,29.75,51.25,58.658075299085155,16.0,22.0,72.85,0.0,11.0,0.6684027777777778,5.5,21.0,0.27226835664335663,16.5,0.0,142.0
110,89,2023-11-01,1,1,2023-24,Minnesota Timberwolves,Denver Nuggets,104.33333333333333,36.0,57.333333333333336,11.0,49.0,11.0,38.0,24.666666666666668,14.666666666666666,1.6726190476190474,12.0,32.666666666666664,36.53333333333333,28.666666666666668,59.333333333333336,49.44747599209842,11.0,15.0,72.26666666666667,0.0,7.333333333333333,0.49702380952380953,5.666666666666667,16.0,0.3711484593837535,14.666666666666666,0.0,121.0,116.25,36.0,70.5,9.75,43.25,8.0,35.25,30.5,14.25,2.228660593792173,12.0,31.5,37.949999999999996,35.25,56.25,62.32497528778552,9.75,15.0,66.875,0.0,8.0,0.5630060728744939,7.25,17.0,0.44126984126984126,14.25,0.0,145.25
114,105,2023-11-01,1,1,2023-24,Dallas Mavericks,Chicago Bulls,125.33333333333333,53.0,53.333333333333336,19.0,45.333333333333336,9.0,36.333333333333336,22.666666666666668,12.0,1.9407407407407409,17.666666666666668,43.333333333333336,40.833333333333336,26.666666666666668,48.0,55.2056952056952,19.0,25.0,75.83333333333333,0.0,5.0,0.4407407407407407,4.0,17.333333333333332,0.23169934640522874,12.0,0.0,137.33333333333334,105.5,27.75,59.0,18.75,42.75,12.75,30.0,19.75,12.75,1.6300904977375565,9.25,31.5,30.925,29.5,61.75,47.97619047619048,18.75,23.25,80.4,0.0,9.5,0.8057126696832579,4.75,18.75,0.25442847593582885,12.75,0.0,110.5
106,110,2023-11-01,1,1,2023-24,Oklahoma City Thunder,New Orleans Pelicans,112.75,38.25,57.5,17.0,40.75,6.0,34.75,23.75,14.75,1.6743055555555557,12.75,31.5,40.575,28.75,54.0,53.89577365762833,17.0,20.75,81.9,0.0,7.75,0.5548611111111111,7.0,17.25,0.4026979212737727,14.75,0.0,129.5,103.0,33.0,56.666666666666664,13.333333333333334,44.666666666666664,9.666666666666666,35.0,21.666666666666668,15.0,1.558996558996559,11.0,34.666666666666664,32.233333333333334,28.333333333333332,53.666666666666664,52.77195434428139,13.333333333333334,21.333333333333332,60.86666666666667,0.0,8.0,0.5745365745365746,4.333333333333333,20.333333333333332,0.21067821067821066,15.0,0.0,109.66666666666667
89,95,2023-11-01,1,1,2023-24,New York Knicks,Cleveland Cavaliers,106.5,43.5,46.0,17.0,49.75,14.25,35.5,22.75,15.0,1.5856331168831168,14.5,39.0,36.625,23.0,51.75,44.81909599834128,17.0,24.25,70.75,0.0,8.5,0.5979900034176351,2.5,19.25,0.13025210084033614,15.0,0.0,114.5,105.75,38.25,55.0,12.5,45.75,12.25,33.5,23.25,11.5,2.3345238095238097,12.75,39.25,32.800000000000004,27.5,55.0,50.49917721225606,12.5,17.25,75.35,0.0,7.0,0.6,6.5,18.5,0.36291475972540044,11.5,0.0,118.0
130,111,2023-11-01,1,1,2023-24,Toronto Raptors,Milwaukee Bucks,99.5,33.0,53.5,13.0,47.0,10.75,36.25,24.75,15.5,1.6881768593725115,11.0,33.0,32.975,26.75,55.75,48.24737762237763,13.0,18.75,69.95,0.0,7.25,0.5195492912884218,5.5,20.75,0.2946321601840978,15.5,0.0,111.75,116.66666666666667,39.0,56.666666666666664,21.0,41.666666666666664,9.666666666666666,32.0,22.0,17.333333333333332,1.3283643892339545,13.0,37.0,35.166666666666664,28.333333333333332,47.666666666666664,59.19514472455649,21.0,28.666666666666668,74.23333333333333,0.0,9.0,0.5369910282953761,4.0,22.666666666666668,0.1758893280632411,17.333333333333332,0.0,125.0
113,115,2023-11-02,1,1,2023-24,Utah Jazz,Orlando Magic,114.6,42.0,56.8,15.8,49.0,15.0,34.0,28.0,16.2,1.7685560053981106,14.0,37.2,36.88,28.4,55.4,51.511216773511855,15.8,21.2,73.66,0.0,6.4,0.4078465394254868,3.2,21.4,0.14965367965367965,16.2,0.0,129.4,105.75,29.25,57.5,19.0,46.5,11.5,35.0,23.0,14.25,1.6854707792207793,9.75,31.75,30.475,28.75,53.75,53.997410284868664,19.0,27.25,70.975,0.0,9.25,0.6714691558441559,4.25,20.5,0.21846590909090907,14.25,0.0,119.25
121,132,2023-11-02,1,1,2023-24,Phoenix Suns,San Antonio Spurs,110.75,36.0,57.5,17.25,47.75,10.0,37.75,24.75,18.25,1.5554226475279107,12.0,35.0,33.875,28.75,51.0,56.8655303030303,17.25,20.75,81.925,0.0,7.5,0.47124202551834127,6.0,20.0,0.3045872256398572,18.25,0.0,129.75,110.75,36.75,58.0,16.0,40.5,8.75,31.75,27.75,18.5,1.6094883040935672,12.25,36.75,33.375,29.0,52.0,55.3572894796299,16.0,21.5,74.425,0.0,9.5,0.556374269005848,6.0,20.0,0.3107416879795396,18.5,0.0,123.0
114,99,2023-11-02,1,1,2023-24,Philadelphia 76ers,Toronto Raptors,119.0,37.0,58.0,24.0,44.0,8.0,36.0,26.0,14.0,1.8964646464646464,12.333333333333334,30.333333333333332,40.233333333333334,29.0,52.333333333333336,55.38527032779907,24.0,29.666666666666668,80.36666666666667,0.0,8.666666666666666,0.6285353535353536,9.333333333333334,22.0,0.4605820105820106,14.0,0.0,146.0,105.6,35.4,57.2,13.0,47.6,11.6,36.0,26.8,16.0,1.7394303763868983,11.8,34.0,34.28,28.6,55.2,52.18280775827945,13.0,17.8,74.53999999999999,0.0,7.2,0.4934172108085152,5.6,21.6,0.28370572814727824,16.0,0.0,123.2
125,116,2023-11-02,1,1,2023-24,New Orleans Pelicans,Detroit Pistons,104.75,34.5,56.0,14.25,48.0,12.75,35.25,22.0,14.0,1.6919746919746919,11.5,36.5,31.925,28.0,55.25,50.82896575821104,14.25,23.25,60.3,0.0,8.0,0.6127206127206127,4.5,20.25,0.220508658008658,14.0,0.0,112.0,108.8,35.4,58.4,15.0,48.2,12.6,35.6,28.0,18.6,1.5352941176470587,11.8,29.4,40.42,29.2,60.0,48.851382271393575,15.0,19.0,78.82000000000001,0.0,6.4,0.3446078431372549,6.4,25.2,0.2646736846630448,18.6,0.0,126.8
121,114,2023-11-03,1,1,2023-24,Miami Heat,Washington Wizards,104.6,37.2,51.2,16.2,44.2,10.8,33.4,23.8,13.4,1.953015873015873,12.4,33.0,37.78,25.6,56.0,46.111163768845714,16.2,20.2,78.66,0.0,8.4,0.7320634920634921,3.4,17.2,0.195,13.4,0.0,116.0,115.25,34.5,64.0,16.75,41.25,9.75,31.5,27.5,13.0,2.1606060606060606,11.5,36.5,31.974999999999998,32.0,57.75,55.44750410918931,16.75,22.75,72.52499999999999,0.0,10.25,0.8128246753246753,5.25,16.0,0.3948018648018648,13.0,0.0,129.75
115,113,2023-11-03,1,1,2023-24,Portland Trail Blazers,Memphis Grizzlies,103.0,26.4,58.8,17.8,44.8,12.8,32.0,19.4,16.6,1.16781045751634,8.8,30.0,29.68,29.4,58.2,50.60353890189956,17.8,21.6,82.08,0.0,8.4,0.5037581699346405,5.6,20.8,0.2845816464237517,16.6,0.0,110.8,106.6,41.4,48.8,16.4,43.2,10.2,33.0,23.8,16.0,1.5425366300366299,13.8,42.8,32.46,24.4,48.2,50.490675990675996,16.4,21.0,80.28,0.0,9.8,0.6246642246642247,6.6,21.4,0.3107442519341833,16.0,0.0,116.6
110,105,2023-11-03,1,1,2023-24,Milwaukee Bucks,New York Knicks,115.25,39.0,53.5,22.75,38.5,9.0,29.5,21.25,16.0,1.3921066252587992,13.0,36.25,35.925,26.75,46.25,57.491596638655466,22.75,31.0,74.1,0.0,9.0,0.5902432712215321,3.5,21.25,0.16132876075331318,16.0,0.0,120.5,103.0,37.8,47.6,17.6,49.8,14.6,35.2,21.8,14.8,1.5256493506493505,12.6,37.2,32.64,23.8,53.8,44.564954218027864,17.6,25.4,69.94,0.0,8.8,0.6212491455912509,2.6,18.6,0.1417016806722689,14.8,0.0,108.8
121,116,2023-11-03,1,1,2023-24,Indiana Pacers,Cleveland Cavaliers,119.25,39.0,67.0,13.25,44.25,10.0,34.25,31.5,11.5,3.0212418300653594,13.0,41.0,31.4,33.5,57.5,58.113839285714285,13.25,16.5,79.1,0.0,6.5,0.5716911764705882,5.75,21.75,0.26403985507246375,11.5,0.0,140.5,103.6,37.8,52.0,13.8,45.8,11.0,34.8,23.0,12.8,2.112063492063492,12.6,37.8,33.739999999999995,26.0,52.4,49.92315129361437,13.8,17.8,79.28,0.0,7.0,0.5577777777777777,6.2,20.2,0.3273688448173574,12.8,0.0,117.2
139,141,2023-11-03,1,1,2023-24,Oklahoma City Thunder,Golden State Warriors,111.4,34.8,58.4,18.2,42.4,6.0,36.4,23.6,14.8,1.6461111111111113,11.6,32.0,36.58,29.2,54.0,54.59810040758415,18.2,21.6,83.92,0.0,7.4,0.5238888888888888,6.6,18.6,0.3638250036856848,14.8,0.0,128.0,112.8,40.8,56.4,15.6,47.4,12.2,35.2,27.6,15.4,1.796899825320878,13.6,38.4,35.839999999999996,28.2,51.2,54.60517699682854,15.6,20.0,78.86,0.0,8.4,0.5686382623224728,5.6,20.6,0.28109548167092924,15.4,0.0,134.2
125,114,2023-11-03,1,1,2023-24,Denver Nuggets,Dallas Mavericks,110.8,32.4,69.2,9.2,43.2,8.8,34.4,29.0,14.6,2.0704284750337383,10.8,31.8,34.0,34.6,57.6,60.018710388958574,9.2,14.0,67.5,0.0,7.6,0.5254048582995952,7.8,18.0,0.44392496392496394,14.6,0.0,135.0,122.5,54.75,48.5,19.25,45.25,10.0,35.25,22.75,12.75,1.838888888888889,18.25,44.5,41.05,24.25,44.25,54.28305928305928,19.25,25.75,74.725,0.0,5.5,0.44722222222222224,3.5,15.75,0.21922905525846703,12.75,0.0,134.0
107,109,2023-11-03,1,1,2023-24,Chicago Bulls,Brooklyn Nets,105.4,28.8,59.6,17.0,42.8,12.6,30.2,19.6,12.8,1.5963800904977377,9.6,31.8,31.4,29.8,60.6,49.45238095238095,17.0,20.8,82.5,0.0,9.6,0.7984162895927602,4.4,19.6,0.22962973727040223,12.8,0.0,112.2,118.75,43.5,57.5,17.75,47.5,10.0,37.5,28.0,16.5,1.7068452380952381,14.5,34.75,40.725,28.75,51.5,55.26125527760049,17.75,23.5,77.975,0.0,6.5,0.38566468253968256,5.5,20.25,0.2902829991645781,16.5,0.0,141.0
107,89,2023-11-04,1,1,2023-24,Houston Rockets,Sacramento Kings,107.75,37.5,56.0,14.25,38.5,8.75,29.75,26.5,15.25,1.9670868347338935,12.5,34.0,36.099999999999994,28.0,54.25,50.486536533239644,14.25,19.5,72.44999999999999,0.0,7.5,0.5732284141726867,2.75,23.0,0.12320804195804197,15.25,0.0,114.75,119.25,44.25,57.0,18.0,45.25,11.25,34.0,26.75,12.75,2.1827380952380953,14.75,43.5,33.525,28.5,53.5,53.22958323790732,18.0,24.0,75.775,0.0,7.5,0.5869047619047619,5.5,21.5,0.2481985294117647,12.75,0.0,131.75
124,125,2023-11-04,1,1,2023-24,Indiana Pacers,Charlotte Hornets,119.6,40.2,65.6,13.8,43.4,9.4,34.0,30.8,13.0,2.7117303061575506,13.4,39.0,34.8,32.8,57.0,57.40016233766234,13.8,18.0,76.62,0.0,6.6,0.5310371517027864,5.6,21.0,0.2667874396135266,13.0,0.0,139.0,113.75,27.75,65.5,20.5,43.75,11.5,32.25,27.0,15.75,1.8782711988304093,9.25,30.75,30.299999999999997,32.75,59.25,55.651927437641724,20.5,26.25,79.15,0.0,8.75,0.586970029239766,5.75,21.5,0.2714122262177182,15.75,0.0,129.5
123,95,2023-11-04,1,1,2023-24,Minnesota Timberwolves,Utah Jazz,105.75,33.0,58.0,14.75,48.5,10.25,38.25,23.5,14.5,1.6116071428571428,11.0,29.75,36.925,29.0,60.0,49.1823811876222,14.75,18.0,78.275,0.0,7.75,0.5334821428571428,5.5,15.75,0.36169467787114845,14.5,0.0,123.5,114.33333333333333,41.0,57.0,16.333333333333332,48.833333333333336,14.666666666666666,34.166666666666664,27.833333333333332,16.833333333333332,1.6987966711650921,13.666666666666666,36.5,36.800000000000004,28.5,55.5,51.556966358878924,16.333333333333332,22.0,73.56666666666666,0.0,6.833333333333333,0.41487211618790565,3.8333333333333335,22.333333333333332,0.1679212762546096,16.833333333333332,0.0,129.33333333333334
112,100,2023-11-04,1,1,2023-24,Philadelphia 76ers,Phoenix Suns,117.75,34.5,60.0,23.25,44.5,9.75,34.75,24.75,14.0,1.7973484848484849,11.5,29.0,39.175,30.0,56.0,53.8523855816702,23.25,28.5,81.275,0.0,9.5,0.6856872294372294,7.75,21.25,0.38491019214703426,14.0,0.0,141.5,112.8,38.4,56.8,17.6,45.0,9.0,36.0,25.0,17.4,1.6157666894509,12.8,34.4,37.1,28.4,50.4,56.742424242424235,17.6,21.8,80.16,0.0,7.0,0.44842219184324444,5.6,19.0,0.2970031138452191,17.4,0.0,130.2
114,124,2023-11-04,1,1,2023-24,Brooklyn Nets,Boston Celtics,116.8,45.6,56.4,14.8,45.8,9.6,36.2,28.8,15.4,1.9472943722943725,15.2,36.8,40.58,28.2,51.4,54.405082653452936,14.8,19.8,74.38,0.0,6.0,0.3812590187590188,5.2,18.6,0.29889306599832915,15.4,0.0,137.4,127.0,50.25,60.0,16.75,52.25,12.25,40.0,24.0,14.75,1.6292735042735043,16.75,41.5,41.175,30.0,50.75,59.88699427139277,16.75,20.0,80.19999999999999,0.0,7.25,0.480982905982906,6.25,20.25,0.30169172932330823,14.75,0.0,153.25
123,101,2023-11-04,1,1,2023-24,Denver Nuggets,Chicago Bulls,113.16666666666667,33.5,69.66666666666667,10.0,44.5,10.5,34.0,29.666666666666668,15.5,2.0003570625281153,11.166666666666666,31.5,35.55,34.833333333333336,58.5,59.539401514608336,10.0,14.833333333333334,68.53333333333333,0.0,8.166666666666666,0.5295040485829959,7.5,17.833333333333332,0.4287609993492347,15.5,0.0,138.66666666666666,105.66666666666667,29.5,60.333333333333336,15.833333333333334,42.666666666666664,12.0,30.666666666666668,19.833333333333332,12.333333333333334,1.680316742081448,9.833333333333334,31.166666666666668,32.71666666666667,30.166666666666668,60.666666666666664,49.95348685922457,15.833333333333334,19.666666666666668,80.64999999999999,0.0,8.666666666666666,0.7320135746606335,4.333333333333333,18.5,0.24264016567405314,12.333333333333334,0.0,113.16666666666667
120,101,2023-11-04,1,1,2023-24,Orlando Magic,Los Angeles Lakers,107.6,29.4,57.6,20.6,45.8,11.2,34.6,23.8,14.8,1.6660236822001528,9.8,31.2,31.28,28.8,54.2,53.55507108503779,20.6,29.0,71.78,0.0,10.8,0.7371753246753248,5.2,21.4,0.24677272727272728,14.8,0.0,123.2,114.0,29.4,63.6,21.0,46.0,8.2,37.8,26.0,14.0,1.8833333333333335,9.8,32.4,29.8,31.8,55.8,57.14858802897029,21.0,27.4,76.72,0.0,8.0,0.5553571428571429,6.8,20.8,0.33432470484900156,14.0,0.0,133.8
105,123,2023-11-04,1,1,2023-24,New Orleans Pelicans,Atlanta Hawks,108.8,36.0,54.8,18.0,45.6,11.6,34.0,23.0,13.6,1.8035797535797535,12.0,35.6,34.3,27.4,53.8,51.07983927323549,18.0,25.6,67.1,0.0,7.4,0.5735098235098235,5.0,19.8,0.2541847041847042,13.6,0.0,118.6,122.8,33.0,66.8,23.0,45.0,10.4,34.6,27.6,15.0,1.933180544945251,11.0,32.0,34.0,33.4,58.2,57.43885281385282,23.0,27.0,85.72,0.0,9.6,0.6617519735166794,3.8,16.8,0.24822239422084627,15.0,0.0,144.0
115,104,2023-11-05,1,1,2023-24,Cleveland Cavaliers,Golden State Warriors,105.66666666666667,35.5,55.333333333333336,14.833333333333334,44.0,10.0,34.0,23.666666666666668,12.833333333333334,2.1062067562067566,11.833333333333334,36.166666666666664,32.88333333333333,27.666666666666668,53.0,52.316911792297695,14.833333333333334,19.0,79.39999999999999,0.0,7.5,0.593019943019943,6.666666666666667,20.166666666666668,0.34780737068113116,12.833333333333334,0.0,120.83333333333333,117.5,43.0,57.333333333333336,17.166666666666668,45.833333333333336,12.333333333333334,33.5,29.0,15.333333333333334,1.8974165211007314,14.333333333333334,38.666666666666664,37.36666666666667,28.666666666666668,51.333333333333336,55.44021159992122,17.166666666666668,21.666666666666668,79.60000000000001,0.0,8.5,0.5738652186020606,5.0,21.333333333333332,0.24757956805910772,15.333333333333334,0.0,139.0
106,120,2023-11-05,1,1,2023-24,Detroit Pistons,Phoenix Suns,110.0,36.0,58.0,16.0,48.166666666666664,13.666666666666666,34.5,28.333333333333332,18.166666666666668,1.5919117647058822,12.0,30.833333333333332,39.38333333333333,29.0,59.333333333333336,49.04281855949464,16.0,20.166666666666668,79.15,0.0,6.0,0.32883986928104575,6.166666666666667,26.166666666666668,0.24744312431597817,18.166666666666668,0.0,127.16666666666667,110.66666666666667,36.5,55.0,19.166666666666668,44.5,10.0,34.5,24.5,16.333333333333332,1.6798055745424165,12.166666666666666,34.5,35.199999999999996,27.5,51.0,54.3841189674523,19.166666666666668,23.666666666666668,80.43333333333334,0.0,7.666666666666667,0.5403518265360371,6.666666666666667,17.666666666666668,0.4293207766891977,16.333333333333332,0.0,127.33333333333333
116,123,2023-11-05,1,1,2023-24,San Antonio Spurs,Toronto Raptors,115.0,40.2,59.6,15.2,40.6,8.8,31.8,29.6,16.4,2.2125906432748534,13.4,36.8,36.42,29.8,53.8,55.105503714851466,15.2,19.8,78.0,0.0,9.0,0.6200994152046784,5.8,20.2,0.2962123980026793,16.4,0.0,131.6,104.5,34.5,57.0,13.0,46.5,11.166666666666666,35.333333333333336,27.333333333333332,16.5,1.7126832083925905,11.5,33.0,34.516666666666666,28.5,54.5,52.63599992928517,13.0,18.0,73.51666666666667,0.0,6.666666666666667,0.44626872830534164,5.166666666666667,21.333333333333332,0.2614214401227319,16.5,0.0,121.16666666666667
100,112,2023-11-05,1,1,2023-24,Portland Trail Blazers,Memphis Grizzlies,105.0,26.5,59.0,19.5,45.666666666666664,13.166666666666666,32.5,19.333333333333332,16.166666666666668,1.1993658574540929,8.833333333333334,30.333333333333332,29.416666666666668,29.5,59.166666666666664,49.98211575158297,19.5,24.0,81.36666666666666,0.0,9.0,0.5626556178026766,5.833333333333333,19.833333333333332,0.31492914979757086,16.166666666666668,0.0,113.0,107.66666666666667,39.5,53.0,15.166666666666666,44.0,9.666666666666666,34.333333333333336,24.666666666666668,16.166666666666668,1.5697609171873879,13.166666666666666,41.5,31.816666666666666,26.5,50.333333333333336,52.18485294304966,15.166666666666666,19.666666666666668,78.43333333333334,0.0,9.5,0.5989848931025402,7.166666666666667,22.0,0.3256202099451527,16.166666666666668,0.0,120.16666666666667
124,118,2023-11-05,1,1,2023-24,Dallas Mavericks,Charlotte Hornets,120.8,54.0,48.4,18.4,43.0,10.0,33.0,23.6,13.2,1.831111111111111,18.0,44.0,40.94,24.2,44.2,54.33553833553833,18.4,24.0,77.42,0.0,6.8,0.5177777777777778,4.0,16.4,0.2385411389436157,13.2,0.0,133.4,116.0,27.0,68.0,21.0,43.2,11.6,31.6,26.2,15.2,1.8564631129104812,9.0,28.6,32.239999999999995,34.0,61.0,55.9921301854075,21.0,25.6,83.32000000000001,0.0,8.0,0.5464991003148898,6.6,21.2,0.31712978097417455,15.2,0.0,133.6
130,113,2023-11-06,1,1,2023-24,Chicago Bulls,Utah Jazz,105.0,28.285714285714285,60.857142857142854,15.857142857142858,41.857142857142854,11.571428571428571,30.285714285714285,21.0,12.142857142857142,1.8039078568490332,9.428571428571429,30.428571428571427,31.88571428571429,30.428571428571427,60.57142857142857,50.43632206981153,15.857142857142858,20.142857142857142,79.07142857142857,0.0,8.428571428571429,0.7183492977610625,4.142857142857143,18.571428571428573,0.23053367584091775,12.142857142857142,0.0,112.85714285714286,111.57142857142857,40.285714285714285,55.42857142857143,15.857142857142858,47.42857142857143,15.0,32.42857142857143,26.714285714285715,17.0,1.6148415911573806,13.428571428571429,37.42857142857143,35.52857142857143,27.714285714285715,54.42857142857143,51.03692354570575,15.857142857142858,21.285714285714285,73.98571428571428,0.0,6.285714285714286,0.3794141948277287,4.285714285714286,22.0,0.19393252250395104,17.0,0.0,123.14285714285714
152,111,2023-11-06,1,1,2023-24,Indiana Pacers,San Antonio Spurs,120.33333333333333,44.5,62.333333333333336,13.5,42.166666666666664,9.666666666666666,32.5,30.833333333333332,13.333333333333334,2.6042196995757365,14.833333333333334,40.0,37.15,31.166666666666668,55.5,55.819579725829726,13.5,17.666666666666668,76.35000000000001,0.0,6.666666666666667,0.5203087375300998,5.5,20.5,0.2686191626409018,13.333333333333334,0.0,138.5,115.16666666666667,38.5,62.333333333333336,14.333333333333334,41.5,8.833333333333334,32.666666666666664,29.666666666666668,16.5,2.1379431831212017,12.833333333333334,36.0,35.56666666666667,31.166666666666668,55.5,55.81708642904289,14.333333333333334,18.666666666666668,77.81666666666668,0.0,8.666666666666666,0.5853769636509575,6.0,20.333333333333332,0.30239922055778834,16.5,0.0,132.66666666666666
122,97,2023-11-06,1,1,2023-24,Houston Rockets,Sacramento Kings,107.6,37.8,55.6,14.2,41.4,9.0,32.4,26.8,14.4,2.082760376878024,12.6,34.4,36.1,27.8,53.6,50.97746452070937,14.2,19.6,71.96,0.0,6.8,0.531310004065422,2.8,22.0,0.1318997668997669,14.4,0.0,118.0,113.2,42.0,54.0,17.2,44.8,10.6,34.2,25.4,12.4,2.10982683982684,14.0,43.0,32.18,27.0,51.4,52.35110845079098,17.2,23.0,75.36,0.0,7.0,0.5604329004329005,5.6,21.0,0.26171671826625387,12.4,0.0,124.4
125,129,2023-11-06,1,1,2023-24,Brooklyn Nets,Milwaukee Bucks,116.33333333333333,46.5,55.666666666666664,14.166666666666666,45.166666666666664,9.666666666666666,35.5,27.666666666666668,13.833333333333334,2.2338564213564216,15.5,39.333333333333336,39.266666666666666,27.833333333333332,50.833333333333336,54.36534665565523,14.166666666666666,19.333333333333332,72.76666666666667,0.0,5.666666666666667,0.4288269600769601,5.166666666666667,19.0,0.28876009468114733,13.833333333333334,0.0,134.16666666666666,114.2,43.2,48.8,22.2,39.0,8.6,30.4,21.8,15.6,1.4565424430641822,14.4,36.8,39.0,24.4,45.6,52.97002149697089,22.2,30.4,73.55999999999999,0.0,8.4,0.5579089026915114,5.0,20.2,0.26656300860265053,15.6,0.0,121.0
108,107,2023-11-06,1,1,2023-24,Miami Heat,Los Angeles Lakers,107.33333333333333,37.5,54.333333333333336,15.5,43.0,10.166666666666666,32.833333333333336,25.666666666666668,14.666666666666666,1.9052910052910053,12.5,32.0,39.5,27.166666666666668,55.5,49.43225911554752,15.5,19.166666666666668,79.83333333333333,0.0,8.5,0.6814814814814815,3.0,17.333333333333332,0.17175925925925925,14.666666666666666,0.0,121.33333333333333,111.83333333333333,28.5,62.666666666666664,20.666666666666668,45.0,8.5,36.5,24.5,14.5,1.7361111111111114,9.5,32.0,29.28333333333333,31.333333333333332,55.5,56.574440641425866,20.666666666666668,26.333333333333332,79.01666666666667,0.0,7.666666666666667,0.5216211484593838,7.333333333333333,20.833333333333332,0.35796900007258065,14.5,0.0,129.5
146,128,2023-11-06,1,1,2023-24,Philadelphia 76ers,Washington Wizards,116.6,34.2,60.8,21.6,45.8,10.8,35.0,24.6,14.8,1.7045454545454546,11.4,29.2,38.68,30.4,56.8,53.74857513200283,21.6,26.4,81.67999999999999,0.0,8.6,0.6041053391053391,7.4,21.8,0.35792815371762743,14.8,0.0,139.2,115.0,35.4,64.4,15.2,39.0,8.6,30.4,28.6,14.4,2.0584848484848486,11.8,34.8,34.86,32.2,56.8,56.81083347603069,15.2,21.6,68.6,0.0,9.6,0.7202597402597403,5.0,16.4,0.3602859362859363,14.4,0.0,128.8
109,120,2023-11-06,1,1,2023-24,Detroit Pistons,Golden State Warriors,109.42857142857143,34.285714285714285,59.714285714285715,15.428571428571429,46.0,13.142857142857142,32.857142857142854,27.857142857142858,17.857142857142858,1.5877100840336134,11.428571428571429,29.714285714285715,38.728571428571435,29.857142857142858,60.0,49.84920162242398,15.428571428571429,19.285714285714285,80.08571428571429,0.0,6.142857142857143,0.3443627450980392,6.142857142857143,25.714285714285715,0.24936118730189435,17.857142857142858,0.0,125.42857142857143,115.57142857142857,43.714285714285715,54.285714285714285,17.571428571428573,45.57142857142857,13.0,32.57142857142857,28.571428571428573,15.0,1.912071303800627,14.571428571428571,39.0,37.6,27.142857142857142,51.57142857142857,52.37193339292439,17.571428571428573,22.857142857142858,77.75714285714285,0.0,8.714285714285714,0.6017745829775905,4.857142857142857,20.857142857142858,0.24395709008240976,15.0,0.0,134.14285714285714
102,117,2023-11-06,1,1,2023-24,Orlando Magic,Dallas Mavericks,109.66666666666667,30.5,59.333333333333336,19.833333333333332,46.666666666666664,12.5,34.166666666666664,24.666666666666668,15.0,1.6904364018334608,10.166666666666666,31.5,32.13333333333333,29.666666666666668,56.5,52.96255923753149,19.833333333333332,27.333333333333332,73.85000000000001,0.0,10.0,0.6768127705627706,5.833333333333333,20.833333333333332,0.28897727272727275,15.0,0.0,126.16666666666667,121.33333333333333,52.0,50.0,19.333333333333332,43.666666666666664,9.833333333333334,33.833333333333336,24.833333333333332,12.833333333333334,1.9956228956228959,17.333333333333332,43.666666666666664,39.666666666666664,25.0,45.0,55.14356085784657,19.333333333333332,25.333333333333332,77.01666666666667,0.0,6.166666666666667,0.476936026936027,4.333333333333333,16.833333333333332,0.2514158614003815,12.833333333333334,0.0,135.16666666666666
134,116,2023-11-06,1,1,2023-24,Denver Nuggets,New Orleans Pelicans,114.57142857142857,35.57142857142857,67.14285714285714,11.857142857142858,45.142857142857146,10.428571428571429,34.714285714285715,29.857142857142858,15.0,2.0836393869288607,11.857142857142858,32.142857142857146,36.81428571428571,33.57142857142857,56.57142857142857,59.2877409807754,11.857142857142858,17.0,69.7,0.0,8.428571428571429,0.5729082321187585,7.0,17.857142857142858,0.3992554597596615,15.0,0.0,141.57142857142858,108.16666666666667,34.0,56.333333333333336,17.833333333333332,43.833333333333336,11.166666666666666,32.666666666666664,23.166666666666668,13.166666666666666,1.8666194916194916,11.333333333333334,34.833333333333336,32.88333333333333,28.166666666666668,53.666666666666664,52.62942580945725,17.833333333333332,24.833333333333332,69.41666666666667,0.0,7.666666666666667,0.6142884892884893,5.333333333333333,19.0,0.2895983645983646,13.166666666666666,0.0,119.0
114,109,2023-11-06,1,1,2023-24,Minnesota Timberwolves,Boston Celtics,109.2,31.8,60.8,16.6,47.4,10.0,37.4,23.8,13.8,1.743831168831169,10.6,28.6,37.04,30.4,59.4,51.977483897466186,16.6,20.6,78.1,0.0,8.2,0.6086038961038961,6.6,17.2,0.3850079162099623,13.8,0.0,130.4,126.4,49.2,59.2,18.0,51.8,11.8,40.0,23.6,14.0,1.7034188034188034,16.4,42.2,39.6,29.6,49.6,60.35403986155866,18.0,21.4,81.2,0.0,6.6,0.4575135975135975,6.2,19.6,0.31194161875276427,14.0,0.0,151.4
126,117,2023-11-06,1,1,2023-24,Oklahoma City Thunder,Atlanta Hawks,116.0,36.5,60.333333333333336,19.166666666666668,40.666666666666664,6.166666666666667,34.5,24.0,15.5,1.5998294346978559,12.166666666666666,31.5,39.1,30.166666666666668,54.0,56.3008861421226,19.166666666666668,23.0,83.26666666666667,0.0,6.666666666666667,0.4628898635477583,5.666666666666667,18.833333333333332,0.3115208364047373,15.5,0.0,130.5,122.83333333333333,34.5,66.0,22.333333333333332,46.166666666666664,11.833333333333334,34.333333333333336,27.666666666666668,14.666666666666666,1.9699581464287348,11.5,33.5,34.01666666666667,33.0,57.166666666666664,57.80160811410811,22.333333333333332,26.5,84.63333333333334,0.0,8.666666666666666,0.6027420292126174,4.166666666666667,16.666666666666668,0.2693519951840386,14.666666666666666,0.0,144.5
111,97,2023-11-06,1,1,2023-24,New York Knicks,LA Clippers,103.33333333333333,36.5,49.0,17.833333333333332,50.833333333333336,14.833333333333334,36.0,21.166666666666668,14.166666666666666,1.5441017316017316,12.166666666666666,37.5,31.46666666666667,24.5,54.333333333333336,45.324596351280526,17.833333333333332,25.333333333333332,70.95,0.0,8.333333333333334,0.6086167122351333,2.3333333333333335,19.166666666666668,0.125660491469315,14.166666666666666,0.0,109.16666666666667,121.4,44.4,60.8,16.2,43.8,10.0,33.8,25.4,15.8,1.6009615384615383,14.8,35.2,42.32,30.4,54.0,57.08030639311428,16.2,23.0,70.88,0.0,11.2,0.7193376068376068,4.6,23.0,0.2242662982179111,15.8,0.0,139.8
120,118,2023-11-08,1,1,2023-24,Milwaukee Bucks,Detroit Pistons,116.66666666666667,44.0,50.666666666666664,22.0,40.5,9.166666666666666,31.333333333333332,22.5,14.666666666666666,1.6471187025534852,14.666666666666666,38.666666666666664,38.050000000000004,25.333333333333332,46.0,54.55835124747574,22.0,29.333333333333332,75.88333333333333,0.0,8.0,0.5649240855762595,4.5,19.0,0.24777686614323444,14.666666666666666,0.0,125.5,109.375,34.875,58.5,16.0,45.125,12.375,32.75,27.25,17.625,1.5689338235294117,11.625,29.75,39.3,29.25,58.75,49.86805141962098,16.0,19.5,81.975,0.0,6.375,0.3638174019607843,5.625,25.0,0.23069103888915757,17.625,0.0,125.0
116,132,2023-11-08,1,1,2023-24,Charlotte Hornets,Washington Wizards,116.33333333333333,26.5,70.33333333333333,19.5,43.166666666666664,11.333333333333334,31.833333333333332,26.833333333333332,14.166666666666666,2.102608149647623,8.833333333333334,28.833333333333332,31.316666666666666,35.166666666666664,62.333333333333336,56.56349013035166,19.5,24.833333333333332,78.95,0.0,7.5,0.5480085095216675,5.833333333333333,21.833333333333332,0.27760815081181217,14.166666666666666,0.0,133.0,117.16666666666667,36.5,65.33333333333333,15.333333333333334,38.833333333333336,8.833333333333334,30.0,29.0,15.166666666666666,1.987333864965444,12.166666666666666,34.666666666666664,35.916666666666664,32.666666666666664,57.666666666666664,56.75096338056321,15.333333333333334,21.333333333333332,70.5,0.0,9.0,0.6528480291638187,5.833333333333333,18.0,0.3643408443408444,15.166666666666666,0.0,131.16666666666666
134,118,2023-11-08,1,1,2023-24,Indiana Pacers,Utah Jazz,124.85714285714286,46.714285714285715,63.42857142857143,14.714285714285714,43.142857142857146,9.571428571428571,33.57142857142857,31.857142857142858,13.571428571428571,2.594093075826822,15.571428571428571,39.714285714285715,39.357142857142854,31.714285714285715,55.714285714285715,56.6172838752726,14.714285714285714,18.428571428571427,79.11428571428571,0.0,6.714285714285714,0.5126455845496093,5.285714285714286,21.0,0.25405452035886816,13.571428571428571,0.0,146.42857142857142,111.75,41.25,54.75,15.75,48.0,15.25,32.75,27.375,17.75,1.586899435740969,13.75,38.125,35.7375,27.375,53.0,51.92474996295765,15.75,20.75,75.7625,0.0,5.625,0.3374222030829582,4.625,21.75,0.21344095719095718,17.75,0.0,124.625
116,127,2023-11-08,1,1,2023-24,Dallas Mavericks,Toronto Raptors,120.71428571428571,51.0,50.285714285714285,19.428571428571427,41.857142857142854,9.142857142857142,32.714285714285715,24.285714285714285,13.142857142857142,1.9105339105339105,17.0,43.142857142857146,39.357142857142854,25.142857142857142,44.57142857142857,56.10944672169161,19.428571428571427,25.714285714285715,76.21428571428571,0.0,6.571428571428571,0.4945165945165945,4.571428571428571,17.285714285714285,0.25835645262889845,13.142857142857142,0.0,133.0,107.14285714285714,37.714285714285715,56.0,13.428571428571429,46.57142857142857,11.428571428571429,35.142857142857146,27.571428571428573,16.285714285714285,1.7442046548126966,12.571428571428571,35.142857142857146,35.24285714285714,28.0,53.714285714285715,52.40520110556805,13.428571428571429,19.142857142857142,71.8,0.0,7.428571428571429,0.4968017671188642,5.285714285714286,20.428571428571427,0.28121837724805593,16.285714285714285,0.0,123.71428571428571
126,105,2023-11-08,1,1,2023-24,New York Knicks,San Antonio Spurs,104.42857142857143,36.42857142857143,50.285714285714285,17.714285714285715,50.42857142857143,15.285714285714286,35.142857142857146,22.142857142857142,15.0,1.5235157699443413,12.142857142857142,36.57142857142857,32.5,25.142857142857142,54.714285714285715,46.11782444144848,17.714285714285715,24.285714285714285,74.3,0.0,9.0,0.6145286104872572,2.142857142857143,18.285714285714285,0.11869800367699526,15.0,0.0,112.57142857142857,114.57142857142857,36.42857142857143,62.57142857142857,15.571428571428571,40.714285714285715,9.285714285714286,31.428571428571427,29.142857142857142,15.714285714285714,2.170185066051939,12.142857142857142,34.57142857142857,34.885714285714286,31.285714285714285,57.285714285714285,54.56590601480986,15.571428571428571,20.285714285714285,77.65714285714286,0.0,8.428571428571429,0.5926607740384829,5.857142857142857,19.571428571428573,0.3068183795257233,15.714285714285714,0.0,129.85714285714286
121,118,2023-11-08,1,1,2023-24,Sacramento Kings,Portland Trail Blazers,110.5,42.0,52.333333333333336,16.166666666666668,43.0,10.833333333333334,32.166666666666664,24.833333333333332,12.833333333333334,2.0026334776334775,14.0,42.5,32.65,26.166666666666668,49.666666666666664,52.569013139886785,16.166666666666668,22.5,71.96666666666667,0.0,6.666666666666667,0.5225829725829726,5.0,21.166666666666668,0.23324878037339336,12.833333333333334,0.0,118.83333333333333,104.28571428571429,28.714285714285715,57.142857142857146,18.428571428571427,45.857142857142854,13.571428571428571,32.285714285714285,19.857142857142858,15.857142857142858,1.2627217553688141,9.571428571428571,32.42857142857143,29.657142857142862,28.571428571428573,57.857142857142854,49.4132420727854,18.428571428571427,22.714285714285715,81.17142857142858,0.0,9.285714285714286,0.5945211417900493,5.714285714285714,20.0,0.30395287669723764,15.857142857142858,0.0,112.71428571428571
115,116,2023-11-08,1,1,2023-24,Chicago Bulls,Phoenix Suns,108.125,31.5,60.75,15.875,41.125,11.375,29.75,21.625,11.625,1.984669374742904,10.5,30.875,34.5125,30.375,60.375,50.487714014474925,15.875,20.0,79.7125,0.0,8.875,0.8160556355409296,4.0,18.5,0.22255029969413634,11.625,0.0,117.625,112.0,34.714285714285715,57.142857142857146,20.142857142857142,44.285714285714285,10.571428571428571,33.714285714285715,25.142857142857142,16.571428571428573,1.669992079766516,11.571428571428571,32.57142857142857,35.614285714285714,28.571428571428573,53.0,54.30726680726681,20.142857142857142,24.428571428571427,81.75714285714285,0.0,7.714285714285714,0.5266507719515239,7.142857142857143,17.0,0.4778793470522794,16.571428571428573,0.0,130.0
102,108,2023-11-08,1,1,2023-24,Memphis Grizzlies,Miami Heat,108.28571428571429,39.42857142857143,54.57142857142857,14.285714285714286,44.714285714285715,9.714285714285714,35.0,25.0,16.285714285714285,1.5724001138917105,13.142857142857142,40.142857142857146,33.07142857142857,27.285714285714285,51.285714285714285,52.74992407649871,14.285714285714286,18.714285714285715,77.11428571428571,0.0,9.0,0.5638357907265471,7.142857142857143,21.428571428571427,0.3346585926514008,16.285714285714285,0.0,122.42857142857143,107.42857142857143,37.285714285714285,54.857142857142854,15.285714285714286,43.142857142857146,10.285714285714286,32.857142857142854,26.285714285714285,15.142857142857142,1.8712018140589568,12.428571428571429,32.714285714285715,38.48571428571428,27.428571428571427,54.857142857142854,50.493757113046335,15.285714285714286,18.714285714285715,80.92857142857143,0.0,8.857142857142858,0.6714285714285715,3.142857142857143,16.857142857142858,0.18803854875283446,15.142857142857142,0.0,122.57142857142857
100,93,2023-11-08,1,1,2023-24,Brooklyn Nets,LA Clippers,117.57142857142857,46.714285714285715,57.142857142857146,13.714285714285714,45.285714285714285,9.857142857142858,35.42857142857143,26.857142857142858,13.0,2.307591218305504,15.571428571428571,40.142857142857146,38.74285714285714,28.571428571428573,51.57142857142857,55.01723590892897,13.714285714285714,18.428571428571427,74.45714285714287,0.0,5.142857142857143,0.4032802514945372,5.0,18.571428571428573,0.2832229382981263,13.0,0.0,134.57142857142858,117.33333333333333,42.5,59.0,15.833333333333334,41.666666666666664,9.5,32.166666666666664,24.666666666666668,16.833333333333332,1.4932255244755244,14.166666666666666,34.666666666666664,41.0,29.5,51.833333333333336,57.729523620278165,15.833333333333334,21.833333333333332,73.64999999999999,0.0,10.666666666666666,0.6600540663040663,4.333333333333333,21.666666666666668,0.2202219151815926,16.833333333333332,0.0,133.0
108,105,2023-11-08,1,1,2023-24,Denver Nuggets,Golden State Warriors,117.0,36.75,67.75,12.5,45.125,10.5,34.625,30.75,14.375,2.285684463562753,12.25,33.0,37.025,33.875,56.5,59.91248764389276,12.5,17.75,70.225,0.0,8.125,0.5762947031039136,6.75,17.625,0.3884110272897038,14.375,0.0,144.75,116.125,42.75,56.0,17.375,45.375,13.5,31.875,28.25,14.5,1.968516936280094,14.25,39.25,36.5625,28.0,52.125,53.414727433094555,17.375,22.625,77.5625,0.0,8.625,0.6174618510144826,4.75,20.0,0.24917673953639427,14.5,0.0,134.25
122,101,2023-11-08,1,1,2023-24,Minnesota Timberwolves,New Orleans Pelicans,110.0,33.0,61.0,16.0,47.0,9.333333333333334,37.666666666666664,24.166666666666668,15.5,1.6337481962481963,11.0,30.0,36.71666666666666,30.5,57.5,54.07845880344404,16.0,21.333333333333332,73.75,0.0,8.0,0.5557810245310245,6.333333333333333,18.666666666666668,0.3528912122262506,15.5,0.0,128.66666666666666,109.28571428571429,34.714285714285715,57.42857142857143,17.142857142857142,43.0,10.714285714285714,32.285714285714285,23.285714285714285,13.142857142857142,1.8636958279815423,11.571428571428571,34.142857142857146,34.371428571428574,28.714285714285715,54.57142857142857,52.72998402715383,17.142857142857142,23.428571428571427,71.88571428571429,0.0,7.428571428571429,0.5924670567527711,4.857142857142857,18.857142857142858,0.26410018552875697,13.142857142857142,0.0,120.0
128,120,2023-11-08,1,1,2023-24,Oklahoma City Thunder,Cleveland Cavaliers,117.42857142857143,37.285714285714285,60.57142857142857,19.571428571428573,41.857142857142854,6.857142857142857,35.0,24.428571428571427,15.142857142857142,1.6679856693014588,12.428571428571429,32.0,39.228571428571435,30.285714285714285,54.714285714285715,55.763955676298785,19.571428571428573,23.0,85.04285714285713,0.0,6.714285714285714,0.47368581710686974,5.857142857142857,19.285714285714285,0.31247240523003456,15.142857142857142,0.0,133.71428571428572,107.0,35.142857142857146,56.0,15.857142857142858,45.42857142857143,10.428571428571429,35.0,24.0,13.571428571428571,2.011669283097855,11.714285714285714,36.285714285714285,32.42857142857143,28.0,52.0,54.15983743687628,15.857142857142858,20.285714285714285,79.28571428571429,0.0,7.571428571428571,0.5717948717948718,6.0,20.285714285714285,0.31172604561784034,13.571428571428571,0.0,123.42857142857143
106,103,2023-11-08,1,1,2023-24,Philadelphia 76ers,Boston Celtics,121.5,34.5,63.666666666666664,23.333333333333332,45.666666666666664,10.666666666666666,35.0,26.666666666666668,15.0,1.8058712121212122,11.5,29.5,38.68333333333334,31.833333333333332,57.333333333333336,55.62381261000235,23.333333333333332,28.0,82.88333333333334,0.0,9.166666666666666,0.6284211159211159,7.333333333333333,20.666666666666668,0.37605123920913397,15.0,0.0,147.16666666666666,123.5,46.5,57.666666666666664,19.333333333333332,50.666666666666664,11.666666666666666,39.0,23.0,14.666666666666666,1.6047008547008546,15.5,41.666666666666664,37.699999999999996,28.833333333333332,50.166666666666664,58.15666843809134,19.333333333333332,23.5,80.41666666666667,0.0,7.666666666666667,0.5016317016317017,5.5,20.666666666666668,0.2727718617811497,14.666666666666666,0.0,144.0
128,94,2023-11-08,1,1,2023-24,Houston Rockets,Los Angeles Lakers,110.0,39.0,55.666666666666664,15.333333333333334,41.0,8.333333333333334,32.666666666666664,27.0,13.833333333333334,2.1598760716407774,13.0,33.833333333333336,38.15,27.833333333333332,52.0,53.08728103998508,15.333333333333334,20.833333333333332,72.93333333333332,0.0,7.0,0.5639704579333062,3.0,21.5,0.14500419171471804,13.833333333333334,0.0,123.66666666666667,111.14285714285714,27.857142857142858,64.0,19.285714285714285,44.0,8.0,36.0,25.0,14.857142857142858,1.723389355742297,9.285714285714286,31.142857142857142,29.5,32.0,55.42857142857143,57.84302704330009,19.285714285714285,24.571428571428573,78.95714285714287,0.0,7.428571428571429,0.4975240096038416,7.0,20.285714285714285,0.3488473782134725,14.857142857142858,0.0,129.14285714285714
119,120,2023-11-09,1,1,2023-24,Orlando Magic,Atlanta Hawks,108.57142857142857,29.571428571428573,60.0,19.0,45.42857142857143,11.571428571428571,33.857142857142854,25.0,15.857142857142858,1.6326189566735785,9.857142857142858,30.857142857142858,31.771428571428572,30.0,56.714285714285715,53.27825274547034,19.0,26.0,74.41428571428571,0.0,9.428571428571429,0.6209415584415584,5.571428571428571,21.285714285714285,0.27150432900432897,15.857142857142858,0.0,123.42857142857143,122.0,35.57142857142857,63.42857142857143,23.0,48.0,13.714285714285714,34.285714285714285,27.571428571428573,14.714285714285714,1.9456784112246297,11.857142857142858,34.714285714285715,33.91428571428572,31.714285714285715,57.57142857142857,55.258521240664095,23.0,27.285714285714285,84.60000000000001,0.0,8.571428571428571,0.5928265012298626,4.0,16.571428571428573,0.25765885301489017,14.714285714285714,0.0,142.42857142857142
126,124,2023-11-09,1,1,2023-24,Indiana Pacers,Milwaukee Bucks,126.0,45.75,65.25,15.0,43.5,10.125,33.375,31.125,13.375,2.5406647746818023,15.25,39.875,38.4,32.625,56.25,57.66512339086352,15.0,18.625,79.85,0.0,7.625,0.5943982198142415,5.5,20.25,0.280631038647343,13.375,0.0,148.5,117.14285714285714,42.42857142857143,52.0,22.714285714285715,39.857142857142854,8.571428571428571,31.285714285714285,22.0,14.0,1.6832446021887015,14.142857142857142,38.42857142857143,36.857142857142854,26.0,47.0,54.85055443853715,22.714285714285715,29.714285714285715,77.1,0.0,8.0,0.5985063590653653,4.857142857142857,18.857142857142858,0.26793572653547076,14.0,0.0,125.57142857142857
117,124,2023-11-10,1,1,2023-24,Washington Wizards,Charlotte Hornets,119.28571428571429,39.0,64.28571428571429,16.0,39.0,9.428571428571429,29.571428571428573,28.571428571428573,14.571428571428571,2.0410913647755753,13.0,35.857142857142854,36.771428571428565,32.142857142857146,57.142857142857146,56.31564056958329,16.0,21.857142857142858,71.85714285714286,0.0,9.142857142857142,0.6894541548676887,5.857142857142857,19.142857142857142,0.34525918525918525,14.571428571428571,0.0,133.57142857142858,116.28571428571429,26.142857142857142,69.71428571428571,20.428571428571427,43.714285714285715,11.285714285714286,32.42857142857143,25.428571428571427,15.285714285714286,1.9126251672304304,8.714285714285714,28.285714285714285,31.414285714285715,34.857142857142854,61.142857142857146,57.213150270460154,20.428571428571427,26.285714285714285,78.28571428571429,0.0,7.571428571428571,0.5216696315380526,5.714285714285714,21.857142857142858,0.2704173760205143,15.285714285714286,0.0,131.71428571428572
121,127,2023-11-10,1,1,2023-24,Memphis Grizzlies,Utah Jazz,107.5,38.625,53.75,15.125,43.875,10.125,33.75,24.375,16.0,1.5544215282266753,12.875,39.75,32.65,26.875,51.5,51.816560925426934,15.125,19.875,76.85,0.0,9.125,0.582642031171443,6.75,22.125,0.31134478708849417,16.0,0.0,119.375,112.25,42.0,55.25,15.0,47.125,15.25,31.875,27.875,18.75,1.5381981370396702,14.0,38.0,36.8125,27.625,53.75,51.73496390360637,15.0,19.125,78.2875,0.0,5.25,0.3008962290569842,5.0,21.375,0.23770566307331012,18.75,0.0,124.5
105,98,2023-11-10,1,1,2023-24,Sacramento Kings,Oklahoma City Thunder,112.0,40.714285714285715,53.42857142857143,17.857142857142858,44.0,11.428571428571429,32.57142857142857,25.857142857142858,14.0,1.934230055658627,13.571428571428571,41.714285714285715,32.22857142857143,26.714285714285715,50.0,53.3009123616612,17.857142857142858,24.714285714285715,72.21428571428571,0.0,7.285714285714286,0.5227581941867656,5.142857142857143,21.571428571428573,0.2356418117486229,14.0,0.0,122.0,118.75,37.125,61.0,20.625,41.75,7.5,34.25,24.25,15.0,1.6648446034959195,12.375,31.5,39.6875,30.5,55.125,55.690012940899365,20.625,23.875,86.075,0.0,7.125,0.5037608042542253,6.125,20.25,0.31045039161331733,15.0,0.0,136.0
106,114,2023-11-10,1,1,2023-24,Detroit Pistons,Philadelphia 76ers,111.375,33.375,61.25,16.75,44.75,11.625,33.125,27.25,17.875,1.5472619969040249,11.125,29.375,38.0125,30.625,59.875,51.045587651505045,16.75,19.625,86.2,0.0,6.25,0.3549164731682147,4.625,25.125,0.18608053164278074,17.875,0.0,126.0,119.28571428571429,33.42857142857143,64.0,21.857142857142858,47.142857142857146,10.857142857142858,36.285714285714285,25.714285714285715,14.857142857142858,1.7519712430426717,11.142857142857142,30.142857142857142,36.94285714285714,32.0,57.857142857142854,55.405890902250256,21.857142857142858,26.142857142857142,83.42857142857143,0.0,8.857142857142858,0.6100752422180993,7.285714285714286,20.0,0.3848296336078291,14.857142857142858,0.0,144.28571428571428
119,122,2023-11-10,1,1,2023-24,Phoenix Suns,Los Angeles Lakers,112.5,37.5,54.75,20.25,45.5,10.875,34.625,26.0,17.25,1.6430612516138834,12.5,34.5,36.1125,27.375,51.625,53.173620361120356,20.25,24.5,82.0375,0.0,7.625,0.5005921527303107,7.5,17.375,0.4806444286707445,17.25,0.0,131.375,109.0,27.0,63.25,18.75,42.75,7.625,35.125,24.375,14.125,1.7857434640522876,9.0,30.375,29.3125,31.625,56.0,56.654315329554244,18.75,24.5,76.9,0.0,7.375,0.5325557306255836,6.875,20.0,0.3469081226034551,14.125,0.0,124.75
110,117,2023-11-10,1,1,2023-24,San Antonio Spurs,Minnesota Timberwolves,113.375,35.25,63.5,14.625,41.375,9.5,31.875,29.375,15.375,2.1969888558723696,11.75,34.5,33.8375,31.75,57.125,55.55766776295863,14.625,19.375,75.6375,0.0,7.625,0.5378089465144419,6.0,19.875,0.3082388093577352,15.375,0.0,129.5,111.71428571428571,34.714285714285715,60.857142857142854,16.142857142857142,47.142857142857146,9.142857142857142,38.0,25.0,15.857142857142858,1.6384508348794065,11.571428571428571,31.0,37.25714285714286,30.428571428571427,55.714285714285715,55.876774212475844,16.142857142857142,21.714285714285715,73.32857142857142,0.0,8.142857142857142,0.5478123067408782,6.428571428571429,19.285714285714285,0.34595644277778004,15.857142857142858,0.0,132.28571428571428
144,126,2023-11-10,1,1,2023-24,Dallas Mavericks,LA Clippers,120.125,51.0,49.75,19.375,41.375,8.75,32.625,24.375,13.5,1.8670296717171717,17.0,42.875,39.625,24.875,44.375,55.78181239310807,19.375,26.375,74.35,0.0,6.25,0.4639520202020202,4.75,17.75,0.26177618176457185,13.5,0.0,131.0,113.85714285714286,39.857142857142854,58.57142857142857,15.428571428571429,43.0,9.714285714285714,33.285714285714285,24.285714285714285,16.714285714285715,1.4763361638361638,13.285714285714286,34.857142857142854,38.31428571428571,29.285714285714285,52.285714285714285,56.75517609010855,15.428571428571429,20.571428571428573,77.41428571428571,0.0,10.571428571428571,0.6550463425463426,4.857142857142857,20.714285714285715,0.2649521177746984,16.714285714285715,0.0,130.14285714285714
104,101,2023-11-10,1,1,2023-24,Houston Rockets,New Orleans Pelicans,112.57142857142857,39.42857142857143,58.285714285714285,14.857142857142858,43.285714285714285,9.142857142857142,34.142857142857146,26.857142857142858,13.714285714285714,2.137036632834952,13.142857142857142,33.714285714285715,38.75714285714286,29.142857142857142,53.142857142857146,54.31290755808244,14.857142857142858,20.571428571428573,71.54285714285713,0.0,6.571428571428571,0.5273592936131636,3.142857142857143,21.714285714285715,0.14913402768093845,13.714285714285714,0.0,128.42857142857142,108.25,33.375,57.25,17.625,42.625,10.75,31.875,23.25,13.625,1.799851496542673,11.125,33.375,33.65,28.625,55.875,51.52335140837499,17.625,23.25,74.8375,0.0,7.25,0.5625263217174982,4.375,19.375,0.236522444946358,13.625,0.0,117.0
121,107,2023-11-10,1,1,2023-24,Boston Celtics,Brooklyn Nets,120.57142857142857,46.285714285714285,55.42857142857143,18.857142857142858,49.57142857142857,11.285714285714286,38.285714285714285,23.714285714285715,14.428571428571429,1.683150183150183,15.428571428571429,42.42857142857143,36.87142857142857,27.714285714285715,49.285714285714285,56.666754765117254,18.857142857142858,22.857142857142858,80.95714285714287,0.0,7.714285714285714,0.5178821178821179,5.571428571428571,19.571428571428573,0.29973851888933706,14.428571428571429,0.0,140.14285714285714,115.375,46.5,55.5,13.375,45.75,10.375,35.375,26.25,13.125,2.2155708874458875,15.5,40.25,38.475,27.75,51.5,53.53223828305795,13.375,17.75,75.725,0.0,5.75,0.44215593434343436,5.625,18.0,0.33710578529657476,13.125,0.0,132.75
110,118,2023-11-11,1,1,2023-24,Golden State Warriors,Cleveland Cavaliers,116.25,43.125,56.0,17.125,45.375,12.625,32.75,28.5,14.25,2.04427451203767,14.375,38.25,37.574999999999996,28.0,51.25,54.18382817684032,17.125,22.375,77.35,0.0,7.875,0.561906295458927,4.0,19.625,0.21656804388422035,14.25,0.0,135.375,108.625,34.125,57.25,17.25,44.875,10.5,34.375,24.25,14.375,1.9227106227106228,11.375,35.375,32.25,28.625,52.25,55.02874664615564,17.25,22.375,78.5,0.0,7.75,0.5565705128205128,5.875,20.75,0.29880195658227693,14.375,0.0,124.25
109,117,2023-11-11,1,1,2023-24,Atlanta Hawks,Miami Heat,121.75,36.75,62.0,23.0,46.5,13.0,33.5,26.875,15.125,1.8552463875993288,12.25,35.25,34.487500000000004,31.0,56.125,55.416423476885434,23.0,27.625,83.6125,0.0,9.125,0.6090009663539075,4.375,17.625,0.2604514963880289,15.125,0.0,140.75,107.5,36.75,54.0,16.75,43.25,10.125,33.125,25.75,15.625,1.7820384294068505,12.25,32.125,38.5875,27.0,54.125,50.30448645350738,16.75,20.375,81.3625,0.0,8.875,0.6467105263157895,3.75,17.75,0.20620039682539681,15.625,0.0,122.875
112,97,2023-11-11,1,1,2023-24,Orlando Magic,Milwaukee Bucks,109.875,29.625,60.5,19.75,45.625,12.375,33.25,24.25,16.25,1.5535415870893812,9.875,30.375,32.425,30.25,57.5,52.9676775014929,19.75,27.125,74.0375,0.0,9.75,0.6222712320574163,5.625,21.625,0.26881628787878786,16.25,0.0,123.75,118.0,40.5,54.75,22.75,40.0,8.125,31.875,22.125,14.0,1.6781961697722567,13.5,37.0,36.4125,27.375,48.625,55.70256846705335,22.75,29.25,78.52499999999999,0.0,7.75,0.5772644927536231,4.875,18.875,0.2673384975606422,14.0,0.0,127.5
117,94,2023-11-11,1,1,2023-24,Boston Celtics,Toronto Raptors,120.625,47.625,54.0,19.0,49.875,12.0,37.875,24.375,13.625,1.9258814102564101,15.875,43.625,36.825,27.0,48.375,56.13102946709664,19.0,23.5,79.7625,0.0,7.375,0.5312718531468532,5.25,18.75,0.2911173578743238,13.625,0.0,140.25,109.625,37.125,58.5,14.0,47.0,11.875,35.125,27.5,15.75,1.8074290729611096,12.375,35.25,34.6625,29.25,54.875,53.39423350705458,14.0,20.125,71.1625,0.0,7.75,0.5388682128956729,5.125,21.0,0.2660660800920489,15.75,0.0,126.625
129,107,2023-11-12,1,1,2023-24,New York Knicks,Charlotte Hornets,107.125,39.0,50.75,17.375,50.0,15.0,35.0,22.875,13.625,2.2080762987012985,13.0,37.25,34.0875,25.375,55.125,46.17206190350879,17.375,24.0,73.5375,0.0,8.75,0.75646253417635,1.875,17.75,0.10386075321737086,13.625,0.0,116.375,117.25,25.125,72.0,20.125,46.625,13.375,33.25,26.125,14.625,2.0610470213266265,8.375,28.25,30.1625,36.0,63.75,56.76882355982337,20.125,26.5,76.5375,0.0,7.875,0.581460927595796,5.5,21.5,0.26293099349163424,14.625,0.0,134.75
102,94,2023-11-12,1,1,2023-24,Brooklyn Nets,Washington Wizards,114.625,48.75,53.0,12.875,45.25,9.875,35.375,25.75,12.375,2.278070887445887,16.25,41.5,39.375,26.5,50.375,52.28497951112812,12.875,16.75,77.225,0.0,5.0,0.4004892676767677,5.25,19.125,0.30523078529657477,12.375,0.0,130.5,119.0,39.375,63.5,16.125,38.625,9.125,29.5,28.5,14.625,2.019288277511962,13.125,36.125,36.775,31.75,56.25,56.526185498385374,16.125,21.625,73.5,0.0,8.5,0.6366057188425609,5.875,19.625,0.33471048275396104,14.625,0.0,132.875
101,105,2023-11-12,1,1,2023-24,LA Clippers,Memphis Grizzlies,115.375,37.875,60.0,17.5,43.5,10.875,32.625,23.875,16.375,1.4792941433566433,12.625,33.875,37.225,30.0,53.375,56.83291022638596,17.5,22.5,78.85,0.0,10.125,0.6356655497280498,4.5,21.5,0.2410923623121204,16.375,0.0,131.375,109.625,41.25,54.0,14.375,43.875,10.875,33.0,24.375,15.75,1.5946313184364653,13.75,40.375,34.1125,27.0,52.125,51.41365212039549,14.375,19.0,76.4625,0.0,8.75,0.5625371360665478,6.5,22.625,0.2924660685530251,15.75,0.0,121.0
99,111,2023-11-12,1,1,2023-24,Phoenix Suns,Oklahoma City Thunder,113.875,39.0,53.75,21.125,44.5,10.875,33.625,25.875,16.5,1.7032839236786605,13.0,35.0,37.012499999999996,26.875,51.0,52.84467299269931,21.125,25.75,81.7375,0.0,8.125,0.5542358774266669,6.75,17.625,0.4460800347313505,16.5,0.0,131.875,115.5,32.625,62.5,20.375,41.125,7.5,33.625,23.25,15.0,1.6023446034959195,10.875,30.375,36.5125,31.25,56.875,55.149417265664766,20.375,23.625,85.825,0.0,7.5,0.5271983042542253,6.25,19.75,0.3258012688062998,15.0,0.0,130.25
116,110,2023-11-12,1,1,2023-24,Los Angeles Lakers,Portland Trail Blazers,110.875,27.75,63.0,20.125,42.625,7.125,35.5,24.875,14.0,1.8529783125371362,9.25,30.125,30.55,31.5,55.5,56.88080368158185,20.125,26.25,77.0875,0.0,7.875,0.5827451245649775,7.25,20.25,0.3628803448256773,14.0,0.0,128.5,106.0,28.125,59.0,18.875,44.625,12.75,31.875,20.625,16.125,1.285437091503268,9.375,31.125,30.5,29.5,58.75,50.159663736764145,18.875,23.5,80.5125,0.0,9.375,0.5896504435107376,5.625,21.125,0.2875104912480139,16.125,0.0,114.5
119,108,2023-11-12,1,1,2023-24,Chicago Bulls,Detroit Pistons,109.5,32.25,61.0,16.25,40.75,10.875,29.875,22.125,11.75,2.002526517600047,10.75,29.75,36.237500000000004,30.5,61.75,49.55288495464586,16.25,20.625,79.22500000000001,0.0,9.125,0.8270446465299407,4.5,19.25,0.2388855269668636,11.75,0.0,119.625,110.75,32.625,61.75,16.375,44.125,11.5,32.625,27.25,17.0,1.6073110165118678,10.875,29.125,37.425,30.875,59.875,51.476622134263664,16.375,19.25,85.925,0.0,5.75,0.3405169633642931,4.5,24.75,0.18425692421572504,17.0,0.0,125.25
110,116,2023-11-12,1,1,2023-24,Golden State Warriors,Minnesota Timberwolves,114.75,42.75,53.5,18.5,47.375,13.625,33.75,27.75,14.375,1.9962481962481964,14.25,39.0,36.375,26.75,50.875,52.22578621879837,18.5,24.375,76.225,0.0,6.75,0.5010510323010323,4.0,20.25,0.21387407836697897,14.375,0.0,131.5,112.375,34.125,61.5,16.75,47.625,9.625,38.0,24.75,16.125,1.5933667027417027,11.375,30.5,37.225,30.75,56.25,55.767177435916366,16.75,22.375,73.8875,0.0,7.875,0.521002435064935,6.125,19.25,0.32902767690424173,16.125,0.0,132.375
113,118,2023-11-12,1,1,2023-24,San Antonio Spurs,Miami Heat,112.25,35.625,62.5,14.125,40.5,9.25,31.25,28.875,14.75,2.2388121641430465,11.875,34.375,34.325,31.25,57.625,54.13685039386541,14.125,19.0,74.45,0.0,7.75,0.5655345104242163,6.375,19.625,0.3286839439333045,14.75,0.0,127.25,109.25,38.25,54.0,17.0,42.125,9.0,33.125,25.875,16.625,1.5808479532163744,12.75,34.125,37.987500000000004,27.0,51.125,53.006349807544645,17.0,20.25,82.76249999999999,0.0,8.75,0.5336152882205514,3.875,17.25,0.2210813492063492,16.625,0.0,124.5
107,104,2023-11-12,1,1,2023-24,Houston Rockets,Denver Nuggets,111.5,38.25,57.5,15.75,43.125,9.125,34.0,26.0,13.125,2.1476848315083608,12.75,33.875,37.4875,28.75,53.125,53.655869585020255,15.75,21.5,72.425,0.0,6.875,0.5864393819115181,3.375,21.75,0.15890136512991204,13.125,0.0,126.5,115.625,35.625,66.75,13.25,45.5,10.625,34.875,30.125,13.625,2.48360113022942,11.875,33.125,35.8,33.375,56.5,59.03529466143662,13.25,19.0,69.375,0.0,7.875,0.628378036437247,6.5,18.25,0.36341102728970376,13.625,0.0,141.875
124,136,2023-11-12,1,1,2023-24,New Orleans Pelicans,Dallas Mavericks,107.0,31.125,57.25,18.625,42.25,10.375,31.875,22.0,13.25,1.7522324489236254,10.375,32.5,32.175,28.625,55.5,51.89127593667688,18.625,24.75,74.36250000000001,0.0,7.0,0.5565739407651173,4.5,20.0,0.23560669403060708,13.25,0.0,114.375,122.375,52.5,49.75,20.125,40.5,9.0,31.5,25.125,13.125,2.0336963383838382,17.5,42.25,41.2875,24.875,44.875,55.23236184365752,20.125,26.75,76.175,0.0,6.375,0.4986742424242424,4.5,18.125,0.2484609643732675,13.125,0.0,134.375
137,126,2023-11-12,1,1,2023-24,Philadelphia 76ers,Indiana Pacers,118.625,32.625,62.5,23.5,47.0,10.875,36.125,25.375,14.125,1.8524192821067822,10.875,29.875,36.3375,31.25,57.5,54.38924544855989,23.5,28.0,83.675,0.0,9.375,0.7143713924963925,7.0,20.375,0.3638998424503287,14.125,0.0,143.5,123.875,45.75,62.25,15.875,42.125,10.0,32.125,29.75,13.5,2.404446825963854,15.25,40.5,37.8,31.125,53.75,57.45205520904534,15.875,19.625,79.63749999999999,0.0,7.125,0.5479238608398825,5.25,20.5,0.2671527777777778,13.5,0.0,143.0
132,120,2023-11-13,1,1,2023-24,Sacramento Kings,Cleveland Cavaliers,111.125,40.5,53.0,17.625,45.0,12.0,33.0,26.125,14.5,1.8868957431457432,13.5,42.375,31.662499999999998,26.5,49.25,53.74057104372628,17.625,24.25,72.7125,0.0,7.625,0.5268578643578643,5.625,21.625,0.25732294891640867,14.5,0.0,122.75,109.125,31.875,57.0,20.25,45.75,10.75,35.0,24.0,14.5,1.8715742590742592,10.625,33.75,31.9,28.5,52.875,54.214671015903534,20.25,26.5,76.8375,0.0,8.125,0.5792977855477855,5.5,20.875,0.28181826093010304,14.5,0.0,124.25
118,109,2023-11-13,1,1,2023-24,Milwaukee Bucks,Chicago Bulls,115.375,39.75,54.5,21.125,39.125,7.75,31.375,22.75,14.625,1.6640984254113544,13.25,36.875,35.7,27.25,48.25,55.90171062391609,21.125,27.875,75.85,0.0,7.75,0.5561178762122698,5.125,19.0,0.2768493671258596,14.625,0.0,124.125,111.375,33.375,62.0,16.0,39.25,10.375,28.875,22.625,10.5,2.263030719280719,11.125,28.625,38.2625,31.0,61.875,50.27351336994641,16.0,20.25,79.4,0.0,9.375,0.9678009490509489,4.625,19.125,0.24619072177205842,10.5,0.0,124.125
114,98,2023-11-13,1,1,2023-24,Boston Celtics,New York Knicks,121.75,48.75,55.75,17.25,49.875,11.75,38.125,25.875,13.625,2.0412660256410255,16.25,44.25,37.2375,27.875,48.875,57.43115478037985,17.25,21.875,76.875,0.0,6.75,0.4831949300699301,4.375,17.75,0.26433164358860956,13.625,0.0,141.375,110.25,37.875,54.25,18.125,49.125,14.125,35.0,23.0,13.375,2.2825712481962483,12.625,36.625,33.8125,27.125,54.5,49.997342015553606,18.125,24.5,75.15,0.0,8.625,0.7653009180147338,2.375,17.25,0.13163853099514863,13.375,0.0,122.25
111,107,2023-11-13,1,1,2023-24,Toronto Raptors,Washington Wizards,109.25,35.625,59.25,14.375,45.75,11.75,34.0,27.25,15.125,1.913579866611903,11.875,35.5,33.0375,29.625,54.75,54.18127054409162,14.375,20.125,73.5,0.0,7.625,0.5696221811496411,3.875,20.5,0.19860576263173146,15.125,0.0,124.125,115.75,39.75,60.5,15.5,38.25,8.625,29.625,27.5,14.375,1.977621610845295,13.25,38.25,35.137499999999996,30.25,53.125,56.56681788609223,15.5,21.125,72.58749999999999,0.0,9.5,0.7288676236044657,5.125,20.125,0.2574377554812337,14.375,0.0,128.25
134,107,2023-11-14,1,1,2023-24,Los Angeles Lakers,Memphis Grizzlies,112.875,27.375,64.5,21.0,42.5,7.0,35.5,25.25,13.125,2.040478312537136,9.125,28.875,31.0375,32.25,56.75,56.950733751511926,21.0,27.25,77.3125,0.0,7.125,0.5844812356760887,6.875,18.75,0.37029141201935317,13.125,0.0,131.0,109.75,42.375,53.25,14.125,43.0,10.625,32.375,24.75,15.125,1.6589914374840844,14.125,41.375,34.2875,26.625,51.5,51.306246228415134,14.125,19.0,75.42500000000001,0.0,8.0,0.5398436836855954,6.375,22.625,0.2870312859443295,15.125,0.0,119.75
123,87,2023-11-14,1,1,2023-24,Oklahoma City Thunder,San Antonio Spurs,115.875,31.5,63.25,21.125,39.375,7.5,31.875,23.375,13.875,1.769011270162586,10.5,30.5,34.8875,31.625,56.125,56.43481219860069,21.125,24.375,86.46249999999999,0.0,7.625,0.5966427486986697,6.0,20.25,0.2998909046606415,13.875,0.0,130.625,110.625,37.875,60.0,12.75,41.375,9.125,32.25,29.25,14.625,2.2739428830972948,12.625,34.625,35.85,30.0,57.0,52.32117936276884,12.75,17.0,75.4875,0.0,6.75,0.5112044450647392,6.625,20.125,0.33498646494170786,14.625,0.0,126.75
115,99,2023-11-14,1,1,2023-24,Utah Jazz,Portland Trail Blazers,113.125,42.75,54.5,15.875,46.25,14.125,32.125,28.0,19.625,1.4637933751349084,14.25,37.5,38.0125,27.25,51.75,53.19766786631034,15.875,20.0,78.5625,0.0,5.625,0.29792003858079374,6.0,20.5,0.30510762385762386,19.625,0.0,127.5,105.875,29.25,58.5,18.125,44.375,11.5,32.875,21.75,15.875,1.3731107026143792,9.75,31.75,30.974999999999998,29.25,57.75,50.739620433330806,18.125,22.5,80.675,0.0,8.375,0.5358309990662932,6.125,21.75,0.30251049124801394,15.875,0.0,115.75
126,132,2023-11-14,1,1,2023-24,Philadelphia 76ers,Indiana Pacers,121.125,31.875,66.0,23.25,48.875,13.25,35.625,25.75,13.75,1.9357526154401157,10.625,29.625,35.925000000000004,33.0,60.875,54.215634337448776,23.25,27.0,85.8125,0.0,9.0,0.6997880591630592,7.375,18.75,0.4043760329265192,13.75,0.0,147.75,124.0,46.125,61.75,16.125,40.125,9.625,30.5,29.125,13.75,2.229446825963854,15.375,40.625,37.9875,30.875,52.625,58.17509442473161,16.125,19.875,79.8625,0.0,7.75,0.6010488608398825,5.875,19.75,0.3225099206349207,13.75,0.0,142.375
124,104,2023-11-14,1,1,2023-24,Brooklyn Nets,Orlando Magic,112.375,45.375,53.25,13.75,47.625,11.125,36.5,24.75,12.75,2.1884327295511503,15.125,42.25,36.3375,26.625,50.375,52.54008155194445,13.75,18.0,75.975,0.0,5.125,0.40090045188729395,5.5,17.875,0.32904030910609855,12.75,0.0,127.5,109.375,30.0,58.75,20.625,43.875,12.125,31.75,24.875,16.25,1.5926040870893812,10.0,29.375,33.925,29.375,58.125,50.78810690943044,20.625,28.25,73.6875,0.0,9.875,0.6300837320574163,5.125,21.25,0.24602217023172904,16.25,0.0,121.125
131,110,2023-11-14,1,1,2023-24,New Orleans Pelicans,Dallas Mavericks,110.5,34.125,57.0,19.375,43.625,11.5,32.125,23.375,13.875,1.7752025343937108,11.375,32.875,34.6625,28.5,55.75,51.41177858217952,19.375,25.5,76.27499999999999,0.0,6.25,0.4935397527309292,4.25,19.75,0.22594760312151616,13.875,0.0,119.25,123.75,54.375,50.0,19.375,40.75,9.0,31.75,26.25,12.75,2.3600852272727275,18.125,44.375,40.78750000000001,25.0,44.125,56.29451397723823,19.375,25.875,75.875,0.0,6.625,0.5750631313131314,5.0,18.625,0.27126798191712714,12.75,0.0,137.75
105,111,2023-11-14,1,1,2023-24,Charlotte Hornets,Miami Heat,116.125,25.5,72.0,18.625,44.75,13.75,31.0,24.5,13.75,2.056112810800311,8.5,28.0,30.7375,36.0,65.0,55.38521927065007,18.625,24.625,75.35,0.0,7.875,0.6006495240870241,5.625,22.0,0.26507385063449135,13.75,0.0,130.625,110.125,36.75,55.25,18.125,41.625,9.0,32.625,26.125,16.0,1.7951336675020886,12.25,33.875,36.7625,27.625,51.375,53.91460103907174,18.125,21.125,84.10000000000001,0.0,8.625,0.575281954887218,3.5,16.75,0.2054563492063492,16.0,0.0,125.625
111,108,2023-11-14,1,1,2023-24,Denver Nuggets,LA Clippers,115.125,33.75,68.25,13.125,46.625,11.375,35.25,29.75,12.625,2.5786968240093238,11.25,32.5,34.5875,34.125,57.5,59.409173026341904,13.125,18.5,70.86250000000001,0.0,6.875,0.5901005244755245,5.875,18.5,0.3252165828452593,12.625,0.0,141.625,112.625,36.375,58.5,17.75,43.0,10.125,32.875,22.625,16.125,1.4324191433566433,12.125,33.875,35.75,29.25,52.75,56.04071834963526,17.75,23.375,76.8375,0.0,9.875,0.6295891608391608,4.0,21.875,0.21364671013820732,16.125,0.0,125.125
120,126,2023-11-14,1,1,2023-24,Detroit Pistons,Atlanta Hawks,109.5,32.25,60.25,17.0,43.625,11.625,32.0,26.875,16.875,1.5972007223942208,10.75,29.625,36.3625,30.125,59.625,50.391338883032134,17.0,20.0,86.025,0.0,5.75,0.34235519865841074,4.75,24.875,0.1959528306484736,16.875,0.0,122.25,121.625,41.625,58.5,21.5,47.25,13.375,33.875,26.75,16.375,1.735928205781147,13.875,37.375,37.225,29.25,53.25,54.87335945249519,21.5,25.75,83.80000000000001,0.0,8.375,0.5180918754448166,5.0,17.625,0.29334623323013415,16.375,0.0,140.875
101,104,2023-11-14,1,1,2023-24,Golden State Warriors,Minnesota Timberwolves,115.25,40.5,55.5,19.25,47.625,15.0,32.625,27.375,14.375,1.969462481962482,13.5,38.75,34.8625,27.75,53.0,52.21923485611493,19.25,25.0,77.15,0.0,7.125,0.5278367465867466,3.25,21.5,0.1722074117003123,14.375,0.0,130.0,115.125,34.5,63.5,17.125,45.75,8.75,37.0,25.625,16.125,1.6558667027417027,11.5,30.0,38.162499999999994,31.75,54.5,58.78430523565286,17.125,23.375,72.4125,0.0,7.875,0.521002435064935,5.75,19.875,0.2881442182576252,16.125,0.0,136.5
114,116,2023-11-15,1,1,2023-24,Atlanta Hawks,New York Knicks,122.375,41.625,59.25,21.5,46.875,13.5,33.375,26.75,16.375,1.735928205781147,13.875,37.5,37.087500000000006,29.625,53.125,55.69406652320226,21.5,25.25,85.3375,0.0,8.625,0.5359490183019595,5.125,17.5,0.3018988648090815,16.375,0.0,142.5,106.75,36.0,53.0,17.75,48.125,14.125,34.0,21.375,12.875,2.2252795815295814,12.0,35.5,33.4875,26.5,54.25,48.86097837918997,17.75,24.0,75.07499999999999,0.0,8.125,0.7470717513480671,1.875,16.625,0.11154924528086294,12.875,0.0,115.875
110,125,2023-11-15,1,1,2023-24,Los Angeles Lakers,Sacramento Kings,113.75,30.0,63.75,20.0,42.625,7.25,35.375,25.625,14.0,1.9565967335897678,10.0,27.625,34.7375,31.875,55.875,57.14043842747583,20.0,26.0,77.125,0.0,7.125,0.5691303584831061,7.625,17.625,0.44371798544592667,14.0,0.0,135.125,111.375,40.875,53.25,17.25,44.0,11.125,32.875,26.5,14.25,1.9848124098124098,13.625,41.25,32.95,26.625,48.0,55.71928936032121,17.25,24.5,70.0375,0.0,7.25,0.5018578643578644,5.125,20.875,0.24363873839009287,14.25,0.0,123.75
133,115,2023-11-15,1,1,2023-24,Phoenix Suns,Minnesota Timberwolves,114.375,39.0,53.25,22.125,44.75,11.625,33.125,26.375,15.625,1.767009413874739,13.0,34.75,37.262499999999996,26.625,51.5,51.91874706677338,22.125,26.75,82.4375,0.0,7.75,0.5471893087992159,7.25,17.375,0.47427552345315505,15.625,0.0,133.625,114.875,35.25,61.0,18.625,45.125,9.0,36.125,24.875,16.625,1.5714917027417028,11.75,30.0,38.900000000000006,30.5,53.875,56.943061373132394,18.625,25.0,73.75,0.0,7.875,0.5069399350649351,6.0,20.125,0.29898013157031866,16.625,0.0,134.125
94,96,2023-11-15,1,1,2023-24,Chicago Bulls,Orlando Magic,112.25,34.5,61.0,16.75,41.0,11.0,30.0,23.625,10.5,2.388030719280719,11.5,30.375,37.5125,30.5,61.0,50.06131177843447,16.75,20.875,80.55,0.0,9.25,0.9521759490509489,4.875,19.75,0.24994072177205842,10.5,0.0,127.0,109.625,32.625,57.0,20.0,42.875,12.0,30.875,25.0,16.5,1.5758630156608098,10.875,31.625,34.2625,28.5,56.25,51.11490429505135,20.0,26.875,75.0125,0.0,9.75,0.611110517771702,5.0,21.25,0.23820967023172906,16.5,0.0,120.375
117,130,2023-11-15,1,1,2023-24,Washington Wizards,Dallas Mavericks,115.0,38.25,62.25,14.5,37.375,8.25,29.125,28.5,15.625,1.909439792663477,12.75,35.75,36.5625,31.125,54.5,56.86487364544659,14.5,19.875,72.3,0.0,9.75,0.6976176236044657,5.125,21.0,0.244180179723658,15.625,0.0,128.375,121.875,51.0,51.25,19.625,40.375,10.25,30.125,26.375,13.375,2.3163352272727273,17.0,43.75,38.8375,25.625,45.5,56.12559505831931,19.625,26.125,76.1125,0.0,6.625,0.5667297979797981,4.5,18.5,0.24323489368183304,13.375,0.0,133.25
95,109,2023-11-15,1,1,2023-24,Portland Trail Blazers,Cleveland Cavaliers,106.125,30.0,58.5,17.625,43.875,11.25,32.625,22.75,16.0,1.4250408496732028,10.0,32.125,31.3875,29.25,57.375,51.06812447645749,17.625,22.375,78.71249999999999,0.0,8.25,0.5257207049486462,6.75,20.625,0.3473021579146806,16.0,0.0,116.75,111.0,33.375,57.75,19.875,44.625,11.5,33.125,24.5,14.125,1.9657301032301033,11.125,32.5,34.275000000000006,28.875,54.0,53.77299168459655,19.875,25.75,77.9,0.0,7.25,0.5241029803529803,4.625,21.125,0.22626270537454748,14.125,0.0,125.5
112,128,2023-11-15,1,1,2023-24,Toronto Raptors,Milwaukee Bucks,110.25,33.75,62.0,14.5,45.125,12.75,32.375,27.625,14.625,1.9619208277103013,11.25,33.5,32.4125,31.0,57.5,53.690199115520194,14.5,20.125,74.0,0.0,8.375,0.6148166891587944,4.125,18.5,0.22844661143809752,14.625,0.0,126.5,116.375,39.375,55.5,21.5,40.875,7.875,33.0,22.875,13.875,1.7136508550788736,13.125,37.25,35.1375,27.75,48.25,57.09218681439228,21.5,28.75,74.65,0.0,6.875,0.523828873654725,5.375,19.125,0.2869778256238833,13.875,0.0,126.625
107,117,2023-11-15,1,1,2023-24,Philadelphia 76ers,Boston Celtics,122.625,30.375,67.0,25.25,48.375,12.75,35.625,25.375,14.375,1.8235367063492065,10.125,28.875,34.875,33.5,61.625,54.33012787193153,25.25,28.75,87.2375,0.0,8.625,0.6479414682539683,6.875,19.75,0.370187998738485,14.375,0.0,147.125,121.125,49.875,53.75,17.5,47.625,10.75,36.875,26.75,13.125,2.1814175407925407,16.625,44.75,37.637499999999996,26.875,46.375,58.249607161332236,17.5,21.5,80.05,0.0,6.25,0.4589525058275058,4.0,18.125,0.24190341392353776,13.125,0.0,141.0
122,115,2023-11-16,1,1,2023-24,Miami Heat,Brooklyn Nets,112.75,35.25,57.5,20.0,41.625,9.125,32.5,26.375,15.125,2.0013836675020884,11.75,33.0,36.0375,28.75,51.75,55.73956179260392,20.0,22.875,87.225,0.0,9.375,0.7127819548872181,4.0,17.625,0.2279344193817878,15.125,0.0,131.875,111.25,48.0,50.75,12.5,47.375,11.5,35.875,24.375,13.0,2.1370934438368647,16.0,43.0,37.875,25.375,49.375,51.31222325886876,12.5,16.5,75.11250000000001,0.0,6.25,0.46674866617300825,4.875,18.5,0.29203373015873013,13.0,0.0,126.125
109,128,2023-11-16,1,1,2023-24,Golden State Warriors,Oklahoma City Thunder,111.625,39.75,52.5,19.375,45.375,14.0,31.375,27.375,15.0,1.9111291486291486,13.25,38.5,34.45,26.25,52.0,50.4469469936015,19.375,24.5,79.9625,0.0,7.75,0.5465867465867467,2.625,21.625,0.141904381397282,15.0,0.0,123.625,119.375,34.875,63.25,21.25,40.75,7.125,33.625,24.875,14.625,1.759636270162586,11.625,31.375,37.35,31.625,55.125,57.50377771584207,21.25,24.625,86.05,0.0,9.0,0.6450802486986698,6.25,20.625,0.30829426600517934,14.625,0.0,139.0
108,100,2023-11-17,1,1,2023-24,Cleveland Cavaliers,Detroit Pistons,110.5,32.25,58.25,20.0,44.125,10.125,34.0,23.75,15.5,1.6075951825951826,10.75,32.375,33.1875,29.125,51.125,57.24112893949851,20.0,25.375,79.61250000000001,0.0,7.625,0.5231109168609168,5.0,21.125,0.24970020537454748,15.5,0.0,126.5,110.5,30.375,63.5,16.625,43.75,11.75,32.0,27.5,16.875,1.6339654282765737,10.125,29.75,33.975,31.75,59.375,53.211401334242126,16.625,19.875,84.82499999999999,0.0,6.125,0.3644140221878225,4.875,24.25,0.2084528306484736,16.875,0.0,125.375
120,129,2023-11-17,1,1,2023-24,San Antonio Spurs,Sacramento Kings,111.125,37.125,62.0,12.0,42.125,10.0,32.125,29.625,14.625,2.288942883097295,12.375,34.25,35.4375,31.0,59.0,52.62513073054999,12.0,16.125,74.45,0.0,6.5,0.5012044450647393,6.625,18.875,0.3600700769818417,14.625,0.0,127.375,112.75,42.375,54.0,16.375,44.5,11.25,33.25,27.375,14.5,2.012714195526695,14.125,41.75,33.75,27.0,47.75,56.69863408966594,16.375,23.0,70.975,0.0,8.5,0.5688221500721501,4.875,21.375,0.22645123839009287,14.5,0.0,128.5
128,131,2023-11-17,1,1,2023-24,Utah Jazz,Phoenix Suns,114.5,43.125,55.25,16.125,47.125,14.25,32.875,28.0,18.875,1.542740743555961,14.375,38.25,37.737500000000004,27.625,51.5,54.16810946175193,16.125,20.125,79.51249999999999,0.0,6.25,0.36421558513949814,6.125,20.25,0.31552429052429054,18.875,0.0,131.375,115.25,41.625,53.0,20.625,43.875,11.375,32.5,26.375,15.375,1.8452922421575673,13.875,34.0,40.7375,26.5,52.25,50.67453410381042,20.625,25.125,82.4875,0.0,6.625,0.44744183405174115,6.875,17.625,0.4520324156837315,15.375,0.0,133.25
116,126,2023-11-17,1,1,2023-24,Atlanta Hawks,Philadelphia 76ers,120.75,40.5,58.5,21.75,44.875,12.625,32.25,26.25,16.125,1.7339674214674214,13.5,36.75,36.862500000000004,29.25,51.625,56.78984574398148,21.75,25.75,84.725,0.0,8.125,0.5173215673215673,5.625,17.875,0.32469298245614037,16.125,0.0,139.875,120.25,30.375,66.75,23.125,47.125,12.625,34.5,24.125,13.5,1.8547867063492065,10.125,29.125,34.55,33.375,61.75,53.980801272604936,23.125,26.5,86.52499999999999,0.0,8.0,0.6392609126984127,4.875,19.0,0.27286657016705645,13.5,0.0,140.125
97,103,2023-11-17,1,1,2023-24,Chicago Bulls,Orlando Magic,110.0,35.625,58.5,15.875,42.125,11.5,30.625,23.25,11.25,2.3106015694831488,11.875,32.375,36.5125,29.25,58.5,49.989883207005896,15.875,19.75,80.8625,0.0,9.125,0.9213055037068195,4.625,20.75,0.2258230747132349,11.25,0.0,124.25,108.75,30.375,57.0,21.375,43.125,12.0,31.125,24.0,17.0,1.4243478641456584,10.125,30.75,32.8375,28.5,55.5,51.67045985060691,21.375,28.375,75.98750000000001,0.0,10.0,0.5974741541353383,5.0,21.125,0.23902135854341738,17.0,0.0,119.25
95,107,2023-11-17,1,1,2023-24,Portland Trail Blazers,Los Angeles Lakers,105.75,32.25,56.5,17.0,42.375,10.5,31.875,23.375,15.75,1.490889063958917,10.75,33.0,32.8375,28.25,56.125,50.26698641116848,17.0,21.625,78.85,0.0,8.125,0.527952847805789,6.0,20.0,0.3218900700025927,15.75,0.0,115.125,114.25,31.125,63.0,20.125,43.0,7.75,35.25,25.25,14.875,1.873716298807159,10.375,27.875,35.775,31.5,56.125,56.14328743032483,20.125,26.125,77.2625,0.0,7.75,0.5796602497874539,7.125,17.625,0.41430622074004425,14.875,0.0,134.375
99,130,2023-11-17,1,1,2023-24,Charlotte Hornets,Milwaukee Bucks,116.875,28.5,70.75,17.625,45.25,14.0,31.25,24.625,13.75,2.0630572552447553,9.5,28.5,33.475,35.375,63.625,55.32569546112626,17.625,23.125,76.01249999999999,0.0,7.0,0.5520384129759129,4.75,21.75,0.2270303723736218,13.75,0.0,132.0,117.125,42.375,53.5,21.25,40.625,7.875,32.75,23.0,13.625,1.754035470463489,14.125,37.5,37.5,26.75,47.75,55.613925944827066,21.25,27.625,77.3875,0.0,6.875,0.5340852839111353,5.875,19.375,0.30480391258040507,13.625,0.0,129.125
106,100,2023-11-17,1,1,2023-24,LA Clippers,Houston Rockets,111.375,36.0,57.75,17.625,43.75,11.125,32.625,23.125,15.5,1.538243006993007,12.0,33.125,36.35,28.875,54.625,53.268161958657814,17.625,22.875,77.95,0.0,10.125,0.6807255244755244,3.375,22.125,0.18476413438063158,15.5,0.0,124.125,114.125,37.5,59.25,17.375,44.875,9.75,35.125,26.125,11.875,2.3004626092861384,12.5,33.625,36.9875,29.625,54.375,54.23667766582833,17.375,23.125,74.525,0.0,7.0,0.644187919923214,3.5,20.75,0.17452636512991204,11.875,0.0,132.125
115,110,2023-11-17,1,1,2023-24,New Orleans Pelicans,Denver Nuggets,114.125,35.625,58.75,19.75,44.0,11.25,32.75,24.625,14.125,1.8311465903377666,11.875,32.75,36.0625,29.375,56.0,52.74279710069804,19.75,25.5,77.725,0.0,7.375,0.5660922002833767,4.625,20.0,0.24261426978818285,14.125,0.0,127.375,113.0,32.625,65.5,14.875,45.125,10.875,34.25,28.75,12.75,2.4839166042291043,10.875,32.0,33.85,32.75,56.125,58.55261564929272,14.875,20.875,70.05,0.0,6.375,0.5488917332667332,5.5,18.25,0.3086125728201966,12.75,0.0,135.5
105,108,2023-11-17,1,1,2023-24,Toronto Raptors,Boston Celtics,110.875,30.75,64.0,16.125,46.875,14.375,32.5,27.625,14.75,1.9426900584795321,10.25,33.625,29.1875,32.0,58.5,54.671440096761174,16.125,21.625,75.675,0.0,9.0,0.6560254803675856,4.5,18.5,0.2481834535433607,14.75,0.0,128.75,120.0,49.5,51.75,18.75,46.875,10.375,36.5,25.75,12.125,2.253639763014763,16.5,44.375,37.662499999999994,25.875,45.0,57.98107869731504,18.75,23.0,80.9875,0.0,5.75,0.470063616938617,4.25,17.375,0.2728557948759187,12.125,0.0,139.25
99,120,2023-11-17,1,1,2023-24,Washington Wizards,New York Knicks,116.25,38.625,63.0,14.625,38.125,7.875,30.25,28.125,15.25,1.9323564593301434,12.875,35.75,36.900000000000006,31.5,54.75,57.313449302124354,14.625,19.5,73.975,0.0,9.0,0.6601176236044657,4.75,22.125,0.2114004594439377,15.25,0.0,130.0,110.375,39.375,53.75,17.25,46.0,13.875,32.125,22.625,12.625,2.3135148756472286,13.125,35.125,37.0125,26.875,55.125,48.77056957415853,17.25,23.125,76.7125,0.0,8.375,0.7671955903573551,1.75,17.0,0.10199042175145116,12.625,0.0,120.375
123,130,2023-11-18,1,1,2023-24,Golden State Warriors,Oklahoma City Thunder,112.5,40.875,52.0,19.625,47.0,15.625,31.375,26.75,14.75,1.8998444264069265,13.625,39.75,34.275,26.0,52.875,49.14870137956642,19.625,25.0,78.9875,0.0,7.75,0.5509270243645245,2.375,21.875,0.12410252381214268,14.75,0.0,123.25,119.875,37.125,61.75,21.0,40.5,7.25,33.25,26.125,14.375,1.882713193239509,12.375,31.75,39.175,30.875,55.25,56.00966997173432,21.0,24.0,87.2,0.0,9.125,0.666234094852516,5.375,20.75,0.26125479232096877,14.375,0.0,139.875
108,120,2023-11-18,1,1,2023-24,San Antonio Spurs,Memphis Grizzlies,111.75,37.5,61.75,12.5,42.75,9.75,33.0,30.625,15.0,2.3035262164306283,12.5,34.125,35.925,30.875,59.125,52.284221639640904,12.5,16.5,75.39999999999999,0.0,6.125,0.4553711117314059,5.875,19.375,0.31175074925074925,15.0,0.0,128.25,109.875,42.75,53.0,14.125,41.5,11.5,30.0,24.875,14.0,1.8603803263729732,14.25,42.125,33.95,26.5,52.625,50.105560122068646,14.125,19.375,72.3,0.0,8.125,0.6023436836855954,6.5,21.875,0.3144122383252818,14.0,0.0,117.625
108,122,2023-11-18,1,1,2023-24,Charlotte Hornets,New York Knicks,114.125,27.75,68.75,17.625,45.75,14.125,31.625,22.75,14.0,1.8380572552447552,9.25,27.875,33.1375,34.375,63.625,53.78723392266472,17.625,23.375,74.9375,0.0,6.625,0.5041217463092463,4.375,20.625,0.2177136021872864,14.0,0.0,126.0,111.75,40.5,54.75,16.5,46.0,14.125,31.875,23.625,12.25,2.4482551353874884,13.5,35.625,37.49999999999999,27.375,55.25,49.60057683105258,16.5,22.5,75.4625,0.0,7.875,0.7436566293183939,2.375,17.5,0.13035176628926629,12.25,0.0,123.375
132,125,2023-11-18,1,1,2023-24,Milwaukee Bucks,Dallas Mavericks,119.5,45.75,54.75,19.0,43.125,7.5,35.625,24.625,13.75,1.86381111148913,15.25,38.875,38.837500000000006,27.375,48.0,56.736761442662555,19.0,24.5,77.7875,0.0,6.25,0.47879682237267374,6.5,19.875,0.3317646968941305,13.75,0.0,136.5,123.875,49.875,54.75,19.25,40.5,9.75,30.75,27.5,12.75,2.524668560606061,16.625,43.0,38.6875,27.375,47.625,57.43620111892537,19.25,26.25,74.5125,0.0,6.5,0.5833964646464647,4.75,19.125,0.2517576209545603,12.75,0.0,136.75
102,97,2023-11-18,1,1,2023-24,Chicago Bulls,Miami Heat,109.0,35.25,57.0,16.75,41.0,10.625,30.375,23.25,11.625,2.276346761790841,11.75,31.875,36.6625,28.5,57.75,49.32024034986304,16.75,21.125,79.1625,0.0,9.125,0.9032766575529734,4.625,20.5,0.2273758697442908,11.625,0.0,121.625,113.75,36.0,57.25,20.5,40.625,9.125,31.5,26.25,14.375,2.1374947786132,12.0,33.125,36.625,28.625,51.0,56.34574908357383,20.5,23.375,87.325,0.0,9.5,0.7655597326649959,4.125,17.625,0.2341844193817878,14.375,0.0,133.5
120,121,2023-11-18,1,1,2023-24,New Orleans Pelicans,Minnesota Timberwolves,114.75,35.25,60.5,19.0,41.625,9.0,32.625,25.875,14.125,1.9447829539741304,11.75,30.375,38.7125,30.25,56.625,53.65625863915958,19.0,24.5,76.95,0.0,7.375,0.5660922002833768,4.625,19.125,0.2594411928651059,14.125,0.0,129.625,115.125,31.125,63.25,20.75,45.375,9.75,35.625,24.125,15.625,1.7322059884559886,10.375,29.25,35.150000000000006,31.625,54.875,57.918095111324035,20.75,26.625,77.8625,0.0,8.25,0.6289637445887446,6.0,19.75,0.3068582828308229,15.625,0.0,135.25
100,102,2023-11-19,1,1,2023-24,Memphis Grizzlies,Boston Celtics,111.125,41.625,53.25,16.25,41.625,11.75,29.875,25.0,14.25,1.8365708025634495,13.875,41.625,33.3875,26.625,52.375,50.581546399941715,16.25,21.375,74.875,0.0,7.875,0.5710936836855954,6.375,22.25,0.30668496559800906,14.25,0.0,119.125,114.125,48.0,49.75,16.375,45.25,10.0,35.25,26.0,11.875,2.323569832944833,16.0,45.75,34.875,24.875,43.25,57.96296275528606,16.375,20.625,80.05000000000001,0.0,5.75,0.4788048756798756,4.5,16.625,0.2981594386006151,11.875,0.0,131.375
121,109,2023-11-19,1,1,2023-24,Cleveland Cavaliers,Denver Nuggets,112.625,31.875,60.0,20.75,43.25,9.25,34.0,24.0,15.125,1.6680118492618492,10.625,30.25,35.262499999999996,30.0,52.0,57.9849055029472,20.75,26.5,79.16250000000001,0.0,8.0,0.5668609168609169,5.0,19.875,0.2935598544973545,15.125,0.0,130.375,113.0,33.0,65.25,14.75,46.125,11.375,34.75,29.375,12.75,2.5319935273060272,11.0,33.5,32.9625,32.625,56.125,58.32940136357844,14.75,20.25,71.15,0.0,6.375,0.5488917332667334,4.875,19.0,0.25593400139162525,12.75,0.0,135.5
105,104,2023-11-19,1,1,2023-24,Los Angeles Lakers,Houston Rockets,111.375,31.5,61.25,18.625,42.125,8.0,34.125,25.125,15.375,1.811216298807159,10.5,27.5,36.65,30.625,55.375,55.3309532128182,18.625,24.375,76.4125,0.0,7.875,0.5667634243906285,6.75,16.625,0.41430622074004425,15.375,0.0,130.375,111.375,38.25,55.25,17.875,45.375,9.875,35.5,25.375,11.75,2.2685998641880993,12.75,33.5,37.9,27.625,53.0,52.28879324890367,17.875,23.125,77.025,0.0,6.875,0.6396944558709265,3.875,21.0,0.187232409085956,11.75,0.0,129.75
116,128,2023-11-19,1,1,2023-24,Indiana Pacers,Orlando Magic,127.375,46.5,64.5,16.375,39.375,9.5,29.875,29.875,13.0,2.401906719011982,15.5,39.5,39.1125,32.25,54.375,58.844737281874465,16.375,20.875,78.07499999999999,0.0,7.75,0.6291237271500429,5.875,20.25,0.31878968253968254,13.0,0.0,146.625,108.875,31.875,56.0,21.0,43.875,12.375,31.5,24.125,17.375,1.4025551009877635,10.625,31.25,33.975,28.0,54.75,51.57242063492063,21.0,27.125,77.4875,0.0,9.75,0.5732142857142857,5.5,20.875,0.2631690858161446,17.375,0.0,121.25
99,121,2023-11-19,1,1,2023-24,Brooklyn Nets,Philadelphia 76ers,112.0,47.25,52.0,12.75,46.5,11.875,34.625,24.625,12.625,2.1912601105035314,15.75,43.0,37.1875,26.0,49.75,52.23835458096282,12.75,16.625,75.7,0.0,5.5,0.43202644395078604,4.75,18.75,0.2830059523809524,12.625,0.0,125.875,121.75,31.875,66.0,23.875,46.75,12.375,34.375,25.5,13.875,1.9025808239962654,10.625,29.75,35.4625,33.0,60.625,54.2896020960738,23.875,26.875,88.07499999999999,0.0,7.625,0.5982945261437909,5.0,19.125,0.27812972806179326,13.875,0.0,143.0
137,140,2023-11-19,1,1,2023-24,Utah Jazz,Phoenix Suns,117.75,45.0,54.25,18.5,45.625,13.375,32.25,27.625,18.25,1.6761542050944227,15.0,38.125,39.574999999999996,27.125,50.0,54.7034055473993,18.5,22.125,84.1625,0.0,5.875,0.35339827744719043,7.125,20.5,0.3579673547064851,18.25,0.0,136.125,117.375,41.625,53.75,22.0,43.0,11.25,31.75,27.125,14.125,2.1406138795844676,13.875,33.25,41.775,26.875,53.375,50.22427681393049,22.0,26.5,83.55,0.0,6.25,0.4642546995488172,6.5,18.125,0.4261485772998931,14.125,0.0,135.75
113,129,2023-11-19,1,1,2023-24,Dallas Mavericks,Sacramento Kings,125.25,49.5,57.5,18.25,42.375,9.875,32.5,27.5,12.375,2.5809185606060607,16.5,43.625,37.875,28.75,49.125,58.430519300743555,18.25,25.375,72.2375,0.0,5.125,0.4938131313131313,4.25,18.75,0.227908936744034,12.375,0.0,137.5,112.375,42.75,53.0,16.625,43.875,11.0,32.875,27.5,15.0,1.9144999098124096,14.25,41.0,34.6875,26.5,46.125,57.69531183052973,16.625,23.0,72.025,0.0,9.0,0.5831078643578644,4.25,20.625,0.20656487475372923,15.0,0.0,129.25
91,134,2023-11-19,1,1,2023-24,Portland Trail Blazers,Oklahoma City Thunder,105.25,31.875,56.25,17.125,42.0,11.25,30.75,23.0,16.125,1.446481169222075,10.625,33.25,32.2875,28.125,56.375,49.76698641116848,17.125,22.0,77.875,0.0,8.75,0.5534462688584206,5.375,19.75,0.2905433207765865,16.125,0.0,112.5,122.875,37.5,65.0,20.375,40.25,7.625,32.625,26.5,14.0,1.9618798599061757,12.5,30.375,40.95,32.5,58.125,55.97660118866554,20.375,23.375,86.95,0.0,9.375,0.6995674281858493,5.625,19.75,0.28990062565430214,14.0,0.0,144.125
142,113,2023-11-19,1,1,2023-24,Toronto Raptors,Detroit Pistons,112.625,33.75,63.0,15.875,46.125,13.25,32.875,28.875,14.875,2.0236195456590194,11.25,34.125,32.0125,31.5,57.125,55.07742300274408,15.875,21.5,74.55,0.0,8.25,0.5903203521624574,4.125,17.75,0.23013532520111468,14.875,0.0,131.0,110.375,29.625,63.75,17.0,45.375,13.25,32.125,27.0,16.75,1.6143575851393188,9.875,30.5,32.45,31.875,58.75,53.965206954851034,17.0,20.375,84.3,0.0,5.625,0.3399042182662539,5.125,22.75,0.23179748260093538,16.75,0.0,125.875
129,142,2023-11-20,1,1,2023-24,Washington Wizards,Milwaukee Bucks,113.5,38.625,59.5,15.375,37.75,8.0,29.75,27.25,15.625,1.7919343814080657,12.875,34.75,37.6875,29.75,53.375,55.66180995786206,15.375,19.75,77.6625,0.0,7.75,0.5367410002278423,4.875,21.25,0.22417823722171548,15.625,0.0,125.625,122.25,44.625,59.0,18.625,43.125,7.25,35.875,25.25,12.875,2.167382540060559,14.875,39.625,37.15,29.5,48.75,60.53956163250594,18.625,23.5,79.4875,0.0,6.5,0.568082536658388,5.5,19.875,0.2692646968941305,12.875,0.0,140.875
129,93,2023-11-20,1,1,2023-24,New Orleans Pelicans,Sacramento Kings,114.125,34.5,62.25,17.375,42.125,9.75,32.375,25.875,14.75,1.8620623657388364,11.5,30.0,38.412499999999994,31.125,57.75,54.16338583214204,17.375,23.0,76.0375,0.0,7.875,0.5801853375382787,4.375,20.125,0.23486854329245635,14.75,0.0,128.875,115.875,45.0,54.5,16.375,43.875,11.0,32.875,28.75,14.75,2.0414229867354865,15.0,41.625,36.075,27.25,45.75,59.549085415435385,16.375,22.75,71.7625,0.0,9.125,0.6029796592296592,4.125,21.0,0.1959031100478469,14.75,0.0,135.5
100,118,2023-11-20,1,1,2023-24,Chicago Bulls,Miami Heat,108.375,37.125,54.0,17.25,41.25,10.75,30.5,23.625,12.0,2.244615992560072,12.375,34.0,36.2,27.0,54.625,49.70730774512716,17.25,21.75,79.45,0.0,9.75,0.9398151190914348,4.875,21.625,0.22300524037366143,12.0,0.0,122.125,112.75,35.625,56.0,21.125,39.125,8.375,30.75,26.375,14.0,2.1763836675020887,11.875,32.875,36.5125,28.0,49.5,56.61611263626595,21.125,24.0,87.92500000000001,0.0,9.375,0.7711152882205513,3.5,17.375,0.2029344193817878,14.0,0.0,131.75
117,100,2023-11-20,1,1,2023-24,Minnesota Timberwolves,New York Knicks,116.5,33.0,63.25,20.25,43.625,9.375,34.25,25.25,15.625,1.8125631313131314,11.0,30.5,35.625,31.625,53.25,59.52276923903963,20.25,26.625,76.0125,0.0,7.875,0.6021780303030303,6.25,20.5,0.30685828283082284,15.625,0.0,136.375,115.875,44.625,55.5,15.75,45.625,13.75,31.875,24.75,12.0,2.5687908496732024,14.875,36.5,40.8125,27.75,54.25,51.101472888400245,15.75,21.125,76.33749999999999,0.0,7.5,0.7272875816993464,2.5,17.125,0.14537580475080475,12.0,0.0,130.75
121,116,2023-11-20,1,1,2023-24,Golden State Warriors,Houston Rockets,110.25,40.875,50.75,18.625,48.375,15.75,32.625,26.375,14.875,1.8576569264069265,13.625,40.5,33.5375,25.375,52.75,48.069327322251176,18.625,23.875,78.7,0.0,7.375,0.5228020243645244,2.625,21.0,0.14188030158992046,14.875,0.0,120.625,112.5,40.125,55.75,16.625,44.375,9.375,35.0,27.0,13.125,2.118798276886512,13.375,34.0,39.2125,27.875,51.75,53.98718817238258,16.625,22.0,75.1875,0.0,6.875,0.5633055669820376,3.75,21.625,0.17723240908595597,13.125,0.0,131.5
103,107,2023-11-20,1,1,2023-24,Detroit Pistons,Denver Nuggets,110.0,28.125,64.25,17.625,44.5,11.75,32.75,26.375,16.875,1.5638061145510835,9.375,29.0,32.5,32.125,58.875,54.294154323272075,17.625,21.5,83.48750000000001,0.0,5.5,0.33071304179566563,4.875,21.75,0.2279405401044417,16.875,0.0,124.125,115.5,36.0,63.5,16.0,44.875,11.0,33.875,29.375,12.375,2.5734598734598735,12.0,33.0,36.724999999999994,31.75,54.875,57.87642142946643,16.0,21.875,71.6375,0.0,6.5,0.5693244255744256,4.25,18.875,0.22887772433534817,12.375,0.0,138.125
121,118,2023-11-20,1,1,2023-24,Charlotte Hornets,Boston Celtics,112.75,30.0,66.0,16.75,44.75,12.75,32.0,23.75,13.625,1.9528409090909091,10.0,28.875,34.125,33.0,61.625,53.15822345322872,16.75,21.875,76.51249999999999,0.0,6.125,0.48188616938616935,4.0,21.0,0.19349111414900888,13.625,0.0,125.125,111.375,46.875,48.5,16.0,44.625,9.875,34.75,25.75,12.625,2.220628656474245,15.625,44.0,35.55,24.25,43.375,56.435184977508285,16.0,20.375,79.4,0.0,6.0,0.47746797728415374,5.0,16.875,0.3198312652260021,12.625,0.0,128.25
99,124,2023-11-20,1,1,2023-24,San Antonio Spurs,LA Clippers,108.75,36.375,58.75,13.625,42.625,10.125,32.5,29.25,15.875,1.942067883097295,12.125,34.5,34.5375,29.375,56.875,51.62657772046438,13.625,18.125,73.9625,0.0,5.875,0.3876627783980725,6.375,20.25,0.32216741591741593,15.875,0.0,122.625,109.25,34.875,55.75,18.625,43.625,11.0,32.625,23.0,15.25,1.5549840784215785,11.625,32.125,36.3625,27.875,54.625,51.227345632127204,18.625,24.0,78.9625,0.0,9.5,0.6528237387612387,3.625,22.5,0.19175426595957895,15.25,0.0,121.125
119,122,2023-11-21,1,1,2023-24,Philadelphia 76ers,Cleveland Cavaliers,122.875,33.75,65.0,24.125,45.875,11.75,34.125,26.5,12.25,2.5359141573295987,11.25,30.375,36.5875,32.5,60.5,53.555138819237634,24.125,26.875,89.4625,0.0,8.0,0.7635723039215687,4.75,18.375,0.27465750583957105,12.25,0.0,145.875,115.875,31.5,63.5,20.875,43.375,9.875,33.5,25.0,14.625,1.7830912143412143,10.5,29.625,35.662499999999994,31.75,53.625,59.75979727783897,20.875,27.25,76.9,0.0,7.875,0.5718212343212343,5.0,18.75,0.3051339285714286,14.625,0.0,135.125
152,157,2023-11-21,1,1,2023-24,Atlanta Hawks,Indiana Pacers,119.375,39.75,57.0,22.625,45.25,13.875,31.375,25.75,16.375,1.6465548340548342,13.25,37.125,35.575,28.5,51.625,55.450560029695765,22.625,27.25,82.925,0.0,8.375,0.5260628260628261,5.25,18.875,0.27677631578947365,16.375,0.0,136.0,128.875,47.625,62.75,18.5,40.5,9.875,30.625,29.625,13.875,2.228295607900871,15.875,38.75,40.65,31.375,54.375,57.47754978187447,18.5,23.25,80.4625,0.0,8.25,0.6239153938167097,6.0,21.75,0.30863343253968256,13.875,0.0,148.75
120,107,2023-11-21,1,1,2023-24,Phoenix Suns,Portland Trail Blazers,119.75,42.375,55.0,22.375,44.25,12.0,32.25,28.375,14.625,2.158471022441611,14.125,34.875,40.525,27.5,54.5,50.21057067357961,22.375,26.5,84.98750000000001,0.0,7.0,0.49600073129484895,7.625,19.75,0.45085095825227406,14.625,0.0,140.5,102.875,32.625,54.75,15.5,40.375,12.0,28.375,22.75,16.375,1.4155214169000934,10.875,35.0,31.225,27.375,55.125,49.54197837516719,15.5,20.5,75.98750000000001,0.0,8.75,0.5457063307779252,4.75,19.75,0.24887665410991983,16.375,0.0,106.25
126,107,2023-11-21,1,1,2023-24,Orlando Magic,Toronto Raptors,110.5,30.75,57.75,22.0,43.75,12.125,31.625,23.375,17.125,1.3790256892230575,10.25,30.125,34.0375,28.875,56.125,51.815624259654115,22.0,27.875,78.525,0.0,8.875,0.531547619047619,5.625,20.625,0.2725169119031012,17.125,0.0,122.0,114.125,33.375,64.25,16.5,45.75,12.875,32.875,30.0,13.625,2.468063990103464,11.125,33.875,31.9375,32.125,58.75,54.35200848015974,16.5,23.375,70.7,0.0,8.625,0.6979592410513462,4.0,17.5,0.22730923824459293,13.625,0.0,132.625
131,99,2023-11-21,1,1,2023-24,Los Angeles Lakers,Utah Jazz,111.875,30.75,62.25,18.875,42.375,8.0,34.375,26.25,15.5,1.8667718543627145,10.25,27.375,35.9,31.125,55.375,56.256879138744125,18.875,25.375,74.15,0.0,8.75,0.6129235551095829,5.625,15.625,0.36439779583161935,15.5,0.0,131.5,118.25,42.375,56.25,19.625,46.75,15.5,31.25,26.625,18.0,1.6454524507084576,14.125,38.5,37.25,28.125,53.125,53.57939368969179,19.625,23.125,85.47500000000001,0.0,6.375,0.38410003183315544,7.375,21.125,0.3640700483091787,18.0,0.0,134.5
117,114,2023-11-22,1,1,2023-24,Charlotte Hornets,Washington Wizards,112.25,31.875,64.5,15.875,46.75,13.375,33.375,24.5,13.625,2.010533216783217,10.625,31.25,33.2875,32.25,61.25,52.33525965232374,15.875,21.125,75.77499999999999,0.0,6.625,0.5203477078477078,3.625,20.75,0.17960222526011999,13.625,0.0,125.25,115.375,37.5,62.5,15.375,37.25,8.125,29.125,26.75,13.625,2.4919343814080657,12.5,34.875,36.199999999999996,31.25,55.5,55.91450537565183,15.375,19.0,81.275,0.0,7.625,0.6804910002278424,4.875,21.375,0.2227162489176219,13.625,0.0,128.0
111,91,2023-11-22,1,1,2023-24,Houston Rockets,Memphis Grizzlies,111.0,37.125,57.75,16.125,45.625,10.375,35.25,26.125,12.0,2.2989453357100413,12.375,34.5,36.075,28.875,52.625,55.04609282171276,16.125,21.5,74.72500000000001,0.0,6.375,0.5835261552173316,3.875,21.875,0.18149377272231962,12.0,0.0,129.75,110.0,42.75,53.0,14.25,41.625,11.75,29.875,25.375,13.625,1.9594401207452679,14.25,40.375,34.975,26.5,53.5,49.233507184255444,14.25,18.625,76.3625,0.0,7.25,0.55688913823105,6.125,22.125,0.29667414308718654,13.625,0.0,119.25
131,132,2023-11-22,1,1,2023-24,Indiana Pacers,Toronto Raptors,133.375,50.25,64.0,19.125,39.125,9.875,29.25,30.5,13.25,2.3565850815850813,16.75,40.5,40.7125,32.0,53.625,59.58793939226408,19.125,23.75,81.5,0.0,8.25,0.6403627622377623,6.75,22.625,0.32891121031746035,13.25,0.0,154.75,115.125,34.875,63.25,17.0,45.375,12.375,33.0,29.875,14.25,2.4217372357174987,11.625,33.875,33.725,31.625,58.25,53.87224210552478,17.0,23.75,71.8125,0.0,8.875,0.7028934515776621,4.375,17.5,0.24605923824459291,14.25,0.0,133.75
117,112,2023-11-22,1,1,2023-24,New Orleans Pelicans,Sacramento Kings,117.125,36.0,63.75,17.375,44.625,9.875,34.75,27.625,14.875,1.985168426344897,12.0,29.625,40.55,31.875,59.125,54.038091020821284,17.375,23.0,76.0375,0.0,7.75,0.5612459435988848,4.25,20.625,0.2160088941696493,14.875,0.0,136.0,116.375,45.0,54.75,16.625,43.0,11.125,31.875,29.625,15.0,2.073765644078144,15.0,42.125,35.775,27.375,45.625,59.992053300263734,16.625,23.375,70.8875,0.0,9.0,0.5846230158730159,4.0,21.25,0.18619133059922532,15.0,0.0,134.875
112,99,2023-11-22,1,1,2023-24,Minnesota Timberwolves,Philadelphia 76ers,115.75,33.75,61.75,20.25,43.75,9.125,34.625,25.875,16.0,1.796329365079365,11.25,31.75,34.9875,30.875,51.875,59.78020630997785,20.25,26.75,75.7125,0.0,7.5,0.5510416666666667,5.75,20.875,0.2807295202890169,16.0,0.0,134.625,119.5,33.375,62.5,23.625,45.75,12.25,33.5,24.25,12.0,2.416494514472456,11.125,30.875,35.675000000000004,31.25,60.625,51.37276177005731,23.625,26.625,88.64999999999999,0.0,8.0,0.7769651610644258,4.875,19.625,0.25632417250623774,12.0,0.0,138.25
147,145,2023-11-22,1,1,2023-24,Atlanta Hawks,Brooklyn Nets,122.125,42.0,58.25,21.875,43.0,13.625,29.375,26.0,15.625,1.7251262626262627,14.0,37.0,38.1125,29.125,52.125,55.94535169636243,21.875,26.75,81.8625,0.0,8.375,0.5451104451104452,5.375,19.75,0.2750779462242563,15.625,0.0,138.375,110.75,44.625,52.25,13.875,47.25,12.0,35.25,23.625,13.125,2.027623746867168,14.875,40.875,37.1,26.125,50.0,52.233730089656866,13.875,18.0,77.575,0.0,5.25,0.40323856516290724,5.25,19.0,0.31276785714285715,13.125,0.0,125.0
121,105,2023-11-22,1,1,2023-24,Portland Trail Blazers,Utah Jazz,101.875,34.5,53.25,14.125,37.875,11.625,26.25,22.875,16.25,1.4381862520649284,11.5,34.875,33.3625,26.625,54.125,49.03974623231005,14.125,18.5,76.88749999999999,0.0,8.25,0.515486550558145,4.25,20.375,0.2092933207765865,16.25,0.0,103.625,116.5,42.0,55.75,18.75,46.0,15.5,30.5,26.375,17.25,1.6999167364227432,14.0,39.875,35.825,27.875,52.875,53.35617940397751,18.75,21.875,85.7125,0.0,6.0,0.38142146040458397,6.875,20.5,0.3487080954472259,17.25,0.0,130.5
96,129,2023-11-22,1,1,2023-24,Cleveland Cavaliers,Miami Heat,116.625,31.875,63.75,21.0,46.0,11.0,35.0,25.75,15.0,1.7812883297258297,10.625,29.25,36.587500000000006,31.875,55.25,58.426981542849326,21.0,27.25,77.4,0.0,7.75,0.5459798881673881,4.375,18.875,0.2726934523809524,15.0,0.0,137.25,112.375,37.125,53.5,21.75,39.875,8.625,31.25,25.875,12.625,2.3555503341687554,12.375,33.875,36.575,26.75,49.0,54.73894667554204,21.75,24.75,87.8375,0.0,9.125,0.8050438596491228,3.5,17.5,0.20256892230576443,12.625,0.0,131.375
102,109,2023-11-22,1,1,2023-24,San Antonio Spurs,LA Clippers,106.625,36.375,56.5,13.75,43.0,10.625,32.375,28.375,15.75,1.9011671478031773,12.125,35.25,33.9125,28.25,55.375,51.175856566618236,13.75,18.25,74.17500000000001,0.0,5.5,0.3674421901627784,6.375,19.75,0.33197133748604335,15.75,0.0,119.375,110.0,34.125,56.5,19.375,44.5,11.125,33.375,23.125,14.125,1.864135864135864,11.375,32.75,34.875,28.25,54.75,51.75335381447671,19.375,24.25,81.2625,0.0,10.125,0.8425558816183817,3.5,20.5,0.2100234967288097,14.125,0.0,124.375
123,115,2023-11-22,1,1,2023-24,Phoenix Suns,Golden State Warriors,122.25,41.625,58.25,22.375,43.75,11.5,32.25,28.875,15.125,2.1251376891082776,13.875,32.625,42.462500000000006,29.125,55.125,52.513615243573334,22.375,25.875,86.8125,0.0,6.625,0.4376673979615156,7.125,20.625,0.3700428774441933,15.125,0.0,145.25,112.375,42.75,50.0,19.625,48.25,14.625,33.625,26.375,14.25,2.0139069264069267,14.25,40.75,34.7625,25.0,50.375,49.338750185736195,19.625,24.25,80.9625,0.0,6.5,0.47352317821067824,2.25,21.375,0.12005490476452363,14.25,0.0,125.0
124,119,2023-11-22,1,1,2023-24,Orlando Magic,Denver Nuggets,111.25,30.75,58.75,21.75,42.375,11.625,30.75,23.625,16.75,1.4505401122999806,10.25,29.875,34.325,29.375,56.25,52.44968223066861,21.75,28.0,76.75,0.0,9.625,0.6000572344322344,5.5,20.75,0.2626484908504696,16.75,0.0,122.875,113.25,35.25,61.75,16.25,43.875,10.0,33.875,29.0,11.625,2.6350670163170165,11.75,32.75,36.225,30.875,54.375,56.87763208321945,16.25,22.125,71.95,0.0,6.0,0.5630744255744256,4.5,18.875,0.24358360668828938,11.625,0.0,134.625
101,104,2023-11-22,1,1,2023-24,Los Angeles Lakers,Dallas Mavericks,114.875,31.875,62.75,20.25,44.125,8.5,35.625,27.125,15.25,1.9525561680882046,10.625,27.75,36.7875,31.375,55.625,56.40839429025928,20.25,27.0,74.51249999999999,0.0,8.75,0.6188059080507593,5.625,15.375,0.3692997566159331,15.25,0.0,137.125,123.875,48.75,57.5,17.625,41.5,10.125,31.375,26.5,12.25,2.5161458333333333,16.25,42.625,38.125,28.75,49.75,57.745523080033045,17.625,24.625,72.0,0.0,5.75,0.5597222222222222,3.75,18.25,0.20510191920017434,12.25,0.0,134.75
116,102,2023-11-22,1,1,2023-24,Oklahoma City Thunder,Chicago Bulls,122.25,40.125,63.0,19.125,41.625,8.0,33.625,26.75,13.875,1.9852716727716728,13.375,31.25,42.125,31.5,57.0,55.37474933681369,19.125,21.375,89.45,0.0,10.0,0.7353861416361416,5.875,19.5,0.3044839589876355,13.875,0.0,147.0,108.25,38.625,52.5,17.125,41.125,10.5,30.625,22.75,12.0,2.165070538014617,12.875,35.375,36.550000000000004,26.25,52.625,50.42700471482413,17.125,20.875,82.475,0.0,9.125,0.8829969372732531,5.375,21.25,0.25795589826839826,12.0,0.0,122.0
119,116,2023-11-22,1,1,2023-24,Boston Celtics,Milwaukee Bucks,112.5,48.75,48.75,15.0,45.0,9.875,35.125,25.625,12.25,2.240073100918689,16.25,45.375,36.025,24.375,42.625,57.453852179435216,15.0,19.625,77.875,0.0,5.125,0.43719019950637594,5.75,15.5,0.3768825472772841,12.25,0.0,129.75,123.875,42.75,62.5,18.625,44.0,7.75,36.25,26.125,13.5,2.1173825400605586,14.25,37.25,37.725,31.25,50.875,61.188600094044396,18.625,24.0,77.925,0.0,6.125,0.5180825366583881,6.0,19.875,0.307726235355669,13.5,0.0,144.625
136,113,2023-11-24,1,1,2023-24,Indiana Pacers,Detroit Pistons,134.25,48.75,66.25,19.25,38.5,9.125,29.375,30.75,13.25,2.3732517482517483,16.25,39.75,40.375,33.125,54.125,61.29066375123844,19.25,23.75,82.2875,0.0,8.625,0.6653627622377623,6.875,23.375,0.3254389880952381,13.25,0.0,156.75,109.625,27.75,62.75,19.125,45.75,11.875,33.875,25.875,17.125,1.514326947884417,9.25,28.75,32.3125,31.375,58.375,53.49988348993875,19.125,23.0,84.3125,0.0,5.5,0.32463665290677673,4.75,21.875,0.22137351111893447,17.125,0.0,124.0
131,128,2023-11-24,1,1,2023-24,Milwaukee Bucks,Washington Wizards,123.375,43.5,63.0,16.875,45.375,8.75,36.625,26.625,13.375,2.199326984505003,14.5,36.875,38.7875,31.5,52.625,60.083277649662534,16.875,22.125,76.9375,0.0,6.25,0.543082536658388,5.375,20.0,0.27227301898139994,13.375,0.0,144.875,113.625,36.375,62.0,15.25,38.375,8.25,30.125,26.125,12.5,2.612987012987013,12.125,34.625,35.35,31.0,55.875,55.204207608902436,15.25,18.75,81.6875,0.0,7.75,0.7285173160173161,4.0,20.375,0.19547265917403217,12.5,0.0,126.5
118,112,2023-11-24,1,1,2023-24,Golden State Warriors,San Antonio Spurs,111.75,42.0,49.75,20.0,48.125,13.875,34.25,26.75,14.875,1.945014880952381,14.0,39.625,35.0125,24.875,50.625,48.861533436967726,20.0,25.25,79.625,0.0,6.75,0.4607390873015873,2.125,23.875,0.09537003081494382,14.875,0.0,124.0,105.5,37.5,54.5,13.5,44.0,10.375,33.625,28.375,16.125,1.837855459491489,12.5,36.75,33.675,27.25,53.5,50.953880983932336,13.5,17.375,76.0,0.0,5.625,0.3593253070458953,6.5,20.875,0.3215546708193767,16.125,0.0,119.5
111,124,2023-11-24,1,1,2023-24,Minnesota Timberwolves,Sacramento Kings,115.5,32.625,62.25,20.625,44.125,9.625,34.5,26.125,14.625,1.9301434676434677,10.875,30.375,35.4125,31.125,53.75,58.25490869093023,20.625,26.625,77.55000000000001,0.0,7.875,0.6107371794871794,6.125,20.25,0.304310106369603,14.625,0.0,137.0,118.25,45.375,54.0,18.875,43.5,10.125,33.375,29.625,15.125,2.062307310744811,15.125,42.625,35.662499999999994,27.0,44.5,60.706611227093006,18.875,25.25,74.375,0.0,8.75,0.5663938492063493,3.875,21.625,0.17982769423558898,15.125,0.0,137.5
89,110,2023-11-24,1,1,2023-24,Memphis Grizzlies,Phoenix Suns,107.25,41.625,48.75,16.875,41.375,12.0,29.375,23.875,12.625,1.9823159377387318,13.875,40.0,34.1375,24.375,52.125,46.65153997114069,16.875,21.375,78.42500000000001,0.0,6.625,0.5397322754859519,5.75,21.375,0.29272677466613395,12.625,0.0,113.875,122.625,42.75,55.25,24.625,43.75,11.125,32.625,28.0,14.75,2.107082133552722,14.25,33.5,42.6125,27.625,53.0,51.772429346137436,24.625,28.75,86.175,0.0,6.75,0.4571118424059601,6.875,21.75,0.3193435767448925,14.75,0.0,144.5
105,86,2023-11-24,1,1,2023-24,Houston Rockets,Denver Nuggets,111.5,37.5,57.5,16.5,45.125,9.875,35.25,25.375,11.5,2.3736206603853662,12.5,35.375,35.6375,28.75,52.375,55.06109882411373,16.5,21.5,76.60000000000001,0.0,6.625,0.6452144669056434,4.25,22.375,0.19475134847989536,11.5,0.0,129.875,112.75,34.875,62.5,15.375,43.0,10.875,32.125,28.75,11.625,2.614233682983683,11.625,32.625,36.0375,31.25,56.0,55.90540986099723,15.375,21.0,71.8875,0.0,5.5,0.5214077589077589,4.25,19.75,0.22580582891051157,11.625,0.0,131.25
121,108,2023-11-24,1,1,2023-24,Toronto Raptors,Chicago Bulls,116.25,31.875,66.25,18.125,45.25,12.375,32.875,29.5,14.75,2.3511232006297793,10.625,31.25,33.8625,33.125,60.0,54.83596092638646,18.125,24.25,74.5375,0.0,8.25,0.6489460831566095,4.0,17.5,0.22105923824459295,14.75,0.0,134.875,104.75,38.25,49.25,17.25,41.375,10.625,30.75,22.25,12.5,1.9879872046812836,12.75,36.625,34.7625,24.625,50.75,48.90061796597975,17.25,20.625,84.44999999999999,0.0,8.5,0.7684136039399198,5.25,22.25,0.24673794955044956,12.5,0.0,116.25
106,116,2023-11-24,1,1,2023-24,LA Clippers,New Orleans Pelicans,108.0,32.25,55.75,20.0,45.0,11.0,34.0,24.0,14.5,1.8791599025974026,10.75,32.0,33.7375,27.875,53.75,51.98614733674391,20.0,24.5,82.875,0.0,9.875,0.8052962662337663,3.75,19.5,0.22229558649038053,14.5,0.0,124.5,117.25,33.75,64.25,19.25,45.875,10.5,35.375,27.5,14.5,2.0418991955756662,11.25,29.625,38.050000000000004,32.125,58.75,54.82756470503181,19.25,25.75,74.6625,0.0,8.25,0.6285536359065771,4.25,21.875,0.21104857670933186,14.5,0.0,137.125
113,96,2023-11-24,1,1,2023-24,Orlando Magic,Boston Celtics,114.0,31.5,59.25,23.25,42.75,12.25,30.5,23.625,15.625,1.571075826585695,10.5,30.125,34.9375,29.625,55.5,53.7262074296076,23.25,29.5,77.8625,0.0,10.0,0.6580929487179488,5.875,20.375,0.2834818241838029,15.625,0.0,128.875,114.5,49.5,50.25,14.75,45.0,9.25,35.75,25.5,12.5,2.19584233168792,16.5,44.75,37.1,25.125,42.375,59.523657374240415,14.75,19.375,77.64999999999999,0.0,4.5,0.38526712258329904,5.625,15.75,0.3608569062516431,12.5,0.0,132.5
100,98,2023-11-24,1,1,2023-24,New York Knicks,Miami Heat,115.25,44.25,54.25,16.75,44.875,13.875,31.0,24.5,11.875,2.564245395127748,14.75,36.375,40.575,27.125,53.875,50.28519608528134,16.75,22.25,76.76250000000002,0.0,7.75,0.7591057635175282,2.75,17.25,0.15599833439507352,11.875,0.0,129.375,115.0,40.125,52.75,22.125,39.5,8.5,31.0,25.875,11.875,2.459717000835422,13.375,33.625,39.66250000000001,26.375,49.25,53.76317900998526,22.125,25.375,87.025,0.0,9.125,0.8432383040935671,3.875,18.125,0.21290726817042605,11.875,0.0,135.125
108,136,2023-11-25,1,1,2023-24,Washington Wizards,Atlanta Hawks,113.125,35.25,63.0,14.875,39.125,8.125,31.0,26.5,12.25,2.7203102453102455,11.75,33.875,35.175000000000004,31.5,57.0,55.038863693558525,14.875,18.25,81.8125,0.0,6.875,0.656547619047619,3.75,20.125,0.18745983866121163,12.25,0.0,126.125,125.125,43.5,58.75,22.875,43.75,14.0,29.75,25.5,15.75,1.6701812076812077,14.5,38.0,38.4375,29.375,54.0,54.6501450373498,22.875,27.375,83.60000000000001,0.0,9.125,0.595934620934621,5.625,20.0,0.2837585017798118,15.75,0.0,140.75
105,100,2023-11-25,1,1,2023-24,Utah Jazz,New Orleans Pelicans,117.75,41.25,56.75,19.75,46.625,15.125,31.5,27.0,18.0,1.6912361808671879,13.75,38.375,36.375,28.375,52.875,54.39784607064417,19.75,23.0,86.25,0.0,6.5,0.39704646040458397,6.375,19.625,0.3338042492933797,18.0,0.0,133.875,119.125,34.5,65.5,19.125,47.125,10.625,36.5,27.875,14.25,2.089448215183509,11.5,29.125,39.6875,32.75,58.625,55.888261820416425,19.125,26.375,71.9875,0.0,8.25,0.6344359888477535,4.75,21.375,0.23850853094274146,14.25,0.0,142.125
107,88,2023-11-25,1,1,2023-24,LA Clippers,Dallas Mavericks,109.125,32.25,57.25,19.625,46.0,11.125,34.875,24.75,13.125,2.0666599025974026,10.75,32.625,33.15,28.625,55.5,51.40965066268626,19.625,24.625,80.025,0.0,10.25,0.8848417207792207,4.375,20.625,0.23896225315704722,13.125,0.0,127.625,122.25,49.125,56.5,16.625,43.625,10.875,32.75,26.5,10.875,2.9973958333333335,16.375,43.875,37.4375,28.25,50.25,55.98568871150303,16.625,23.125,72.45,0.0,5.25,0.6409722222222223,3.5,18.0,0.19537969697795213,10.875,0.0,134.25
115,121,2023-11-25,1,1,2023-24,Cleveland Cavaliers,Los Angeles Lakers,114.25,33.0,61.75,19.5,43.5,10.25,33.25,25.625,15.125,1.7652064583808005,11.0,28.375,38.7125,30.875,55.375,56.125871459593085,19.5,25.5,76.5,0.0,7.375,0.5233190694539379,4.875,18.375,0.304906337535014,15.125,0.0,132.625,115.75,33.375,62.5,19.875,46.25,9.0,37.25,27.875,15.75,1.924778390310427,11.125,28.25,38.025,31.25,55.0,56.730363987228976,19.875,26.375,74.6,0.0,8.0,0.5311990704439217,5.125,15.25,0.3423389723022076,15.75,0.0,139.875
112,97,2023-11-25,1,1,2023-24,Brooklyn Nets,Miami Heat,114.625,43.875,55.75,15.0,49.375,13.5,35.875,24.375,14.375,1.7880404135338346,14.625,38.75,38.375,27.875,53.75,51.87315316657994,15.0,18.875,79.89999999999999,0.0,5.75,0.3824052318295739,5.375,19.375,0.3142559523809524,14.375,0.0,131.25,113.75,39.75,52.75,21.25,39.125,8.625,30.5,25.625,10.875,2.542252886002886,13.25,34.75,38.125,26.375,49.375,53.64073003039342,21.25,24.0,88.375,0.0,9.375,0.9090277777777778,2.875,17.5,0.17124060150375942,10.875,0.0,132.625
123,127,2023-11-25,1,1,2023-24,Oklahoma City Thunder,Philadelphia 76ers,121.0,39.0,61.75,20.25,41.125,8.0,33.125,26.375,14.0,1.9399420024420024,13.0,30.5,41.8625,30.875,55.375,55.87217011794854,20.25,23.25,87.6875,0.0,9.625,0.7037927350427351,6.5,18.875,0.35294652583255526,14.0,0.0,145.625,118.625,32.625,61.0,25.0,44.75,12.75,32.0,24.375,12.125,2.4129230859010273,10.875,30.625,35.1,30.5,59.875,50.74683032445373,25.0,28.5,87.8125,0.0,8.25,0.7894651610644258,5.5,20.5,0.2668540638105856,12.125,0.0,136.75
132,120,2023-11-26,1,1,2023-24,Denver Nuggets,San Antonio Spurs,106.75,31.875,59.75,15.125,43.125,11.5,31.625,26.25,12.25,2.2934003496503497,10.625,31.5,34.137499999999996,29.875,57.0,52.75250807528295,15.125,20.75,71.575,0.0,5.75,0.5130744255744256,4.125,19.5,0.2224576146247973,12.25,0.0,120.125,106.375,38.625,54.0,13.75,44.0,10.875,33.125,28.0,17.0,1.7147785364145658,12.875,38.375,33.55,27.0,53.125,50.92439985185686,13.75,17.25,78.725,0.0,6.625,0.40259453781512605,6.0,20.375,0.30261527687998274,17.0,0.0,118.875
105,102,2023-11-26,1,1,2023-24,Cleveland Cavaliers,Toronto Raptors,113.625,33.0,62.0,18.625,43.0,9.75,33.25,26.125,14.375,1.8705636012379434,11.0,28.25,38.85,31.0,56.5,55.23301431673594,18.625,23.75,78.25,0.0,7.875,0.5831404980253664,4.75,17.375,0.3101146708683474,14.375,0.0,133.125,115.5,32.625,64.5,18.375,44.0,12.125,31.875,30.125,15.0,2.3555874863440653,10.875,31.625,34.199999999999996,32.25,57.625,56.103096568522105,18.375,24.25,75.46249999999999,0.0,8.0,0.6162079879185143,4.25,16.125,0.25463066681602153,15.0,0.0,134.875
108,102,2023-11-26,1,1,2023-24,Milwaukee Bucks,Portland Trail Blazers,124.25,43.5,63.5,17.25,46.5,9.375,37.125,27.25,12.75,2.382858730536749,14.5,37.375,38.25,31.75,52.75,60.36674759501773,17.25,23.0,75.72500000000001,0.0,6.25,0.5728444414202928,5.5,20.375,0.2734691912302038,12.75,0.0,147.375,104.5,35.625,55.0,13.875,36.625,11.375,25.25,23.875,16.25,1.5096148234935,11.875,34.125,34.925,27.5,54.5,50.365217930423256,13.875,18.5,75.225,0.0,8.0,0.49762940770100217,4.375,20.375,0.21524570172896745,16.25,0.0,107.25
130,117,2023-11-26,1,1,2023-24,Orlando Magic,Charlotte Hornets,113.25,31.875,59.25,22.125,42.875,11.625,31.25,24.125,15.5,1.6057980488079173,10.625,30.25,35.225,29.625,54.75,54.394544940050366,22.125,27.875,78.025,0.0,9.125,0.6138678025191183,5.5,20.875,0.26562468132666006,15.5,0.0,128.875,112.125,34.875,61.0,16.25,47.5,13.5,34.0,24.125,14.125,1.853481934731935,11.625,32.125,35.35,30.5,59.375,51.15772342043968,16.25,21.125,77.56249999999999,0.0,6.75,0.5085955710955711,3.875,19.5,0.2029355585934533,14.125,0.0,126.0
97,119,2023-11-26,1,1,2023-24,Memphis Grizzlies,Minnesota Timberwolves,104.375,40.125,47.75,16.5,39.625,11.5,28.125,23.25,12.375,1.967119859307359,13.375,40.125,32.475,23.875,50.875,47.08080462212986,16.5,21.0,77.275,0.0,6.625,0.5456146284271284,5.125,21.875,0.2554792999186592,12.375,0.0,108.375,114.125,31.5,60.75,21.875,43.625,9.875,33.75,25.5,14.625,1.8954212454212453,10.5,29.875,34.9,30.375,54.25,56.04402433718873,21.875,27.25,80.3375,0.0,7.5,0.5899038461538462,6.375,19.625,0.32876662810873336,14.625,0.0,133.875
118,109,2023-11-26,1,1,2023-24,Brooklyn Nets,Chicago Bulls,113.0,43.125,53.75,16.125,48.875,13.125,35.75,25.0,15.0,1.7039057981492192,14.375,37.625,38.7875,26.875,52.0,51.947557928484706,16.125,20.125,80.19999999999999,0.0,6.875,0.4569244625988047,6.0,19.625,0.3455059523809524,15.0,0.0,132.375,103.875,37.5,49.75,16.625,41.125,10.625,30.5,21.0,12.375,1.912437754131833,12.5,35.875,35.0125,24.875,49.75,50.16324422860602,16.625,20.125,83.1125,0.0,7.625,0.7093476698739857,4.625,22.0,0.21946522227772228,12.375,0.0,114.125
113,103,2023-11-26,1,1,2023-24,Boston Celtics,Atlanta Hawks,111.375,45.0,50.75,15.625,42.375,7.625,34.75,24.0,13.375,1.8843839983545867,15.0,41.875,35.55,25.375,43.0,59.359017050025614,15.625,20.5,77.85,0.0,5.125,0.39047545591663235,5.75,16.375,0.359788530183267,13.375,0.0,125.875,127.5,45.0,61.25,21.25,42.5,13.0,29.5,25.75,15.125,1.8076812076812079,15.0,37.375,40.35,30.625,54.625,56.18860657581134,21.25,25.875,81.80000000000001,0.0,9.75,0.6917679542679543,5.5,19.875,0.2769876684464785,15.125,0.0,144.875
113,116,2023-11-26,1,1,2023-24,New York Knicks,Phoenix Suns,113.875,43.5,54.25,16.125,44.625,12.375,32.25,23.625,11.75,2.52740328986459,14.5,36.125,40.05,27.125,53.25,50.89670080862817,16.125,22.25,73.3,0.0,7.0,0.7239083950964755,2.875,17.375,0.16424009263683179,11.75,0.0,126.375,121.875,39.75,57.5,24.625,42.125,10.375,31.75,26.75,13.625,2.1368024132730015,13.25,31.375,42.1,28.75,53.375,53.8954452191533,24.625,29.125,85.05,0.0,7.125,0.5134929612870789,6.375,20.75,0.31934357674489255,13.625,0.0,143.375
114,112,2023-11-27,1,1,2023-24,Utah Jazz,New Orleans Pelicans,116.75,40.875,56.25,19.625,46.625,14.75,31.875,25.875,18.125,1.6371148040555934,13.625,38.375,36.0875,28.125,53.0,53.664495119269965,19.625,23.0,85.525,0.0,7.375,0.433278344462555,6.25,18.75,0.3477465569856874,18.125,0.0,131.75,119.0,35.625,66.0,17.375,46.25,11.25,35.0,30.25,13.625,2.3041918049270986,11.875,30.5,39.512499999999996,33.0,59.5,55.52861269760941,17.375,24.375,70.4375,0.0,9.375,0.7370000914118561,4.5,20.25,0.23907414180246997,13.625,0.0,143.625
104,113,2023-11-27,1,1,2023-24,LA Clippers,Denver Nuggets,110.875,32.25,57.75,20.875,46.75,11.875,34.875,25.125,12.75,2.135169517982018,10.75,31.75,33.825,28.875,56.0,51.401946502439735,20.875,26.875,76.80000000000001,0.0,9.25,0.82594749000999,4.125,20.75,0.21917058649038051,12.75,0.0,129.25,109.75,32.25,61.75,15.75,43.125,11.625,31.5,28.0,14.0,2.0309003496503495,10.75,30.625,35.575,30.875,57.5,53.96044595276353,15.75,21.125,73.05000000000001,0.0,5.875,0.41724109224109224,4.0,20.125,0.2124576146247973,14.0,0.0,124.875
138,94,2023-11-27,1,1,2023-24,Philadelphia 76ers,Los Angeles Lakers,120.25,34.5,60.5,25.25,45.125,13.5,31.625,25.25,12.625,2.381940179918121,11.5,32.25,35.35,30.25,58.25,51.980596558219965,25.25,29.0,87.4125,0.0,6.875,0.6281403747396395,6.0,20.875,0.2829493815363381,12.625,0.0,138.375,115.625,32.25,64.5,18.875,46.375,9.0,37.375,28.75,16.625,1.8540713196033562,10.75,28.25,36.637499999999996,32.25,55.75,57.69109915849046,18.875,24.75,75.75,0.0,8.0,0.4914263431711944,5.25,14.625,0.36525563896887425,16.625,0.0,140.5
110,114,2023-11-27,1,1,2023-24,Indiana Pacers,Portland Trail Blazers,132.25,47.25,65.75,19.25,37.375,9.875,27.5,29.0,12.5,2.389918414918415,15.75,39.75,39.0625,32.875,55.0,60.060537654747215,19.25,23.875,81.78750000000001,0.0,8.625,0.7042516511266511,7.375,23.0,0.3522247023809524,12.5,0.0,151.375,102.5,37.5,52.0,13.0,37.125,11.875,25.25,23.25,16.5,1.4603092679379444,12.5,35.375,35.45,26.0,53.75,48.5268867700582,13.0,17.375,75.1125,0.0,8.625,0.5219349632565577,4.25,20.0,0.21292474682180562,16.5,0.0,104.25
107,126,2023-11-27,1,1,2023-24,Detroit Pistons,Washington Wizards,110.125,25.5,65.5,19.125,46.25,12.75,33.5,25.75,16.875,1.5310680193129884,8.5,27.25,31.762499999999996,32.75,61.125,53.49988348993875,19.125,23.375,82.82499999999999,0.0,5.25,0.31570808147820534,5.875,21.625,0.2852624000078233,16.875,0.0,125.0,112.0,33.75,64.0,14.25,39.75,8.25,31.5,27.125,12.875,2.693226911976912,11.25,33.875,33.8625,32.0,57.0,56.038863693558525,14.25,17.25,83.6875,0.0,7.0,0.6544642857142857,3.75,19.375,0.19896879006786128,12.875,0.0,126.125
115,91,2023-11-28,1,1,2023-24,New York Knicks,Charlotte Hornets,112.25,40.875,54.25,17.125,43.5,12.375,31.125,22.375,12.125,1.9738318612931618,13.625,34.5,39.574999999999996,27.125,53.125,50.99878792296573,17.125,23.5,73.7625,0.0,7.0,0.6301583950964755,3.5,18.0,0.19713482947893704,12.125,0.0,123.25,112.25,36.75,60.5,15.0,46.125,12.75,33.375,25.375,13.625,1.9443910256410257,12.25,32.75,36.7625,30.25,59.25,50.830155286267775,15.0,19.875,76.27499999999999,0.0,6.5,0.5048076923076923,4.125,20.0,0.2081803138382086,13.625,0.0,126.375
115,103,2023-11-28,1,1,2023-24,Brooklyn Nets,Toronto Raptors,115.25,46.875,52.25,16.125,47.625,12.375,35.25,25.875,14.625,1.8370226812661024,15.625,39.125,40.1125,26.125,49.375,53.22206773240627,16.125,20.375,78.78750000000001,0.0,6.5,0.44718420285854493,5.0,20.25,0.2693781328320802,14.625,0.0,134.625,116.5,31.875,65.5,19.125,45.625,13.375,32.25,29.125,15.375,2.1854485974551765,10.625,31.0,33.949999999999996,32.75,58.0,56.67570865429209,19.125,25.875,73.15,0.0,8.125,0.5988468768074031,4.5,15.75,0.27979300447835914,15.375,0.0,136.125
106,103,2023-11-28,1,1,2023-24,Minnesota Timberwolves,Oklahoma City Thunder,114.375,33.375,59.5,21.5,42.5,9.0,33.5,26.375,14.375,1.970074023199023,11.125,30.75,35.7875,29.75,52.625,56.61583284782703,21.5,26.75,80.4,0.0,7.375,0.5872996794871795,6.5,20.5,0.3264893001735107,14.375,0.0,135.0,120.375,40.5,60.5,19.375,40.75,8.125,32.625,27.125,12.75,2.6408348595848596,13.5,32.375,41.15,30.25,55.0,55.111982030174254,19.375,22.75,86.125,0.0,8.75,0.7082570207570208,5.875,18.875,0.3297983776844071,12.75,0.0,143.125
124,131,2023-11-28,1,1,2023-24,Miami Heat,Milwaukee Bucks,111.25,39.375,52.25,19.625,39.75,9.375,30.375,25.75,11.25,2.517252886002886,13.125,34.25,38.225,26.125,50.25,52.12821977608661,19.625,22.5,86.4875,0.0,8.875,0.8673611111111111,2.75,18.0,0.156359649122807,11.25,0.0,129.0,125.625,45.375,61.5,18.75,48.5,11.0,37.5,26.5,12.5,2.3580909286791636,15.125,39.0,38.5375,30.75,52.625,58.39977064466312,18.75,23.875,79.10000000000001,0.0,6.75,0.6092221503986209,6.125,19.875,0.31096919123020383,12.5,0.0,150.125
128,105,2023-11-28,1,1,2023-24,Cleveland Cavaliers,Atlanta Hawks,112.0,32.625,64.25,15.125,43.5,9.875,33.625,26.875,14.75,1.8681285363028783,10.875,28.375,38.3,32.125,57.75,56.05823076695239,15.125,19.125,79.07499999999999,0.0,6.5,0.4532703681552366,5.0,16.625,0.3292118930905696,14.75,0.0,132.0,125.375,46.5,59.0,19.875,43.375,13.375,30.0,24.875,14.875,1.7720909299034298,15.5,39.125,40.0125,29.5,53.25,55.19481775593556,19.875,24.5,80.11250000000001,0.0,8.75,0.6405526764901766,5.125,18.875,0.27139943315236087,14.875,0.0,140.625
124,123,2023-11-28,1,1,2023-24,Sacramento Kings,Golden State Warriors,118.625,47.625,54.5,16.5,43.0,10.0,33.0,28.75,14.125,2.1122157356532356,15.875,42.375,38.025,27.25,46.125,59.6489189194007,16.5,21.875,75.38749999999999,0.0,8.25,0.5682253510378511,3.625,21.0,0.17489348370927318,14.125,0.0,137.375,113.375,45.0,48.5,19.875,47.125,13.375,33.75,28.5,16.75,1.835639880952381,15.0,40.5,36.737500000000004,24.25,49.125,49.219753648129114,19.875,25.0,79.91250000000001,0.0,7.0,0.4277529761904762,2.375,24.0,0.1072747927197057,16.75,0.0,126.125
124,97,2023-11-28,1,1,2023-24,Boston Celtics,Chicago Bulls,110.875,44.25,50.0,16.625,43.875,9.25,34.625,23.25,13.375,1.8266916906622788,14.75,42.25,34.75,25.0,43.75,57.38729085954943,16.625,21.375,80.1625,0.0,6.125,0.4673985328397093,5.625,17.0,0.3438110865742444,13.375,0.0,125.375,102.625,37.875,48.5,16.25,41.125,10.5,30.625,20.875,12.875,1.7582169749110539,12.625,36.125,35.112500000000004,24.25,48.5,50.263694244678014,16.25,19.75,82.77499999999999,0.0,6.5,0.5291528646791804,4.125,21.625,0.19763982545232545,12.875,0.0,111.125
121,115,2023-11-28,1,1,2023-24,Dallas Mavericks,Houston Rockets,118.75,46.125,57.0,15.625,43.5,11.375,32.125,25.5,10.0,3.0381944444444446,15.375,43.5,35.2125,28.5,51.5,55.19586861496946,15.625,21.0,74.61250000000001,0.0,5.5,0.6930555555555556,3.375,18.375,0.1857070779303331,10.0,0.0,130.125,109.375,36.375,57.5,15.5,46.375,10.0,36.375,25.0,11.875,2.278653127917834,12.125,35.125,34.7625,28.75,53.5,53.710326954473935,15.5,20.0,77.71249999999999,0.0,6.75,0.6346625188536953,4.875,22.625,0.22200698757763973,11.875,0.0,128.25
112,105,2023-11-29,1,1,2023-24,Toronto Raptors,Phoenix Suns,115.5,35.25,61.75,18.5,45.375,13.25,32.125,29.0,13.875,2.4833809282822443,11.75,33.0,35.9625,30.875,57.375,54.35428008286351,18.5,25.125,72.55000000000001,0.0,8.125,0.722907027183343,4.375,16.75,0.25918860887396356,13.875,0.0,134.125,121.5,40.125,57.25,24.125,41.5,10.5,31.0,27.375,13.625,2.1848793363499244,13.375,31.5,42.300000000000004,28.625,52.875,54.10646805927247,24.125,28.375,85.3125,0.0,6.5,0.46541603821015587,7.625,20.875,0.36913524341155923,13.625,0.0,144.25
139,120,2023-11-29,1,1,2023-24,Orlando Magic,Washington Wizards,115.5,31.875,62.0,21.625,43.0,10.625,32.375,25.25,15.375,1.6932980488079172,10.625,30.375,35.0375,31.0,55.0,56.49942999752164,21.625,27.625,77.1625,0.0,9.25,0.6268886358524516,5.625,22.0,0.2653418758967958,15.375,0.0,133.5,116.0,33.75,67.0,15.25,40.25,8.125,32.125,28.25,13.375,2.7114560786435784,11.25,32.375,35.125,33.5,58.625,57.21350908362945,15.25,17.625,86.30000000000001,0.0,6.25,0.5711309523809524,4.125,19.875,0.21344247427838758,13.375,0.0,132.875
124,114,2023-11-29,1,1,2023-24,New Orleans Pelicans,Philadelphia 76ers,117.5,31.875,67.75,17.875,45.5,11.0,34.5,29.75,12.375,2.510789027149321,10.625,28.75,37.5875,33.875,60.75,55.8397598837566,17.875,24.75,71.55,0.0,9.75,0.8012362025229672,4.25,20.875,0.22532414180246998,12.375,0.0,142.5,120.375,37.5,57.0,25.875,44.375,12.5,31.875,25.875,12.0,2.679559227537169,12.5,33.875,36.025,28.5,55.125,51.8586993950994,25.875,29.75,87.3625,0.0,7.625,0.7724856128348775,5.375,21.125,0.2393219305559459,12.0,0.0,139.75
105,91,2023-11-29,1,1,2023-24,Memphis Grizzlies,Utah Jazz,103.75,39.75,47.75,16.25,39.25,11.25,28.0,23.75,12.375,2.002834145021645,13.25,40.125,32.1375,23.875,50.625,47.30278020481577,16.25,20.875,76.7,0.0,5.875,0.49204319985569983,5.125,20.75,0.26473855917791844,12.375,0.0,107.125,116.25,43.125,52.75,20.375,46.125,13.875,32.25,26.5,16.625,1.8768875313283209,14.375,41.0,35.425,26.375,49.375,53.755074829414895,20.375,24.25,83.9875,0.0,7.75,0.49123288991710046,6.125,19.5,0.33272098153811713,16.625,0.0,132.625
117,131,2023-11-29,1,1,2023-24,Sacramento Kings,LA Clippers,121.0,48.375,54.75,17.875,42.25,9.5,32.75,28.375,13.125,2.2302712912087914,16.125,42.0,38.825,27.375,46.5,59.46153980914925,17.875,24.5,73.9,0.0,8.0,0.5987809065934067,3.375,21.125,0.16180059833377913,13.125,0.0,138.25,108.125,31.5,56.25,20.375,47.0,11.5,35.5,24.75,12.625,2.120746441058941,10.5,30.875,33.875,28.125,56.5,49.80673843182183,20.375,26.625,75.9875,0.0,9.125,0.8211397977022976,5.0,20.25,0.25882437070938213,12.625,0.0,126.375
134,124,2023-11-29,1,1,2023-24,Denver Nuggets,Houston Rockets,110.875,32.625,62.0,16.25,43.5,12.375,31.125,28.5,14.0,2.076354895104895,10.875,29.375,37.75,31.0,58.875,53.040349100463295,16.25,22.875,69.925,0.0,6.5,0.47405927405927406,4.125,20.375,0.21529852371570637,14.0,0.0,126.5,107.75,34.125,56.75,16.875,44.25,9.5,34.75,25.875,11.75,2.372403127917834,11.375,34.625,32.9125,28.375,53.0,53.59127933542631,16.875,21.25,79.72500000000001,0.0,6.5,0.6170343137254902,5.125,23.125,0.2280456349206349,11.75,0.0,125.5
107,133,2023-11-29,1,1,2023-24,Detroit Pistons,Los Angeles Lakers,108.75,25.875,64.0,18.875,45.75,13.625,32.125,25.875,16.625,1.5600927871148458,8.625,28.375,31.3875,32.0,60.5,52.90828475805469,18.875,23.75,79.65,0.0,5.875,0.35402077497665735,6.625,21.375,0.3217207333411567,16.625,0.0,123.125,112.875,33.375,63.25,16.25,45.25,8.875,36.375,28.25,17.625,1.6481889666621798,11.125,29.375,37.125,31.625,54.5,57.84844181583312,16.25,21.75,74.2625,0.0,7.375,0.40237405558949507,5.25,15.5,0.34757887129210663,17.625,0.0,134.75
118,112,2023-11-30,1,1,2023-24,New York Knicks,Detroit Pistons,110.5,40.875,52.75,16.875,45.25,13.0,32.25,21.875,13.0,1.7906721390709395,13.625,34.75,39.3,26.375,53.0,49.65565066806378,16.875,22.25,76.675,0.0,7.25,0.5971722839853645,3.875,17.25,0.2422737183678259,13.0,0.0,122.625,108.875,28.5,62.25,18.125,44.625,13.5,31.125,25.875,16.25,1.6042104341736694,9.5,29.375,33.025,31.125,60.875,51.13468385358889,18.125,22.75,80.1375,0.0,6.5,0.403390522875817,6.375,22.0,0.30977904599624356,16.25,0.0,121.75
101,90,2023-11-30,1,1,2023-24,Minnesota Timberwolves,Utah Jazz,113.125,35.25,55.75,22.125,43.0,9.125,33.875,25.25,15.125,1.8415025946275947,11.75,31.5,36.925,27.875,51.375,54.16633789833208,22.125,27.0,81.8125,0.0,6.75,0.5346211080586081,6.875,20.25,0.35319208655121964,15.125,0.0,131.75,111.75,42.375,51.5,17.875,46.25,14.375,31.875,26.25,16.25,1.8907764202172097,14.125,41.25,34.474999999999994,25.75,50.875,50.79504466350237,17.875,22.125,79.6375,0.0,7.5,0.48726463594884645,5.625,19.125,0.31591425884904145,16.25,0.0,124.625
95,103,2023-11-30,1,1,2023-24,Cleveland Cavaliers,Portland Trail Blazers,113.0,31.5,66.25,15.25,45.5,9.625,35.875,27.25,15.5,1.7939306753403115,10.5,28.5,37.1,33.125,57.875,57.6990515689574,15.25,19.125,79.8,0.0,7.125,0.4780029884760922,6.375,16.875,0.3972674486461251,15.5,0.0,137.125,103.0,36.0,51.75,15.25,37.125,12.375,24.75,22.125,16.5,1.3899967679379444,12.0,33.0,37.3125,25.875,55.5,46.76329904828968,15.25,20.125,75.4625,0.0,9.125,0.5531849632565577,3.75,19.5,0.19673427063132948,16.5,0.0,103.125
142,132,2023-11-30,1,1,2023-24,Miami Heat,Indiana Pacers,112.0,40.125,54.0,17.875,39.0,9.0,30.0,26.5,11.125,2.7196338383838383,13.375,34.125,39.225,27.0,51.0,52.94987925884523,17.875,21.375,83.1625,0.0,8.375,0.8048611111111111,3.0,19.25,0.15351874003189792,11.125,0.0,129.5,129.25,45.375,64.5,19.375,36.875,9.375,27.5,29.0,13.5,2.2815850815850816,15.125,38.75,38.125,32.25,54.375,59.66281038201994,19.375,24.375,80.53750000000001,0.0,8.125,0.6209183177933177,7.25,24.125,0.32514136904761903,13.5,0.0,146.25
128,129,2023-11-30,1,1,2023-24,Brooklyn Nets,Charlotte Hornets,116.25,46.125,53.25,16.875,49.25,12.875,36.375,25.875,15.0,1.7828560145994357,15.375,39.25,39.324999999999996,26.625,49.75,53.850131457896474,16.875,21.375,78.25,0.0,7.375,0.5055175361918782,5.625,19.25,0.31320166224384494,15.0,0.0,137.875,108.125,39.375,55.5,13.25,42.875,10.875,32.0,24.125,14.5,1.711302790346908,13.125,33.125,39.325,27.75,56.25,49.295252006200485,13.25,17.25,75.375,0.0,6.25,0.438631221719457,3.875,19.375,0.19972166722166723,14.5,0.0,118.25
133,110,2023-11-30,1,1,2023-24,Oklahoma City Thunder,Los Angeles Lakers,121.0,42.0,59.0,20.0,40.5,8.625,31.875,27.125,12.0,2.7439598595848596,14.0,32.375,42.824999999999996,29.5,55.375,53.511104837191795,20.0,23.625,85.75,0.0,8.625,0.7379445207570208,5.75,19.875,0.309870841452523,12.0,0.0,143.125,112.75,29.625,65.25,17.875,44.625,8.625,36.0,28.0,16.75,1.7424872122762147,9.875,29.25,33.675,32.625,55.5,58.69385244385244,17.875,23.5,75.08749999999999,0.0,7.75,0.4489749327824776,5.25,15.375,0.3555916918049271,16.75,0.0,133.75
120,114,2023-11-30,1,1,2023-24,Golden State Warriors,LA Clippers,115.0,46.5,48.25,20.25,46.75,12.625,34.125,28.375,16.75,1.829389880952381,15.5,40.875,37.650000000000006,24.125,47.875,50.295760974136435,20.25,25.0,81.1625,0.0,7.125,0.4340029761904762,2.75,24.25,0.11853730662404385,16.75,0.0,129.375,111.875,32.25,59.0,20.625,46.5,11.5,35.0,25.0,11.5,2.417621441058941,10.75,30.125,35.7125,29.5,58.25,50.60236437450659,20.625,26.5,77.5,0.0,9.0,0.8936844405594405,5.25,19.875,0.27377002288329516,11.5,0.0,132.125
135,137,2023-11-30,1,1,2023-24,San Antonio Spurs,Atlanta Hawks,107.625,39.375,53.25,15.0,43.625,11.25,32.375,28.625,17.125,1.7391832983193278,13.125,38.75,33.8625,26.625,52.875,50.493365369098235,15.0,18.125,81.39999999999999,0.0,6.75,0.4055707282913165,5.75,20.5,0.28908713835184424,17.125,0.0,120.25,124.875,44.625,59.5,20.75,42.875,13.25,29.625,24.625,13.5,1.8800454753579754,14.875,38.875,38.8125,29.75,55.25,53.92181818383458,20.75,25.25,81.16250000000001,0.0,9.125,0.7087344946719947,4.75,18.5,0.25536324894183454,13.5,0.0,138.75
120,113,2023-11-30,1,1,2023-24,Chicago Bulls,Milwaukee Bucks,101.125,36.0,50.0,15.125,39.875,9.375,30.5,21.0,12.875,1.7738419749110539,12.0,34.375,34.9625,25.0,49.0,51.13966754834877,15.125,19.375,78.4125,0.0,6.75,0.5604028646791804,4.125,20.125,0.22994751776001776,12.875,0.0,109.375,127.25,44.625,63.25,19.375,47.5,10.375,37.125,26.875,11.5,2.5500843927314514,14.875,37.5,39.1875,31.625,54.0,58.382924283477124,19.375,23.875,81.41250000000001,0.0,6.75,0.6288299935358759,6.0,19.625,0.30760480199624934,11.5,0.0,153.375
111,119,2023-12-01,1,1,2023-24,Phoenix Suns,Denver Nuggets,122.25,39.375,59.25,23.625,41.0,10.0,31.0,28.0,12.75,2.350320512820513,13.125,31.125,41.7875,29.625,54.625,54.48092339696311,23.625,27.375,86.78750000000001,0.0,6.375,0.47350427350427354,7.375,20.375,0.3647492784992785,12.75,0.0,145.5,113.75,36.75,61.5,15.5,44.125,13.25,30.875,29.875,12.75,3.0004620379620377,12.25,31.875,38.925,30.75,59.125,52.26150294661714,15.5,22.125,69.3,0.0,6.5,0.5633449883449884,4.125,20.25,0.21602951786775315,12.75,0.0,131.0
106,119,2023-12-01,1,1,2023-24,Toronto Raptors,New York Knicks,115.5,35.625,62.5,17.375,44.625,11.875,32.75,28.625,13.375,2.5458809282822443,11.875,32.25,37.175,31.25,57.75,54.66091788950131,17.375,23.875,72.375,0.0,7.75,0.7211213128976287,4.0,17.125,0.23496612083568605,13.375,0.0,133.75,113.0,41.25,54.5,17.25,45.75,13.0,32.75,22.875,12.875,1.8976797148285152,13.75,35.5,38.8125,27.25,53.375,51.190950474640175,17.25,22.75,76.75,0.0,7.625,0.635998041561122,4.0,17.375,0.24870754189723768,12.875,0.0,127.0
125,119,2023-12-01,1,1,2023-24,Boston Celtics,Philadelphia 76ers,112.125,45.0,51.25,15.875,45.75,9.625,36.125,24.375,14.0,1.801123508844097,15.0,43.0,34.5875,25.625,44.375,58.022453461175445,15.875,20.875,77.8125,0.0,6.5,0.4801826237488002,6.375,16.5,0.3892656320287899,14.0,0.0,129.375,118.875,40.5,54.75,23.625,43.375,12.875,30.5,26.625,12.625,2.6743508942038354,13.5,35.375,37.7625,27.375,53.0,52.0789454057377,23.625,27.625,86.33749999999999,0.0,8.0,0.781042160453925,5.875,21.125,0.25855269978671513,12.625,0.0,138.625
121,106,2023-12-01,1,1,2023-24,New Orleans Pelicans,San Antonio Spurs,116.625,30.375,67.0,19.25,45.25,11.125,34.125,29.75,13.375,2.3899099062702005,10.125,27.75,37.15,33.5,59.75,56.36059321708993,19.25,25.75,73.4375,0.0,9.0,0.7032508545376193,4.0,21.125,0.2105514145297427,13.375,0.0,140.875,110.375,39.0,55.0,16.375,43.25,11.25,32.0,28.5,17.625,1.6842113095238096,13.0,38.375,33.95,27.5,53.0,52.18884409250249,16.375,19.5,82.4,0.0,6.875,0.4073214285714286,5.875,20.625,0.2931455799102858,17.625,0.0,123.25
94,108,2023-12-01,1,1,2023-24,Dallas Mavericks,Memphis Grizzlies,115.875,43.5,56.5,15.875,43.125,10.625,32.5,24.875,9.75,3.067956349206349,14.5,42.5,33.975,28.25,51.375,54.87119329029413,15.875,21.375,74.325,0.0,5.25,0.6851190476190476,3.75,18.625,0.20027229532163743,9.75,0.0,126.5,101.75,37.5,48.5,15.75,41.0,11.0,30.0,24.125,13.125,1.932646979246244,12.5,39.0,31.35,24.25,50.0,48.74735567651388,15.75,20.25,76.4625,0.0,6.375,0.5014014886257534,5.75,19.75,0.32089797946777354,13.125,0.0,109.125
130,125,2023-12-01,1,1,2023-24,Orlando Magic,Washington Wizards,119.875,32.25,65.5,22.125,43.875,10.625,33.25,26.625,15.75,1.737294759334233,10.75,28.0,38.5625,32.75,57.625,57.01112590395438,22.125,28.0,78.05,0.0,8.75,0.5894708726945569,5.875,22.75,0.26818278498770487,15.75,0.0,141.25,117.625,33.375,66.75,17.5,39.125,8.0,31.125,27.75,11.875,2.879637896825397,11.125,32.75,34.0875,33.375,58.625,56.997991842250144,17.5,20.5,86.5625,0.0,6.625,0.6836309523809523,3.875,19.625,0.20378338336929666,11.875,0.0,133.25
116,109,2023-12-02,1,1,2023-24,Phoenix Suns,Memphis Grizzlies,119.5,36.375,58.25,24.875,42.375,10.375,32.0,26.875,13.125,2.148931623931624,12.125,30.625,39.1,29.125,55.0,53.18950039501379,24.875,28.75,86.6625,0.0,6.75,0.5012820512820513,8.0,19.875,0.40711622527798996,13.125,0.0,142.125,102.125,36.75,50.75,14.625,42.375,11.25,31.125,24.375,13.0,1.9623344792462438,12.25,38.125,31.437500000000004,25.375,51.125,49.73044838168106,14.625,18.625,77.3125,0.0,6.5,0.51338065529242,6.5,19.75,0.3535066751199474,13.0,0.0,113.25
120,126,2023-12-02,1,1,2023-24,Dallas Mavericks,Oklahoma City Thunder,110.625,40.5,54.5,15.625,43.125,11.25,31.875,24.625,10.5,2.7450396825396823,13.5,40.75,33.1125,27.25,51.875,52.40681131108735,15.625,21.375,73.1375,0.0,5.5,0.6330357142857144,3.625,17.875,0.20887553418803417,10.5,0.0,119.375,123.75,43.5,60.5,19.75,42.375,8.875,33.5,27.875,12.0,2.8272931929181926,14.5,34.25,42.3625,30.25,55.0,55.34676917285613,19.75,23.25,86.05000000000001,0.0,8.625,0.7379445207570208,5.5,20.25,0.2935017938334754,12.0,0.0,148.125
118,113,2023-12-02,1,1,2023-24,Utah Jazz,Portland Trail Blazers,108.625,41.625,49.25,17.75,46.125,14.0,32.125,25.75,17.25,1.7717288011695906,13.875,40.125,34.75,24.625,51.0,48.53180083186231,17.75,22.0,79.5875,0.0,6.875,0.41720969089390136,5.375,19.25,0.300563381656059,17.25,0.0,118.625,103.5,37.125,51.5,14.875,36.75,11.875,24.875,22.875,17.25,1.3784878165312948,12.375,33.0,38.3875,25.75,54.125,48.071699767067756,14.875,19.0,79.2125,0.0,9.75,0.5707680834611613,3.5,19.75,0.1761460353372118,17.25,0.0,106.0
129,144,2023-12-02,1,1,2023-24,Miami Heat,Indiana Pacers,115.875,40.125,56.0,19.75,39.75,9.0,30.75,26.375,11.875,2.536598124098124,13.375,32.875,40.7625,28.0,52.625,52.94987925884523,19.75,23.5,83.45,0.0,7.375,0.6530753968253968,2.5,20.375,0.1250882889040784,11.875,0.0,132.125,130.0,42.0,68.25,19.75,36.125,9.5,26.625,29.375,13.125,2.396969696969697,14.0,38.125,36.112500000000004,34.125,55.75,61.70826492747449,19.75,25.875,77.48750000000001,0.0,8.75,0.7007260101010101,7.125,24.875,0.3153026593701997,13.125,0.0,146.375
129,101,2023-12-02,1,1,2023-24,Brooklyn Nets,Orlando Magic,119.5,46.875,56.5,16.125,47.5,13.125,34.375,25.75,13.75,1.9297858391608391,15.625,37.625,41.125,28.25,52.25,54.356638408502796,16.125,20.75,76.5875,0.0,7.375,0.5493771853146853,5.375,18.375,0.31698954103172367,13.75,0.0,141.125,124.125,33.75,68.0,22.375,43.625,10.375,33.25,28.5,15.75,1.862294759334233,11.25,28.375,39.825,34.0,58.125,58.78315655529538,22.375,28.375,77.89999999999999,0.0,8.0,0.5394708726945568,6.5,23.0,0.29380390300012726,15.75,0.0,147.75
117,123,2023-12-02,1,1,2023-24,Charlotte Hornets,Minnesota Timberwolves,110.875,42.75,53.75,14.375,43.5,10.625,32.875,25.25,14.125,1.9092194570135748,14.25,33.25,42.325,26.875,55.75,48.19740917106952,14.375,17.875,79.925,0.0,6.375,0.469881221719457,4.25,18.25,0.23440916722166721,14.125,0.0,124.75,112.75,34.875,56.75,21.125,43.0,9.25,33.75,25.875,14.125,1.9935859279609278,11.625,31.625,36.4125,28.375,52.25,54.33379258706337,21.125,26.0,80.7125,0.0,7.25,0.6137877747252747,7.125,19.875,0.3749848497091144,14.125,0.0,133.125
113,112,2023-12-02,1,1,2023-24,LA Clippers,Golden State Warriors,112.625,31.875,60.5,20.25,46.625,11.625,35.0,25.625,10.875,2.7206517440892437,10.625,30.5,34.8,30.25,59.0,51.291587432150706,20.25,26.5,75.9375,0.0,8.375,0.8842147435897435,5.25,19.5,0.27451407050234283,10.875,0.0,132.75,116.25,47.625,48.5,20.125,46.25,11.5,34.75,29.125,16.125,2.0317708333333333,15.875,40.375,38.975,24.25,46.625,51.95767409392582,20.125,25.375,79.725,0.0,6.375,0.3953125,3.25,23.0,0.14631508440182164,16.125,0.0,133.0
123,117,2023-12-02,1,1,2023-24,Sacramento Kings,Denver Nuggets,119.125,45.75,54.25,19.125,43.5,10.125,33.375,27.125,13.625,2.0266998626373627,15.25,41.875,36.8375,27.125,47.0,58.1200763945151,19.125,25.25,76.6625,0.0,7.75,0.5702094780219781,3.0,21.25,0.1417348088600949,13.625,0.0,134.25,114.875,37.5,61.75,15.625,41.75,12.375,29.375,30.0,12.25,3.172470584970585,12.5,30.875,40.4875,30.875,59.125,52.48471723233143,15.625,22.125,70.33749999999999,0.0,7.0,0.635994560994561,4.25,20.375,0.22108904167727697,12.25,0.0,132.5
132,121,2023-12-02,1,1,2023-24,Milwaukee Bucks,Atlanta Hawks,125.375,43.125,64.25,18.0,47.75,10.375,37.375,27.25,12.5,2.476366444013503,14.375,38.625,36.9375,32.125,54.5,58.86118515304235,18.0,22.875,78.1625,0.0,7.25,0.6233354880413704,5.625,19.125,0.29831908771053506,12.5,0.0,149.25,126.25,45.375,60.0,20.875,42.375,13.0,29.375,24.125,13.0,1.9300454753579754,15.125,38.875,39.5625,30.0,56.375,53.22737373939013,20.875,25.625,80.4,0.0,9.75,0.8033773518148518,4.125,19.25,0.21931061736288718,13.0,0.0,138.75
107,97,2023-12-02,1,1,2023-24,Los Angeles Lakers,Houston Rockets,112.75,29.625,63.75,19.375,44.375,8.625,35.75,27.875,15.625,1.8209033613445378,9.875,29.75,33.1,31.875,54.75,58.02834318459318,19.375,25.125,75.77499999999999,0.0,7.0,0.4373289700495583,4.75,15.75,0.3239740447461036,15.625,0.0,132.625,110.25,36.375,58.0,15.875,43.375,9.375,34.0,26.75,11.75,2.469625350140056,12.125,35.375,34.212500000000006,29.0,52.0,56.070314974839306,15.875,20.125,79.1125,0.0,5.75,0.5337009803921569,5.125,22.875,0.23088654401154401,11.75,0.0,129.0
124,118,2023-12-02,1,1,2023-24,Chicago Bulls,New Orleans Pelicans,104.375,37.5,52.0,14.875,39.625,9.375,30.25,23.0,13.125,1.8590550074925076,12.5,34.875,35.9375,26.0,50.375,51.69704459752909,14.875,19.375,77.275,0.0,7.625,0.5976835664335665,4.125,19.25,0.23772529553779553,13.125,0.0,114.375,117.375,29.625,66.5,21.25,45.625,11.875,33.75,28.875,13.5,2.2857432396035335,9.875,28.75,34.6625,33.25,58.375,57.22953908603579,21.25,26.75,78.525,0.0,9.0,0.6956750969618617,4.125,21.375,0.21247449145281963,13.5,0.0,142.0
101,110,2023-12-02,1,1,2023-24,Detroit Pistons,Cleveland Cavaliers,109.375,30.0,62.5,16.875,43.75,12.5,31.25,25.375,16.75,1.5385854341736693,10.0,29.75,34.0875,31.25,59.625,52.71659379147709,16.875,21.625,78.125,0.0,6.5,0.397140522875817,6.0,22.75,0.2853053617857172,16.75,0.0,121.375,111.25,30.75,65.75,14.75,44.0,10.5,33.5,27.5,15.625,1.7986821373286157,10.25,28.75,36.0875,32.875,59.375,55.330630516325826,14.75,18.0,82.775,0.0,8.0,0.5222281346749226,5.5,16.75,0.3436216153127918,15.625,0.0,132.375
122,112,2023-12-04,1,1,2023-24,Indiana Pacers,Boston Celtics,132.25,42.0,70.5,19.75,36.125,8.875,27.25,29.875,13.125,2.446969696969697,14.0,37.25,37.237500000000004,35.25,56.0,63.54418797593916,19.75,26.0,76.9625,0.0,8.25,0.65072601010101,7.0,26.125,0.27661218317972347,13.125,0.0,150.125,113.125,44.25,51.0,17.875,45.875,9.375,36.5,24.625,15.25,1.669873508844097,14.75,40.875,36.15,25.5,45.125,56.66180752816109,17.875,23.0,78.7125,0.0,6.875,0.45518262374880025,6.375,16.875,0.3781545209176788,15.25,0.0,130.75
117,127,2023-12-04,1,1,2023-24,Sacramento Kings,New Orleans Pelicans,118.875,45.75,54.25,18.875,43.75,9.875,33.875,27.375,13.0,2.1595123626373627,15.25,40.625,38.175,27.125,48.625,56.58161485605356,18.875,25.0,76.2625,0.0,6.125,0.4935049325674326,3.5,20.5,0.18012766600295205,13.0,0.0,133.625,117.125,28.125,66.75,22.25,45.5,11.875,33.625,28.0,12.875,2.295547161172161,9.375,28.25,33.4875,33.375,58.375,57.44883733164983,22.25,28.25,77.65,0.0,9.125,0.733665293040293,3.625,20.25,0.19578897109082868,12.875,0.0,140.625
146,122,2023-12-05,1,1,2023-24,Milwaukee Bucks,New York Knicks,125.625,40.125,67.25,18.25,47.125,10.875,36.25,27.375,12.875,2.4264866363211954,13.375,37.125,36.125,33.625,56.0,59.89608775044495,18.25,23.125,78.55,0.0,7.375,0.623936449579832,5.5,18.875,0.29612610525439476,12.875,0.0,149.125,113.375,41.25,54.5,17.625,45.875,12.625,33.25,23.0,12.375,1.9729059591724067,13.75,35.75,38.474999999999994,27.25,52.625,51.86224677093648,17.625,23.375,75.55,0.0,7.25,0.6275138786651945,4.125,16.75,0.2612075418972377,12.375,0.0,128.125
106,103,2023-12-05,1,1,2023-24,Los Angeles Lakers,Phoenix Suns,112.75,28.125,64.75,19.875,44.875,8.375,36.5,27.5,14.875,1.8834033613445378,9.375,29.5,31.625,32.375,56.0,57.749186857049764,19.875,25.75,76.05,0.0,7.0,0.4755234144940027,4.875,15.875,0.3285696329813977,14.875,0.0,132.5,117.625,33.0,58.25,26.375,43.375,11.25,32.125,25.5,14.125,1.839291101055807,11.0,29.75,36.612500000000004,29.125,55.5,52.74262849829085,26.375,30.875,85.77499999999999,0.0,7.375,0.5053670186023127,8.125,19.75,0.414150857312622,14.125,0.0,138.25
102,116,2023-12-06,1,1,2023-24,Detroit Pistons,Memphis Grizzlies,107.0,29.25,61.0,16.75,44.625,12.0,32.625,23.875,16.625,1.4613795518207282,9.75,29.875,33.1125,30.5,58.625,52.44594733307932,16.75,21.625,77.57500000000002,0.0,6.5,0.4012765522875817,5.625,22.75,0.2665553617857172,16.625,0.0,117.875,102.375,32.625,53.5,16.25,43.25,10.625,32.625,22.625,14.0,1.6763867668279433,10.875,35.375,30.35,26.75,51.375,52.06749812439118,16.25,20.125,79.4,0.0,6.625,0.4684460147695442,6.375,21.75,0.3107647396360765,14.0,0.0,114.25
147,97,2023-12-06,1,1,2023-24,Dallas Mavericks,Utah Jazz,111.875,42.375,53.5,16.0,43.375,11.125,32.25,24.75,10.0,2.7919146825396823,14.125,42.0,33.512499999999996,26.75,50.25,53.2996684539445,16.0,22.5,71.7375,0.0,5.625,0.6470982142857142,4.75,18.5,0.25686660561660557,10.0,0.0,122.5,107.375,38.25,52.25,16.875,48.25,14.75,33.5,25.75,18.5,1.5373538011695906,12.75,39.875,31.775000000000002,26.125,52.375,49.7690457298215,16.875,21.125,79.0,0.0,7.125,0.4050569131161236,5.5,19.0,0.311691746045293,18.5,0.0,117.875
110,101,2023-12-06,1,1,2023-24,Houston Rockets,Oklahoma City Thunder,109.0,36.75,57.5,14.75,44.5,9.25,35.25,27.25,12.75,2.3683181605975725,12.25,35.25,34.7375,28.75,52.375,55.32188237295843,14.75,18.75,78.925,0.0,5.5,0.47324346405228757,5.5,23.75,0.23768002227241358,12.75,0.0,128.375,124.125,45.375,58.75,20.0,43.625,10.375,33.25,26.625,11.625,2.7924374236874234,15.125,34.875,43.2375,29.375,55.75,52.95391202999898,20.0,23.5,86.275,0.0,7.25,0.6664300976800976,5.375,21.125,0.27542581344131856,11.625,0.0,145.75
102,94,2023-12-06,1,1,2023-24,Minnesota Timberwolves,San Antonio Spurs,113.75,37.125,55.5,21.125,43.125,8.5,34.625,26.875,14.75,1.9140404734154735,12.375,32.125,38.5375,27.75,50.75,54.76557778299951,21.125,26.25,79.9375,0.0,6.875,0.5039392898767898,6.875,20.125,0.35377949256625724,14.75,0.0,134.875,112.75,41.625,53.75,17.375,42.75,10.625,32.125,29.0,17.0,1.7392113095238095,13.875,39.5,35.325,26.875,50.625,53.08170123535964,17.375,20.5,84.3625,0.0,6.625,0.4035714285714286,5.75,21.625,0.26521517697988284,17.0,0.0,127.375
110,106,2023-12-06,1,1,2023-24,Golden State Warriors,Portland Trail Blazers,117.625,49.125,47.75,20.75,45.75,10.625,35.125,29.5,15.5,2.115104166666667,16.375,40.875,39.75,23.875,45.875,51.939876277124675,20.75,26.375,78.6875,0.0,5.625,0.3682291666666666,3.5,22.125,0.16828478137151862,15.5,0.0,134.375,105.75,37.125,52.5,16.125,38.0,12.25,25.75,22.0,16.875,1.3573839204273987,12.375,33.25,38.175,26.25,54.375,48.8006877602067,16.125,20.375,79.3875,0.0,10.0,0.6154109406040184,3.75,19.625,0.18953889248006894,16.875,0.0,109.375
113,114,2023-12-06,1,1,2023-24,Atlanta Hawks,Brooklyn Nets,127.125,46.5,60.25,20.375,43.625,14.125,29.5,23.5,12.5,1.9580757783882783,15.5,39.75,39.6625,30.125,58.75,50.94111832813473,20.375,25.0,80.3125,0.0,9.75,0.8367106851481851,3.875,18.5,0.21752490307717287,12.5,0.0,137.875,120.125,45.0,57.75,17.375,49.125,13.25,35.875,26.875,13.125,2.110183566433567,15.0,37.0,40.1875,28.875,53.625,54.037225746412794,17.375,22.125,77.73750000000001,0.0,6.25,0.49326923076923074,6.0,18.0,0.3489835886507713,13.125,0.0,143.75
121,111,2023-12-06,1,1,2023-24,Cleveland Cavaliers,Orlando Magic,111.5,31.125,66.0,14.375,44.5,10.625,33.875,28.0,15.5,1.8640230464195249,10.375,29.875,34.8875,33.0,59.125,55.77172526486709,14.375,17.625,82.1875,0.0,8.25,0.5534781346749226,4.875,17.875,0.26723272642390294,15.5,0.0,132.75,123.875,33.0,67.75,23.125,42.5,10.125,32.375,28.5,14.75,1.9771272952194003,11.0,27.75,39.65,33.875,59.875,56.79163113156657,23.125,28.875,79.3875,0.0,7.5,0.5275091502065187,6.25,23.625,0.2771793238755481,14.75,0.0,145.375
111,100,2023-12-06,1,1,2023-24,Chicago Bulls,Charlotte Hornets,107.75,40.125,53.5,14.125,40.5,10.25,30.25,24.625,12.75,2.018309815184815,13.375,36.25,36.9375,26.75,50.125,53.51996126419576,14.125,18.5,76.775,0.0,7.125,0.5772508741258742,4.75,19.25,0.2674872002997003,12.75,0.0,121.375,112.375,41.625,56.5,14.25,42.375,10.25,32.125,26.25,12.875,2.2165111236802417,13.875,32.375,42.462500000000006,28.25,57.875,48.90087237453272,14.25,17.5,80.88749999999999,0.0,6.375,0.5219645550527903,4.75,18.375,0.2571364399489399,12.875,0.0,127.875
111,102,2023-12-06,1,1,2023-24,LA Clippers,Denver Nuggets,113.5,31.875,62.5,19.125,45.75,11.25,34.5,26.75,10.5,2.8764958999334,10.625,31.125,34.1875,31.25,59.25,53.02227970906147,19.125,24.5,77.9,0.0,7.75,0.8517472111222112,5.125,19.75,0.26417572463768113,10.5,0.0,134.5,115.875,34.5,66.25,15.125,43.375,12.25,31.125,31.5,12.0,3.3490440115440117,11.5,30.375,37.45,33.125,61.75,53.8520043307506,15.125,21.75,69.225,0.0,7.25,0.670959595959596,4.5,19.5,0.2538271369153722,12.0,0.0,136.375
126,131,2023-12-06,1,1,2023-24,Washington Wizards,Philadelphia 76ers,118.625,33.75,67.0,17.875,38.375,8.0,30.375,28.0,12.125,2.863268849206349,11.25,31.75,35.725,33.5,59.625,56.24404813671349,17.875,21.5,85.1125,0.0,6.875,0.6925595238095238,4.375,20.5,0.21965328932540953,12.125,0.0,133.875,120.375,42.375,54.5,23.5,43.5,13.5,30.0,26.375,13.5,2.5493508942038354,14.125,36.0,38.8875,27.25,53.5,51.435648025152176,23.5,27.75,85.35,0.0,9.375,0.8365977160094806,6.375,22.375,0.27566579502481037,13.5,0.0,140.125
103,112,2023-12-06,1,1,2023-24,Toronto Raptors,Miami Heat,115.625,33.375,64.5,17.75,45.5,13.625,31.875,29.0,13.25,2.6003681077694236,11.125,32.125,34.975,32.25,59.5,54.701767562703935,17.75,24.25,73.1625,0.0,8.125,0.7555764411027569,4.625,18.125,0.263076168682576,13.25,0.0,134.875,116.75,39.0,58.25,19.5,39.25,8.875,30.375,26.5,12.25,2.4567370129870127,13.0,31.625,41.400000000000006,29.125,54.875,52.644172737106096,19.5,23.5,82.4125,0.0,6.75,0.5732142857142857,2.25,20.625,0.11202010708589655,12.25,0.0,130.875
119,128,2023-12-07,1,1,2023-24,Milwaukee Bucks,Indiana Pacers,127.375,42.375,67.25,17.75,46.625,11.75,34.875,27.75,13.5,2.2419628267973857,14.125,36.25,38.9625,33.625,56.5,59.27999225564325,17.75,23.0,76.47500000000001,0.0,7.875,0.6060793067226891,5.875,19.75,0.30529730090656865,13.5,0.0,151.75,131.0,44.25,67.75,19.0,36.125,8.5,27.625,29.375,12.5,2.666666666666667,14.75,37.625,38.7875,33.875,55.75,61.28724353149471,19.0,24.5,78.375,0.0,8.375,0.7378472222222223,6.875,24.5,0.2876240879416283,12.5,0.0,149.0
133,89,2023-12-07,1,1,2023-24,Los Angeles Lakers,New Orleans Pelicans,112.875,29.25,63.75,19.875,45.25,9.75,35.5,27.25,13.875,2.0028478057889822,9.75,29.625,32.7875,31.875,58.25,55.14502019038309,19.875,25.25,77.5,0.0,6.75,0.522745636716225,5.0,16.625,0.3321121431028552,13.875,0.0,131.625,116.875,28.875,65.5,22.5,43.875,12.25,31.625,26.875,13.125,2.158642399267399,9.625,28.625,33.775,32.75,57.375,57.39303376022126,22.5,28.5,77.85000000000001,0.0,9.625,0.7574748168498169,3.75,20.625,0.19608801415302965,13.125,0.0,138.25
125,114,2023-12-08,1,1,2023-24,Philadelphia 76ers,Atlanta Hawks,121.0,40.5,56.75,23.75,43.5,13.25,30.25,26.0,12.75,2.643602231102231,13.5,35.625,37.175,28.375,54.375,52.47013078377287,23.75,28.5,83.96249999999999,0.0,9.125,0.8499666999666999,6.125,21.625,0.26852293788195325,12.75,0.0,140.125,126.75,46.5,60.75,19.5,44.875,13.75,31.125,23.625,12.5,1.9676911630036629,15.5,40.0,39.4,30.375,59.125,51.047050531524555,19.5,23.5,82.11250000000001,0.0,9.375,0.8078645313020314,3.875,18.875,0.2142640335119555,12.5,0.0,138.75
123,91,2023-12-08,1,1,2023-24,Orlando Magic,Detroit Pistons,121.75,31.125,68.5,22.125,41.75,10.0,31.75,28.625,14.25,2.0521272952194005,10.375,28.125,36.3625,34.25,59.125,58.06701649980732,22.125,28.25,78.1,0.0,7.5,0.5578121805095488,5.75,23.375,0.2585457835028773,14.25,0.0,142.375,107.25,30.0,61.0,16.25,43.5,10.75,32.75,25.125,16.625,1.5349089635854343,10.0,29.875,33.825,30.5,58.625,52.44594733307932,16.25,20.875,79.23750000000001,0.0,6.625,0.4086294934640523,5.625,22.5,0.2711993246340144,16.625,0.0,118.875
124,97,2023-12-08,1,1,2023-24,Brooklyn Nets,Washington Wizards,120.0,43.875,59.25,16.875,49.75,13.5,36.25,26.25,12.75,2.1185168997668997,14.625,35.875,40.4125,29.625,55.875,53.37472193891964,16.875,21.75,76.8625,0.0,6.5,0.5245192307692308,6.375,17.875,0.3697072728612976,12.75,0.0,143.75,122.0,35.25,69.75,17.0,38.375,7.375,31.0,29.75,11.75,3.0832363816738817,11.75,32.125,36.8125,34.875,60.5,57.82738147004682,17.0,20.5,85.88749999999999,0.0,7.375,0.7477543290043289,4.625,21.0,0.22596642063854083,11.75,0.0,140.875
119,116,2023-12-08,1,1,2023-24,Charlotte Hornets,Toronto Raptors,112.5,43.125,56.0,13.375,42.25,10.625,31.625,27.125,13.5,2.212834653092006,14.375,33.75,42.95,28.0,56.375,49.778956554503694,13.375,16.25,82.58749999999999,0.0,6.875,0.5360576923076923,5.625,19.625,0.28615429709179707,13.5,0.0,130.25,110.75,33.375,60.0,17.375,45.375,13.125,32.25,27.125,14.0,2.171796679197995,11.125,32.25,34.8375,30.0,57.375,52.803962986327925,17.375,22.75,76.42500000000001,0.0,7.25,0.6261121553884711,5.0,17.5,0.2914578111946533,14.0,0.0,127.625
133,123,2023-12-08,1,1,2023-24,Boston Celtics,New York Knicks,113.625,42.75,53.0,17.875,47.375,10.0,37.375,24.375,16.125,1.5278280542986424,14.25,40.25,35.4625,26.5,46.375,57.18587585114246,17.875,23.375,75.93749999999999,0.0,6.875,0.43308666415284064,7.0,17.625,0.39890350877192976,16.125,0.0,131.75,113.625,37.875,56.25,19.5,44.375,12.375,32.0,23.125,13.125,1.8759808254825672,12.625,33.875,37.0125,28.125,54.0,52.053874129427044,19.5,25.0,77.78750000000001,0.0,7.625,0.6295192262587774,3.875,16.25,0.2549050208888343,13.125,0.0,126.875
103,127,2023-12-08,1,1,2023-24,Memphis Grizzlies,Minnesota Timberwolves,101.875,32.625,55.25,14.0,43.375,10.25,33.125,23.0,14.0,1.7031724811136577,10.875,34.5,31.474999999999998,27.625,52.875,52.15095240595866,14.0,17.375,79.15,0.0,7.0,0.4952317290552584,7.0,19.75,0.4068758507471876,14.0,0.0,116.0,111.375,36.75,54.0,20.625,45.875,9.25,36.625,25.75,14.75,1.8336833305583304,12.25,33.25,37.05,27.0,50.5,53.49549528191396,20.625,25.5,80.4625,0.0,6.625,0.486082147019647,7.25,19.5,0.3902378258995906,14.75,0.0,132.75
106,114,2023-12-08,1,1,2023-24,Phoenix Suns,Sacramento Kings,113.0,30.75,56.5,25.75,43.375,10.875,32.5,24.125,14.625,1.7313365556012614,10.25,27.25,37.6125,28.25,54.625,51.975084638641725,25.75,30.25,85.32499999999999,0.0,7.0,0.4744326751679693,7.125,18.875,0.3858770477888125,14.625,0.0,132.125,117.375,44.25,53.25,19.875,43.25,10.75,32.5,27.125,13.0,2.14165521978022,14.75,40.5,37.075,26.625,48.75,55.260261790514456,19.875,26.125,76.58749999999999,0.0,5.875,0.4756477897102897,3.5,20.0,0.1826529185282046,13.0,0.0,130.0
106,114,2023-12-08,1,1,2023-24,Denver Nuggets,Houston Rockets,115.25,34.875,66.25,14.125,43.75,12.625,31.125,31.375,11.625,3.4107323232323234,11.625,30.75,37.375,33.125,62.75,53.11838429533446,14.125,20.25,70.8125,0.0,7.25,0.6880050505050506,4.125,19.875,0.22625360750360748,11.625,0.0,135.25,110.25,38.625,56.75,14.875,45.25,9.0,36.25,27.75,13.25,2.358514239028945,12.875,35.5,36.3875,28.375,51.5,55.43153149576544,14.875,19.0,78.7,0.0,5.5,0.4648401027077497,5.5,22.25,0.254421093700985,13.25,0.0,131.125
138,136,2023-12-08,1,1,2023-24,Oklahoma City Thunder,Golden State Warriors,120.75,41.25,59.75,19.75,42.125,10.0,32.125,25.5,11.125,2.7999160561660563,13.75,34.5,39.2625,29.875,56.125,53.5220938481808,19.75,23.625,84.76249999999999,0.0,7.75,0.764720695970696,6.25,21.25,0.3161996229651281,11.125,0.0,140.375,117.75,47.625,47.75,22.375,45.875,10.0,35.875,28.625,15.625,2.0512254901960785,15.875,40.0,39.1625,23.875,45.25,52.488121891159764,22.375,28.125,79.425,0.0,5.5,0.35857843137254897,3.375,22.125,0.16170583400309757,15.625,0.0,134.25
112,125,2023-12-08,1,1,2023-24,Portland Trail Blazers,Dallas Mavericks,107.125,39.375,51.75,16.0,37.0,11.25,25.75,22.625,15.75,1.5205418151642407,13.125,34.375,39.15,25.875,54.0,48.418034698982204,16.0,20.125,79.7375,0.0,9.625,0.6430425195513869,3.875,21.25,0.18733301012712777,15.75,0.0,111.0,114.0,44.25,54.25,15.5,43.5,11.375,32.125,25.375,9.75,2.9700396825396824,14.75,42.875,34.0625,27.125,50.5,53.722745377021425,15.5,21.25,72.96249999999999,0.0,6.25,0.7439732142857143,4.875,18.25,0.2702594627594627,9.75,0.0,127.0
112,121,2023-12-08,1,1,2023-24,San Antonio Spurs,Chicago Bulls,109.5,39.0,54.25,16.25,43.625,11.5,32.125,27.75,16.625,1.7037946428571429,13.0,39.5,32.887499999999996,27.125,51.75,52.60093200459041,16.25,19.5,82.375,0.0,6.625,0.41815476190476186,5.875,21.125,0.27676979882862235,16.625,0.0,122.375,108.875,38.625,55.0,15.25,42.125,11.625,30.5,24.5,13.125,1.9672280844155845,12.875,33.75,38.487500000000004,27.5,53.75,51.575516819751314,15.25,19.75,77.475,0.0,6.75,0.5375874125874126,4.75,18.5,0.28027129120879124,13.125,0.0,122.25
99,111,2023-12-08,1,1,2023-24,Miami Heat,Cleveland Cavaliers,118.625,39.75,59.75,19.125,40.5,9.25,31.25,27.75,11.25,2.8543560606060607,13.25,31.875,41.837500000000006,29.875,56.125,52.859380771539385,19.125,23.0,82.61250000000001,0.0,6.25,0.5875,2.75,20.625,0.13979788486367434,11.25,0.0,135.875,111.5,32.25,65.5,13.75,44.25,10.5,33.75,27.875,15.875,1.8094011976800288,10.75,30.75,34.95,32.75,58.75,55.736760229902046,13.75,16.875,81.95,0.0,8.125,0.536671411985847,4.5,19.0,0.24176976346093992,15.875,0.0,131.25
103,117,2023-12-08,1,1,2023-24,Utah Jazz,LA Clippers,102.375,37.125,49.75,15.5,46.25,12.75,33.5,25.125,18.5,1.5044590643274853,12.375,38.25,32.25,24.875,50.5,49.11485893433036,15.5,19.375,79.25,0.0,6.5,0.3721621762740184,5.25,18.125,0.30729359789714483,18.5,0.0,111.625,111.875,31.875,61.25,18.75,45.75,11.625,34.125,25.625,11.0,2.579417977855478,10.625,30.0,35.575,30.625,59.375,51.864087618665984,18.75,24.5,76.4,0.0,6.75,0.6634355228105229,5.875,20.25,0.307032867494824,11.0,0.0,131.0
132,127,2023-12-11,1,1,2023-24,LA Clippers,Portland Trail Blazers,112.875,34.125,60.75,18.0,44.5,11.625,32.875,24.875,10.75,2.5582126207126206,11.375,30.75,37.075,30.375,59.0,51.76662173172642,18.0,23.5,76.4375,0.0,6.5,0.6567390942390943,6.625,19.625,0.35322851966873703,10.75,0.0,131.125,109.75,42.75,50.75,16.25,39.125,11.875,27.25,22.5,15.25,1.5490505870940654,14.25,36.75,40.0875,25.375,54.125,47.338660641666976,16.25,19.75,82.51250000000002,0.0,9.5,0.6522530458671764,3.75,22.375,0.17587467679379445,15.25,0.0,114.625
146,101,2023-12-11,1,1,2023-24,Philadelphia 76ers,Washington Wizards,121.5,38.625,57.5,25.375,44.0,13.75,30.25,25.0,13.5,2.116329503829504,12.875,35.0,36.05,28.75,54.125,53.33617300797745,25.375,30.875,82.3,0.0,8.875,0.7181485181485182,6.625,21.125,0.31217373153274686,13.5,0.0,139.5,118.0,33.75,66.5,17.75,40.25,8.25,32.0,28.5,13.25,2.3254238816738817,11.25,32.625,34.775,33.25,59.0,56.68821890847046,17.75,21.75,84.5875,0.0,7.125,0.5915043290043289,5.0,21.0,0.245703262743804,13.25,0.0,134.5
134,120,2023-12-11,1,1,2023-24,Oklahoma City Thunder,Utah Jazz,121.75,40.125,60.25,21.375,41.125,10.25,30.875,24.125,11.0,2.6995372682872683,13.375,35.25,37.0625,30.125,55.125,54.71257003865699,21.375,25.625,84.27499999999999,0.0,8.875,0.8745691808191808,6.25,22.0,0.30128485023785534,11.0,0.0,140.0,102.875,36.375,50.25,16.25,46.0,12.125,33.875,24.875,18.75,1.4609322786131997,12.125,36.625,32.75,25.125,50.375,49.70448157583979,16.25,20.375,79.25,0.0,7.0,0.39671574770258977,6.125,17.5,0.36377755511639615,18.75,0.0,114.25
136,130,2023-12-11,1,1,2023-24,New York Knicks,Toronto Raptors,113.75,37.5,56.0,20.25,44.0,12.25,31.75,23.25,13.375,1.844730825482567,12.5,33.875,36.675,28.0,53.625,52.217272822237504,20.25,26.0,77.8375,0.0,7.25,0.5923168453063964,3.75,17.125,0.23519348242729587,13.375,0.0,125.875,111.875,30.375,64.25,17.25,45.875,14.25,31.625,27.5,12.75,2.306469298245614,10.125,32.75,30.9375,32.125,59.125,54.82262360718596,17.25,22.625,76.2875,0.0,7.375,0.6573621553884712,4.5,17.625,0.2658625730994152,12.75,0.0,129.375
93,82,2023-12-11,1,1,2023-24,Houston Rockets,San Antonio Spurs,111.5,38.25,55.5,17.75,46.875,9.625,37.25,26.0,12.25,2.3779586834733895,12.75,35.75,35.825,27.75,51.0,54.64602926914496,17.75,23.0,77.925,0.0,5.0,0.45372899159663865,5.5,21.625,0.258171093700985,12.25,0.0,131.125,110.0,39.75,54.5,15.75,44.125,11.25,32.875,28.875,16.375,1.8236664377289378,13.25,39.75,33.262499999999996,27.25,51.5,53.203597914970445,15.75,18.75,82.89999999999999,0.0,6.5,0.4149496336996337,5.875,20.125,0.2928412274000509,16.375,0.0,125.25
131,118,2023-12-11,1,1,2023-24,Sacramento Kings,Brooklyn Nets,115.5,43.125,52.5,19.875,43.5,10.875,32.625,26.0,13.0,2.055116758241758,14.375,40.375,36.25,26.25,49.125,54.11403537542011,19.875,26.0,77.0625,0.0,5.625,0.4564170204795205,3.125,20.25,0.16390291852820457,13.0,0.0,125.75,123.125,43.5,62.5,17.125,51.0,14.625,36.375,26.625,12.25,2.2253350815850816,14.5,36.5,39.2875,31.25,58.125,54.04905093174452,17.125,22.0,77.21249999999999,0.0,7.25,0.598761655011655,6.375,18.375,0.35383425698828175,12.25,0.0,148.375
123,131,2023-12-11,1,1,2023-24,Detroit Pistons,Indiana Pacers,104.5,28.875,60.5,15.125,43.125,10.875,32.25,24.125,16.5,1.4838979341736696,9.625,30.375,32.0,30.25,57.875,52.72974506269748,15.125,19.5,78.80000000000001,0.0,6.625,0.4100081699346405,5.5,21.75,0.2696008591608686,16.5,0.0,114.625,132.5,43.875,70.0,18.625,37.5,9.0,28.5,30.125,11.75,2.854166666666667,14.625,37.875,38.2125,35.0,56.375,62.43647360395848,18.625,23.75,79.2,0.0,8.25,0.7722222222222223,7.0,23.125,0.3078993855606759,11.75,0.0,153.875
114,116,2023-12-11,1,1,2023-24,Charlotte Hornets,Miami Heat,113.875,41.625,58.0,14.25,41.625,11.0,30.625,27.25,13.875,2.168363499245852,13.875,32.5,43.375,29.0,57.25,50.837861203833874,14.25,17.125,83.26249999999999,0.0,7.125,0.5426682692307693,5.5,18.75,0.29107853951603946,13.875,0.0,131.75,116.25,39.0,59.0,18.25,39.75,9.0,30.75,26.75,12.25,2.626578282828283,13.0,32.75,40.225,29.5,55.5,52.73182975113122,18.25,22.375,80.325,0.0,6.0,0.5347222222222222,3.25,21.125,0.16039285053873154,12.25,0.0,129.875
122,129,2023-12-11,1,1,2023-24,Atlanta Hawks,Denver Nuggets,122.0,45.75,57.25,19.0,46.875,15.125,31.75,22.625,12.375,1.9129292582417583,15.25,41.0,37.5125,28.625,59.25,48.22854091613994,19.0,22.625,83.1625,0.0,8.75,0.7679835789210788,3.875,18.875,0.2142640335119555,12.375,0.0,131.75,113.625,33.0,66.0,14.625,44.375,12.0,32.375,30.5,11.375,3.38364898989899,11.0,29.875,36.474999999999994,33.0,63.25,52.513545585657035,14.625,21.0,70.55,0.0,7.0,0.6755050505050505,4.5,19.75,0.24229527417027416,11.375,0.0,133.125
113,120,2023-12-11,1,1,2023-24,Memphis Grizzlies,Dallas Mavericks,102.25,31.875,55.75,14.625,41.625,9.5,32.125,22.5,13.875,1.6849906629318392,10.625,33.375,32.012499999999996,27.875,52.875,52.64114848439003,14.625,18.5,77.1125,0.0,7.0,0.5031862745098039,6.875,20.0,0.3988530764200654,13.875,0.0,114.75,114.0,42.75,54.25,17.0,42.625,11.125,31.5,25.25,10.125,2.905456349206349,14.25,41.875,33.662499999999994,27.125,50.0,54.32370691548296,17.0,22.75,75.01250000000002,0.0,7.125,0.8002232142857143,5.25,19.125,0.281808375802941,10.125,0.0,127.875
133,129,2023-12-11,1,1,2023-24,Milwaukee Bucks,Chicago Bulls,124.5,42.75,64.0,17.75,45.5,11.25,34.25,26.0,13.125,2.1648794934640523,14.25,36.75,38.775000000000006,32.0,56.25,56.96924744489844,17.75,23.0,76.47500000000001,0.0,7.875,0.612329306722689,6.25,20.25,0.3137814638024963,13.125,0.0,145.0,111.5,39.375,57.0,15.125,44.625,13.75,30.875,25.25,12.75,2.150466720779221,13.125,32.625,40.574999999999996,28.5,57.5,49.93239642663092,15.125,20.75,73.03750000000001,0.0,7.625,0.6554851398601399,4.125,18.875,0.23874168594563333,12.75,0.0,126.25
104,94,2023-12-11,1,1,2023-24,Orlando Magic,Cleveland Cavaliers,121.375,30.375,68.75,22.25,42.375,8.875,33.5,28.0,13.875,2.0790503721424773,10.125,27.5,36.3375,34.375,58.375,58.92105376688807,22.25,28.125,79.21249999999999,0.0,6.625,0.5049275651249335,5.25,23.5,0.2309142045555089,13.875,0.0,142.5,110.125,34.125,62.75,13.25,43.625,10.25,33.375,26.375,15.5,1.7535117746031061,11.375,32.375,35.05,31.375,56.25,55.66651474040191,13.25,17.0,79.625,0.0,8.625,0.591358911985847,4.25,18.5,0.2326661220043573,15.5,0.0,127.875
121,107,2023-12-11,1,1,2023-24,New Orleans Pelicans,Minnesota Timberwolves,113.375,28.875,63.75,20.75,43.125,12.125,31.0,26.75,13.375,2.100309065934066,9.625,28.75,33.6875,31.875,58.25,55.210330909344066,20.75,26.375,77.1375,0.0,9.25,0.7053914835164835,4.125,19.75,0.21692134748636296,13.375,0.0,132.125,112.625,38.25,53.75,20.625,47.125,10.25,36.875,25.75,14.625,1.8542877261627262,12.75,33.75,37.9375,26.875,51.0,52.593321368870484,20.625,24.75,82.625,0.0,6.25,0.4620436854811855,7.375,18.375,0.4154075091575091,14.625,0.0,135.25
120,113,2023-12-12,1,1,2023-24,Boston Celtics,Cleveland Cavaliers,117.5,45.375,54.5,17.625,46.0,9.875,36.125,24.875,15.0,1.7557692307692307,15.125,42.25,35.675,27.25,46.125,59.174512214778815,17.625,22.875,76.65,0.0,7.125,0.5139690170940171,6.375,17.625,0.3660087719298245,15.0,0.0,135.625,109.875,32.25,62.5,15.125,45.375,11.625,33.75,25.125,14.875,1.722966661821151,10.75,33.625,32.025000000000006,31.25,56.0,55.648784243948,15.125,19.375,80.175,0.0,9.25,0.647749889429456,3.875,19.25,0.20485282277162073,14.875,0.0,126.75
106,114,2023-12-12,1,1,2023-24,Chicago Bulls,Denver Nuggets,114.875,38.625,60.75,15.5,46.25,14.625,31.625,25.625,12.0,2.4421333874458875,12.875,31.375,41.2625,30.375,62.0,50.10285097208547,15.5,21.75,70.5375,0.0,7.125,0.6450684731934733,4.375,19.0,0.24764481984876718,12.0,0.0,129.875,119.0,34.875,68.5,15.625,44.75,11.75,33.0,32.0,11.5,3.4685448232323233,11.625,29.75,38.737500000000004,34.25,62.625,55.04598732294517,15.625,22.0,71.5375,0.0,7.125,0.6791508838383838,5.0,20.375,0.25921256740335685,11.5,0.0,143.5
119,116,2023-12-12,1,1,2023-24,Phoenix Suns,Golden State Warriors,111.25,32.25,54.75,24.25,43.625,10.5,33.125,24.125,14.125,1.8101244343891403,10.75,29.125,36.7625,27.375,53.625,51.45580913182883,24.25,29.625,81.425,0.0,7.0,0.49867509941039356,6.75,19.0,0.36321622907536216,14.125,0.0,128.625,119.375,48.0,48.75,22.625,47.25,11.25,36.0,28.125,17.25,1.9184129901960785,16.0,40.25,39.225,24.375,45.875,52.8120014429805,22.625,28.375,79.625,0.0,5.125,0.3246344658553076,3.125,23.375,0.1428566276538912,17.25,0.0,134.25
127,125,2023-12-12,1,1,2023-24,Dallas Mavericks,Los Angeles Lakers,114.875,44.625,53.5,16.75,43.0,11.0,32.0,25.75,11.0,2.816485760971055,14.875,42.625,34.5625,26.75,49.0,54.67596134382435,16.75,21.875,77.0625,0.0,7.125,0.759046743697479,6.125,19.375,0.3313181797245096,11.0,0.0,130.75,113.125,31.5,61.75,19.875,46.125,10.0,36.125,26.75,13.875,1.969514472455649,10.5,30.375,34.125,30.875,57.5,54.16462803352035,19.875,25.5,76.80000000000001,0.0,6.75,0.522745636716225,4.875,16.75,0.32169547643618845,13.875,0.0,131.625
119,99,2023-12-12,1,1,2023-24,LA Clippers,Sacramento Kings,116.125,34.875,62.0,19.25,44.0,11.75,32.25,25.625,10.5,2.7097277722277724,11.625,30.375,38.1375,31.0,59.0,52.90298536809006,19.25,24.125,80.2875,0.0,6.0,0.6289613164613165,6.75,19.125,0.3678118530020704,10.5,0.0,136.375,120.25,48.375,52.75,19.125,44.375,11.0,33.375,27.375,13.0,2.160885989010989,16.125,40.375,40.150000000000006,26.375,50.0,53.43376326657658,19.125,24.75,77.64999999999999,0.0,5.625,0.4564170204795205,2.875,20.625,0.14976601376629983,13.0,0.0,134.0
115,104,2023-12-13,1,1,2023-24,Miami Heat,Charlotte Hornets,114.625,37.125,58.0,19.5,40.0,8.75,31.25,26.875,12.125,2.66635101010101,12.375,32.75,38.45,29.0,54.125,53.14737332705216,19.5,24.0,80.125,0.0,5.5,0.4996843434343434,2.75,21.5,0.13138567350523872,12.125,0.0,127.625,113.0,43.125,55.5,14.375,38.375,9.625,28.75,27.5,13.625,2.241790072672426,14.375,32.75,44.4,27.75,54.5,51.177753869307935,14.375,17.75,81.1625,0.0,6.375,0.49022071678321677,4.875,19.25,0.25383106476856476,13.625,0.0,128.0
117,104,2023-12-13,1,1,2023-24,Houston Rockets,Memphis Grizzlies,108.625,37.875,52.75,18.0,48.375,9.625,38.75,25.0,13.25,2.0967086834733895,12.625,35.5,35.7125,26.375,51.0,52.09973297284867,18.0,23.125,78.6875,0.0,5.125,0.41466649159663865,5.375,20.875,0.2564349825898739,13.25,0.0,126.625,105.0,36.0,56.5,12.5,40.625,9.625,31.0,23.625,15.0,1.6294351073762836,12.0,34.875,34.387499999999996,28.25,52.25,54.03003737327892,12.5,16.125,76.5625,0.0,7.75,0.5240196078431373,6.625,20.0,0.3856951816832233,15.0,0.0,118.125
140,126,2023-12-13,1,1,2023-24,Milwaukee Bucks,Indiana Pacers,126.625,43.5,63.25,19.875,45.625,10.375,35.25,27.375,13.375,2.231798685383244,14.5,37.125,39.0625,31.625,54.0,58.397057374840564,19.875,25.5,77.05000000000001,0.0,7.375,0.5441474885408709,6.5,20.5,0.32443309287517796,13.375,0.0,149.5,129.25,40.5,71.0,17.75,39.25,9.5,29.75,29.875,12.25,2.7708333333333335,13.5,36.125,37.3375,35.5,57.875,61.499705454075574,17.75,22.625,79.0375,0.0,8.375,0.7652777777777777,6.25,22.5,0.2841493855606759,12.25,0.0,150.875
117,113,2023-12-13,1,1,2023-24,Utah Jazz,New York Knicks,104.75,37.125,51.5,16.125,45.625,11.5,34.125,25.75,17.875,1.5660180629269251,12.375,37.5,32.662499999999994,25.75,51.125,50.0806389832472,16.125,19.75,81.05,0.0,7.25,0.4264338849574918,6.875,18.5,0.3885028298416709,17.875,0.0,118.25,118.25,40.5,59.0,18.75,43.0,11.875,31.125,25.75,14.0,1.944730825482567,13.5,32.75,41.0375,29.5,54.0,54.568637344654654,18.75,24.625,76.0625,0.0,6.875,0.533983511973063,3.75,17.0,0.23593458914666346,14.0,0.0,134.0
111,129,2023-12-13,1,1,2023-24,Detroit Pistons,Philadelphia 76ers,107.0,30.0,62.0,15.0,41.5,10.25,31.25,24.75,16.125,1.5547312675070026,10.0,31.375,32.15,31.0,56.875,55.10153993449235,15.0,20.0,76.85,0.0,7.125,0.4530637254901961,5.375,21.0,0.2713369702719798,16.125,0.0,117.375,124.875,42.0,58.25,24.625,44.375,13.125,31.25,27.25,13.5,2.2770437895437894,14.0,36.375,37.5625,29.125,52.625,55.55681536328022,24.625,29.75,83.0,0.0,9.125,0.736005661005661,6.375,21.375,0.2999515093105246,13.5,0.0,147.5
119,122,2023-12-13,1,1,2023-24,San Antonio Spurs,Los Angeles Lakers,107.875,37.875,53.75,16.25,44.375,10.75,33.625,28.5,16.5,1.7910377612583495,12.625,40.125,31.5,26.875,50.75,53.29766146012094,16.25,19.75,81.6,0.0,7.125,0.449876104287869,5.625,19.75,0.28601349630761397,16.5,0.0,122.125,116.125,33.0,63.25,19.875,44.75,10.125,34.625,27.75,14.125,2.0028478057889822,11.0,30.375,35.85,31.625,58.375,54.65583037956141,19.875,25.375,77.2375,0.0,7.125,0.5464635854341737,5.125,17.125,0.3319895940832473,14.125,0.0,135.125
122,142,2023-12-13,1,1,2023-24,Washington Wizards,New Orleans Pelicans,116.375,33.0,65.0,18.375,39.875,8.5,31.375,27.875,14.75,2.119742063492063,11.0,32.5,34.1,32.5,57.625,56.59206506231662,18.375,23.375,82.23750000000001,0.0,6.875,0.5324134199134198,4.875,21.125,0.23802782414731277,14.75,0.0,129.5,114.0,28.875,63.0,22.125,42.75,11.875,30.875,26.875,13.25,2.1247138278388276,9.625,29.125,33.1,31.5,57.125,55.583200227525886,22.125,28.0,77.5625,0.0,9.375,0.7178914835164836,4.375,19.875,0.2277766106442577,13.25,0.0,133.125
135,128,2023-12-13,1,1,2023-24,Toronto Raptors,Atlanta Hawks,111.625,31.5,63.25,16.875,44.875,14.75,30.125,28.25,11.625,2.535416666666667,10.5,34.25,30.3375,31.625,58.375,54.71819587117928,16.875,22.625,75.0375,0.0,8.0,0.7613095238095238,4.125,18.375,0.24086257309941517,11.625,0.0,129.0,118.875,45.375,55.75,17.75,44.0,14.0,30.0,22.75,11.875,2.011143543956044,15.125,40.375,37.75,27.875,57.375,48.56220911361411,17.75,21.25,83.325,0.0,8.625,0.7911978646353646,3.125,19.25,0.17061323986116186,11.875,0.0,127.25
112,116,2023-12-13,1,1,2023-24,Phoenix Suns,Brooklyn Nets,110.75,33.375,55.0,22.375,43.375,10.0,33.375,24.75,14.125,1.851791101055807,11.125,30.5,36.3375,27.5,53.25,52.13289246516216,22.375,27.375,81.5125,0.0,6.875,0.4903417660770602,6.625,19.0,0.35753441089354404,14.125,0.0,128.125,119.75,43.125,59.5,17.125,48.75,13.125,35.625,26.125,11.875,2.2373543123543125,14.375,35.75,39.96249999999999,29.75,55.75,53.570997911318614,17.125,21.625,78.7,0.0,6.75,0.5747231934731934,6.375,17.0,0.3802765646805894,11.875,0.0,144.0
114,122,2023-12-14,1,1,2023-24,Portland Trail Blazers,Utah Jazz,112.25,44.625,50.75,16.875,39.875,11.75,28.125,23.125,15.125,1.6171595614530396,14.875,37.875,40.375,25.375,53.375,47.981517784524115,16.875,20.5,82.4625,0.0,9.125,0.6274133022774327,3.875,22.5,0.18093420060331827,15.125,0.0,118.5,106.25,37.5,52.5,16.25,45.75,11.625,34.125,26.75,16.875,1.6884138962602586,12.5,37.375,33.0625,26.25,52.625,49.573333788442,16.25,20.25,79.67500000000001,0.0,6.875,0.42382971829082505,6.625,20.25,0.34932904066788173,16.875,0.0,120.125
124,101,2023-12-14,1,1,2023-24,Denver Nuggets,Brooklyn Nets,116.75,35.625,65.25,15.875,44.875,12.25,32.625,30.75,10.375,3.5492266414141413,11.875,30.0,39.2125,32.625,61.625,53.155328492137876,15.875,22.875,70.1375,0.0,6.625,0.6746054292929293,5.125,19.75,0.26921256740335686,10.375,0.0,139.625,120.25,43.5,59.75,17.0,48.0,13.375,34.625,25.75,11.125,2.4063103563103563,14.5,36.375,39.675,29.875,56.5,52.90135505417576,17.0,21.75,77.725,0.0,6.5,0.6296682484182484,5.75,16.875,0.3471883293864718,11.125,0.0,141.875
101,119,2023-12-14,1,1,2023-24,Dallas Mavericks,Minnesota Timberwolves,117.75,46.5,53.75,17.5,41.5,11.125,30.375,26.625,11.75,2.510235760971055,15.5,41.75,36.6625,26.875,49.0,54.94770047425913,17.5,22.5,78.4,0.0,7.375,0.690296743697479,6.25,19.25,0.3403051078290848,11.75,0.0,134.375,112.0,39.375,52.25,20.375,47.0,10.375,36.625,25.5,14.75,1.8171998140748142,13.125,35.0,37.6375,26.125,50.0,52.18206595761508,20.375,24.125,83.5,0.0,5.625,0.4105326964701964,6.75,19.25,0.3811813186813187,14.75,0.0,132.625
128,123,2023-12-14,1,1,2023-24,Sacramento Kings,Oklahoma City Thunder,118.625,46.5,54.5,17.625,44.375,11.375,33.0,28.0,12.75,2.2300824175824174,15.5,39.5,39.2625,27.25,52.125,52.644541327801065,17.625,23.375,76.1375,0.0,6.25,0.5044080919080919,3.0,19.875,0.15792390850314192,12.75,0.0,132.875,121.75,38.625,61.5,21.625,40.625,9.875,30.75,25.0,10.25,2.8696761571761575,12.875,35.5,35.35,30.75,56.75,54.10912176279492,21.625,26.0,83.5375,0.0,9.0,0.9127636252636253,6.75,21.875,0.3319221051398161,10.25,0.0,139.875
116,124,2023-12-14,1,1,2023-24,Miami Heat,Chicago Bulls,116.75,39.0,58.5,19.25,40.75,9.625,31.125,28.0,13.625,2.5966869784804567,13.0,31.875,41.325,29.25,54.875,52.95094475562359,19.25,23.75,80.0625,0.0,5.375,0.42903216952129997,3.125,20.625,0.16263567350523872,13.625,0.0,131.375,114.625,39.0,59.0,16.625,46.75,14.875,31.875,26.375,12.125,2.481968552281052,13.0,33.0,39.775,29.5,60.875,49.53466915390365,16.625,22.25,74.05,0.0,7.25,0.6505629786879786,5.25,19.25,0.2862811834851309,12.125,0.0,131.125
116,107,2023-12-14,1,1,2023-24,Boston Celtics,Cleveland Cavaliers,117.75,46.125,53.0,18.625,45.625,10.0,35.625,25.375,15.0,1.7891025641025642,15.375,41.5,36.7875,26.5,45.25,58.509618597757544,18.625,22.625,81.1125,0.0,7.5,0.538969017094017,6.5,17.375,0.3858805668016194,15.0,0.0,138.875,109.625,36.0,60.25,13.375,45.125,11.5,33.625,24.75,14.75,1.7147249035793928,12.0,35.75,33.2875,30.125,54.0,55.55168866812902,13.375,17.625,77.6375,0.0,8.375,0.5893707685503351,3.875,19.5,0.2013806005493985,14.75,0.0,125.125
121,113,2023-12-14,1,1,2023-24,LA Clippers,Golden State Warriors,117.625,36.0,62.75,18.875,43.0,10.375,32.625,25.125,11.0,2.623754921549039,12.0,30.375,39.425,31.375,58.5,54.047053164700216,18.875,22.875,82.9125,0.0,6.625,0.6612011354658414,6.25,19.25,0.3356427353550116,11.0,0.0,138.125,118.75,46.125,51.25,21.375,48.25,11.875,36.375,28.125,18.125,1.7288296568627453,15.375,40.625,37.474999999999994,25.625,47.375,54.09077382149712,21.375,27.625,77.36250000000001,0.0,5.875,0.35275946585530765,3.125,24.25,0.14136853241579594,18.125,0.0,132.75
124,92,2023-12-15,1,1,2023-24,Philadelphia 76ers,Detroit Pistons,128.625,43.5,60.0,25.125,45.0,12.375,32.625,28.125,13.0,2.420225607725608,14.5,36.125,39.4125,30.0,52.875,56.87659207779379,25.125,30.25,83.3,0.0,8.75,0.7291874791874792,5.375,21.0,0.25973411800617685,13.0,0.0,153.25,106.75,31.125,60.25,15.375,40.5,9.25,31.25,25.0,15.625,1.6583026960784313,10.375,33.25,31.075000000000003,30.125,54.75,55.44244902540144,15.375,20.75,76.025,0.0,7.125,0.47449229691876754,4.375,21.5,0.21199353592854542,15.625,0.0,115.25
104,125,2023-12-15,1,1,2023-24,Toronto Raptors,Atlanta Hawks,113.375,33.375,63.5,16.5,45.75,14.25,31.5,29.125,11.75,2.574702380952381,11.125,33.625,32.7875,31.75,59.5,53.45854750068185,16.5,22.25,74.625,0.0,7.375,0.7148809523809524,4.5,18.875,0.24979114452798662,11.75,0.0,132.375,117.875,45.375,54.75,17.75,43.125,13.5,29.625,23.125,11.5,2.2200721153846157,15.125,40.875,37.1625,27.375,56.625,48.3796797785424,17.75,21.125,83.7875,0.0,8.125,0.7894121503496503,3.875,19.625,0.20950212875005075,11.5,0.0,126.25
107,112,2023-12-15,1,1,2023-24,Charlotte Hornets,New Orleans Pelicans,111.375,41.625,56.0,13.75,36.125,8.75,27.375,27.5,14.625,2.142888973771327,13.875,32.0,43.8375,28.0,53.5,52.80818865191663,13.75,16.5,83.60000000000001,0.0,7.0,0.4980045995670995,5.0,19.625,0.25521995365745365,14.625,0.0,126.0,119.25,30.75,64.5,24.0,43.25,11.5,31.75,26.75,12.875,2.2016369047619047,10.25,28.875,35.1625,32.25,57.75,56.297688060010316,24.0,29.5,80.7625,0.0,8.875,0.7111607142857144,4.25,19.875,0.2204236694677871,12.875,0.0,139.875
96,103,2023-12-15,1,1,2023-24,Memphis Grizzlies,Houston Rockets,106.875,36.375,55.75,14.75,41.125,9.5,31.625,24.0,14.5,1.7301926831338597,12.125,35.5,34.2625,27.875,51.875,53.68550158991336,14.75,19.125,77.8875,0.0,7.875,0.5535650623885917,6.875,21.0,0.3909982119862536,14.5,0.0,120.5,109.375,37.125,53.0,19.25,49.5,10.75,38.75,25.125,14.75,1.8551673300899307,12.375,34.125,36.325,26.5,51.625,51.717079911624175,19.25,25.25,77.1875,0.0,5.125,0.34699731866430783,5.0,21.625,0.23573693064182194,14.75,0.0,126.5
129,115,2023-12-15,1,1,2023-24,San Antonio Spurs,Los Angeles Lakers,110.0,39.75,55.0,15.25,44.625,10.75,33.875,28.75,16.875,1.7647772570566687,13.25,40.0,33.2875,27.5,51.5,53.781351898240544,15.25,19.125,79.2125,0.0,7.125,0.43727106227106227,5.625,18.75,0.30163849630761397,16.875,0.0,124.625,116.25,34.875,62.5,18.875,45.0,9.625,35.375,27.375,13.875,2.008924194677871,11.625,31.375,36.6875,31.25,57.5,54.92864783987886,18.875,24.875,73.875,0.0,7.75,0.5933385854341737,4.625,17.25,0.29657292741658065,13.875,0.0,135.125
122,139,2023-12-15,1,1,2023-24,Phoenix Suns,New York Knicks,111.0,32.625,55.75,22.625,44.375,10.875,33.5,25.5,14.0,1.931919306184012,10.875,30.125,35.9125,27.875,54.625,51.27475754452725,22.625,27.25,82.78750000000001,0.0,6.25,0.4462712532565474,6.375,20.0,0.320034410893544,14.0,0.0,128.875,119.875,40.125,59.75,20.0,43.0,12.875,30.125,25.75,13.0,2.0452092943820883,13.375,34.0,39.6125,29.875,54.375,54.87021077122808,20.0,26.375,76.325,0.0,7.25,0.6015672440304793,4.0,17.875,0.2418869700990444,13.0,0.0,135.375
128,111,2023-12-15,1,1,2023-24,Boston Celtics,Orlando Magic,117.375,44.625,53.75,19.0,45.75,11.125,34.625,24.75,14.75,1.7756410256410258,14.875,40.75,36.2375,26.875,46.125,58.126965536533056,19.0,23.0,81.4375,0.0,8.0,0.5812767094017093,6.875,17.375,0.4108805668016194,14.75,0.0,138.875,118.875,29.25,68.25,21.375,42.625,9.0,33.625,27.375,14.125,1.9942289435710487,9.75,27.125,35.3875,34.125,59.125,57.64452856794908,21.375,27.5,77.875,0.0,6.375,0.47367756512493353,5.375,23.625,0.2347020833433877,14.125,0.0,138.0
137,123,2023-12-15,1,1,2023-24,Washington Wizards,Indiana Pacers,115.625,34.5,62.5,18.625,38.25,7.375,30.875,27.75,15.5,1.950297619047619,11.5,33.375,34.4375,31.25,54.5,57.610235488381775,18.625,23.75,82.0125,0.0,7.375,0.5490800865800866,5.125,20.125,0.26406949081397946,15.5,0.0,128.375,128.625,37.875,71.5,19.25,41.0,10.875,30.125,29.5,12.625,2.7041666666666666,12.625,35.75,35.3875,35.75,59.375,60.44802276176788,19.25,24.625,78.6375,0.0,8.0,0.7305555555555555,6.25,23.5,0.2763368855606759,12.625,0.0,148.625
117,118,2023-12-16,1,1,2023-24,Denver Nuggets,Oklahoma City Thunder,118.125,36.375,65.5,16.25,44.375,11.5,32.875,31.125,10.125,3.6616003787878793,12.125,31.75,37.6875,32.75,60.75,54.02834436515374,16.25,22.0,74.14999999999999,0.0,7.25,0.7642518939393939,5.125,18.875,0.2851216583124478,10.125,0.0,142.5,122.625,38.625,63.25,20.75,40.5,10.5,30.0,25.25,10.25,2.8875333000333,12.875,36.375,34.4375,31.625,59.25,53.29390437149058,20.75,24.625,84.45,0.0,9.5,0.9484779109779109,6.125,22.875,0.2786868110221691,10.25,0.0,138.75
124,120,2023-12-16,1,1,2023-24,Golden State Warriors,Brooklyn Nets,118.5,48.375,49.0,21.125,48.25,12.5,35.75,27.25,17.75,1.7138056184012067,16.125,42.25,38.012499999999996,24.5,46.0,53.361683579384135,21.125,26.375,80.36250000000001,0.0,5.625,0.3515575427783845,3.0,23.0,0.14075578731775676,17.75,0.0,132.0,118.125,37.125,63.5,17.5,49.75,14.625,35.125,25.625,11.75,2.2955149017649017,12.375,33.5,37.1125,31.75,60.875,52.196226849047555,17.5,22.375,77.9375,0.0,6.25,0.5891852938727938,6.0,17.375,0.35576956508441226,11.75,0.0,138.875
146,114,2023-12-16,1,1,2023-24,Milwaukee Bucks,Detroit Pistons,127.75,42.75,63.75,21.25,44.75,10.625,34.125,27.25,14.25,2.0538472964943555,14.25,36.625,38.675000000000004,31.875,54.125,58.6713831284101,21.25,27.375,76.83749999999999,0.0,7.625,0.5233141552075375,6.75,20.75,0.33200885045093553,14.25,0.0,149.125,104.875,29.625,59.25,16.0,39.625,7.875,31.75,23.75,16.125,1.5581626400560225,9.875,31.125,30.8125,29.625,54.25,55.06484485873477,16.0,21.25,77.26249999999999,0.0,6.625,0.44087885154061623,3.875,21.875,0.18449353592854542,16.125,0.0,111.5
125,104,2023-12-16,1,1,2023-24,Sacramento Kings,Utah Jazz,119.125,46.875,53.75,18.5,44.5,11.0,33.5,28.875,13.25,2.224991919844861,15.625,40.75,38.1875,26.875,50.25,53.74069517395491,18.5,24.625,75.4375,0.0,6.125,0.48121804665922313,3.0,20.25,0.15433539175673044,13.25,0.0,133.75,107.25,35.25,57.0,15.0,46.0,12.125,33.875,26.25,17.0,1.6077320780784403,11.75,35.5,32.8,28.5,55.0,51.374181246069114,15.0,18.5,81.025,0.0,7.25,0.4511024455635524,7.25,19.125,0.407947053090242,17.0,0.0,123.25
82,135,2023-12-16,1,1,2023-24,Charlotte Hornets,Philadelphia 76ers,110.125,40.125,56.25,13.75,36.5,9.125,27.375,26.375,13.375,2.236638973771327,13.375,32.125,42.05,28.125,54.5,52.05424494637998,13.75,16.0,85.125,0.0,7.125,0.5657129329004329,4.625,19.375,0.24239944083694084,13.375,0.0,124.0,128.25,43.5,60.75,24.0,45.625,12.25,33.375,27.375,12.875,2.3817640692640696,14.5,35.625,39.875,30.375,55.25,55.26652182018254,24.0,28.5,84.3125,0.0,10.625,0.8870400432900433,5.25,20.625,0.25994314810651126,12.875,0.0,153.75
120,131,2023-12-16,1,1,2023-24,Portland Trail Blazers,Dallas Mavericks,111.375,44.25,50.0,17.125,41.375,12.625,28.75,23.0,14.75,1.6812829380764163,14.75,38.625,39.375,25.0,54.0,46.72501160365229,17.125,20.875,82.4625,0.0,9.125,0.6493288866930171,3.625,21.375,0.1868865815556992,14.75,0.0,117.125,119.375,45.75,55.5,18.125,41.125,10.375,30.75,27.125,12.625,2.4381871498599437,15.25,41.0,36.4375,27.75,48.75,56.89461131406675,18.125,23.0,79.6875,0.0,7.375,0.6538384103641456,5.875,18.625,0.32742133589926026,12.625,0.0,136.625
144,122,2023-12-16,1,1,2023-24,LA Clippers,New York Knicks,119.75,38.625,62.5,18.625,41.875,9.625,32.25,26.25,11.125,2.6917494270435447,12.875,31.875,40.75,31.25,56.5,55.61298723063429,18.625,22.375,83.44999999999999,0.0,6.625,0.6570802563449621,6.25,18.875,0.3429796918767507,11.125,0.0,141.625,123.125,42.0,61.0,20.125,43.0,12.375,30.625,27.0,13.5,2.041962541135335,14.0,34.0,41.762499999999996,30.5,53.875,56.496327950969885,20.125,25.875,78.05,0.0,7.5,0.5788399713032066,4.0,18.0,0.24024223325693914,13.5,0.0,142.0
118,116,2023-12-16,1,1,2023-24,Miami Heat,Chicago Bulls,119.125,40.5,57.25,21.375,40.5,9.0,31.5,28.25,12.75,2.725474857268335,13.5,31.875,42.7875,28.625,54.0,52.561281096886916,21.375,26.5,80.0875,0.0,4.875,0.410092775581906,2.875,20.875,0.14805234017190538,12.75,0.0,134.0,116.5,39.75,59.75,17.0,47.125,15.0,32.125,27.75,11.375,3.0433321886446887,13.25,33.5,39.949999999999996,29.875,61.625,49.470169669899526,17.0,23.25,72.72500000000001,0.0,7.875,0.8164720695970696,5.25,19.875,0.2832618598136333,11.375,0.0,134.875
127,119,2023-12-16,1,1,2023-24,Cleveland Cavaliers,Atlanta Hawks,109.875,36.375,58.75,14.75,43.875,11.125,32.75,23.75,15.0,1.6198588321508214,12.125,36.0,33.412499999999994,29.375,52.0,56.17290078934114,14.75,19.0,78.98750000000001,0.0,9.0,0.6262011256931923,3.375,19.5,0.17360282277162073,15.0,0.0,124.125,120.625,44.25,59.5,16.875,44.625,14.125,30.5,25.5,11.25,2.406456043956044,14.75,39.375,37.5625,29.75,59.75,49.80825120711383,16.875,19.5,86.3,0.0,8.0,0.786063936063936,3.875,19.875,0.2064061535178526,11.25,0.0,134.125
127,109,2023-12-16,1,1,2023-24,Minnesota Timberwolves,Indiana Pacers,113.0,40.125,53.75,19.125,47.125,10.625,36.5,26.125,14.625,1.8641769382578206,13.375,34.75,38.737500000000004,26.875,51.0,52.63856434644429,19.125,23.625,80.3625,0.0,6.0,0.4350425003917651,6.125,19.375,0.34499710815500284,14.625,0.0,133.75,127.0,37.5,71.5,18.0,41.125,10.625,30.5,30.875,13.375,2.6625,12.5,36.0,34.8125,35.75,59.75,60.15942667967833,18.0,23.625,76.55,0.0,8.0,0.6916666666666667,6.25,24.0,0.2687178379416283,13.375,0.0,146.75
110,146,2023-12-17,1,1,2023-24,San Antonio Spurs,New Orleans Pelicans,112.125,42.0,54.0,16.125,44.5,10.0,34.5,29.625,15.5,2.0758883681677798,14.0,39.375,35.4625,27.0,51.5,52.837955671825455,16.125,20.0,79.98750000000001,0.0,6.5,0.4442155067155067,5.875,18.875,0.3136998998163859,15.5,0.0,129.375,119.25,31.5,62.5,25.25,43.375,11.5,31.875,26.375,13.875,1.9672619047619047,10.5,29.5,35.35,31.25,56.125,56.129734943944,25.25,30.375,82.8125,0.0,8.75,0.6642857142857144,4.75,18.875,0.25218837535014005,13.875,0.0,139.625
114,118,2023-12-17,1,1,2023-24,Portland Trail Blazers,Golden State Warriors,113.625,42.0,54.0,17.625,41.875,12.5,29.375,22.5,13.625,1.7432147562582345,14.0,38.625,37.0375,27.0,54.375,49.704781969972686,17.625,21.125,83.8875,0.0,8.25,0.646487977602108,3.375,20.75,0.17956057422969188,13.625,0.0,120.5,119.25,47.625,50.5,21.125,48.375,13.25,35.125,26.5,16.5,1.7904425231631114,15.875,41.0,39.0,25.25,48.5,52.35125333166575,21.125,25.875,82.3375,0.0,5.625,0.3775992094450512,3.375,22.25,0.17051769207966153,16.5,0.0,133.5
128,119,2023-12-17,1,1,2023-24,Milwaukee Bucks,Houston Rockets,132.5,44.625,66.25,21.625,44.375,9.375,35.0,27.875,14.0,2.114141414141414,14.875,36.625,40.1625,33.125,54.0,61.51018978890964,21.625,27.375,78.01249999999999,0.0,6.625,0.4693925865800866,6.375,21.25,0.3049255171176022,14.0,0.0,155.375,109.125,36.75,51.25,21.125,49.75,11.875,37.875,24.25,14.375,1.8364984989210995,12.25,34.125,35.8875,25.625,52.375,49.562458869091394,21.125,27.375,77.28750000000001,0.0,5.25,0.38027653944352857,5.125,21.375,0.2479549757546039,14.375,0.0,124.25
114,97,2023-12-17,1,1,2023-24,Boston Celtics,Orlando Magic,121.375,48.75,55.25,17.375,46.125,11.75,34.375,26.5,14.25,1.9862470862470862,16.25,42.375,38.587500000000006,27.625,46.5,59.2439868131288,17.375,20.875,81.0625,0.0,8.5,0.6570342851592852,7.25,17.875,0.42287551629656894,14.25,0.0,147.0,118.625,30.375,67.25,21.0,42.25,9.0,33.25,27.625,14.5,1.9833162451583506,10.125,28.0,35.475,33.625,58.5,57.35775393906919,21.0,27.0,77.8125,0.0,6.375,0.4687172476646161,5.25,22.875,0.23267286256416692,14.5,0.0,136.875
112,108,2023-12-17,1,1,2023-24,Phoenix Suns,Washington Wizards,111.75,30.75,58.25,22.75,42.625,9.875,32.75,25.875,13.875,1.9848039215686275,10.25,28.875,35.5625,29.125,55.75,52.400746588958164,22.75,27.25,83.3875,0.0,6.25,0.4494763814616756,5.375,19.0,0.28709323442295576,13.875,0.0,128.25,119.25,35.625,64.0,19.625,39.0,7.375,31.625,28.125,15.375,1.980889724310777,11.875,32.0,37.1625,32.0,56.375,56.860235488381775,19.625,25.5,79.125,0.0,7.625,0.5638827181590339,5.375,20.25,0.27550739931071144,15.375,0.0,133.625
114,99,2023-12-18,1,1,2023-24,Toronto Raptors,Charlotte Hornets,113.625,34.125,63.75,15.75,43.5,12.5,31.0,30.75,12.0,2.6654761904761903,11.375,33.5,33.7,31.875,58.125,55.251072290918316,15.75,21.75,73.0,0.0,7.25,0.6925595238095238,4.875,19.875,0.25517391964760383,12.0,0.0,133.625,109.0,37.875,56.75,14.375,35.875,8.5,27.375,25.625,12.875,2.2264579782962137,12.625,32.625,39.3125,28.375,54.25,52.68540258184797,14.375,16.5,88.2125,0.0,6.5,0.535735557334822,4.875,19.375,0.26025658369408367,12.875,0.0,121.0
130,124,2023-12-18,1,1,2023-24,Atlanta Hawks,Detroit Pistons,122.375,45.0,60.5,16.875,43.375,13.125,30.25,25.5,11.25,2.406456043956044,15.0,38.375,39.0875,30.25,58.75,51.61634286482955,16.875,19.625,85.8375,0.0,7.5,0.7406093906093906,4.0,20.5,0.2067781773273764,11.25,0.0,136.875,105.75,26.25,62.25,17.25,39.25,7.875,31.375,23.375,15.375,1.6987876400560225,8.75,30.125,28.275,31.125,55.125,56.743364627297936,17.25,22.75,77.125,0.0,6.875,0.5257002801120448,4.0,20.875,0.19413589216977967,15.375,0.0,113.0
143,131,2023-12-18,1,1,2023-24,Sacramento Kings,Washington Wizards,119.25,49.5,53.25,16.5,44.375,10.5,33.875,30.25,14.25,2.162491919844861,16.5,40.875,40.0375,26.625,49.375,54.325801556933634,16.5,21.25,76.5625,0.0,5.875,0.4228847133258898,2.375,19.5,0.13099779584880203,14.25,0.0,136.0,117.0,37.125,61.5,18.375,38.75,7.875,30.875,27.5,14.625,2.054327224310777,12.375,34.125,36.65,30.75,55.0,55.94611984212328,18.375,24.5,77.51249999999999,0.0,7.625,0.6013827181590339,5.375,21.0,0.26603371510018514,14.625,0.0,129.5
109,114,2023-12-18,1,1,2023-24,Los Angeles Lakers,New York Knicks,118.875,36.375,62.5,20.0,46.375,10.0,36.375,28.5,12.5,2.5064732142857142,12.125,32.375,37.3875,31.25,57.25,55.203090378472346,20.0,26.75,73.2625,0.0,8.0,0.6754464285714286,4.75,16.875,0.3104618163054696,12.5,0.0,141.0,124.0,40.5,62.75,20.75,41.125,12.0,29.125,26.875,12.75,2.127900041135335,13.5,33.625,40.74999999999999,31.375,55.0,56.9878533746987,20.75,26.625,77.8625,0.0,7.125,0.5882149713032067,3.625,19.25,0.1900528393175452,12.75,0.0,140.375
125,108,2023-12-18,1,1,2023-24,Utah Jazz,Brooklyn Nets,108.875,33.75,59.0,16.125,45.75,11.75,34.0,26.5,16.375,1.696407291753654,11.25,35.25,31.725,29.5,54.75,53.59506960141126,16.125,19.625,83.26249999999999,0.0,7.25,0.47246996693107374,6.625,18.875,0.36776848166167053,16.375,0.0,125.875,118.75,38.625,63.75,16.375,47.625,14.75,32.875,26.25,11.875,2.321035735098235,12.875,34.125,37.775,31.875,60.75,52.57857979022402,16.375,21.0,78.2,0.0,6.125,0.5777269605394606,6.0,17.875,0.34456508329169516,11.875,0.0,138.125
116,97,2023-12-18,1,1,2023-24,Oklahoma City Thunder,Memphis Grizzlies,122.0,35.25,65.5,21.25,40.75,10.0,30.75,24.375,11.125,2.2312833000333,11.75,33.625,33.95,32.75,60.25,54.30039787798408,21.25,25.125,84.7625,0.0,9.625,0.9001824564324564,6.875,21.875,0.3240084484490697,11.125,0.0,139.25,106.75,36.75,56.25,13.75,42.75,9.75,33.0,23.375,15.0,1.6478514132925897,12.25,35.875,34.325,28.125,52.0,54.05314864873689,13.75,17.625,78.25,0.0,7.875,0.5456285544520838,7.375,21.75,0.4048871008751425,15.0,0.0,121.75
127,151,2023-12-18,1,1,2023-24,Indiana Pacers,LA Clippers,126.875,36.75,72.75,17.375,40.875,11.0,29.875,30.75,12.75,2.7083333333333335,12.25,34.5,35.3625,36.375,61.5,59.49737134370995,17.375,22.625,77.3375,0.0,8.0,0.7125,6.25,22.875,0.2874678379416283,12.75,0.0,147.375,121.375,39.375,62.0,20.0,42.5,9.625,32.875,27.25,11.375,2.6917494270435447,13.125,32.5,40.5625,31.0,55.25,56.41718303483009,20.0,23.875,84.0875,0.0,6.625,0.6253342245989305,6.375,19.0,0.34744397759103646,11.375,0.0,145.25
135,130,2023-12-18,1,1,2023-24,Cleveland Cavaliers,Houston Rockets,109.75,37.5,57.75,14.5,43.125,11.875,31.25,24.375,14.25,1.784965784022479,12.5,36.75,33.6625,28.875,52.25,55.05039112535066,14.5,18.75,78.8,0.0,9.0,0.6582866871905184,2.25,19.75,0.11564827731707526,14.25,0.0,122.375,109.625,37.875,51.25,20.5,48.625,11.375,37.25,23.375,14.125,1.8177484989210997,12.625,33.875,37.525,25.625,52.625,49.300759361702234,20.5,26.375,78.08749999999999,0.0,6.0,0.4594432061101953,4.875,20.625,0.24398672178634992,14.125,0.0,124.25
130,104,2023-12-18,1,1,2023-24,Denver Nuggets,Dallas Mavericks,116.0,33.75,65.75,16.5,45.0,11.875,33.125,30.25,10.75,2.9220170454545458,11.25,30.375,36.85,32.875,61.875,53.20473150260645,16.5,21.75,75.94999999999999,0.0,7.375,0.7086963383838384,4.875,19.375,0.2712327694235589,10.75,0.0,139.375,120.625,47.25,56.0,17.375,42.25,10.625,31.625,27.375,13.375,2.251373963046757,15.75,42.625,36.275,28.0,48.125,58.07642949588494,17.375,22.0,80.225,0.0,7.625,0.6318603883861236,5.625,17.625,0.3221272182522014,13.375,0.0,138.5
104,108,2023-12-18,1,1,2023-24,Philadelphia 76ers,Chicago Bulls,127.875,40.5,64.25,23.125,45.25,11.0,34.25,27.0,13.25,2.167478354978355,13.5,33.75,39.550000000000004,32.125,56.5,57.170217228917146,23.125,27.375,84.7625,0.0,10.5,0.8156114718614719,5.75,20.625,0.2893549128123936,13.25,0.0,154.25,118.875,42.375,57.5,19.0,47.5,15.25,32.25,27.75,12.25,2.861040521978022,14.125,34.75,41.2,28.75,58.75,50.15255180389455,19.0,24.625,76.9875,0.0,7.5,0.7112637362637363,4.875,20.625,0.24226995697962517,12.25,0.0,138.0
108,112,2023-12-18,1,1,2023-24,Miami Heat,Minnesota Timberwolves,118.375,40.125,56.25,22.0,40.0,9.0,31.0,27.5,13.25,2.383808190601669,13.375,32.5,41.5875,28.125,52.0,53.733156096886916,22.0,27.0,81.25,0.0,5.375,0.43509277558190596,2.5,20.5,0.1328011439996566,13.25,0.0,132.5,114.0,41.25,54.25,18.5,46.375,10.875,35.5,26.5,14.5,1.9048019382578207,13.75,34.25,40.725,27.125,52.125,51.88818440723457,18.5,22.75,80.7375,0.0,6.625,0.47931333372509843,6.0,18.125,0.35220864661654133,14.5,0.0,135.25
132,126,2023-12-19,1,1,2023-24,Golden State Warriors,Boston Celtics,118.625,46.125,53.0,19.5,47.25,13.5,33.75,27.25,15.75,1.9109782374488258,15.375,40.625,38.0875,26.5,49.375,53.92438258336644,19.5,24.5,80.05,0.0,6.125,0.42938492373076553,3.125,20.875,0.17132414369256474,15.75,0.0,133.5,121.5,50.25,55.0,16.25,45.75,10.75,35.0,25.75,14.375,1.9161921411921414,16.75,41.0,41.025,27.5,47.875,57.62410686962597,16.25,19.375,82.0,0.0,7.875,0.6062101093351093,8.125,17.875,0.4689281478755163,14.375,0.0,146.875
109,104,2023-12-19,1,1,2023-24,Portland Trail Blazers,Phoenix Suns,113.625,43.5,53.0,17.125,41.75,12.5,29.25,22.875,13.375,1.7923218991153773,14.5,40.75,35.425000000000004,26.5,52.25,50.671199880420446,17.125,20.125,85.225,0.0,8.75,0.6888986918878223,3.375,20.625,0.1807510504201681,13.375,0.0,122.0,112.625,30.75,59.0,22.875,43.5,10.0,33.5,26.375,14.75,1.8855392156862745,10.25,29.5,35.025000000000006,29.5,54.625,53.90560700770194,22.875,28.125,81.01249999999999,0.0,6.875,0.4707999108734403,5.5,19.125,0.2923015677562891,14.75,0.0,130.5
132,119,2023-12-19,1,1,2023-24,Milwaukee Bucks,San Antonio Spurs,132.125,44.625,65.75,21.75,44.5,10.375,34.125,27.75,15.0,1.9368538324420677,14.875,36.75,40.0375,32.875,54.125,60.89872927178875,21.75,28.0,76.6625,0.0,6.75,0.45713768461930226,6.0,21.5,0.286550775916774,15.0,0.0,152.75,110.875,42.375,53.25,15.25,45.0,9.875,35.125,29.0,15.25,2.0714011886806003,14.125,40.0,35.199999999999996,26.625,51.0,52.59757105644084,15.25,19.375,78.3375,0.0,6.0,0.4185744810744811,5.875,18.0,0.3296089907254768,15.25,0.0,127.125
113,115,2023-12-19,1,1,2023-24,New Orleans Pelicans,Memphis Grizzlies,122.0,36.0,62.75,23.25,44.75,11.25,33.5,27.0,13.125,2.0875,12.0,31.0,37.737500000000004,31.375,57.125,55.16247303918209,23.25,28.875,79.7375,0.0,8.75,0.6904761904761905,4.625,18.5,0.2491979447281305,13.125,0.0,143.625,105.75,39.0,51.5,15.25,42.0,9.125,32.875,23.25,15.625,1.598720397249809,13.0,37.75,34.5625,25.75,49.875,50.67613251970463,15.25,19.25,79.58749999999999,0.0,7.5,0.5135429929547577,6.5,22.25,0.34129060964707236,15.625,0.0,116.5
102,121,2023-12-20,1,1,2023-24,Brooklyn Nets,New York Knicks,116.25,39.375,60.0,16.875,45.625,13.375,32.25,26.75,12.5,2.252583354145854,13.125,34.5,38.037499999999994,30.0,58.5,51.331776721170314,16.875,21.625,78.6125,0.0,5.875,0.5301079129204129,6.625,18.625,0.3652870084253851,12.5,0.0,134.0,123.5,38.25,64.5,20.75,42.5,11.875,30.625,26.375,13.375,2.0078716320444263,12.75,32.25,40.037499999999994,32.25,56.375,57.23546892862387,20.75,26.0,79.8125,0.0,6.75,0.5363683803941157,4.0,19.125,0.21486901578813344,13.375,0.0,140.875
127,113,2023-12-20,1,1,2023-24,Philadelphia 76ers,Minnesota Timberwolves,126.625,39.375,64.0,23.25,47.0,11.125,35.875,26.375,12.125,2.2403950216450217,13.125,33.5,38.7,32.0,57.625,55.75019443256456,23.25,27.5,84.8375,0.0,10.5,0.8513257575757577,5.875,19.5,0.3145245960703122,12.125,0.0,154.0,114.75,40.125,57.25,17.375,45.625,11.125,34.5,27.625,13.75,2.0333733668292493,13.375,33.75,40.1625,28.625,53.5,53.530049486599644,17.375,21.125,81.7625,0.0,7.5,0.5498490480108127,6.0,18.375,0.34524270234409554,13.75,0.0,138.75
106,115,2023-12-20,1,1,2023-24,Orlando Magic,Miami Heat,114.5,30.75,63.75,20.0,42.125,9.375,32.75,25.75,13.75,1.9583162451583505,10.25,29.125,34.675,31.875,57.625,55.07394890762264,20.0,25.875,77.3375,0.0,6.0,0.4826061365535049,5.375,21.625,0.24949978564109,13.75,0.0,129.5,114.125,41.25,53.75,19.125,39.0,8.875,30.125,27.75,13.375,2.3855939048873833,13.75,33.625,41.412499999999994,26.875,51.0,52.61979577300028,19.125,23.625,81.1125,0.0,6.125,0.4827118232009536,2.875,19.25,0.15611463606314863,13.375,0.0,128.0
124,108,2023-12-20,1,1,2023-24,Chicago Bulls,Los Angeles Lakers,117.375,42.0,57.0,18.375,46.75,14.875,31.875,26.75,10.875,2.9705643315018317,14.0,33.75,41.9875,28.5,58.625,49.84517475471423,18.375,23.75,77.32499999999999,0.0,6.625,0.7154304029304029,5.5,20.25,0.2894921792018474,10.875,0.0,136.875,115.875,36.75,61.5,17.625,45.375,10.125,35.25,28.625,12.25,2.5773065476190475,12.25,33.25,36.9375,30.75,57.75,53.81420148958345,17.625,23.625,74.6,0.0,8.25,0.715029761904762,3.875,17.5,0.22835397316821465,12.25,0.0,135.75
127,134,2023-12-20,1,1,2023-24,Houston Rockets,Atlanta Hawks,110.375,36.375,52.25,21.75,50.125,12.25,37.875,24.25,14.75,1.746319927492528,12.125,32.875,37.2,26.125,55.625,47.03022796073605,21.75,27.375,79.98750000000001,0.0,6.75,0.49813368230067145,4.875,22.125,0.23226797178634995,14.75,0.0,125.75,121.5,45.75,59.25,16.5,43.75,13.5,30.25,25.625,12.25,2.2800671550671554,15.25,38.75,39.3375,29.625,57.0,52.3249596448749,16.5,19.375,85.25,0.0,6.5,0.6072760572760573,5.0,20.375,0.24886151066070972,12.25,0.0,136.375
104,113,2023-12-20,1,1,2023-24,Toronto Raptors,Denver Nuggets,115.0,32.25,66.25,16.5,44.125,12.5,31.625,31.125,13.5,2.380701754385965,10.75,32.625,32.6375,33.125,57.125,58.145809133023576,16.5,22.125,75.32499999999999,0.0,6.375,0.5224467418546366,5.0,19.25,0.26856677679046104,13.5,0.0,136.625,117.375,34.5,65.0,17.875,46.75,12.5,34.25,29.125,10.75,2.7970170454545458,11.5,29.625,38.8875,32.5,62.5,51.89471979300458,17.875,23.0,78.8875,0.0,7.25,0.6948074494949495,4.875,19.125,0.2737390350877193,10.75,0.0,141.375
119,144,2023-12-20,1,1,2023-24,Sacramento Kings,Boston Celtics,122.5,51.0,55.5,16.0,43.75,10.0,33.75,31.875,13.375,2.5910633484162897,17.0,41.125,41.0125,27.75,50.875,54.720538399038894,16.0,21.0,75.4625,0.0,6.75,0.5568132847544611,2.875,20.0,0.1507894625154687,13.375,0.0,142.125,121.75,48.75,56.0,17.0,46.125,11.625,34.5,24.75,13.375,2.072442141192141,16.25,42.125,39.325,28.0,49.75,56.39370617276186,17.0,20.0,83.65,0.0,7.875,0.6530851093351093,7.625,17.25,0.45450507095243936,13.375,0.0,144.125
124,116,2023-12-20,1,1,2023-24,Cleveland Cavaliers,Utah Jazz,114.75,42.0,57.0,15.75,43.5,11.875,31.625,24.875,13.375,1.9225754331452862,14.0,38.75,35.875,28.5,51.25,55.39500265417271,15.75,21.5,74.3875,0.0,8.375,0.6522559854361325,3.0,21.0,0.1389816106504086,13.375,0.0,127.875,113.25,34.875,61.25,17.125,45.75,11.625,34.125,27.5,15.5,1.8333120536584158,11.625,35.25,32.824999999999996,30.625,55.25,55.20463597016333,17.125,20.875,82.58749999999999,0.0,7.25,0.49032710978821664,7.125,19.0,0.39145269218798634,15.5,0.0,133.375
111,120,2023-12-20,1,1,2023-24,Dallas Mavericks,LA Clippers,121.875,47.625,57.5,16.75,42.375,10.875,31.5,26.375,13.25,2.1860330539558483,15.875,42.5,36.699999999999996,28.75,48.25,59.36923173208339,16.75,21.75,77.81250000000001,0.0,6.75,0.5608376611133964,5.0,18.5,0.27405029517527835,13.25,0.0,138.0,126.0,42.0,63.75,20.25,42.875,9.5,33.375,27.25,12.0,2.4455373058314236,14.0,33.25,42.125,31.875,54.875,58.173135415782475,20.25,23.75,85.5875,0.0,6.5,0.5666221033868093,7.375,18.75,0.4007021229544449,12.0,0.0,152.25
144,113,2023-12-20,1,1,2023-24,Indiana Pacers,Charlotte Hornets,126.25,37.125,72.25,16.875,40.875,11.125,29.75,31.75,12.875,2.765151515151515,12.375,33.25,36.7125,36.125,62.375,58.09341239942842,16.875,21.25,79.26249999999999,0.0,7.375,0.6431818181818181,6.5,21.625,0.3089732142857143,12.875,0.0,148.375,105.25,33.0,58.25,14.0,35.25,8.125,27.125,24.125,13.375,1.9828682347064701,11.0,32.125,35.15,29.125,54.5,53.80183001406486,14.0,16.125,88.2125,0.0,6.75,0.5293253009245656,4.75,19.75,0.24504276790461,13.375,0.0,114.125
111,119,2023-12-21,1,1,2023-24,Detroit Pistons,Utah Jazz,107.25,24.0,65.0,18.25,38.5,8.375,30.125,23.5,14.5,1.7824414862098688,8.0,28.5,28.025,32.5,58.375,55.90550230845736,18.25,24.0,77.83749999999999,0.0,7.25,0.5680079724197371,4.0,21.0,0.19355896909285655,14.5,0.0,113.875,113.0,37.125,58.25,17.625,43.5,10.375,33.125,27.125,15.25,1.8333120536584158,12.375,34.75,35.6625,29.125,53.75,54.110885970163324,17.625,21.375,82.95,0.0,7.25,0.4946673875659944,6.5,19.125,0.36006741080270493,15.25,0.0,131.375
117,118,2023-12-21,1,1,2023-24,Portland Trail Blazers,Washington Wizards,114.375,43.5,53.0,17.875,42.0,12.625,29.375,22.125,12.625,1.8038308505220269,14.5,39.875,36.675000000000004,26.5,54.375,48.52733385943578,17.875,21.125,83.9125,0.0,8.5,0.6933743952126306,3.375,20.75,0.1791170634920635,12.625,0.0,121.25,118.375,39.75,60.5,18.125,40.0,7.625,32.375,27.25,14.875,1.9751605576441102,13.25,35.25,37.8375,30.25,53.625,56.39549621776524,18.125,23.875,78.28750000000001,0.0,6.25,0.45763271815903395,5.75,21.125,0.28299800081447085,14.875,0.0,131.625
114,95,2023-12-21,1,1,2023-24,Chicago Bulls,San Antonio Spurs,117.375,42.375,56.75,18.25,47.625,14.25,33.375,25.875,11.25,2.8581845238095243,14.125,33.0,43.2875,28.375,59.375,48.71670253249201,18.25,23.25,79.525,0.0,6.75,0.7124255952380952,5.25,19.5,0.29187313158279976,11.25,0.0,136.75,108.875,39.0,55.0,14.875,45.625,9.5,36.125,28.125,14.625,2.079957736299648,13.0,38.625,33.4625,27.5,53.25,51.79264681401659,14.875,19.125,77.63749999999999,0.0,6.0,0.42601495726495725,5.5,17.375,0.3192480281586319,14.625,0.0,123.875
116,103,2023-12-21,1,1,2023-24,Memphis Grizzlies,Indiana Pacers,106.625,38.625,51.0,17.0,40.75,9.125,31.625,22.25,16.0,1.5056648416942535,12.875,37.375,34.55,25.5,49.25,50.90810030681947,17.0,21.5,79.275,0.0,7.125,0.48159854851031325,5.875,21.75,0.32212584992167187,16.0,0.0,113.875,126.25,37.875,70.0,18.375,41.625,11.75,29.875,32.0,13.25,2.683420745920746,12.625,34.125,36.2375,35.0,60.875,58.110669647472605,18.375,22.5,80.925,0.0,7.625,0.6508741258741259,6.5,21.125,0.31730654761904764,13.25,0.0,149.25
118,114,2023-12-21,1,1,2023-24,Milwaukee Bucks,Orlando Magic,134.5,45.375,66.75,22.375,45.0,10.625,34.375,28.5,13.25,2.377330022918258,15.125,36.875,40.4625,33.375,55.0,60.91627313143787,22.375,28.625,77.73750000000001,0.0,6.625,0.5821376846193023,6.125,20.75,0.3091698235358217,13.25,0.0,157.875,110.375,27.75,63.25,19.375,42.75,10.125,32.625,25.125,12.875,2.036715367965368,9.25,30.25,29.925,31.625,57.125,55.16497836806621,19.375,25.25,76.7875,0.0,6.375,0.533044733044733,5.25,21.875,0.24145054321684756,12.875,0.0,124.625
118,111,2023-12-21,1,1,2023-24,Minnesota Timberwolves,Los Angeles Lakers,116.25,38.625,59.0,18.625,45.25,11.0,34.25,26.75,14.625,1.876026875601179,12.875,32.5,40.025,29.5,53.875,54.74837307334428,18.625,22.5,82.5625,0.0,6.375,0.44074817081783024,5.375,19.125,0.3019188387077319,14.625,0.0,137.5,115.625,37.125,62.75,15.75,45.25,10.25,35.0,29.0,12.25,2.604092261904762,12.375,33.75,36.824999999999996,31.375,58.875,53.882732191337844,15.75,21.5,74.05,0.0,8.375,0.7239583333333334,4.5,16.375,0.2953994277136692,12.25,0.0,135.875
134,115,2023-12-21,1,1,2023-24,Oklahoma City Thunder,LA Clippers,123.625,35.25,66.75,21.625,42.875,10.125,32.75,25.5,11.375,2.279199966699967,11.75,34.375,33.1875,33.375,59.75,55.80337406846027,21.625,25.125,86.3875,0.0,10.0,0.9147657897657897,7.625,21.25,0.3717137624587315,11.375,0.0,145.75,126.875,41.25,64.0,21.625,43.375,9.75,33.625,26.75,12.375,2.334336007130125,13.75,32.25,42.4,32.0,54.25,59.27074837400924,21.625,25.125,86.375,0.0,6.625,0.563375350140056,7.125,18.875,0.38771510996743197,12.375,0.0,154.125
104,123,2023-12-21,1,1,2023-24,Cleveland Cavaliers,New Orleans Pelicans,116.5,46.875,54.0,15.625,43.625,12.625,31.0,26.0,13.5,1.9926511907210438,15.625,41.375,37.35,27.0,49.5,54.302723934775344,15.625,21.25,74.64999999999999,0.0,8.0,0.6105893187694658,3.25,21.625,0.14834151403205112,13.5,0.0,130.0,121.0,36.375,62.0,22.625,44.375,11.375,33.0,26.625,13.0,2.078030303030303,12.125,30.25,39.2,31.0,57.875,53.796732298441356,22.625,28.25,79.5625,0.0,8.25,0.6525974025974026,4.25,19.5,0.21550229255421743,13.0,0.0,140.875
122,113,2023-12-22,1,1,2023-24,Miami Heat,Atlanta Hawks,112.375,42.375,51.0,19.0,40.375,9.375,31.0,27.5,13.25,2.388434813978292,14.125,34.125,41.875,25.5,49.75,51.375582810037315,19.0,23.625,80.5875,0.0,6.5,0.5196436413827717,3.0,18.625,0.16513870023427163,13.25,0.0,127.625,123.125,46.5,59.25,17.375,44.25,13.125,31.125,26.625,12.375,2.3416201853701852,15.5,39.0,39.7125,29.625,55.5,53.72551986896453,17.375,20.25,85.9875,0.0,5.625,0.5239427239427239,4.875,20.875,0.23398055827975736,12.375,0.0,139.875
122,96,2023-12-22,1,1,2023-24,Houston Rockets,Dallas Mavericks,114.125,38.25,53.0,22.875,48.0,11.875,36.125,24.375,13.75,1.9170715614794562,12.75,33.25,38.650000000000006,26.5,55.25,48.00593328988966,22.875,28.0,82.7625,0.0,6.625,0.5169245319738741,4.75,22.125,0.2268331891776543,13.75,0.0,129.75,120.75,45.75,58.75,16.25,41.0,10.625,30.375,26.0,12.25,2.342283053955848,15.25,41.375,36.2125,29.375,49.875,58.73679125589292,16.25,20.75,78.4,0.0,7.125,0.6467751611133965,3.875,18.25,0.22235856585197009,12.25,0.0,135.375
117,122,2023-12-22,1,1,2023-24,Brooklyn Nets,Denver Nuggets,112.875,39.75,57.5,15.625,44.625,13.75,30.875,26.0,12.5,2.184401535964036,13.25,36.125,36.875,28.75,58.125,49.406825454113786,15.625,19.875,78.89999999999999,0.0,6.125,0.5528351856476856,6.75,18.5,0.37391796080633743,12.5,0.0,127.375,116.875,36.75,63.5,16.625,46.75,13.375,33.375,28.375,10.5,2.8020675505050505,12.25,30.625,40.4375,31.75,61.375,51.74659089487568,16.625,21.375,76.125,0.0,7.25,0.7175347222222223,5.125,19.0,0.2977774966261808,10.5,0.0,141.125
120,105,2023-12-22,1,1,2023-24,Sacramento Kings,Phoenix Suns,122.0,52.875,53.0,16.125,42.5,10.375,32.125,31.375,12.875,2.7339204912734325,17.625,42.375,41.0875,26.5,48.625,54.41775607497998,16.125,22.0,72.82499999999999,0.0,6.375,0.548696401637578,3.25,20.125,0.1728132720392782,12.875,0.0,139.875,111.75,29.25,60.75,21.75,44.0,10.75,33.25,26.5,15.125,1.8480392156862746,9.75,29.0,33.575,30.375,56.375,53.84074414632313,21.75,27.5,78.4,0.0,7.625,0.5124665775401069,5.125,18.875,0.27612509716805383,15.125,0.0,128.875
121,111,2023-12-22,1,1,2023-24,Philadelphia 76ers,Toronto Raptors,127.625,36.375,66.5,24.75,46.25,10.125,36.125,26.875,11.625,2.3237283549783547,12.125,31.875,37.537499999999994,33.25,58.0,57.48953286886856,24.75,28.625,86.925,0.0,9.625,0.8200757575757576,5.625,19.625,0.3034829294036455,11.625,0.0,156.0,114.0,31.875,66.75,15.375,43.125,11.875,31.25,31.25,13.625,2.3636562998405104,10.625,32.625,32.175000000000004,33.375,56.75,58.83123481844927,15.375,21.125,73.2625,0.0,5.875,0.46903765094554567,5.0,18.0,0.2922410192147034,13.625,0.0,134.5
129,118,2023-12-22,1,1,2023-24,Golden State Warriors,Washington Wizards,120.125,48.0,54.0,18.125,48.75,14.5,34.25,27.125,15.875,1.8568115707821589,16.0,42.0,38.275,27.0,51.375,52.72217525187254,18.125,22.375,81.4875,0.0,6.25,0.43771825706409884,3.25,20.5,0.1852130325814536,15.875,0.0,135.0,117.5,39.375,60.0,18.125,39.625,7.5,32.125,27.375,14.625,2.0227796052631577,13.125,35.5,37.0375,30.0,52.75,56.78256361302936,18.125,24.0,78.0125,0.0,6.375,0.47995414673046255,5.875,19.625,0.30556392373536334,14.625,0.0,131.125
126,115,2023-12-23,1,1,2023-24,Brooklyn Nets,Detroit Pistons,113.25,40.5,57.0,15.75,44.625,14.0,30.625,27.0,12.375,2.2980378996003994,13.5,36.875,36.7125,28.5,56.75,50.13310477181101,15.75,20.125,78.7,0.0,5.75,0.5253730644355644,6.875,19.0,0.3724877548566807,12.375,0.0,129.125,108.5,24.375,65.75,18.375,37.5,8.625,28.875,23.5,15.125,1.7377986290670115,8.125,28.625,28.3125,32.875,58.625,56.321454281013104,18.375,23.5,80.2125,0.0,6.875,0.5334097581340228,4.75,20.875,0.23401949540864603,15.125,0.0,114.625
119,125,2023-12-23,1,1,2023-24,Atlanta Hawks,Memphis Grizzlies,123.125,49.125,57.5,16.5,43.5,13.25,30.25,27.125,12.5,2.360164141414141,16.375,41.375,39.825,28.75,53.375,54.2148257608128,16.5,19.75,83.11250000000001,0.0,6.125,0.5562229437229438,4.625,20.875,0.22311099306236604,12.5,0.0,139.125,107.5,41.25,50.25,16.0,40.875,9.125,31.75,23.875,16.375,1.5714736652236652,13.75,37.875,36.637499999999996,25.125,48.5,50.977673590678464,16.0,21.125,76.14999999999999,0.0,7.0,0.46542207792207796,5.75,19.625,0.3523677854055428,16.375,0.0,116.0
119,126,2023-12-23,1,1,2023-24,Toronto Raptors,Utah Jazz,114.625,33.0,64.75,16.875,42.875,10.875,32.0,31.0,13.625,2.342822966507177,11.0,32.75,33.2375,32.375,55.0,58.790385145246645,16.875,22.5,75.14999999999999,0.0,6.125,0.489870984278879,5.0,17.625,0.2996423350041771,13.625,0.0,136.0,115.75,36.75,60.5,18.5,43.625,10.875,32.75,27.625,14.5,1.9385752115531527,12.25,34.375,35.7,30.25,55.0,55.036811896089255,18.5,22.125,84.0,0.0,8.375,0.5994244725862373,7.0,18.875,0.38992852191381605,14.5,0.0,137.375
126,106,2023-12-23,1,1,2023-24,Golden State Warriors,Portland Trail Blazers,122.25,48.375,56.0,17.875,50.625,15.5,35.125,27.375,15.5,1.9422282374488256,16.125,42.25,38.3375,28.0,52.5,53.588677935235694,17.875,21.875,82.21249999999999,0.0,6.25,0.4481349237307656,3.0,20.75,0.16658558160106146,15.5,0.0,139.375,114.875,43.875,54.0,17.0,43.375,13.75,29.625,23.0,13.25,1.7981490323402087,14.625,38.625,38.45,27.0,55.625,48.42243875454068,17.0,20.625,82.03750000000001,0.0,8.0,0.6230618952126306,3.5,21.625,0.17564484126984126,13.25,0.0,123.25
110,117,2023-12-23,1,1,2023-24,Indiana Pacers,Orlando Magic,123.875,37.5,69.0,17.375,41.375,12.375,29.0,32.0,14.625,2.305969765528589,12.5,35.625,34.625,34.5,58.875,59.134061460338096,17.375,21.25,81.02499999999999,0.0,8.125,0.5724427533251063,7.125,21.875,0.33754464285714286,14.625,0.0,146.5,108.375,26.25,64.0,18.125,42.875,10.5,32.375,24.0,11.875,2.2093344155844155,8.75,30.5,28.1125,32.0,58.125,54.84496791874542,18.125,24.0,75.6375,0.0,6.375,0.5901875901875901,5.375,21.875,0.24688532582554323,11.875,0.0,121.375
98,110,2023-12-23,1,1,2023-24,Sacramento Kings,Minnesota Timberwolves,122.375,52.125,55.0,15.25,42.375,9.875,32.5,31.75,12.875,2.7607062055591465,17.375,42.0,40.775,27.5,48.75,56.48846314568705,15.25,21.125,72.2125,0.0,6.25,0.5397678302090066,3.875,20.875,0.19538271648372266,12.875,0.0,142.0,115.625,39.75,58.0,17.875,45.125,10.875,34.25,27.5,15.0,1.8662866158609193,13.25,33.125,40.45,29.0,53.625,54.063948360062746,17.875,21.875,81.72500000000001,0.0,7.375,0.500001417571077,5.875,19.5,0.3245339702866793,15.0,0.0,138.0
144,119,2023-12-23,1,1,2023-24,Dallas Mavericks,San Antonio Spurs,114.375,40.125,57.25,17.0,41.0,11.0,30.0,23.625,12.75,1.9516580539558481,13.375,40.25,32.7875,28.625,51.0,56.30141925084878,17.0,21.625,78.98750000000001,0.0,7.0,0.579066827780063,3.375,18.625,0.18506864988558352,12.75,0.0,122.75,107.5,36.75,56.25,14.5,45.875,9.625,36.25,27.625,14.5,2.0628524731417532,12.25,37.5,32.5,28.125,54.125,52.16029387284013,14.5,19.0,75.9375,0.0,6.125,0.4342386414754836,5.75,16.125,0.36903157794218167,14.5,0.0,122.625
120,129,2023-12-23,1,1,2023-24,Oklahoma City Thunder,Los Angeles Lakers,123.75,36.0,66.5,21.25,41.625,9.875,31.75,26.25,11.75,2.2410055222555223,12.0,33.375,34.912499999999994,33.25,59.875,55.404244895746196,21.25,24.625,86.7,0.0,10.0,0.8835157897657897,7.5,19.625,0.3972819442769133,11.75,0.0,146.0,116.125,37.875,62.5,15.75,44.0,10.0,34.0,28.625,13.0,2.4999255952380954,12.625,33.375,38.3375,31.25,58.5,53.998915898281524,15.75,21.125,75.15,0.0,7.75,0.6510416666666666,4.375,16.5,0.28559550614504176,13.0,0.0,134.5
104,106,2023-12-23,1,1,2023-24,New Orleans Pelicans,Houston Rockets,121.625,39.0,61.75,20.875,44.5,10.625,33.875,28.125,12.625,2.3141414141414143,13.0,31.5,40.5625,30.875,57.125,54.40302744808016,20.875,25.875,80.5,0.0,7.875,0.6456529581529582,4.625,19.25,0.2414826847110802,12.625,0.0,144.375,115.625,36.75,55.5,23.375,49.25,12.125,37.125,23.5,13.25,1.904816659518672,12.25,33.875,36.575,27.75,56.125,49.43137188638088,23.375,28.125,84.5625,0.0,6.75,0.5326808344948825,4.5,22.875,0.2048161437231088,13.25,0.0,131.625
95,102,2023-12-23,1,1,2023-24,Charlotte Hornets,Denver Nuggets,104.75,31.5,59.5,13.75,35.375,8.875,26.5,23.375,13.875,1.7693265680398034,10.5,32.875,32.375,29.75,54.25,54.96778645345881,13.75,16.125,86.8875,0.0,6.75,0.49807530092456564,4.25,19.25,0.22231549517733729,13.875,0.0,111.375,119.375,36.375,64.75,18.25,46.125,12.625,33.5,28.375,9.875,3.0766887626262625,12.125,30.0,40.8875,32.375,60.625,53.30335624843575,18.25,23.375,75.5125,0.0,7.125,0.7629892676767677,5.125,18.875,0.2994222334682861,9.875,0.0,145.0
95,109,2023-12-23,1,1,2023-24,Chicago Bulls,Cleveland Cavaliers,117.75,40.5,60.75,16.5,45.0,12.25,32.75,26.0,10.75,2.9284970238095243,13.5,33.375,40.4125,30.375,59.0,52.18444446797588,16.5,21.0,79.8375,0.0,7.375,0.7801339285714286,5.125,19.75,0.279720353805022,10.75,0.0,137.5,114.375,48.0,52.0,14.375,42.375,12.125,30.25,26.625,12.875,2.1335825632700636,16.0,42.625,37.025000000000006,26.0,48.375,53.58716042851417,14.375,19.75,73.08749999999999,0.0,7.875,0.6154912795537796,3.375,19.875,0.1679284086189457,12.875,0.0,127.375
108,145,2023-12-23,1,1,2023-24,LA Clippers,Boston Celtics,127.375,43.125,63.75,20.5,42.0,9.625,32.375,27.0,13.0,2.275387143493761,14.375,34.25,41.7875,31.875,53.0,60.18741504067591,20.5,23.5,87.2875,0.0,6.875,0.5541423955946014,6.625,19.375,0.34208018933251133,13.0,0.0,152.875,124.125,51.0,57.5,15.625,46.625,12.125,34.5,26.0,12.0,2.4023032523032524,17.0,43.25,39.8125,28.75,50.5,57.109615263670946,15.625,18.5,83.3,0.0,7.375,0.6739184426684426,7.875,17.125,0.4724789271615897,12.0,0.0,149.125
111,130,2023-12-23,1,1,2023-24,New York Knicks,Milwaukee Bucks,123.75,37.125,65.0,21.625,43.875,12.0,31.875,25.625,13.125,1.9921373663101603,12.375,31.875,39.4125,32.5,57.375,56.7725059656609,21.625,27.125,79.64999999999999,0.0,7.0,0.5695851636108988,4.5,19.125,0.24820234912146677,13.125,0.0,141.75,132.75,44.25,63.75,24.75,45.875,10.875,35.0,27.625,12.875,2.369517522918258,14.75,37.375,38.875,31.875,54.625,58.578840516882615,24.75,31.125,78.8125,0.0,6.375,0.5719213384654561,6.125,21.125,0.3037870484162044,12.875,0.0,154.125
115,126,2023-12-25,1,1,2023-24,Los Angeles Lakers,Boston Celtics,119.0,40.5,63.0,15.5,43.875,8.375,35.5,30.25,12.875,2.713814484126984,13.5,33.625,40.8375,31.5,56.75,55.64522815881793,15.5,20.875,74.97500000000001,0.0,7.25,0.6107638888888889,5.0,15.75,0.33974530371589196,12.875,0.0,141.75,128.25,55.875,55.0,17.375,46.0,12.375,33.625,26.75,11.0,2.627303252303252,18.625,44.75,42.05,27.5,48.625,56.83740272011694,17.375,20.5,84.78750000000001,0.0,7.25,0.6891962204462204,7.375,17.125,0.4461631376879055,11.0,0.0,154.25
114,128,2023-12-25,1,1,2023-24,Phoenix Suns,Dallas Mavericks,110.375,27.75,62.5,20.125,44.125,11.125,33.0,25.875,14.875,1.8299019607843139,9.25,28.875,31.75,31.25,57.125,54.665723260775934,20.125,25.625,78.05000000000001,0.0,7.375,0.5056038324420677,5.0,18.625,0.27267898187983325,14.875,0.0,126.875,116.75,44.25,55.75,16.75,42.25,11.25,31.0,23.625,12.5,1.9849913872891813,14.75,41.0,35.325,27.875,51.375,54.478866803296334,16.75,21.5,78.3125,0.0,6.875,0.5797078534210887,3.5,18.0,0.19956140350877194,12.5,0.0,126.0
120,114,2023-12-25,1,1,2023-24,Denver Nuggets,Golden State Warriors,118.875,37.125,64.5,17.25,46.25,12.625,33.625,28.75,10.75,2.9855122920380275,12.375,30.25,41.425000000000004,32.25,60.375,53.28319495811317,17.25,21.75,76.96249999999999,0.0,8.0,0.7938716206179441,6.125,18.5,0.3507615191825718,10.75,0.0,146.75,124.25,48.375,59.0,16.875,50.5,15.25,35.25,29.625,15.625,2.0590583028083027,16.125,42.125,38.45,29.5,52.25,56.838677935235694,16.875,20.75,82.025,0.0,6.75,0.47427871458043874,2.875,20.125,0.16470588235294117,15.625,0.0,145.75
129,122,2023-12-25,1,1,2023-24,New York Knicks,Milwaukee Bucks,122.375,37.875,64.0,20.5,44.5,11.875,32.625,24.375,12.375,1.9867897727272728,12.625,32.625,39.487500000000004,32.0,57.375,55.9912559656609,20.5,25.625,80.5625,0.0,6.625,0.567579816017316,4.25,19.75,0.2301542207792208,12.375,0.0,139.25,130.75,41.625,63.75,25.375,47.875,10.875,37.0,26.75,13.125,2.2593984752992107,13.875,36.625,37.5625,31.875,55.375,57.811331722511014,25.375,31.625,80.05,0.0,5.375,0.4826356241797419,5.625,21.0,0.28254198912766687,13.125,0.0,150.75
119,113,2023-12-25,1,1,2023-24,Miami Heat,Philadelphia 76ers,113.625,43.5,50.0,20.125,40.875,9.875,31.0,26.0,14.5,1.9535608643984603,14.5,34.25,42.725,25.0,49.25,50.87495702780953,20.125,25.0,80.475,0.0,6.75,0.4818285153323516,2.75,18.625,0.15124981134538276,14.5,0.0,126.625,126.375,38.625,64.25,23.5,45.625,9.125,36.5,27.5,12.0,2.297754329004329,12.875,32.375,39.487500000000004,32.125,56.375,57.20107133040701,23.5,27.0,87.575,0.0,9.5,0.7941017316017316,6.125,20.5,0.32134007226078837,12.0,0.0,155.875
113,104,2023-12-26,1,1,2023-24,LA Clippers,Charlotte Hornets,126.25,41.625,64.25,20.375,41.25,9.375,31.875,27.25,12.625,2.3541209097275275,13.875,34.25,40.324999999999996,32.125,53.125,60.52411537737625,20.375,22.75,90.2625,0.0,6.375,0.5281683696205756,6.0,20.125,0.30041352266584465,12.625,0.0,150.75,104.125,30.75,58.75,14.625,36.0,9.0,27.0,23.125,14.0,1.7452252608502608,10.25,31.75,32.574999999999996,29.375,55.125,53.54483047861604,14.625,17.5,84.7125,0.0,6.625,0.48745438589188594,4.5,18.125,0.26710716184400396,14.0,0.0,110.25
115,116,2023-12-26,1,1,2023-24,New Orleans Pelicans,Memphis Grizzlies,118.75,36.75,61.0,21.0,45.0,10.625,34.375,27.125,12.875,2.2192753427128427,12.25,31.5,38.1375,30.5,56.5,54.389897195979316,21.0,26.625,78.8,0.0,7.5,0.608822601010101,4.625,19.25,0.2414826847110802,12.875,0.0,139.25,108.625,41.25,51.0,16.375,41.5,9.875,31.625,24.25,16.125,1.6414141414141414,13.75,38.75,35.5125,25.5,48.375,51.671784167601544,16.375,22.125,74.27499999999999,0.0,6.5,0.43863636363636366,5.625,20.5,0.2959441742944317,16.125,0.0,116.75
118,130,2023-12-26,1,1,2023-24,San Antonio Spurs,Utah Jazz,110.625,39.0,56.25,15.375,45.0,9.0,36.0,28.75,14.25,2.22326913980842,13.0,38.625,33.6125,28.125,52.625,53.46653480172256,15.375,20.125,76.45,0.0,6.375,0.4738219748088169,5.625,16.0,0.3630573132362993,14.25,0.0,127.25,118.625,39.75,61.0,17.875,43.75,10.875,32.875,29.125,14.0,2.123471044886486,13.25,35.25,37.6625,30.5,55.0,55.5085100092968,17.875,20.875,86.2375,0.0,8.0,0.594216139252904,6.375,18.875,0.3531638160314631,14.0,0.0,142.375
130,113,2023-12-26,1,1,2023-24,Portland Trail Blazers,Sacramento Kings,114.875,42.75,54.5,17.625,42.125,13.375,28.75,23.5,13.5,1.793982365673542,14.25,37.25,38.7375,27.25,55.625,48.93264283617333,17.625,21.75,81.16250000000001,0.0,8.625,0.6584785618792971,3.5,20.375,0.18189484126984126,13.5,0.0,123.625,120.375,49.875,55.25,15.25,41.125,9.0,32.125,31.5,12.625,2.7816852265381673,16.625,41.25,39.3125,27.625,48.625,56.855843406935236,15.25,21.25,71.7375,0.0,6.625,0.586096501537678,4.125,20.625,0.20788271648372267,12.625,0.0,139.5
118,113,2023-12-26,1,1,2023-24,Chicago Bulls,Atlanta Hawks,114.5,38.625,59.0,16.875,42.625,9.875,32.75,25.5,11.25,2.7462053571428573,12.875,34.25,37.475,29.5,55.375,53.94120122473263,16.875,20.375,83.7375,0.0,7.0,0.7020089285714286,5.5,20.125,0.2949715499772708,11.25,0.0,133.125,123.75,49.125,58.5,16.125,41.75,12.0,29.75,28.125,12.125,2.499774531024531,16.375,41.875,39.4375,29.25,51.875,56.37738018751817,16.125,19.625,81.80000000000001,0.0,6.75,0.6203463203463203,4.75,20.75,0.22978095353667435,12.125,0.0,141.375
119,127,2023-12-26,1,1,2023-24,Washington Wizards,Orlando Magic,116.5,38.25,58.75,19.5,40.5,8.375,32.125,25.625,14.375,1.926820009303562,12.75,35.5,35.962500000000006,29.375,53.375,55.10245608614763,19.5,26.0,75.41250000000001,0.0,6.25,0.4862672780435938,5.625,18.875,0.3027230146444543,14.375,0.0,126.875,110.375,25.125,65.75,19.5,43.125,10.75,32.375,23.75,12.375,2.119940476190476,8.375,29.125,28.400000000000002,32.875,57.625,56.83649334247423,19.5,25.75,75.5125,0.0,7.125,0.631096681096681,5.375,20.75,0.2584593998996173,12.375,0.0,125.625
112,118,2023-12-26,1,1,2023-24,Detroit Pistons,Brooklyn Nets,110.125,25.875,64.25,20.0,36.75,8.375,28.375,23.0,14.75,1.749353250915751,8.625,28.625,29.75,32.125,57.125,56.443207527766354,20.0,26.0,77.2,0.0,6.375,0.5118761446886447,4.375,21.875,0.2049018483498225,14.75,0.0,114.875,113.5,40.5,55.75,17.25,42.5,12.625,29.875,27.625,12.5,2.324553051115551,13.5,35.75,38.137499999999996,27.875,55.625,50.14730286358748,17.25,21.875,79.1375,0.0,6.0,0.5386306401931402,6.25,19.5,0.3339776538465797,12.5,0.0,128.75
129,106,2023-12-26,1,1,2023-24,Oklahoma City Thunder,Minnesota Timberwolves,123.0,33.375,68.75,20.875,40.625,9.25,31.375,26.25,11.25,2.343569624819625,11.125,33.0,33.1875,34.375,59.625,57.68599092749223,20.875,24.25,86.3375,0.0,9.75,0.8899260461760462,7.75,18.75,0.42271086584554074,11.25,0.0,145.625,116.625,39.0,60.5,17.125,43.625,10.375,33.25,28.875,14.75,2.0106318539561574,13.0,32.25,40.4875,30.25,54.5,55.55134000702886,17.125,21.0,81.725,0.0,8.0,0.5580371318567913,5.25,19.75,0.2811311925089015,14.75,0.0,140.25
117,123,2023-12-26,1,1,2023-24,Houston Rockets,Indiana Pacers,114.625,35.25,56.5,22.875,48.875,12.375,36.5,23.5,13.5,1.861066659518672,11.75,32.625,36.2875,28.25,57.375,49.1680985208697,22.875,27.25,84.975,0.0,7.5,0.5889308344948825,4.375,22.875,0.19856614372310882,13.5,0.0,131.0,121.625,40.5,65.25,15.875,39.125,11.375,27.75,31.625,15.25,2.155969765528589,13.5,35.75,37.4875,32.625,56.25,58.635873054541,15.875,19.75,79.175,0.0,7.875,0.5182760866584396,6.875,23.0,0.31492559523809527,15.25,0.0,142.125
113,129,2023-12-27,1,1,2023-24,Houston Rockets,Phoenix Suns,117.625,32.625,62.0,23.0,46.875,12.375,34.5,23.375,12.875,1.9207257504277628,10.875,30.75,35.0375,31.0,59.75,51.730249713157875,23.0,27.5,84.575,0.0,8.5,0.7046978799494279,4.375,22.625,0.20030225483421993,12.875,0.0,134.75,111.75,28.5,62.75,20.5,44.5,11.875,32.625,26.25,14.125,1.9066065062388593,9.5,30.875,30.0125,31.375,57.0,55.04837632200042,20.5,26.125,77.92500000000001,0.0,7.0,0.4992117869875223,4.625,18.625,0.2548218390226904,14.125,0.0,127.375
102,132,2023-12-27,1,1,2023-24,Washington Wizards,Toronto Raptors,119.25,42.0,57.5,19.75,41.25,8.125,33.125,26.625,14.875,1.9471325093035619,14.0,36.625,38.449999999999996,28.75,51.75,55.705904362009704,19.75,26.0,76.61250000000001,0.0,7.0,0.5175172780435938,5.75,19.125,0.3042894306845545,14.875,0.0,133.125,116.625,32.625,67.0,17.0,42.0,11.375,30.625,31.75,13.25,2.4816216678058787,10.875,32.125,33.587500000000006,33.5,56.625,59.37465110969695,17.0,22.75,74.65,0.0,6.625,0.5426307245386193,4.625,17.5,0.2808514853309745,13.25,0.0,138.25
92,112,2023-12-27,1,1,2023-24,Orlando Magic,Philadelphia 76ers,112.375,28.875,65.25,18.25,43.625,10.75,32.875,24.75,13.0,2.104315476190476,9.625,29.5,33.0875,32.625,58.375,55.747675138412575,18.25,24.25,74.8875,0.0,7.25,0.6033978174603174,5.25,20.125,0.2618076141853316,13.0,0.0,128.625,124.875,40.875,62.25,21.75,44.125,8.0,36.125,27.375,11.625,2.3844020562770565,13.625,34.25,39.625,31.125,55.375,56.27017265514744,21.75,25.5,85.4375,0.0,10.125,0.8977949134199134,5.625,21.5,0.2726387735594897,11.625,0.0,151.875
110,113,2023-12-27,1,1,2023-24,Dallas Mavericks,Cleveland Cavaliers,117.75,43.875,56.5,17.375,41.625,11.0,30.625,23.75,11.75,2.104643793706294,14.625,41.5,34.5625,28.25,50.625,56.47614941199198,17.375,22.875,76.2875,0.0,6.75,0.6004297785547785,3.125,18.375,0.17088493292053664,11.75,0.0,126.5,114.125,47.25,52.25,14.625,42.0,12.5,29.5,27.5,12.875,2.2008902555777556,15.75,43.5,35.7625,26.125,47.625,54.803344576591996,14.625,19.75,74.05,0.0,7.125,0.5577989718614719,3.625,19.75,0.18447252626600455,12.875,0.0,127.125
122,144,2023-12-27,1,1,2023-24,Brooklyn Nets,Milwaukee Bucks,113.5,38.625,56.75,18.125,42.625,12.25,30.375,27.375,12.0,2.3993393759018757,12.875,34.875,37.2125,28.375,55.75,50.881766140423636,18.125,24.625,75.08749999999999,0.0,6.25,0.5835024350649352,6.375,20.625,0.31605807342699926,12.0,0.0,128.25,131.125,42.0,64.0,25.125,47.625,11.5,36.125,27.625,13.0,2.3569363540870896,14.0,37.75,36.8875,32.0,54.125,59.207707883038125,25.125,31.125,80.57499999999999,0.0,5.875,0.5309310787251964,5.0,21.75,0.23810464897421418,13.0,0.0,152.375
129,120,2023-12-27,1,1,2023-24,Oklahoma City Thunder,New York Knicks,126.5,37.125,69.25,20.125,40.5,9.125,31.375,27.875,12.0,2.329680735930736,12.375,34.25,35.5125,34.625,57.625,60.66218140368271,20.125,23.25,86.6,0.0,9.125,0.7704816017316016,7.375,19.125,0.3996453896550646,12.0,0.0,151.375,123.125,35.25,67.25,20.625,44.125,11.25,32.875,24.25,12.125,2.0180397727272728,11.75,31.25,38.275,33.625,59.25,56.83795828295145,20.625,25.5,81.39999999999999,0.0,7.0,0.6047821969696969,4.375,19.5,0.23918199855699854,12.125,0.0,140.75
118,110,2023-12-28,1,1,2023-24,Minnesota Timberwolves,Dallas Mavericks,114.0,37.875,58.75,17.375,41.125,9.5,31.625,27.875,16.125,1.8367536488279523,12.625,30.875,41.1,29.375,54.0,54.27960087659408,17.375,21.75,80.35000000000001,0.0,8.5,0.5612422600619196,4.375,19.625,0.2301201630971368,16.125,0.0,132.5,115.625,39.75,58.0,17.875,41.75,10.375,31.375,22.875,11.75,2.0171437937062935,13.25,40.75,31.8375,29.0,51.25,57.33399254924689,17.875,23.5,76.15,0.0,7.375,0.6629297785547785,3.375,18.875,0.17578689370485034,11.75,0.0,123.875
102,114,2023-12-28,1,1,2023-24,Golden State Warriors,Miami Heat,121.5,46.5,58.0,17.0,47.875,13.375,34.5,28.875,13.625,2.155212148962149,15.5,41.125,37.875,29.0,51.125,57.057142980828395,17.0,20.75,82.575,0.0,7.25,0.5286553724053724,3.0,19.5,0.1720816587504567,13.625,0.0,143.375,116.125,42.375,51.5,22.25,43.25,10.625,32.625,26.5,14.0,2.034910070747667,14.125,33.0,42.949999999999996,25.75,50.25,51.35572625857876,22.25,27.5,81.775,0.0,6.75,0.49174915025298654,3.0,17.875,0.17554648653719862,14.0,0.0,133.0
104,120,2023-12-28,1,1,2023-24,Chicago Bulls,Indiana Pacers,113.125,35.625,59.75,17.75,42.25,9.875,32.375,25.25,11.75,2.512872023809524,11.875,33.125,35.4625,29.875,53.75,55.47105197100129,17.75,21.125,84.625,0.0,7.875,0.7645089285714286,5.25,18.875,0.29115891381169345,11.75,0.0,133.5,120.625,42.75,61.5,16.375,39.375,11.25,28.125,31.0,15.5,2.1018030988619225,14.25,37.25,37.775,30.75,53.5,58.33637746816017,16.375,20.0,80.67500000000001,0.0,7.5,0.493970531102884,7.125,23.25,0.3234483225108225,15.5,0.0,140.75
105,118,2023-12-28,1,1,2023-24,Portland Trail Blazers,San Antonio Spurs,117.125,42.0,57.5,17.625,41.875,13.125,28.75,24.5,12.875,1.9773156990068754,14.0,35.625,39.4875,28.75,56.375,50.99663487861364,17.625,22.0,80.05000000000001,0.0,8.125,0.6459785618792971,4.0,19.5,0.21345121381886084,12.875,0.0,129.125,111.375,38.625,57.75,15.0,44.875,9.375,35.5,28.875,13.75,2.3867306782699584,12.875,37.75,34.2625,28.875,55.375,52.31477328410739,15.0,20.25,74.16250000000001,0.0,6.875,0.5464715474583896,5.5,15.75,0.36236286879185486,13.75,0.0,127.125
112,105,2023-12-28,1,1,2023-24,New Orleans Pelicans,Utah Jazz,122.0,37.875,62.25,21.875,45.5,10.375,35.125,26.625,13.25,2.140108676046176,12.625,31.5,39.35,31.125,56.75,55.17706575658538,21.875,28.25,78.0,0.0,8.125,0.6359059343434343,4.75,19.875,0.24056693379532929,13.25,0.0,142.875,119.875,41.25,60.75,17.875,45.25,11.375,33.875,29.375,13.625,2.191748355810856,13.75,35.875,38.3625,30.375,54.75,55.55302567881247,17.875,21.0,85.7,0.0,7.375,0.5637539543789544,6.125,18.875,0.3412590541267012,13.625,0.0,144.75
142,105,2023-12-28,1,1,2023-24,Denver Nuggets,Memphis Grizzlies,117.75,37.875,62.25,17.625,45.5,12.125,33.375,28.25,10.5,2.982164077752313,12.625,30.875,41.4,31.125,59.0,52.63877405415837,17.625,22.125,77.2125,0.0,7.625,0.7771305491893727,5.625,18.25,0.3275417049410857,10.5,0.0,143.625,110.25,39.75,52.5,18.0,44.25,9.875,34.375,24.25,17.125,1.5080808080808081,13.25,40.125,33.1375,26.25,47.5,54.2341727594019,18.0,23.75,75.6125,0.0,6.875,0.42058080808080806,7.25,20.625,0.3627467105263158,17.125,0.0,121.875
128,122,2023-12-28,1,1,2023-24,Boston Celtics,Detroit Pistons,127.375,53.625,56.0,17.75,47.25,12.75,34.5,27.625,11.0,2.736678252303252,17.875,44.125,40.875,28.0,49.25,57.017133703419354,17.75,21.375,83.45,0.0,7.25,0.6891962204462204,7.625,16.875,0.4647389890810943,11.0,0.0,155.0,112.75,27.0,65.0,20.75,38.5,9.375,29.125,23.375,14.5,1.7951121794871794,9.0,28.0,31.75,32.5,58.875,55.542000891265594,20.75,27.0,77.33749999999999,0.0,6.75,0.5420100732600732,4.625,23.125,0.20871448451539984,14.5,0.0,119.875
133,112,2023-12-28,1,1,2023-24,Los Angeles Lakers,Charlotte Hornets,116.75,39.0,63.0,14.75,41.875,8.625,33.25,29.375,12.5,2.7054811507936507,13.0,33.25,39.8375,31.5,57.625,54.75780422372665,14.75,19.875,75.0125,0.0,7.0,0.6024305555555556,4.625,16.125,0.31507425108431303,12.5,0.0,135.625,102.25,28.125,60.25,13.875,37.375,9.125,28.25,23.25,13.375,1.863122988122988,9.375,32.25,28.662499999999998,30.125,56.375,53.59546705269012,13.875,17.0,82.8375,0.0,6.75,0.5236759768009769,4.75,19.125,0.2663825241628445,13.375,0.0,108.75
133,119,2023-12-29,1,1,2023-24,Phoenix Suns,Charlotte Hornets,114.625,29.625,63.75,21.25,45.0,11.875,33.125,26.5,15.125,1.7953624871001033,9.875,31.0,31.012500000000003,31.875,56.75,56.3589005316843,21.25,26.5,79.875,0.0,6.5,0.4346184855521156,5.375,18.375,0.3028094551217616,15.125,0.0,131.625,102.0,27.375,60.75,13.875,38.875,9.375,29.5,23.0,14.375,1.7016397345344714,9.125,31.25,29.1625,30.375,57.5,52.91903592567759,13.875,17.75,80.7625,0.0,7.0,0.522479804552173,5.125,18.125,0.2996617449420653,14.375,0.0,108.5
117,106,2023-12-29,1,1,2023-24,LA Clippers,Memphis Grizzlies,123.875,42.0,61.75,20.125,42.5,9.625,32.875,26.125,13.125,2.126556807163425,14.0,34.25,40.699999999999996,30.875,52.625,58.714846215165906,20.125,23.125,87.825,0.0,6.375,0.49825383970604553,5.25,19.375,0.2709492369515589,13.125,0.0,146.0,109.25,37.875,52.75,18.625,44.0,10.0,34.0,23.875,16.25,1.588888888888889,12.625,39.0,32.6625,26.375,48.625,53.400839426068565,18.625,24.875,74.44999999999999,0.0,6.75,0.448989898989899,7.25,19.875,0.3779288967611336,16.25,0.0,120.0
93,119,2023-12-29,1,1,2023-24,Denver Nuggets,Oklahoma City Thunder,121.25,40.125,64.75,16.375,46.375,11.75,34.625,30.125,10.625,3.1118989262371617,13.375,32.25,41.6625,32.375,59.25,54.69709309360948,16.375,19.875,79.32499999999999,0.0,7.875,0.7941760037348272,6.0,18.125,0.34859433652003313,10.625,0.0,151.75,125.375,40.5,66.5,18.375,39.0,8.125,30.875,28.5,11.125,2.7842261904761907,13.5,34.625,38.8375,33.25,56.25,59.87195151862523,18.375,21.5,85.5,0.0,7.75,0.7647997835497835,7.75,19.0,0.4193964719061468,11.125,0.0,150.0
134,128,2023-12-29,1,1,2023-24,Portland Trail Blazers,San Antonio Spurs,114.375,39.0,57.5,17.875,44.5,14.5,30.0,23.375,13.0,1.8707451861863627,13.0,35.125,37.375,28.75,58.25,49.61201949399826,17.875,22.75,78.85000000000001,0.0,8.25,0.6515875362382715,4.0,19.625,0.2123689627366098,13.0,0.0,125.0,115.875,40.5,59.0,16.375,43.75,9.125,34.625,30.5,13.0,2.6146718547405468,13.5,37.125,36.2125,29.5,55.75,53.15771915810916,16.375,21.0,77.25,0.0,6.875,0.5825678041428816,6.125,16.5,0.38022001164899766,13.0,0.0,135.625
120,118,2023-12-29,1,1,2023-24,Boston Celtics,Toronto Raptors,128.375,51.0,60.25,17.125,47.0,12.625,34.375,27.875,10.625,2.8054282523032525,17.0,43.5,39.287499999999994,30.125,51.75,58.47546703675269,17.125,21.25,81.45,0.0,7.375,0.7183628871128871,7.0,17.125,0.4115338608759661,10.625,0.0,154.75,118.625,36.0,66.0,16.625,43.375,11.375,32.0,33.125,14.0,2.464657382091593,12.0,32.875,36.175,33.0,55.625,59.69942685977427,16.625,22.5,73.675,0.0,7.25,0.5551307245386192,5.0,17.125,0.30366894564843483,14.0,0.0,144.0
127,131,2023-12-29,1,1,2023-24,Houston Rockets,Philadelphia 76ers,117.125,34.5,61.0,21.625,43.75,11.625,32.125,23.0,11.75,2.0194099609540785,11.5,31.875,35.5375,30.5,59.875,50.707522440430594,21.625,25.625,84.5375,0.0,9.125,0.8027241957389015,4.375,21.75,0.20476654054850565,11.75,0.0,131.875,120.625,37.125,63.0,20.5,44.25,8.375,35.875,24.5,11.125,2.2290449134199135,12.375,32.0,38.650000000000006,31.5,57.75,54.540730878436754,20.5,24.5,83.26249999999999,0.0,9.625,0.8977949134199134,5.875,20.5,0.2974925747290803,11.125,0.0,143.875
117,108,2023-12-29,1,1,2023-24,Orlando Magic,New York Knicks,108.5,28.5,61.0,19.0,43.375,11.125,32.25,23.625,13.75,1.9121279761904761,9.5,30.375,31.6875,30.5,56.25,53.987840769882546,19.0,24.875,75.9625,0.0,7.25,0.5799603174603174,6.125,19.875,0.3131965030742205,13.75,0.0,122.625,121.125,34.125,65.25,21.75,43.875,10.625,33.25,22.75,12.5,1.8847064393939394,11.375,31.875,36.099999999999994,32.625,58.125,56.19376968646022,21.75,26.375,83.25,0.0,6.625,0.5770044191919192,4.25,19.375,0.23404130591630593,12.5,0.0,135.5
110,104,2023-12-29,1,1,2023-24,Washington Wizards,Brooklyn Nets,119.375,41.625,59.25,18.5,40.0,7.75,32.25,27.125,14.25,2.0116378568971447,13.875,36.875,37.85,29.625,52.125,56.912044712886896,18.5,24.0,76.8875,0.0,7.75,0.5699905400756794,5.875,18.875,0.31319035947712415,14.25,0.0,134.875,114.25,35.625,59.75,18.875,44.0,13.125,30.875,28.0,12.25,2.373545725108225,11.875,33.75,35.375,29.875,58.375,50.9949907781048,18.875,25.25,75.9625,0.0,6.0,0.5200103715728716,6.125,20.625,0.3013521910740581,12.25,0.0,129.375
111,119,2023-12-29,1,1,2023-24,Cleveland Cavaliers,Milwaukee Bucks,116.5,50.25,52.75,13.5,43.125,12.5,30.625,29.75,13.125,2.3247741841491845,16.75,43.875,37.8875,26.375,48.125,54.83735818203418,13.5,18.5,73.275,0.0,6.75,0.5232007575757576,3.75,19.5,0.19197770224944138,13.125,0.0,132.875,132.5,45.0,64.0,23.5,46.75,11.75,35.0,28.5,12.875,2.483072717723453,15.0,39.5,37.4625,32.0,52.75,61.34922238357518,23.5,29.375,79.67500000000001,0.0,6.0,0.5491128969070146,5.5,21.375,0.26985068072024593,12.875,0.0,155.25
110,117,2023-12-29,1,1,2023-24,Atlanta Hawks,Sacramento Kings,122.625,47.625,58.75,16.25,42.375,11.875,30.5,28.0,12.875,2.374774531024531,15.875,42.0,38.224999999999994,29.375,50.875,57.84154102667901,16.25,20.0,80.71249999999999,0.0,6.375,0.5547213203463204,4.875,20.75,0.2357333344890553,12.875,0.0,140.0,118.125,44.25,58.25,15.625,40.75,9.125,31.625,29.875,12.5,2.6767172778202193,14.75,40.875,35.3375,29.125,48.875,59.56692784070874,15.625,21.5,72.97500000000001,0.0,6.75,0.5997182964094728,4.625,19.625,0.24694521648372267,12.5,0.0,135.875
129,127,2023-12-30,1,1,2023-24,Detroit Pistons,Toronto Raptors,112.625,28.5,64.75,19.375,41.875,11.0,30.875,23.5,15.0,1.7560770917678812,9.5,29.75,31.5125,32.375,59.625,54.4561255597006,19.375,25.625,75.65,0.0,6.25,0.49639603817235395,4.625,23.5,0.20474623054714589,15.0,0.0,120.125,117.125,37.125,64.5,15.5,43.375,10.375,33.0,32.75,13.375,2.789657382091592,12.375,33.5,36.5125,32.25,54.875,59.08023181333464,15.5,21.25,72.63749999999999,0.0,7.0,0.6551307245386193,5.75,16.375,0.3536689456484348,13.375,0.0,143.125
140,126,2023-12-30,1,1,2023-24,Indiana Pacers,New York Knicks,119.875,45.75,59.0,15.125,39.625,10.0,29.625,31.0,15.0,2.161326908385732,15.25,38.0,39.6,29.5,50.875,58.67249665420668,15.125,18.75,79.4375,0.0,7.375,0.4989308485632015,7.5,21.875,0.3535822510822511,15.0,0.0,142.625,120.5,33.0,65.25,22.25,43.125,9.625,33.5,22.875,13.125,1.8179450757575757,11.0,30.75,35.71249999999999,32.625,58.25,56.063899556590094,22.25,26.0,85.8625,0.0,6.375,0.5258680555555556,4.25,20.5,0.22689844877344878,13.125,0.0,134.875
105,92,2023-12-30,1,1,2023-24,Chicago Bulls,Philadelphia 76ers,112.875,33.375,62.25,17.25,43.0,10.125,32.875,24.375,11.0,2.5776041666666667,11.125,31.5,34.6375,31.125,56.75,55.11390911385843,17.25,21.0,82.875,0.0,8.0,0.8203125,4.625,18.625,0.26502255017532983,11.0,0.0,132.125,120.875,37.5,62.75,20.625,41.375,8.5,32.875,23.75,11.0,2.1858630952380955,12.5,32.375,38.6125,31.375,57.25,54.86760939548408,20.625,24.375,83.95,0.0,10.125,0.9546130952380952,6.0,20.625,0.30225447949098505,11.0,0.0,141.625
108,106,2023-12-30,1,1,2023-24,Minnesota Timberwolves,Los Angeles Lakers,115.375,39.375,57.25,18.75,40.0,8.875,31.125,27.5,17.125,1.7352926098669132,13.125,30.5,43.025000000000006,28.625,52.25,54.54567626462069,18.75,23.625,80.325,0.0,9.0,0.567735766555426,5.25,18.75,0.2762511154780891,17.125,0.0,134.125,117.75,39.0,63.75,15.0,42.125,8.0,34.125,30.25,12.0,2.8880569083694083,13.0,33.375,39.625,31.875,58.25,54.80595058867609,15.0,19.375,79.175,0.0,7.875,0.6940972222222223,5.0,16.25,0.3317409177509797,12.0,0.0,139.875
122,132,2023-12-30,1,1,2023-24,Golden State Warriors,Dallas Mavericks,119.75,43.5,59.0,17.25,46.875,13.25,33.625,29.0,13.375,2.1981608669108668,14.5,39.5,36.550000000000004,29.5,52.25,56.85457381086792,17.25,20.5,84.23750000000001,0.0,6.625,0.4921169108669109,3.75,18.375,0.21367000461511837,13.375,0.0,141.625,116.75,42.375,56.5,17.875,42.375,11.5,30.875,23.875,12.0,2.0544701825951823,14.125,40.875,34.4,28.25,52.0,55.192609680309836,17.875,23.625,75.5625,0.0,7.75,0.6785547785547785,3.5,19.875,0.17651788785689715,12.0,0.0,126.0
117,109,2023-12-30,1,1,2023-24,Utah Jazz,Miami Heat,118.375,39.75,60.0,18.625,43.875,11.625,32.25,28.875,14.0,2.127192434758224,13.25,35.5,37.449999999999996,30.0,53.5,56.04797909496153,18.625,21.5,87.275,0.0,7.375,0.5575861912210597,6.0,17.375,0.34774053560818263,14.0,0.0,141.875,115.875,40.5,54.5,20.875,43.375,10.875,32.5,25.875,13.875,2.0076373434749395,13.5,32.5,41.625,27.25,52.5,51.89144054429305,20.875,26.0,80.9375,0.0,6.625,0.48720369570753197,2.75,17.5,0.16507997936016514,13.875,0.0,131.25
126,130,2023-12-31,1,1,2023-24,Washington Wizards,Atlanta Hawks,117.875,40.125,61.25,16.5,41.25,8.375,32.875,27.125,13.25,2.2783045235638113,13.375,36.125,37.387499999999996,30.625,54.0,56.65757599391967,16.5,21.875,72.35000000000001,0.0,7.5,0.6009429210280604,5.75,19.25,0.29921009631922946,13.25,0.0,134.75,120.375,46.5,56.75,17.125,43.5,12.5,31.0,27.625,13.875,2.0450126262626265,15.5,42.25,37.099999999999994,28.375,49.875,56.87776568603428,17.125,20.75,82.0,0.0,6.375,0.4690070346320346,4.375,20.5,0.21142777893349973,13.875,0.0,136.5
101,134,2023-12-31,1,1,2023-24,San Antonio Spurs,Boston Celtics,117.0,39.75,60.25,17.0,43.25,9.5,33.75,30.875,12.625,2.6855752160850845,13.25,36.625,36.112500000000004,30.125,56.0,53.98086447625309,17.0,21.875,77.225,0.0,7.0,0.6041014175882597,5.75,16.875,0.3530818537542608,12.625,0.0,137.125,128.875,52.5,59.25,17.125,48.0,12.625,35.375,28.75,11.0,2.820452290764791,17.5,43.875,40.225,29.625,51.75,57.45505887348738,17.125,21.25,81.45,0.0,6.875,0.6744926948051948,6.75,17.375,0.388984841268123,11.0,0.0,155.625
129,109,2023-12-31,1,1,2023-24,New Orleans Pelicans,Los Angeles Lakers,120.875,37.875,63.5,19.5,44.0,9.875,34.125,26.625,13.375,2.1240372474747473,12.625,31.5,39.35,31.75,56.75,56.31342939294901,19.5,25.125,78.3125,0.0,8.5,0.6567392676767677,4.75,19.75,0.24286956537427662,13.375,0.0,141.875,115.75,36.375,62.5,16.875,41.25,8.375,32.875,29.25,11.25,2.9333694083694084,12.125,32.0,38.275,31.25,59.25,52.8528255886761,16.875,21.25,81.58749999999999,0.0,7.625,0.7347222222222223,5.0,16.125,0.333824251084313,11.25,0.0,135.375
124,108,2023-12-31,1,1,2023-24,Oklahoma City Thunder,Brooklyn Nets,123.5,38.25,67.0,18.25,40.5,8.5,32.0,27.75,11.125,2.7217261904761907,12.75,34.25,37.199999999999996,33.5,56.0,60.56468550877302,18.25,21.375,85.4625,0.0,7.875,0.7752164502164502,7.875,19.375,0.4179258836708527,11.125,0.0,149.25,114.625,36.0,59.5,19.125,44.125,13.125,31.0,27.5,11.5,2.4547957251082253,12.0,33.5,36.050000000000004,29.75,58.125,50.98583326894729,19.125,26.125,74.4625,0.0,6.0,0.5434478715728716,6.125,19.375,0.3180745991008139,11.5,0.0,130.0
112,107,2023-12-31,1,1,2023-24,Phoenix Suns,Orlando Magic,116.375,31.125,64.75,20.5,44.75,11.75,33.0,27.375,15.125,1.8536958204334366,10.375,29.875,34.025,32.375,56.625,57.64677931956308,20.5,25.25,81.1875,0.0,5.875,0.3929518188854489,5.875,17.375,0.36125101356332,15.125,0.0,136.625,110.125,28.5,61.25,20.375,44.125,11.375,32.75,23.875,13.875,1.915699404761905,9.5,31.25,30.975,30.625,56.0,54.45736047431605,20.375,26.75,75.8375,0.0,7.625,0.6007936507936508,5.875,19.625,0.305241957619675,13.875,0.0,124.25
92,123,2023-12-31,1,1,2023-24,Memphis Grizzlies,Sacramento Kings,109.5,39.0,52.75,17.75,43.25,9.75,33.5,24.375,16.375,1.606881313131313,13.0,39.25,33.4375,26.375,49.0,52.9475028690086,17.75,23.125,76.25,0.0,7.125,0.4736111111111111,7.25,18.875,0.38398950282173966,16.375,0.0,120.875,120.375,46.875,59.0,14.5,40.75,8.875,31.875,30.875,12.25,2.8002291825821235,15.625,41.875,36.6875,29.5,48.25,61.172911143120615,14.5,20.375,70.7875,0.0,6.875,0.6220397249809014,4.75,19.75,0.2525373217468806,12.25,0.0,140.5
113,122,2024-01-01,1,1,2023-24,Milwaukee Bucks,Indiana Pacers,129.875,46.875,61.0,22.0,46.75,11.125,35.625,28.375,13.0,2.4633116883116886,15.625,39.75,39.400000000000006,30.5,51.375,60.190936488572014,22.0,26.875,81.2,0.0,5.625,0.5233776027893675,5.25,20.25,0.2781840140535793,13.0,0.0,153.0,122.0,48.75,57.5,15.75,38.75,9.25,29.5,31.625,15.125,2.1821602417190653,16.25,38.375,41.6,28.75,47.75,60.551494522010515,15.75,19.375,80.1875,0.0,7.25,0.4874725152298682,7.375,21.0,0.36219336219336223,15.125,0.0,147.125
109,88,2024-01-01,1,1,2023-24,Phoenix Suns,Portland Trail Blazers,116.375,30.75,66.0,19.625,43.0,10.75,32.25,26.5,14.375,1.9995291537667699,10.25,29.75,33.7125,33.0,57.25,58.10418564274809,19.625,24.25,81.0625,0.0,6.625,0.5700351522187822,5.875,17.0,0.3656627782692024,14.375,0.0,135.625,116.875,39.0,58.75,19.125,43.75,13.875,29.875,23.125,13.375,1.7798360952772716,13.0,32.875,40.3375,29.375,59.5,49.67540691793335,19.125,23.875,80.7,0.0,8.125,0.6207433803941156,4.25,20.5,0.21017598028046944,13.375,0.0,128.0
112,106,2024-01-01,1,1,2023-24,New York Knicks,Minnesota Timberwolves,118.875,33.0,64.25,21.625,43.625,10.375,33.25,22.375,13.5,1.7140489718614718,11.0,31.75,34.125,32.125,58.875,54.551212503890035,21.625,25.875,83.95,0.0,6.75,0.5307381854256854,3.875,20.375,0.20880634351029087,13.5,0.0,130.25,114.0,38.625,56.25,19.125,40.0,8.25,31.75,26.75,17.375,1.6725991114149008,12.875,30.875,41.787499999999994,28.125,50.375,55.704824134294874,19.125,23.5,82.2375,0.0,8.875,0.5541908749145591,5.75,19.625,0.28839686446594337,17.375,0.0,133.375
136,113,2024-01-01,1,1,2023-24,Houston Rockets,Detroit Pistons,120.125,35.625,64.5,20.0,42.625,11.5,31.125,24.5,12.5,2.0354527417027417,11.875,32.0,36.6375,32.25,60.125,53.4305010455987,20.0,24.25,82.52499999999999,0.0,8.875,0.7479113615143026,3.875,22.375,0.17022706686429512,12.5,0.0,135.25,114.875,29.25,64.75,20.875,42.625,11.0,31.625,24.125,15.25,1.7581604251012146,9.75,29.125,33.0875,32.375,59.5,54.578179431754485,20.875,26.875,77.0,0.0,6.0,0.4630627048390207,4.75,23.5,0.21042804872896406,15.25,0.0,124.625
127,90,2024-01-01,1,1,2023-24,Utah Jazz,Dallas Mavericks,117.75,39.75,58.5,19.5,43.625,11.125,32.5,29.125,13.875,2.1828742529400422,13.25,36.5,36.6375,29.25,52.625,55.68943932964211,19.5,23.25,84.58749999999999,0.0,7.25,0.5553134639483324,5.625,18.75,0.2973833927510398,13.875,0.0,139.125,116.875,42.375,56.75,17.75,41.875,10.875,31.0,23.625,11.5,2.14207702020202,14.125,40.0,35.15,28.375,51.75,55.786359680309836,17.75,23.75,74.47500000000001,0.0,7.5,0.6806915306915307,3.5,19.5,0.17966914836109882,11.5,0.0,126.625
124,121,2024-01-01,1,1,2023-24,Toronto Raptors,Cleveland Cavaliers,116.125,34.875,65.0,16.25,41.625,10.0,31.625,31.125,12.5,2.870907382091593,11.625,32.25,36.15,32.5,56.625,57.87634558410345,16.25,21.75,74.05,0.0,7.75,0.7707557245386192,5.25,17.5,0.31431709379658296,12.5,0.0,139.125,116.25,45.375,57.25,13.625,43.375,12.625,30.75,29.875,12.5,2.5026587995337994,15.125,43.625,34.362500000000004,28.625,49.75,57.14675534515475,13.625,18.5,74.6625,0.0,7.375,0.6373834498834499,4.125,19.75,0.2079499244716636,12.5,0.0,134.0
121,104,2024-01-01,1,1,2023-24,LA Clippers,Miami Heat,123.625,42.0,61.5,20.125,43.125,10.25,32.875,27.0,13.25,2.1665894869019873,14.0,35.5,39.4875,30.75,51.75,59.548179548499235,20.125,23.625,85.925,0.0,5.875,0.4676165848040848,5.75,19.625,0.2957170388091441,13.25,0.0,146.125,115.125,38.25,54.25,22.625,43.25,9.75,33.5,24.75,13.0,2.0062786478227657,12.75,32.625,39.0,27.125,51.375,52.73680528593438,22.625,28.625,79.1,0.0,6.375,0.49535586962057543,3.375,19.0,0.17549664602683177,13.0,0.0,129.75
111,93,2024-01-01,1,1,2023-24,Denver Nuggets,Charlotte Hornets,117.375,39.375,62.5,15.5,44.875,10.875,34.0,30.0,11.625,2.901931605975724,13.125,32.375,40.875,31.25,57.375,54.523481982498375,15.5,19.125,77.775,0.0,7.0,0.6577380952380953,5.875,18.375,0.335359042402386,11.625,0.0,144.5,103.875,31.5,58.75,13.625,38.25,9.875,28.375,23.625,12.5,2.207592115486852,10.5,33.125,30.575,29.375,57.5,50.74512288219933,13.625,17.375,81.89999999999999,0.0,6.25,0.5611702807426492,4.875,18.0,0.28699834624925485,12.5,0.0,109.875
106,98,2024-01-02,1,1,2023-24,Memphis Grizzlies,San Antonio Spurs,109.0,39.375,50.75,18.875,41.5,8.25,33.25,24.5,15.125,1.7874368686868687,13.125,39.25,33.75,25.375,47.75,52.05464572615146,18.875,24.75,76.01249999999999,0.0,7.125,0.5083333333333333,6.375,17.625,0.3512514075836444,15.125,0.0,119.0,113.5,37.5,60.0,16.0,42.5,9.5,33.0,30.0,13.5,2.4182141049739734,12.5,37.0,34.087500000000006,30.0,55.5,54.2840989776008,16.0,21.0,75.4125,0.0,7.125,0.5815319731438153,5.25,16.625,0.3275400580886262,13.5,0.0,129.875
104,111,2024-01-02,1,1,2023-24,Sacramento Kings,Charlotte Hornets,119.75,46.125,59.5,14.125,42.25,8.625,33.625,30.375,11.75,2.8341658341658342,15.375,40.375,37.75,29.75,49.375,60.49070775329011,14.125,19.875,70.825,0.0,6.375,0.5971528471528471,4.75,19.75,0.2525373217468806,11.75,0.0,141.375,102.125,31.875,57.25,13.0,39.0,9.875,29.125,24.375,13.25,2.1406278297725665,10.625,32.5,31.7625,28.625,57.375,49.604412499685665,13.0,16.75,80.97500000000001,0.0,5.875,0.4875095664569349,5.0,16.875,0.30783167958258817,13.25,0.0,108.75
121,115,2024-01-02,1,1,2023-24,Golden State Warriors,Orlando Magic,120.875,44.625,60.0,16.25,47.375,13.25,34.125,30.25,13.125,2.350258769008769,14.875,39.875,37.05,30.0,53.25,56.83523145110003,16.25,19.75,81.7,0.0,6.625,0.5061029248529249,3.875,18.0,0.22111048080559453,13.125,0.0,144.125,109.625,27.75,61.75,20.125,44.125,10.75,33.375,23.5,13.125,1.9502232142857143,9.25,31.5,30.025000000000002,30.875,56.125,54.802062941660026,20.125,26.0,78.275,0.0,7.25,0.5876984126984127,6.125,19.125,0.3216560990338164,13.125,0.0,124.125
112,85,2024-01-02,1,1,2023-24,New Orleans Pelicans,Brooklyn Nets,119.25,38.25,62.0,19.0,44.125,10.125,34.0,27.0,13.75,2.06634493978244,12.75,31.5,39.712500000000006,31.0,55.625,56.062364268177255,19.0,24.75,77.66250000000001,0.0,8.25,0.6057777292152291,5.125,20.375,0.254901650935774,13.75,0.0,140.875,113.125,34.125,59.0,20.0,44.75,13.5,31.25,26.875,10.375,2.6768939393939393,11.375,33.875,34.375,29.5,58.625,50.00435178746581,20.0,28.125,71.6875,0.0,6.375,0.6572871572871573,5.375,19.375,0.2823603133865282,10.375,0.0,126.375
110,97,2024-01-02,1,1,2023-24,Philadelphia 76ers,Chicago Bulls,116.875,35.625,62.75,18.5,39.125,8.0,31.125,23.75,10.5,2.3108630952380955,11.875,32.5,36.85,31.375,56.375,55.58482251023818,18.5,22.375,81.825,0.0,9.5,0.9650297619047619,5.625,20.5,0.28718530953051075,10.5,0.0,134.875,110.5,30.75,62.75,17.0,44.25,10.25,34.0,23.0,12.5,1.9320159313725491,10.25,30.125,33.275000000000006,31.375,56.375,55.95455238871223,17.0,21.0,82.0375,0.0,7.625,0.657077205882353,5.0,17.625,0.2958196516246052,12.5,0.0,129.0
127,123,2024-01-02,1,1,2023-24,Oklahoma City Thunder,Boston Celtics,123.625,40.875,65.5,17.25,40.75,7.125,33.625,28.375,11.25,2.747916666666667,13.625,33.875,40.1875,32.75,54.0,61.06468550877302,17.25,20.5,84.35000000000001,0.0,7.0,0.7121212121212122,7.75,19.25,0.41417588367085273,11.25,0.0,151.5,129.625,51.375,60.75,17.5,50.875,13.125,37.75,28.5,11.0,2.7977250180375184,17.125,43.875,39.324999999999996,30.375,52.125,58.445624911223234,17.5,21.5,82.3625,0.0,5.875,0.5835836038961039,6.75,16.125,0.4221287806620624,11.0,0.0,158.125
154,148,2024-01-03,1,1,2023-24,Utah Jazz,Detroit Pistons,120.625,39.75,61.25,19.625,45.625,10.875,34.75,30.25,13.875,2.269412714478504,13.25,37.375,36.0,30.625,53.0,57.951017037648384,19.625,22.875,86.86250000000001,0.0,7.375,0.564928848563717,6.0,19.125,0.3161333927510398,13.875,0.0,146.25,117.5,32.625,63.75,21.125,42.0,11.375,30.625,25.125,14.875,1.8325651870059765,10.875,30.125,36.3125,31.875,58.75,54.36984609842115,21.125,27.375,76.47500000000001,0.0,6.0,0.46603889531521114,4.375,23.0,0.19923757253848787,14.875,0.0,127.75
140,101,2024-01-03,1,1,2023-24,Cleveland Cavaliers,Washington Wizards,118.0,45.75,57.75,14.5,43.875,12.25,31.625,30.375,11.625,2.6858185217560218,15.25,44.0,34.362500000000004,28.875,50.125,57.20807609987173,14.5,19.625,73.9625,0.0,7.625,0.7076959498834499,4.25,21.125,0.20962616968239156,11.625,0.0,137.375,116.5,41.625,58.75,16.125,40.625,8.125,32.5,27.0,12.0,2.5275735294117645,13.875,39.375,35.387499999999996,29.375,51.5,57.21313154947522,16.125,21.25,72.8625,0.0,7.25,0.6243347338935574,5.875,19.625,0.2972259693351024,12.0,0.0,132.5
141,138,2024-01-03,1,1,2023-24,Atlanta Hawks,Oklahoma City Thunder,121.0,45.0,56.5,19.5,43.875,12.0,31.875,26.75,13.625,2.0226911976911977,15.0,41.125,36.912499999999994,28.25,50.25,56.32221013047872,19.5,24.625,79.69999999999999,0.0,6.5,0.48537608225108225,4.25,20.375,0.20594532279314887,13.625,0.0,135.5,124.75,45.0,64.0,15.75,40.5,7.25,33.25,29.875,11.375,2.8520833333333333,15.0,36.25,41.65,32.0,52.5,61.27476954238646,15.75,18.875,83.5,0.0,7.375,0.7395833333333333,7.875,19.625,0.41178353917324506,11.375,0.0,154.125
126,97,2024-01-03,1,1,2023-24,Dallas Mavericks,Portland Trail Blazers,115.125,41.625,56.25,17.25,41.625,10.0,31.625,24.75,12.125,2.1449179292929292,13.875,40.25,34.3125,28.125,51.625,55.43695367052647,17.25,22.625,74.8,0.0,8.0,0.704839257964258,4.125,18.875,0.22133581502776548,12.125,0.0,126.25,112.875,39.375,55.0,18.5,42.75,13.375,29.375,23.625,14.375,1.7248121718322957,13.125,32.625,40.9375,27.5,58.0,47.860890788901095,18.5,23.5,79.1125,0.0,7.875,0.5693079736955511,5.25,20.25,0.26406069205991806,14.375,0.0,123.0
138,135,2024-01-03,1,1,2023-24,Sacramento Kings,Orlando Magic,117.125,43.125,60.0,14.0,42.625,9.5,33.125,28.75,12.125,2.721070596070596,14.375,39.25,36.5,30.0,51.375,58.79427918186153,14.0,20.125,69.0125,0.0,6.625,0.603105228105228,4.75,20.5,0.24870100461133068,12.125,0.0,135.375,111.875,28.875,62.75,20.25,43.875,11.5,32.375,23.625,14.25,1.8321676587301587,9.625,31.5,31.0625,31.375,56.5,55.404320354058946,20.25,25.875,79.225,0.0,7.375,0.546031746031746,6.125,20.125,0.31123943236714974,14.25,0.0,126.0
111,116,2024-01-03,1,1,2023-24,Memphis Grizzlies,Toronto Raptors,110.125,36.75,54.25,19.125,41.625,8.375,33.25,24.375,14.25,1.845391414141414,12.25,37.25,33.300000000000004,27.125,49.125,55.05963804565991,19.125,25.25,75.3,0.0,7.0,0.515909090909091,7.0,18.125,0.37499282634794645,14.25,0.0,122.75,118.625,35.25,65.25,18.125,43.5,10.875,32.625,30.5,12.125,2.8871411483253584,11.75,32.125,36.699999999999996,32.625,58.0,56.522417285095045,18.125,23.625,76.1125,0.0,7.375,0.7561453349282297,5.0,17.875,0.2975706823133294,12.125,0.0,141.625
142,130,2024-01-03,1,1,2023-24,Indiana Pacers,Milwaukee Bucks,123.625,48.375,57.25,18.0,40.25,9.375,30.875,31.375,14.125,2.3845411941000174,16.125,40.125,39.8125,28.625,46.875,61.14756745328682,18.0,22.125,80.22500000000001,0.0,6.875,0.5291391818965349,7.25,22.125,0.3382350288600288,14.125,0.0,148.875,125.75,43.5,61.0,21.25,46.375,11.125,35.25,28.75,12.5,2.57012987012987,14.5,39.5,36.875,30.5,52.25,59.07834419981073,21.25,26.125,80.75000000000001,0.0,5.5,0.5271654815772463,5.25,20.5,0.27497888584845104,12.5,0.0,147.5
96,110,2024-01-03,1,1,2023-24,Los Angeles Lakers,Miami Heat,115.0,36.0,61.75,17.25,40.25,7.75,32.5,28.5,12.125,2.516702741702742,12.0,31.5,38.3625,30.875,58.875,52.55565577735534,17.25,20.875,84.05,0.0,8.0,0.7074786324786325,5.625,16.125,0.37549091775097965,12.125,0.0,134.125,113.625,36.75,54.75,22.125,42.375,10.25,32.125,24.5,13.375,1.9251098166539344,12.25,32.625,37.537499999999994,27.375,51.75,52.880993395961,22.125,27.875,79.375,0.0,7.0,0.5351285968933027,3.625,18.625,0.19130546955624356,13.375,0.0,127.25
122,131,2024-01-03,1,1,2023-24,Phoenix Suns,LA Clippers,114.75,30.75,63.75,20.25,44.75,10.625,34.125,25.75,14.875,1.8745291537667699,10.25,29.875,33.5375,31.875,55.875,57.46376818544259,20.25,25.75,79.275,0.0,7.375,0.6064934855521156,6.125,17.375,0.3748539547397906,14.875,0.0,134.75,123.625,42.375,62.75,18.5,42.75,9.75,33.0,26.75,13.625,2.1093415877423234,14.125,35.125,40.449999999999996,31.375,52.0,60.49355769975974,18.5,21.625,86.7,0.0,6.375,0.4875745679973621,5.0,19.625,0.25821703880914404,13.625,0.0,146.125
116,100,2024-01-03,1,1,2023-24,New York Knicks,Chicago Bulls,117.625,33.375,62.75,21.5,44.875,10.875,34.0,22.75,14.125,1.6557156385281386,11.125,31.625,34.6125,31.375,58.375,53.69605071652485,21.5,26.125,82.7125,0.0,6.75,0.5015715187590187,3.875,20.625,0.20691240411635148,14.125,0.0,129.625,108.125,27.375,65.0,15.75,45.625,11.25,34.375,22.0,12.875,1.8417381535947712,9.125,30.0,30.375,32.5,58.875,55.57971536133284,15.75,20.25,79.525,0.0,7.75,0.6529105392156863,5.375,17.875,0.3111705288175876,12.875,0.0,124.25
106,117,2024-01-03,1,1,2023-24,Minnesota Timberwolves,New Orleans Pelicans,111.375,36.0,55.0,20.375,39.75,7.75,32.0,25.0,17.25,1.5672419685577579,12.0,30.625,39.199999999999996,27.5,49.375,55.51881222953297,20.375,25.125,81.98750000000001,0.0,8.375,0.5244289701526543,5.75,20.375,0.27987413719321613,17.25,0.0,127.75,119.25,40.875,61.0,17.375,44.625,10.875,33.75,26.875,13.875,2.047962586841263,13.625,33.0,40.675000000000004,30.5,55.125,55.60029264707598,17.375,23.0,76.8375,0.0,9.0,0.648057140979935,5.625,19.75,0.311886945053421,13.875,0.0,141.875
112,101,2024-01-03,1,1,2023-24,Houston Rockets,Brooklyn Nets,122.25,37.125,65.0,20.125,43.625,11.5,32.125,25.5,12.5,2.135452741702742,12.375,33.0,36.9125,32.5,59.875,54.13862912441643,20.125,24.625,81.7125,0.0,9.25,0.7854113615143027,3.5,22.125,0.15299649042319236,12.5,0.0,139.125,110.25,32.25,59.25,18.75,45.625,14.375,31.25,27.0,10.5,2.6703463203463205,10.75,34.375,32.45,29.625,59.125,49.821642340050474,18.75,26.625,69.1875,0.0,6.75,0.6799062049062049,4.75,18.875,0.2546453812598314,10.5,0.0,122.875
127,130,2024-01-04,1,1,2023-24,Golden State Warriors,Denver Nuggets,120.5,43.125,60.5,16.875,46.625,12.75,33.875,29.5,12.875,2.3309135309135307,14.375,40.25,35.05,30.25,51.25,59.545125026188714,16.875,21.875,77.9375,0.0,6.875,0.5373529248529249,4.0,18.5,0.21891749834945418,12.875,0.0,142.75,116.625,40.5,61.5,14.625,44.625,9.375,35.25,29.625,11.875,2.792083121127239,13.5,33.125,41.125,30.75,55.375,55.59816322111404,14.625,18.375,76.5625,0.0,7.5,0.690566378066378,7.0,17.5,0.410359042402386,11.875,0.0,145.5
121,125,2024-01-04,1,1,2023-24,San Antonio Spurs,Milwaukee Bucks,112.0,35.625,60.25,16.125,42.625,9.125,33.5,29.0,13.875,2.3034304511278196,11.875,35.625,33.6625,30.125,55.75,54.29300211150393,16.125,21.25,75.1875,0.0,7.125,0.5707146654515076,5.5,17.75,0.3192067247552929,13.875,0.0,127.875,126.0,43.875,61.0,21.125,45.875,10.375,35.5,29.375,12.0,2.674767879179644,14.625,39.625,37.087500000000006,30.5,52.375,58.9436640651306,21.125,26.125,80.36250000000001,0.0,5.75,0.5554460245636716,5.625,20.75,0.28954410323975543,12.0,0.0,148.75
135,130,2024-01-05,1,1,2023-24,Sacramento Kings,Toronto Raptors,116.5,42.375,60.0,14.125,44.625,10.625,34.0,28.875,13.875,2.31035631035631,14.125,38.875,36.25,30.0,52.375,57.8226192628332,14.125,20.75,67.8625,0.0,6.75,0.5138195138195139,4.5,20.125,0.2405164808018069,13.875,0.0,133.625,118.875,36.75,63.5,18.625,42.875,9.875,33.0,29.875,11.25,2.950189393939394,12.25,31.75,39.025000000000006,31.75,58.25,54.77174823959996,18.625,24.25,76.075,0.0,7.5,0.7819128787878789,5.25,18.375,0.3038206823133294,11.25,0.0,141.5
104,91,2024-01-05,1,1,2023-24,Chicago Bulls,Charlotte Hornets,107.125,27.75,63.5,15.875,44.875,11.25,33.625,22.0,13.0,1.814465426322044,9.25,30.375,30.275000000000006,31.75,58.5,54.59287325606968,15.875,20.375,79.6875,0.0,8.0,0.6676832664884136,5.125,18.125,0.28764111705288176,13.0,0.0,121.75,105.75,33.75,58.25,13.75,38.875,9.375,29.5,25.375,13.5,2.1880637272084638,11.25,32.375,33.675,29.125,56.375,51.613341071114235,13.75,17.75,80.6125,0.0,6.5,0.5253300792774477,5.75,17.0,0.3554507272016358,13.5,0.0,116.375
113,109,2024-01-05,1,1,2023-24,Golden State Warriors,Detroit Pistons,121.625,43.875,60.75,17.0,45.375,12.5,32.875,30.0,12.375,2.4916278166278167,14.625,40.0,35.9875,30.375,51.875,58.99712804962031,17.0,21.5,80.32499999999999,0.0,6.125,0.4980672105672106,3.875,18.5,0.2126674983494542,12.375,0.0,143.25,121.75,37.5,63.75,20.5,43.5,12.125,31.375,26.125,16.0,1.684587245829506,12.5,31.75,39.425,31.875,58.25,54.79493801018586,20.5,26.875,75.5625,0.0,5.375,0.34655360119756407,4.25,23.5,0.19138733099259414,16.0,0.0,133.0
114,90,2024-01-05,1,1,2023-24,Cleveland Cavaliers,Washington Wizards,119.625,47.25,58.0,14.375,45.5,12.25,33.25,31.0,11.625,2.742636703574204,15.75,44.0,35.550000000000004,29.0,50.125,57.419940506651386,14.375,19.75,72.5,0.0,7.25,0.6736050407925408,4.875,20.0,0.26950379206001396,11.625,0.0,141.875,115.625,40.875,60.0,14.75,39.625,8.375,31.25,26.75,11.75,2.5713235294117647,13.625,38.0,35.875,30.0,53.625,56.51739871088524,14.75,20.125,68.55,0.0,7.25,0.6493347338935573,5.75,18.25,0.3118688264779596,11.75,0.0,129.875
113,127,2024-01-05,1,1,2023-24,Los Angeles Lakers,Memphis Grizzlies,113.375,32.625,62.25,18.5,41.375,7.75,33.625,28.5,13.625,2.3189754689754687,10.875,30.125,36.0625,31.125,58.25,53.61697653207232,18.5,22.25,83.97500000000001,0.0,7.25,0.6120240870240871,6.0,15.75,0.40700352279299645,13.625,0.0,132.75,109.625,38.625,52.75,18.25,41.75,7.875,33.875,25.125,13.25,2.0259469696969696,12.875,38.625,33.725,26.375,49.25,53.471214214589025,18.25,24.0,75.9125,0.0,7.25,0.5686868686868687,6.75,18.125,0.36183493161110436,13.25,0.0,122.875
126,97,2024-01-05,1,1,2023-24,Boston Celtics,Utah Jazz,130.75,50.625,60.5,19.625,49.875,14.0,35.875,30.375,11.0,2.931653589466089,16.875,44.375,38.1125,30.25,51.25,59.00380613677734,19.625,24.125,81.775,0.0,6.25,0.6103693181818182,6.75,15.625,0.4396726403111852,11.0,0.0,160.0,124.25,40.5,62.75,21.0,44.625,11.25,33.375,30.0,13.625,2.2932222382880276,13.5,37.125,37.1,31.375,54.75,57.66685593065555,21.0,24.25,87.35000000000001,0.0,8.0,0.6259407533256217,6.0,19.375,0.3115879382055853,13.625,0.0,149.0
124,115,2024-01-05,1,1,2023-24,Brooklyn Nets,Oklahoma City Thunder,110.125,31.5,59.5,19.125,45.75,14.125,31.625,27.0,10.375,2.6987554112554113,10.5,34.0,32.15,29.75,58.5,50.59639668623339,19.125,27.75,67.3125,0.0,7.375,0.7492243867243867,4.375,18.75,0.23786906547035772,10.375,0.0,123.375,127.5,47.625,64.25,15.625,38.5,7.125,31.375,29.75,11.5,2.817628205128205,15.875,36.25,44.074999999999996,32.125,52.375,61.62785395797088,15.625,19.25,81.7,0.0,7.25,0.7211538461538461,6.75,20.25,0.34777387733749626,11.5,0.0,154.0
113,97,2024-01-05,1,1,2023-24,Phoenix Suns,Miami Heat,116.0,33.75,62.0,20.25,42.0,10.25,31.75,25.0,14.875,1.8304115067079465,11.25,30.375,36.075,31.0,54.0,57.93083290038866,20.25,25.25,80.75,0.0,7.5,0.6138464267285861,5.625,18.25,0.338848519957182,14.875,0.0,134.125,112.625,37.875,53.5,21.25,43.375,10.125,33.25,25.0,13.375,1.9751098166539343,12.625,33.5,37.6625,26.75,52.125,51.195944376353154,21.25,26.875,78.7,0.0,7.875,0.6226285968933027,3.75,19.125,0.19445192264548838,13.375,0.0,127.375
120,122,2024-01-05,1,1,2023-24,Denver Nuggets,Orlando Magic,116.625,38.625,62.5,15.5,43.375,9.625,33.75,29.5,11.875,2.77819423223835,12.875,33.125,38.724999999999994,31.25,55.125,56.68874393797984,15.5,19.25,77.1125,0.0,7.5,0.6905663780663781,7.0,17.0,0.41737658626203517,11.875,0.0,144.25,115.5,34.875,59.5,21.125,42.625,10.5,32.125,24.125,15.375,1.7265128968253969,11.625,32.5,35.0375,29.75,55.625,53.020194020999064,21.125,26.875,79.55,0.0,7.625,0.5222222222222223,6.375,20.875,0.3143644323671497,15.375,0.0,128.375
92,128,2024-01-05,1,1,2023-24,Philadelphia 76ers,New York Knicks,113.75,34.875,59.5,19.375,38.875,8.125,30.75,23.5,11.625,2.120073621553885,11.625,32.375,36.199999999999996,29.75,55.5,53.53219093129081,19.375,24.0,79.9625,0.0,9.375,0.8992402882205514,5.625,21.125,0.2771585715625963,11.625,0.0,128.375,117.875,35.25,62.5,20.125,44.875,11.125,33.75,23.75,14.125,1.7182156385281386,11.75,32.625,35.387499999999996,31.25,57.5,54.3975382080732,20.125,24.625,82.0625,0.0,6.875,0.5093840187590187,4.0,20.75,0.21150799235164558,14.125,0.0,131.625
95,122,2024-01-05,1,1,2023-24,Houston Rockets,Minnesota Timberwolves,120.0,39.75,60.75,19.5,43.75,10.25,33.5,24.625,12.75,2.042818813131313,13.25,33.75,38.449999999999996,30.375,55.875,53.87913049535259,19.5,24.625,79.39999999999999,0.0,8.75,0.7441167186571598,3.375,20.5,0.15978102989687656,12.75,0.0,136.625,110.625,35.625,54.0,21.0,37.625,7.25,30.375,24.875,17.125,1.5761705399863293,11.875,30.875,38.5,27.0,48.75,55.216816431213644,21.0,26.125,80.98750000000001,0.0,8.0,0.5024509481746324,5.375,19.625,0.27835591856973435,17.125,0.0,123.5
95,111,2024-01-05,1,1,2023-24,New Orleans Pelicans,LA Clippers,115.625,37.125,61.0,17.5,43.375,10.625,32.75,25.875,13.75,1.9991530630317396,12.375,31.0,39.9,30.5,55.0,55.73422121850456,17.5,22.375,79.91250000000001,0.0,8.5,0.6188904743132685,5.875,20.375,0.31819176961482454,13.75,0.0,137.5,122.0,43.125,60.25,18.625,42.0,10.0,32.0,25.375,14.25,1.832555873456609,14.375,35.25,41.0,30.125,50.375,59.90914211534416,18.625,21.375,87.725,0.0,6.5,0.45682059974339384,4.875,19.25,0.2572249753170806,14.25,0.0,142.625
150,116,2024-01-05,1,1,2023-24,Indiana Pacers,Atlanta Hawks,125.5,49.125,57.0,19.375,41.5,8.875,32.625,30.875,14.125,2.3390866486454724,16.375,40.375,40.262499999999996,28.5,46.0,61.86970821575016,19.375,23.75,80.39999999999999,0.0,7.0,0.5405028182601712,7.0,22.875,0.3197165103415104,14.125,0.0,151.875,123.75,44.625,58.5,20.625,45.75,13.125,32.625,27.875,13.875,2.0725163725163727,14.875,41.5,36.1875,29.25,51.125,57.27884278353994,20.625,25.625,80.4375,0.0,6.875,0.5054809773559773,4.375,20.375,0.21189770374552983,13.875,0.0,141.25
139,103,2024-01-05,1,1,2023-24,Dallas Mavericks,Portland Trail Blazers,117.0,41.25,57.25,18.5,42.5,9.25,33.25,25.0,12.625,2.045959595959596,13.75,38.625,35.65,28.625,52.375,55.63949996682277,18.5,24.375,74.83749999999999,0.0,8.5,0.704839257964258,4.625,18.75,0.25021008403361344,12.625,0.0,130.5,110.75,39.375,53.5,17.875,43.875,13.5,30.375,23.625,15.375,1.650136847156971,13.125,33.25,40.3625,26.75,57.625,46.69599717187982,17.875,23.375,76.7875,0.0,7.125,0.5027495321371095,5.125,22.0,0.25009010382462393,15.375,0.0,118.625
101,118,2024-01-06,1,1,2023-24,Indiana Pacers,Boston Celtics,126.25,49.5,59.5,17.25,41.625,8.875,32.75,32.5,14.5,2.3739424178762416,16.5,40.375,40.575,29.75,47.75,61.736670521736855,17.25,21.625,79.3125,0.0,7.75,0.5765605105678635,6.375,23.375,0.28534151034151034,14.5,0.0,153.75,130.75,50.625,58.5,21.625,50.0,12.875,37.125,29.875,11.75,2.7084393037518035,16.875,43.25,38.7875,29.25,49.375,59.0146946385195,21.625,26.5,81.51249999999999,0.0,6.625,0.596976461038961,7.125,16.875,0.43507397810382736,11.75,0.0,161.25
112,108,2024-01-06,1,1,2023-24,Houston Rockets,Milwaukee Bucks,116.0,38.25,59.75,18.0,43.875,10.125,33.75,23.75,13.5,1.845596590909091,12.75,33.5,37.25,29.875,56.25,52.687907924819676,18.0,23.625,76.0625,0.0,9.125,0.7468944964349377,2.875,19.5,0.1438390009113693,13.5,0.0,129.375,125.125,41.625,62.25,21.25,45.25,10.0,35.25,28.5,12.875,2.3086964506082155,13.875,37.75,36.912499999999994,31.125,52.5,59.90025813651596,21.25,26.25,80.5,0.0,5.0,0.40366031027795735,5.375,20.875,0.2702732699064221,12.875,0.0,146.125
105,121,2024-01-06,1,1,2023-24,Washington Wizards,New York Knicks,110.5,37.5,60.0,13.0,38.625,8.625,30.0,25.875,12.375,2.4401960784313723,12.5,37.0,33.7,30.0,54.5,55.62102361238249,13.0,18.25,67.3,0.0,8.375,0.7063200280112044,6.0,18.0,0.32878611971104227,12.375,0.0,122.75,118.75,37.125,61.0,20.625,44.25,10.875,33.375,24.125,14.375,1.7051037504162505,12.375,33.625,35.95,30.5,55.75,54.657954874739865,20.625,24.625,84.0625,0.0,6.75,0.48578262015762014,4.0,21.625,0.19294738629103952,14.375,0.0,133.0
109,120,2024-01-06,1,1,2023-24,Philadelphia 76ers,Utah Jazz,112.25,33.0,59.5,19.75,38.125,8.0,30.125,23.375,11.875,2.076918859649123,11.0,31.25,35.1625,29.75,55.75,53.32437073424648,19.75,25.0,78.0375,0.0,9.375,0.8873355263157894,5.75,21.25,0.2808350421508316,11.875,0.0,125.5,121.875,37.875,63.0,21.0,47.0,12.5,34.5,29.875,13.875,2.26544446051025,12.625,37.625,33.8875,31.5,56.25,56.46893926398889,21.0,25.0,85.53750000000001,0.0,8.75,0.6632671422145106,5.5,19.625,0.28791369578134285,13.875,0.0,145.375
117,115,2024-01-07,1,1,2023-24,Cleveland Cavaliers,San Antonio Spurs,117.0,46.125,57.25,13.625,47.25,12.0,35.25,31.25,13.125,2.6020117035742034,15.375,42.125,36.6625,28.625,49.5,57.37935609106698,13.625,18.375,73.1125,0.0,7.5,0.6475633741258742,4.0,19.25,0.23608273942843502,13.125,0.0,141.5,112.25,37.5,59.0,15.75,41.375,9.375,32.0,29.5,13.375,2.415409617794486,12.5,36.875,34.2875,29.5,54.375,54.55815362665544,15.75,20.75,75.5,0.0,7.875,0.6436313321181742,6.0,17.625,0.3522949600494105,13.375,0.0,129.375
131,114,2024-01-07,1,1,2023-24,Denver Nuggets,Detroit Pistons,117.5,37.5,63.0,17.0,42.375,8.875,33.5,29.375,12.375,2.6446472236913414,12.5,33.125,37.5875,31.5,54.75,57.43626254840167,17.0,20.75,81.6125,0.0,7.375,0.642489454989455,6.0,18.25,0.33627290733226933,12.375,0.0,142.625,119.875,39.0,61.75,19.125,44.0,11.875,32.125,26.375,15.75,1.747524308766569,13.0,34.5,38.0,30.875,56.0,55.20003060277845,19.125,24.75,76.7625,0.0,5.5,0.37015499979896266,5.0,23.125,0.2258772975477781,15.75,0.0,132.75
118,133,2024-01-07,1,1,2023-24,Golden State Warriors,Toronto Raptors,119.25,42.375,58.75,18.125,43.625,11.125,32.5,29.375,13.5,2.287022553469922,14.125,38.5,36.25,29.375,50.0,58.89119584623048,18.125,22.875,80.11250000000001,0.0,6.0,0.46780405267247377,3.875,18.875,0.20572305390500972,13.5,0.0,138.875,122.125,38.25,63.5,20.375,42.375,9.625,32.75,30.5,11.625,2.9315205627705625,12.75,33.0,39.25,31.75,56.625,56.52571649356821,20.375,26.0,78.075,0.0,7.75,0.7924648268398268,5.875,19.375,0.31423734897999606,11.625,0.0,146.25
127,134,2024-01-07,1,1,2023-24,Brooklyn Nets,Portland Trail Blazers,111.0,31.875,58.75,20.375,46.5,14.875,31.625,26.125,10.875,2.543452380952381,10.625,34.75,31.712500000000002,29.375,58.0,50.390352730189434,20.375,28.625,69.2625,0.0,8.0,0.7787698412698413,3.875,18.875,0.21545058720948815,10.875,0.0,123.625,110.0,39.0,53.75,17.25,43.875,13.5,30.375,24.125,15.625,1.6586507790455158,13.0,34.75,38.175,26.875,57.125,47.3084779114792,17.25,23.125,74.425,0.0,7.25,0.5031365290411343,5.0,21.625,0.24731232604684616,15.625,0.0,116.75
115,121,2024-01-07,1,1,2023-24,Phoenix Suns,Memphis Grizzlies,117.125,37.125,60.25,19.75,41.625,9.625,32.0,25.875,14.375,1.9796539309503705,12.375,31.875,38.362500000000004,30.125,51.625,58.62828685488487,19.75,24.75,79.9125,0.0,7.875,0.6782403661225256,5.5,18.625,0.3235707421794042,14.375,0.0,137.625,111.0,41.25,51.25,18.5,42.125,7.625,34.5,25.875,13.125,2.0743022328548646,13.75,39.875,34.4,25.625,47.75,53.67805370714281,18.5,23.875,77.575,0.0,7.25,0.5713184476342371,6.375,18.875,0.3243349316111044,13.125,0.0,125.875
106,103,2024-01-07,1,1,2023-24,Los Angeles Lakers,LA Clippers,114.0,31.875,62.75,19.375,40.75,7.75,33.0,28.375,13.625,2.3100468975468975,10.625,29.0,36.475,31.375,58.25,54.05557302330039,19.375,23.75,82.775,0.0,8.0,0.6655955155955156,5.5,16.125,0.35424378253325617,13.625,0.0,133.375,117.0,41.625,57.25,18.125,42.5,9.5,33.0,25.625,14.75,1.7704346613353967,13.875,35.0,39.9625,28.625,48.625,58.99428704288039,18.125,21.0,86.85,0.0,6.75,0.4613660542888484,4.625,19.125,0.24662556011240222,14.75,0.0,137.75
100,133,2024-01-07,1,1,2023-24,Sacramento Kings,New Orleans Pelicans,118.5,42.375,62.25,13.875,45.25,10.5,34.75,29.625,14.875,2.0841658341658342,14.125,38.125,37.2,31.125,54.25,58.221555433045964,13.875,19.75,69.675,0.0,6.75,0.4757242757242757,3.625,21.125,0.17928459674383587,14.875,0.0,135.875,113.375,37.5,59.0,16.875,43.875,11.0,32.875,25.75,13.5,2.0433449822236587,12.5,31.5,39.574999999999996,29.5,55.375,53.85922121850455,16.875,22.25,77.6875,0.0,9.125,0.698435928858723,6.125,19.625,0.3386521276710905,13.5,0.0,134.5
115,108,2024-01-07,1,1,2023-24,Dallas Mavericks,Minnesota Timberwolves,122.375,45.0,60.0,17.375,43.125,8.75,34.375,27.125,13.25,2.1158125371360663,15.0,38.375,39.05,30.0,52.0,58.30696746258308,17.375,23.0,74.0375,0.0,8.625,0.6815549442387678,5.5,19.25,0.29047619047619044,13.25,0.0,142.5,111.75,37.5,53.75,20.5,39.25,7.25,32.0,26.0,16.5,1.7082194121667806,12.5,31.875,39.300000000000004,26.875,48.5,55.25270159867776,20.5,25.625,80.57499999999999,0.0,9.0,0.5832780158438053,6.0,19.125,0.3156033933172091,16.5,0.0,129.375
117,110,2024-01-07,1,1,2023-24,Orlando Magic,Atlanta Hawks,116.5,38.25,56.25,22.0,42.0,10.25,31.75,24.0,16.375,1.470560515873016,12.75,32.875,37.9125,28.125,53.125,52.53435739385809,22.0,28.25,79.3,0.0,8.0,0.49007936507936506,5.625,20.5,0.2842013888888889,16.375,0.0,128.375,122.0,42.375,58.5,21.125,45.625,13.5,32.125,27.375,13.375,2.0864052614052615,14.125,42.25,33.6125,29.25,51.375,56.97872273552074,21.125,26.0,81.08749999999999,0.0,6.875,0.5173857392607393,3.5,18.75,0.19390527950310557,13.375,0.0,136.875
128,136,2024-01-08,1,1,2023-24,Washington Wizards,Oklahoma City Thunder,108.875,37.875,59.25,11.75,39.625,9.25,30.375,26.75,13.375,2.375612745098039,12.625,37.875,33.0875,29.625,53.75,55.70782916793804,11.75,16.75,66.2,0.0,7.875,0.6438200280112045,5.625,18.375,0.3034184726522187,13.375,0.0,121.0,125.125,45.0,64.5,15.625,38.25,7.25,31.0,29.0,11.625,2.731891025641026,15.0,35.875,41.8125,32.25,52.375,61.863703014574654,15.625,20.0,78.92500000000001,0.0,7.125,0.7043269230769231,6.75,22.125,0.314994157057776,11.625,0.0,149.25
138,111,2024-01-08,1,1,2023-24,LA Clippers,Phoenix Suns,114.875,42.75,54.75,17.375,42.0,10.25,31.75,24.875,15.0,1.6934257327639681,14.25,35.75,40.25,27.375,49.625,55.39122746155994,17.375,20.25,86.5375,0.0,7.5,0.5015446257174199,4.75,18.75,0.25679302422723477,15.0,0.0,132.375,118.375,38.25,61.25,18.875,42.25,9.75,32.5,27.125,14.0,2.1234039309503707,12.75,32.25,39.4375,30.625,53.0,58.30117402777204,18.875,24.0,78.61250000000001,0.0,7.5,0.6636570327891922,5.75,19.625,0.3250327304834978,14.0,0.0,140.0
116,132,2024-01-08,1,1,2023-24,Milwaukee Bucks,Utah Jazz,123.875,40.875,62.0,21.0,44.0,9.25,34.75,27.75,12.625,2.2859691778809426,13.625,37.375,36.512499999999996,31.0,51.125,61.270428846309315,21.0,27.125,78.05000000000001,0.0,5.5,0.4543596109772581,5.125,21.125,0.25701569414884634,12.625,0.0,143.625,122.0,36.75,64.5,20.75,47.5,11.75,35.75,30.375,15.25,2.17169446051025,12.25,37.625,32.6375,32.25,54.5,59.71893926398889,20.75,25.0,84.4875,0.0,7.375,0.5398697063170748,5.125,19.625,0.2670803624480095,15.25,0.0,145.25
112,119,2024-01-08,1,1,2023-24,Charlotte Hornets,Chicago Bulls,104.75,34.5,57.0,13.25,39.625,9.625,30.0,25.625,13.5,2.2072944964392334,11.5,32.625,34.225,28.5,56.125,50.724186366170066,13.25,17.625,77.4875,0.0,6.375,0.5157146946620631,5.125,17.125,0.32222704299110944,13.5,0.0,114.875,104.625,24.75,63.5,16.375,44.0,10.875,33.125,22.5,12.875,1.8608195929887106,8.25,29.625,28.125,31.75,57.5,55.800602724668714,16.375,21.125,78.62499999999999,0.0,8.0,0.6713290998217468,5.125,18.375,0.2817587641117053,12.875,0.0,119.5
133,131,2024-01-08,1,1,2023-24,Indiana Pacers,Boston Celtics,126.0,45.75,62.0,18.25,41.5,8.625,32.875,31.875,13.5,2.487504509379509,15.25,39.125,38.625,31.0,49.25,62.65772315331581,18.25,23.0,78.75,0.0,7.75,0.6549918831168831,5.5,23.0,0.24565897065897066,13.5,0.0,152.25,127.5,48.375,58.75,20.375,50.75,12.75,38.0,28.75,12.875,2.402883748196248,16.125,43.125,37.1125,29.375,49.25,59.4177558630093,20.375,25.875,77.675,0.0,6.625,0.5553097943722944,6.625,17.25,0.39904456633912144,12.875,0.0,155.0
120,113,2024-01-08,1,1,2023-24,Miami Heat,Houston Rockets,111.25,37.5,52.0,21.75,43.875,10.375,33.5,24.875,13.5,1.9532348166539344,12.5,34.375,36.45,26.0,50.75,51.13873613836689,21.75,27.375,79.0875,0.0,7.25,0.5783577635599695,3.5,19.5,0.17857890677247254,13.5,0.0,125.0,114.75,39.0,56.75,19.0,41.75,9.5,32.25,23.875,12.625,1.9661848262032084,13.0,33.0,38.4125,28.375,55.25,50.879816267103955,19.0,24.75,76.28750000000001,0.0,9.125,0.7829239081996435,2.75,19.75,0.13721021303258146,12.625,0.0,127.0
92,113,2024-01-09,1,1,2023-24,Orlando Magic,Minnesota Timberwolves,116.5,42.375,54.5,19.625,44.25,10.625,33.625,24.375,16.125,1.527611797924298,14.125,35.75,38.9375,27.25,53.375,50.736111779823,19.625,25.875,77.1875,0.0,7.875,0.492002442002442,5.375,21.25,0.2651041666666667,16.125,0.0,128.25,110.5,37.125,53.75,19.625,40.625,8.375,32.25,24.75,16.375,1.6340435879909563,12.375,32.5,38.4,26.875,48.75,54.9937300855442,19.625,25.125,78.3125,0.0,8.125,0.5248988949646844,5.625,19.5,0.2922780344655345,16.375,0.0,125.75
112,84,2024-01-09,1,1,2023-24,New York Knicks,Portland Trail Blazers,120.0,39.0,60.25,20.75,44.75,10.875,33.875,25.375,14.75,1.752993360805861,13.0,34.5,36.9375,30.125,54.125,55.51579801199477,20.75,25.0,83.1,0.0,7.25,0.5093215811965812,4.0,20.875,0.19720874992740317,14.75,0.0,136.875,112.125,41.25,52.75,18.125,42.25,12.125,30.125,23.75,14.875,1.733650779045516,13.75,35.75,38.9125,26.375,56.125,47.214010974907,18.125,24.0,75.1875,0.0,7.0,0.5109490290411343,4.875,20.75,0.2507845482690684,14.875,0.0,117.5
110,131,2024-01-09,1,1,2023-24,Detroit Pistons,Sacramento Kings,120.25,39.0,61.5,19.75,43.5,12.0,31.5,26.875,14.625,1.8963338325760926,13.0,33.625,39.0625,30.75,57.25,53.81891172165957,19.75,26.125,74.9875,0.0,5.5,0.39694071408467696,3.875,23.25,0.16666677123198864,14.625,0.0,131.875,116.0,43.5,60.0,12.5,43.75,10.625,33.125,29.125,14.25,2.1873404373404375,14.5,39.0,37.4125,30.0,54.375,55.58266654415708,12.5,18.0,69.4375,0.0,7.0,0.5382242757242757,3.0,19.625,0.16365959674383584,14.25,0.0,130.25
132,131,2024-01-09,1,1,2023-24,Los Angeles Lakers,Toronto Raptors,113.375,32.25,62.75,18.375,41.0,7.875,33.125,28.625,13.75,2.315529353687248,10.75,29.625,36.0,31.375,57.5,54.79909716784788,18.375,22.75,81.475,0.0,8.375,0.6831393752446384,5.5,15.25,0.3807589340484077,13.75,0.0,133.75,124.875,40.5,66.0,18.375,42.25,9.375,32.875,31.5,11.0,3.2975919913419913,13.5,33.0,41.525,33.0,57.5,57.777993360599176,18.375,24.25,74.5,0.0,7.5,0.8237148268398269,5.875,19.125,0.3209337775514246,11.0,0.0,151.125
103,120,2024-01-09,1,1,2023-24,Dallas Mavericks,Memphis Grizzlies,118.75,42.0,59.75,17.0,42.125,9.25,32.875,26.375,13.0,2.093085264408794,14.0,37.75,37.349999999999994,29.875,52.0,58.079694735310355,17.0,22.875,72.6625,0.0,8.625,0.6937927064765301,5.75,19.375,0.30144110275689223,13.0,0.0,136.875,110.5,43.5,48.0,19.0,42.5,7.625,34.875,25.875,13.875,1.97360778841042,14.5,41.875,34.574999999999996,24.0,45.75,52.83169954047614,19.0,24.125,79.0,0.0,7.375,0.5574295587453482,6.5,19.875,0.31131409827777107,13.875,0.0,124.625
112,104,2024-01-10,1,1,2023-24,Indiana Pacers,Washington Wizards,128.875,47.25,62.25,19.375,42.25,8.875,33.375,32.125,13.25,2.541350663225663,15.75,39.875,39.05,31.125,49.625,62.47389962390403,19.375,24.125,80.32499999999999,0.0,7.625,0.6543508574758574,5.625,22.125,0.25870244891984023,13.25,0.0,155.875,110.125,39.375,58.25,12.5,39.5,9.625,29.875,27.625,14.125,2.295057189542484,13.125,37.5,35.025,29.125,53.125,55.41425248429345,12.5,17.375,67.07499999999999,0.0,7.875,0.6049311391223156,5.75,19.25,0.29934238569569704,14.125,0.0,123.5
126,120,2024-01-10,1,1,2023-24,LA Clippers,Toronto Raptors,117.75,42.0,57.5,18.25,42.5,10.125,32.375,26.0,14.75,1.7994525184782537,14.0,34.0,41.775,28.75,50.375,57.1233703187028,18.25,21.625,85.3625,0.0,7.75,0.5294464114317056,4.5,19.125,0.23992794486215538,14.75,0.0,138.75,126.375,42.0,67.0,17.375,42.0,8.5,33.5,31.375,11.125,3.2540313852813854,14.0,33.375,42.525000000000006,33.5,57.125,58.95349910144117,17.375,23.5,71.6625,0.0,7.625,0.8275027056277057,5.75,20.25,0.3033998408998409,11.125,0.0,152.875
120,128,2024-01-10,1,1,2023-24,Miami Heat,Oklahoma City Thunder,111.875,37.5,52.25,22.125,44.625,10.375,34.25,25.5,13.5,2.010052998472116,12.5,35.25,35.199999999999996,26.125,49.75,52.4169164926342,22.125,28.375,77.6625,0.0,7.25,0.5783577635599694,3.875,20.0,0.1936349291814361,13.5,0.0,127.0,127.125,45.375,65.75,16.0,38.0,7.125,30.875,30.625,12.375,2.7068910256410255,15.125,34.25,44.1,32.875,53.125,62.14148079235243,16.0,20.625,78.4375,0.0,7.75,0.7126602564102564,6.75,22.625,0.30519023548914853,12.375,0.0,153.875
98,123,2024-01-10,1,1,2023-24,Charlotte Hornets,Sacramento Kings,104.625,37.875,53.5,13.25,40.5,9.375,31.125,26.0,13.875,2.1843778297725667,12.625,34.0,36.0625,26.75,54.625,49.02647002001622,13.25,17.375,78.65,0.0,6.0,0.47821469466206307,6.0,17.625,0.36199977026383673,13.875,0.0,115.875,120.125,45.375,63.0,11.75,44.25,10.875,33.375,31.125,15.125,2.1968101343101343,15.125,39.0,39.3125,31.5,55.5,57.01315204226552,11.75,17.125,68.8375,0.0,6.75,0.4801434676434676,3.5,19.75,0.1868738824581216,15.125,0.0,137.375
108,130,2024-01-10,1,1,2023-24,Detroit Pistons,San Antonio Spurs,119.625,38.625,62.0,19.0,44.0,12.875,31.125,27.0,15.5,1.8249052611475214,12.875,33.875,38.425,31.0,57.75,53.771563236811076,19.0,25.125,75.025,0.0,6.375,0.4237264283703912,3.75,22.5,0.16482466596883072,15.5,0.0,131.375,114.75,39.0,59.0,16.75,41.25,9.25,32.0,29.25,12.375,2.507514880952381,13.0,37.75,34.85,29.5,54.125,54.82826166987273,16.75,21.5,77.7,0.0,8.375,0.7177940115440116,5.875,18.5,0.3144161721706226,12.375,0.0,133.0
127,120,2024-01-10,1,1,2023-24,Boston Celtics,Minnesota Timberwolves,125.75,45.375,60.25,20.125,49.625,12.5,37.125,27.875,13.5,2.207050414862915,15.125,40.875,37.2875,30.125,51.0,58.91886451045941,20.125,26.0,76.475,0.0,6.5,0.5303097943722944,7.0,17.375,0.4161498294970162,13.5,0.0,150.75,110.875,37.875,53.0,20.0,41.25,8.125,33.125,25.125,17.125,1.547238032435401,12.625,32.125,39.612500000000004,26.5,48.25,54.873359715173834,20.0,25.75,77.4625,0.0,8.0,0.48670445052024,5.5,19.5,0.28533359002109,17.125,0.0,126.625
124,119,2024-01-10,1,1,2023-24,Chicago Bulls,Houston Rockets,105.25,25.5,62.0,17.75,45.875,11.75,34.125,22.875,13.125,1.8518910215601392,8.5,29.375,29.325,31.0,58.0,54.151042607366655,17.75,22.75,78.8125,0.0,7.5,0.6192457664884135,5.375,18.375,0.29564765300059415,13.125,0.0,120.875,115.625,40.875,56.0,18.75,41.5,9.375,32.125,23.75,12.625,1.9557681595365417,13.625,34.5,38.8,28.0,54.5,50.86476207200159,18.75,23.875,77.8125,0.0,9.0,0.7725072415329768,3.0,21.125,0.14083924529064595,12.625,0.0,127.75
124,111,2024-01-10,1,1,2023-24,Utah Jazz,Denver Nuggets,122.75,37.875,63.5,21.375,48.25,12.0,36.25,30.125,15.125,2.1821111271769165,12.625,38.375,32.7375,31.75,53.625,59.74457503101104,21.375,26.0,83.1,0.0,7.25,0.5351348578322263,5.5,19.375,0.2969823232323232,15.125,0.0,146.5,118.625,37.125,63.75,17.75,42.0,8.625,33.375,30.125,13.375,2.352980557024675,12.375,33.25,36.925,31.875,53.75,59.19546452798719,17.75,21.5,82.0,0.0,7.375,0.5710608835608836,6.625,18.75,0.3577259965771205,13.375,0.0,144.875
105,141,2024-01-10,1,1,2023-24,Golden State Warriors,New Orleans Pelicans,117.875,40.875,59.25,17.75,41.875,11.25,30.625,29.0,13.375,2.2841816443790126,13.625,38.625,35.05,29.625,50.25,59.09596792600256,17.75,22.25,81.15,0.0,6.0,0.4725389011573222,4.125,18.125,0.23647171700661404,13.375,0.0,135.375,114.625,39.0,58.75,16.875,45.25,11.25,34.0,26.125,14.375,1.872338037779214,13.0,31.5,41.0,29.375,54.875,54.26076481466642,16.875,22.25,77.6875,0.0,8.5,0.6168387066365008,6.75,19.5,0.3856759371949,14.375,0.0,137.5
139,132,2024-01-10,1,1,2023-24,Atlanta Hawks,Philadelphia 76ers,119.0,39.375,59.25,20.375,46.375,13.0,33.375,26.125,13.5,1.9654116716616716,13.125,41.0,32.05,29.625,52.625,56.38807664101736,20.375,26.125,78.15,0.0,7.5,0.5622575341325341,4.375,19.375,0.22741977225672877,13.5,0.0,133.25,110.0,32.625,59.0,18.375,37.875,9.0,28.875,24.625,11.125,2.4935855263157896,10.875,33.25,32.9125,29.5,56.25,52.49348119367952,18.375,23.875,76.5,0.0,9.75,1.0435855263157894,6.125,20.625,0.3033350421508316,11.125,0.0,122.625
135,102,2024-01-11,1,1,2023-24,Milwaukee Bucks,Boston Celtics,122.125,41.25,60.25,20.625,42.125,9.125,33.0,28.5,12.0,2.4933104477222123,13.75,37.875,36.162499999999994,30.125,51.0,59.878698863842914,20.625,26.625,78.125,0.0,5.75,0.5019786585963056,5.625,20.875,0.28315205778520997,12.0,0.0,141.125,125.875,47.625,57.0,21.25,49.875,12.0,37.875,26.625,13.5,2.050800414862915,15.875,41.5,38.4625,28.5,50.25,56.31445065189273,21.25,26.375,79.2,0.0,6.125,0.48343479437229436,6.625,17.625,0.3909950307354063,13.5,0.0,149.125
111,102,2024-01-11,1,1,2023-24,Cleveland Cavaliers,Brooklyn Nets,116.125,43.5,58.5,14.125,47.25,11.75,35.5,30.375,13.625,2.458782536907537,14.5,41.125,35.675,29.25,49.5,58.76824497995587,14.125,19.0,73.4375,0.0,7.25,0.6111050407925408,4.0,18.375,0.24321589160234805,13.625,0.0,139.625,111.125,33.375,58.0,19.75,47.25,15.125,32.125,25.75,11.375,2.4366815476190475,11.125,36.375,31.224999999999998,29.0,57.0,50.741308524693615,19.75,27.75,69.6,0.0,7.625,0.7292906746031746,4.375,19.25,0.2334051326640336,11.375,0.0,123.5
128,124,2024-01-11,1,1,2023-24,Dallas Mavericks,New York Knicks,115.625,39.375,59.25,17.0,41.5,9.25,32.25,25.375,13.25,1.967211138534668,13.125,35.625,36.9625,29.625,53.875,55.153558371673995,17.0,22.5,73.6875,0.0,8.875,0.700785713469537,5.5,19.0,0.2933528674627746,13.25,0.0,131.375,117.875,42.75,54.5,20.625,46.5,11.875,34.625,25.25,15.125,1.6884100274725273,14.25,37.25,37.775,27.25,51.0,53.35393548427858,20.625,24.625,83.875,0.0,7.75,0.5280715811965813,4.0,20.625,0.2006809721496254,15.125,0.0,135.5
109,127,2024-01-11,1,1,2023-24,Los Angeles Lakers,Phoenix Suns,113.75,32.25,62.0,19.5,40.375,7.5,32.875,28.25,14.5,2.084973798131693,10.75,30.125,35.3,31.0,55.875,55.895840462867035,19.5,24.375,80.875,0.0,8.25,0.6359171530224161,5.125,15.625,0.34470124174071537,14.5,0.0,132.125,118.0,36.75,61.75,19.5,39.5,8.625,30.875,25.75,13.75,2.0564396452360847,12.25,30.875,39.3375,30.875,52.75,59.115329477185846,19.5,24.5,79.38750000000002,0.0,7.625,0.6781659613606208,6.0,19.5,0.33812796857873584,13.75,0.0,137.625
139,77,2024-01-11,1,1,2023-24,Oklahoma City Thunder,Portland Trail Blazers,127.0,43.875,67.25,15.875,39.625,7.25,32.375,30.75,12.125,2.761378205128205,14.625,33.5,43.62500000000001,33.625,54.5,61.64170541050157,15.875,20.625,77.65,0.0,7.125,0.6761217948717949,6.375,22.0,0.2950476916294994,12.125,0.0,154.25,109.375,38.625,53.25,17.5,43.875,12.625,31.25,22.875,15.25,1.621150779045516,12.875,35.0,36.862500000000004,26.625,57.125,46.75751258607778,17.5,23.125,75.02499999999999,0.0,6.375,0.44219902904113434,5.375,20.375,0.2835051365043625,15.25,0.0,114.375
135,99,2024-01-12,1,1,2023-24,San Antonio Spurs,Charlotte Hornets,116.125,37.125,61.5,17.5,41.75,9.5,32.25,29.75,11.75,3.007514880952381,12.375,35.5,35.125,30.75,55.875,55.2154765389237,17.5,21.875,79.5,0.0,8.125,0.7802940115440116,6.0,18.375,0.32431200550395595,11.75,0.0,137.375,105.0,40.875,51.75,12.375,39.125,8.75,30.375,25.25,12.875,2.2371556075503443,13.625,35.25,37.75,25.875,53.25,48.45674212885975,12.375,16.5,77.69999999999999,0.0,5.25,0.44765913910650756,5.0,17.75,0.2937706035971701,12.875,0.0,113.625
145,113,2024-01-12,1,1,2023-24,Utah Jazz,Toronto Raptors,122.0,36.75,64.0,21.25,46.625,11.25,35.375,30.125,15.5,2.128539698605488,12.25,37.125,33.012499999999996,32.0,53.375,60.54265195408796,21.25,26.125,82.0625,0.0,8.25,0.5876558662355876,5.625,19.125,0.30794723551302494,15.5,0.0,146.0,124.875,40.875,66.25,17.75,40.0,7.625,32.375,29.875,10.5,3.243614718614719,13.625,32.375,42.587500000000006,33.125,57.25,58.09745437747191,17.75,23.375,74.22500000000001,0.0,6.625,0.7858360389610389,5.375,20.125,0.2833835010305598,10.5,0.0,147.75
112,93,2024-01-12,1,1,2023-24,Philadelphia 76ers,Sacramento Kings,111.375,31.875,60.0,19.5,39.5,10.25,29.25,23.625,10.75,2.485468643198906,10.625,33.625,31.675,30.0,58.25,51.53194273214106,19.5,25.375,75.7875,0.0,10.0,1.0809231886534518,6.5,21.5,0.3077993278651173,10.75,0.0,123.125,121.375,46.5,62.5,12.375,45.875,11.25,34.625,31.0,14.875,2.2363934676434676,15.5,38.125,40.975,31.25,55.875,56.07360955860538,12.375,18.0,68.4625,0.0,6.375,0.45306013431013425,3.625,19.625,0.19885304912478824,14.875,0.0,140.5
116,93,2024-01-12,1,1,2023-24,Minnesota Timberwolves,Portland Trail Blazers,112.625,38.625,55.0,19.0,42.875,8.125,34.75,25.125,15.25,1.738210254657623,12.875,33.0,39.2125,27.5,50.125,55.04263982921517,19.0,24.25,78.55,0.0,7.5,0.5005933394091289,6.125,20.875,0.3052988677988678,15.25,0.0,131.0,102.75,36.75,49.25,16.75,43.375,12.25,31.125,21.375,15.25,1.4711507790455158,12.25,36.125,34.6625,24.625,56.375,43.73198208209901,16.75,22.625,72.83749999999999,0.0,6.75,0.47969902904113426,5.75,20.625,0.299372009569378,15.25,0.0,103.25
108,126,2024-01-12,1,1,2023-24,Atlanta Hawks,Indiana Pacers,122.25,36.75,62.5,23.0,47.875,13.5,34.375,26.5,13.375,2.014175407925408,12.25,38.5,32.0625,31.25,55.875,56.1604856046028,23.0,29.625,78.44999999999999,0.0,7.125,0.539592698967699,5.125,19.125,0.2641692546583851,13.375,0.0,138.0,127.5,43.125,64.5,19.875,43.375,9.375,34.0,32.5,12.5,2.6431363775113774,14.375,37.625,37.525000000000006,32.25,53.125,60.93830834950679,19.875,24.5,81.07499999999999,0.0,7.875,0.6856008574758574,5.5,22.125,0.25302063073802206,12.5,0.0,155.5
131,140,2024-01-12,1,1,2023-24,Chicago Bulls,Golden State Warriors,108.875,29.625,61.0,18.25,47.0,12.125,34.875,23.875,13.375,1.8890934025125203,9.875,30.875,31.512500000000003,30.5,58.375,52.64062594069999,18.25,23.5,78.125,0.0,7.875,0.6371029093455564,5.25,18.0,0.2935543515651875,13.375,0.0,125.375,115.25,41.625,56.5,17.125,41.125,11.375,29.75,27.25,13.25,2.196763343725418,13.875,39.375,35.1125,28.25,50.25,56.34596792600256,17.125,21.5,81.14999999999999,0.0,5.5,0.446395110307649,4.375,18.75,0.24493036362315537,13.25,0.0,128.375
119,128,2024-01-12,1,1,2023-24,Memphis Grizzlies,LA Clippers,111.0,44.625,48.5,17.875,43.0,8.875,34.125,26.25,13.75,2.005470533508459,14.875,40.75,36.3125,24.25,47.0,51.82159853037513,17.875,22.75,79.16250000000001,0.0,7.0,0.5394557025361979,4.75,19.125,0.2436057649444377,13.75,0.0,124.75,120.0,43.5,58.5,18.0,42.75,10.375,32.375,27.125,14.25,2.1225044665302017,14.5,34.0,43.2375,29.25,50.875,57.508578331029454,18.0,21.375,85.3625,0.0,8.0,0.5911347231200172,4.625,18.25,0.25585931741117496,14.25,0.0,143.75
110,112,2024-01-12,1,1,2023-24,Detroit Pistons,Houston Rockets,119.125,39.0,62.75,17.375,42.875,12.0,30.875,28.625,15.0,2.058833832576093,13.0,34.75,37.8375,31.375,57.625,54.450649775272616,17.375,22.75,75.65,0.0,6.125,0.4201549997989627,3.625,21.5,0.16604298955557537,15.0,0.0,132.0,115.875,43.125,54.75,18.0,42.25,8.625,33.625,25.0,13.0,1.9987876400560225,14.375,37.125,39.25,27.375,52.375,51.93190982151235,18.0,23.625,75.08749999999999,0.0,8.25,0.6824098389355743,3.25,21.375,0.15299202306842374,13.0,0.0,128.25
125,113,2024-01-12,1,1,2023-24,Denver Nuggets,New Orleans Pelicans,119.75,37.5,63.0,19.25,40.25,8.125,32.125,30.25,13.25,2.3722820276129104,12.5,33.625,36.849999999999994,31.5,52.25,59.8204645279872,19.25,23.25,82.0,0.0,7.375,0.5761160306197071,5.5,19.0,0.3020841746309507,13.25,0.0,144.0,119.25,43.125,60.0,16.125,45.375,11.25,34.125,28.125,13.75,2.1287300832337595,14.375,32.625,43.7125,30.0,55.25,55.009675490047684,16.125,21.0,78.275,0.0,8.75,0.6715262066365008,6.75,19.125,0.3919558415011202,13.75,0.0,146.125
99,96,2024-01-12,1,1,2023-24,Miami Heat,Orlando Magic,111.625,36.75,53.0,21.875,43.375,9.875,33.5,26.0,12.625,2.168141233766234,12.25,34.875,34.9625,26.5,50.5,52.431970687736566,21.875,28.125,77.5125,0.0,7.375,0.6268871753246754,4.0,19.375,0.20859219413870106,12.625,0.0,126.875,112.125,42.75,50.5,18.875,45.0,11.75,33.25,23.125,15.75,1.4855444902319903,14.25,37.75,37.0375,25.25,51.5,48.881203628273056,18.875,25.0,76.325,0.0,8.125,0.531064942002442,5.375,22.0,0.2544507575757576,15.75,0.0,122.125
94,106,2024-01-13,1,1,2023-24,Memphis Grizzlies,New York Knicks,112.75,46.5,48.25,18.0,44.25,9.625,34.625,27.125,13.5,2.1607735638114898,15.5,41.875,36.787499999999994,24.125,46.625,51.90329787678036,18.0,23.0,78.9625,0.0,6.625,0.5179910560715514,4.625,20.125,0.21933836567703843,13.5,0.0,128.0,118.375,42.75,55.25,20.375,47.125,12.375,34.75,25.625,14.875,1.7326808608058608,14.25,38.25,36.7875,27.625,50.875,54.3014088885339,20.375,24.375,83.7,0.0,8.375,0.5688701923076922,4.0,21.125,0.19877621024486347,14.875,0.0,137.375
99,127,2024-01-13,1,1,2023-24,Atlanta Hawks,Washington Wizards,120.875,36.0,61.75,23.125,46.25,13.375,32.875,26.125,13.875,1.904326923076923,12.0,36.875,32.875,30.875,56.625,54.757383589892214,23.125,30.0,77.6875,0.0,7.875,0.5653502747252747,4.75,18.0,0.2549909329800634,13.875,0.0,134.5,108.25,36.0,59.25,13.0,39.375,10.0,29.375,27.25,13.375,2.3405929038281976,12.0,36.125,33.0875,29.625,54.625,54.71249809832854,13.0,18.5,65.69999999999999,0.0,7.625,0.613859710550887,5.75,19.5,0.2952015989462146,13.375,0.0,120.25
112,100,2024-01-13,1,1,2023-24,Oklahoma City Thunder,Orlando Magic,128.25,43.875,68.25,16.125,43.625,7.875,35.75,33.375,13.25,2.5306089743589744,14.625,33.875,43.150000000000006,34.125,54.5,62.50377437601882,16.125,20.625,78.78750000000001,0.0,7.125,0.5463141025641026,6.125,20.625,0.3355238821056899,13.25,0.0,161.125,112.625,43.875,51.0,17.75,44.375,11.875,32.5,24.25,15.375,1.6027319902319903,14.625,38.625,37.375,25.5,51.0,50.04579990156498,17.75,24.5,72.8875,0.0,8.75,0.5881562881562882,5.0,22.25,0.22806186868686867,15.375,0.0,123.375
132,125,2024-01-13,1,1,2023-24,Utah Jazz,Los Angeles Lakers,127.0,40.125,65.75,21.125,48.375,10.875,37.5,31.0,14.875,2.254479548229548,13.375,37.625,35.2625,32.875,53.875,61.77091282365318,21.125,26.25,81.175,0.0,8.5,0.6172611293934823,6.25,20.125,0.32642549638259016,14.875,0.0,155.875,113.0,32.25,61.25,19.5,39.625,6.75,32.875,29.375,15.25,2.0641404647983594,10.75,30.375,35.0,30.625,54.375,56.76727974322686,19.5,24.875,79.35000000000001,0.0,8.75,0.6498060419113051,5.5,15.625,0.36443808384597853,15.25,0.0,132.25
116,122,2024-01-13,1,1,2023-24,San Antonio Spurs,Chicago Bulls,118.25,37.875,61.25,19.125,42.0,8.75,33.25,29.125,12.5,2.765848214285714,12.625,35.875,35.3375,30.625,54.125,56.54767608540896,19.125,23.5,81.0875,0.0,8.25,0.7441829004329005,5.875,18.625,0.31250644994840043,12.5,0.0,139.875,110.5,33.75,60.25,16.5,45.5,10.625,34.875,24.875,13.625,1.924510069179187,11.25,32.75,33.6375,30.125,55.75,54.80642736834437,16.5,21.625,77.39999999999999,0.0,6.75,0.5225195760122231,5.375,18.5,0.29670561206938917,13.625,0.0,127.125
129,118,2024-01-13,1,1,2023-24,Milwaukee Bucks,Golden State Warriors,123.75,43.125,60.75,19.875,43.375,8.5,34.875,29.5,12.0,2.584219538631303,14.375,37.875,37.65,30.375,50.625,60.83152905252216,19.875,25.625,78.38749999999999,0.0,5.25,0.4565241131417602,5.875,20.75,0.2955038364413365,12.0,0.0,146.25,118.5,43.875,57.25,17.375,41.75,11.875,29.875,29.25,12.25,2.950609497571572,14.625,40.25,36.0625,28.625,50.25,57.14384026642809,17.375,22.375,79.4375,0.0,5.5,0.5540874179999568,4.5,17.875,0.2598760157970684,12.25,0.0,135.0
108,118,2024-01-13,1,1,2023-24,Dallas Mavericks,New Orleans Pelicans,117.875,42.0,58.75,17.125,41.625,9.75,31.875,26.125,13.25,2.0422111385346677,14.0,36.125,38.775,29.375,53.375,55.22656629824888,17.125,23.0,72.7,0.0,8.125,0.625785713469537,4.875,18.75,0.26484409553295,13.25,0.0,133.375,119.0,44.25,59.25,15.5,44.0,11.0,33.0,29.625,13.0,2.3953967499004265,14.75,32.875,44.6,29.625,54.0,55.42228371515591,15.5,19.625,79.4125,0.0,8.375,0.6965262066365008,6.375,17.125,0.4006096876549663,13.0,0.0,147.75
145,113,2024-01-13,1,1,2023-24,Boston Celtics,Houston Rockets,122.625,46.875,54.0,21.75,48.375,11.375,37.0,26.25,12.75,2.2487170815295814,15.625,41.0,38.15,27.0,49.75,54.18647446141654,21.75,27.0,79.1125,0.0,5.5,0.48343479437229436,6.75,17.375,0.40573862047899606,12.75,0.0,143.375,115.75,39.75,57.25,18.75,43.25,8.75,34.5,25.125,12.875,2.040454306722689,13.25,35.75,37.400000000000006,28.625,53.0,53.57963709423963,18.75,24.0,77.0,0.0,7.875,0.6560209500466853,3.5,20.75,0.1741973802112809,12.875,0.0,130.5
109,105,2024-01-14,1,1,2023-24,Minnesota Timberwolves,LA Clippers,112.375,36.375,58.0,18.0,43.75,8.375,35.375,26.625,14.5,1.880965936475805,12.125,32.75,37.2125,29.0,51.125,57.058568151763694,18.0,23.0,78.21249999999999,0.0,8.125,0.5588319757727652,5.5,21.125,0.2729489713185365,14.5,0.0,134.125,121.875,43.875,60.5,17.5,42.5,10.375,32.125,26.875,14.125,2.120901902427638,14.625,33.625,44.1375,30.25,51.75,58.46361551831816,17.5,20.75,85.2375,0.0,8.25,0.617577030812325,5.125,18.5,0.2837611031254607,14.125,0.0,146.75
117,109,2024-01-14,1,1,2023-24,Denver Nuggets,Indiana Pacers,120.375,37.5,65.5,17.375,40.875,8.125,32.75,30.875,13.625,2.369655977192742,12.5,33.5,37.0,32.75,53.375,60.94436803675912,17.375,21.125,81.0,0.0,7.25,0.5593093079306314,5.5,19.125,0.3004501877028462,13.625,0.0,145.875,128.25,40.125,69.0,19.125,43.125,9.875,33.25,33.875,14.125,2.5650940494690495,13.375,34.625,39.5125,34.5,55.375,62.56812154050946,19.125,23.25,81.925,0.0,8.625,0.6875849844599845,5.5,22.125,0.25302063073802206,14.125,0.0,159.0
116,127,2024-01-14,1,1,2023-24,Portland Trail Blazers,Phoenix Suns,101.25,36.375,48.25,16.625,41.0,10.75,30.25,21.625,16.125,1.4298046251993621,12.125,35.125,35.3,24.125,54.375,44.21863828304092,16.625,22.875,71.9125,0.0,7.0,0.4720067213488266,5.875,20.25,0.3095394736842105,16.125,0.0,101.125,117.75,36.75,61.5,19.5,39.75,9.25,30.5,25.125,13.0,2.0933829650741416,12.25,31.625,38.525,30.75,53.375,58.10436953765448,19.5,24.125,80.7,0.0,8.625,0.767234787271552,5.0,19.375,0.2806831156375594,13.0,0.0,136.625
143,142,2024-01-14,1,1,2023-24,Milwaukee Bucks,Sacramento Kings,121.875,39.375,63.0,19.5,44.5,9.25,35.25,28.5,12.25,2.4154695386313034,13.125,35.375,37.25,31.5,53.75,58.831737907994174,19.5,24.875,79.45,0.0,5.25,0.44402411314176016,5.5,20.375,0.28161494755244754,12.25,0.0,143.5,118.375,43.125,61.25,14.0,47.875,13.5,34.375,29.125,15.5,2.0188689578395462,14.375,37.25,38.887499999999996,30.625,57.5,53.098131089705866,14.0,19.375,71.9,0.0,6.0,0.4034277813689578,3.75,19.375,0.207880826902566,15.5,0.0,134.5
104,87,2024-01-14,1,1,2023-24,Miami Heat,Charlotte Hornets,109.125,35.25,53.25,20.625,41.5,9.75,31.75,25.5,13.0,2.096187452253629,11.75,34.125,34.125,26.625,51.125,52.06085057977435,20.625,26.25,78.5,0.0,7.5,0.6263619652406417,3.25,19.375,0.16447454707987755,13.0,0.0,121.375,104.375,42.375,48.0,14.0,39.375,9.75,29.625,24.125,14.0,2.0223828802776174,14.125,35.875,38.8375,24.0,52.125,46.23017962885975,14.0,18.0,79.4875,0.0,5.625,0.4255000481974166,4.625,17.875,0.27678690794499616,14.0,0.0,110.25
112,105,2024-01-15,1,1,2023-24,Los Angeles Lakers,Oklahoma City Thunder,112.0,31.5,60.25,20.25,39.375,7.0,32.375,28.0,15.375,1.9107313738892686,10.5,30.25,34.35,30.125,53.875,56.41191371621904,20.25,26.125,77.2625,0.0,8.125,0.5873060419113051,5.625,15.875,0.3662496780488771,15.375,0.0,128.375,127.375,42.375,68.5,16.5,43.0,8.125,34.875,32.625,12.875,2.5479700854700855,14.125,34.0,41.6375,34.25,54.75,62.45759211000897,16.5,21.25,77.77499999999999,0.0,7.0,0.5671474358974359,5.625,20.5,0.3118396715793741,12.875,0.0,157.625
109,99,2024-01-15,1,1,2023-24,Atlanta Hawks,San Antonio Spurs,119.125,35.25,60.0,23.875,47.5,13.875,33.625,25.75,13.875,1.880889423076923,11.75,36.25,32.7,30.0,57.75,51.755668324026004,23.875,31.5,76.0625,0.0,8.25,0.5887877747252747,5.25,17.875,0.2808837901229206,13.875,0.0,132.125,118.0,40.875,58.75,18.375,42.625,9.375,33.25,28.25,12.25,2.7519593253968253,13.625,37.125,36.75,29.375,54.125,53.9966556772457,18.375,22.875,80.35,0.0,8.0,0.7391323953823954,5.125,18.5,0.27632223942208456,12.25,0.0,137.0
132,105,2024-01-15,1,1,2023-24,Utah Jazz,Indiana Pacers,128.875,40.5,65.25,23.125,49.5,11.375,38.125,30.875,14.875,2.241979548229548,13.5,37.125,35.9625,32.625,54.375,60.77503370277406,23.125,27.625,83.78750000000001,0.0,8.375,0.6047611293934824,6.125,19.5,0.3276754963825902,14.875,0.0,159.0,124.375,34.5,71.0,18.875,43.5,10.75,32.75,32.375,13.75,2.5218248186998187,11.5,32.875,36.275,35.5,58.0,61.47685169923962,18.875,23.375,80.325,0.0,9.25,0.7464792152292152,4.75,22.5,0.21036190057929188,13.75,0.0,152.125
94,98,2024-01-15,1,1,2023-24,New York Knicks,Orlando Magic,118.125,45.375,54.0,18.75,49.125,13.5,35.625,26.0,15.75,1.6966754260232522,15.125,39.25,38.5625,27.0,49.5,54.65855174567675,18.75,23.125,81.0375,0.0,8.75,0.5661528010033444,4.875,19.25,0.2737762102448635,15.75,0.0,140.125,110.5,43.875,50.75,15.875,44.5,11.5,33.0,23.875,15.5,1.5667944902319901,14.625,38.875,37.225,25.375,50.125,50.842993779116,15.875,22.5,71.325,0.0,8.125,0.5438854548229548,5.25,22.5,0.23601641414141414,15.5,0.0,121.125
95,96,2024-01-15,1,1,2023-24,Brooklyn Nets,Miami Heat,109.125,33.0,57.25,18.875,47.125,15.375,31.75,25.25,12.375,2.2634789332399627,11.0,37.0,29.812499999999996,28.625,56.375,50.665550948936044,18.875,25.875,70.675,0.0,7.5,0.6827220471521943,4.0,20.125,0.21087378470165116,12.375,0.0,119.875,107.875,35.625,52.0,20.25,41.5,9.0,32.5,25.625,13.5,2.012258880825057,11.875,33.375,35.5875,26.0,50.625,51.45073153215531,20.25,25.5,79.57499999999999,0.0,7.5,0.6049333938120703,3.875,18.875,0.2078955997114565,13.5,0.0,121.5
116,107,2024-01-15,1,1,2023-24,Memphis Grizzlies,Golden State Warriors,111.25,45.0,48.75,17.5,44.5,10.375,34.125,26.875,13.5,2.1399402304781563,15.0,41.625,35.6875,24.375,46.875,52.14211680860841,17.5,22.375,79.175,0.0,7.125,0.5596577227382181,4.875,19.375,0.2434860929497657,13.5,0.0,127.125,120.5,46.5,58.0,16.0,41.5,11.875,29.625,28.75,11.625,3.0503691129561874,15.5,40.625,38.25,29.0,51.125,57.00454407874481,16.0,21.0,77.475,0.0,5.625,0.5937508795384183,4.125,17.5,0.24507338421812105,11.625,0.0,136.625
117,129,2024-01-15,1,1,2023-24,Washington Wizards,Detroit Pistons,111.375,37.5,59.5,14.375,41.875,10.25,31.625,28.125,12.75,2.4901027077497666,12.5,36.0,34.75,29.75,55.625,53.98712697822057,14.375,19.875,67.4625,0.0,7.5,0.6371440242763773,6.5,20.125,0.3242791390531665,12.75,0.0,127.75,117.625,38.25,62.25,17.125,41.5,11.0,30.5,29.25,14.5,2.147868920295391,12.75,33.75,38.050000000000004,31.125,57.0,54.670233379696825,17.125,22.375,75.5625,0.0,6.0,0.4241023682200153,4.25,21.5,0.19580489431748013,14.5,0.0,132.0
109,91,2024-01-15,1,1,2023-24,Cleveland Cavaliers,Chicago Bulls,117.0,42.0,57.25,17.75,48.75,12.5,36.25,28.125,13.5,2.286434052059052,14.0,41.125,34.5375,28.625,48.875,58.04150079390935,17.75,23.375,75.51249999999999,0.0,8.125,0.6944383741258742,4.375,19.75,0.2456197377561942,13.5,0.0,139.875,112.75,36.75,59.75,16.25,45.5,9.875,35.625,26.375,13.75,2.0581906247347423,12.25,33.625,35.9125,29.875,54.0,55.83321308263009,16.25,21.375,77.1125,0.0,6.5,0.4825890204566675,5.875,18.25,0.3272611676249447,13.75,0.0,132.625
125,120,2024-01-15,1,1,2023-24,Dallas Mavericks,New Orleans Pelicans,117.625,42.375,57.75,17.5,41.0,9.25,31.75,25.375,12.5,2.0804055829791124,14.125,37.125,38.050000000000004,28.875,51.375,56.2321289854547,17.5,23.125,74.05,0.0,7.75,0.625785713469537,4.625,18.5,0.25595520664406113,12.5,0.0,132.75,119.75,45.0,57.25,17.5,45.125,12.0,33.125,29.875,12.5,2.499942204445881,15.0,33.25,44.975,28.625,53.25,54.35549336265127,17.5,22.375,78.875,0.0,8.0,0.6927383278486219,6.0,17.25,0.3795570560760189,12.5,0.0,148.5
96,105,2024-01-15,1,1,2023-24,Toronto Raptors,Boston Celtics,124.25,40.875,64.0,19.375,39.125,7.5,31.625,29.375,11.5,2.758999333999334,13.625,31.125,44.0125,32.0,56.75,56.26704136120158,19.375,25.5,74.8875,0.0,6.0,0.5839129620379621,5.625,20.875,0.28100254864960744,11.5,0.0,144.5,125.75,49.5,54.25,22.0,48.125,11.0,37.125,25.875,12.25,2.292987914862915,16.5,42.0,39.0875,27.125,49.625,54.58507140019205,22.0,27.625,77.9875,0.0,6.0,0.532913961038961,7.0,17.875,0.40924002103922014,12.25,0.0,146.875
124,115,2024-01-15,1,1,2023-24,Philadelphia 76ers,Houston Rockets,111.25,31.125,60.5,19.625,40.75,11.375,29.375,23.625,11.5,2.3314507860560494,10.375,32.375,32.3125,30.25,59.375,51.052526827848304,19.625,24.5,79.58749999999999,0.0,10.0,1.0072624743677374,7.125,21.125,0.3442825814536341,11.5,0.0,125.25,114.0,37.125,56.75,20.125,44.25,8.875,35.375,23.875,12.375,2.0121737637362638,12.375,35.75,34.475,28.375,54.0,52.38576681626386,20.125,25.125,78.91250000000001,0.0,8.125,0.6933512667887669,3.125,20.0,0.1637807135446142,12.375,0.0,127.0
128,117,2024-01-16,1,1,2023-24,LA Clippers,Oklahoma City Thunder,120.375,46.125,57.25,17.0,40.0,9.875,30.125,26.875,13.25,2.2446392761650116,15.375,33.625,46.0625,28.625,51.25,55.5280094577121,17.0,19.875,86.35000000000001,0.0,9.0,0.6990164247517189,4.875,19.125,0.2651207522482677,13.25,0.0,144.125,125.0,41.25,68.0,15.75,42.25,9.125,33.125,31.625,12.375,2.5510003885003885,13.75,36.0,38.65,34.0,54.375,62.35652828022173,15.75,20.125,79.1375,0.0,8.25,0.6838141025641027,5.625,19.75,0.3222563382460408,12.375,0.0,153.375
119,117,2024-01-16,1,1,2023-24,Phoenix Suns,Sacramento Kings,117.0,34.875,62.75,19.375,40.0,9.375,30.625,24.25,12.875,2.0511210603122367,11.625,31.375,36.824999999999996,31.375,53.875,58.743574083109024,19.375,24.5,78.91250000000001,0.0,9.125,0.804734787271552,4.25,20.125,0.21371882992327365,12.875,0.0,134.375,120.75,43.5,63.0,14.25,46.375,13.5,32.875,29.875,15.0,2.221860410830999,14.5,38.25,38.0125,31.5,58.125,53.95220947953637,14.25,19.75,71.7125,0.0,6.5,0.4675303454715219,3.5,19.0,0.19831144891213537,15.0,0.0,136.125
126,121,2024-01-16,1,1,2023-24,Philadelphia 76ers,Denver Nuggets,112.75,33.0,58.0,21.75,39.875,10.875,29.0,25.0,11.625,2.4405416951469583,11.0,32.75,33.9,29.0,57.375,50.62831868305193,21.75,26.625,81.42499999999998,0.0,9.75,0.9731715652768285,6.625,21.75,0.312484335839599,11.625,0.0,127.375,117.25,33.75,65.75,17.75,39.25,7.125,32.125,29.375,14.875,2.0978756741624394,11.25,30.875,37.15,32.875,52.875,61.81335199397838,17.75,22.25,78.4375,0.0,7.5,0.5422638533851769,5.0,19.0,0.2752308894572322,14.875,0.0,139.375
132,112,2024-01-17,1,1,2023-24,New Orleans Pelicans,Charlotte Hornets,118.625,41.25,58.75,18.625,43.875,11.5,32.375,28.375,12.125,2.4451345121381887,13.75,31.875,42.525,29.375,53.875,55.07930598464216,18.625,24.125,78.1375,0.0,8.0,0.7186998663101605,5.5,18.0,0.35439471841368125,12.125,0.0,144.125,101.25,40.5,47.5,13.25,40.25,10.875,29.375,22.625,13.5,1.9732600732600734,13.5,36.875,36.2,23.75,52.375,45.54463831831845,13.25,16.375,81.0625,0.0,5.625,0.43427197802197803,4.375,18.25,0.25420287433155075,13.5,0.0,105.5
106,104,2024-01-17,1,1,2023-24,Atlanta Hawks,Orlando Magic,119.0,34.5,61.25,23.25,48.25,13.25,35.0,25.125,14.5,1.7892227564102563,11.5,35.625,32.6125,30.625,58.25,52.49987509764455,23.25,31.0,75.0875,0.0,8.125,0.5637877747252747,5.5,18.25,0.28910747433344686,14.5,0.0,132.0,109.375,42.375,50.75,16.25,44.625,12.125,32.5,24.375,14.625,1.7897111568986568,14.125,37.875,36.62499999999999,25.375,50.5,50.463950652431365,16.25,23.625,68.2,0.0,8.125,0.5584687881562882,5.125,22.75,0.22698863636363636,14.625,0.0,120.75
105,103,2024-01-17,1,1,2023-24,Portland Trail Blazers,Brooklyn Nets,99.0,37.875,45.25,15.875,40.125,10.25,29.875,21.0,16.125,1.385161768056505,12.625,37.0,33.8375,22.625,51.75,43.65543427803466,15.875,22.25,70.8125,0.0,7.0,0.4720067213488266,5.25,20.5,0.2760181704260652,16.125,0.0,96.375,105.75,34.875,53.25,17.625,47.5,14.375,33.125,24.875,12.25,2.266951155462185,11.625,39.875,29.8,26.625,53.25,50.031492977921545,17.625,24.25,71.625,0.0,7.75,0.7261248249299721,4.875,20.125,0.26234437293694524,12.25,0.0,117.0
117,124,2024-01-17,1,1,2023-24,Detroit Pistons,Minnesota Timberwolves,117.625,38.25,64.5,14.875,42.875,11.75,31.125,29.375,15.0,2.0801605869620574,12.75,34.125,37.525,32.25,57.625,56.00811787436098,14.875,20.25,73.8625,0.0,6.0,0.41368570155334866,5.0,20.375,0.26923146774405354,15.0,0.0,133.75,112.5,36.75,57.75,18.0,43.25,8.25,35.0,26.75,14.5,1.8875448838442261,12.25,31.75,39.05,28.875,51.0,56.94242413318066,18.0,23.875,75.8625,0.0,8.125,0.5588319757727652,5.125,20.75,0.26166134590047635,14.5,0.0,133.75
117,98,2024-01-17,1,1,2023-24,Boston Celtics,San Antonio Spurs,122.125,49.875,49.5,22.75,47.625,10.0,37.625,24.75,12.5,2.155750152625153,16.625,41.625,39.75,24.75,48.375,51.036365827572475,22.75,28.0,79.825,0.0,5.625,0.4935782967032967,7.0,18.375,0.39101085437255345,12.5,0.0,140.75,114.375,39.75,57.0,17.625,42.875,8.875,34.0,27.75,12.75,2.662673611111111,13.25,38.25,34.725,28.5,53.125,53.39736709079349,17.625,21.875,80.175,0.0,8.125,0.7282196969696969,5.75,18.375,0.31214095287237703,12.75,0.0,132.25
121,97,2024-01-17,1,1,2023-24,Toronto Raptors,Miami Heat,120.375,37.875,64.0,18.5,41.5,7.875,33.625,29.25,11.375,2.799177905427906,12.625,32.125,39.325,32.0,56.25,56.66978952514377,18.5,24.625,74.15,0.0,5.625,0.5504308191808192,5.25,20.125,0.2697591624062212,11.375,0.0,140.75,106.25,35.25,52.0,19.0,42.5,8.75,33.75,25.875,13.125,2.0675473423635187,11.75,33.375,35.1875,26.0,51.75,50.382152504799684,19.0,23.625,80.57499999999999,0.0,7.25,0.6001257015043779,3.375,17.875,0.19747893304478983,13.125,0.0,120.125
109,94,2024-01-17,1,1,2023-24,New York Knicks,Houston Rockets,114.125,43.875,52.0,18.25,49.0,13.25,35.75,25.5,15.25,1.7323897117375378,14.625,39.625,36.8875,26.0,47.625,54.438022475428156,18.25,22.5,80.7625,0.0,7.625,0.49650994386048736,5.0,19.375,0.2793683155080214,15.25,0.0,135.125,111.375,34.5,56.75,20.125,45.125,10.125,35.0,22.25,12.75,1.7890968406593408,11.5,34.75,32.8125,28.375,54.625,51.72710171087744,20.125,26.125,76.4375,0.0,7.625,0.6231589590964591,4.125,20.5,0.20611480965445406,12.75,0.0,122.25
127,110,2024-01-17,1,1,2023-24,Los Angeles Lakers,Dallas Mavericks,112.75,31.875,61.75,19.125,40.0,7.0,33.0,28.875,16.25,1.8438196091833863,10.625,30.25,34.8625,30.875,53.375,58.05253871621904,19.125,24.375,78.6125,0.0,7.5,0.48877663014659917,6.25,15.5,0.42666634471554377,16.25,0.0,131.75,116.75,43.125,54.75,18.875,40.875,10.125,30.75,25.25,12.875,1.9831833607568903,14.375,37.5,38.2875,27.375,50.625,53.8883789854547,18.875,24.75,74.1875,0.0,7.625,0.5980079356917593,5.125,20.375,0.2639601327524355,12.875,0.0,130.5
135,95,2024-01-17,1,1,2023-24,Cleveland Cavaliers,Milwaukee Bucks,117.0,45.0,55.25,16.75,48.75,12.25,36.5,28.125,13.625,2.267203282828283,15.0,42.625,35.5875,27.625,48.25,56.44266358460703,16.75,21.5,78.875,0.0,8.375,0.7074878246753247,4.25,19.5,0.24115545204190847,13.625,0.0,139.875,124.875,42.375,62.75,19.75,44.125,8.875,35.25,29.125,11.875,2.501078782328783,14.125,37.125,37.887499999999996,31.375,53.5,58.86675191359642,19.75,25.375,78.8375,0.0,5.25,0.4519022644022644,5.125,21.25,0.2486604020979021,11.875,0.0,145.875
110,116,2024-01-18,1,1,2023-24,Toronto Raptors,Chicago Bulls,120.0,41.25,62.5,16.25,41.25,8.25,33.0,30.375,11.5,2.869253663003663,13.75,33.125,41.3125,31.25,55.375,56.12154391110869,16.25,21.875,72.725,0.0,6.125,0.5873626373626374,5.25,19.125,0.2827461753932342,11.5,0.0,142.375,111.0,37.5,58.0,15.5,44.25,9.125,35.125,26.375,14.0,2.041936754765702,12.5,34.5,35.925000000000004,29.0,53.625,54.56687321334905,15.5,19.625,78.9875,0.0,6.875,0.498455893521683,6.0,18.5,0.3297121480171016,14.0,0.0,129.75
121,126,2024-01-18,1,1,2023-24,Sacramento Kings,Indiana Pacers,122.375,45.0,63.5,13.875,44.25,12.25,32.0,31.25,14.125,2.388527077497666,15.0,38.75,38.775,31.75,57.625,54.87940728173418,13.875,19.125,71.64999999999999,0.0,6.375,0.4824112978524743,3.75,18.625,0.2124418836947441,14.125,0.0,139.0,122.25,36.0,68.75,17.5,42.375,11.25,31.125,32.875,14.625,2.3521819615569615,12.0,32.375,38.1125,34.375,58.25,59.47962387665897,17.5,21.75,80.125,0.0,9.5,0.7018363580863581,4.625,23.375,0.20044926617068973,14.625,0.0,148.5
129,134,2024-01-18,1,1,2023-24,Utah Jazz,Oklahoma City Thunder,129.5,40.125,64.5,24.875,48.625,11.75,36.875,29.875,15.125,2.127876984126984,13.375,34.75,38.05,32.25,54.875,59.470088647829,24.875,29.75,83.06250000000001,0.0,7.875,0.5598893345216874,6.375,19.75,0.3364990257943549,15.125,0.0,158.25,123.75,40.5,67.0,16.25,41.875,9.0,32.875,31.125,12.375,2.509333721833722,13.5,35.25,38.9125,33.5,54.125,61.63624016497563,16.25,20.5,80.2,0.0,8.0,0.6629807692307692,5.0,19.375,0.2983328932699642,12.375,0.0,150.75
118,103,2024-01-18,1,1,2023-24,Minnesota Timberwolves,Memphis Grizzlies,114.75,38.25,59.5,17.0,44.25,8.875,35.375,28.375,14.125,2.0815383903377325,12.75,32.0,40.3875,29.75,52.875,56.781213815720335,17.0,22.875,74.875,0.0,8.25,0.5848060017467912,5.25,19.75,0.28357693031606074,14.125,0.0,138.5,114.25,48.0,47.25,19.0,45.5,11.625,33.875,27.375,14.125,2.058209461247387,16.0,43.375,36.5625,23.625,45.625,51.472473951465545,19.0,23.875,80.25,0.0,8.25,0.6221577227382181,6.0,19.125,0.33872418818786093,14.125,0.0,133.0
113,109,2024-01-18,1,1,2023-24,New York Knicks,Washington Wizards,113.75,44.25,51.75,17.75,49.25,12.75,36.5,25.625,15.25,1.740723045070871,14.75,40.0,36.8625,25.875,47.0,54.80165883906452,17.75,21.75,81.1625,0.0,7.5,0.488176610527154,5.125,18.875,0.289784982174688,15.25,0.0,135.625,112.25,39.0,58.0,15.25,40.625,10.25,30.375,28.375,12.875,2.4588527077497666,13.0,36.375,35.6,29.0,55.75,52.46284326054063,15.25,20.375,73.4625,0.0,7.875,0.672858309990663,6.75,20.125,0.3374370337900086,12.875,0.0,127.75
124,120,2024-01-19,1,1,2023-24,Charlotte Hornets,San Antonio Spurs,100.375,39.0,47.25,14.125,42.125,11.75,30.375,22.25,14.5,1.5655219780219782,13.0,36.75,35.225,23.625,52.25,45.39367213474357,14.125,17.625,78.97500000000001,0.0,5.875,0.39260531135531135,5.0,18.5,0.28477562974950743,14.5,0.0,105.25,114.0,37.875,58.0,18.125,43.125,9.125,34.0,27.5,12.0,2.768923611111111,12.625,36.875,33.9625,29.0,54.375,53.03417096488549,18.125,22.375,80.9625,0.0,8.0,0.7438446969696969,6.0,18.125,0.32978801169590644,12.0,0.0,132.75
109,123,2024-01-19,1,1,2023-24,New Orleans Pelicans,Phoenix Suns,121.125,44.625,57.25,19.25,43.5,11.375,32.125,29.5,11.625,2.583709172771673,14.875,32.875,44.05,28.625,52.875,54.49443789106327,19.25,24.75,78.7375,0.0,8.125,0.7509396853146852,4.75,18.25,0.28743043269939555,11.625,0.0,147.625,117.875,38.25,60.0,19.625,41.375,9.625,31.75,25.625,14.625,1.8136210603122367,12.75,32.625,38.862500000000004,30.0,52.25,57.87694156944783,19.625,24.625,79.6375,0.0,8.625,0.6193181206048853,4.5,19.875,0.2343070652173913,14.625,0.0,136.25
109,124,2024-01-19,1,1,2023-24,Orlando Magic,Philadelphia 76ers,108.0,40.875,51.25,15.875,44.5,12.125,32.375,24.25,14.0,1.8308436355311355,13.625,37.75,35.3375,25.625,50.125,51.276787579655085,15.875,23.5,66.9625,0.0,9.125,0.6567593864468864,5.625,22.5,0.25160984848484846,14.0,0.0,121.25,112.125,34.125,56.75,21.25,40.125,10.125,30.0,25.625,11.375,2.5874166951469584,11.375,32.5,35.4,28.375,56.375,50.62307759290518,21.25,26.75,79.625,0.0,9.25,0.9419215652768285,6.875,21.75,0.32438909774436087,11.375,0.0,128.0
112,130,2024-01-19,1,1,2023-24,Los Angeles Lakers,Brooklyn Nets,115.0,32.625,63.75,18.625,41.25,7.625,33.625,29.75,16.0,1.9688196091833863,10.875,29.75,36.3125,31.875,55.0,58.14380855748888,18.625,24.25,76.9625,0.0,7.5,0.5027626441326132,5.125,15.5,0.3516663447155438,16.0,0.0,135.0,105.625,37.125,50.75,17.75,44.875,12.875,32.0,25.375,12.375,2.285132973644003,12.375,41.125,30.725,25.375,49.75,51.221969168397735,17.75,24.25,72.0875,0.0,8.25,0.7658975522026993,4.75,20.25,0.2506685487611211,12.375,0.0,116.875
100,102,2024-01-19,1,1,2023-24,Boston Celtics,Denver Nuggets,121.375,51.0,48.75,21.625,48.5,9.375,39.125,23.375,12.5,2.0575358669108668,17.0,41.375,40.9875,24.375,48.375,50.31521198141863,21.625,26.75,79.33749999999999,0.0,5.375,0.4757211538461539,6.5,18.375,0.3576775210392201,12.5,0.0,139.125,120.75,34.5,67.5,18.75,40.5,8.5,32.0,28.5,14.125,2.138651075231958,11.5,29.875,38.949999999999996,33.75,54.375,61.917518660645044,18.75,23.5,78.77499999999999,0.0,7.25,0.5436007517808988,4.75,19.25,0.25820302568014236,14.125,0.0,143.875
108,109,2024-01-19,1,1,2023-24,Miami Heat,Atlanta Hawks,105.375,33.375,54.75,17.25,42.75,8.75,34.0,25.875,13.125,2.0675473423635187,11.125,32.625,33.8125,27.375,53.375,51.31615513811107,17.25,21.5,80.0375,0.0,6.875,0.5733399872186637,3.625,17.375,0.22349703259230114,13.125,0.0,119.625,116.0,33.0,60.25,22.75,46.125,13.0,33.125,24.375,15.875,1.6221031911928652,11.0,34.75,31.925,30.125,56.75,53.15346986888637,22.75,29.125,78.3375,0.0,8.5,0.5551827022615066,5.375,18.125,0.28298002335305467,15.875,0.0,127.75
118,115,2024-01-19,1,1,2023-24,Portland Trail Blazers,Indiana Pacers,101.125,38.25,47.25,15.625,40.75,10.75,30.0,21.0,15.375,1.4489269502427398,12.75,36.625,34.6625,23.625,52.875,44.39695970176347,15.625,21.625,72.3125,0.0,6.5,0.4517638063690695,4.25,20.125,0.22585369674185463,15.375,0.0,99.125,120.25,35.625,68.75,15.875,41.125,10.875,30.25,32.75,14.75,2.3095683251933252,11.875,32.125,38.037499999999994,34.375,58.375,59.33351998055508,15.875,19.875,79.6875,0.0,9.25,0.6743742368742368,4.75,22.5,0.2148011180225416,14.75,0.0,145.125
127,126,2024-01-20,1,1,2023-24,Houston Rockets,Utah Jazz,109.125,30.375,59.0,19.75,43.875,10.25,33.625,21.75,12.0,1.8656593406593407,10.125,33.625,30.0625,29.5,56.75,51.89602062979636,19.75,25.125,78.1625,0.0,7.75,0.6590964590964591,4.75,20.375,0.24229902018076982,12.0,0.0,119.125,126.375,39.0,62.75,24.625,48.0,11.25,36.75,30.5,15.5,2.1112103174603174,13.0,34.75,36.875,31.375,53.125,59.5349515092078,24.625,29.875,82.05,0.0,7.375,0.5036393345216874,5.875,19.625,0.31485400414933323,15.5,0.0,153.875
126,100,2024-01-20,1,1,2023-24,New York Knicks,Toronto Raptors,113.375,43.5,50.5,19.375,48.625,12.0,36.625,24.75,15.375,1.675925250953224,14.5,40.0,36.2,25.25,46.625,53.97445295671158,19.375,23.625,81.5125,0.0,7.5,0.48541925758597754,4.875,19.0,0.2730366161616161,15.375,0.0,132.625,119.25,40.5,63.25,15.5,40.25,8.25,32.0,31.125,11.75,2.8856227106227106,13.5,34.625,38.824999999999996,31.625,53.625,58.8663650033874,15.5,21.0,72.5375,0.0,6.375,0.597779304029304,5.125,18.875,0.27996839761545644,11.75,0.0,141.75
97,102,2024-01-20,1,1,2023-24,Minnesota Timberwolves,Oklahoma City Thunder,116.25,39.0,61.0,16.25,45.625,8.625,37.0,28.875,14.375,2.0815383903377325,13.0,31.625,41.7125,30.5,53.25,57.8024556457857,16.25,22.125,74.21249999999999,0.0,8.375,0.5841649761057655,5.625,19.75,0.3124230841622146,14.375,0.0,143.125,123.25,39.0,67.5,16.75,42.0,8.75,33.25,31.875,12.75,2.5021221833721836,13.0,34.75,38.1375,33.75,54.0,62.23388326261873,16.75,20.75,81.3,0.0,7.75,0.6293269230769231,6.125,20.125,0.33600155893713063,12.75,0.0,152.25
125,96,2024-01-20,1,1,2023-24,Chicago Bulls,Memphis Grizzlies,113.375,37.125,61.0,15.25,43.125,7.875,35.25,28.0,13.25,2.2363811992101468,12.375,32.875,36.6875,30.5,54.625,56.0467619054816,15.25,18.875,80.58749999999999,0.0,6.625,0.5088725601883497,5.75,18.625,0.31645457225952583,13.25,0.0,135.375,113.875,48.75,47.25,17.875,44.0,11.625,32.375,27.125,14.125,2.0415427945807205,16.25,42.875,37.7625,23.625,46.75,50.15944874138151,17.875,22.875,78.3375,0.0,8.75,0.6554910560715513,5.5,19.125,0.3169850577530784,14.125,0.0,130.375
89,97,2024-01-20,1,1,2023-24,Charlotte Hornets,Philadelphia 76ers,104.25,41.25,48.5,14.5,41.5,12.0,29.5,22.375,15.0,1.5248473748473748,13.75,37.125,37.3125,24.25,51.625,47.022460013531436,14.5,17.625,81.3125,0.0,6.5,0.41939102564102565,4.875,18.625,0.2743589630828408,15.0,0.0,110.625,116.125,35.625,57.25,23.25,40.875,10.625,30.25,25.5,11.375,2.5717916951469584,11.875,31.5,37.85,28.625,56.75,50.73272671571219,23.25,28.5,82.1,0.0,9.125,0.9262965652768285,6.875,21.875,0.32315391987874825,11.375,0.0,134.125
135,141,2024-01-20,1,1,2023-24,Detroit Pistons,Milwaukee Bucks,118.125,37.875,66.25,14.0,43.25,11.5,31.75,29.75,14.25,2.2051605869620574,12.625,34.375,36.7625,33.125,58.125,57.085704081257525,14.0,19.25,73.15,0.0,6.125,0.434519034886682,5.375,20.0,0.29403305504564087,14.25,0.0,136.375,122.625,43.125,61.5,18.0,42.875,9.0,33.875,28.125,11.75,2.4317606005106005,14.375,37.375,38.3375,30.75,53.5,57.687506630577545,18.0,23.375,77.4875,0.0,5.5,0.48144771894771893,4.875,20.25,0.2518655303030303,11.75,0.0,141.125
95,116,2024-01-20,1,1,2023-24,Atlanta Hawks,Cleveland Cavaliers,112.0,33.375,58.0,20.625,44.75,12.25,32.5,23.5,16.125,1.5253083193979935,11.125,34.25,32.8,29.0,56.25,51.57379953921604,20.625,27.125,76.89999999999999,0.0,8.25,0.5282596253384297,5.0,18.0,0.26571811859114997,16.125,0.0,120.5,119.75,43.125,60.25,16.375,48.5,11.375,37.125,28.5,13.0,2.418481691919192,14.375,40.75,36.0125,30.125,50.25,58.84454741506229,16.375,21.0,78.72500000000001,0.0,8.125,0.7096185064935066,4.125,18.0,0.2590125948990513,13.0,0.0,144.875
127,131,2024-01-20,1,1,2023-24,Washington Wizards,San Antonio Spurs,110.125,36.375,58.5,15.25,41.125,10.625,30.5,27.875,13.25,2.295658263305322,12.125,33.625,35.625,29.25,57.5,50.97508431515457,15.25,20.5,73.0,0.0,8.375,0.6971638655462186,6.125,20.5,0.3046989385519134,13.25,0.0,125.375,116.75,39.75,59.5,17.5,42.375,9.25,33.125,29.375,11.625,2.9510149572649573,13.25,37.0,35.7875,29.75,54.125,54.707960138674665,17.5,21.625,80.35,0.0,8.375,0.7835081585081585,5.375,17.25,0.31018016855865155,11.625,0.0,138.375
107,116,2024-01-21,1,1,2023-24,Houston Rockets,Boston Celtics,113.125,30.75,62.25,20.125,46.125,12.25,33.875,22.875,11.0,2.1978021978021975,10.25,34.5,29.5375,31.125,59.25,52.65309401618009,20.125,26.0,76.95,0.0,8.25,0.7971916971916971,5.75,21.25,0.282450535332285,11.0,0.0,126.875,118.125,49.875,49.25,19.0,46.25,9.75,36.5,23.0,11.125,2.718250152625153,16.625,40.75,40.625,24.625,48.875,50.274561574914564,19.0,24.0,77.5,0.0,4.875,0.6036973443223443,5.75,17.625,0.32890514252259606,11.125,0.0,133.5
104,113,2024-01-21,1,1,2023-24,Washington Wizards,Denver Nuggets,113.375,35.25,61.0,17.125,42.375,10.875,31.5,28.625,13.75,2.243574929971989,11.75,32.875,35.2125,30.5,58.5,52.050022890093146,17.125,22.0,78.1875,0.0,8.625,0.6763305322128851,6.0,21.375,0.28386560521858006,13.75,0.0,131.25,119.625,31.875,69.5,18.25,40.875,9.25,31.625,27.625,14.125,2.0591056206865033,10.625,29.0,37.2375,34.75,55.0,63.19529643842282,18.25,22.875,78.66250000000001,0.0,6.125,0.44132802450817155,4.0,19.0,0.21204917952629623,14.125,0.0,140.875
105,87,2024-01-21,1,1,2023-24,Orlando Magic,Miami Heat,104.75,35.25,53.25,16.25,44.125,12.625,31.5,23.125,13.375,1.821915064102564,11.75,35.125,33.675,26.625,51.25,52.250107737757844,16.25,23.5,68.35,0.0,8.25,0.6206730769230768,5.375,21.625,0.2496170948616601,13.375,0.0,117.0,105.125,31.875,55.0,18.25,43.375,9.5,33.875,24.75,14.125,1.8383806756968522,10.625,31.25,33.8875,27.5,53.375,51.56125317732676,18.25,22.125,82.57499999999999,0.0,6.0,0.44695109832977475,3.5,16.625,0.22189856711915537,14.125,0.0,118.25
125,114,2024-01-21,1,1,2023-24,LA Clippers,Brooklyn Nets,121.25,48.375,55.75,17.125,40.25,10.625,29.625,27.5,12.375,2.4358157467532466,16.125,35.375,45.837500000000006,27.875,50.375,55.110228709049004,17.125,21.0,82.35000000000001,0.0,8.375,0.687987012987013,5.75,18.875,0.3158151966927122,12.375,0.0,145.125,108.375,39.75,52.0,16.625,44.125,11.75,32.375,26.0,12.875,2.1731199866310162,13.25,41.25,32.5125,26.0,49.0,53.27636731654589,16.625,22.125,73.85,0.0,8.375,0.7188196301247772,5.0,19.75,0.26817555156224154,12.875,0.0,122.5
117,110,2024-01-21,1,1,2023-24,Phoenix Suns,Indiana Pacers,119.625,39.75,61.0,18.875,41.5,9.375,32.125,26.625,13.875,2.026121060312237,13.25,34.125,38.699999999999996,30.5,52.375,58.711217587547374,18.875,23.125,80.82499999999999,0.0,8.25,0.6286931206048854,4.25,19.5,0.22511588874680308,13.875,0.0,139.375,115.875,36.0,63.25,16.625,40.875,10.625,30.25,30.75,14.5,2.2225147537647536,12.0,33.125,37.275,31.625,57.0,55.41306543510053,16.625,21.375,77.6125,0.0,8.125,0.6074099511599511,5.125,22.75,0.22802227186869545,14.5,0.0,135.0
134,110,2024-01-21,1,1,2023-24,Los Angeles Lakers,Portland Trail Blazers,117.0,35.625,63.0,18.375,40.5,7.75,32.75,30.0,15.0,2.080832596196373,11.875,30.125,39.199999999999996,31.5,55.5,56.97283867996489,18.375,24.25,75.9125,0.0,8.0,0.5482171895871586,4.75,15.125,0.3321858252350243,15.0,0.0,137.125,103.75,34.875,51.5,17.375,40.875,10.625,30.25,20.375,14.0,1.522790586606376,11.625,33.125,34.7625,25.75,56.0,45.40907554100697,17.375,23.25,73.9375,0.0,6.375,0.4631274427327059,5.25,18.5,0.28030047545333925,14.0,0.0,105.0
133,123,2024-01-22,1,1,2023-24,Philadelphia 76ers,San Antonio Spurs,114.5,33.0,58.5,23.0,41.25,10.625,30.625,24.625,10.25,2.650081168831169,11.0,30.875,35.35,29.25,58.0,50.691060049045525,23.0,27.75,83.35000000000001,0.0,8.875,0.9545860389610389,6.875,20.625,0.35156301078783914,10.25,0.0,132.5,118.0,39.0,61.25,17.75,43.25,9.75,33.5,30.25,12.25,2.907510055304173,13.0,35.875,36.25,30.625,55.375,54.9352328659474,17.75,22.375,78.5625,0.0,7.875,0.7234591389003153,5.625,17.625,0.31346964224286206,12.25,0.0,140.5
100,108,2024-01-22,1,1,2023-24,Toronto Raptors,Memphis Grizzlies,115.5,39.75,61.5,14.25,39.5,8.625,30.875,30.875,11.25,2.971336996336996,13.25,34.25,38.4875,30.75,54.625,56.18533052062878,14.25,20.5,68.95,0.0,7.0,0.6781364468864469,4.5,18.625,0.25219061983767865,11.25,0.0,135.0,112.0,48.0,45.75,18.25,42.625,10.875,31.75,27.5,14.875,1.9477927945807203,16.0,42.875,37.175,22.875,44.375,51.346803053735826,18.25,23.375,78.1375,0.0,8.625,0.6148660560715514,5.375,18.375,0.3225518593725116,14.875,0.0,127.75
125,128,2024-01-22,1,1,2023-24,Minnesota Timberwolves,Charlotte Hornets,113.125,39.0,57.25,16.875,45.375,8.625,36.75,27.75,15.25,1.9357050570043992,13.0,32.125,41.137499999999996,28.625,51.125,56.121833636216316,16.875,23.25,73.2625,0.0,7.375,0.5008316427724322,5.625,20.75,0.29746581920494963,15.25,0.0,136.0,101.5,40.125,47.5,13.875,43.0,12.375,30.625,22.375,15.25,1.5022983552395317,13.375,37.5,35.9375,23.75,51.625,45.98079334686478,13.875,17.0,80.375,0.0,5.75,0.3674302413273001,4.5,19.25,0.23477562974950744,15.25,0.0,106.75
113,122,2024-01-22,1,1,2023-24,Detroit Pistons,Milwaukee Bucks,116.5,38.625,62.75,15.125,42.25,10.625,31.625,29.375,13.25,2.379180194805195,12.875,33.875,38.075,31.375,57.25,54.90300123038033,15.125,20.5,73.65,0.0,6.25,0.48108766233766237,5.25,20.375,0.2884774994900853,13.25,0.0,134.125,124.0,42.375,62.25,19.375,43.75,8.75,35.0,28.125,11.375,2.518299062049062,14.125,36.75,38.3,31.125,53.25,58.66949633898235,19.375,25.5,77.0375,0.0,5.5,0.49875541125541123,5.125,19.375,0.27353219696969694,11.375,0.0,144.25
110,119,2024-01-22,1,1,2023-24,Dallas Mavericks,Boston Celtics,119.25,43.125,56.0,20.125,41.125,10.5,30.625,25.0,12.75,1.9811000274235568,14.375,37.5,38.2875,28.0,50.375,55.35434272944286,20.125,25.75,78.35,0.0,7.375,0.5844662690250926,5.125,20.875,0.25518820292787414,12.75,0.0,134.0,117.875,50.25,48.25,19.375,46.125,10.125,36.0,23.625,10.875,2.779882097069597,16.75,41.5,40.275,24.125,49.125,48.994049370032606,19.375,23.875,79.95,0.0,5.375,0.6401556776556777,6.5,17.25,0.37964043664024316,10.875,0.0,134.375
99,126,2024-01-22,1,1,2023-24,Orlando Magic,Cleveland Cavaliers,102.625,32.25,54.25,16.125,44.625,12.75,31.875,22.625,13.25,1.8010817307692308,10.75,34.125,31.7875,27.125,51.75,52.72836860732306,16.125,22.75,69.725,0.0,7.75,0.5903159340659341,5.625,21.125,0.26992959486166007,13.25,0.0,115.375,120.375,46.875,56.25,17.25,50.0,11.0,39.0,29.0,13.75,2.2666959776334776,15.625,40.75,38.9125,28.125,48.0,57.921928367443236,17.25,21.875,79.9375,0.0,7.625,0.6002435064935066,4.0,17.5,0.26213759489905136,13.75,0.0,147.625
122,107,2024-01-22,1,1,2023-24,Sacramento Kings,Atlanta Hawks,120.25,45.0,61.75,13.5,41.75,11.0,30.75,30.125,12.875,2.481059545030133,15.0,38.375,39.15,30.875,55.5,55.50841369199059,13.5,19.25,70.22500000000001,0.0,6.125,0.5083853238265003,4.125,18.5,0.23208474083760122,12.875,0.0,135.75,109.375,33.75,57.0,18.625,45.5,11.875,33.625,24.0,15.75,1.6218992284889024,11.25,33.75,33.4375,28.5,56.75,50.12994927183636,18.625,25.25,74.4,0.0,8.125,0.5315063785851829,5.125,18.5,0.2649605428335742,15.75,0.0,119.0
115,113,2024-01-22,1,1,2023-24,Phoenix Suns,Chicago Bulls,119.0,37.125,64.0,17.875,43.0,8.875,34.125,26.875,13.875,2.040826942665178,12.375,32.875,37.3375,32.0,54.0,59.5933946210402,17.875,22.125,80.175,0.0,8.0,0.6139872382519441,4.625,19.625,0.24028799019607844,13.875,0.0,140.875,116.5,37.5,63.25,15.75,44.75,8.125,36.625,29.0,13.375,2.2969872598162073,12.5,33.0,36.9125,31.625,54.75,57.895672976262006,15.75,19.5,80.55,0.0,6.875,0.5211831662489558,5.5,18.75,0.29970620624645394,13.375,0.0,141.875
109,114,2024-01-23,1,1,2023-24,Indiana Pacers,Denver Nuggets,117.0,38.25,62.5,16.25,41.125,11.125,30.0,31.375,14.75,2.2212521275021277,12.75,31.75,40.55,31.25,58.625,53.27020829224339,16.25,21.5,75.5625,0.0,7.75,0.5430160117660118,5.375,23.0,0.23913338297980655,14.75,0.0,136.25,117.5,31.5,68.5,17.5,42.625,9.5,33.125,27.75,14.75,1.9291453032261858,10.5,28.5,37.4625,34.25,55.875,61.56137245280392,17.5,22.75,76.375,0.0,6.375,0.42446294514309224,4.875,19.125,0.2646533461929629,14.75,0.0,139.5
127,116,2024-01-23,1,1,2023-24,LA Clippers,Los Angeles Lakers,120.5,46.5,57.0,17.0,41.375,10.375,31.0,27.625,12.0,2.5080560064935065,15.5,34.375,45.474999999999994,28.5,52.25,54.32702068899887,17.0,21.125,81.625,0.0,8.0,0.6758116883116883,5.75,18.875,0.3158151966927122,12.0,0.0,144.5,119.625,36.75,63.5,19.375,41.75,8.0,33.75,30.25,15.0,2.0986897390535164,12.25,30.75,39.6625,31.75,55.0,57.974162744844065,19.375,24.5,78.75,0.0,7.5,0.5125029038728729,5.125,15.625,0.3470667776159767,15.0,0.0,142.375
103,108,2024-01-23,1,1,2023-24,Brooklyn Nets,New York Knicks,112.0,40.875,53.5,17.625,43.25,10.25,33.0,26.375,12.625,2.235299473810503,13.625,40.75,33.8,26.75,48.5,55.17476303847102,17.625,23.125,76.975,0.0,8.25,0.7181786044837516,5.125,20.75,0.2594759178626078,12.625,0.0,128.0,113.125,42.0,52.75,18.375,50.125,12.625,37.5,24.75,16.5,1.5697189572469303,14.0,39.75,35.2,26.375,46.75,56.13750567780002,18.375,23.0,79.5125,0.0,7.125,0.44083883800555795,4.875,18.75,0.2770138888888889,16.5,0.0,132.75
111,109,2024-01-23,1,1,2023-24,Oklahoma City Thunder,Portland Trail Blazers,121.625,38.625,64.5,18.5,42.125,9.0,33.125,30.875,12.125,2.5514010295260294,12.875,33.875,38.675,32.25,54.5,59.00647511961972,18.5,22.125,83.67500000000001,0.0,8.25,0.7399038461538462,6.0,19.375,0.3369630973986691,12.125,0.0,149.875,104.625,33.375,53.25,18.0,40.0,10.625,29.375,20.0,13.375,1.559444721944722,11.125,31.75,34.575,26.625,56.75,46.26227971388328,18.0,23.625,75.7375,0.0,6.125,0.4664169164169164,5.5,19.25,0.285062380215244,13.375,0.0,106.5
153,124,2024-01-23,1,1,2023-24,New Orleans Pelicans,Utah Jazz,120.125,43.875,56.75,19.5,43.625,11.375,32.25,29.125,11.25,2.6226702117327116,14.625,34.875,41.25,28.375,52.375,54.59247710674954,19.5,25.5,76.95,0.0,7.75,0.7338942307692308,4.75,17.25,0.30045126603272887,11.25,0.0,143.875,130.0,41.625,64.5,23.875,48.25,11.25,37.0,31.125,15.375,2.1573704481792717,13.875,35.875,38.45,32.25,53.375,60.75806978877769,23.875,28.375,83.26249999999999,0.0,6.5,0.45666221033868093,6.625,19.625,0.34610400414933323,15.375,0.0,159.5
96,105,2024-01-24,1,1,2023-24,Miami Heat,Memphis Grizzlies,103.875,32.625,53.5,17.75,42.375,9.625,32.75,24.25,14.375,1.7880334534746298,10.875,31.25,34.5625,26.75,53.0,50.27207218642686,17.75,21.625,82.1875,0.0,6.5,0.47038859832977475,3.375,16.75,0.21567562339621163,14.375,0.0,115.5,109.625,44.25,48.25,17.125,43.0,12.5,30.5,27.125,14.5,1.9650625314228256,14.75,41.5,35.5625,24.125,47.375,50.60466747553467,17.125,22.375,75.425,0.0,9.0,0.648171977124183,5.875,17.75,0.3642185260391782,14.5,0.0,124.875
134,112,2024-01-24,1,1,2023-24,Golden State Warriors,Atlanta Hawks,118.625,43.125,59.5,16.0,41.25,10.75,30.5,28.25,12.625,2.870943275635613,14.375,38.5,37.3375,29.75,51.625,57.84429754561692,16.0,20.625,80.075,0.0,5.125,0.5291575781030116,4.5,18.0,0.2572162413609782,12.625,0.0,134.5,109.0,35.625,54.25,19.125,45.5,12.5,33.0,23.75,15.625,1.617892818232492,11.875,35.0,34.0625,27.125,55.75,48.55633343515217,19.125,25.0,76.8,0.0,7.25,0.4658012503800547,4.75,18.0,0.25666534832556503,15.625,0.0,117.0
126,116,2024-01-24,1,1,2023-24,Milwaukee Bucks,Cleveland Cavaliers,123.625,41.625,61.0,21.0,44.625,9.0,35.625,28.0,10.75,2.6383387445887445,13.875,37.375,37.0875,30.5,52.875,57.96808568067514,21.0,27.375,77.475,0.0,5.75,0.5513347763347763,5.5,20.125,0.2799242424242424,10.75,0.0,144.5,121.0,49.875,54.75,16.375,49.5,11.375,38.125,29.5,14.125,2.221557088744589,16.625,41.0,41.325,27.375,46.625,58.051083803202445,16.375,21.375,77.96249999999999,0.0,7.75,0.5794101731601732,4.25,16.375,0.2785169052438789,14.125,0.0,149.25
107,118,2024-01-24,1,1,2023-24,Washington Wizards,Minnesota Timberwolves,115.125,34.875,62.25,18.0,43.5,11.5,32.0,30.125,13.25,2.4019459706959707,11.625,32.5,35.1625,31.125,59.75,52.08619187157463,18.0,22.875,79.25,0.0,7.875,0.6457875457875458,6.125,21.875,0.2801470697494725,13.25,0.0,135.125,115.25,40.875,56.75,17.625,43.5,7.125,36.375,29.25,15.25,2.051089672389015,13.625,32.125,42.662499999999994,28.375,49.875,57.07619958619438,17.625,23.75,75.02499999999999,0.0,7.125,0.481600873541663,5.25,19.875,0.28307187981101023,15.25,0.0,139.0
109,132,2024-01-24,1,1,2023-24,Dallas Mavericks,Phoenix Suns,117.25,43.5,56.0,17.75,41.75,10.875,30.875,24.875,12.5,2.02068336075689,14.5,38.75,37.25,28.0,50.75,55.001028889286914,17.75,22.375,78.4375,0.0,6.375,0.5094662690250926,4.75,21.125,0.231577091816763,12.5,0.0,130.875,119.25,37.125,64.0,18.125,42.375,8.375,34.0,27.125,13.375,2.2713464231846583,12.375,32.75,37.4875,32.0,53.875,59.734797335972324,18.125,22.125,81.65,0.0,7.0,0.5555456798103857,4.625,19.0,0.2536426910507793,13.375,0.0,140.75
131,137,2024-01-24,1,1,2023-24,Houston Rockets,Portland Trail Blazers,112.5,29.625,64.25,18.625,46.5,12.75,33.75,23.375,11.625,2.1394688644688644,9.875,34.625,28.337500000000002,32.125,60.5,53.353543687574074,18.625,24.75,74.925,0.0,8.5,0.7846916971916972,5.875,20.375,0.2940926921950301,11.625,0.0,125.875,101.5,32.625,51.75,17.125,41.0,11.0,30.0,20.75,14.5,1.4745763008920905,10.875,31.875,33.775,25.875,55.5,45.833015062894106,17.125,22.5,75.8625,0.0,6.25,0.44339060062744273,5.625,19.125,0.2932860644257703,14.5,0.0,104.625
114,140,2024-01-24,1,1,2023-24,San Antonio Spurs,Oklahoma City Thunder,119.0,38.625,62.0,18.375,43.625,10.375,33.25,31.125,11.875,3.110635055304173,12.875,36.375,35.487500000000004,31.0,55.75,55.25901622544504,18.375,23.0,78.875,0.0,7.0,0.6566977752639517,5.25,18.125,0.2888484301216499,11.875,0.0,141.25,118.5,36.0,64.0,18.5,42.5,9.0,33.5,29.125,11.75,2.4826510295260293,12.0,33.25,36.225,32.0,55.25,57.90799027113487,18.5,22.625,82.3375,0.0,8.0,0.7419871794871795,6.375,19.0,0.3647408751764469,11.75,0.0,144.125
113,106,2024-01-24,1,1,2023-24,Detroit Pistons,Charlotte Hornets,117.0,37.5,62.5,17.0,42.5,10.125,32.375,29.375,13.125,2.4075892857142858,12.5,32.125,38.550000000000004,31.25,57.875,54.083007507844236,17.0,22.875,73.5625,0.0,5.75,0.4401785714285715,5.25,20.625,0.2845644560118244,13.125,0.0,134.625,106.125,41.625,50.0,14.5,42.125,11.75,30.375,23.625,14.875,1.6849906629318394,13.875,37.875,36.9875,25.0,51.125,48.895231849538575,14.5,17.75,80.725,0.0,5.875,0.40012254901960786,4.875,19.25,0.25352562974950743,14.875,0.0,114.375
133,134,2024-01-25,1,1,2023-24,Golden State Warriors,Sacramento Kings,120.25,44.25,61.0,15.0,42.875,11.0,31.875,28.625,12.375,2.9563599423022797,14.75,38.25,38.7625,30.5,53.5,56.95716843575325,15.0,18.75,81.05000000000001,0.0,4.75,0.5104075781030115,4.875,17.875,0.2802425571504519,12.375,0.0,138.75,118.625,41.625,61.75,15.25,42.875,10.875,32.0,28.5,12.125,2.4949484339190224,13.875,38.375,36.1875,30.875,54.625,56.30386823744513,15.25,20.75,73.0,0.0,6.625,0.5861631016042781,4.25,18.25,0.2385547201336675,12.125,0.0,135.0
108,123,2024-01-25,1,1,2023-24,Washington Wizards,Utah Jazz,115.375,33.75,62.25,19.375,44.0,10.875,33.125,29.875,13.375,2.38021978021978,11.25,30.875,35.987500000000004,31.125,60.375,51.42286639987651,19.375,24.0,81.66250000000001,0.0,7.5,0.6264423076923078,6.125,22.125,0.27844252429492705,13.375,0.0,136.0,130.5,43.125,62.75,24.625,47.0,10.875,36.125,30.75,13.375,2.4229954481792717,14.375,36.625,39.275,31.375,54.125,58.17771264592055,24.625,29.375,83.0125,0.0,6.5,0.49832887700534756,7.125,19.25,0.38499289303822215,13.375,0.0,158.75
134,122,2024-01-25,1,1,2023-24,Indiana Pacers,Philadelphia 76ers,114.0,33.0,64.75,16.25,41.0,10.875,30.125,30.75,14.375,2.242405973655974,11.0,29.375,37.5875,32.375,60.5,53.35933485195819,16.25,21.375,76.05000000000001,0.0,7.5,0.5353237040737041,4.625,22.125,0.20890240471893698,14.375,0.0,131.875,119.625,32.625,62.5,24.5,42.5,12.0,30.5,25.375,9.0,3.3286525974025976,10.875,30.5,35.2125,31.25,60.375,51.852614012323635,24.5,29.375,84.0875,0.0,8.5,1.0394074675324676,6.125,20.875,0.3078130107878391,9.0,0.0,139.5
141,132,2024-01-25,1,1,2023-24,Los Angeles Lakers,Chicago Bulls,120.875,36.75,64.25,19.875,41.875,8.625,33.25,30.75,14.5,2.172373949579832,12.25,31.125,39.225,32.125,55.875,57.74617532346041,19.875,25.25,78.67500000000001,0.0,7.5,0.5282923775570835,5.375,16.125,0.3455516261008252,14.5,0.0,143.875,117.625,39.0,63.5,15.125,45.5,9.375,36.125,28.5,12.75,2.3678205931495406,13.0,34.125,37.175000000000004,31.75,56.0,56.66314192036138,15.125,19.125,78.28750000000001,0.0,6.75,0.5378498329156224,5.25,18.875,0.2833663369654082,12.75,0.0,141.5
122,84,2024-01-25,1,1,2023-24,New York Knicks,Denver Nuggets,111.5,40.5,53.0,18.0,49.75,12.625,37.125,24.0,16.5,1.5161475286755017,13.5,38.875,34.65,26.5,47.5,55.608609908966166,18.0,22.375,80.41250000000001,0.0,7.0,0.4319102665769865,5.625,18.375,0.3383119658119658,16.5,0.0,130.625,116.75,32.25,67.0,17.5,43.125,9.75,33.375,27.0,14.625,1.8890812006620834,10.75,28.5,38.2125,33.5,55.0,61.198469226997474,17.5,22.5,77.5375,0.0,6.0,0.39962320155334863,5.875,18.375,0.3253950341725025,14.625,0.0,139.875
94,96,2024-01-25,1,1,2023-24,Brooklyn Nets,Minnesota Timberwolves,112.25,41.625,54.5,16.125,42.0,10.0,32.0,26.875,13.0,2.201645627656657,13.875,40.5,34.575,27.25,49.0,55.6753406279974,16.125,20.5,79.2875,0.0,7.75,0.6479862967914438,5.0,20.75,0.2528969704941868,13.0,0.0,128.125,115.875,39.75,57.25,18.875,43.5,8.375,35.125,28.25,13.875,2.2792642755636177,13.25,32.375,41.175,28.625,52.125,55.392376056782616,18.875,25.0,75.9375,0.0,7.125,0.5689024608432502,5.625,20.375,0.29506682930595973,13.875,0.0,137.75
110,143,2024-01-25,1,1,2023-24,Miami Heat,Boston Celtics,100.875,31.125,52.5,17.25,42.25,9.75,32.5,23.125,15.125,1.6015361272714215,10.375,31.0,33.400000000000006,26.25,53.25,48.936021461789174,17.25,20.75,82.7,0.0,6.875,0.46838325073619197,3.875,16.25,0.25209018922254217,15.125,0.0,110.75,116.375,49.5,47.25,19.625,46.375,9.125,37.25,23.625,9.75,3.104882097069597,16.5,42.875,38.275,23.625,47.5,49.913962789946034,19.625,24.0,80.4875,0.0,5.875,0.7609890109890111,6.5,17.25,0.37964043664024316,9.75,0.0,134.375
100,112,2024-01-26,1,1,2023-24,Milwaukee Bucks,Cleveland Cavaliers,125.875,42.375,63.0,20.5,45.25,9.75,35.5,28.5,10.875,2.6610660173160174,14.125,36.75,38.5125,31.5,55.25,57.19720355733399,20.5,25.625,80.01249999999999,0.0,6.0,0.5655393217893218,5.375,19.125,0.2825284090909091,10.875,0.0,148.625,118.0,47.25,54.5,16.25,46.625,9.875,36.75,28.125,14.375,2.0511025432900434,15.75,40.5,39.65,27.25,45.875,58.6307128406185,16.25,21.25,77.75,0.0,7.75,0.5706689144189144,3.5,17.0,0.21548271720969087,14.375,0.0,141.25
143,148,2024-01-26,1,1,2023-24,Atlanta Hawks,Dallas Mavericks,105.625,36.375,51.5,17.75,44.25,12.125,32.125,23.5,15.375,1.6511096014492752,12.125,36.125,33.725,25.75,53.625,48.0661373567208,17.75,23.0,77.1875,0.0,7.375,0.4876543972332016,4.0,17.375,0.22467130070651742,15.375,0.0,112.25,113.5,43.5,52.25,17.75,39.375,10.875,28.5,23.625,12.125,1.9865447052947054,14.5,39.375,36.6,26.125,49.25,53.11759560592859,17.75,22.75,77.05000000000001,0.0,5.5,0.4642982017982018,4.125,20.5,0.2073955441977154,12.125,0.0,121.0
104,138,2024-01-26,1,1,2023-24,Charlotte Hornets,Houston Rockets,105.375,40.875,50.0,14.5,42.625,11.125,31.5,23.75,14.375,1.7751421780833545,13.625,37.375,36.8625,25.0,50.75,49.23373263446793,14.5,18.0,79.56249999999999,0.0,6.125,0.43194073083778967,4.625,19.25,0.2421619933858711,14.375,0.0,115.125,114.75,28.875,68.0,17.875,45.875,12.25,33.625,24.5,11.125,2.3842605311355314,9.625,34.0,28.2375,34.0,61.875,55.42617758339212,17.875,24.0,74.5625,0.0,8.5,0.8263583638583639,6.125,18.875,0.31743734414749186,11.125,0.0,130.25
107,127,2024-01-26,1,1,2023-24,Toronto Raptors,LA Clippers,111.375,37.125,58.25,16.0,39.75,9.0,30.75,30.0,12.5,2.520706744236156,12.375,33.0,37.15,29.125,54.0,54.01539492343909,16.0,21.625,73.775,0.0,7.0,0.604607035121741,4.75,18.625,0.2700477626948215,12.5,0.0,129.25,122.5,46.125,60.25,16.125,39.625,9.875,29.75,28.25,12.0,2.549722673160173,15.375,33.25,46.75,30.125,54.125,55.32042767403095,16.125,20.125,81.0,0.0,8.25,0.6924783549783549,5.5,18.75,0.303968791463954,12.0,0.0,146.25
107,106,2024-01-26,1,1,2023-24,Memphis Grizzlies,Orlando Magic,107.625,44.25,46.5,16.875,41.75,11.5,30.25,27.25,14.5,1.97200697586727,14.75,39.875,37.125,23.25,46.875,49.23156141492861,16.875,21.75,76.575,0.0,9.125,0.6551164215686275,5.625,17.125,0.36202554358303785,14.5,0.0,123.25,100.375,30.0,53.5,16.875,41.75,12.125,29.625,22.625,13.5,1.7690304487179487,10.0,32.625,31.337500000000002,26.75,50.25,53.415503110247045,16.875,23.75,70.11250000000001,0.0,7.625,0.5717261904761906,5.25,20.25,0.25430459486166007,13.5,0.0,111.125
133,131,2024-01-26,1,1,2023-24,Indiana Pacers,Phoenix Suns,116.75,34.5,66.75,15.5,41.125,10.625,30.5,31.25,15.25,2.173953592703593,11.5,29.75,38.95,33.375,60.25,55.08723381866312,15.5,21.0,74.1125,0.0,7.375,0.5085379897879898,4.875,23.5,0.2051145259310582,15.25,0.0,135.5,121.375,39.375,63.75,18.25,42.25,7.75,34.5,27.25,13.875,2.2036380898513253,13.125,33.5,39.0625,31.875,51.0,62.3845058680338,18.25,22.125,82.2125,0.0,7.625,0.5815873464770523,4.375,18.125,0.25086491327300153,13.875,0.0,145.625
116,100,2024-01-26,1,1,2023-24,San Antonio Spurs,Portland Trail Blazers,117.0,38.625,60.5,17.875,42.625,10.625,32.0,30.375,13.625,2.4080034763568046,12.875,37.0,34.8375,30.25,54.125,55.666700028651235,17.875,22.75,77.72500000000001,0.0,7.0,0.5277504068428991,6.125,18.0,0.3537293825026023,13.625,0.0,136.625,108.125,36.0,53.75,18.375,41.625,11.125,30.5,22.25,14.125,1.6391596342254238,12.0,32.625,36.55,26.875,56.25,46.8564068757596,18.375,23.25,78.98750000000001,0.0,6.0,0.4392239339607761,5.25,19.25,0.26959325396825395,14.125,0.0,114.25
83,107,2024-01-26,1,1,2023-24,New Orleans Pelicans,Oklahoma City Thunder,127.375,48.0,60.75,18.625,45.375,11.125,34.25,31.5,11.25,2.886559100621601,16.0,37.0,42.325,30.375,51.75,58.39994837111736,18.625,24.5,76.05,0.0,7.25,0.6783386752136752,4.625,18.125,0.28451989348370926,11.25,0.0,156.625,120.0,37.5,63.75,18.75,43.125,10.5,32.625,29.125,12.125,2.4177471833721835,12.5,34.125,36.55,31.875,55.625,57.21728946250954,18.75,22.625,83.9,0.0,8.875,0.789463141025641,6.875,19.125,0.3884250857027627,12.125,0.0,146.625
104,118,2024-01-27,1,1,2023-24,Detroit Pistons,Washington Wizards,116.875,39.75,61.25,15.875,43.375,9.125,34.25,29.125,13.0,2.4113771645021647,13.25,33.875,38.800000000000004,30.625,55.75,55.02852032835706,15.875,21.625,72.3125,0.0,5.5,0.4231331168831169,5.25,20.25,0.2845644560118244,13.0,0.0,135.625,112.875,30.75,64.0,18.125,43.625,10.0,33.625,30.0,12.875,2.488553113553113,10.25,30.625,33.0375,32.0,60.5,52.821837966724665,18.125,22.875,80.2625,0.0,8.0,0.6931089743589745,6.375,21.0,0.3137686112514488,12.875,0.0,134.375
115,120,2024-01-27,1,1,2023-24,Dallas Mavericks,Sacramento Kings,117.625,45.0,53.25,19.375,38.5,9.75,28.75,24.625,12.375,2.0285027472527473,15.0,38.75,38.7,26.625,48.625,54.753959242292225,19.375,24.25,78.85000000000001,0.0,5.0,0.4135989010989011,3.75,21.25,0.179763965250347,12.375,0.0,126.5,122.875,44.25,62.5,16.125,44.0,10.875,33.125,29.125,12.25,2.5185595450301332,14.75,38.75,37.75,31.25,54.25,57.61200777232885,16.125,21.625,74.15,0.0,6.5,0.5611631016042781,4.625,19.375,0.24748329156223892,12.25,0.0,142.375
111,105,2024-01-27,1,1,2023-24,Denver Nuggets,Philadelphia 76ers,110.875,30.375,65.0,15.5,43.375,10.625,32.75,25.125,15.25,1.7081601480305044,10.125,28.375,35.9875,32.5,55.625,58.722054132657846,15.5,20.25,77.225,0.0,5.5,0.3592096677187621,4.875,18.0,0.283547208085546,15.25,0.0,128.375,121.25,32.625,62.5,26.125,42.125,10.875,31.25,24.625,9.75,2.9536525974025976,10.875,29.375,35.925,31.25,59.375,52.76692958181161,26.125,31.875,83.3125,0.0,8.625,0.9248241341991341,6.125,20.875,0.3078130107878392,9.75,0.0,140.625
113,112,2024-01-27,1,1,2023-24,San Antonio Spurs,Minnesota Timberwolves,114.625,35.625,61.75,17.25,44.375,11.875,32.5,30.25,14.0,2.3580034763568047,11.875,36.5,32.5875,30.875,55.25,55.67549665074835,17.25,21.75,78.375,0.0,7.375,0.5360837401762324,5.875,16.875,0.3667975643207841,14.0,0.0,135.0,112.875,38.25,56.5,18.125,42.375,8.0,34.375,28.5,14.875,2.1501793082433562,12.75,30.75,41.974999999999994,28.25,51.25,55.49483507317606,18.125,24.5,74.0625,0.0,7.375,0.5574645523465183,5.375,19.125,0.2967008162340643,14.875,0.0,134.25
122,134,2024-01-27,1,1,2023-24,Charlotte Hornets,Utah Jazz,106.125,38.25,51.75,16.125,42.125,10.75,31.375,24.125,14.75,1.7549498703910469,12.75,36.25,35.474999999999994,25.875,51.625,50.190365287529154,16.125,20.0,79.95,0.0,6.625,0.46463303853009735,5.125,20.375,0.2537244933858711,14.75,0.0,116.25,129.375,40.5,65.25,23.625,47.625,11.25,36.375,30.875,14.0,2.3136204481792717,13.5,35.0,38.825,32.625,56.625,57.84833188175718,23.625,28.125,83.2,0.0,6.5,0.47702205882352944,6.375,19.75,0.3314841211083976,14.0,0.0,156.75
144,145,2024-01-27,1,1,2023-24,Golden State Warriors,Los Angeles Lakers,121.0,45.75,59.75,15.5,42.875,10.625,32.25,28.0,12.75,2.807321480763818,15.25,38.375,39.975,29.875,52.875,56.484757249056344,15.5,19.625,79.9,0.0,5.125,0.5277152704107038,4.875,17.75,0.28122939925571505,12.75,0.0,138.875,122.0,38.25,65.5,18.25,40.75,8.625,32.125,30.875,14.375,2.2015406162464988,12.75,30.5,41.7375,32.75,57.25,57.334468974254065,18.25,23.25,78.325,0.0,8.0,0.5675780918427977,5.375,16.75,0.33811114991034896,14.375,0.0,145.375
96,115,2024-01-27,1,1,2023-24,Boston Celtics,LA Clippers,118.375,50.625,49.5,18.25,46.5,9.0,37.5,25.5,10.125,3.1858480061605063,16.875,42.0,40.1,24.75,47.125,53.16250930157394,18.25,22.625,80.26249999999999,0.0,5.75,0.7283185564435565,6.625,16.125,0.4158246471665589,10.125,0.0,140.75,125.5,44.25,64.5,16.75,40.875,9.75,31.125,29.25,11.375,2.7152056277056276,14.75,32.625,45.537499999999994,32.25,55.25,57.96593031953359,16.75,20.75,81.275,0.0,7.5,0.6669101731601731,5.75,18.5,0.3225446428571429,11.375,0.0,152.625
106,104,2024-01-27,1,1,2023-24,Brooklyn Nets,Houston Rockets,108.5,40.125,54.0,14.375,39.625,8.125,31.5,26.5,13.0,2.176645627656657,13.375,39.75,33.875,27.0,48.0,56.287228739885514,14.375,18.375,79.625,0.0,7.5,0.6313196301247772,5.0,19.625,0.26227197049418677,13.0,0.0,122.75,117.125,29.625,68.0,19.5,46.25,12.5,33.75,25.125,11.125,2.428903388278388,9.875,32.5,30.1125,34.0,61.875,55.426177583392125,19.5,25.375,77.1375,0.0,8.25,0.808501221001221,6.875,19.125,0.35215956636971407,11.125,0.0,136.125
141,117,2024-01-27,1,1,2023-24,Milwaukee Bucks,New Orleans Pelicans,123.875,40.875,62.25,20.75,46.875,9.875,37.0,27.25,12.0,2.3763437950937947,13.625,36.5,37.3875,31.125,54.625,56.99795176813426,20.75,26.25,79.0,0.0,6.0,0.5238726551226551,5.125,19.625,0.2658617424242424,12.0,0.0,145.25,121.125,44.25,58.75,18.125,44.125,11.0,33.125,30.125,11.75,2.763121600621601,14.75,37.125,38.6625,29.375,51.625,56.40526752005353,18.125,24.25,74.0375,0.0,8.125,0.7189636752136752,4.125,18.375,0.2432252506265664,11.75,0.0,145.125
125,109,2024-01-27,1,1,2023-24,New York Knicks,Miami Heat,112.75,39.375,55.75,17.625,48.375,12.25,36.125,24.0,15.875,1.6244808620088351,13.125,37.625,34.9,27.875,48.25,57.79465038639222,17.625,22.0,80.16250000000001,0.0,7.125,0.49024359991031985,5.5,18.125,0.33384768009768007,15.875,0.0,132.625,99.625,31.5,52.5,15.625,41.375,10.125,31.25,23.125,14.5,1.9140361272714215,10.5,31.75,32.95,26.25,53.125,49.053945990091066,15.625,18.875,82.05,0.0,6.75,0.543383250736192,3.625,16.125,0.233660702043055,14.5,0.0,108.625
96,104,2024-01-28,1,1,2023-24,Portland Trail Blazers,Chicago Bulls,111.0,35.625,56.5,18.875,41.0,10.5,30.5,23.125,14.75,1.6308263008920905,11.875,31.125,37.125,28.25,56.375,49.3736419991268,18.875,23.625,80.3875,0.0,6.375,0.4308906006274427,4.625,19.375,0.23571167502088555,14.75,0.0,119.25,119.25,40.125,63.25,15.875,44.0,9.375,34.625,28.5,13.125,2.325278576342818,13.375,35.5,36.9,31.625,54.125,58.42339147472859,15.875,19.75,79.08749999999999,0.0,6.75,0.5268204211509165,5.125,18.875,0.2764218925209637,13.125,0.0,142.0
113,98,2024-01-28,1,1,2023-24,Orlando Magic,Phoenix Suns,102.125,28.5,55.5,18.125,41.0,11.25,29.75,22.75,13.25,1.8153591200466201,9.5,31.625,30.775,27.75,49.625,56.08019214461693,18.125,25.125,71.525,0.0,7.0,0.5376352813852814,5.125,19.25,0.2616097896668549,13.25,0.0,113.75,123.875,40.5,66.25,17.125,43.875,8.0,35.875,28.125,14.625,2.2018523755656108,13.5,33.5,40.3125,33.125,52.5,62.98854481502262,17.125,20.75,82.55,0.0,7.875,0.5780159179056238,4.5,17.75,0.2626296191553545,14.625,0.0,150.625
120,104,2024-01-28,1,1,2023-24,Detroit Pistons,Oklahoma City Thunder,116.125,37.875,61.75,16.5,44.0,8.875,35.125,28.5,12.5,2.412427584670232,12.625,33.25,37.5875,30.875,56.375,54.861460579929386,16.5,22.375,72.5125,0.0,4.25,0.36641042780748667,6.0,20.375,0.32140656127498235,12.5,0.0,134.375,116.0,36.0,62.0,18.0,41.375,10.25,31.125,26.75,12.125,2.2350548756798756,12.0,33.875,35.3375,31.0,55.25,56.084844321443704,18.0,21.625,84.7125,0.0,9.5,0.8375400641025642,6.5,19.25,0.3452432675209445,12.125,0.0,138.25
126,125,2024-01-28,1,1,2023-24,Atlanta Hawks,Toronto Raptors,110.0,37.875,53.25,18.875,45.25,12.125,33.125,24.375,14.375,2.0142048395445133,12.625,36.625,34.650000000000006,26.625,54.125,49.06492670296777,18.875,23.875,78.7875,0.0,6.5,0.4959877305665349,4.0,18.75,0.21585719814241486,14.375,0.0,119.25,108.375,33.0,58.75,16.625,40.75,10.25,30.5,29.0,12.375,2.461994623024035,11.0,32.625,33.425,29.375,54.625,53.81015127937129,16.625,22.75,73.475,0.0,6.75,0.5894555199702258,4.625,17.625,0.27165032679738566,12.375,0.0,124.125
116,110,2024-01-28,1,1,2023-24,Indiana Pacers,Memphis Grizzlies,117.625,33.375,68.75,15.5,41.5,12.0,29.5,30.375,13.5,2.3110618548118547,11.125,30.75,35.1625,34.375,63.0,54.010796923541655,15.5,21.375,72.2375,0.0,6.875,0.5299055111555112,4.125,23.0,0.1736019208890414,13.5,0.0,132.875,106.0,44.625,45.75,15.625,40.375,10.375,30.0,27.625,14.125,2.0413347069597068,14.875,40.375,36.975,22.875,46.25,49.174872072524984,15.625,20.75,73.55,0.0,9.375,0.6840029761904762,6.125,17.5,0.3828588769163712,14.125,0.0,121.375
113,118,2024-01-29,1,1,2023-24,San Antonio Spurs,Washington Wizards,114.25,33.75,64.75,15.75,43.375,12.125,31.25,31.375,14.75,2.28855903191236,11.25,34.5,33.1125,32.375,55.875,57.95724268249438,15.75,20.75,74.16250000000001,0.0,7.375,0.49719485128734353,6.25,16.25,0.4029817748470999,14.75,0.0,136.125,114.625,32.25,64.75,17.625,44.125,10.375,33.75,30.25,12.375,2.5992673992673994,10.75,31.0,34.2625,32.375,61.625,52.462986292083514,17.625,21.75,81.6375,0.0,8.25,0.746680402930403,5.875,20.5,0.2966061398555678,12.375,0.0,137.125
147,114,2024-01-29,1,1,2023-24,Brooklyn Nets,Utah Jazz,105.875,39.375,52.0,14.5,39.125,7.25,31.875,25.875,13.375,2.1079778644987623,13.125,39.375,33.5625,26.0,46.25,56.37982133247811,14.5,19.875,76.5625,0.0,8.0,0.6490005511774088,4.875,19.25,0.26136287958509585,13.375,0.0,118.5,130.625,42.0,65.75,22.875,48.75,12.25,36.5,31.375,13.625,2.402906162464986,14.0,36.0,39.0875,32.875,56.875,58.01179342021871,22.875,27.375,82.4375,0.0,5.75,0.4423581932773109,6.125,19.625,0.32051920882769586,13.625,0.0,158.5
94,103,2024-01-29,1,1,2023-24,Memphis Grizzlies,Sacramento Kings,104.875,42.0,46.75,16.125,40.25,9.875,30.375,26.375,14.625,1.8169757326007328,14.0,38.625,36.449999999999996,23.375,46.375,50.02800178594882,16.125,21.25,74.02499999999999,0.0,9.375,0.6626354548229548,6.5,17.375,0.4027993531068474,14.625,0.0,120.0,121.5,43.5,60.25,17.75,43.375,10.375,33.0,27.625,11.75,2.4887976402682286,14.5,38.375,37.4125,30.125,52.875,57.21036842806656,17.75,23.625,74.8125,0.0,6.0,0.5413218317630082,5.125,19.25,0.2742690058479532,11.75,0.0,139.375
105,118,2024-01-29,1,1,2023-24,Miami Heat,Phoenix Suns,100.875,33.75,52.0,15.125,41.0,9.625,31.375,23.5,13.375,2.151168480212598,11.25,33.125,33.825,26.0,52.375,49.311943926107574,15.125,18.375,81.58749999999999,0.0,6.75,0.5930156036773684,4.0,16.25,0.2540855386443622,13.375,0.0,111.25,120.25,36.75,67.5,16.0,43.0,7.125,35.875,27.625,15.875,2.0839593989769822,12.25,30.375,39.4,33.75,53.125,63.42012045846267,16.0,20.5,78.275,0.0,6.875,0.484370432955791,4.75,18.125,0.27208685599745974,15.875,0.0,144.625
130,104,2024-01-29,1,1,2023-24,Portland Trail Blazers,Philadelphia 76ers,111.375,34.125,58.0,19.25,42.25,10.125,32.125,23.625,14.0,1.7147548723206618,11.375,31.75,34.9375,29.0,56.0,51.33681857410461,19.25,23.0,83.15,0.0,5.625,0.3987477434845856,4.625,19.625,0.23257884294068504,14.0,0.0,122.375,117.875,30.375,63.25,24.25,40.625,10.0,30.625,24.5,9.75,2.9422889610389613,10.125,27.875,34.925,31.625,58.25,54.35591263265907,24.25,29.75,82.875,0.0,8.25,0.8907332251082251,5.75,21.0,0.29349650832478497,9.75,0.0,137.375
131,129,2024-01-29,1,1,2023-24,Dallas Mavericks,Orlando Magic,119.125,47.625,53.25,18.25,39.75,10.375,29.375,26.5,12.0,2.2736950549450547,15.875,41.125,38.8875,26.625,48.25,55.10798022131321,18.25,23.125,77.6875,0.0,4.75,0.41456043956043953,3.5,22.125,0.1607688672111313,12.0,0.0,129.875,104.25,28.5,56.75,19.0,41.25,11.375,29.875,23.25,12.875,1.9403591200466201,9.5,31.125,31.1875,28.375,51.375,55.41054928747407,19.0,25.875,73.1625,0.0,7.25,0.5914814352314353,5.0,19.375,0.2532764563335216,12.875,0.0,116.625
118,108,2024-01-29,1,1,2023-24,Cleveland Cavaliers,LA Clippers,117.75,46.5,54.25,17.0,46.5,10.25,36.25,26.75,13.0,2.081951902264402,15.5,40.875,38.449999999999996,27.125,47.375,56.88558297048863,17.0,22.25,77.92500000000001,0.0,7.5,0.5911016067266067,4.375,17.375,0.2543583152958153,13.0,0.0,139.0,122.625,42.375,63.75,16.5,42.625,10.25,32.375,28.75,10.625,2.866991341991342,14.125,34.0,42.2,31.875,56.0,56.54023907529397,16.5,20.125,82.45,0.0,7.125,0.6936958874458874,6.375,18.375,0.3546875,10.625,0.0,149.25
101,107,2024-01-29,1,1,2023-24,Oklahoma City Thunder,Minnesota Timberwolves,115.0,36.0,62.25,16.75,41.0,10.125,30.875,26.0,12.25,2.1281104312354313,12.0,32.875,36.1375,31.125,56.0,55.57299087316784,16.75,20.5,82.3375,0.0,9.25,0.800040064102564,6.625,19.125,0.3536497002694825,12.25,0.0,136.125,112.375,39.375,56.0,17.0,40.75,7.875,32.875,27.875,14.5,2.165203346704895,13.125,30.125,44.262499999999996,28.0,51.75,54.38778848095426,17.0,23.375,71.875,0.0,6.75,0.5346280138849798,5.5,17.875,0.32721921088289374,14.5,0.0,131.625
113,107,2024-01-29,1,1,2023-24,Denver Nuggets,Milwaukee Bucks,110.875,30.375,65.0,15.5,44.625,11.25,33.375,25.0,14.25,1.8956601480305044,10.125,28.875,35.449999999999996,32.5,55.25,59.13872079932452,15.5,21.5,74.41250000000001,0.0,4.75,0.35139716771876217,4.75,17.0,0.28680807765076344,14.25,0.0,128.25,124.625,41.625,61.5,21.5,45.75,9.125,36.625,26.75,11.75,2.4066468253968254,13.875,36.875,37.574999999999996,30.75,54.125,56.92186481161252,21.5,27.375,78.3375,0.0,7.125,0.6564484126984127,4.375,20.0,0.23177083333333334,11.75,0.0,144.625
135,119,2024-01-29,1,1,2023-24,Houston Rockets,Los Angeles Lakers,116.125,30.375,66.5,19.25,48.0,13.125,34.875,25.0,12.125,2.2842955451411333,10.125,33.375,30.150000000000002,33.25,61.5,54.47223021497107,19.25,25.125,77.0125,0.0,8.0,0.7415077569489334,6.625,20.75,0.3260281008524727,12.125,0.0,134.25,126.5,36.75,68.75,21.0,43.0,8.625,34.375,30.875,14.625,2.178623949579832,12.25,29.625,41.125,34.375,60.75,56.75426920927169,21.0,25.5,81.375,0.0,8.125,0.5682725362872422,5.5,17.0,0.34155726519856955,14.625,0.0,151.125
118,112,2024-01-29,1,1,2023-24,Boston Celtics,New Orleans Pelicans,117.625,51.0,49.75,16.875,49.125,10.5,38.625,25.375,10.75,2.9661510364635366,17.0,42.625,40.0125,24.875,47.625,52.99881882538346,16.875,20.875,80.7875,0.0,5.375,0.6468791625041626,7.125,16.125,0.4542861856280974,10.75,0.0,141.5,118.125,40.5,57.75,19.875,43.625,10.5,33.125,28.0,12.25,2.509333721833722,13.5,35.0,37.612500000000004,28.875,52.625,54.55341566820168,19.875,26.375,74.55,0.0,7.375,0.6356303418803418,3.625,18.125,0.2192314425770308,12.25,0.0,136.75
92,113,2024-01-29,1,1,2023-24,Charlotte Hornets,New York Knicks,109.0,39.375,54.75,14.875,41.0,9.875,31.125,25.75,13.5,2.054949870391047,13.125,36.0,36.875,27.375,52.25,52.27369862086249,14.875,19.125,77.71249999999999,0.0,6.125,0.48338303853009734,5.5,20.125,0.27219040247678017,13.5,0.0,121.875,112.875,40.5,55.25,17.125,48.5,12.0,36.5,23.75,14.75,1.8599719334374067,13.5,36.5,37.175,27.625,49.125,56.29740846361838,17.125,21.75,78.9875,0.0,7.0,0.542698957053177,5.625,16.875,0.3488476800976801,14.75,0.0,133.875
107,118,2024-01-30,1,1,2023-24,Chicago Bulls,Toronto Raptors,116.75,36.0,66.0,14.75,43.25,9.0,34.25,28.0,12.0,2.7234928620571037,12.0,33.625,34.975,33.0,55.375,59.7613943482918,14.75,18.75,77.4125,0.0,6.5,0.6214632782937737,5.875,18.875,0.31589557673149005,12.0,0.0,140.375,109.0,34.125,56.75,18.125,41.875,11.25,30.625,28.75,12.25,2.4625898611192727,11.375,32.75,34.474999999999994,28.375,55.125,51.543229184862994,18.125,24.5,73.3,0.0,7.75,0.6632650437797496,4.75,19.25,0.26944444444444443,12.25,0.0,125.375
119,107,2024-01-30,1,1,2023-24,Golden State Warriors,Philadelphia 76ers,124.875,48.375,62.25,14.25,43.5,11.125,32.375,29.625,12.5,2.9214855674511244,16.125,40.875,39.675,31.125,55.0,56.792134298236675,14.25,18.5,78.0,0.0,6.125,0.5888607812466171,4.625,19.75,0.25753658879819874,12.5,0.0,143.375,116.875,26.625,65.0,25.25,39.125,9.75,29.375,23.75,10.125,2.8619318181818185,8.875,27.125,31.7125,32.5,57.75,56.37538900558372,25.25,31.0,82.2375,0.0,7.625,0.8366365864527628,5.25,21.75,0.2592859820089955,10.125,0.0,133.25
118,103,2024-01-30,1,1,2023-24,New York Knicks,Utah Jazz,113.75,40.125,56.5,17.125,46.75,11.0,35.75,23.75,13.0,2.0713245904422375,13.375,36.375,36.95,28.25,49.375,57.30804676149072,17.125,21.375,80.60000000000001,0.0,6.25,0.5523607928019693,4.625,17.0,0.2806185134310134,13.0,0.0,133.75,126.75,37.5,65.5,23.75,47.25,12.0,35.25,30.0,14.0,2.2684523809523807,12.5,34.0,37.15,32.75,58.0,56.61772562360854,23.75,28.375,82.75,0.0,5.25,0.40191701680672265,6.0,18.5,0.3395409479581306,14.0,0.0,149.875
138,122,2024-01-30,1,1,2023-24,Atlanta Hawks,Los Angeles Lakers,113.375,36.0,57.5,19.875,45.375,12.625,32.75,25.125,14.125,2.091213768115942,12.0,35.0,33.987500000000004,28.75,56.0,51.09739063193558,19.875,24.75,79.7,0.0,6.25,0.4881752305665349,3.625,18.875,0.19591672195193865,14.125,0.0,124.5,125.75,36.75,68.5,20.5,42.375,8.25,34.125,30.375,14.625,2.136957282913165,12.25,30.375,40.162499999999994,34.25,59.875,57.349507304509785,20.5,25.75,78.65,0.0,8.625,0.6099392029539088,5.25,15.75,0.355771312021312,14.625,0.0,148.75
129,124,2024-01-30,1,1,2023-24,Boston Celtics,Indiana Pacers,114.25,48.375,49.5,16.375,47.875,10.0,37.875,25.5,10.625,3.002135884948385,16.125,42.5,38.25,24.75,46.5,54.300902158716795,16.375,20.25,80.6625,0.0,5.375,0.6535079503829504,6.75,15.375,0.44833380467571643,10.625,0.0,137.125,118.5,35.25,67.75,15.5,42.375,11.625,30.75,30.75,13.125,2.4293310855810857,11.75,31.5,36.349999999999994,33.875,62.0,54.11180702455175,15.5,20.625,75.4375,0.0,6.5,0.5241362803862804,4.75,23.625,0.19649569378281426,13.125,0.0,136.75
99,110,2024-01-31,1,1,2023-24,Houston Rockets,New Orleans Pelicans,118.875,32.25,68.25,18.375,48.75,13.0,35.75,27.0,12.375,2.3919878528334406,10.75,34.125,31.4,34.125,60.625,56.55848547443811,18.375,24.5,75.675,0.0,8.0,0.7286872441284206,6.5,20.875,0.3183526622559815,12.375,0.0,140.75,118.0,39.375,59.5,19.125,44.25,10.625,33.625,26.875,12.625,2.311417055167055,13.125,35.25,36.262499999999996,29.75,52.625,56.11591566820167,19.125,25.25,75.075,0.0,7.125,0.5835470085470086,4.0,18.625,0.23530287114845938,12.625,0.0,136.5
128,121,2024-01-31,1,1,2023-24,Cleveland Cavaliers,Detroit Pistons,117.875,45.375,54.75,17.75,46.75,10.125,36.625,26.875,12.625,2.140245171495171,15.125,40.5,37.8625,27.375,47.5,57.26601775309732,17.75,22.875,79.1,0.0,7.5,0.6019189144189144,4.375,17.625,0.25175414862914863,12.625,0.0,140.125,117.625,38.25,62.25,17.125,45.25,9.625,35.625,27.75,12.375,2.374927584670232,12.75,32.5,38.9625,31.125,57.0,54.742574710364174,17.125,23.125,72.7625,0.0,4.5,0.39974376114082,5.875,19.375,0.3243969918969919,12.375,0.0,137.0
98,108,2024-01-31,1,1,2023-24,San Antonio Spurs,Orlando Magic,116.0,34.125,65.75,16.125,42.375,12.25,30.125,31.875,14.375,2.3593923652456934,11.375,33.0,34.837500000000006,32.875,57.0,57.8393181541925,16.125,20.75,76.36250000000001,0.0,7.375,0.5110837401762325,6.125,16.125,0.3988968075268385,14.375,0.0,139.0,107.875,32.625,55.5,19.75,39.375,11.5,27.875,24.0,12.375,2.05754662004662,10.875,31.5,34.6125,27.75,51.5,53.99728398135163,19.75,26.375,74.725,0.0,7.5,0.6253356018981019,4.125,20.75,0.21160978966685487,12.375,0.0,119.5
119,116,2024-01-31,1,1,2023-24,Portland Trail Blazers,Milwaukee Bucks,113.125,31.125,61.5,20.5,42.625,10.0,32.625,24.375,13.875,1.788243883309673,10.375,30.0,34.35,30.75,57.125,53.60695535222012,20.5,23.875,85.275,0.0,5.5,0.3946268643637064,5.125,20.0,0.2526681286549708,13.875,0.0,127.5,121.875,42.75,57.0,22.125,44.5,8.25,36.25,25.625,11.875,2.2936660561660562,14.25,38.0,37.3375,28.5,51.75,55.064000453748164,22.125,28.375,77.5375,0.0,6.75,0.6227945665445666,4.625,20.875,0.22987689393939392,11.875,0.0,138.25
115,106,2024-01-31,1,1,2023-24,Miami Heat,Sacramento Kings,101.0,34.875,49.5,16.625,41.0,10.125,30.875,22.625,13.25,2.1024047439488616,11.625,34.5,33.1875,24.75,51.375,47.78664630705996,16.625,19.5,83.925,0.0,6.625,0.5875210981828629,3.875,16.625,0.2388077608665844,13.25,0.0,109.5,119.0,42.75,60.0,16.25,43.125,10.0,33.125,27.625,12.875,2.346692377110334,14.25,38.75,36.387499999999996,30.0,51.875,58.26713171309072,16.25,22.0,72.525,0.0,7.0,0.5821113054472187,4.25,19.5,0.21495528035775713,12.875,0.0,136.0
105,100,2024-01-31,1,1,2023-24,Oklahoma City Thunder,Denver Nuggets,114.5,35.625,61.25,17.625,40.75,9.5,31.25,25.75,12.375,2.085496794871795,11.875,31.125,37.3125,30.625,55.625,54.88996379386417,17.625,21.875,80.63749999999999,0.0,8.5,0.7271233974358974,6.75,19.0,0.36345362183811,12.375,0.0,135.375,109.375,26.625,66.0,16.75,44.5,11.125,33.375,24.875,13.125,2.1281969127363864,8.875,27.0,32.925,33.0,57.25,58.093299025712405,16.75,22.625,76.1875,0.0,5.0,0.4240074618364092,4.75,17.5,0.28175757260025835,13.125,0.0,127.125
121,87,2024-01-31,1,1,2023-24,Minnesota Timberwolves,Dallas Mavericks,112.125,39.75,56.25,16.125,41.25,8.25,33.0,27.375,13.75,2.202652739417445,13.25,30.5,44.05,28.125,53.375,52.78435577996059,16.125,21.375,74.65,0.0,6.625,0.5493041272453038,5.125,17.375,0.31320319257625756,13.75,0.0,131.0,119.5,46.125,54.0,19.375,39.375,9.375,30.0,26.5,12.625,2.161195054945055,15.375,39.375,39.7125,27.0,47.625,56.85570058605485,19.375,24.75,77.4,0.0,4.75,0.38956043956043956,3.5,22.75,0.15802763914095583,12.625,0.0,131.0
110,117,2024-01-31,1,1,2023-24,Charlotte Hornets,Chicago Bulls,109.625,39.75,55.5,14.375,39.875,8.875,31.0,26.5,13.375,2.118640346581523,13.25,34.875,38.125,27.75,51.625,53.5822776080129,14.375,19.0,74.8,0.0,6.0,0.4774306575777164,5.875,19.75,0.30370300751879703,13.375,0.0,124.375,113.75,33.375,64.75,15.625,42.875,9.0,33.875,26.75,13.0,2.5318261953904373,11.125,32.625,33.65,32.375,55.0,58.91457938368108,15.625,20.125,76.5125,0.0,7.5,0.667296611627107,6.625,18.25,0.36835093387434714,13.0,0.0,135.875
109,125,2024-01-31,1,1,2023-24,Washington Wizards,LA Clippers,113.5,31.125,65.25,17.125,43.0,10.625,32.375,30.25,13.25,2.4764603817235393,10.375,30.125,34.075,32.625,61.125,53.31418427442904,17.125,21.5,80.38749999999999,0.0,8.125,0.7017242625795257,5.75,19.625,0.31213644288587084,13.25,0.0,134.75,120.375,40.875,62.0,17.5,42.75,9.625,33.125,28.0,11.375,2.529079254079254,13.625,34.0,40.7375,31.0,54.375,56.67380576652462,17.5,22.0,79.325,0.0,7.375,0.6634761072261073,6.125,18.875,0.3357799369747899,11.375,0.0,145.0
120,136,2024-01-31,1,1,2023-24,Brooklyn Nets,Phoenix Suns,111.5,44.25,53.0,14.25,40.25,8.125,32.125,28.75,12.375,2.545069367766736,14.75,41.625,35.7,26.5,46.875,56.663912241569015,14.25,18.75,79.475,0.0,8.875,0.7789025119617224,5.5,18.625,0.29099650027475105,12.375,0.0,130.75,119.125,37.125,67.25,14.75,43.75,7.5,36.25,28.0,15.125,2.3116379704055534,12.375,31.875,37.975,33.625,53.875,62.23377786587007,14.75,19.25,76.9125,0.0,7.0,0.546870432955791,5.125,17.625,0.30333685599745974,15.125,0.0,143.625
101,108,2024-02-01,1,1,2023-24,Memphis Grizzlies,Cleveland Cavaliers,104.875,43.5,44.25,17.125,40.5,9.875,30.625,25.75,14.875,1.7321543040293041,14.5,38.375,38.0,22.125,45.75,47.96979213845346,17.125,22.875,72.5625,0.0,9.0,0.6150164072039073,5.875,17.375,0.36373685310684734,14.875,0.0,117.875,120.0,45.0,58.75,16.25,45.0,9.875,35.125,28.125,12.375,2.3195381007881006,15.0,39.375,38.4625,29.375,49.5,59.11786960494918,16.25,20.375,81.17500000000001,0.0,7.75,0.6574744699744699,4.25,16.5,0.2621708152958153,12.375,0.0,144.125
105,114,2024-02-01,1,1,2023-24,Boston Celtics,Los Angeles Lakers,117.25,48.75,52.75,15.75,46.25,10.25,36.0,26.125,10.5,3.0702448593073592,16.25,42.125,39.025,26.375,47.5,56.711982870071104,15.75,19.875,79.3875,0.0,5.75,0.6871617965367965,7.0,15.375,0.4639588046757165,10.5,0.0,140.75,127.0,38.25,68.5,20.25,41.5,8.125,33.375,30.125,14.25,2.166369047619048,12.75,31.5,40.550000000000004,34.25,59.5,57.74424414661505,20.25,26.625,74.53750000000001,0.0,9.25,0.6656114718614718,4.5,16.25,0.285458812021312,14.25,0.0,147.75
109,105,2024-02-01,1,1,2023-24,New York Knicks,Indiana Pacers,116.75,40.125,59.25,17.375,47.25,11.125,36.125,24.875,12.5,2.425491257108904,13.375,35.625,37.6625,29.625,51.5,57.952426606451965,17.375,20.875,83.875,0.0,7.0,0.7023607928019693,5.125,16.5,0.3165560134310134,12.5,0.0,140.875,120.875,36.375,70.0,14.5,43.25,11.75,31.5,31.5,12.375,2.7038846570096573,12.125,32.5,36.574999999999996,35.0,62.625,55.33180249556625,14.5,19.375,75.4375,0.0,5.875,0.5062791375291376,4.5,22.375,0.19227142342951167,12.375,0.0,140.75
124,127,2024-02-01,1,1,2023-24,Utah Jazz,Philadelphia 76ers,123.125,37.5,64.75,20.875,46.125,12.25,33.875,29.375,14.625,2.110119047619048,12.5,33.875,37.2625,32.375,57.25,56.67129705217997,20.875,25.625,80.77499999999999,0.0,4.75,0.3394170168067227,6.0,18.0,0.3473534479581306,14.625,0.0,143.75,114.75,25.875,65.25,23.625,38.875,10.375,28.5,22.0,10.75,2.6637784090909093,8.625,27.0,31.075000000000003,32.625,58.125,56.27486453005925,23.625,29.375,81.1,0.0,8.375,0.8551024955436719,5.0,21.75,0.2488693153423288,10.75,0.0,128.625
120,108,2024-02-02,1,1,2023-24,Denver Nuggets,Portland Trail Blazers,107.25,28.5,62.5,16.25,45.375,12.125,33.25,23.625,11.625,2.214560549100023,9.5,29.125,31.7375,31.25,57.875,54.18048389966198,16.25,21.75,76.6375,0.0,4.875,0.46605291638186375,5.5,18.125,0.30983728274518585,11.625,0.0,123.25,114.875,32.25,62.5,20.125,42.375,9.875,32.5,25.0,13.625,1.8817753518411413,10.75,30.125,35.55,31.25,57.75,53.8419924284913,20.125,23.25,87.0625,0.0,6.375,0.4776688224056645,5.0,20.5,0.24329312865497077,13.625,0.0,131.0
126,106,2024-02-02,1,1,2023-24,Oklahoma City Thunder,Charlotte Hornets,113.0,33.75,61.25,18.0,43.0,10.25,32.75,25.0,12.5,2.003766025641026,11.25,30.125,36.7125,30.625,57.125,53.5851795850987,18.0,22.5,80.01249999999999,0.0,8.125,0.6942708333333334,7.25,18.375,0.41091602785314757,12.5,0.0,134.0,109.375,38.625,56.5,14.25,39.75,8.125,31.625,26.0,12.875,2.1722117751529515,12.875,35.0,37.199999999999996,28.25,51.5,54.84490387063916,14.25,18.875,74.6875,0.0,5.625,0.4649306575777164,5.625,19.625,0.29273809523809524,12.875,0.0,123.5
135,106,2024-02-02,1,1,2023-24,Houston Rockets,Toronto Raptors,116.875,34.125,64.75,18.0,46.625,11.625,35.0,26.75,11.375,2.665064775910364,11.375,36.25,31.387500000000003,32.375,58.375,55.57678513131955,18.0,22.625,80.0125,0.0,8.5,0.9363795518207283,5.625,20.625,0.2813443806824825,11.375,0.0,137.5,109.625,33.0,59.5,17.125,42.75,11.375,31.375,29.875,13.125,2.4347052457346576,11.0,32.125,34.262499999999996,29.75,56.0,53.46895810527276,17.125,22.375,75.76249999999999,0.0,8.375,0.6776881207028266,4.25,19.125,0.24682539682539684,13.125,0.0,129.125
122,133,2024-02-02,1,1,2023-24,Indiana Pacers,Sacramento Kings,118.25,36.375,68.25,13.625,44.5,12.375,32.125,30.0,12.5,2.562057733932734,12.125,32.5,36.575,34.125,63.125,53.33775487651862,13.625,18.625,73.2625,0.0,6.375,0.5407342657342658,4.875,23.0,0.19977142342951165,12.5,0.0,137.125,120.625,44.25,61.25,15.125,41.875,8.625,33.25,28.375,11.875,2.5607446646920327,14.75,39.0,37.5,30.625,51.375,59.843596459863306,15.125,21.0,70.7625,0.0,7.0,0.6213269917217286,4.125,19.375,0.20923632610939108,11.875,0.0,139.25
129,120,2024-02-02,1,1,2023-24,Atlanta Hawks,Phoenix Suns,117.0,37.125,60.0,19.875,44.0,12.5,31.5,26.125,13.125,2.2745471014492753,12.375,35.0,34.975,30.0,57.0,52.30229683684178,19.875,24.375,81.2875,0.0,6.5,0.5423418972332016,3.125,18.75,0.17033192663030122,13.125,0.0,129.5,121.25,36.0,69.75,15.5,43.25,7.625,35.625,28.375,14.625,2.3850754704055532,12.0,30.75,38.4875,34.875,54.25,64.30179257175243,15.5,20.75,75.0375,0.0,6.75,0.542182932955791,5.125,17.25,0.31583685599745975,14.625,0.0,146.75
102,110,2024-02-02,1,1,2023-24,Washington Wizards,Miami Heat,112.5,27.375,68.0,17.125,44.5,11.125,33.375,28.875,13.875,2.1904026894158473,9.125,28.625,32.1625,34.0,62.875,54.14479429621554,17.125,22.0,77.3625,0.0,7.625,0.6151858010410642,6.125,19.625,0.331873284991134,13.875,0.0,132.5,103.375,36.75,50.5,16.125,40.375,10.25,30.125,24.625,12.875,2.3658662824104,12.25,34.125,35.7625,25.25,51.375,48.6795034499171,16.125,19.25,82.7125,0.0,6.25,0.5673287904905552,3.625,16.625,0.2231827608665844,12.875,0.0,114.25
125,136,2024-02-02,1,1,2023-24,Detroit Pistons,LA Clippers,119.0,39.75,61.5,17.75,43.875,9.125,34.75,27.125,12.875,2.2858924969509338,13.25,32.0,41.125,30.75,56.625,54.44540489904341,17.75,23.5,74.8125,0.0,4.75,0.40237534008818837,5.125,18.875,0.2928843868549751,12.875,0.0,136.625,120.0,39.75,62.25,18.0,43.875,10.5,33.375,28.375,10.875,2.6905375874125874,13.25,33.875,39.6875,31.125,55.875,55.59621955962807,18.0,22.25,80.75,0.0,7.375,0.7103511072261073,6.125,18.875,0.3357799369747899,10.875,0.0,145.25
101,121,2024-02-02,1,1,2023-24,Memphis Grizzlies,Golden State Warriors,103.0,40.5,47.5,15.0,40.625,9.375,31.25,25.875,14.875,1.7417696886446887,13.5,36.375,37.325,23.75,48.25,49.29190752306884,15.0,20.0,73.5875,0.0,8.5,0.5765548687423687,6.125,18.25,0.33851755486123336,14.875,0.0,116.875,125.0,48.375,62.0,14.625,43.375,10.25,33.125,29.875,13.375,2.802798698764256,16.125,39.125,41.35,31.0,54.125,57.59493177656607,14.625,19.0,77.525,0.0,6.25,0.573709266095102,4.875,20.875,0.24958204334365325,13.375,0.0,145.5
113,114,2024-02-02,1,1,2023-24,San Antonio Spurs,New Orleans Pelicans,116.0,34.875,64.5,16.625,42.375,11.75,30.625,31.625,15.5,2.1922871020877985,11.625,32.625,35.887499999999996,32.25,55.75,57.94741223928416,16.625,21.75,75.05,0.0,7.875,0.507794266492022,6.875,16.75,0.4301468075268385,15.5,0.0,139.625,117.0,39.0,60.25,17.75,45.75,10.375,35.375,25.75,13.25,2.1381216006216004,13.0,35.75,35.3125,30.125,52.5,57.04066056616086,17.75,23.625,74.46249999999999,0.0,6.625,0.5274390540015541,4.25,18.875,0.24439378023936847,13.25,0.0,135.125
106,108,2024-02-02,1,1,2023-24,Minnesota Timberwolves,Orlando Magic,111.75,39.0,56.25,16.5,41.625,8.25,33.375,27.25,13.625,2.226516375781082,13.0,30.5,43.2125,28.125,51.75,54.43514943075424,16.5,22.5,73.225,0.0,6.5,0.5447586726998491,5.0,18.625,0.2893936687667337,13.625,0.0,131.375,109.125,32.25,56.5,20.375,39.25,11.375,27.875,24.375,13.375,1.8778591200466201,10.75,30.375,35.5375,28.25,52.75,53.740249349317,20.375,26.625,76.71249999999999,0.0,8.5,0.6722106018981019,4.375,20.75,0.2241097896668549,13.375,0.0,121.875
101,117,2024-02-03,1,1,2023-24,San Antonio Spurs,Cleveland Cavaliers,115.125,33.0,65.5,16.625,45.0,13.125,31.875,31.5,16.125,2.089188811489508,11.0,33.5,33.225,32.75,56.375,58.14984138908173,16.625,21.875,74.60000000000001,0.0,7.5,0.46292247162022704,7.75,16.625,0.4862129839974267,16.125,0.0,139.375,119.875,42.75,60.75,16.375,45.0,9.5,35.5,27.875,12.375,2.301680957930958,14.25,36.625,39.075,30.375,51.125,59.485516663772714,16.375,21.25,77.0125,0.0,7.375,0.6306887556887557,4.875,16.75,0.297885101010101,12.375,0.0,144.625
141,134,2024-02-03,1,1,2023-24,Atlanta Hawks,Golden State Warriors,119.875,40.5,60.25,19.125,44.25,12.75,31.5,27.125,11.5,2.5229166666666667,13.5,37.375,35.8,30.125,57.0,52.547394876057474,19.125,23.875,79.65,0.0,6.375,0.5863636363636364,3.375,18.25,0.1940875827388985,11.5,0.0,134.0,127.0,48.0,64.0,15.0,43.75,9.25,34.5,30.875,13.0,2.9120423962432476,16.0,37.875,42.2375,32.0,54.625,58.94678362841792,15.0,19.5,77.3375,0.0,6.625,0.6067975013892197,5.375,20.625,0.28208978328173373,13.0,0.0,151.625
105,113,2024-02-03,1,1,2023-24,New York Knicks,Los Angeles Lakers,116.75,38.25,61.0,17.5,48.375,12.625,35.75,23.75,11.875,2.412991257108904,12.75,35.75,35.9125,30.5,53.375,57.79858045260581,17.5,21.25,83.15,0.0,7.25,0.7523607928019692,5.375,15.75,0.3478060134310134,11.875,0.0,140.0,125.375,40.875,64.0,20.5,42.375,8.875,33.5,29.75,13.75,2.3270833333333334,13.625,32.5,41.7875,32.0,58.875,54.49780189155211,20.5,26.875,74.825,0.0,9.625,0.7711309523809524,4.625,15.375,0.30837547868797865,13.75,0.0,145.875
117,129,2024-02-03,1,1,2023-24,Dallas Mavericks,Milwaukee Bucks,116.875,42.75,54.75,19.375,39.0,9.375,29.625,25.875,13.25,2.053964662788192,14.25,37.875,37.725,27.375,48.375,56.79731968309689,19.375,25.5,74.6625,0.0,4.5,0.3564722042663219,3.875,22.625,0.17386097247428917,13.25,0.0,126.125,118.5,40.125,58.0,20.375,44.375,9.0,35.375,25.125,11.75,2.276495726495727,13.375,38.25,35.1375,29.0,51.5,56.43178160876336,20.375,26.625,76.01249999999999,0.0,7.0,0.6454594017094016,4.875,20.25,0.24959614527629234,11.75,0.0,134.5
121,136,2024-02-03,1,1,2023-24,Philadelphia 76ers,Brooklyn Nets,114.875,25.5,66.5,22.875,39.875,11.0,28.875,22.0,10.375,2.916903409090909,8.5,27.125,30.5,33.25,60.25,55.15031255873308,22.875,27.75,83.225,0.0,8.375,0.9113524955436719,5.5,21.875,0.2697026486756622,10.375,0.0,129.75,114.625,45.75,55.25,13.625,37.375,8.0,29.375,29.0,12.75,2.4570011859485543,15.25,39.625,38.1,27.625,48.25,57.45936678702356,13.625,18.375,77.3625,0.0,9.125,0.7632775119617226,4.5,19.5,0.23002836301984908,12.75,0.0,132.125
115,123,2024-02-03,1,1,2023-24,Chicago Bulls,Sacramento Kings,113.125,31.875,65.5,15.75,42.5,9.5,33.0,26.375,13.125,2.451270639834881,10.625,32.0,32.875,32.75,55.25,59.322522733434774,15.75,20.375,76.225,0.0,7.375,0.6478521671826625,6.5,17.625,0.38010307062648396,13.125,0.0,134.25,119.5,42.75,61.25,15.5,40.75,8.625,32.125,27.375,12.875,2.2796989130580463,14.25,38.125,37.087500000000006,30.625,50.375,60.90386431700617,15.5,22.0,69.425,0.0,8.125,0.648287776035454,4.25,19.125,0.21813725490196076,12.875,0.0,137.0
131,91,2024-02-04,1,1,2023-24,Boston Celtics,Memphis Grizzlies,115.75,48.0,53.0,14.75,46.25,10.5,35.75,27.125,10.625,3.1238162878787876,16.0,43.375,37.2625,26.5,47.125,57.3203031212485,14.75,18.375,82.025,0.0,5.625,0.6758522727272728,7.75,15.875,0.4929061730967691,10.625,0.0,140.25,102.75,40.5,46.5,15.75,41.0,9.5,31.5,26.875,14.75,1.8262934981684982,13.5,37.875,35.975,23.25,47.0,49.56689556706693,15.75,20.875,74.35,0.0,8.25,0.5640548687423688,6.125,17.875,0.3417784244264508,14.75,0.0,117.0
135,127,2024-02-04,1,1,2023-24,Oklahoma City Thunder,Toronto Raptors,112.0,34.875,59.5,17.625,43.75,9.75,34.0,24.375,12.875,1.9264633940620783,11.625,30.625,37.1375,29.75,55.25,54.36865536857448,17.625,22.375,79.025,0.0,8.375,0.6975603070175439,7.25,16.875,0.44134199134199137,12.875,0.0,133.625,110.875,35.625,58.25,17.0,40.875,11.25,29.625,28.875,14.0,2.1400623885918004,11.875,32.25,36.8625,29.125,55.375,52.972926359241015,17.0,22.25,75.6125,0.0,9.0,0.6687595492742551,4.625,18.75,0.26964285714285713,14.0,0.0,128.375
112,103,2024-02-04,1,1,2023-24,Denver Nuggets,Portland Trail Blazers,107.125,28.5,62.75,15.875,45.625,12.125,33.5,25.0,11.75,2.307363579403053,9.5,30.0,30.725,31.375,57.25,55.032756626934706,15.875,20.75,78.9,0.0,4.75,0.45184837092731833,5.875,18.25,0.3276004406399228,11.75,0.0,125.375,113.625,34.5,59.75,19.375,41.125,10.375,30.75,24.5,13.5,1.852229897295687,11.5,32.125,35.85,29.875,55.25,53.735154821653694,19.375,22.625,86.35000000000001,0.0,6.875,0.5310779133147554,4.125,19.875,0.20906693817878028,13.5,0.0,127.5
112,140,2024-02-04,1,1,2023-24,Washington Wizards,Phoenix Suns,111.625,27.75,66.75,17.125,44.125,10.75,33.375,28.5,13.5,2.2563749116380696,9.25,30.0,31.4,33.375,61.5,54.34783101937937,17.125,21.875,77.825,0.0,7.125,0.5908802454855087,6.125,19.75,0.3310399516578006,13.5,0.0,130.375,120.875,35.625,70.25,15.0,42.0,7.75,34.25,28.25,15.5,2.2130166468761416,11.875,30.25,38.6375,35.125,54.125,64.938104788947,15.0,19.875,76.225,0.0,6.625,0.4988005800146146,5.375,17.25,0.3305427383504009,15.5,0.0,145.375
111,90,2024-02-04,1,1,2023-24,Minnesota Timberwolves,Houston Rockets,110.25,39.0,54.5,16.75,41.5,8.25,33.25,26.5,13.875,2.152986964016376,13.0,31.75,41.8,27.25,50.5,54.182624178228984,16.75,22.375,74.95,0.0,6.5,0.5369155354449472,4.5,19.5,0.23410520722827224,13.875,0.0,127.75,122.0,35.25,69.0,17.75,48.0,11.75,36.25,27.625,12.0,2.627564775910364,11.75,36.375,32.487500000000004,34.5,59.375,58.19775287325503,17.75,22.375,79.78750000000001,0.0,8.875,0.9363795518207283,4.875,20.875,0.23759438068248254,12.0,0.0,145.25
99,111,2024-02-04,1,1,2023-24,Detroit Pistons,Orlando Magic,118.5,41.625,59.0,17.875,42.125,9.25,32.875,26.875,13.0,2.25739984989211,13.875,33.125,41.6,29.5,55.375,53.53741458427344,17.875,23.625,74.95,0.0,4.875,0.4078900459705414,4.25,19.5,0.21756387403446226,13.0,0.0,132.75,109.625,31.875,56.75,21.0,39.5,10.625,28.875,25.125,13.625,1.904782196969697,10.625,29.125,36.4625,28.375,53.625,53.15062670780756,21.0,27.125,77.72500000000001,0.0,7.875,0.6100311147186147,3.875,20.125,0.20806700891819177,13.625,0.0,122.5
123,108,2024-02-04,1,1,2023-24,Utah Jazz,Milwaukee Bucks,122.125,37.875,64.5,19.75,45.75,12.25,33.5,30.25,14.125,2.2775432900432904,12.625,35.25,35.925000000000004,32.25,56.625,57.1702466320119,19.75,24.375,80.69999999999999,0.0,4.5,0.3318412592309651,6.125,17.75,0.36352991854636585,14.125,0.0,143.0,122.75,40.125,61.0,21.625,44.375,8.5,35.875,27.0,12.0,2.393162393162393,13.375,36.75,36.5625,30.5,52.125,58.489361309479044,21.625,28.5,75.76249999999999,0.0,7.875,0.7058760683760683,4.375,20.625,0.21983424051438757,12.0,0.0,142.5
95,103,2024-02-04,1,1,2023-24,Miami Heat,LA Clippers,105.0,37.125,49.5,18.375,43.125,10.5,32.625,24.625,12.625,2.4015805681246856,12.375,34.5,35.9125,24.75,50.75,48.421297451048964,18.375,22.125,82.97500000000001,0.0,6.25,0.5732811714429361,3.125,17.25,0.18205028223410577,12.625,0.0,117.625,123.875,38.625,67.25,18.0,44.125,10.5,33.625,28.75,10.875,2.7246284965034966,12.875,32.625,40.275,33.625,57.875,58.3234922869008,18.0,22.375,80.1625,0.0,7.75,0.7444420163170162,6.25,18.5,0.34470850840336137,10.875,0.0,151.5
99,115,2024-02-04,1,1,2023-24,Charlotte Hornets,Indiana Pacers,107.125,37.875,55.5,13.75,39.125,7.75,31.375,25.625,12.375,2.195029235470412,12.625,35.25,35.95,27.75,52.25,53.33223621043052,13.75,18.625,72.675,0.0,6.0,0.5095735147205736,5.625,20.25,0.2852976190476191,12.375,0.0,119.125,119.125,32.625,72.5,14.0,44.75,12.625,32.125,28.625,13.5,2.3891681235431235,10.875,30.25,35.5625,36.25,64.625,55.97574188950564,14.0,18.5,75.175,0.0,7.625,0.5878121878121878,4.5,22.25,0.18967526958335781,13.5,0.0,138.875
136,110,2024-02-05,1,1,2023-24,Cleveland Cavaliers,Sacramento Kings,117.625,43.125,58.25,16.25,44.5,9.375,35.125,27.25,12.25,2.280090048840049,14.375,38.625,37.4,29.125,49.625,58.999304762466465,16.25,20.5,80.0,0.0,7.5,0.6488705738705738,5.0,18.0,0.28253422381711857,12.25,0.0,140.625,120.25,41.625,61.0,17.625,41.875,8.5,33.375,27.25,13.25,2.218774543310147,13.875,38.0,36.275000000000006,30.5,49.5,61.67309508623693,17.625,24.125,72.48750000000001,0.0,8.75,0.674023070153101,3.875,18.875,0.2000816993464052,13.25,0.0,139.125
138,100,2024-02-05,1,1,2023-24,New Orleans Pelicans,Toronto Raptors,116.25,39.0,61.5,15.75,46.0,11.0,35.0,26.75,13.125,2.2783993783993783,13.0,36.125,34.875,30.75,53.875,56.77829175056866,15.75,21.125,73.9375,0.0,7.25,0.6093834984459985,4.375,17.5,0.2575240323402088,13.125,0.0,135.875,111.625,33.375,60.5,17.75,41.25,11.0,30.25,29.375,14.0,2.181729055258467,11.125,31.875,35.2875,30.25,57.375,53.16232029863495,17.75,22.625,78.1,0.0,8.625,0.6375095492742551,4.75,19.0,0.27299107142857143,14.0,0.0,128.875
118,124,2024-02-05,1,1,2023-24,Charlotte Hornets,Los Angeles Lakers,108.375,37.5,55.75,15.125,38.625,8.25,30.375,25.0,11.625,2.230457042957043,12.5,34.25,36.3625,27.875,53.625,52.28174186014803,15.125,20.0,74.25,0.0,6.5,0.5630494505494505,5.375,19.75,0.28061011904761907,11.625,0.0,119.875,125.5,40.875,63.75,20.875,41.625,8.0,33.625,29.375,12.625,2.750297619047619,13.625,32.25,42.075,31.875,57.875,55.245206116399935,20.875,27.25,75.0625,0.0,9.25,0.8086309523809524,5.625,16.0,0.3602220695970696,12.625,0.0,147.75
98,109,2024-02-05,1,1,2023-24,Brooklyn Nets,Golden State Warriors,118.75,47.625,57.5,13.625,39.875,8.875,31.0,29.875,12.875,2.5034027011000695,15.875,41.25,38.0625,28.75,49.375,58.55514600780278,13.625,17.875,78.8125,0.0,8.375,0.6922547846889953,4.75,20.25,0.2344926487341348,12.875,0.0,138.5,126.25,47.25,64.75,14.25,45.375,9.375,36.0,29.25,14.125,2.1691852533861047,15.75,39.0,40.925,32.375,55.75,58.37687481382825,14.25,18.25,78.175,0.0,6.25,0.4675117871035053,5.75,21.5,0.2888832615426033,14.125,0.0,148.125
144,149,2024-02-05,1,1,2023-24,Atlanta Hawks,LA Clippers,123.875,40.125,64.25,19.5,46.625,13.625,33.0,27.625,10.625,2.7531250000000003,13.375,38.375,34.5125,32.125,59.375,53.756089350597016,19.5,24.5,79.0125,0.0,6.25,0.6144886363636364,3.625,18.25,0.20658758273889855,10.625,0.0,140.125,120.75,37.125,65.0,18.625,45.25,10.125,35.125,27.875,11.75,2.51874614356232,12.375,32.125,39.587500000000006,32.5,57.125,56.5740903730252,18.625,22.25,83.35,0.0,7.875,0.7260596633758398,5.625,17.75,0.3273473972922502,11.75,0.0,147.625
102,118,2024-02-05,1,1,2023-24,Philadelphia 76ers,Dallas Mavericks,114.5,25.125,67.25,22.125,40.125,10.375,29.75,22.375,10.0,3.207528409090909,8.375,27.0,30.2625,33.625,61.5,54.760812689657406,22.125,27.5,81.3125,0.0,7.875,0.9144774955436721,5.0,21.125,0.24988167680865447,10.0,0.0,128.0,115.875,42.0,55.5,18.375,39.0,8.75,30.25,25.625,14.375,1.9349170437405732,14.0,37.375,37.6125,27.75,48.375,57.690176825954026,18.375,24.0,75.7125,0.0,5.125,0.36837696617108384,3.25,21.375,0.15457785087719297,14.375,0.0,124.875
107,119,2024-02-06,1,1,2023-24,Brooklyn Nets,Dallas Mavericks,114.75,45.375,55.0,14.375,39.5,9.25,30.25,28.875,12.75,2.438629973827342,15.125,40.625,36.8875,27.5,49.25,56.067335724114834,14.375,18.875,78.65,0.0,8.0,0.6661184210526316,5.75,21.0,0.27029827533260026,12.75,0.0,132.375,116.875,44.25,54.0,18.625,39.125,8.375,30.75,25.875,13.75,2.0682503770739067,14.75,37.75,39.1125,27.0,47.5,57.194410337540475,18.625,24.625,74.53750000000001,0.0,5.375,0.41004363283775047,3.125,21.0,0.15293311403508772,13.75,0.0,127.125
132,129,2024-02-06,1,1,2023-24,Indiana Pacers,Houston Rockets,119.75,31.5,74.25,14.0,45.875,12.25,33.625,29.375,13.5,2.4573499417249423,10.5,30.5,34.075,37.125,64.125,57.82198886287126,14.0,17.875,77.2875,0.0,7.125,0.5423576423576424,4.5,21.625,0.19800860291669115,13.5,0.0,142.25,117.375,34.125,65.0,18.25,46.125,10.125,36.0,26.75,12.5,2.3726946460402343,11.375,35.25,32.487500000000004,32.5,56.875,56.79412776273337,18.25,23.0,80.17500000000001,0.0,8.75,0.8535873440285205,4.5,21.375,0.21443004501814686,12.5,0.0,138.0
114,106,2024-02-06,1,1,2023-24,Phoenix Suns,Milwaukee Bucks,123.75,36.75,71.25,15.75,41.75,8.125,33.625,29.25,15.625,2.258359784131044,12.25,30.25,40.1375,35.625,54.875,64.91721924174566,15.75,20.875,75.9125,0.0,7.375,0.5376077695570982,5.5,15.75,0.3670010716837342,15.625,0.0,149.625,118.625,41.25,58.25,19.125,42.25,8.375,33.875,26.625,12.25,2.299412393162393,13.75,37.875,36.45,29.125,50.875,57.21138851439348,19.125,25.5,74.33749999999999,0.0,8.125,0.7142094017094017,4.0,21.0,0.19602471670486377,12.25,0.0,135.125
129,123,2024-02-06,1,1,2023-24,Chicago Bulls,Minnesota Timberwolves,116.125,32.625,66.75,16.75,43.0,10.125,32.875,26.75,12.75,2.500612745098039,10.875,32.25,33.4125,33.375,56.0,59.74821932786202,16.75,21.125,78.2125,0.0,8.0,0.6967830882352941,6.125,18.0,0.3547354235676604,12.75,0.0,138.875,112.0,37.875,57.5,16.625,42.5,8.5,34.0,26.375,13.25,2.186097083063995,12.625,30.875,41.6625,28.75,53.25,54.63218558173776,16.625,22.125,75.16250000000001,0.0,6.75,0.5599810116354234,5.0,18.625,0.2728197821270577,13.25,0.0,131.125
121,95,2024-02-06,1,1,2023-24,Miami Heat,Orlando Magic,103.375,35.625,50.5,17.25,43.25,10.375,32.875,25.0,11.625,2.5557472347913524,11.875,34.375,34.4125,25.25,52.0,48.19628941504767,17.25,20.875,83.075,0.0,6.5,0.6371700603318251,2.875,17.5,0.1673443998811646,11.625,0.0,116.5,109.875,31.875,58.75,19.25,39.625,10.125,29.5,24.875,12.875,1.9922821969696969,10.625,29.25,36.2375,29.375,54.25,54.30592973811059,19.25,25.625,75.3125,0.0,8.375,0.6740936147186147,3.625,19.5,0.20172642920804684,12.875,0.0,123.625
124,117,2024-02-06,1,1,2023-24,Utah Jazz,Oklahoma City Thunder,121.375,39.375,63.5,18.5,47.5,12.375,35.125,30.0,14.25,2.24473079004329,13.125,36.75,35.675000000000004,31.75,55.125,57.81352148581308,18.5,22.875,80.7,0.0,4.0,0.29694542589763173,6.0,18.125,0.3553453947368421,14.25,0.0,143.25,116.125,40.5,60.75,14.875,44.75,10.375,34.375,26.75,13.25,2.0528838486075327,13.5,35.5,37.5375,30.375,54.0,56.81826343128445,14.875,19.0,80.8125,0.0,7.625,0.578242125199362,7.75,16.25,0.48300865800865805,13.25,0.0,140.0
123,113,2024-02-06,1,1,2023-24,New York Knicks,Memphis Grizzlies,115.75,37.125,62.25,16.375,48.875,14.0,34.875,23.625,10.625,2.6262265512265515,12.375,35.375,35.2125,31.125,55.5,56.989285580810936,16.375,19.875,83.4125,0.0,6.625,0.7261002886002886,5.25,16.0,0.33808379120879123,10.625,0.0,138.625,102.125,39.75,47.75,14.625,42.75,11.125,31.625,25.75,15.25,1.726293498168498,13.25,37.375,35.7125,23.875,49.625,47.925481425652784,14.625,19.5,74.4375,0.0,8.125,0.5484298687423688,6.0,18.125,0.32831688596491226,15.25,0.0,114.75
117,123,2024-02-07,1,1,2023-24,Charlotte Hornets,Toronto Raptors,107.125,37.125,55.25,14.75,38.5,8.0,30.5,24.5,11.5,2.2165681540681543,12.375,33.625,36.7125,27.625,55.25,50.09883744838332,14.75,19.5,74.35,0.0,6.625,0.5880494505494506,5.0,19.25,0.26342261904761904,11.5,0.0,116.625,110.375,33.375,60.0,17.0,41.25,11.375,29.875,28.875,14.5,2.092443340972753,11.125,31.0,36.037499999999994,30.0,58.375,51.34890310785928,17.0,22.0,76.4375,0.0,8.25,0.6027873270520329,4.875,18.25,0.3007688492063492,14.5,0.0,125.875
116,104,2024-02-07,1,1,2023-24,Miami Heat,San Antonio Spurs,107.625,36.0,54.5,17.125,44.375,10.25,34.125,26.125,11.0,2.7010463800904976,12.0,34.25,34.875,27.25,53.0,51.29706460884613,17.125,20.875,82.3875,0.0,6.625,0.6708239064856713,3.125,17.125,0.18139942380460955,11.0,0.0,125.125,111.375,33.0,61.75,16.625,45.625,13.125,32.5,29.625,15.5,2.049360380116959,11.0,34.625,32.1375,30.875,55.5,55.82225518218518,16.625,21.625,75.48750000000001,0.0,7.5,0.4813048245614035,7.25,15.875,0.4781158180055239,15.5,0.0,132.625
104,127,2024-02-07,1,1,2023-24,Philadelphia 76ers,Golden State Warriors,115.125,26.25,67.5,21.375,40.75,11.625,29.125,22.25,10.25,3.1533617424242424,8.75,27.5,31.2125,33.75,62.0,54.55247935632407,21.375,27.0,79.64999999999999,0.0,8.0,0.9103108288770053,4.875,22.25,0.21714358157055924,10.25,0.0,128.125,125.125,43.125,66.5,15.5,47.75,9.875,37.875,29.375,14.875,2.024095967671819,14.375,37.25,37.9875,33.25,56.875,58.79145909370104,15.5,19.375,80.4625,0.0,6.5,0.4518867871035054,6.25,21.625,0.316456790954368,14.875,0.0,149.75
120,133,2024-02-07,1,1,2023-24,Sacramento Kings,Detroit Pistons,118.875,42.375,60.25,16.25,42.125,8.75,33.375,27.375,13.375,2.2036230281586318,14.125,38.875,36.0375,30.125,49.625,60.753664814128086,16.25,21.625,72.7375,0.0,8.5,0.6465609489409799,3.25,18.625,0.16952614379084965,13.375,0.0,137.125,116.25,40.125,57.5,18.625,41.625,9.375,32.25,25.875,13.375,2.128233183225443,13.375,33.125,39.9875,28.75,54.25,53.35268552023403,18.625,24.0,77.2,0.0,5.125,0.4162233793038747,4.0,19.5,0.2036749851455734,13.375,0.0,128.875
106,114,2024-02-07,1,1,2023-24,Washington Wizards,Cleveland Cavaliers,109.75,27.0,66.75,16.0,42.75,10.625,32.125,29.0,14.25,2.186930467193625,9.0,30.375,30.2625,33.375,60.25,55.40357426262261,16.0,21.125,75.0375,0.0,7.25,0.5631024677077309,6.125,19.5,0.33354621732196105,14.25,0.0,127.25,120.125,45.75,58.5,15.875,44.0,9.5,34.5,27.75,11.625,2.494375763125763,15.25,38.375,39.7625,29.25,50.25,58.41039898739048,15.875,20.625,77.15,0.0,7.875,0.7252594627594627,4.875,17.875,0.2773258904837852,11.625,0.0,144.125
125,117,2024-02-07,1,1,2023-24,Boston Celtics,Atlanta Hawks,119.625,49.875,54.25,15.5,48.625,11.125,37.5,28.25,11.625,2.589725378787879,16.625,44.25,37.95,27.125,47.5,58.205719787915164,15.5,18.875,84.2125,0.0,6.5,0.6038825757575758,8.0,15.375,0.5166618292053664,11.625,0.0,148.0,130.0,43.5,65.5,21.0,45.875,13.875,32.0,28.875,10.625,2.8667613636363636,14.5,38.5,37.3125,32.75,59.5,54.76664129864897,21.0,26.0,80.8625,0.0,6.25,0.6144886363636364,3.625,19.125,0.19598152213283793,10.625,0.0,148.25
106,117,2024-02-07,1,1,2023-24,LA Clippers,New Orleans Pelicans,123.75,40.125,65.5,18.125,44.125,10.125,34.0,28.625,11.375,2.7232915981077745,13.375,33.25,40.837500000000006,32.75,56.75,57.39036717614411,18.125,22.0,82.42500000000001,0.0,8.125,0.7828778451940217,5.625,17.875,0.32551991191213325,11.375,0.0,151.125,117.0,36.75,65.25,15.0,46.125,11.125,35.0,27.25,12.375,2.6135642135642136,12.25,35.875,33.5,32.625,56.125,58.18899865424786,15.0,19.875,76.1125,0.0,7.25,0.700042839105339,4.625,17.375,0.2788152411314176,12.375,0.0,137.875
122,128,2024-02-08,1,1,2023-24,Portland Trail Blazers,Detroit Pistons,112.75,35.25,58.5,19.0,42.0,11.0,31.0,25.125,13.375,1.9167903368561263,11.75,32.375,36.4125,29.25,54.375,53.454341221167965,19.0,22.0,87.3875,0.0,6.75,0.5262702210070631,3.875,19.25,0.2027425334168755,13.375,0.0,128.375,116.0,38.625,59.25,18.125,42.625,9.0,33.625,26.125,13.875,2.0192588242510845,12.875,32.375,39.7375,29.625,53.75,55.38429756922443,18.125,22.75,79.5375,0.0,4.625,0.3521208152013106,4.0,18.375,0.20724641371700198,13.875,0.0,131.25
129,115,2024-02-08,1,1,2023-24,Phoenix Suns,Utah Jazz,123.625,34.5,72.75,16.375,43.0,8.5,34.5,27.375,16.5,1.8387169269881865,11.5,29.5,38.56249999999999,36.375,55.875,65.19139670934287,16.375,22.125,74.6875,0.0,7.75,0.5197506266999553,5.5,16.5,0.3518188854489164,16.5,0.0,147.5,121.125,39.75,62.75,18.625,46.125,12.25,33.875,30.125,14.25,2.2520837312197606,13.25,35.75,36.9,31.375,54.125,58.16447728031726,18.625,22.625,82.28750000000001,0.0,4.625,0.3337101317799847,6.0,17.25,0.3725022574819401,14.25,0.0,144.5
105,129,2024-02-08,1,1,2023-24,Milwaukee Bucks,Minnesota Timberwolves,116.625,42.375,56.75,17.5,41.625,8.375,33.25,26.25,12.75,2.159455128205128,14.125,38.0,37.3125,28.375,50.25,56.4386612416662,17.5,24.375,71.5375,0.0,8.5,0.7131410256410257,3.5,20.875,0.17437969505984213,12.75,0.0,131.125,111.75,38.625,56.5,16.625,43.25,9.0,34.25,25.625,13.375,2.109174006140918,12.875,31.375,41.725,28.25,53.75,52.92510987664127,16.625,22.25,74.80000000000001,0.0,7.0,0.5750909017453135,5.5,19.875,0.2894864487937243,13.375,0.0,130.125
109,131,2024-02-08,1,1,2023-24,Indiana Pacers,Golden State Warriors,122.625,35.25,74.5,12.875,44.25,12.0,32.25,30.75,13.75,2.521933275058275,11.75,31.875,36.962500000000006,37.25,62.625,59.652796943679334,12.875,17.0,74.6125,0.0,7.5,0.5652743090243091,5.25,22.125,0.23394610291669116,13.75,0.0,147.0,127.625,45.375,65.75,16.5,48.625,10.5,38.125,29.625,14.125,2.128346979817568,15.125,38.125,39.2125,32.875,56.5,58.50771212033543,16.5,20.875,78.875,0.0,6.875,0.4928786899375135,6.5,21.125,0.33407583857341566,14.125,0.0,154.125
127,111,2024-02-08,1,1,2023-24,Orlando Magic,San Antonio Spurs,108.625,32.25,58.0,18.375,39.0,9.625,29.375,25.375,13.375,1.978393308080808,10.75,30.125,35.8,29.0,53.625,54.250374182555035,18.375,24.75,74.4125,0.0,8.625,0.6780618686868687,3.375,19.625,0.1847227527374586,13.375,0.0,121.25,109.0,32.625,61.5,14.875,46.0,12.25,33.75,29.75,16.375,1.846235380116959,10.875,34.125,32.225,30.75,55.625,55.45033936215616,14.875,20.375,71.725,0.0,7.875,0.4844298245614035,7.125,15.75,0.4729751253648312,16.375,0.0,129.75
108,122,2024-02-08,1,1,2023-24,New York Knicks,Dallas Mavericks,115.375,36.0,63.0,16.375,45.875,13.125,32.75,23.75,9.125,2.8228174603174603,12.0,33.875,35.8125,31.5,56.75,56.1547992439033,16.375,19.875,83.4125,0.0,7.625,0.8533730158730157,5.0,15.0,0.34641712454212453,9.125,0.0,137.875,118.0,46.125,53.5,18.375,38.75,7.875,30.875,26.0,13.875,2.0523412861648156,15.375,38.125,40.2625,26.75,46.375,57.86601121473346,18.375,24.5,73.3,0.0,5.75,0.439589087383205,3.0,20.0,0.15918311403508772,13.875,0.0,129.125
95,118,2024-02-08,1,1,2023-24,Brooklyn Nets,Cleveland Cavaliers,113.875,44.625,54.75,14.5,40.375,9.5,30.875,29.375,12.375,2.5722838199811884,14.875,39.875,36.949999999999996,27.375,50.125,54.96439454764425,14.5,18.75,80.11250000000001,0.0,8.0,0.6834261133603239,5.75,20.0,0.28861329364761856,12.375,0.0,133.0,118.625,42.75,60.0,15.875,44.875,9.25,35.625,27.25,11.875,2.4155067155067154,14.25,38.0,37.475,30.0,51.625,58.28124355163127,15.875,20.625,77.15,0.0,7.125,0.6568070818070818,5.0,16.75,0.30914407230196705,11.875,0.0,140.875
106,114,2024-02-08,1,1,2023-24,Los Angeles Lakers,Denver Nuggets,124.25,39.0,65.75,19.5,42.0,7.625,34.375,30.375,13.0,2.7650035014005603,13.0,32.375,40.0875,32.875,58.125,56.77179273732618,19.5,26.0,73.95,0.0,8.75,0.7650385154061624,5.625,15.25,0.3810554029304029,13.0,0.0,146.875,108.375,30.0,61.75,16.625,45.0,12.625,32.375,25.75,11.5,2.4412019632414372,10.0,29.625,32.8625,30.875,58.25,52.998273868314016,16.625,21.5,79.8125,0.0,5.75,0.5629594820384294,6.25,18.0,0.3669361049755871,11.5,0.0,127.75
110,118,2024-02-08,1,1,2023-24,Memphis Grizzlies,Chicago Bulls,102.75,42.75,45.0,15.0,41.25,9.75,31.5,26.125,15.5,1.7210851648351648,14.25,37.75,38.0375,22.5,47.375,47.38697589763144,15.0,20.0,74.96249999999999,0.0,7.25,0.4902701465201465,5.625,18.125,0.3033168859649123,15.5,0.0,114.125,117.75,34.875,64.5,18.375,43.75,10.625,33.125,26.0,13.0,2.4023984593837535,11.625,33.0,35.2875,32.25,55.5,58.46001747995868,18.375,23.0,78.4625,0.0,8.25,0.7042235644257703,7.5,18.0,0.4172354235676604,13.0,0.0,141.0
120,84,2024-02-09,1,1,2023-24,Milwaukee Bucks,Charlotte Hornets,114.0,43.5,54.75,15.75,40.25,8.375,31.875,27.625,12.875,2.24599358974359,14.5,38.5,37.875,27.375,48.625,56.242281460245444,15.75,22.875,68.975,0.0,8.125,0.6770833333333333,3.5,20.125,0.1884421950598421,12.875,0.0,128.25,108.5,37.5,56.5,14.5,37.25,8.0,29.25,24.5,11.375,2.247249972249972,12.5,33.75,36.9,28.25,55.5,51.094235607647036,14.5,19.625,72.6125,0.0,6.75,0.6062312687312686,4.625,19.0,0.24751352813852812,11.375,0.0,116.625
121,127,2024-02-09,1,1,2023-24,Philadelphia 76ers,Atlanta Hawks,111.5,27.375,65.0,19.125,39.75,10.625,29.125,21.375,11.625,2.453361742424242,9.125,29.0,31.2125,32.5,60.625,53.82195987580459,19.125,23.75,82.14999999999999,0.0,8.25,0.8123941622103387,5.5,21.75,0.26089358157055925,11.625,0.0,122.125,131.25,43.125,67.5,20.625,45.75,13.875,31.875,29.5,10.25,3.00217803030303,14.375,38.625,36.900000000000006,33.75,60.5,55.725503036972505,20.625,25.125,82.3875,0.0,7.0,0.704766414141414,3.0,18.375,0.1691596597846598,10.25,0.0,150.75
139,122,2024-02-09,1,1,2023-24,Los Angeles Lakers,New Orleans Pelicans,123.0,37.875,65.5,19.625,41.75,7.25,34.5,30.375,12.0,3.0221463585434174,12.625,31.5,39.7875,32.75,58.625,56.13377190399285,19.625,26.0,74.5125,0.0,9.125,0.9043242296918768,5.875,14.625,0.43938873626373626,12.0,0.0,147.0,118.0,37.5,66.25,14.25,45.625,11.0,34.625,27.625,12.875,2.5567460317460315,12.5,34.625,35.2125,33.125,56.75,58.40345943856159,14.25,19.0,75.475,0.0,8.375,0.762921626984127,4.625,17.5,0.2765174470137705,12.875,0.0,140.875
135,106,2024-02-09,1,1,2023-24,Sacramento Kings,Denver Nuggets,118.625,43.5,60.0,15.125,39.875,8.125,31.75,28.5,12.75,2.8668174726030764,14.5,39.625,36.35,30.0,49.125,61.061151445144134,15.125,21.0,70.15,0.0,8.375,0.7541998378298688,3.75,18.5,0.19512138188608777,12.75,0.0,136.25,108.5,32.25,61.25,15.0,45.0,12.75,32.25,26.25,11.5,2.476916248955723,10.75,30.875,33.7875,30.625,58.125,52.71563983567999,15.0,18.875,82.0375,0.0,5.125,0.5183166248955722,5.625,18.125,0.32511625203441064,11.5,0.0,127.5
107,104,2024-02-09,1,1,2023-24,Toronto Raptors,Houston Rockets,113.25,35.625,59.75,17.875,42.5,10.875,31.625,29.0,14.625,2.0708524318818435,11.875,30.875,38.425,29.875,57.125,52.30077092395123,17.875,22.125,79.7875,0.0,7.625,0.5346055088702147,4.625,18.125,0.28810545051353875,14.625,0.0,131.875,120.125,34.875,66.75,18.5,46.0,11.25,34.75,26.75,12.5,2.372694646040234,11.625,34.0,34.9125,33.375,58.5,56.823553374786094,18.5,23.125,80.8875,0.0,8.25,0.8202540106951872,4.5,21.25,0.2158087214887351,12.5,0.0,141.0
133,129,2024-02-09,1,1,2023-24,Boston Celtics,Washington Wizards,120.75,49.875,55.75,15.125,47.375,9.875,37.5,28.5,11.375,2.6421807359307357,16.625,44.5,37.7625,27.875,46.625,60.92407985921642,15.125,18.0,86.55,0.0,6.0,0.5793290043290044,7.625,15.25,0.49873903508771933,11.375,0.0,149.375,110.0,30.0,65.5,14.5,43.625,10.625,33.0,28.5,14.5,2.113853544116702,10.0,32.0,31.5625,32.75,59.0,55.36740528114113,14.5,19.5,73.15,0.0,7.75,0.5887434933487565,5.625,19.5,0.3118070868871784,14.5,0.0,127.75
146,111,2024-02-10,1,1,2023-24,Dallas Mavericks,Oklahoma City Thunder,119.625,46.5,53.75,19.375,39.625,7.375,32.25,26.625,13.25,2.2457936671171965,15.5,38.0,40.6875,26.875,45.625,59.15677208429868,19.375,25.125,76.13749999999999,0.0,6.125,0.5010970238911415,3.375,19.625,0.19343792172739543,13.25,0.0,135.125,116.875,45.0,57.75,14.125,43.375,10.25,33.125,27.125,13.125,2.108755060728745,15.0,37.25,40.1625,28.875,52.375,55.660458971593194,14.125,17.75,81.11250000000001,0.0,7.625,0.5867648524720893,7.625,16.0,0.4838767135642136,13.125,0.0,140.125
115,106,2024-02-10,1,1,2023-24,Charlotte Hornets,Memphis Grizzlies,106.0,36.75,55.0,14.25,39.25,8.375,30.875,24.125,11.625,2.1966089466089462,12.25,33.75,36.0375,27.5,54.75,50.290664179075605,14.25,19.25,72.76249999999999,0.0,6.25,0.5652056277056277,4.0,18.375,0.22501352813852815,11.625,0.0,114.25,103.375,43.125,46.25,14.0,40.0,10.0,30.0,25.625,14.5,1.8377518315018315,14.375,39.0,37.025,23.125,47.5,48.65591529157083,14.0,19.25,72.125,0.0,7.25,0.534714590964591,5.375,18.75,0.2846765350877193,14.5,0.0,112.875
113,112,2024-02-10,1,1,2023-24,Golden State Warriors,Phoenix Suns,127.25,45.75,65.75,15.75,48.625,10.375,38.25,30.5,15.0,2.0459940386410973,15.25,38.0,39.7875,32.875,56.875,58.13673981960054,15.75,19.75,79.39999999999999,0.0,7.0,0.4693492781728076,6.25,21.625,0.3113485658461429,15.0,0.0,153.875,123.25,34.5,73.0,15.75,41.5,7.75,33.75,28.25,16.0,1.9897585936548532,11.5,28.875,39.449999999999996,36.5,56.875,64.1736167159896,15.75,21.375,74.19999999999999,0.0,7.75,0.5457922933666219,5.875,16.75,0.3665916127216437,16.0,0.0,147.25
112,106,2024-02-10,1,1,2023-24,LA Clippers,Detroit Pistons,121.125,39.375,62.0,19.75,44.25,10.375,33.875,27.375,11.875,2.599607387581459,13.125,33.875,39.0375,31.0,54.875,56.12522106067725,19.75,23.75,83.625,0.0,8.0,0.7622638101063024,5.25,17.875,0.3034610883827215,11.875,0.0,145.5,117.875,40.875,59.0,18.0,43.0,10.25,32.75,26.25,14.75,1.8979352948393198,13.625,32.0,42.9875,29.5,54.625,54.520789608258845,18.0,23.0,78.5,0.0,4.5,0.32417963873072236,3.75,18.125,0.2002898919778715,14.75,0.0,132.125
113,119,2024-02-10,1,1,2023-24,Washington Wizards,Philadelphia 76ers,112.75,33.75,65.0,14.0,42.375,10.375,32.0,28.625,13.375,2.262663067926226,11.25,34.875,31.675000000000004,32.5,58.375,55.50989741950591,14.0,18.5,74.55,0.0,8.5,0.6601720647773279,5.375,19.875,0.29976163234172387,13.375,0.0,130.25,111.375,30.375,63.0,18.0,42.0,12.125,29.875,21.375,11.375,2.5033617424242425,10.125,31.0,32.3625,31.5,60.0,52.646780955830614,18.0,22.0,82.625,0.0,7.5,0.7644774955436721,5.5,22.25,0.2546435815705593,11.375,0.0,123.0
123,103,2024-02-10,1,1,2023-24,Brooklyn Nets,San Antonio Spurs,112.875,42.75,54.75,15.375,39.625,9.375,30.25,28.5,12.25,2.522604332801701,14.25,37.75,37.4875,27.375,52.0,53.55970531346,15.375,19.875,79.9375,0.0,8.25,0.7098684210526316,5.5,19.75,0.2777773803349251,12.25,0.0,129.875,108.625,33.375,60.75,14.5,44.625,11.25,33.375,29.625,15.875,1.8905336257309941,11.125,34.5,32.637499999999996,30.375,54.625,56.00388203526404,14.5,19.375,73.9875,0.0,7.875,0.4967105263157895,6.375,16.0,0.4138233396505455,15.875,0.0,128.75
122,113,2024-02-10,1,1,2023-24,Atlanta Hawks,Houston Rockets,133.125,43.875,67.75,21.5,45.125,13.375,31.75,29.625,10.5,2.959345862470862,14.625,37.75,38.375,33.875,59.75,56.820274278802565,21.5,26.0,83.0,0.0,6.625,0.663682498057498,3.875,18.75,0.21274518610044926,10.5,0.0,154.375,116.75,36.0,63.0,17.75,47.375,11.75,35.625,25.875,14.25,2.0445696460402343,12.0,34.25,35.6875,31.5,57.125,54.75091947896805,17.75,22.375,80.25,0.0,7.875,0.723663101604278,4.125,21.375,0.19508503727820878,14.25,0.0,135.25
95,119,2024-02-10,1,1,2023-24,Toronto Raptors,Cleveland Cavaliers,114.125,36.375,60.5,17.25,41.75,11.375,30.375,28.125,14.0,2.0929112554112552,12.125,32.125,37.8625,30.25,57.875,52.32237230643971,17.25,21.625,79.01249999999999,0.0,8.5,0.628968253968254,4.625,18.5,0.2755004084967321,14.0,0.0,131.125,118.875,43.5,58.75,16.625,46.0,9.375,36.625,27.25,12.375,2.356683186094951,14.5,37.875,38.2625,29.375,50.375,58.637759567427665,16.625,20.875,80.4875,0.0,7.5,0.6675536881419234,6.375,16.75,0.38553296119085595,12.375,0.0,145.0
84,93,2024-02-10,1,1,2023-24,Portland Trail Blazers,New Orleans Pelicans,114.375,32.625,61.25,20.5,41.0,10.875,30.125,25.375,13.125,1.952394052026405,10.875,31.25,35.224999999999994,30.625,55.875,54.75708193519609,20.5,23.5,88.25,0.0,7.125,0.5529730073847721,4.0,20.25,0.19567625661375662,13.125,0.0,130.125,114.125,33.0,65.75,15.375,43.625,10.75,32.875,26.0,13.375,2.2565323565323565,11.0,32.5,33.699999999999996,32.875,57.0,57.72098817419378,15.375,20.0,77.46249999999999,0.0,8.375,0.7415541056166056,5.0,17.25,0.2954568409531645,13.375,0.0,133.5
111,125,2024-02-10,1,1,2023-24,New York Knicks,Indiana Pacers,115.375,37.5,62.5,15.375,46.375,13.5,32.875,24.5,9.125,2.876388888888889,12.5,34.875,36.225,31.25,56.75,55.71620275267522,15.375,18.875,82.9375,0.0,7.25,0.8265873015873015,4.25,15.75,0.2826519423558897,9.125,0.0,137.25,119.5,35.25,71.0,13.25,41.125,11.375,29.75,30.25,12.875,2.590385656010656,11.75,32.25,36.4375,35.5,60.75,58.51818155906395,13.25,17.75,73.8875,0.0,8.125,0.6277743090243091,5.0,20.125,0.24776071967248436,12.875,0.0,140.875
114,108,2024-02-10,1,1,2023-24,Orlando Magic,Chicago Bulls,112.125,34.125,60.5,17.5,39.625,9.625,30.0,26.5,13.625,2.0200599747474746,11.375,29.875,38.475,30.25,54.875,55.36148529366614,17.5,23.5,74.19999999999999,0.0,9.125,0.7006108882947119,4.0,20.0,0.21597275273745864,13.625,0.0,128.625,116.875,34.125,64.0,18.75,43.0,10.0,33.0,25.0,13.375,2.26906512605042,11.375,32.125,35.7625,32.0,54.875,58.65926926915842,18.75,23.125,79.7,0.0,7.25,0.6146402310924369,7.375,17.75,0.4137632013454382,13.375,0.0,138.125
106,110,2024-02-11,1,1,2023-24,Miami Heat,Boston Celtics,110.125,36.375,56.75,17.0,44.5,9.5,35.0,27.125,10.25,2.87618006993007,12.125,34.75,34.775,28.375,53.125,53.476061207485586,17.0,20.625,82.675,0.0,6.5,0.6955565268065269,2.25,17.5,0.12772295321637428,10.25,0.0,129.25,122.5,48.375,58.5,15.625,48.0,10.375,37.625,28.375,12.25,2.3408986846486846,16.125,43.0,37.7375,29.25,48.625,61.16012255215566,15.625,17.75,89.0,0.0,6.25,0.5200341325341324,7.25,14.875,0.48550374097007226,12.25,0.0,151.75
127,113,2024-02-11,1,1,2023-24,Oklahoma City Thunder,Sacramento Kings,113.25,44.625,54.0,14.625,42.5,9.75,32.75,25.5,12.375,2.1150050607287447,14.875,38.125,39.0625,27.0,51.75,52.77180350940832,14.625,18.375,80.8875,0.0,6.875,0.5633273524720893,7.125,16.375,0.4556158439989962,12.375,0.0,131.125,118.75,41.625,62.0,15.125,40.875,7.875,33.0,28.375,13.5,2.7043174726030763,13.875,37.875,36.875,31.0,50.375,61.52187983478871,15.125,20.875,70.7375,0.0,8.75,0.7401373378298688,3.25,18.625,0.17104129530600118,13.5,0.0,137.375
87,96,2024-02-12,1,1,2023-24,Memphis Grizzlies,New Orleans Pelicans,103.25,43.5,46.25,13.5,38.625,10.0,28.625,26.0,14.25,1.9136446886446885,14.5,39.375,37.0,23.125,47.375,48.799410189530015,13.5,18.625,70.6875,0.0,7.625,0.5793574481074482,5.125,17.75,0.2910867914979757,14.25,0.0,112.125,115.375,33.375,66.5,15.5,43.0,10.75,32.25,26.375,12.375,2.3877823565323566,11.125,31.375,35.199999999999996,33.25,57.375,58.103641235418266,15.5,20.25,77.13749999999999,0.0,8.375,0.7790541056166056,5.125,17.0,0.30996576952459304,12.375,0.0,136.75
126,136,2024-02-12,1,1,2023-24,Atlanta Hawks,Chicago Bulls,130.5,43.5,65.25,21.75,45.75,13.0,32.75,28.75,11.0,2.6720082001332,14.5,38.625,37.125,32.625,57.75,56.5923107529667,21.75,26.875,81.625,0.0,6.625,0.6182279526029525,4.625,18.0,0.25788407498933813,11.0,0.0,150.875,116.25,33.375,64.0,18.875,42.5,10.5,32.0,24.5,13.125,2.28469012605042,11.125,32.125,35.0875,32.0,55.625,57.98962641201556,18.875,23.125,80.58749999999999,0.0,7.75,0.6958902310924369,7.625,18.5,0.4172354235676604,13.125,0.0,136.625
107,129,2024-02-12,1,1,2023-24,Utah Jazz,Golden State Warriors,120.0,39.75,62.25,18.0,47.875,13.875,34.0,30.25,15.125,2.063542064553094,13.25,35.625,37.025,31.125,54.5,57.38890221978457,18.0,22.5,80.58749999999999,0.0,5.0,0.3295434651133181,5.875,17.125,0.36833559081527345,15.125,0.0,143.625,124.75,45.0,65.5,14.25,51.0,11.25,39.75,30.875,15.125,2.052175357322416,15.0,38.5,38.550000000000004,32.75,58.25,56.572113969260414,14.25,18.25,76.425,0.0,6.875,0.45561301443654384,6.125,21.75,0.30411172374087975,15.125,0.0,151.5
100,121,2024-02-12,1,1,2023-24,LA Clippers,Minnesota Timberwolves,119.25,40.875,58.25,20.125,42.375,8.875,33.5,26.25,11.875,2.4973346603087316,13.625,34.75,39.6875,29.125,52.375,55.363870008628524,20.125,24.0,84.1875,0.0,8.375,0.7963547191972115,5.125,17.375,0.30968280783973506,11.875,0.0,141.25,113.125,43.125,55.0,15.0,42.625,8.625,34.0,26.625,13.5,2.1761382918552035,14.375,32.5,44.6125,27.5,51.0,54.195889927792166,15.0,20.625,73.4,0.0,7.0,0.5572337588881706,5.0,19.25,0.2717725450504089,13.5,0.0,133.625
105,103,2024-02-12,1,1,2023-24,Houston Rockets,New York Knicks,113.625,36.0,61.5,16.125,48.0,12.375,35.625,24.375,14.625,1.9027629233511587,12.0,35.5,34.5375,30.75,57.25,53.29023652157456,16.125,20.875,78.075,0.0,7.75,0.7052807486631016,3.625,22.125,0.16143119112436263,14.625,0.0,128.0,114.0,35.625,62.5,15.875,44.875,12.625,32.25,23.25,9.0,2.773611111111111,11.875,34.125,35.2,31.25,57.375,54.94901780995836,15.875,19.25,83.725,0.0,6.625,0.7738095238095238,4.375,15.875,0.2891995614035088,9.0,0.0,132.375
111,102,2024-02-12,1,1,2023-24,Charlotte Hornets,Indiana Pacers,105.125,37.875,54.25,13.0,40.25,7.875,32.375,23.5,12.75,1.956477367661578,12.625,33.625,37.4125,27.125,53.625,50.80537006142855,13.0,17.5,72.76249999999999,0.0,6.375,0.5303372066529961,3.75,16.75,0.2464781746031746,12.75,0.0,114.25,118.5,37.5,67.5,13.5,40.25,9.5,30.75,29.75,13.25,2.4978375790875793,12.5,32.625,38.625,33.75,57.0,59.47862711487209,13.5,18.25,73.625,0.0,7.625,0.5821012321012321,5.0,20.5,0.2444518961430726,13.25,0.0,139.75
121,123,2024-02-12,1,1,2023-24,Cleveland Cavaliers,Philadelphia 76ers,119.75,43.5,61.25,15.0,45.5,9.25,36.25,29.25,12.125,2.5734664028781675,14.5,38.5,37.6625,30.625,49.75,61.613950043618146,15.0,18.625,80.2625,0.0,7.25,0.6570641776524129,5.875,16.25,0.36785619351408827,12.125,0.0,148.75,113.125,31.125,63.75,18.25,43.125,13.0,30.125,21.75,11.375,2.537452651515151,10.375,31.625,32.65,31.875,61.75,51.65711297347631,18.25,22.875,80.6125,0.0,7.875,0.7985684046345811,5.25,20.875,0.25655929038281977,11.375,0.0,124.0
99,122,2024-02-12,1,1,2023-24,Toronto Raptors,San Antonio Spurs,112.625,37.5,57.5,17.625,41.125,11.0,30.125,27.625,14.0,2.04745670995671,12.5,32.0,39.137499999999996,28.75,56.875,50.704068735011134,17.625,21.75,80.325,0.0,8.625,0.6403318903318903,4.625,18.0,0.281452789449113,14.0,0.0,128.875,107.0,33.75,59.0,14.25,42.375,11.0,31.375,28.375,15.375,1.8607717209690895,11.25,34.5,33.0125,29.5,54.5,54.58978645147699,14.25,18.75,75.3125,0.0,7.0,0.45802005012531327,6.125,16.0,0.3910960669232728,15.375,0.0,122.75
112,104,2024-02-12,1,1,2023-24,Dallas Mavericks,Washington Wizards,119.375,45.0,55.25,19.125,41.75,8.0,33.75,26.875,13.125,2.2890628978864274,15.0,38.375,38.8375,27.625,46.0,60.11903623524208,19.125,25.25,75.0625,0.0,6.75,0.555584203378321,3.125,19.375,0.18474226955348236,13.125,0.0,136.875,113.375,36.0,63.25,14.125,42.875,10.625,32.25,28.0,14.125,2.093545420867402,12.0,35.5,33.4,31.625,57.5,54.85911986710564,14.125,18.625,74.7,0.0,8.0,0.5866426530126221,5.5,21.0,0.28073989321128906,14.125,0.0,129.75
112,95,2024-02-12,1,1,2023-24,Milwaukee Bucks,Denver Nuggets,116.5,45.375,55.0,16.125,40.5,8.125,32.375,28.25,11.5,2.564445970695971,15.125,40.75,37.425,27.5,47.25,57.89884031020052,16.125,22.875,70.53750000000001,0.0,8.375,0.7782738095238095,3.625,20.125,0.19365052839317545,11.5,0.0,133.625,107.5,31.875,60.0,15.625,44.125,12.5,31.625,26.75,12.625,2.402511487050961,10.625,30.375,33.9375,30.0,57.875,51.81941342058564,15.625,20.25,79.93749999999999,0.0,5.625,0.5198047201336675,5.125,18.0,0.29800228144617535,12.625,0.0,124.25
125,111,2024-02-13,1,1,2023-24,Los Angeles Lakers,Detroit Pistons,122.75,35.625,66.0,21.125,42.0,7.25,34.75,30.0,11.25,3.2096463585434174,11.875,31.5,37.375,33.0,58.75,56.44313907191265,21.125,27.5,75.6875,0.0,8.5,0.8931635154061625,6.0,14.5,0.4468292124542125,11.25,0.0,146.25,117.0,38.625,61.0,17.375,44.625,11.375,33.25,26.375,15.125,1.8435521779562027,12.875,31.0,41.8,30.5,57.625,53.47912294159218,17.375,21.375,83.5,0.0,4.875,0.3412250932761769,4.0,18.375,0.21344778671471362,15.125,0.0,132.5
113,127,2024-02-13,1,1,2023-24,Orlando Magic,Oklahoma City Thunder,113.125,35.625,60.25,17.25,40.625,10.125,30.5,26.75,14.375,1.9505412581699346,11.875,30.5,39.325,30.125,55.125,54.79157647907648,17.25,23.125,74.2875,0.0,8.625,0.6391135620915033,4.25,20.5,0.22192513368983957,14.375,0.0,129.5,115.75,45.75,54.25,15.75,41.375,9.625,31.75,26.5,12.125,2.2443756900993743,15.25,37.375,41.2875,27.125,52.125,52.61114520219829,15.75,20.0,79.4625,0.0,6.5,0.5484672126119494,7.625,17.125,0.46497413276904964,12.125,0.0,134.25
130,125,2024-02-13,1,1,2023-24,Phoenix Suns,Sacramento Kings,120.875,33.75,71.5,15.625,42.0,8.0,34.0,28.75,15.25,2.089758593654853,11.25,29.375,38.0875,35.75,57.0,62.789435925029146,15.625,21.125,74.8125,0.0,7.875,0.5761494362237649,6.25,16.25,0.40674998376236765,15.25,0.0,145.625,117.875,43.5,61.0,13.375,41.0,8.375,32.625,29.0,14.0,2.68546826625387,14.5,39.375,37.05,30.5,50.125,60.81354650145538,13.375,18.75,69.8,0.0,8.875,0.7391452743378053,2.625,18.875,0.1369503862150921,14.0,0.0,135.5
97,123,2024-02-13,1,1,2023-24,Milwaukee Bucks,Miami Heat,112.875,43.875,53.75,15.25,41.25,8.5,32.75,28.25,12.0,2.4362408424908426,14.625,39.375,37.762499999999996,26.875,47.75,55.974927266722254,15.25,22.0,69.375,0.0,7.875,0.6885302197802198,4.375,19.375,0.23312421260370175,12.0,0.0,130.25,109.625,34.875,57.25,17.5,46.25,9.875,36.375,26.625,10.5,2.62618006993007,11.625,34.5,33.7625,28.625,53.75,53.36641208467857,17.5,20.875,84.725,0.0,6.125,0.5919850982350983,2.375,17.75,0.13516342940685044,10.5,0.0,129.125
110,118,2024-02-13,1,1,2023-24,Brooklyn Nets,Boston Celtics,116.5,45.375,56.5,14.625,40.75,9.875,30.875,29.625,11.875,2.6621876661350345,15.125,37.875,39.949999999999996,28.25,53.125,54.00460239750803,14.625,19.25,78.0875,0.0,8.375,0.7348684210526316,6.0,20.75,0.29082085859579465,11.875,0.0,137.125,118.375,46.125,57.5,14.75,47.375,10.375,37.0,27.25,12.25,2.2386259573759575,15.375,42.875,35.9875,28.75,48.875,59.53809874263185,14.75,17.375,85.95,0.0,5.875,0.48594322344322344,7.75,15.25,0.5095422025085338,12.25,0.0,144.125
109,121,2024-02-13,1,1,2023-24,Portland Trail Blazers,Minnesota Timberwolves,107.75,29.25,59.25,19.25,40.25,10.625,29.625,23.875,13.875,1.7614218298041826,9.75,29.5,33.4375,29.625,54.875,53.94900112711528,19.25,22.625,85.6125,0.0,7.25,0.5390841184958831,4.0,19.75,0.20361276455026453,13.875,0.0,120.875,116.25,43.5,57.0,15.75,43.0,9.125,33.875,27.75,13.0,2.316975395927602,14.5,34.125,42.7125,28.5,50.75,56.3593514662537,15.75,21.0,75.8625,0.0,7.375,0.5996545733678087,5.375,19.625,0.28611078034452647,13.0,0.0,139.625
116,100,2024-02-14,1,1,2023-24,Phoenix Suns,Detroit Pistons,124.875,37.125,70.0,17.75,42.0,8.125,33.875,30.0,13.875,2.2885810574229692,12.375,31.5,39.75,35.0,56.375,62.12637880010762,17.75,23.0,77.75000000000001,0.0,8.75,0.6689936391223156,6.375,15.875,0.4207302469202624,13.875,0.0,152.375,117.875,38.25,63.25,16.375,45.25,12.125,33.125,27.375,14.25,2.05678747207385,12.75,30.5,41.862500000000004,31.625,61.0,52.65659935668651,16.375,20.125,83.33749999999999,0.0,5.625,0.42651921092323575,3.25,18.875,0.1738644533813803,14.25,0.0,134.25
133,126,2024-02-14,1,1,2023-24,New Orleans Pelicans,Washington Wizards,112.75,34.875,63.5,14.375,43.75,11.125,32.625,26.5,12.875,2.359273584602532,11.625,32.875,34.95,31.75,55.0,57.376897049371756,14.375,18.75,77.3125,0.0,9.25,0.8163348073709916,5.25,17.125,0.31568472377295903,12.875,0.0,135.75,111.625,34.5,64.0,13.125,43.125,10.125,33.0,28.125,14.875,1.9794829208674023,11.5,35.25,32.0875,32.0,58.5,54.6697259277117,13.125,17.875,72.075,0.0,7.875,0.5319551530126221,5.875,21.75,0.2894241037376049,14.875,0.0,126.75
116,93,2024-02-14,1,1,2023-24,Dallas Mavericks,San Antonio Spurs,119.0,42.375,57.0,19.625,43.375,7.875,35.5,25.875,13.875,2.0625003978864274,14.125,37.125,37.6125,28.5,47.0,60.71198495319079,19.625,26.25,74.2125,0.0,6.75,0.522771703378321,4.375,18.625,0.257658936220149,13.875,0.0,137.375,108.125,33.0,59.5,15.625,43.25,9.875,33.375,28.625,15.875,1.8125261069340017,11.0,34.5,32.1875,29.75,54.875,54.62633615907932,15.625,19.75,78.97500000000001,0.0,7.625,0.4786340852130326,6.875,16.0,0.4446674954947014,15.875,0.0,125.875
98,102,2024-02-14,1,1,2023-24,Denver Nuggets,Sacramento Kings,108.875,34.125,59.0,15.75,45.125,12.375,32.75,27.25,11.875,2.5017017704517706,11.375,32.125,34.975,29.5,57.375,51.356450457622685,15.75,20.75,78.1875,0.0,6.25,0.5739545177045177,5.125,17.25,0.3033594243033182,11.875,0.0,127.125,120.625,42.75,63.0,14.875,40.875,8.875,32.0,29.375,13.25,2.7871889140271495,14.25,38.5,37.0625,31.5,52.375,59.93039432754233,14.875,20.5,71.675,0.0,8.625,0.7502788775766718,3.25,20.125,0.15737522281639926,13.25,0.0,138.75
125,127,2024-02-14,1,1,2023-24,Toronto Raptors,Indiana Pacers,109.375,34.875,58.75,15.75,41.25,11.125,30.125,27.125,14.625,1.9530018227386647,11.625,32.0,36.3125,29.375,58.0,50.8842025487013,15.75,19.75,79.55,0.0,8.5,0.6055574542416647,4.75,16.75,0.293952789449113,14.625,0.0,123.375,116.75,35.625,68.25,12.875,38.75,8.375,30.375,29.75,13.375,2.462610306360306,11.875,32.0,37.324999999999996,34.125,56.75,60.45204049394585,12.875,18.25,69.71249999999999,0.0,7.75,0.5843739593739594,4.625,18.625,0.24969665138782787,13.375,0.0,136.125
136,86,2024-02-14,1,1,2023-24,Boston Celtics,Brooklyn Nets,121.125,48.0,58.0,15.125,45.75,9.0,36.75,28.5,12.625,2.276775308025308,16.0,42.5,37.925,29.0,47.125,61.7301277281391,15.125,18.25,84.25,0.0,6.375,0.5167873792873793,6.75,16.625,0.4282120743034056,12.625,0.0,148.125,117.0,46.5,56.5,14.0,40.375,10.5,29.875,30.125,11.0,2.7959595959595958,15.5,37.75,41.224999999999994,28.25,53.875,53.02634152794281,14.0,17.875,78.825,0.0,7.75,0.725,5.625,20.625,0.27458709236202844,11.0,0.0,138.125
118,100,2024-02-14,1,1,2023-24,Orlando Magic,New York Knicks,113.125,35.25,60.5,17.375,41.625,10.5,31.125,26.625,15.125,1.8021037581699346,11.75,30.5,38.9875,30.25,55.0,55.136544011544004,17.375,23.0,75.15,0.0,7.875,0.5359885620915033,3.75,20.25,0.19999530912843608,15.125,0.0,128.75,111.25,33.75,63.0,14.5,45.5,13.625,31.875,22.5,10.25,2.466888422035481,11.25,34.5,32.925,31.5,57.625,55.16396489990545,14.5,17.5,82.3625,0.0,6.375,0.696078431372549,4.5,16.875,0.2859386918382914,10.25,0.0,127.5
122,138,2024-02-14,1,1,2023-24,Utah Jazz,Los Angeles Lakers,118.0,39.0,60.5,18.5,46.875,13.375,33.5,28.875,15.375,1.9576392867753163,13.0,35.75,36.087500000000006,30.25,53.75,56.63132646220881,18.5,23.0,81.1125,0.0,5.25,0.33822402066887364,6.5,16.875,0.40664828431372546,15.375,0.0,139.375,120.25,37.5,63.25,19.5,41.0,7.25,33.75,29.875,10.75,3.2533963585434176,12.5,32.5,38.2125,31.625,55.625,57.08434149882936,19.5,25.875,75.05,0.0,8.125,0.8837885154061624,6.75,13.625,0.5152815934065934,10.75,0.0,144.875
125,130,2024-02-14,1,1,2023-24,Golden State Warriors,LA Clippers,122.875,43.875,64.5,14.5,51.125,11.375,39.75,30.125,14.625,2.0781934568699274,14.625,36.75,39.275000000000006,32.25,57.625,56.26473692008008,14.5,18.375,77.38749999999999,0.0,6.5,0.4516537384184443,6.25,19.125,0.33154385043771234,14.625,0.0,150.875,117.375,40.5,55.75,21.125,39.625,8.25,31.375,25.25,12.5,2.252142352616424,13.5,33.25,40.575,27.875,51.625,53.88777553858244,21.125,25.0,84.8375,0.0,8.125,0.7290470268895192,4.5,16.625,0.2864685221254494,12.5,0.0,135.0
121,113,2024-02-14,1,1,2023-24,Memphis Grizzlies,Houston Rockets,100.375,43.875,45.0,11.5,37.5,8.75,28.75,27.0,14.875,1.9157814407814406,14.625,41.125,35.824999999999996,22.5,45.5,49.74145800657783,11.5,15.75,72.35,0.0,7.875,0.5798916361416362,5.25,17.375,0.30616032090974044,14.875,0.0,109.375,113.75,36.0,61.25,16.5,46.0,12.0,34.0,24.625,14.0,1.9848707664884135,12.0,34.125,35.975,30.625,56.875,53.38770240851414,16.5,22.125,75.9125,0.0,8.5,0.7861631016042782,3.625,20.5,0.171937656641604,14.0,0.0,128.5
108,105,2024-02-14,1,1,2023-24,Cleveland Cavaliers,Chicago Bulls,120.125,43.5,61.75,14.875,45.125,9.75,35.375,29.875,11.875,2.6792356336473984,14.5,38.125,37.987500000000004,30.875,50.875,60.778969806464,14.875,18.5,80.16250000000001,0.0,7.25,0.6675536881419234,6.5,16.125,0.4058463895925196,11.875,0.0,149.75,116.75,33.75,64.75,18.25,43.0,9.875,33.125,24.75,11.75,2.6903273809523807,11.25,31.0,36.8375,32.375,57.25,56.83307003946655,18.25,23.125,78.425,0.0,7.625,0.7694196428571429,7.125,19.0,0.38693239326463014,11.75,0.0,138.0
122,99,2024-02-14,1,1,2023-24,Charlotte Hornets,Atlanta Hawks,107.5,37.5,56.25,13.75,40.875,7.375,33.5,24.0,13.375,1.9287518037518039,12.5,33.875,36.787499999999994,28.125,53.5,53.026883666870724,13.75,17.75,76.675,0.0,6.5,0.5275176577808156,3.375,17.125,0.2149655695611578,13.375,0.0,118.125,130.5,46.5,63.25,20.75,45.5,12.375,33.125,29.5,10.75,2.7746867715617713,15.5,40.625,38.425,31.625,55.625,56.95995781179023,20.75,25.5,81.975,0.0,6.25,0.5973946192696192,4.5,17.875,0.25282455117981434,10.75,0.0,151.625
104,109,2024-02-14,1,1,2023-24,Philadelphia 76ers,Miami Heat,115.5,33.375,65.0,17.125,44.125,12.875,31.25,22.75,10.625,2.6965435606060604,11.125,31.25,35.7875,32.5,62.75,51.709382985423744,17.125,21.75,79.97500000000001,0.0,7.75,0.8112689393939394,5.125,20.5,0.2542865631100925,10.625,0.0,129.625,111.375,36.75,57.0,17.625,47.375,9.75,37.625,27.625,11.25,2.5235014985014983,12.25,34.875,34.975,28.5,53.25,53.66365864287631,17.625,21.125,84.28750000000001,0.0,6.625,0.5875208125208126,2.25,17.125,0.13623180547522654,11.25,0.0,133.125
137,140,2024-02-15,1,1,2023-24,Utah Jazz,Golden State Warriors,116.5,37.875,60.5,18.125,46.25,13.375,32.875,27.75,15.25,1.8971997263357556,12.625,36.25,34.7875,30.25,54.25,56.03036492374727,18.125,22.5,81.16250000000001,0.0,5.125,0.3327295151743681,6.625,17.25,0.40664828431372546,15.25,0.0,135.0,123.625,45.375,64.25,14.0,51.75,12.0,39.75,30.375,13.5,2.3281934568699274,15.125,38.625,38.5875,32.125,58.75,54.75922780153905,14.0,18.25,75.225,0.0,6.625,0.5072092939739998,5.75,19.75,0.3040438504377123,13.5,0.0,150.25
113,110,2024-02-15,1,1,2023-24,Memphis Grizzlies,Milwaukee Bucks,103.75,44.625,46.75,12.375,38.625,8.625,30.0,27.625,14.5,2.026171051171051,14.875,41.0,36.675,23.375,45.5,51.73009437021419,12.375,17.375,71.5125,0.0,7.5,0.5725864413364413,6.5,17.875,0.3670978209097404,14.5,0.0,116.25,111.625,42.75,54.75,14.125,41.0,8.25,32.75,28.25,12.625,2.3721382783882783,14.25,39.25,36.925,27.375,47.75,57.111290903085894,14.125,20.25,71.23750000000001,0.0,8.5,0.7152396214896215,4.0,18.125,0.23501815199764114,12.625,0.0,129.25
91,128,2024-02-15,1,1,2023-24,Portland Trail Blazers,Minnesota Timberwolves,108.875,29.625,59.25,20.0,41.125,11.125,30.0,24.25,14.0,1.7728801631375162,9.875,28.5,34.8,29.625,55.5,53.37971030083031,20.0,23.375,86.4,0.0,6.5,0.48647995182921655,3.75,20.875,0.18917310937785076,14.0,0.0,122.625,117.375,43.125,55.75,18.5,44.125,9.75,34.375,27.0,12.875,2.2785138574660637,14.375,35.0,40.9125,27.875,50.5,55.420579731144564,18.5,23.375,80.22500000000001,0.0,7.25,0.5964494451626805,5.75,20.25,0.29091847265221876,12.875,0.0,140.5
127,122,2024-02-22,1,1,2023-24,Sacramento Kings,San Antonio Spurs,120.125,41.625,63.25,15.25,41.375,8.625,32.75,28.75,14.0,2.601077802916038,13.875,37.625,36.725,31.625,52.75,59.78720025746148,15.25,20.625,73.19999999999999,0.0,8.75,0.7252788775766716,3.5,20.25,0.17003862150920973,14.0,0.0,138.25,105.625,32.25,58.25,15.125,44.25,10.25,34.0,28.375,15.5,1.8562761069340015,10.75,35.75,30.3125,29.125,54.625,53.793002825745994,15.125,19.5,77.1125,0.0,7.375,0.4786340852130326,6.875,15.0,0.4904191294816295,15.5,0.0,122.125
130,110,2024-02-22,1,1,2023-24,Denver Nuggets,Washington Wizards,107.25,32.625,59.5,15.125,45.25,12.25,33.0,27.5,12.375,2.3923267704517706,10.875,30.75,34.9125,29.75,59.625,49.84851394968617,15.125,18.75,81.08749999999999,0.0,6.375,0.5583295177045177,5.375,17.625,0.3130816465255404,12.375,0.0,126.0,112.625,39.0,60.5,13.125,42.75,10.25,32.5,28.5,14.875,1.9992197629726653,13.0,37.75,33.425,30.25,56.75,53.204779991192694,13.125,17.375,73.85000000000001,0.0,7.625,0.5187972582757799,5.25,22.625,0.23980289161639276,14.875,0.0,126.375
123,113,2024-02-22,1,1,2023-24,Dallas Mavericks,Phoenix Suns,117.125,41.625,59.0,16.5,45.875,8.5,37.375,26.0,14.0,2.0562503978864273,13.875,37.5,36.1875,29.5,49.5,59.4447038472,16.5,22.125,73.6625,0.0,6.75,0.519646703378321,5.375,17.375,0.3365279838391967,14.0,0.0,137.875,124.625,35.625,68.25,20.75,42.875,8.0,34.875,29.75,15.875,1.9656643907563025,11.875,30.375,39.4125,34.125,55.375,61.512449653569774,20.75,26.375,79.15,0.0,9.625,0.6221186391223156,6.75,16.375,0.4269802469202624,15.875,0.0,152.375
129,115,2024-02-22,1,1,2023-24,Indiana Pacers,Detroit Pistons,117.125,37.5,66.25,13.375,37.375,7.125,30.25,29.625,13.375,2.4469853063603066,12.5,32.25,38.6625,33.125,55.125,60.26441109435992,13.375,19.25,68.4125,0.0,8.375,0.6624989593739594,5.5,18.5,0.2940418894830659,13.375,0.0,137.0,115.375,37.875,61.25,16.25,44.625,12.25,32.375,27.25,15.5,1.8528401036527973,12.625,31.875,39.95,30.625,60.125,51.78002151657431,16.25,20.5,81.425,0.0,6.625,0.4352911407477971,3.625,21.5,0.17066843065410756,15.5,0.0,129.0
107,115,2024-02-22,1,1,2023-24,Utah Jazz,Charlotte Hornets,119.375,42.75,58.25,18.375,46.75,14.0,32.75,29.0,15.125,1.9858945792769322,14.25,39.0,36.237500000000004,29.125,52.375,55.64034181126654,18.375,22.25,82.5625,0.0,6.0,0.38879569164495636,6.125,18.25,0.36119373885918,15.125,0.0,140.25,109.0,37.125,57.5,14.375,41.625,7.75,33.875,24.25,13.75,1.8758671883671885,12.375,32.75,37.5,28.75,54.5,53.17985569484275,14.375,18.125,78.25,0.0,6.875,0.544825350088508,3.125,17.125,0.2010766806722689,13.75,0.0,121.25
109,116,2024-02-22,1,1,2023-24,Cleveland Cavaliers,Orlando Magic,117.625,43.5,60.0,14.125,45.5,9.25,36.25,30.5,11.75,2.802499522536287,14.5,38.375,37.75,30.0,49.875,60.28581360678606,14.125,18.25,77.725,0.0,6.375,0.5807481325863679,6.125,16.5,0.37806861181474183,11.75,0.0,146.5,111.75,33.0,62.75,16.0,41.5,9.875,31.625,26.375,15.125,1.7812704248366011,11.0,29.0,38.837500000000006,31.375,55.0,57.386544011544004,16.0,20.875,77.1375,0.0,7.875,0.5359885620915033,4.5,18.875,0.23598015761328456,15.125,0.0,130.375
127,105,2024-02-22,1,1,2023-24,New Orleans Pelicans,Houston Rockets,115.375,34.875,64.5,16.0,43.625,11.0,32.625,28.375,12.625,2.590523584602532,11.625,32.5,35.2875,32.25,55.125,58.11311258821887,16.0,20.75,77.61249999999998,0.0,10.125,0.9184181407043248,5.25,18.0,0.2978275809158162,12.625,0.0,141.625,111.0,35.625,59.0,16.375,46.0,13.0,33.0,22.625,13.25,1.9626485442661914,11.875,34.125,35.637499999999996,29.5,57.375,51.194398400694,16.375,22.5,74.45,0.0,8.375,0.8278297682709448,3.875,21.25,0.1787797619047619,13.25,0.0,122.375
121,93,2024-02-22,1,1,2023-24,Toronto Raptors,Brooklyn Nets,110.25,31.875,62.5,15.875,43.5,11.875,31.625,26.625,14.0,1.9905018227386648,10.625,31.625,33.1625,31.25,60.25,51.810128474627234,15.875,20.5,77.4375,0.0,8.0,0.5930574542416647,5.125,16.75,0.312702789449113,14.0,0.0,124.875,109.375,42.375,53.5,13.5,38.0,9.25,28.75,28.375,11.375,2.5077651515151516,14.125,36.0,39.425,26.75,52.625,51.40134152794281,13.5,17.375,78.65,0.0,6.875,0.6104166666666666,4.625,19.125,0.2381287590286951,11.375,0.0,124.25
128,110,2024-02-22,1,1,2023-24,Golden State Warriors,Los Angeles Lakers,126.0,48.75,62.75,14.5,51.125,12.875,38.25,31.625,13.375,2.4463253250017956,16.25,40.25,39.8,31.375,58.25,53.90737594968719,14.5,19.0,74.825,0.0,6.75,0.5216323708970768,5.5,20.0,0.284694005236474,13.375,0.0,152.25,122.625,37.875,64.75,20.0,41.25,7.375,33.875,30.875,10.5,3.4075630252100844,12.625,32.0,39.22500000000001,32.375,56.125,57.858151022638886,20.0,25.625,77.775,0.0,7.875,0.8796218487394958,6.5,13.625,0.4960508241758242,10.5,0.0,149.875
129,107,2024-02-22,1,1,2023-24,Oklahoma City Thunder,LA Clippers,118.625,47.625,53.5,17.5,39.875,8.75,31.125,27.875,12.375,2.323542356766041,15.875,37.875,42.787499999999994,26.75,50.625,53.5125875098906,17.5,21.5,82.5875,0.0,6.75,0.5547172126119494,8.0,17.375,0.4802519105468275,12.375,0.0,138.875,120.125,41.25,56.75,22.125,41.0,9.0,32.0,25.25,12.375,2.274578250052321,13.75,33.75,40.8,28.375,52.125,54.300819016843306,22.125,26.125,85.2625,0.0,7.875,0.7146239499664422,4.625,16.625,0.2924209030778303,12.375,0.0,138.75
112,129,2024-02-22,1,1,2023-24,Chicago Bulls,Boston Celtics,116.875,36.0,62.25,18.625,43.5,10.375,33.125,23.625,13.0,2.1653273809523808,12.0,31.125,39.0125,31.125,56.25,55.50548383256999,18.625,23.125,80.625,0.0,7.375,0.6360863095238095,6.25,19.25,0.3390000624375625,13.0,0.0,135.875,123.375,49.875,59.0,14.5,47.125,9.5,37.625,29.125,12.5,2.3699571262071264,16.625,42.375,39.4125,29.5,48.0,61.54896830784924,14.5,17.25,85.28750000000001,0.0,6.25,0.5122419247419248,6.75,16.375,0.434622330713662,12.5,0.0,153.125
96,110,2024-02-22,1,1,2023-24,Philadelphia 76ers,New York Knicks,115.125,32.25,66.25,16.625,44.125,12.0,32.125,25.0,10.375,2.869534632034632,10.75,31.875,33.949999999999996,33.125,62.25,53.3983312920191,16.625,21.125,79.825,0.0,6.375,0.7286796536796537,5.0,20.0,0.25011989644342586,10.375,0.0,130.5,109.625,33.375,61.0,15.25,44.5,14.75,29.75,21.25,10.625,2.275916199813259,11.125,33.5,33.6125,30.5,58.625,52.107872056578564,15.25,18.5,82.1,0.0,6.75,0.7099673202614378,4.125,16.25,0.2625011918382914,10.625,0.0,121.875
97,84,2024-02-23,1,1,2023-24,Golden State Warriors,Charlotte Hornets,125.25,48.0,63.25,14.0,50.0,13.0,37.0,32.375,12.75,2.658626912303383,16.0,38.375,40.6625,31.625,59.5,53.20391274622399,14.0,18.25,75.5375,0.0,7.0,0.5692514185161244,5.125,19.5,0.2729663164492886,12.75,0.0,152.5,110.125,39.375,55.75,15.0,42.5,8.375,34.125,25.0,13.25,2.029438616938617,13.125,34.125,37.8,27.875,53.125,52.64706880959685,15.0,19.125,77.85,0.0,6.75,0.5751824929456508,3.0,17.375,0.19357150468883205,13.25,0.0,123.75
147,106,2024-02-23,1,1,2023-24,Oklahoma City Thunder,Washington Wizards,122.125,48.75,56.5,16.875,40.625,8.75,31.875,28.25,12.75,2.304792356766041,16.25,37.875,43.8625,28.25,52.0,55.04667841898151,16.875,20.875,81.75,0.0,7.25,0.5776338792786161,8.5,17.25,0.5147188223115333,12.75,0.0,144.625,112.75,42.0,57.25,13.5,42.125,10.5,31.625,29.875,15.0,2.0843845981375004,14.0,38.875,35.1375,28.625,56.5,50.94319353842977,13.5,18.375,72.575,0.0,8.875,0.6053357198142415,4.125,22.125,0.18234675126551556,15.0,0.0,125.125
121,123,2024-02-23,1,1,2023-24,Atlanta Hawks,Toronto Raptors,125.625,43.875,60.75,21.0,45.375,12.75,32.625,28.375,11.25,2.6210409382284383,14.625,40.625,36.125,30.375,54.125,56.23633502934392,21.0,25.75,82.1125,0.0,5.625,0.5322904526029526,5.0,18.125,0.2764356622909254,11.25,0.0,144.25,112.125,33.0,62.0,17.125,44.5,11.75,32.75,27.5,13.625,2.1114433811802233,11.0,31.375,34.650000000000006,31.0,59.625,51.92805300292912,17.125,21.75,78.475,0.0,7.875,0.6084795321637426,5.25,16.75,0.3196472338935574,13.625,0.0,130.0
114,110,2024-02-23,1,1,2023-24,Houston Rockets,Phoenix Suns,111.75,36.375,58.75,16.625,47.875,13.875,34.0,23.625,15.625,1.6282735442661913,12.125,33.75,36.525,29.375,57.125,51.20148858787494,16.625,23.875,70.725,0.0,7.75,0.5840797682709448,4.25,20.875,0.2015972222222222,15.625,0.0,123.0,121.75,36.0,65.75,20.0,42.75,8.25,34.5,27.875,15.875,1.8484768907563025,12.0,31.375,38.375,32.875,54.875,59.58295445123352,20.0,25.375,79.15,0.0,9.875,0.6377436391223156,6.5,17.5,0.3882897707297862,15.875,0.0,146.125
123,118,2024-02-23,1,1,2023-24,Los Angeles Lakers,San Antonio Spurs,121.125,37.125,64.0,20.0,41.75,7.75,34.0,30.875,10.125,3.4757448433919027,12.375,32.25,38.25,32.0,55.625,57.74643304845815,20.0,25.125,79.1125,0.0,7.0,0.8292971734148205,7.25,13.875,0.5351133241758241,10.125,0.0,149.25,108.625,33.0,61.25,14.375,44.375,10.75,33.625,30.0,14.125,2.276506370091896,11.0,35.0,32.1875,30.625,57.625,53.583329915486004,14.375,18.5,76.8625,0.0,7.375,0.560048558897243,6.375,14.0,0.4862524628149628,14.125,0.0,127.5
95,106,2024-02-23,1,1,2023-24,New Orleans Pelicans,Miami Heat,117.5,36.75,65.5,15.25,42.0,10.625,31.375,30.25,12.375,2.746773584602532,12.25,33.375,36.1125,32.75,56.0,58.0278853154916,15.25,20.0,76.39999999999999,0.0,11.75,1.0378377835614678,5.25,17.875,0.2994509575391929,12.375,0.0,145.25,111.875,35.625,60.0,16.25,47.25,10.0,37.25,28.5,11.25,2.5908091908091904,11.875,34.75,34.0375,30.0,53.875,56.02706273092662,16.25,19.875,83.45,0.0,7.25,0.6355977355977356,1.75,17.0,0.10886252442947489,11.25,0.0,135.0
95,101,2024-02-23,1,1,2023-24,Memphis Grizzlies,LA Clippers,105.25,45.0,48.25,12.0,38.25,8.625,29.625,28.25,14.875,2.0201614357864357,15.0,39.5,38.974999999999994,24.125,46.125,52.51872459963389,12.0,17.625,68.3875,0.0,7.5,0.5563604797979798,5.375,17.5,0.31158795248868776,14.875,0.0,117.625,117.875,41.25,55.5,21.125,39.75,8.125,31.625,25.5,13.125,2.12502467862375,13.75,34.0,40.4875,27.75,51.0,54.19836000044987,21.125,25.0,85.03750000000001,0.0,7.5,0.6275703785378708,4.0,16.5,0.25440006974449697,13.125,0.0,134.125
112,127,2024-02-23,1,1,2023-24,Portland Trail Blazers,Denver Nuggets,108.25,30.375,58.5,19.375,39.5,11.375,28.125,23.75,14.125,1.7264515917089447,10.125,28.0,35.975,29.25,56.5,51.63856698360004,19.375,23.5,83.9375,0.0,7.25,0.5352894756387403,3.75,21.125,0.18658511765942426,14.125,0.0,119.125,109.375,33.75,61.75,13.875,46.875,12.75,34.125,29.0,13.375,2.2595142704517706,11.25,32.375,34.962500000000006,30.875,59.25,51.749198881193024,13.875,17.625,79.3125,0.0,6.875,0.5348920177045177,6.25,16.875,0.3762918737982677,13.375,0.0,131.75
104,97,2024-02-23,1,1,2023-24,Philadelphia 76ers,Cleveland Cavaliers,111.25,30.75,64.75,15.75,43.875,11.625,32.25,24.5,12.0,2.3542568542568545,10.25,31.5,32.7875,32.375,61.375,52.88146912193113,15.75,20.25,79.225,0.0,6.5,0.6272907647907647,4.0,20.125,0.2039242442695128,12.0,0.0,123.375,117.75,42.0,60.5,15.25,43.625,8.875,34.75,31.125,12.375,2.7743040338144827,14.0,36.75,38.4375,30.25,49.5,61.22024988129586,15.25,19.25,79.48750000000001,0.0,6.625,0.5798082829623077,5.75,16.75,0.35029083403696404,12.375,0.0,146.5
107,112,2024-02-23,1,1,2023-24,Minnesota Timberwolves,Milwaukee Bucks,120.0,42.0,58.0,20.0,45.0,10.0,35.0,27.375,13.0,2.2908764948287006,14.0,35.125,39.4625,29.0,51.125,56.81731544991419,20.0,24.875,80.9625,0.0,7.375,0.6005703242835596,6.125,20.625,0.3061696688244676,13.0,0.0,144.75,110.875,42.0,54.5,14.375,41.625,8.375,33.25,27.875,12.75,2.326808608058608,14.0,39.125,36.4375,27.25,47.625,57.02456564869181,14.375,20.5,71.5875,0.0,8.875,0.7372176434676435,4.0,18.75,0.2266625370243791,12.75,0.0,128.875
102,116,2024-02-24,1,1,2023-24,New York Knicks,Boston Celtics,108.625,34.125,59.0,15.5,44.5,14.5,30.0,20.625,12.125,1.8384161998132587,11.375,33.5,34.35,29.5,56.75,52.03842761213412,15.5,19.625,79.1,0.0,7.0,0.5988562091503268,4.0,15.875,0.26550599953059906,12.125,0.0,119.125,123.375,52.125,57.0,14.25,46.625,9.25,37.375,29.375,12.75,2.3506118881118883,17.375,43.75,39.625,28.5,46.125,61.83491602026754,14.25,17.125,84.5875,0.0,6.75,0.539027639027639,7.0,16.375,0.45024733071366196,12.75,0.0,153.5
101,86,2024-02-24,1,1,2023-24,Minnesota Timberwolves,Brooklyn Nets,118.25,42.0,57.5,18.75,45.875,10.875,35.0,26.375,13.5,2.1087336376858437,14.0,35.75,38.6875,28.75,52.75,54.76969640229514,18.75,22.75,81.15,0.0,7.625,0.5969988957121309,6.125,19.875,0.31311411326891203,13.5,0.0,141.0,106.0,40.5,51.25,14.25,39.5,9.0,30.5,27.25,12.5,2.3083333333333336,13.5,35.75,38.012499999999996,25.625,51.125,50.75123581969757,14.25,18.5,78.125,0.0,6.375,0.5291666666666667,4.75,19.125,0.2433370923620284,12.5,0.0,119.375
109,112,2024-02-24,1,1,2023-24,Detroit Pistons,Orlando Magic,114.625,36.375,62.75,15.5,45.375,12.125,33.25,27.25,15.0,1.9002085247054288,12.125,31.75,38.5,31.375,61.25,51.94527575386245,15.5,20.375,77.8125,0.0,6.375,0.4326595618004287,3.75,22.0,0.1724191309342196,15.0,0.0,128.0,112.75,35.625,61.5,15.625,40.0,9.625,30.375,26.0,14.75,1.8047079248366011,11.875,29.625,41.462500000000006,30.75,54.125,57.09121786876024,15.625,20.25,77.925,0.0,7.625,0.5347866390145802,4.25,19.25,0.2210345054393715,14.75,0.0,130.125
107,123,2024-02-25,1,1,2023-24,LA Clippers,Sacramento Kings,113.5,40.5,52.0,21.0,41.625,9.0,32.625,24.125,14.375,1.8917995703986417,13.5,34.375,39.137499999999996,26.0,50.0,52.08297538506525,21.0,24.75,85.53750000000001,0.0,6.875,0.5328734088409011,3.625,16.375,0.23713816498259221,14.375,0.0,126.75,119.375,41.625,63.5,14.25,41.875,8.375,33.5,29.125,13.125,2.772401332327803,13.875,37.5,36.875,31.75,53.25,59.43005740031862,14.25,18.875,74.0875,0.0,7.5,0.677484759929613,3.875,19.625,0.21047979797979796,13.125,0.0,138.875
80,93,2024-02-25,1,1,2023-24,Portland Trail Blazers,Charlotte Hornets,106.0,28.875,59.5,17.625,40.25,12.375,27.875,23.25,13.875,1.7316963469537,9.625,27.625,34.6125,29.75,59.0,50.29928126931433,17.625,22.125,81.0625,0.0,7.75,0.592981783331048,3.375,20.25,0.17524933334569875,13.875,0.0,115.0,108.25,40.5,54.25,13.5,42.5,8.625,33.875,25.375,14.25,1.9630510571300046,13.5,35.375,37.875,27.125,51.875,52.28387268368886,13.5,17.375,77.575,0.0,7.625,0.5925269905533064,3.125,17.25,0.20450900468883204,14.25,0.0,122.125
110,123,2024-02-25,1,1,2023-24,Houston Rockets,Oklahoma City Thunder,109.125,37.875,53.25,18.0,48.5,15.125,33.375,23.0,15.5,1.601487829980477,12.625,35.5,36.25,26.625,55.375,48.059687512606125,18.0,26.0,69.6125,0.0,7.625,0.5805083396995162,4.5,21.25,0.2100211352657005,15.5,0.0,117.625,127.375,52.125,58.75,16.5,41.0,7.875,33.125,29.0,13.0,2.3240231259968103,17.375,39.625,44.825,29.375,50.875,58.13227110498403,16.5,20.375,81.875,0.0,7.625,0.6000697767145136,8.5,18.25,0.4854980430907541,13.0,0.0,152.875
128,109,2024-02-25,1,1,2023-24,Utah Jazz,San Antonio Spurs,119.875,41.625,58.5,19.75,48.125,14.0,34.125,29.375,15.625,1.965280544189213,13.875,39.375,34.9625,29.25,52.0,56.33715032190483,19.75,23.5,84.11250000000001,0.0,6.0,0.3835325337502195,5.75,18.875,0.3340360007639419,15.625,0.0,141.5,109.25,34.875,59.0,15.375,43.375,10.5,32.875,29.75,13.625,2.328093671679198,11.625,34.875,33.925,29.5,57.75,51.50755859062212,15.375,19.125,79.55,0.0,7.75,0.5987390350877193,6.0,13.75,0.4706274628149628,13.625,0.0,127.25
109,92,2024-02-25,1,1,2023-24,Atlanta Hawks,Orlando Magic,124.625,42.0,61.25,21.375,46.75,13.75,33.0,28.125,11.125,2.633540938228438,14.0,40.0,35.15,30.625,56.125,54.73648135653151,21.375,26.5,81.2375,0.0,5.375,0.514234897047397,5.0,17.875,0.28342866928393246,11.125,0.0,142.125,113.25,36.75,61.75,14.75,40.5,10.0,30.5,26.125,14.5,1.8450925402212166,12.25,29.5,43.212500000000006,30.875,54.5,56.99201151955389,14.75,19.625,76.1625,0.0,7.375,0.529658433886375,4.875,19.0,0.2666227407334891,14.5,0.0,131.875
105,114,2024-02-25,1,1,2023-24,Washington Wizards,Cleveland Cavaliers,113.25,41.25,58.75,13.25,42.125,11.75,30.375,28.875,15.875,1.8517457092486116,13.75,38.375,34.825,29.375,58.75,50.2329662657025,13.25,18.375,71.375,0.0,9.5,0.6140162753697971,4.0,21.125,0.18440557479492733,15.875,0.0,122.75,115.25,40.125,58.75,16.375,42.625,8.25,34.375,30.25,12.5,2.659531306541755,13.375,34.625,38.45,29.375,49.5,59.56930648506945,16.375,21.5,76.4125,0.0,6.5,0.5616264647804895,6.25,16.25,0.3906417112299465,12.5,0.0,141.875
123,113,2024-02-25,1,1,2023-24,Phoenix Suns,Los Angeles Lakers,120.5,33.375,65.25,21.875,45.25,9.625,35.625,26.875,15.0,1.9080357142857143,11.125,30.625,36.474999999999994,32.625,56.5,57.54940665711587,21.875,28.0,78.075,0.0,10.375,0.7186259920634921,6.875,17.875,0.4015250648474333,15.0,0.0,145.375,122.25,34.125,68.75,19.375,41.0,7.125,33.875,30.625,10.875,3.209261326908386,11.375,31.125,36.7375,34.375,56.875,60.63689957989831,19.375,24.125,79.69999999999999,0.0,6.5,0.7001762942939413,7.5,15.125,0.5316411019536019,10.875,0.0,150.0
103,119,2024-02-25,1,1,2023-24,Golden State Warriors,Denver Nuggets,123.75,51.375,59.75,12.625,49.125,12.625,36.5,32.875,13.75,2.6034321071085773,17.125,40.875,42.2625,29.875,56.5,52.986651733338164,12.625,16.625,75.21249999999999,0.0,7.0,0.5465241457888517,5.0,19.25,0.2724761203708572,13.75,0.0,149.625,112.75,33.0,65.5,14.25,46.625,12.625,34.0,31.125,13.75,2.3623988858363862,11.0,31.875,34.825,32.75,58.75,55.73271536470951,14.25,18.375,78.66250000000001,0.0,7.0,0.5243150946275946,5.875,16.125,0.37149647737883035,13.75,0.0,138.625
133,111,2024-02-25,1,1,2023-24,Indiana Pacers,Dallas Mavericks,120.125,37.5,68.25,14.375,37.125,6.875,30.25,31.5,13.5,2.5664908008658007,12.5,31.875,39.15,34.125,55.625,61.44930692769326,14.375,20.0,71.25,0.0,8.5,0.6652462121212122,5.0,17.25,0.2907085561497326,13.5,0.0,142.25,121.625,46.5,58.75,16.375,46.875,8.625,38.25,26.75,13.125,2.2238974567099565,15.5,39.375,39.00000000000001,29.375,49.375,59.31750680742202,16.375,21.5,75.23750000000001,0.0,7.5,0.6152349386724387,5.5,17.0,0.3454565552677681,13.125,0.0,146.125
106,114,2024-02-25,1,1,2023-24,New Orleans Pelicans,Chicago Bulls,115.125,36.75,63.75,14.625,43.875,11.25,32.625,29.125,12.625,2.5712685340974812,12.25,34.125,35.487500000000004,31.875,56.375,56.5182234797428,14.625,19.0,77.0875,0.0,10.75,0.9115751572988415,5.75,18.125,0.3234447655887284,12.625,0.0,141.25,117.5,35.625,64.0,17.875,45.0,11.25,33.75,24.75,12.125,2.3225389194139194,11.875,30.625,39.175000000000004,32.0,59.125,54.09604056266161,17.875,21.75,82.3,0.0,7.0,0.6375286172161172,5.375,19.375,0.2833934447905036,12.125,0.0,137.75
98,119,2024-02-25,1,1,2023-24,Philadelphia 76ers,Milwaukee Bucks,109.125,30.75,63.75,14.625,44.75,11.375,33.375,23.75,12.625,1.9542568542568544,10.25,31.5,32.7875,31.875,60.625,52.64902478623257,14.625,18.75,79.5,0.0,6.375,0.5272907647907648,4.75,21.125,0.23157130309304222,12.625,0.0,122.0,108.75,42.375,52.0,14.375,43.0,9.125,33.875,26.625,12.5,2.2726419413919414,14.125,40.0,35.825,26.0,46.625,55.83491047627802,14.375,20.5,71.5875,0.0,8.5,0.7268009768009769,4.25,18.375,0.242535552897395,12.5,0.0,126.0
110,121,2024-02-26,1,1,2023-24,Sacramento Kings,Miami Heat,119.375,41.625,64.25,13.5,42.0,9.625,32.375,28.625,12.25,2.8922542735042738,13.875,37.25,37.125,32.125,54.375,58.87450184476306,13.5,18.0,73.9625,0.0,7.25,0.7142494658119658,3.875,19.25,0.21186868686868685,12.25,0.0,138.75,110.75,35.625,59.0,16.125,46.875,10.375,36.5,26.25,11.875,2.2824758574758577,11.875,34.875,33.8375,29.5,53.5,55.45007486030668,16.125,20.125,82.1625,0.0,7.625,0.6480977355977355,2.875,16.75,0.19145181014376061,11.875,0.0,131.5
86,111,2024-02-26,1,1,2023-24,Memphis Grizzlies,Brooklyn Nets,104.5,42.75,50.5,11.25,38.75,9.25,29.5,27.75,14.75,2.002304292929293,14.25,38.125,38.0375,25.25,48.0,52.81271414667223,11.25,16.625,68.1375,0.0,8.125,0.6092450951825952,5.25,17.125,0.30864677601809953,14.75,0.0,117.625,99.75,35.25,51.25,13.25,39.875,9.375,30.5,25.375,12.375,2.171022727272727,11.75,33.75,35.25,25.625,54.25,47.76622264446701,13.25,17.0,79.70000000000002,0.0,6.875,0.5774621212121211,4.375,18.75,0.2267929747149696,12.375,0.0,109.5
122,130,2024-02-26,1,1,2023-24,Indiana Pacers,Toronto Raptors,121.5,39.0,68.75,13.75,38.0,6.625,31.375,33.375,12.625,2.7524756493506497,13.0,32.75,39.699999999999996,34.375,55.75,61.74692597531231,13.75,19.125,71.8625,0.0,8.375,0.6913825757575758,4.625,16.75,0.27195855614973263,12.625,0.0,146.75,111.625,33.375,62.25,16.0,44.375,11.75,32.625,27.375,13.625,2.101026714513557,11.125,31.875,34.462500000000006,31.125,59.25,52.433103507979624,16.0,20.125,80.85,0.0,7.5,0.5772295321637426,5.5,17.25,0.32433473389355744,13.625,0.0,129.75
113,111,2024-02-26,1,1,2023-24,New York Knicks,Detroit Pistons,107.75,36.0,56.75,15.0,41.875,13.375,28.5,21.375,12.625,1.8384161998132587,12.0,33.5,35.9875,28.375,54.125,52.51045558416209,15.0,18.5,81.32499999999999,0.0,6.125,0.5077847805788982,3.5,16.0,0.22800599953059908,12.625,0.0,117.25,112.625,35.25,63.0,14.375,45.125,11.375,33.75,27.375,14.375,1.9964095050975856,11.75,30.625,38.8375,31.5,61.875,51.51538157396827,14.375,19.0,77.0875,0.0,6.625,0.46881152258474246,4.25,22.375,0.19325246426755294,14.375,0.0,127.75
114,105,2024-02-27,1,1,2023-24,Minnesota Timberwolves,San Antonio Spurs,117.625,42.0,57.0,18.625,47.5,10.875,36.625,26.125,13.0,2.143801510989011,14.0,35.75,38.6875,28.5,53.0,53.90507189636628,18.625,23.125,79.1375,0.0,7.375,0.5958676739926739,6.625,19.125,0.36222125612605494,13.0,0.0,141.5,110.25,35.25,60.25,14.75,42.375,10.0,32.375,31.125,14.625,2.3010103383458644,11.75,33.75,35.4125,30.125,58.0,52.37681146418534,14.75,18.875,77.325,0.0,8.0,0.5862390350877194,6.625,14.25,0.49381750806383157,14.625,0.0,129.75
123,85,2024-02-27,1,1,2023-24,Milwaukee Bucks,Charlotte Hornets,110.125,43.5,52.25,14.375,44.875,9.125,35.75,27.25,13.375,2.201918257181415,14.5,39.5,37.324999999999996,26.125,46.5,56.2986424807077,14.375,19.625,74.5,0.0,8.25,0.6829413276781697,5.125,17.375,0.3208322561940983,13.375,0.0,131.625,105.125,38.25,53.25,13.625,43.375,8.5,34.875,25.125,15.5,1.7598346828609988,12.75,34.375,36.45,26.625,50.25,52.99618886015945,13.625,17.75,76.575,0.0,8.0,0.5464743589743589,3.75,16.75,0.25919650468883204,15.5,0.0,120.5
95,105,2024-02-27,1,1,2023-24,Chicago Bulls,Detroit Pistons,117.125,36.375,62.5,18.25,45.625,11.375,34.25,24.875,12.25,2.302084373959374,12.125,32.0,38.5,31.25,58.75,53.132090719401425,18.25,21.625,84.525,0.0,8.0,0.7238922535797536,4.5,19.625,0.2160857524828113,12.25,0.0,137.125,114.125,37.5,62.0,14.625,45.875,11.5,34.375,27.75,14.625,1.996899701176017,12.5,30.5,41.45,31.0,61.875,50.49497341070297,14.625,19.5,76.3875,0.0,7.0,0.48498799317297775,4.375,22.0,0.20853024204533072,14.625,0.0,130.75
124,97,2024-02-27,1,1,2023-24,Atlanta Hawks,Utah Jazz,120.625,41.25,58.25,21.125,45.125,12.875,32.25,28.625,11.375,2.599165938228438,13.75,38.25,36.25,29.125,54.875,53.46079444819626,21.125,25.875,82.6,0.0,6.0,0.561109897047397,4.875,17.5,0.2804874928133442,11.375,0.0,138.875,120.375,43.5,57.5,19.375,47.5,13.375,34.125,29.375,16.375,1.8208955174512451,14.5,39.25,36.875,28.75,52.5,54.83982411869628,19.375,23.125,83.91250000000001,0.0,7.25,0.44502985995342803,5.625,19.125,0.3178595301757067,16.375,0.0,141.5
117,99,2024-02-27,1,1,2023-24,Boston Celtics,Philadelphia 76ers,124.75,51.75,58.5,14.5,44.375,8.875,35.5,29.0,11.75,2.5827547452547455,17.25,42.125,40.824999999999996,29.25,45.75,63.881278043337645,14.5,17.75,81.4625,0.0,7.25,0.6485514485514485,6.0,16.0,0.40254996229260936,11.75,0.0,155.0,108.625,33.75,60.75,14.125,43.5,11.0,32.5,24.25,12.375,2.045923520923521,11.25,33.625,33.6875,30.375,59.0,51.3009855705463,14.125,17.625,82.11250000000001,0.0,6.875,0.5939574314574314,4.75,20.75,0.2365316205533597,12.375,0.0,121.125
96,106,2024-02-27,1,1,2023-24,Portland Trail Blazers,Miami Heat,101.125,25.5,57.75,17.875,42.375,14.0,28.375,21.75,14.5,1.5456168014991545,8.5,28.125,30.425,28.875,58.875,49.025099721695284,17.875,23.0,77.1625,0.0,8.0,0.5766465560583207,3.75,19.75,0.20024933334569878,14.5,0.0,107.75,112.125,37.125,59.75,15.25,44.375,9.875,34.5,26.625,11.75,2.3392940392940393,12.375,34.75,35.6,29.875,53.5,56.10796959714878,15.25,18.875,82.52499999999999,0.0,8.625,0.7427947052947053,3.125,16.0,0.21575736569931614,11.75,0.0,133.5
112,95,2024-02-27,1,1,2023-24,Oklahoma City Thunder,Houston Rockets,127.0,52.125,59.25,15.625,41.5,8.75,32.75,28.875,12.125,2.4325757575757576,17.375,39.5,45.0,29.625,53.75,55.32519914468626,15.625,18.875,83.8125,0.0,7.875,0.659280303030303,8.25,18.875,0.45742317678059363,12.125,0.0,151.875,111.625,40.125,53.5,18.0,49.625,15.5,34.125,22.75,16.375,1.4992151027077498,13.375,36.875,36.9625,26.75,54.625,48.82228698210214,18.0,25.5,71.0625,0.0,7.125,0.5085386427298192,4.5,20.0,0.23105478911185434,16.375,0.0,120.375
112,123,2024-02-27,1,1,2023-24,Washington Wizards,Golden State Warriors,112.375,43.125,55.75,13.5,42.75,10.625,32.125,28.5,14.75,2.0323012648041674,14.375,39.375,35.8375,27.875,57.0,49.4204662657025,13.5,18.5,72.3125,0.0,8.875,0.6209607198142414,3.75,21.5,0.16945342168487948,14.75,0.0,122.375,120.75,49.5,58.0,13.25,47.875,12.5,35.375,32.5,14.25,2.513499980411745,16.5,40.375,41.05,29.0,55.375,52.44998759959956,13.25,17.5,75.03750000000001,0.0,6.75,0.5159811593635123,4.375,18.875,0.24569040608514292,14.25,0.0,143.5
121,119,2024-02-27,1,1,2023-24,Cleveland Cavaliers,Dallas Mavericks,112.5,35.25,59.75,17.5,42.875,8.375,34.5,30.125,12.75,2.557258579269028,11.75,33.5,35.35,29.875,50.0,59.96563522933311,17.5,22.75,77.58749999999999,0.0,6.0,0.49091939407341884,6.375,16.375,0.3958500445632799,12.75,0.0,138.0,120.875,45.75,59.5,15.625,46.375,8.625,37.75,25.875,12.5,2.2101325757575756,15.25,38.375,39.525,29.75,51.125,58.2014353788506,15.625,21.25,72.75,0.0,7.5,0.6319760101010101,5.875,16.25,0.3773391463608855,12.5,0.0,143.875
92,115,2024-02-27,1,1,2023-24,New York Knicks,New Orleans Pelicans,108.75,37.875,55.5,15.375,41.0,13.0,28.0,22.625,13.5,1.7402019140989728,12.625,34.0,37.225,27.75,52.625,52.680992594321744,15.375,19.25,80.0125,0.0,7.125,0.5702847805788982,3.5,15.5,0.23425599953059908,13.5,0.0,119.375,111.125,35.625,61.25,14.25,43.625,10.625,33.0,27.75,14.125,2.092885075450865,11.875,33.625,35.0875,30.625,54.875,55.69781237263859,14.25,19.125,73.5125,0.0,10.0,0.7480413227123753,6.0,18.625,0.32683843074709945,14.125,0.0,133.5
108,81,2024-02-27,1,1,2023-24,Orlando Magic,Brooklyn Nets,110.875,38.25,58.25,14.375,42.25,10.875,31.375,26.25,15.75,1.7138425402212167,12.75,31.25,42.6,29.125,52.75,55.40686659201766,14.375,20.0,72.55,0.0,7.375,0.48590843388637506,5.625,19.125,0.3049999337159453,15.75,0.0,128.875,101.375,36.0,53.25,12.125,40.875,9.5,31.375,26.5,12.375,2.2835227272727274,12.0,33.75,35.8375,26.625,54.375,49.73319959482162,12.125,16.0,77.175,0.0,6.625,0.5524621212121212,3.5,18.875,0.18761725007728847,12.375,0.0,113.125
132,123,2024-02-28,1,1,2023-24,Chicago Bulls,Cleveland Cavaliers,114.625,33.0,64.0,17.625,44.625,11.875,32.75,24.625,11.0,2.572917707292707,11.0,31.375,35.3125,32.0,60.25,53.03674365609097,17.625,21.125,83.57499999999999,0.0,7.75,0.8514964202464202,4.5,19.375,0.21816908581614464,11.0,0.0,133.0,113.375,38.25,58.0,17.125,43.0,8.625,34.375,31.375,13.0,2.6074817935547423,12.75,34.125,37.3125,29.0,48.75,59.63105866066264,17.125,22.25,77.525,0.0,5.75,0.47083010835913314,6.25,16.5,0.3806985294117647,13.0,0.0,140.5
123,114,2024-02-28,1,1,2023-24,Indiana Pacers,New Orleans Pelicans,122.375,39.75,68.5,14.125,37.25,6.875,30.375,32.5,12.5,2.7036120129870134,13.25,33.875,39.412499999999994,34.25,55.625,61.65560511032107,14.125,19.75,71.375,0.0,8.75,0.734564393939394,4.75,17.25,0.27151995965850456,12.5,0.0,145.5,110.875,37.875,57.75,15.25,44.375,10.875,33.5,26.875,14.125,2.0345517421175314,12.625,33.875,37.0125,28.875,53.25,53.98996353542928,15.25,20.0,75.2375,0.0,8.875,0.6730413227123753,6.0,19.125,0.3198356296266513,14.125,0.0,132.5
125,136,2024-02-28,1,1,2023-24,Toronto Raptors,Dallas Mavericks,115.375,34.125,65.0,16.25,45.25,12.0,33.25,28.375,12.875,2.27811004784689,11.375,31.5,35.7875,32.5,61.125,52.89439651574877,16.25,20.375,81.33749999999999,0.0,7.5,0.5911184210526316,5.625,17.875,0.31330532212885154,12.875,0.0,136.375,121.0,44.625,61.75,14.625,45.375,8.25,37.125,25.25,11.875,2.4351325757575757,14.875,37.125,39.8875,30.875,52.875,58.426748858474426,14.625,20.25,71.0125,0.0,8.125,0.8319760101010101,6.125,15.75,0.4085891463608855,11.875,0.0,144.125
112,116,2024-02-28,1,1,2023-24,LA Clippers,Los Angeles Lakers,114.0,37.5,55.5,21.0,40.5,9.125,31.375,24.125,14.25,1.902369423339818,12.5,32.875,37.7125,27.75,52.125,53.434650026213575,21.0,24.5,86.61250000000001,0.0,7.0,0.5434432617820776,3.25,16.625,0.20291197450640175,14.25,0.0,126.375,122.25,35.25,70.0,17.0,40.5,7.125,33.375,30.625,11.75,2.8009279935750526,11.75,31.625,37.2625,35.0,57.625,61.02187175058477,17.0,21.75,75.30000000000001,0.0,6.875,0.673092960960608,6.625,14.875,0.4814178876678877,11.75,0.0,147.875
117,96,2024-02-28,1,1,2023-24,Denver Nuggets,Sacramento Kings,112.625,32.625,65.0,15.0,46.25,12.125,34.125,30.5,13.5,2.3707322191697195,10.875,31.375,34.9625,32.5,58.875,55.148299780293925,15.0,19.5,77.475,0.0,7.875,0.6180650946275946,5.75,16.125,0.3652464773788303,13.5,0.0,138.125,119.375,40.125,65.75,13.5,42.125,9.75,32.375,28.875,12.625,2.850587606837607,13.375,35.75,37.375,32.875,54.875,59.78901859485933,13.5,18.0,73.9625,0.0,7.875,0.7454994658119658,4.375,19.5,0.23617424242424243,12.625,0.0,141.125
110,101,2024-02-28,1,1,2023-24,Minnesota Timberwolves,Memphis Grizzlies,118.0,42.75,57.25,18.0,46.0,10.875,35.125,27.0,12.75,2.229739010989011,14.25,35.875,39.3375,28.625,53.25,53.91179232647381,18.0,21.875,80.89999999999999,0.0,8.625,0.6918498168498168,6.25,18.5,0.3612814065019947,12.75,0.0,143.0,103.875,41.25,50.0,12.625,38.0,8.25,29.75,27.375,14.125,2.0168876262626263,13.75,36.625,37.7875,25.0,47.375,52.86940348907585,12.625,18.375,67.825,0.0,8.25,0.6279950951825952,5.375,16.875,0.322108314479638,14.125,0.0,117.75
115,107,2024-02-29,1,1,2023-24,Orlando Magic,Utah Jazz,112.5,37.875,59.5,15.125,42.125,10.5,31.625,25.625,15.875,1.6718103764785266,12.625,30.0,43.525,29.75,53.25,56.11548337206301,15.125,20.5,74.125,0.0,8.25,0.5294025859331587,5.5,19.75,0.2943047465501699,15.875,0.0,131.875,117.125,41.25,57.0,18.875,46.375,13.375,33.0,28.5,16.625,1.7453746841179119,13.75,38.5,35.6625,28.5,53.875,52.97474475361691,18.875,22.5,84.025,0.0,8.25,0.4979812488423169,5.75,18.0,0.33556786350904,16.625,0.0,135.625
134,131,2024-02-29,1,1,2023-24,Los Angeles Lakers,Washington Wizards,121.25,37.5,67.75,16.0,39.375,7.25,32.125,29.625,11.75,2.742104464163288,12.5,31.875,39.1875,33.875,57.0,59.726417205130225,16.0,20.625,74.775,0.0,7.0,0.6804459021370786,6.5,14.875,0.471001221001221,11.75,0.0,144.875,113.125,41.625,57.75,13.75,42.0,10.5,31.5,29.375,15.5,2.00968221718512,13.875,38.75,35.125,28.875,57.5,50.72953395408053,13.75,18.625,73.975,0.0,8.25,0.5673892912428129,3.75,20.125,0.19436284197473455,15.5,0.0,122.625
99,111,2024-02-29,1,1,2023-24,Charlotte Hornets,Milwaukee Bucks,101.125,36.375,51.0,13.75,43.25,8.0,35.25,24.75,15.875,1.6531039136302292,12.125,34.5,34.7625,25.5,49.0,51.9261266889495,13.75,17.375,78.75,0.0,8.0,0.5291666666666667,3.75,16.25,0.2623215046888321,15.875,0.0,115.5,112.25,44.625,53.25,14.375,45.75,9.25,36.5,28.0,13.0,2.343264411027569,14.875,39.5,38.262499999999996,26.625,46.375,57.451703705197495,14.375,18.75,77.4125,0.0,7.875,0.6742874815243236,5.0,16.875,0.31908155591398624,13.0,0.0,137.125
132,118,2024-02-29,1,1,2023-24,San Antonio Spurs,Oklahoma City Thunder,110.375,36.75,58.75,14.875,41.75,10.125,31.625,30.875,15.625,2.203184251389343,12.25,34.25,36.2375,29.375,56.5,52.54938394462712,14.875,18.625,79.13749999999999,0.0,8.375,0.5851520785659802,7.25,13.5,0.540246079492403,15.625,0.0,130.125,124.125,47.25,60.5,16.375,42.75,8.5,34.25,26.25,12.625,2.1363636363636362,15.75,35.0,45.0625,30.25,56.125,54.05182712663339,16.375,20.125,81.0375,0.0,8.0,0.6494318181818182,8.25,18.75,0.46218508154249843,12.625,0.0,147.875
110,105,2024-02-29,1,1,2023-24,Phoenix Suns,Houston Rockets,118.375,35.625,61.25,21.5,46.375,10.25,36.125,26.75,14.625,1.9455357142857141,11.875,32.5,36.287499999999994,30.625,55.25,55.38558515367173,21.5,27.125,79.8125,0.0,9.5,0.6783482142857143,7.25,17.875,0.4327750648474333,14.625,0.0,142.75,107.375,39.0,51.0,17.375,49.375,14.5,34.875,22.25,16.375,1.4658817693744164,13.0,38.625,33.85,25.5,52.625,48.47506475987992,17.375,24.875,70.1625,0.0,7.125,0.5085386427298192,5.125,20.0,0.27011728911185434,16.375,0.0,114.625
99,110,2024-02-29,1,1,2023-24,New York Knicks,Golden State Warriors,104.875,39.0,50.5,15.375,41.125,13.625,27.5,22.5,13.875,1.6498172987143573,13.0,36.375,35.93750000000001,25.25,49.875,50.58525278671753,15.375,19.625,78.7125,0.0,6.375,0.4779770882712059,3.5,16.5,0.21342266619726574,13.875,0.0,112.25,119.75,51.0,55.75,13.0,47.25,12.375,34.875,33.25,14.5,2.527431868956637,17.0,42.125,40.125,27.875,53.75,52.048689785391915,13.0,17.25,74.5125,0.0,7.375,0.5434579395492708,4.25,17.5,0.27409949699423386,14.5,0.0,142.125
124,97,2024-02-29,1,1,2023-24,Brooklyn Nets,Atlanta Hawks,98.125,34.5,51.75,11.875,39.875,9.625,30.25,24.625,13.875,1.9732954545454544,11.5,33.5,34.5125,25.875,53.125,49.47278292815495,11.875,15.875,76.16250000000001,0.0,7.125,0.534280303030303,3.0,20.0,0.14522214518218354,13.875,0.0,105.625,118.125,38.25,59.0,20.875,47.125,13.125,34.0,27.625,12.25,2.3889386655011657,12.75,37.375,34.525,29.5,55.5,53.508364705807494,20.875,25.375,83.2875,0.0,6.375,0.5598472707847708,5.375,16.625,0.3244268867527381,12.25,0.0,137.25
103,97,2024-02-29,1,1,2023-24,Denver Nuggets,Miami Heat,113.25,33.75,65.25,14.25,46.375,11.0,35.375,31.625,14.375,2.2830586080586084,11.25,32.25,34.9625,32.625,58.0,56.280821754600886,14.25,18.5,78.3125,0.0,8.125,0.5850789835164836,5.75,16.875,0.3411823062558357,14.375,0.0,140.125,113.5,39.375,58.0,16.125,43.0,9.125,33.875,27.25,13.0,2.220544039294039,13.125,34.25,38.987500000000004,29.0,51.375,56.49451952263314,16.125,20.625,79.7125,0.0,8.5,0.6802947052947053,4.125,16.0,0.26838894464668456,13.0,0.0,135.375
121,114,2024-03-01,1,1,2023-24,Philadelphia 76ers,Charlotte Hornets,108.0,36.0,58.25,13.75,42.0,10.625,31.375,24.125,11.75,2.1209235209235207,12.0,34.875,34.725,29.125,57.25,50.579831724392456,13.75,17.375,81.075,0.0,6.75,0.6106240981240981,4.375,21.625,0.20120553359683793,11.75,0.0,118.875,103.0,38.25,52.0,12.75,42.5,8.125,34.375,25.625,15.625,1.7422064777327935,12.75,35.75,35.6,26.0,48.125,53.90287087499601,12.75,16.25,78.2125,0.0,8.125,0.5413461538461539,3.875,16.0,0.2706548380221654,15.625,0.0,118.875
140,115,2024-03-01,1,1,2023-24,LA Clippers,Washington Wizards,109.375,33.375,56.5,19.5,40.5,9.25,31.25,23.75,15.0,1.6612979947683895,11.125,33.125,33.5875,28.25,51.875,54.67218563874919,19.5,22.625,86.3125,0.0,7.25,0.5077289760677919,2.75,16.375,0.17737017884076706,15.0,0.0,119.875,113.375,40.5,60.25,12.625,42.75,11.125,31.625,29.75,15.875,1.968015550518453,13.5,38.0,34.9875,30.125,59.125,51.39124843495485,12.625,17.5,73.075,0.0,8.0,0.5340559579094796,4.375,19.375,0.2288365261852609,15.875,0.0,124.0
120,124,2024-03-01,1,1,2023-24,Minnesota Timberwolves,Sacramento Kings,116.375,40.5,58.0,17.875,45.625,10.25,35.375,27.125,12.75,2.2386675824175826,13.5,34.625,38.7875,29.0,52.875,55.1630012239593,17.875,21.375,81.9875,0.0,8.375,0.673992673992674,7.25,17.75,0.42180772229146846,12.75,0.0,143.5,116.375,39.0,64.75,12.625,43.375,11.0,32.375,28.5,13.875,2.131837606837607,13.0,34.625,37.400000000000006,32.375,56.0,57.852744085055406,12.625,16.875,73.125,0.0,8.0,0.5981780372405372,4.25,18.75,0.24331709956709957,13.875,0.0,137.125
92,122,2024-03-01,1,1,2023-24,Memphis Grizzlies,Portland Trail Blazers,102.375,37.5,51.25,13.625,39.875,9.375,30.5,26.125,13.75,1.9793876262626262,12.5,36.625,34.4,25.625,49.0,52.6358071435609,13.625,18.875,71.2625,0.0,8.75,0.6668839840714841,5.375,17.75,0.30885073872206226,13.75,0.0,116.0,99.625,25.5,57.25,16.875,42.75,14.25,28.5,23.0,15.5,1.5372834681658212,8.5,28.5,30.0,28.625,59.25,48.21653328812885,16.875,21.625,77.6875,0.0,8.25,0.5516465560583208,3.75,20.875,0.18899933334569877,15.5,0.0,106.5
129,102,2024-03-01,1,1,2023-24,New Orleans Pelicans,Indiana Pacers,109.875,37.875,56.75,15.25,44.25,10.5,33.75,26.625,13.75,2.0903209728867624,12.625,33.875,37.0125,28.375,53.375,53.05075588515606,15.25,20.0,75.2375,0.0,8.5,0.6499643996354523,5.625,17.875,0.3217295690205907,13.75,0.0,130.125,121.25,39.375,67.75,14.125,40.375,8.0,32.375,32.375,12.25,2.7640286796536797,13.125,34.625,38.15,33.875,56.875,59.65907733254329,14.125,19.125,75.8375,0.0,8.5,0.7241477272727272,5.0,17.375,0.2813413882299331,12.25,0.0,145.75
105,120,2024-03-01,1,1,2023-24,Toronto Raptors,Golden State Warriors,115.625,32.625,66.75,16.25,45.625,12.625,33.0,28.875,13.0,2.291367623604466,10.875,31.75,33.9875,33.375,63.0,52.67118223003449,16.25,21.125,79.2625,0.0,8.25,0.6488835725677831,5.625,18.375,0.30910364145658265,13.0,0.0,135.625,119.375,49.875,56.25,13.25,47.375,12.75,34.625,32.375,14.125,2.528243557268325,16.625,42.5,38.912499999999994,28.125,53.0,53.15980089650303,13.25,17.875,73.95,0.0,7.625,0.5807956018869331,4.625,17.375,0.2944942338363391,14.125,0.0,141.875
138,110,2024-03-01,1,1,2023-24,Boston Celtics,Dallas Mavericks,123.0,46.5,59.75,16.75,44.25,7.875,36.375,27.875,12.125,2.4293456543456546,15.5,38.5,39.0,29.875,46.25,64.50227163308124,16.75,20.125,81.8375,0.0,6.625,0.5746878121878122,6.625,16.375,0.4344009238310709,12.125,0.0,153.5,123.125,43.125,64.25,15.75,46.0,8.875,37.125,26.125,12.5,2.4010416666666665,14.375,37.125,38.725,32.125,53.5,60.12191395281404,15.75,21.25,73.45,0.0,8.125,0.8071180555555555,7.0,16.75,0.4398391463608855,12.5,0.0,148.25
100,110,2024-03-01,1,1,2023-24,Detroit Pistons,Cleveland Cavaliers,110.625,36.375,60.25,14.0,45.75,11.75,34.0,26.5,15.5,1.8267073934837093,12.125,31.25,39.325,30.125,60.0,50.98529118627397,14.0,19.625,73.125,0.0,7.125,0.48450722394220846,5.125,21.75,0.24925705908793722,15.5,0.0,125.0,114.0,40.875,56.75,16.375,41.875,8.375,33.5,32.75,12.375,2.8017219896331738,13.625,36.25,37.3375,28.375,49.625,57.241523776941705,16.375,22.5,72.2625,0.0,5.625,0.4849232456140351,6.0,17.375,0.3454207516339869,12.375,0.0,137.875
97,113,2024-03-01,1,1,2023-24,Chicago Bulls,Milwaukee Bucks,115.0,33.375,63.5,18.125,47.875,13.375,34.5,25.25,11.625,2.5494214666912036,11.125,32.25,34.7,31.75,61.5,51.797343786554116,18.125,21.875,83.225,0.0,7.375,0.8106129615998037,3.5,18.875,0.18281555046260928,11.625,0.0,132.75,113.0,45.375,52.5,15.125,46.875,9.0,37.875,26.25,12.375,2.334850949489107,15.125,40.25,38.0875,26.25,46.25,56.7978916484599,15.125,19.25,79.4375,0.0,8.25,0.7572201738320159,5.0,17.875,0.3024148892473196,12.375,0.0,137.75
100,107,2024-03-02,1,1,2023-24,Memphis Grizzlies,Portland Trail Blazers,100.125,34.125,51.75,14.25,39.375,9.25,30.125,24.75,15.375,1.735909365393061,11.375,33.875,34.199999999999996,25.875,50.25,51.878231385985146,14.25,20.0,70.9625,0.0,8.5,0.5994926797236579,5.875,16.875,0.3468409348004936,15.375,0.0,110.625,102.0,26.25,59.0,16.75,43.25,14.375,28.875,23.25,15.625,1.5352230286053814,8.75,28.5,30.799999999999997,29.5,60.125,48.90718295418834,16.75,21.75,76.1875,0.0,9.125,0.6100256769374416,4.375,21.375,0.21556183334569878,15.625,0.0,111.0
114,102,2024-03-02,1,1,2023-24,Brooklyn Nets,Atlanta Hawks,101.75,39.0,51.0,11.75,41.0,9.125,31.875,25.625,13.625,2.119128787878788,13.0,36.125,35.4875,25.5,50.125,51.327729452219124,11.75,15.75,75.95000000000002,0.0,6.75,0.515530303030303,3.125,19.875,0.15441332165277177,13.625,0.0,112.875,115.625,36.375,58.75,20.5,45.875,12.5,33.375,26.875,12.875,2.216319617882118,12.125,35.75,34.1375,29.375,55.125,53.61082372220094,20.5,25.5,80.9625,0.0,5.75,0.4755218739593739,6.125,16.75,0.37662468895054035,12.875,0.0,133.0
114,124,2024-03-02,1,1,2023-24,Los Angeles Lakers,Denver Nuggets,124.75,37.5,70.75,16.5,40.125,6.875,33.25,30.0,12.25,2.6008706979295217,12.5,31.625,39.5375,35.375,58.75,60.492643166668685,16.5,20.875,76.1,0.0,6.25,0.5343420060331825,6.0,15.625,0.392876221001221,12.25,0.0,148.0,111.875,33.0,63.0,15.875,45.25,10.375,34.875,30.25,14.5,2.1717490842490843,11.0,32.5,33.9,31.5,56.125,55.93466790844705,15.875,20.25,78.9125,0.0,8.875,0.6326980311355311,6.0,17.625,0.3405429200665774,14.5,0.0,137.25
109,118,2024-03-02,1,1,2023-24,Phoenix Suns,Houston Rockets,117.875,37.5,58.0,22.375,46.625,11.0,35.625,27.125,14.625,1.9723214285714286,12.5,33.625,37.1,29.0,54.375,53.28731266345008,22.375,28.375,79.925,0.0,9.25,0.6604910714285713,7.375,18.125,0.4355946137196137,14.625,0.0,141.125,107.5,37.5,50.75,19.25,50.625,15.375,35.25,21.25,15.25,1.475497153989801,12.5,39.5,31.962500000000002,25.375,53.5,47.450636075876766,19.25,26.75,71.2875,0.0,7.5,0.5570526287438052,5.375,21.125,0.2729190132497854,15.25,0.0,114.375
126,120,2024-03-02,1,1,2023-24,Miami Heat,Utah Jazz,110.5,37.125,56.5,16.875,43.0,8.875,34.125,26.0,13.25,2.0974671162171163,12.375,33.0,37.8375,28.25,52.125,54.301537066492784,16.875,21.375,80.39999999999999,0.0,8.5,0.6674741924741925,3.875,15.625,0.25646460254142145,13.25,0.0,129.625,115.0,42.0,53.5,19.5,45.0,12.375,32.625,28.0,16.125,1.7725240053848799,14.0,38.75,36.0625,26.75,52.5,50.799895485744386,19.5,23.5,83.0375,0.0,8.125,0.5087278551771586,4.875,18.625,0.28242615227909346,16.125,0.0,130.375
110,118,2024-03-03,1,1,2023-24,Phoenix Suns,Oklahoma City Thunder,115.375,35.625,56.0,23.75,47.875,11.5,36.375,25.375,15.5,1.738220551378446,11.875,33.625,34.9375,28.0,54.0,51.932893777251536,23.75,30.0,80.8125,0.0,8.75,0.595798088972431,7.25,17.5,0.43993953350570997,15.5,0.0,135.125,124.25,43.5,63.25,17.5,43.375,8.25,35.125,25.5,12.625,2.0681818181818183,14.5,34.25,42.2625,31.625,56.75,55.93455321641869,17.5,20.625,84.63749999999999,0.0,7.625,0.615340909090909,7.375,18.625,0.4085392482091651,12.625,0.0,147.5
113,91,2024-03-03,1,1,2023-24,Orlando Magic,Detroit Pistons,111.0,35.625,59.25,16.125,42.875,10.75,32.125,24.75,15.625,1.6468103764785267,11.875,30.375,40.275,29.625,52.25,57.12612166993535,16.125,21.875,74.4625,0.0,8.0,0.5235202329919822,5.625,19.75,0.3005547465501699,15.625,0.0,129.75,107.125,34.125,58.75,14.25,45.375,10.875,34.5,26.25,14.5,1.9688642562288075,11.375,32.375,35.3875,29.375,58.375,50.917395245736515,14.25,19.25,74.9625,0.0,8.0,0.6013372893016856,5.125,21.75,0.24925705908793722,14.5,0.0,122.375
116,120,2024-03-03,1,1,2023-24,Dallas Mavericks,Philadelphia 76ers,121.625,39.75,66.75,15.125,46.25,9.375,36.875,24.875,12.375,2.296875,13.25,36.125,36.675000000000004,33.375,56.0,59.60108061948071,15.125,20.625,72.6875,0.0,7.75,0.7723958333333334,6.75,16.625,0.4238135053352444,12.375,0.0,143.875,108.0,37.5,58.25,12.25,41.875,10.25,31.625,25.875,11.375,2.4994949494949497,12.5,34.75,35.9625,29.125,57.125,50.70229181147518,12.25,15.125,82.95000000000002,0.0,6.5,0.6124098124098124,4.5,20.75,0.22142612183213206,11.375,0.0,122.25
111,106,2024-03-03,1,1,2023-24,Toronto Raptors,Charlotte Hornets,115.375,33.375,66.5,15.5,46.375,12.0,34.375,29.75,13.25,2.31815333789018,11.125,33.25,33.5375,33.25,61.5,53.87279513326028,15.5,20.875,76.1625,0.0,7.625,0.5834073820915926,4.875,18.0,0.2681372549019608,13.25,0.0,135.0,102.875,37.5,51.5,13.875,41.125,8.375,32.75,24.875,13.875,2.144838056680162,12.5,36.0,34.45,25.75,48.125,53.412674796564644,13.875,17.5,79.58749999999999,0.0,7.75,0.6137145748987854,4.125,16.5,0.2727915901589175,13.875,0.0,117.375
98,107,2024-03-03,1,1,2023-24,Cleveland Cavaliers,New York Knicks,112.875,42.375,52.0,18.5,42.625,8.125,34.5,31.375,13.0,2.5879435805422646,14.125,36.25,38.5625,26.0,48.5,53.37247615789409,18.5,24.625,74.45,0.0,5.875,0.4827925637958533,6.25,17.625,0.35514297385620913,13.0,0.0,135.25,103.75,38.25,49.25,16.25,42.375,14.0,28.375,22.0,13.75,1.6298997162967752,12.75,36.625,35.0625,24.625,49.75,49.578830480953116,16.25,21.25,76.19999999999999,0.0,6.625,0.5006419234360411,3.625,16.0,0.22526477146042365,13.75,0.0,110.625
88,89,2024-03-03,1,1,2023-24,Minnesota Timberwolves,LA Clippers,115.25,37.125,58.75,19.375,45.75,9.75,36.0,26.5,13.375,1.9862637362637363,12.375,33.375,37.225,29.375,53.875,54.770489146664616,19.375,23.375,81.98750000000001,0.0,7.875,0.5874542124542125,7.5,18.375,0.42815798967114754,13.375,0.0,140.0,113.625,33.75,60.75,19.125,42.0,9.375,32.625,24.875,13.75,1.9544266497391498,11.25,33.125,33.975,30.375,53.875,56.416575540572474,19.125,22.5,85.23750000000001,0.0,7.0,0.531120788933289,3.375,15.875,0.2299719887955182,13.75,0.0,128.375
140,88,2024-03-03,1,1,2023-24,Boston Celtics,Golden State Warriors,124.625,48.0,59.5,17.125,44.5,8.25,36.25,27.875,11.5,2.593036130536131,16.0,37.75,40.762499999999996,29.75,47.125,63.00940175785841,17.125,20.375,82.97500000000001,0.0,6.375,0.5766719391719392,6.5,16.25,0.4307550904977375,11.5,0.0,156.0,118.25,49.125,55.75,13.375,48.0,13.125,34.875,31.75,14.25,2.4623094913342594,16.375,42.5,38.3375,27.875,52.75,52.92831941502155,13.375,18.0,74.11250000000001,0.0,7.875,0.5931582392495706,4.75,17.5,0.3006755525176578,14.25,0.0,140.75
117,105,2024-03-03,1,1,2023-24,San Antonio Spurs,Indiana Pacers,113.0,39.75,58.25,15.0,44.0,11.0,33.0,32.125,15.25,2.3677675847226762,13.25,34.75,38.400000000000006,29.125,57.25,51.096624747302705,15.0,19.0,78.0,0.0,8.25,0.5893187452326468,7.625,14.0,0.551183579492403,15.25,0.0,136.125,120.375,38.625,68.5,13.25,42.125,9.25,32.875,31.625,12.5,2.6825554653679653,12.875,34.75,37.225,34.25,58.5,58.86145828492425,13.25,18.0,75.375,0.0,8.25,0.6962459415584416,5.25,17.875,0.28484278879015723,12.5,0.0,144.25
109,113,2024-03-04,1,1,2023-24,Sacramento Kings,Chicago Bulls,115.0,36.75,66.0,12.25,43.75,12.0,31.75,28.125,12.875,2.334962606837607,12.25,34.0,35.8875,33.0,58.25,56.7000733436257,12.25,17.625,68.7875,0.0,7.625,0.6372405372405372,4.875,19.625,0.26349735035079863,12.875,0.0,134.125,112.375,33.0,62.0,17.375,47.625,13.25,34.375,25.375,11.25,2.6098381333578704,11.0,32.375,34.012499999999996,31.0,62.25,49.78263320132866,17.375,21.125,82.8,0.0,7.5,0.8272796282664703,3.25,19.5,0.1634703123673712,11.25,0.0,128.5
113,106,2024-03-04,1,1,2023-24,Milwaukee Bucks,LA Clippers,112.125,44.25,52.25,15.625,46.375,9.125,37.25,25.75,12.375,2.263422378060536,14.75,39.5,37.8375,26.125,46.0,56.82765355322181,15.625,20.25,78.39999999999999,0.0,8.125,0.7393630309748731,4.875,17.125,0.3041510003584307,12.375,0.0,135.625,110.75,32.625,60.25,17.875,42.625,10.25,32.375,24.5,13.5,1.9632650335775337,10.875,32.5,33.4875,30.125,54.875,54.83198821727106,17.875,21.375,84.2375,0.0,6.75,0.5260702838827839,3.25,15.75,0.22436301443654386,13.5,0.0,124.5
119,114,2024-03-04,1,1,2023-24,Minnesota Timberwolves,Portland Trail Blazers,111.125,36.375,55.5,19.25,47.375,10.125,37.25,25.375,13.625,1.868956043956044,12.125,33.25,36.5875,27.75,53.25,52.20809143799032,19.25,23.25,81.95,0.0,7.25,0.5342490842490842,7.5,17.625,0.4469079896711476,13.625,0.0,134.375,100.125,26.25,58.5,15.375,44.75,14.625,30.125,22.5,16.375,1.4469877344877347,8.75,29.125,30.1375,29.25,59.875,48.6916016279915,15.375,20.625,74.575,0.0,9.0,0.5873274672187716,4.125,21.125,0.20815442593829137,16.375,0.0,107.875
116,104,2024-03-04,1,1,2023-24,Los Angeles Lakers,Oklahoma City Thunder,121.625,36.75,70.75,14.125,40.0,7.0,33.0,30.125,12.125,2.690156412215236,12.25,31.375,39.0625,35.375,59.125,60.108871236844124,14.125,18.25,74.63749999999999,0.0,6.25,0.5455027203188968,5.875,14.25,0.4171817765567766,12.125,0.0,144.75,125.125,40.5,68.0,16.625,43.5,8.0,35.5,25.25,12.125,2.2181818181818183,13.5,32.25,41.3625,34.0,59.25,57.82974791401604,16.625,19.875,83.0875,0.0,9.0,0.8861742424242424,7.875,17.625,0.45346678444104915,12.125,0.0,151.375
102,106,2024-03-04,1,1,2023-24,Brooklyn Nets,Memphis Grizzlies,100.625,38.25,49.5,12.875,41.5,9.5,32.0,25.25,13.5,2.1143939393939393,12.75,35.875,35.1,24.75,50.5,49.5841310694698,12.875,17.125,76.525,0.0,6.5,0.5003787878787879,3.25,19.375,0.16900142233927062,13.5,0.0,110.5,99.375,33.75,48.75,16.875,41.0,9.25,31.75,23.25,16.875,1.501534365393061,11.25,33.375,34.3375,24.375,49.625,49.20744650226422,16.875,23.125,74.1875,0.0,8.875,0.5526176797236579,6.375,17.375,0.36494048231180587,16.875,0.0,108.375
127,115,2024-03-04,1,1,2023-24,Utah Jazz,Washington Wizards,115.625,42.75,53.25,19.625,43.75,11.5,32.25,27.5,15.625,1.8119179447788194,14.25,38.75,36.775,26.625,51.625,51.386596919903454,19.625,22.875,85.15,0.0,7.625,0.4844854309347343,4.625,19.25,0.2528208891211987,15.625,0.0,130.75,113.625,40.125,61.5,12.0,42.75,11.375,31.375,29.875,15.0,2.1246331975772765,13.375,37.875,34.7625,30.75,60.75,50.92403029769995,12.0,16.75,72.71249999999999,0.0,7.75,0.5450853696741854,3.75,18.625,0.20741708884510743,15.0,0.0,123.5
114,101,2024-03-05,1,1,2023-24,Houston Rockets,San Antonio Spurs,108.125,38.625,49.5,20.0,49.5,15.0,34.5,21.875,14.75,1.5733478327228325,12.875,39.375,32.95,24.75,53.125,46.670908980360196,20.0,27.625,72.0375,0.0,8.375,0.6379349816849818,5.0,20.625,0.2611183139490861,14.75,0.0,115.625,114.75,39.375,61.0,14.375,44.5,10.375,34.125,33.75,15.5,2.447008656151248,13.125,33.625,39.349999999999994,30.5,57.625,53.11416860695183,14.375,18.75,75.96249999999999,0.0,8.375,0.5915508880897897,8.25,14.75,0.5759161998132587,15.5,0.0,142.125
107,117,2024-03-05,1,1,2023-24,Denver Nuggets,Phoenix Suns,114.125,33.375,66.75,14.0,46.75,10.625,36.125,31.25,13.125,2.44198717948718,11.125,32.125,34.875,33.375,57.75,57.47483371748078,14.0,17.625,78.91250000000001,0.0,8.375,0.6416266025641025,6.25,16.625,0.4108554200665774,13.125,0.0,144.625,115.125,36.75,54.5,23.875,48.875,12.25,36.625,25.125,16.5,1.6359478241057188,12.25,34.25,35.375,27.25,53.0,51.51622711058487,23.875,30.25,80.2,0.0,7.875,0.5268045824789246,7.125,17.75,0.4213497899159664,16.5,0.0,133.5
112,107,2024-03-05,1,1,2023-24,Brooklyn Nets,Philadelphia 76ers,99.625,38.25,48.5,12.875,41.0,10.125,30.875,25.125,13.625,2.0823426573426573,12.75,37.0,33.875,24.25,49.375,49.819148695791775,12.875,17.625,75.4375,0.0,7.0,0.534032634032634,3.625,19.25,0.18864427948212778,13.625,0.0,108.625,108.125,38.625,55.5,14.0,41.125,10.25,30.875,25.625,11.125,2.5424242424242425,12.875,36.0,35.975,27.75,54.375,50.96081988023693,14.0,16.125,86.48750000000001,0.0,6.75,0.6603896103896103,4.625,20.875,0.22654308089645955,11.125,0.0,123.25
120,137,2024-03-05,1,1,2023-24,Dallas Mavericks,Indiana Pacers,117.875,40.125,63.25,14.5,45.125,9.5,35.625,23.625,13.0,2.1314338235294117,13.375,36.5,36.612500000000004,31.625,55.0,57.30548313520398,14.5,19.375,74.0875,0.0,7.5,0.7331801470588236,6.625,16.0,0.4213980463980464,13.0,0.0,136.375,117.875,35.625,68.25,14.0,42.25,10.25,32.0,30.375,12.0,2.656513798701299,11.875,34.875,33.6875,34.125,59.75,57.315336691632844,14.0,18.25,78.2625,0.0,8.875,0.7587459415584416,5.375,17.125,0.30180707450444294,12.0,0.0,139.875
118,110,2024-03-05,1,1,2023-24,Miami Heat,Detroit Pistons,111.75,37.5,57.0,17.25,41.625,9.25,32.375,26.5,12.625,2.4554216616716618,12.5,32.5,38.66250000000001,28.5,52.75,54.032262690075555,17.25,21.625,81.1125,0.0,8.25,0.7015651015651015,4.375,15.625,0.2814646025414214,12.625,0.0,131.25,105.25,33.75,56.0,15.5,41.75,9.75,32.0,26.0,14.25,1.9882094943240454,11.25,33.125,34.4125,28.0,55.625,50.917395245736515,15.5,20.875,73.0875,0.0,8.5,0.653420622635019,5.125,21.75,0.24925705908793722,14.25,0.0,117.5
98,139,2024-03-05,1,1,2023-24,Toronto Raptors,New Orleans Pelicans,117.375,34.875,67.25,15.25,47.0,11.875,35.125,30.375,13.875,2.27909083789018,11.625,34.125,34.1875,33.625,61.125,54.908846346198295,15.25,20.25,77.1875,0.0,7.75,0.5663619275461381,5.25,18.25,0.2882265406162465,13.875,0.0,138.875,114.375,39.75,58.5,16.125,45.625,10.875,34.75,26.375,14.375,1.9928945022985272,13.25,34.5,38.25,29.25,54.0,54.056991712820455,16.125,21.25,75.2875,0.0,8.5,0.6223908702236876,5.375,18.25,0.2975699051550445,14.375,0.0,134.75
105,104,2024-03-05,1,1,2023-24,Cleveland Cavaliers,Boston Celtics,110.0,43.875,49.75,16.375,42.125,7.5,34.625,31.125,13.0,2.565216307814992,14.625,37.125,39.0,24.875,47.0,52.72237044964885,16.375,22.5,69.1375,0.0,6.0,0.49415620015948963,5.875,16.875,0.35313762626262624,13.0,0.0,131.375,125.5,53.25,57.25,15.0,44.75,8.0,36.75,29.125,10.875,2.899526515151515,17.75,39.625,43.0875,28.625,45.75,62.48207233746223,15.0,18.25,81.5875,0.0,6.5,0.6463834776334776,6.5,16.5,0.42688512145748986,10.875,0.0,159.25
100,116,2024-03-05,1,1,2023-24,New York Knicks,Atlanta Hawks,103.25,40.5,48.25,14.5,44.25,14.625,29.625,24.0,14.125,1.7410108274078862,13.5,37.5,36.275000000000006,24.125,49.125,49.28218563643593,14.5,19.625,73.5375,0.0,6.75,0.4867530345471522,4.25,15.75,0.2784698996655518,14.125,0.0,114.25,112.5,34.5,58.75,19.25,46.125,12.875,33.25,25.875,12.75,2.1578260281385284,11.5,35.5,32.6375,29.375,56.125,52.520676971676835,19.25,24.25,79.97500000000001,0.0,5.75,0.47872700216450215,5.5,16.75,0.34372995210843504,12.75,0.0,127.25
89,101,2024-03-05,1,1,2023-24,Charlotte Hornets,Orlando Magic,102.25,36.75,51.75,13.75,41.0,9.125,31.875,24.5,13.625,2.1436770659680877,12.25,35.125,34.475,25.875,50.25,51.28927736066721,13.75,17.5,78.8,0.0,8.125,0.639643367468445,4.5,16.25,0.30073276662950577,13.625,0.0,115.75,110.875,33.375,61.25,16.25,42.875,10.0,32.875,24.875,16.25,1.6140563657833393,11.125,28.375,39.9125,30.625,52.25,59.16693799646596,16.25,21.75,75.325,0.0,8.375,0.5338811955588271,5.625,19.5,0.3057630798835032,16.25,0.0,132.0
109,115,2024-03-06,1,1,2023-24,Philadelphia 76ers,Memphis Grizzlies,106.125,39.0,53.25,13.875,40.625,9.875,30.75,25.625,11.25,2.51875,13.0,36.25,36.05,26.625,53.375,49.982623942363574,13.875,16.125,85.825,0.0,6.875,0.6660714285714285,4.375,21.125,0.2142324748358535,11.25,0.0,120.125,101.75,33.75,49.75,18.25,42.75,10.75,32.0,23.0,17.0,1.478142552527564,11.25,32.5,34.975,24.875,50.625,48.997236292054005,18.25,24.875,73.47500000000001,0.0,8.75,0.5434802528230732,5.75,18.0,0.3231624074454957,17.0,0.0,111.375
120,130,2024-03-06,1,1,2023-24,Los Angeles Lakers,Sacramento Kings,120.5,37.5,69.75,13.25,41.0,7.625,33.375,29.75,12.75,2.6127754598342836,12.5,31.25,39.95,34.875,58.75,59.50439031404022,13.25,17.625,73.225,0.0,6.5,0.5462467679379444,5.375,14.375,0.37730082417582417,12.75,0.0,143.375,114.5,34.875,66.5,13.125,45.125,13.25,31.875,27.75,12.875,2.3141292735042733,11.625,33.375,34.8375,33.25,59.125,56.226588495140845,13.125,18.25,71.25,0.0,7.75,0.6441849816849817,5.0,19.625,0.2691791685326168,12.875,0.0,134.5
109,119,2024-03-06,1,1,2023-24,Washington Wizards,Orlando Magic,115.0,43.5,58.25,13.25,41.625,11.125,30.5,29.75,14.875,2.1303623642439433,14.5,38.625,37.2875,29.125,58.5,50.031173154842804,13.25,17.75,75.5375,0.0,7.375,0.5247728696741855,3.25,17.375,0.19741708884510745,14.875,0.0,124.125,109.375,34.125,60.5,14.75,42.0,9.25,32.75,24.125,16.5,1.5472160880055617,11.375,28.25,40.725,30.25,50.25,61.0026023321303,14.75,20.5,71.9875,0.0,8.75,0.5495061955588272,5.375,19.125,0.29383873777824004,16.5,0.0,130.5
120,128,2024-03-06,1,1,2023-24,Portland Trail Blazers,Oklahoma City Thunder,103.875,30.0,59.0,14.875,44.625,14.75,29.875,23.625,15.875,1.56504329004329,10.0,31.375,31.6875,29.5,59.625,49.39486063313729,14.875,19.875,74.8375,0.0,8.75,0.5833592132505176,4.0,22.625,0.1868632171470826,15.875,0.0,112.5,122.25,41.25,65.25,15.75,43.75,9.0,34.75,24.25,12.0,2.1522727272727273,13.75,33.75,40.162499999999994,32.625,58.875,55.7176789484988,15.75,18.5,84.625,0.0,9.5,0.9452651515151516,7.625,18.0,0.4310403138528139,12.0,0.0,146.375
116,122,2024-03-06,1,1,2023-24,Houston Rockets,LA Clippers,109.25,38.25,53.0,18.0,51.0,15.5,35.5,22.0,14.125,1.7548954517704518,12.75,40.375,31.45,26.5,55.25,47.69464398296844,18.0,24.875,71.27499999999999,0.0,8.75,0.7807921245421245,5.25,20.5,0.27934748061575276,14.125,0.0,118.875,111.5,35.25,59.25,17.0,42.875,9.625,33.25,25.125,13.625,1.994171626984127,11.75,34.0,34.475,29.625,53.375,55.21754016532301,17.0,21.25,81.175,0.0,7.125,0.5487351190476191,3.25,16.625,0.21543444300797243,13.625,0.0,126.0
117,119,2024-03-06,1,1,2023-24,Utah Jazz,Chicago Bulls,118.125,44.625,54.0,19.5,44.625,11.75,32.875,28.25,15.0,1.931041876402751,14.875,39.75,37.475,27.0,51.75,51.898892001870664,19.5,22.75,85.05000000000001,0.0,7.375,0.48662218307148647,4.875,19.125,0.2716628008859046,15.0,0.0,135.375,113.0,32.625,62.0,18.375,46.25,11.875,34.375,26.25,11.5,2.63171313335787,10.875,31.75,34.262499999999996,31.0,61.0,50.98455627825173,18.375,22.125,84.1,0.0,7.375,0.7835296282664703,2.75,18.625,0.14692619472031235,11.5,0.0,129.5
112,101,2024-03-06,1,1,2023-24,Atlanta Hawks,Cleveland Cavaliers,111.75,33.0,60.75,18.0,47.375,13.375,34.0,26.0,13.375,2.0768601190476192,11.0,34.25,32.4125,30.375,57.25,53.195069068941265,18.0,22.5,80.3,0.0,5.625,0.4460565476190476,5.125,16.125,0.3362513196298026,13.375,0.0,127.875,109.625,46.875,47.5,15.25,42.875,7.75,35.125,30.75,13.125,2.469730196703881,15.625,37.75,40.9,23.75,47.25,50.0615914641416,15.25,21.25,67.5625,0.0,6.625,0.5531839779372674,6.0,15.875,0.3767487373737374,13.125,0.0,131.125
125,90,2024-03-06,1,1,2023-24,Golden State Warriors,Milwaukee Bucks,113.625,45.0,55.75,12.875,47.875,13.0,34.875,30.5,15.25,2.166557857347331,15.0,41.75,35.6875,27.875,52.125,53.56294826656215,12.875,17.375,73.7375,0.0,7.25,0.5106418993802895,4.875,16.0,0.31952170636381166,15.25,0.0,133.375,112.25,43.875,51.25,17.125,45.75,8.875,36.875,24.5,12.25,2.1832941729323307,14.625,40.0,36.8875,25.625,44.75,57.202653553221815,17.125,21.5,80.775,0.0,8.125,0.7457732873851295,4.5,17.25,0.2834273161479044,12.25,0.0,134.0
115,109,2024-03-07,1,1,2023-24,Denver Nuggets,Boston Celtics,115.625,34.875,67.0,13.75,47.125,10.375,36.75,31.375,13.375,2.419551282051282,11.625,32.125,36.125,33.5,58.0,57.49136810901517,13.75,17.25,79.0125,0.0,8.25,0.6243189102564103,6.75,16.75,0.4429982772094345,13.375,0.0,147.25,124.75,52.875,57.0,14.875,46.125,9.0,37.125,28.75,11.125,2.823477564102564,17.625,39.5,42.9,28.5,47.375,60.49614160153149,14.875,17.625,84.22500000000001,0.0,7.125,0.6927121489621489,6.5,16.5,0.4268851214574899,11.125,0.0,158.625
122,125,2024-03-07,1,1,2023-24,Golden State Warriors,Chicago Bulls,111.75,44.625,56.5,10.625,49.0,12.375,36.625,29.875,15.625,2.0517742035011772,14.875,41.375,35.825,28.25,52.375,54.005255958869846,10.625,14.75,71.05,0.0,7.5,0.5118438224572126,5.75,15.25,0.4050480221532853,15.625,0.0,133.5,110.875,34.125,59.5,17.25,45.75,11.875,33.875,26.25,11.875,2.4303242444689817,11.375,33.125,33.912499999999994,29.75,59.375,50.42542637629095,17.25,20.375,85.05,0.0,7.5,0.7557518504886925,3.0,17.5,0.17402409681821446,11.875,0.0,127.0
114,108,2024-03-07,1,1,2023-24,Dallas Mavericks,Miami Heat,118.875,41.625,62.75,14.5,43.25,9.125,34.125,23.125,12.125,2.2399407679738563,13.875,36.875,37.650000000000006,31.375,54.25,57.62955720927805,14.5,18.75,76.03750000000001,0.0,7.25,0.7479370915032679,5.875,16.625,0.370673408716887,12.125,0.0,136.125,113.25,38.25,57.0,18.0,41.25,8.5,32.75,27.25,12.875,2.4554216616716618,12.75,31.375,40.56250000000001,28.5,52.375,54.37339329436405,18.0,22.625,80.32499999999999,0.0,8.625,0.7273587523587524,4.75,15.625,0.3082503168271357,12.875,0.0,135.125
111,113,2024-03-07,1,1,2023-24,Indiana Pacers,Minnesota Timberwolves,122.25,39.375,67.75,15.125,43.625,11.125,32.5,30.75,11.75,2.776463293650794,13.125,36.0,36.125,33.875,59.875,56.70387617451195,15.125,19.25,80.35000000000001,0.0,8.125,0.6981398809523809,5.25,18.375,0.2796209273182957,11.75,0.0,145.25,110.875,35.625,56.25,19.0,47.25,10.125,37.125,25.875,13.5,1.937137862137862,11.875,32.625,36.575,28.125,53.25,52.94338555563737,19.0,23.625,80.38749999999999,0.0,7.375,0.5531884781884782,7.25,17.5,0.4358785779064417,13.5,0.0,134.625
118,112,2024-03-07,1,1,2023-24,Detroit Pistons,Brooklyn Nets,105.125,35.25,53.5,16.375,40.75,8.875,31.875,25.5,14.375,1.908664039778591,11.75,34.875,34.4125,26.75,51.5,52.316996309566306,16.375,21.5,74.8875,0.0,8.125,0.6102388044532008,5.25,20.75,0.2622778924212706,14.375,0.0,117.375,102.875,39.0,50.5,13.375,42.625,10.625,32.0,24.875,13.875,2.024306943056943,13.0,36.875,34.8375,25.25,49.875,51.28211165875474,13.375,18.75,73.15,0.0,6.875,0.5176635864135863,4.375,19.75,0.2329151128154611,13.875,0.0,113.875
131,129,2024-03-07,1,1,2023-24,Sacramento Kings,San Antonio Spurs,115.125,36.0,67.0,12.125,44.625,12.5,32.125,28.375,13.0,2.3402281746031743,12.0,33.375,36.05,33.5,59.375,56.368633949686306,12.125,16.75,72.2875,0.0,7.75,0.6386904761904761,4.5,19.125,0.2522709559722303,13.0,0.0,135.5,112.125,39.75,58.75,13.625,45.0,11.25,33.75,32.125,15.5,2.361482340361774,13.25,34.375,38.925,29.375,56.875,51.81127903006845,13.625,17.875,75.8,0.0,7.0,0.5191824670371581,7.875,14.5,0.5640114379084967,15.5,0.0,135.75
120,113,2024-03-07,1,1,2023-24,Phoenix Suns,Toronto Raptors,113.5,37.5,53.5,22.5,50.5,12.75,37.75,25.5,16.25,1.7338644907723855,12.5,34.625,35.65,26.75,54.0,49.78384957175571,22.5,28.5,80.35,0.0,7.625,0.5247212491455913,7.25,18.125,0.42052742149491373,16.25,0.0,132.75,117.25,36.75,65.25,15.25,46.75,11.25,35.5,29.875,13.0,2.3333671536796534,12.25,35.75,34.650000000000006,32.625,58.875,54.99261119542157,15.25,21.0,74.41250000000001,0.0,7.125,0.5564935064935065,5.625,17.125,0.342771995161701,13.0,0.0,138.125
113,104,2024-03-08,1,1,2023-24,Cleveland Cavaliers,Minnesota Timberwolves,108.625,46.875,47.5,14.25,44.0,8.125,35.875,30.25,12.625,2.4907828282828284,15.625,40.5,38.05,23.75,46.875,50.56506368636383,14.25,20.125,67.025,0.0,6.25,0.5422190656565657,5.875,15.625,0.37327651515151516,12.625,0.0,128.5,109.0,34.125,57.25,17.625,46.75,10.375,36.375,25.75,13.125,1.9842157842157842,11.375,32.0,35.487500000000004,28.625,55.0,52.206213510130056,17.625,22.625,78.025,0.0,7.5,0.5840326340326341,7.375,17.25,0.4449694869973508,13.125,0.0,131.25
98,74,2024-03-08,1,1,2023-24,New York Knicks,Orlando Magic,102.875,42.0,46.25,14.625,42.875,14.375,28.5,25.0,13.5,1.882554945054945,14.0,39.5,35.9625,23.125,48.0,48.4368208947946,14.625,19.5,75.3375,0.0,7.25,0.5406746031746031,4.5,15.125,0.2983974358974359,13.5,0.0,113.75,109.5,34.125,59.5,15.875,43.0,9.5,33.5,23.625,16.875,1.4617994213388952,11.375,28.25,40.72500000000001,29.75,50.875,59.27532960485757,15.875,21.75,71.9375,0.0,8.375,0.5099228622254939,5.125,18.125,0.29870886764836996,16.875,0.0,128.875
123,122,2024-03-08,1,1,2023-24,Los Angeles Lakers,Milwaukee Bucks,118.25,37.875,67.0,13.375,40.625,7.375,33.25,28.625,13.25,2.410989745548569,12.625,31.375,40.162499999999994,33.5,57.375,58.47547874941437,13.375,17.75,73.3125,0.0,6.0,0.4819610536522301,5.5,14.5,0.3834821428571428,13.25,0.0,138.75,111.375,43.125,51.0,17.25,45.5,9.0,36.5,23.875,11.875,2.1749608395989974,14.375,40.0,36.25,25.5,45.5,56.134471735039995,17.25,22.0,78.57499999999999,0.0,8.125,0.7568843984962406,4.625,17.0,0.3042606494812377,11.875,0.0,131.25
112,100,2024-03-08,1,1,2023-24,Washington Wizards,Charlotte Hornets,112.875,40.125,59.5,13.25,40.75,10.375,30.375,28.625,13.625,2.2612103174603178,13.375,37.75,35.4,29.75,58.875,50.91415187824706,13.25,17.75,75.5375,0.0,7.375,0.5759424603174603,3.375,17.125,0.20537163429965288,13.625,0.0,121.375,98.125,35.625,49.75,12.75,39.125,8.0,31.125,23.5,14.375,2.009061681352703,11.875,34.625,33.9625,24.875,48.625,51.048892745282586,12.75,16.375,79.425,0.0,8.125,0.6183883067397,4.125,16.375,0.27953393622014905,14.375,0.0,108.5
107,123,2024-03-08,1,1,2023-24,Portland Trail Blazers,Houston Rockets,105.25,31.125,58.75,15.375,43.125,14.125,29.0,23.75,16.0,1.5604477018079959,10.375,32.0,32.1,29.375,58.25,50.5412289383464,15.375,20.125,75.95,0.0,9.375,0.6178261250152235,4.125,22.5,0.1914814437480678,16.0,0.0,114.375,109.625,40.125,52.5,17.0,48.75,14.375,34.375,23.625,14.0,1.992742673992674,13.375,40.5,33.025,26.25,54.125,48.18308098456334,17.0,23.5,70.5875,0.0,8.375,0.7495421245421245,5.0,20.0,0.2712522425205146,14.0,0.0,119.875
92,99,2024-03-08,1,1,2023-24,Memphis Grizzlies,Atlanta Hawks,101.0,33.0,50.75,17.25,43.75,11.625,32.125,22.25,17.5,1.3463243707093822,11.0,32.75,34.0,25.375,51.875,48.660535955353666,17.25,22.625,75.8125,0.0,8.125,0.4775711619139823,6.25,17.25,0.3883409788740671,17.5,0.0,110.25,110.0,31.875,61.25,16.875,46.5,12.5,34.0,25.25,13.25,2.039928300865801,10.625,32.625,32.925,30.625,57.625,53.24953529987809,16.875,21.375,79.325,0.0,6.0,0.48393533549783546,5.125,15.75,0.33956014315921434,13.25,0.0,126.125
107,100,2024-03-08,1,1,2023-24,Oklahoma City Thunder,Miami Heat,122.375,39.75,65.5,17.125,44.75,9.375,35.375,23.625,12.75,2.0203282828282827,13.25,32.5,40.2,32.75,58.875,55.958063563883414,17.125,20.375,83.7375,0.0,9.625,0.920959595959596,7.25,17.75,0.41576253607503605,12.75,0.0,146.25,111.375,37.5,56.25,17.625,40.0,7.875,32.125,26.75,12.625,2.464350233100233,12.5,31.125,40.212500000000006,28.125,52.0,53.992590586433685,17.625,22.5,78.6875,0.0,8.25,0.7109897047397047,4.625,16.5,0.2919041629809819,12.625,0.0,131.0
95,103,2024-03-08,1,1,2023-24,Philadelphia 76ers,New Orleans Pelicans,106.75,40.125,52.0,14.625,41.625,11.25,30.375,25.125,10.875,2.543912337662338,13.375,36.25,37.1125,26.0,55.375,47.23533099533402,14.625,16.75,87.1625,0.0,7.875,0.7642857142857142,5.375,21.25,0.2615539034072821,10.875,0.0,121.5,119.75,43.875,61.0,14.875,47.25,11.5,35.75,28.5,13.375,2.286554789379867,14.625,36.25,39.7375,30.5,55.625,55.00695018458126,14.875,19.625,75.6125,0.0,8.125,0.6457162290753622,5.5,18.375,0.30268686421937196,13.375,0.0,144.25
107,117,2024-03-09,1,1,2023-24,Phoenix Suns,Boston Celtics,114.0,39.375,54.5,20.125,49.875,12.875,37.0,25.625,15.25,1.814593657439052,13.125,35.125,36.975,27.25,54.625,50.09821444814105,20.125,25.5,80.75,0.0,6.5,0.49347124914559126,6.625,17.625,0.39865242149491376,15.25,0.0,132.625,123.625,51.375,57.5,14.75,47.125,9.75,37.375,27.875,10.875,2.79669184981685,17.125,39.625,41.45,28.75,48.25,59.96291764747078,14.75,17.875,82.98750000000001,0.0,7.125,0.7016407203907203,6.75,15.75,0.44251012145748986,10.875,0.0,156.5
112,102,2024-03-09,1,1,2023-24,LA Clippers,Chicago Bulls,110.5,34.875,59.5,16.125,42.0,9.125,32.875,24.0,13.25,1.9663938492063493,11.625,32.875,35.375,29.75,53.5,55.31067742022497,16.125,19.875,81.95,0.0,7.0,0.5556795634920635,3.75,16.125,0.2504484486102133,13.25,0.0,125.25,113.375,34.875,61.0,17.5,45.25,11.625,33.625,27.625,11.75,2.539252815897553,11.625,33.5,34.1625,30.5,59.5,51.77836755276154,17.5,21.125,83.2625,0.0,7.625,0.7676566123934545,3.25,17.625,0.1845760448701625,11.75,0.0,130.875
124,142,2024-03-09,1,1,2023-24,Detroit Pistons,Dallas Mavericks,107.375,36.0,54.25,17.125,41.0,8.5,32.5,25.25,14.875,1.8680461908083392,12.0,34.0,36.0375,27.125,50.25,54.1237580961668,17.125,21.375,78.83749999999999,0.0,7.25,0.5561770195561756,5.125,19.0,0.2705244201990483,14.875,0.0,121.75,118.625,43.5,59.25,15.875,42.0,9.375,32.625,23.0,11.375,2.3586907679738562,14.5,38.25,37.9375,29.625,52.25,56.490006017132195,15.875,20.375,77.075,0.0,7.125,0.7635620915032679,5.375,16.875,0.32826269443117273,11.375,0.0,133.875
110,99,2024-03-09,1,1,2023-24,Charlotte Hornets,Brooklyn Nets,96.25,31.5,52.5,12.25,39.875,8.125,31.75,22.25,14.0,1.9804902527812742,10.5,34.625,30.6875,26.25,49.625,52.729927228041205,12.25,15.5,80.0625,0.0,7.5,0.588031163882557,4.375,15.875,0.29612432523616733,14.0,0.0,105.5,105.25,41.25,51.0,13.0,41.25,10.375,30.875,25.5,13.125,2.1198426573426574,13.75,37.375,36.3125,25.5,49.875,51.86350700759194,13.0,18.25,73.0875,0.0,7.5,0.5810564435564435,4.625,18.875,0.2519102108546768,13.125,0.0,117.75
113,126,2024-03-09,1,1,2023-24,Golden State Warriors,San Antonio Spurs,111.0,42.75,56.25,12.0,49.0,12.125,36.875,29.75,15.875,1.95960248632946,14.25,41.5,34.225,28.125,51.0,55.06586201947591,12.0,16.5,70.6,0.0,7.75,0.5194195800329701,5.5,15.625,0.39009586904323745,15.875,0.0,132.5,116.625,42.0,59.75,14.875,44.125,10.75,33.375,33.375,15.5,2.465649007028441,14.0,33.5,41.8625,29.875,56.625,52.860129604781086,14.875,18.625,79.1375,0.0,7.0,0.5191824670371581,7.5,15.875,0.4917892156862745,15.5,0.0,143.125
128,118,2024-03-09,1,1,2023-24,Portland Trail Blazers,Toronto Raptors,107.25,34.125,58.25,14.875,44.875,15.375,29.5,24.25,16.25,1.5722124076903488,11.375,32.75,34.3625,29.125,58.25,50.07826597538343,14.875,19.5,75.7,0.0,9.0,0.5879241642309098,4.125,21.625,0.20337003070458953,16.25,0.0,118.125,115.75,40.5,61.0,14.25,44.25,10.5,33.75,29.875,12.25,2.5000338203463204,13.5,38.0,36.3125,30.5,56.125,54.103722306532674,14.25,19.625,74.4375,0.0,7.0,0.575937950937951,5.0,17.125,0.31152199516170104,12.25,0.0,134.125
142,121,2024-03-09,1,1,2023-24,Denver Nuggets,Utah Jazz,117.75,33.0,70.75,14.0,47.125,9.875,37.25,31.375,12.875,2.560176282051282,11.0,31.5,34.175,35.375,58.75,59.76017418216907,14.0,17.25,80.15,0.0,8.75,0.7180689102564103,6.625,16.875,0.4345918444608965,12.875,0.0,151.625,117.5,45.0,52.5,20.0,44.75,11.625,33.125,28.125,14.625,2.002195722556597,15.0,40.0,37.574999999999996,26.25,50.875,51.484351185544135,20.0,23.125,86.375,0.0,7.25,0.48854525999456344,4.875,18.25,0.2924961342192379,14.625,0.0,135.125
104,112,2024-03-10,1,1,2023-24,Sacramento Kings,Houston Rockets,118.75,36.375,70.0,12.375,44.375,13.0,31.375,29.625,12.75,2.463305097680098,12.125,33.25,36.55,35.0,61.125,57.17220537825773,12.375,16.625,74.225,0.0,7.875,0.6572802197802197,4.25,18.75,0.24254873375000813,12.75,0.0,140.625,111.875,39.75,55.0,17.125,49.125,14.625,34.5,24.375,11.875,2.4414033882783883,13.25,40.0,33.175,27.5,56.125,48.57888757420818,17.125,23.25,71.6875,0.0,9.125,0.9325778388278388,5.625,19.625,0.31986335363162577,11.875,0.0,126.75
108,110,2024-03-10,1,1,2023-24,Miami Heat,Washington Wizards,110.25,37.5,55.25,17.5,40.0,7.5,32.5,26.375,12.375,2.4774621212121213,12.5,30.375,41.025,27.625,52.0,53.04919436001859,17.5,22.875,76.05000000000001,0.0,7.75,0.6830176767676768,5.125,16.375,0.3236137218045113,12.375,0.0,129.5,113.125,36.0,63.0,14.125,42.5,9.875,32.625,28.0,13.25,2.2774440836940837,12.0,37.125,32.0875,31.5,57.375,55.12290608700127,14.125,17.75,79.35,0.0,6.25,0.5077606421356421,4.625,17.75,0.26578830096631956,13.25,0.0,126.625
124,93,2024-03-10,1,1,2023-24,Oklahoma City Thunder,Memphis Grizzlies,119.625,37.875,64.75,17.0,44.875,9.5,35.375,24.125,12.0,2.209217171717172,12.625,32.875,38.075,32.375,58.375,55.811004740354,17.0,19.875,85.4875,0.0,9.125,0.9154040404040403,6.875,17.75,0.39232503607503605,12.0,0.0,143.5,98.375,31.875,48.0,18.5,43.5,12.0,31.5,21.125,17.125,1.313872447632459,10.625,32.75,32.5625,24.0,50.75,47.07062367465191,18.5,24.0,77.075,0.0,8.25,0.5034125080678284,7.25,17.625,0.4372718999266987,17.125,0.0,107.0
73,79,2024-03-10,1,1,2023-24,New York Knicks,Philadelphia 76ers,102.625,43.875,45.75,13.0,44.0,13.75,30.25,25.625,14.0,1.882554945054945,14.625,40.0,37.2875,22.875,46.875,48.960536309814366,13.0,17.5,74.8125,0.0,7.125,0.5120287698412699,5.75,15.5,0.3876831501831502,14.0,0.0,117.25,106.625,39.75,51.75,15.125,42.125,12.0,30.125,24.875,10.125,2.6029401154401155,13.25,37.25,35.8375,25.875,54.875,47.47151637857822,15.125,17.5,86.45,0.0,8.0,0.7990079365079366,5.875,20.75,0.29130218716014245,10.125,0.0,122.0
97,111,2024-03-10,1,1,2023-24,Orlando Magic,Indiana Pacers,104.25,31.125,57.5,15.625,43.5,9.75,33.75,21.875,17.0,1.318942278481752,10.375,28.375,36.6125,28.75,50.125,58.084091996926645,15.625,22.0,69.575,0.0,8.25,0.49549978530241684,6.0,16.75,0.38657118648894967,17.0,0.0,121.125,120.25,36.75,68.25,15.25,43.625,10.875,32.75,30.0,12.625,2.493129960317461,12.25,34.125,35.75,34.125,59.875,57.150304745940524,15.25,19.25,80.8875,0.0,7.625,0.5991815476190476,5.375,18.875,0.27545426065162903,12.625,0.0,142.625
103,116,2024-03-10,1,1,2023-24,Atlanta Hawks,New Orleans Pelicans,110.0,34.125,60.0,15.875,46.75,12.5,34.25,25.0,13.25,2.024303300865801,11.375,32.25,35.325,30.0,57.75,51.92034977951609,15.875,20.75,76.41250000000001,0.0,6.5,0.5151853354978355,5.0,15.75,0.33331014315921437,13.25,0.0,126.5,116.0,44.25,57.0,14.75,48.375,11.625,36.75,26.75,13.875,2.0329833608084384,14.75,36.125,40.262499999999996,28.5,54.5,52.48502036001986,14.75,18.875,77.6625,0.0,7.25,0.5332162290753621,6.0,18.0,0.3364170229495307,13.875,0.0,139.0
120,109,2024-03-10,1,1,2023-24,Los Angeles Lakers,Minnesota Timberwolves,119.875,40.125,66.5,13.25,40.25,6.625,33.625,28.5,12.5,2.7678079273667513,13.375,31.25,42.474999999999994,33.25,57.75,57.61210273863269,13.25,17.5,73.52499999999999,0.0,5.625,0.4751428718340483,5.25,14.25,0.3756696428571428,12.5,0.0,140.375,108.625,32.25,57.5,18.875,45.875,9.25,36.625,26.0,13.125,2.002072927072927,10.75,31.375,34.1875,28.75,55.125,52.30852005774911,18.875,23.75,80.5625,0.0,7.125,0.5572469197469198,7.5,18.125,0.442191709219573,13.125,0.0,130.125
117,124,2024-03-10,1,1,2023-24,LA Clippers,Milwaukee Bucks,111.125,34.875,59.5,16.75,42.375,8.875,33.5,24.25,13.5,1.9518849206349205,11.625,33.25,34.975,29.75,52.0,56.81619766110821,16.75,20.5,82.4875,0.0,7.125,0.5567956349206349,4.25,16.75,0.2712817819435467,13.5,0.0,128.0,112.875,45.0,50.75,17.125,45.375,8.375,37.0,24.375,11.125,2.3981751253132835,15.0,39.625,38.0,25.375,46.25,54.9220971531002,17.125,21.625,79.49999999999999,0.0,7.25,0.7144736842105263,4.25,16.375,0.29055744092508795,11.125,0.0,133.0
101,120,2024-03-10,1,1,2023-24,Cleveland Cavaliers,Brooklyn Nets,110.625,48.0,47.75,14.875,44.375,8.75,35.625,30.625,12.875,2.47767094017094,16.0,41.375,38.4,23.875,47.0,50.68298821466571,14.875,20.75,67.58749999999999,0.0,6.5,0.5527085761460762,5.875,16.25,0.3566098484848485,12.875,0.0,130.75,106.875,44.25,49.25,13.375,39.375,10.375,29.0,25.75,13.75,2.0644449300699304,14.75,38.25,38.3375,24.625,47.25,52.33905048585281,13.375,19.0,71.28750000000001,0.0,7.125,0.532760989010989,4.625,18.5,0.25506147135887847,13.75,0.0,118.25
111,117,2024-03-11,1,1,2023-24,Cleveland Cavaliers,Phoenix Suns,109.0,49.5,45.5,14.0,42.375,8.625,33.75,29.375,13.0,2.340360334110334,16.5,41.375,39.96249999999999,22.75,46.125,49.37394186885466,14.0,19.875,66.45,0.0,6.75,0.5678600912975913,5.625,16.375,0.3391466131907308,13.0,0.0,126.0,113.25,37.125,57.0,19.125,49.875,12.75,37.125,25.75,15.125,1.833343657439052,12.375,34.5,35.3875,28.5,55.75,51.261778277928286,19.125,24.5,79.1875,0.0,6.375,0.48878374914559125,6.25,16.75,0.38377146911396137,15.125,0.0,131.625
125,119,2024-03-11,1,1,2023-24,Denver Nuggets,Toronto Raptors,119.25,37.5,67.5,14.25,43.625,8.875,34.75,31.25,12.625,2.5970066391941393,12.5,31.625,38.775,33.75,56.375,59.83370359393378,14.25,17.375,81.14999999999999,0.0,8.375,0.7035599816849817,6.5,17.625,0.4054725262790783,12.625,0.0,151.5,115.375,41.25,61.0,13.125,44.0,10.75,33.25,30.5,13.375,2.408556547619048,13.75,39.5,35.3125,30.5,55.5,54.76704777823079,13.125,18.25,74.55000000000001,0.0,6.875,0.5185515873015872,5.0,17.125,0.31152199516170104,13.375,0.0,132.5
114,97,2024-03-11,1,1,2023-24,Detroit Pistons,Charlotte Hornets,108.5,36.375,53.5,18.625,42.875,10.25,32.625,25.25,15.5,1.811796190808339,12.125,34.875,35.425,26.75,50.625,53.16011676210447,18.625,22.25,83.08749999999999,0.0,7.5,0.5561770195561756,5.125,19.625,0.26594566562029376,15.5,0.0,123.5,99.5,31.5,55.5,12.5,40.125,7.625,32.5,22.875,13.75,2.0335088286326677,10.5,33.5,31.75,27.75,49.875,55.461019665016,12.5,16.0,79.0,0.0,7.0,0.5686813186813187,4.0,16.25,0.26695765856950066,13.75,0.0,111.125
102,112,2024-03-11,1,1,2023-24,San Antonio Spurs,Golden State Warriors,117.125,44.25,56.75,16.125,45.0,10.875,34.125,33.0,16.25,2.1910954355998693,14.75,34.5,42.8,28.375,54.125,52.54997194130215,16.125,20.125,79.91250000000001,0.0,6.625,0.4321288956085867,7.625,17.125,0.4737967914438503,16.25,0.0,143.625,113.0,41.625,57.75,13.625,47.25,11.625,35.625,29.5,14.625,2.0713449105718844,13.875,40.0,34.5125,28.875,52.375,55.09796033202176,13.625,18.875,69.64999999999999,0.0,8.0,0.5733968527602429,5.5,16.75,0.3682208690432375,14.625,0.0,133.75
99,121,2024-03-11,1,1,2023-24,Portland Trail Blazers,Boston Celtics,109.25,37.125,57.0,15.125,45.75,15.25,30.5,25.0,16.75,1.546454831932773,12.375,34.625,35.3625,28.5,56.625,50.37588502300248,15.125,19.125,79.025,0.0,8.875,0.5462574975642431,4.25,21.75,0.2094974816849817,16.75,0.0,122.0,121.25,48.75,57.75,14.75,46.125,10.125,36.0,27.5,11.125,2.698775183150183,16.25,38.875,40.15,28.875,49.375,58.85619827988185,14.75,18.0,82.1875,0.0,7.25,0.699557387057387,6.625,15.625,0.43609986504723347,11.125,0.0,151.25
92,127,2024-03-11,1,1,2023-24,Chicago Bulls,Dallas Mavericks,112.125,36.0,58.5,17.625,44.375,11.5,32.875,27.25,11.625,2.532041277436014,12.0,34.375,34.3375,29.25,57.625,51.22132655454407,17.625,21.5,82.1875,0.0,7.75,0.7828809713678134,3.375,17.875,0.18960700462248448,11.625,0.0,128.625,121.0,41.625,62.5,16.875,41.625,8.625,33.0,23.625,11.875,2.317619339402428,13.875,37.5,37.137499999999996,31.25,53.25,58.53308170151223,16.875,21.75,76.525,0.0,7.5,0.7546335200746965,5.75,16.5,0.3540563452248235,11.875,0.0,137.125
107,123,2024-03-12,1,1,2023-24,Utah Jazz,Boston Celtics,115.5,39.75,57.0,18.75,43.25,11.25,32.0,26.75,14.5,1.9277165558899303,13.25,37.125,35.8125,28.5,53.875,52.68755974169386,18.75,22.25,84.55000000000001,0.0,6.875,0.46875359332789673,4.75,17.375,0.29211734634045006,14.5,0.0,129.875,120.25,45.75,60.75,13.75,47.25,11.25,36.0,28.375,9.75,3.8743704212454215,15.25,38.0,38.725,30.375,52.375,58.3006427243263,13.75,16.875,81.0,0.0,6.875,0.9019383394383395,6.5,15.0,0.4637987286835971,9.75,0.0,151.625
101,103,2024-03-12,1,1,2023-24,San Antonio Spurs,Houston Rockets,115.125,43.875,56.25,15.0,45.375,10.5,34.875,32.25,16.375,2.121452578457012,14.625,34.375,42.5875,28.125,53.875,52.31136356691792,15.0,19.125,77.925,0.0,6.25,0.40177175275144383,8.0,17.25,0.4946301247771836,16.375,0.0,141.0,111.625,38.625,56.25,16.75,47.625,13.25,34.375,24.125,11.625,2.4577724358974358,12.875,38.0,34.1875,28.125,57.0,48.98608454390515,16.75,22.375,72.6875,0.0,9.125,0.9444826007326006,5.125,19.0,0.2996338850325919,11.625,0.0,126.375
129,94,2024-03-12,1,1,2023-24,Sacramento Kings,Milwaukee Bucks,115.875,33.75,68.5,13.625,44.625,13.0,31.625,29.0,13.125,2.3315743284493284,11.25,33.125,33.975,34.25,60.375,56.686094267146615,13.625,17.75,76.175,0.0,8.5,0.6909340659340659,4.125,19.75,0.21129873375000813,13.125,0.0,136.875,114.375,46.5,50.25,17.625,44.625,7.875,36.75,24.875,10.75,2.5981751253132837,15.5,39.75,39.199999999999996,25.125,46.125,54.554750214324685,17.625,21.875,80.72500000000001,0.0,6.625,0.6787593984962406,4.5,16.0,0.3127796631473102,10.75,0.0,134.75
100,118,2024-03-12,1,1,2023-24,LA Clippers,Minnesota Timberwolves,113.125,35.625,61.5,16.0,42.5,9.25,33.25,25.5,12.125,2.2078373015873014,11.875,35.125,34.012499999999996,30.75,52.625,58.04342438175598,16.0,19.625,82.71249999999999,0.0,6.625,0.5526289682539682,5.125,17.125,0.30769482542180754,12.125,0.0,132.0,109.625,33.75,57.75,18.125,44.25,9.875,34.375,26.625,13.0,2.0717844655344653,11.25,32.375,34.587500000000006,28.875,55.75,51.91423190770648,18.125,22.5,81.89999999999999,0.0,7.375,0.5828879453879454,7.125,18.625,0.4035012330290968,13.0,0.0,129.625
111,121,2024-03-12,1,1,2023-24,Oklahoma City Thunder,Indiana Pacers,116.75,38.25,63.0,15.5,43.625,9.5,34.125,24.875,11.375,2.409217171717172,12.75,33.75,37.4125,31.5,57.625,55.006238854066375,15.5,17.875,87.86250000000001,0.0,9.5,0.9737373737373738,6.5,17.25,0.3828553391053391,11.375,0.0,140.375,118.0,34.875,66.5,16.625,44.125,10.625,33.5,28.0,12.5,2.3640090811965813,11.625,33.25,34.6875,33.25,58.75,56.74192406412234,16.625,21.0,80.58749999999999,0.0,7.0,0.5579727564102563,6.0,19.625,0.29331140350877194,12.5,0.0,139.125
106,79,2024-03-12,1,1,2023-24,New York Knicks,Philadelphia 76ers,98.0,41.625,44.25,12.125,44.625,14.25,30.375,25.0,14.375,1.8289835164835164,13.875,40.75,34.5875,22.125,46.25,47.88414742092547,12.125,16.125,75.3875,0.0,6.875,0.48921130952380953,5.625,15.625,0.37463369963369964,14.375,0.0,110.75,103.5,38.625,50.25,14.625,41.625,12.625,29.0,24.875,10.75,2.519606782106782,12.875,37.375,34.4125,25.125,53.5,47.23381146054544,14.625,17.375,83.5875,0.0,8.375,0.7990079365079364,5.625,19.875,0.2910244093823647,10.75,0.0,117.625
109,97,2024-03-12,1,1,2023-24,Memphis Grizzlies,Washington Wizards,98.125,33.0,45.75,19.375,43.25,11.25,32.0,20.5,17.5,1.227934947632459,11.0,32.5,33.8625,22.875,49.375,46.20752843655667,19.375,25.375,76.8125,0.0,7.75,0.450527892683213,7.375,17.25,0.45092736211157264,17.5,0.0,105.5,113.625,38.625,60.75,14.25,42.125,8.625,33.5,29.875,13.125,2.4128607503607507,12.875,37.25,34.25,30.375,54.375,55.9075381216333,14.25,17.875,79.51249999999999,0.0,5.625,0.4713023088023088,4.875,17.875,0.27845169965913,13.125,0.0,131.0
98,110,2024-03-13,1,1,2023-24,Memphis Grizzlies,Charlotte Hornets,101.0,33.375,48.75,18.875,44.875,12.375,32.5,21.875,17.875,1.2821016142991257,11.125,33.375,33.525,24.375,50.875,47.56249665335159,18.875,24.75,76.8375,0.0,8.0,0.4560834482387686,7.75,18.0,0.45851845522898155,17.875,0.0,111.0,100.0,33.75,53.25,13.0,40.0,8.25,31.75,23.25,13.0,2.135229476405947,11.25,35.5,32.1625,26.625,49.5,53.57682848854541,13.0,16.75,78.87499999999999,0.0,6.375,0.5570416425679583,3.5,16.75,0.22008265856950068,13.0,0.0,109.25
113,104,2024-03-13,1,1,2023-24,Detroit Pistons,Toronto Raptors,109.125,34.875,54.0,20.25,44.75,10.5,34.25,24.875,15.5,1.780546190808339,11.625,36.25,32.75,27.0,49.375,55.25397198095969,20.25,23.625,85.9,0.0,7.625,0.5665936862228422,4.875,19.375,0.25717373579573233,15.5,0.0,125.375,114.875,39.75,61.25,13.875,43.375,10.75,32.625,29.625,13.375,2.335639880952381,13.25,38.375,35.0875,30.625,55.5,54.965460476643486,13.875,19.375,72.35,0.0,7.25,0.5498015873015873,4.625,16.625,0.299021995161701,13.375,0.0,130.875
114,106,2024-03-13,1,1,2023-24,Orlando Magic,Brooklyn Nets,102.375,30.0,55.75,16.625,43.5,9.75,33.75,21.0,17.0,1.2516345861740599,10.0,29.875,33.487500000000004,27.875,48.75,57.70252911536377,16.625,23.0,70.725,0.0,8.0,0.4762690160716476,5.25,18.25,0.32546007537783855,17.0,0.0,116.0,108.0,45.375,48.0,14.625,38.625,9.875,28.75,25.875,14.375,1.9394449300699304,15.125,37.375,40.3,24.0,46.75,51.60514897070129,14.625,19.75,75.4,0.0,7.375,0.5285943223443224,4.375,17.625,0.2510786282216236,14.375,0.0,119.75
120,107,2024-03-13,1,1,2023-24,Sacramento Kings,Los Angeles Lakers,116.625,34.875,68.75,13.0,45.875,12.0,33.875,29.625,13.0,2.4412965506715505,11.625,33.5,34.5375,34.375,60.125,57.19357289962525,13.0,17.0,76.1125,0.0,8.625,0.7187118437118436,4.125,21.125,0.2077730927243671,13.0,0.0,140.25,119.5,39.75,65.5,14.25,41.5,7.125,34.375,28.625,13.5,2.6711962057550296,13.25,30.875,42.6,32.75,56.625,57.83019845149411,14.25,18.875,73.2875,0.0,5.875,0.46140660809778455,5.25,13.5,0.3895585317460318,13.5,0.0,141.125
95,116,2024-03-13,1,1,2023-24,New Orleans Pelicans,Cleveland Cavaliers,114.625,43.5,55.75,15.375,48.375,11.0,37.375,26.375,13.625,2.0538166941417715,14.5,34.375,41.875,27.875,53.625,52.309830966080455,15.375,19.375,79.1125,0.0,6.25,0.47369241955155267,6.125,16.625,0.38820273723524495,13.625,0.0,138.5,107.75,47.625,45.75,14.375,41.125,8.75,32.375,28.75,12.625,2.355384372571873,15.875,42.125,37.787499999999994,22.875,45.5,50.62088189333447,14.375,20.0,67.94999999999999,0.0,7.625,0.6387735528360529,5.125,17.125,0.2974799465240642,12.625,0.0,123.25
88,100,2024-03-13,1,1,2023-24,Miami Heat,Denver Nuggets,110.5,36.375,57.25,16.875,40.625,8.25,32.375,26.375,12.125,2.503103146853147,12.125,30.875,39.2125,28.625,53.125,53.806193751375865,16.875,22.0,75.8875,0.0,8.125,0.7195561383061382,4.5,16.875,0.2670661027568922,12.125,0.0,129.625,119.0,36.375,68.75,13.875,43.25,8.875,34.375,31.0,12.125,2.731622023809524,12.125,31.125,38.162499999999994,34.375,58.125,58.894018279248456,13.875,16.875,80.83749999999999,0.0,8.375,0.7377480158730159,6.75,17.25,0.4327834506488262,12.125,0.0,150.5
129,132,2024-03-13,1,1,2023-24,Indiana Pacers,Chicago Bulls,116.5,33.0,66.75,16.75,43.75,10.375,33.375,27.5,11.75,2.5195646367521367,11.0,32.25,33.8375,33.375,59.25,56.40039400947753,16.75,21.25,80.0875,0.0,6.5,0.5690838675213675,7.25,19.0,0.4069477671451356,11.75,0.0,138.125,109.375,33.75,58.5,17.125,43.625,11.75,31.875,26.0,11.875,2.3851881305828675,11.25,33.625,32.849999999999994,29.25,57.625,51.22132655454407,17.125,21.625,79.4,0.0,7.0,0.7042096426964848,3.625,17.5,0.21044033795581782,11.875,0.0,122.5
106,102,2024-03-13,1,1,2023-24,Portland Trail Blazers,Atlanta Hawks,111.625,39.75,56.75,15.125,43.5,13.625,29.875,26.125,16.125,1.6984434682964096,13.25,34.125,38.65,28.375,56.125,50.5675718672317,15.125,18.5,82.92500000000001,0.0,7.875,0.4944109066551522,4.375,21.125,0.2350656635031635,16.125,0.0,125.375,107.75,36.0,56.75,15.0,45.125,11.5,33.625,25.125,13.5,1.967485119047619,12.0,33.125,36.099999999999994,28.375,55.0,51.410399530759875,15.0,19.375,77.175,0.0,6.625,0.5139227092352092,5.0,16.25,0.3211889310380022,13.5,0.0,124.0
109,99,2024-03-13,1,1,2023-24,Dallas Mavericks,Golden State Warriors,123.0,41.25,65.25,16.5,43.0,8.875,34.125,25.875,10.625,2.8879318394024276,13.75,38.75,35.449999999999996,32.625,52.75,61.640911371841895,16.5,21.0,77.6,0.0,7.625,0.8926543534080299,6.0,17.0,0.35971245382210854,10.625,0.0,145.25,114.125,42.0,60.25,11.875,47.625,11.5,36.125,29.625,14.25,2.1228154988071783,14.0,39.125,36.0125,30.125,54.75,55.15437554801145,11.875,16.75,68.5,0.0,8.25,0.59913214687789,5.625,16.875,0.3737033251835883,14.25,0.0,136.375
135,119,2024-03-14,1,1,2023-24,Houston Rockets,Washington Wizards,110.75,36.375,57.5,16.875,45.875,12.625,33.25,24.5,11.0,2.534695512820513,12.125,36.875,33.225,28.75,56.5,50.72887300544361,16.875,22.125,74.2125,0.0,9.625,0.9989697802197801,4.875,19.375,0.2778411218746972,11.0,0.0,126.875,112.625,38.25,60.25,14.125,40.625,8.625,32.0,29.5,13.625,2.260082972582973,12.75,36.75,34.325,30.125,53.875,55.97275551293765,14.125,17.625,79.86250000000001,0.0,6.0,0.474507437007437,5.0,17.375,0.287921396628827,13.625,0.0,128.875
127,112,2024-03-14,1,1,2023-24,Boston Celtics,Phoenix Suns,121.125,47.625,58.75,14.75,48.5,11.625,36.875,28.125,10.0,3.739449786324786,15.875,39.75,38.4625,29.375,52.0,56.562776192475944,14.75,17.75,82.8125,0.0,6.5,0.828525641025641,7.0,14.75,0.5039773001121686,10.0,0.0,151.75,114.125,39.0,57.75,17.375,47.875,11.875,36.0,25.75,15.625,1.751200800296195,13.0,34.625,37.25,28.875,54.25,53.38016770100521,17.375,22.5,78.1,0.0,6.125,0.4352123205741627,6.0,16.5,0.375438135780628,15.625,0.0,132.125
114,105,2024-03-14,1,1,2023-24,Milwaukee Bucks,Philadelphia 76ers,111.25,42.375,49.75,19.125,44.25,8.25,36.0,23.75,10.0,2.6088026556776556,14.125,40.0,35.362500000000004,24.875,46.25,53.8003205354764,19.125,24.0,79.95,0.0,6.25,0.6681318681318681,3.5,16.625,0.23051470588235295,10.0,0.0,126.875,101.125,35.625,50.75,14.75,40.375,11.875,28.5,24.0,10.5,2.4852317821067818,11.875,35.75,33.0875,25.375,53.0,48.182914506018946,14.75,18.0,80.82499999999999,0.0,7.75,0.7583829365079364,5.5,19.625,0.28755218716014247,10.5,0.0,113.5
111,126,2024-03-14,1,1,2023-24,Chicago Bulls,LA Clippers,114.0,36.75,58.75,18.5,44.75,10.75,34.0,26.0,12.625,2.156021463916201,12.25,33.5,36.449999999999996,29.375,57.0,51.94030300381944,18.5,23.375,79.15,0.0,6.375,0.5375429760298182,3.875,17.875,0.21936890938438924,12.625,0.0,128.625,112.25,36.75,59.25,16.25,41.875,9.0,32.875,25.375,12.375,2.180927579365079,12.25,35.5,34.9,29.625,51.0,57.615935204266805,16.25,20.25,81.33749999999999,0.0,6.625,0.5465525793650794,5.375,17.625,0.3176154603424425,12.375,0.0,130.5
126,119,2024-03-14,1,1,2023-24,Oklahoma City Thunder,Dallas Mavericks,115.25,37.125,63.0,15.125,43.875,9.875,34.0,24.125,11.5,2.3274864024864024,12.375,34.0,36.0625,31.5,57.625,55.006238854066375,15.125,17.875,85.3625,0.0,8.625,0.8968142968142968,6.0,16.5,0.3686507936507937,11.5,0.0,135.875,121.75,38.25,66.25,17.25,43.75,9.375,34.375,26.75,12.125,2.533520074696545,12.75,38.0,32.925000000000004,33.125,52.375,62.94968880130898,17.25,21.5,79.9625,0.0,7.0,0.6617720004668534,6.875,17.5,0.39877495382210854,12.125,0.0,145.25
93,105,2024-03-14,1,1,2023-24,Portland Trail Blazers,New York Knicks,112.875,39.75,57.5,15.625,44.625,13.25,31.375,26.125,16.125,1.6984434682964096,13.25,34.0,38.775000000000006,28.75,55.75,51.616522916182745,15.625,19.125,82.8125,0.0,7.625,0.4805220177662633,4.5,20.625,0.24482756826506827,16.125,0.0,128.375,98.5,42.0,44.75,11.75,46.125,13.5,32.625,26.375,14.25,1.9491758241758241,14.0,41.0,34.6875,22.375,45.625,49.39929893607699,11.75,16.0,73.6625,0.0,7.25,0.5187442765567766,5.75,15.625,0.38296703296703294,14.25,0.0,115.25
124,122,2024-03-15,1,1,2023-24,Utah Jazz,Atlanta Hawks,115.5,42.0,56.5,17.0,41.25,10.5,30.75,26.375,13.375,2.044163924310983,14.0,36.25,38.7875,28.25,54.75,51.25926974957409,17.0,20.25,84.8,0.0,7.0,0.49901675122263356,5.375,17.0,0.32882369554679924,13.375,0.0,130.125,106.875,36.75,55.5,14.625,44.375,12.0,32.375,23.625,14.125,1.7383184523809525,12.25,34.375,35.4125,27.75,53.5,51.59022555953204,14.625,19.5,74.48750000000001,0.0,6.75,0.4805893759018759,5.375,17.0,0.33173880316076443,14.125,0.0,120.125
106,117,2024-03-15,1,1,2023-24,San Antonio Spurs,Denver Nuggets,114.125,43.125,56.0,15.0,44.875,10.5,34.375,31.75,15.75,2.158952578457012,14.375,35.0,41.175000000000004,28.0,52.125,53.87839255242516,15.0,18.5,80.7375,0.0,6.375,0.4267717527514438,7.25,17.625,0.44499777183600714,15.75,0.0,140.375,116.625,36.375,68.0,12.25,42.75,8.25,34.5,30.375,12.125,2.6691220238095243,12.125,31.25,38.025,34.0,57.25,59.14912032006479,12.25,15.25,78.9125,0.0,7.625,0.6627480158730158,6.375,16.375,0.42076421987959545,12.125,0.0,146.25
112,104,2024-03-15,1,1,2023-24,New Orleans Pelicans,LA Clippers,114.625,42.375,55.5,16.75,47.0,9.625,37.375,26.625,13.75,2.055710633535711,14.125,33.125,41.4125,27.75,51.875,53.435309893283524,16.75,21.0,79.60000000000001,0.0,6.375,0.4784272680364012,6.0,15.875,0.39984241334860526,13.75,0.0,139.5,114.0,40.5,57.5,16.0,41.75,8.625,33.125,25.75,11.875,2.321999007936508,13.5,35.875,37.775,28.75,49.5,57.952473665805265,16.0,20.0,80.88749999999999,0.0,6.5,0.569766865079365,5.5,17.5,0.3258875191659718,11.875,0.0,134.5
95,108,2024-03-15,1,1,2023-24,Detroit Pistons,Miami Heat,109.375,33.75,55.0,20.625,46.75,10.625,36.125,25.125,16.125,1.7501317523056654,11.25,36.25,31.5,27.5,50.5,55.16600575998854,20.625,24.25,85.475,0.0,7.375,0.5401899429073342,5.0,20.125,0.24884040246239902,16.125,0.0,125.875,106.375,34.125,56.0,16.25,41.0,8.0,33.0,25.25,11.875,2.446284965034965,11.375,29.75,37.6,28.0,53.375,52.49412119710884,16.25,21.125,76.30000000000001,0.0,7.25,0.6526369463869465,4.375,17.0,0.25504687198766146,11.875,0.0,123.75
103,113,2024-03-15,1,1,2023-24,Toronto Raptors,Orlando Magic,111.625,38.625,59.0,14.0,42.375,9.625,32.75,29.25,13.25,2.3346929112554116,12.875,39.375,32.85,29.5,54.125,54.446239630410254,14.0,19.625,72.07499999999999,0.0,8.375,0.6558621933621934,4.75,17.0,0.2975514069264069,13.25,0.0,126.375,105.125,30.0,57.0,18.125,41.375,8.75,32.625,21.75,16.125,1.3867307400202136,10.0,29.125,34.3625,28.5,48.625,59.21822959845556,18.125,24.0,74.78750000000001,0.0,7.875,0.4902113237639553,4.875,18.375,0.30374954906204904,16.125,0.0,119.75
96,107,2024-03-15,1,1,2023-24,Charlotte Hornets,Phoenix Suns,103.125,34.5,56.25,12.375,39.75,8.375,31.375,23.5,13.875,2.066960245636716,11.5,35.0,33.237500000000004,28.125,50.125,56.2080586051944,12.375,16.25,77.225,0.0,7.125,0.5743493348756507,4.125,16.125,0.2840031131149552,13.875,0.0,114.375,112.75,36.75,60.0,16.0,47.875,12.5,35.375,25.125,15.5,1.725605562200957,12.25,33.5,36.375,30.0,56.125,53.62989023152685,16.0,21.375,75.0125,0.0,5.875,0.4209266062884484,5.25,16.5,0.312938135780628,15.5,0.0,128.625
109,98,2024-03-16,1,1,2023-24,Philadelphia 76ers,Charlotte Hornets,101.875,36.75,50.5,14.625,40.625,11.625,29.0,24.0,10.875,2.4275394744144743,12.25,34.875,35.0,25.25,52.0,48.90406835217279,14.625,18.25,78.28750000000001,0.0,7.75,0.7410752442002442,5.375,19.0,0.28815605189444193,10.875,0.0,115.75,102.75,32.25,57.5,13.0,40.5,8.75,31.75,23.0,12.875,2.3361910148674854,10.75,34.75,31.4125,28.75,51.875,55.59096354195491,13.0,17.125,77.1125,0.0,7.5,0.6955031810294967,4.125,15.875,0.2866072797816219,12.875,0.0,113.75
127,98,2024-03-16,1,1,2023-24,Chicago Bulls,Washington Wizards,111.375,37.875,57.25,16.25,40.0,9.0,31.0,25.875,11.875,2.2344627594627595,12.625,33.25,37.775,28.625,54.25,52.759534806129395,16.25,20.625,79.1125,0.0,6.125,0.5365308302808303,3.125,17.375,0.18167049668597657,11.875,0.0,124.0,113.5,38.25,60.25,15.0,39.5,8.125,31.375,28.875,12.75,2.3166305916305916,12.75,37.125,33.9875,30.125,53.5,56.37244203331383,15.0,18.75,79.72500000000001,0.0,6.75,0.542959817959818,4.625,18.25,0.24899595803233576,12.75,0.0,129.0
112,118,2024-03-16,1,1,2023-24,Memphis Grizzlies,Oklahoma City Thunder,100.625,35.25,47.5,17.875,44.375,12.25,32.125,22.0,19.0,1.215434947632459,11.75,33.75,34.8125,23.75,49.5,47.53769506605,17.875,23.625,76.95,0.0,8.5,0.4519167815721019,7.75,17.625,0.4630041011619959,19.0,0.0,110.75,117.0,39.375,61.75,15.875,41.25,9.375,31.875,25.25,11.25,2.4383838383838388,13.125,35.5,36.5625,30.875,55.25,56.27961087211925,15.875,18.5,86.5125,0.0,9.0,0.9346348096348096,5.875,17.75,0.33368055555555554,11.25,0.0,137.75
126,107,2024-03-16,1,1,2023-24,New Orleans Pelicans,Portland Trail Blazers,115.375,41.25,56.75,17.375,45.875,9.25,36.625,27.0,12.5,2.2801258382140737,13.75,32.375,41.175,28.375,52.5,54.02348501603311,17.375,21.75,80.05,0.0,6.75,0.556643642305407,5.375,16.375,0.3602765870180731,12.5,0.0,140.75,109.25,39.0,54.5,15.75,44.5,12.875,31.625,24.625,16.625,1.5536021984551398,13.0,34.25,37.699999999999996,27.25,54.5,50.08164667060255,15.75,19.125,83.5875,0.0,7.25,0.43389503363927917,3.75,20.5,0.20798546300191034,16.625,0.0,120.875
100,119,2024-03-16,1,1,2023-24,Utah Jazz,Minnesota Timberwolves,115.0,40.875,57.25,16.875,42.625,11.125,31.5,24.875,12.875,2.0102272727272728,13.625,36.375,37.575,28.625,54.625,52.0757680660724,16.875,20.0,85.25,0.0,6.125,0.4611208236208236,5.25,17.5,0.3116668328017012,12.875,0.0,129.125,110.125,33.375,59.25,17.5,44.5,10.875,33.625,26.375,12.625,2.117239010989011,11.125,32.625,33.9,29.625,55.625,53.24289399126016,17.5,22.125,79.8,0.0,6.75,0.5650308025308025,6.875,19.375,0.3695726616005254,12.625,0.0,129.875
121,100,2024-03-16,1,1,2023-24,Indiana Pacers,Brooklyn Nets,117.375,33.375,66.5,17.5,44.25,9.875,34.375,27.875,11.625,2.5987313034188033,11.125,32.625,33.85,33.25,58.75,56.6957324513677,17.5,21.875,81.1125,0.0,6.0,0.5246394230769231,7.375,19.75,0.4040530303030303,11.625,0.0,139.875,111.125,45.0,50.0,16.125,38.25,9.75,28.5,26.25,13.25,2.03909527972028,15.0,36.75,40.43749999999999,25.0,47.625,52.66102018282251,16.125,21.375,76.225,0.0,7.0,0.5390838328338328,4.75,17.25,0.2717125995134896,13.25,0.0,124.5
121,128,2024-03-16,1,1,2023-24,Los Angeles Lakers,Golden State Warriors,118.75,39.375,63.5,15.875,42.0,7.625,34.375,28.25,13.75,2.602743824802648,13.125,30.5,42.71249999999999,31.75,55.5,57.07921030920162,15.875,20.625,76.7,0.0,6.0,0.4599185128596893,5.0,13.25,0.37467757936507934,13.75,0.0,140.375,111.125,37.5,60.75,12.875,47.375,12.25,35.125,27.125,14.0,2.0059424337916987,12.5,36.875,34.3125,30.375,56.75,53.852292214678116,12.875,17.75,69.9375,0.0,7.875,0.5863612490450726,5.25,18.0,0.32427150700177015,14.0,0.0,129.125
117,103,2024-03-16,1,1,2023-24,Houston Rockets,Cleveland Cavaliers,115.75,37.5,60.25,18.0,46.0,12.125,33.875,24.75,11.5,2.509256916329285,12.5,35.5,35.7,30.125,56.875,52.74158486985039,18.0,22.875,76.8125,0.0,9.875,1.003355745132061,4.0,19.75,0.22192006924311822,11.5,0.0,134.25,106.875,46.875,46.75,13.25,42.0,9.125,32.875,28.875,12.625,2.3658010392385393,15.625,41.0,38.25,23.375,45.125,52.051732957164255,13.25,18.0,69.05,0.0,7.25,0.6075235528360529,4.25,16.25,0.270257724301842,12.625,0.0,124.75
91,98,2024-03-16,1,1,2023-24,Sacramento Kings,New York Knicks,117.875,37.125,67.5,13.25,46.25,11.75,34.5,29.625,12.875,2.4591536935286933,12.375,34.625,35.25,33.75,59.375,56.82725415213428,13.25,17.0,78.2,0.0,8.75,0.7335927960927962,3.75,21.0,0.1896809874612092,12.875,0.0,141.75,97.5,38.625,46.25,12.625,46.875,13.5,33.375,24.5,14.375,1.8057234432234432,12.875,39.75,32.4625,23.125,46.25,50.16377518851681,12.625,16.625,75.19999999999999,0.0,7.5,0.5300538003663003,5.375,15.875,0.35866147741147736,14.375,0.0,113.375
140,129,2024-03-17,1,1,2023-24,Milwaukee Bucks,Phoenix Suns,110.125,42.375,48.0,19.75,42.5,7.625,34.875,23.75,10.625,2.4879693223443224,14.125,39.5,35.9125,24.0,44.625,54.13337042209771,19.75,24.75,79.95,0.0,6.125,0.6306318681318681,3.625,16.25,0.24417016806722688,10.625,0.0,124.5,112.375,36.0,61.5,14.875,48.625,12.0,36.625,26.5,15.0,1.9345341336295285,12.0,33.625,35.6,30.75,55.75,55.49900326135417,14.875,19.25,76.5625,0.0,5.5,0.4048551777170198,4.875,16.375,0.29597385006634236,15.0,0.0,131.875
111,96,2024-03-17,1,1,2023-24,Orlando Magic,Toronto Raptors,105.75,31.875,56.0,17.875,41.5,8.875,32.625,22.375,15.625,1.463485125985126,10.625,29.875,35.5125,28.0,48.625,58.19782143519025,17.875,23.625,75.0875,0.0,7.0,0.4564393939393939,5.125,17.5,0.325719246031746,15.625,0.0,120.5,108.875,39.0,56.75,13.125,41.875,9.25,32.625,28.0,13.75,2.1680262445887446,13.0,39.25,33.3625,28.375,52.125,54.28159930619547,13.125,18.375,71.8625,0.0,8.375,0.62721636002886,4.875,17.375,0.30052759740259744,13.75,0.0,123.0
101,104,2024-03-17,1,1,2023-24,Detroit Pistons,Miami Heat,108.125,32.25,55.75,20.125,46.875,10.75,36.125,25.75,15.875,1.8001317523056655,10.75,36.375,30.062499999999996,27.875,51.5,54.66543367760868,20.125,23.25,87.075,0.0,7.625,0.5561621651295564,4.25,19.75,0.2118338235150306,15.875,0.0,124.375,106.625,31.5,59.25,15.875,42.25,8.375,33.875,24.5,10.375,2.624409965034965,10.5,30.75,33.45,29.625,55.0,53.85476713012319,15.875,20.5,76.575,0.0,8.0,0.8213869463869464,4.125,16.625,0.24929029304029302,10.375,0.0,124.875
122,115,2024-03-17,1,1,2023-24,San Antonio Spurs,Brooklyn Nets,114.25,41.25,56.75,16.25,45.25,11.125,34.125,31.125,15.0,2.1758963124723576,13.75,33.5,41.0375,28.375,53.5,53.116197430473946,16.25,20.0,81.3,0.0,6.0,0.4219763563320065,6.875,17.375,0.4251259769642123,15.0,0.0,139.875,108.125,40.5,49.75,17.875,38.5,10.25,28.25,24.75,14.625,1.771238136863137,13.5,34.125,39.462500000000006,24.875,48.625,51.371684518486845,17.875,23.625,76.2875,0.0,7.25,0.5117028804528805,4.625,17.5,0.26129593284682295,14.625,0.0,118.5
104,130,2024-03-17,1,1,2023-24,Washington Wizards,Boston Celtics,109.375,36.75,57.25,15.375,37.875,8.0,29.875,27.875,12.875,2.2359014249639246,12.25,36.0,33.875,28.625,52.375,54.729157039619,15.375,20.0,76.69999999999999,0.0,7.5,0.5867098179598179,4.75,18.5,0.25118894048847606,12.875,0.0,122.375,122.375,55.125,55.75,11.5,45.625,11.25,34.375,29.375,9.5,3.9394497863247864,18.375,43.25,41.87499999999999,27.875,50.375,55.44098132068107,11.5,14.5,80.4125,0.0,7.125,0.916025641025641,6.5,14.375,0.4817417231890916,9.5,0.0,151.125
93,110,2024-03-17,1,1,2023-24,LA Clippers,Atlanta Hawks,109.5,40.125,53.5,15.875,40.25,8.125,32.125,24.0,12.625,2.0275545634920635,13.375,36.0,37.25,26.75,47.25,56.78861736081993,15.875,19.25,83.225,0.0,6.625,0.5503224206349207,5.625,18.0,0.31740335627004423,12.625,0.0,126.875,106.625,39.75,52.25,14.625,42.625,11.5,31.125,24.25,13.0,1.995262896825397,13.25,35.25,37.1375,26.125,52.5,49.575842633457185,14.625,20.0,72.875,0.0,6.625,0.5222560425685425,5.0,17.125,0.3041346364940978,13.0,0.0,118.375
107,105,2024-03-17,1,1,2023-24,Dallas Mavericks,Denver Nuggets,119.625,37.125,64.75,17.75,42.5,9.25,33.25,25.875,12.5,2.4479937589070717,12.375,36.25,33.7375,32.375,52.625,61.268728252423905,17.75,22.125,79.9375,0.0,6.875,0.6465581846773798,5.875,17.5,0.34877495382210855,12.5,0.0,139.75,116.625,34.5,70.0,12.125,42.375,8.5,33.875,30.625,11.75,2.7514537545787547,11.5,30.0,37.6625,35.0,58.875,59.16826860437851,12.125,15.375,76.92499999999998,0.0,8.0,0.7096230158730159,6.25,16.75,0.4078965728207719,11.75,0.0,146.5
121,111,2024-03-18,1,1,2023-24,Sacramento Kings,Memphis Grizzlies,117.25,36.375,66.0,14.875,46.125,11.25,34.875,28.875,12.625,2.4383203601953602,12.125,34.875,34.337500000000006,33.0,57.875,56.61892081880095,14.875,18.625,80.6125,0.0,8.625,0.7350808913308914,3.75,21.75,0.17628813031835205,12.625,0.0,140.625,103.125,38.625,45.75,18.75,45.125,12.125,33.0,24.375,17.875,1.4374846370734529,12.875,36.25,35.2375,22.875,47.25,48.04752307587801,18.75,24.125,79.175,0.0,8.625,0.481808085919928,7.25,18.0,0.42918057175023117,17.875,0.0,117.5
119,94,2024-03-18,1,1,2023-24,Boston Celtics,Detroit Pistons,121.375,56.25,52.75,12.375,45.125,11.625,33.5,29.0,10.25,3.731116452991453,18.75,44.125,41.775,26.375,48.625,54.26186102391371,12.375,15.875,78.325,0.0,7.75,0.9354700854700855,6.25,14.625,0.4591927035812485,10.25,0.0,148.125,108.25,33.75,56.0,18.5,47.125,10.5,36.625,25.75,16.25,1.7167984189723322,11.25,36.375,31.45,28.0,50.75,55.62388409912615,18.5,21.5,86.1875,0.0,6.875,0.45893994290733425,4.25,19.25,0.2198429768331084,16.25,0.0,125.125
112,119,2024-03-18,1,1,2023-24,Golden State Warriors,New York Knicks,113.375,37.5,62.5,13.375,46.375,12.0,34.375,28.625,13.5,2.3890593169085816,12.5,35.625,35.4875,31.25,57.875,54.249117611503515,13.375,17.625,73.6875,0.0,7.25,0.5490235867074102,5.125,18.0,0.3176925596333491,13.5,0.0,133.25,98.25,37.5,48.5,12.25,48.625,13.125,35.5,23.5,14.75,1.6945455586080587,12.5,38.875,32.1875,24.25,47.5,51.335425562294844,12.25,15.75,76.66250000000001,0.0,7.75,0.5348614926739926,5.875,16.0,0.38098290598290596,14.75,0.0,116.125
110,107,2024-03-18,1,1,2023-24,Chicago Bulls,Portland Trail Blazers,115.125,36.75,61.25,17.125,40.875,9.625,31.25,26.875,12.25,2.249046092796093,12.25,32.875,36.85,30.625,54.5,55.864563980900165,17.125,22.25,77.225,0.0,6.75,0.5698641636141636,3.375,16.75,0.20101573478121465,12.25,0.0,131.125,109.25,39.375,55.0,14.875,42.75,12.5,30.25,24.625,16.25,1.5723521984551394,13.125,34.0,38.325,27.5,53.75,51.29423696988015,14.875,17.625,85.67500000000001,0.0,6.625,0.4091667727697139,4.0,19.25,0.2413187963352437,16.25,0.0,121.125
98,91,2024-03-18,1,1,2023-24,Philadelphia 76ers,Miami Heat,100.375,34.5,49.5,16.375,39.75,11.0,28.75,22.375,12.0,1.9442805458430459,11.5,34.5,33.5625,24.75,50.5,49.60118373678818,16.375,20.0,78.92500000000001,0.0,8.25,0.7221020299145299,5.0,19.75,0.2584245940939305,12.0,0.0,111.375,107.5,33.375,59.25,14.875,42.5,8.625,33.875,24.875,9.75,2.749409965034965,11.125,31.875,34.375,29.625,54.625,54.195897734411695,14.875,19.5,75.53750000000001,0.0,7.625,0.825553613053613,4.25,16.0,0.26420506576756575,9.75,0.0,126.625
103,108,2024-03-18,1,1,2023-24,Indiana Pacers,Cleveland Cavaliers,117.125,30.375,68.5,18.25,44.25,10.25,34.0,26.25,12.0,2.3756543803418806,10.125,31.625,31.75,34.25,60.125,56.99781578470103,18.25,22.75,80.3375,0.0,7.0,0.5871394230769231,6.75,20.0,0.3722207321663843,12.0,0.0,137.5,106.0,44.625,49.25,12.125,41.0,8.5,32.5,28.5,12.625,2.3423635392385393,14.875,40.625,36.7125,24.625,45.375,54.689719970151266,12.125,16.75,68.8375,0.0,7.125,0.5997110528360529,4.375,15.25,0.3056743909685086,12.625,0.0,123.25
136,105,2024-03-18,1,1,2023-24,Los Angeles Lakers,Atlanta Hawks,119.375,38.625,64.0,16.75,42.0,7.625,34.375,28.75,12.875,2.7968614718614724,12.875,30.25,42.262499999999996,32.0,56.5,56.372313757477485,16.75,21.625,77.1125,0.0,5.625,0.45330086580086576,4.875,13.375,0.3610557844932845,12.875,0.0,141.0,108.25,43.125,51.0,14.125,43.375,11.75,31.625,26.0,13.25,2.084548611111111,14.375,36.0,39.8125,25.5,51.5,49.325842633457185,14.125,18.875,75.4125,0.0,7.5,0.5735953282828282,4.875,18.125,0.27247879233825356,13.25,0.0,124.375
104,114,2024-03-18,1,1,2023-24,Utah Jazz,Minnesota Timberwolves,115.375,39.0,59.25,17.125,43.625,10.875,32.75,24.75,12.625,2.023248106060606,13.0,34.875,36.85,29.625,54.75,53.73616906857867,17.125,20.25,85.4375,0.0,5.25,0.41598193473193473,5.375,17.375,0.32297635661122504,12.625,0.0,131.625,111.25,35.25,59.25,16.75,45.125,11.125,34.0,26.625,12.0,2.2888659951159953,11.75,33.375,34.6875,29.625,56.625,52.15023664860281,16.75,21.25,79.57499999999999,0.0,7.25,0.640427627927628,6.0,19.0,0.3309213458110517,12.0,0.0,131.125
112,92,2024-03-19,1,1,2023-24,Orlando Magic,Charlotte Hornets,105.25,32.25,56.0,17.0,40.75,8.875,31.875,21.75,15.625,1.4218184593184593,10.75,30.625,35.175,28.0,48.875,57.85044844344036,17.0,22.25,75.375,0.0,6.75,0.4397727272727273,4.875,17.0,0.31946924603174603,15.625,0.0,117.75,100.75,30.75,57.0,13.0,41.5,9.375,32.125,22.625,14.25,1.9002535148674853,10.25,34.5,30.15,28.5,51.875,55.10076746352354,13.0,17.25,76.5375,0.0,8.25,0.6564406810294967,3.875,16.875,0.252724495898838,14.25,0.0,110.875
91,104,2024-03-19,1,1,2023-24,Brooklyn Nets,New Orleans Pelicans,108.25,37.875,53.0,17.375,38.875,10.125,28.75,24.875,14.75,1.755139652014652,12.625,34.0,36.824999999999996,26.5,50.5,52.434310273014006,17.375,23.25,75.17500000000001,0.0,8.125,0.5789377289377289,4.25,17.625,0.23991435389945454,14.75,0.0,118.375,116.75,39.375,61.25,16.125,45.25,9.25,36.0,28.625,11.875,2.5384591715474065,13.125,32.25,39.4875,30.625,55.125,55.53602135324242,16.125,20.125,80.97500000000001,0.0,7.25,0.6233103089720737,5.375,15.375,0.3785916053330914,11.875,0.0,143.75
107,113,2024-03-19,1,1,2023-24,San Antonio Spurs,Dallas Mavericks,113.0,37.5,58.75,16.75,45.875,11.375,34.5,30.0,15.75,1.9779796458056909,12.5,33.25,37.987500000000004,29.375,54.75,53.60472100367494,16.75,20.375,82.0875,0.0,6.0,0.4011430229986731,7.125,17.0,0.44865538872891814,15.75,0.0,136.5,119.25,37.125,64.25,17.875,44.75,10.75,34.0,26.125,13.0,2.3646604255737382,12.375,36.375,33.6375,32.125,53.25,60.32321543191108,17.875,22.5,79.25,0.0,7.0,0.6361415180107132,6.0,18.625,0.3368701919173467,13.0,0.0,140.375
112,115,2024-03-19,1,1,2023-24,Minnesota Timberwolves,Denver Nuggets,110.5,36.75,58.75,15.0,44.0,11.625,32.375,26.375,11.5,2.3850198412698416,12.25,34.625,34.725,29.375,56.125,52.20579220415837,15.0,18.75,80.6125,0.0,7.875,0.7269660894660895,6.5,18.125,0.3775122549019608,11.5,0.0,130.875,116.875,34.5,70.25,12.125,41.875,8.125,33.75,31.125,10.875,2.9743704212454216,11.5,29.25,38.6125,35.125,59.625,58.74862574723565,12.125,15.5,76.4125,0.0,7.625,0.7356646825396826,6.0,15.875,0.41129331195120666,10.875,0.0,147.0
114,137,2024-03-19,1,1,2023-24,Washington Wizards,Houston Rockets,108.0,36.0,56.5,15.5,38.0,8.125,29.875,27.25,13.625,2.060901424963925,12.0,36.0,33.1375,28.25,51.25,55.133986585073536,15.5,19.875,78.25,0.0,7.25,0.5476473179598179,5.0,18.875,0.2603801169590644,13.625,0.0,120.5,117.25,39.0,62.75,15.5,44.75,11.125,33.625,26.5,11.125,2.7246415317139,13.0,35.125,37.112500000000004,31.375,57.125,54.79184942011494,15.5,20.5,73.8625,0.0,10.0,1.038932668208984,4.25,18.5,0.24642097668413457,11.125,0.0,138.75
119,107,2024-03-20,1,1,2023-24,Oklahoma City Thunder,Utah Jazz,117.0,40.5,61.25,15.25,42.25,9.5,32.75,25.875,11.375,2.4715277777777778,13.5,36.0,37.225,30.625,54.5,56.66919973153569,15.25,18.375,84.10000000000001,0.0,9.125,0.9393696581196582,6.625,18.25,0.3696454678362573,11.375,0.0,140.0,115.0,38.25,61.0,15.75,44.875,11.75,33.125,24.75,13.125,1.9666870200877553,12.75,34.25,36.925,30.5,55.875,54.51322631365917,15.75,18.5,85.8875,0.0,5.0,0.38317650486768134,5.625,16.25,0.3461406922755607,13.125,0.0,132.5
89,123,2024-03-20,1,1,2023-24,Toronto Raptors,Sacramento Kings,107.75,37.5,56.75,13.5,40.625,9.25,31.375,27.0,14.25,2.0509627525252525,12.5,37.5,33.25,28.375,52.5,53.871221947704896,13.5,18.125,75.4375,0.0,8.125,0.5954703282828283,5.0,17.875,0.3035037878787879,14.25,0.0,120.5,116.875,36.375,64.0,16.5,47.875,11.375,36.5,29.0,14.0,2.1825637812479917,12.125,35.625,33.525,32.0,56.375,56.32052024587185,16.5,19.625,84.0,0.0,8.5,0.6561335229098386,4.25,21.25,0.2004260613528348,14.0,0.0,141.5
137,116,2024-03-20,1,1,2023-24,Golden State Warriors,Memphis Grizzlies,112.375,36.0,63.0,13.375,44.25,11.625,32.625,29.0,13.375,2.435762613611878,12.0,34.625,35.237500000000004,31.5,57.625,54.96136832375422,13.375,17.625,73.6875,0.0,6.875,0.5270455647293882,5.125,18.25,0.31211220249049193,13.375,0.0,131.25,104.5,37.875,48.0,18.625,45.625,12.875,32.75,24.5,16.625,1.5245382085020243,12.625,36.0,34.824999999999996,24.0,49.375,48.68705795959894,18.625,23.75,79.7,0.0,8.375,0.5197545144913566,7.0,18.75,0.40104757942286545,16.625,0.0,119.5
115,102,2024-03-20,1,1,2023-24,Phoenix Suns,Philadelphia 76ers,114.875,37.875,63.25,13.75,47.625,11.75,35.875,28.125,14.375,2.1046469155844156,12.625,34.125,37.025,31.625,55.5,57.367389504740416,13.75,17.5,77.9125,0.0,5.625,0.4278814935064935,4.75,16.25,0.2909187030075188,14.375,0.0,137.5,97.625,35.25,48.25,14.125,40.25,10.25,30.0,22.0,12.375,1.8227527680652682,11.75,34.375,34.3625,24.125,50.25,48.61578957912511,14.125,17.625,78.7,0.0,7.875,0.6561298076923077,5.875,19.375,0.3192798572518252,12.375,0.0,109.0
122,119,2024-03-20,1,1,2023-24,Boston Celtics,Milwaukee Bucks,118.75,55.125,51.0,12.625,45.375,12.625,32.75,28.375,10.625,3.525150543900544,18.375,44.125,41.0125,25.5,48.5,52.52157425240585,12.625,16.125,78.675,0.0,7.5,0.8701291763791764,6.625,13.375,0.5374090778502544,10.625,0.0,143.75,113.75,45.375,49.0,19.375,41.375,7.875,33.5,25.5,11.0,2.5575715950715954,15.125,39.75,38.1,24.5,45.375,54.38427367380386,19.375,24.0,81.825,0.0,6.375,0.6150068681318681,3.5,15.5,0.24417016806722688,11.0,0.0,129.375
104,107,2024-03-20,1,1,2023-24,Cleveland Cavaliers,Miami Heat,107.25,42.75,50.25,14.25,41.0,8.375,32.625,28.0,13.0,2.2311622405372407,14.25,39.125,36.574999999999996,25.125,46.0,55.0652044662753,14.25,19.25,73.075,0.0,7.25,0.5915941697191698,4.25,16.125,0.2766339869281046,13.0,0.0,124.0,103.125,33.0,56.75,13.375,44.375,9.0,35.375,23.625,10.875,2.2535766317016312,11.0,31.75,34.15,28.375,54.875,51.69093741695137,13.375,18.125,73.075,0.0,7.875,0.7672202797202797,3.875,15.125,0.2555512196137196,10.875,0.0,120.0
103,116,2024-03-20,1,1,2023-24,Portland Trail Blazers,LA Clippers,108.375,36.375,55.75,16.25,43.0,12.625,30.375,23.75,16.125,1.5242752753782165,12.125,32.625,36.775,27.875,54.625,51.12128099503739,16.25,19.375,86.0875,0.0,6.875,0.4318316079345491,4.25,19.0,0.2529373860788334,16.125,0.0,119.75,110.0,40.5,52.25,17.25,40.25,8.5,31.75,24.0,13.5,1.9242559523809524,13.5,36.25,37.4,26.125,45.625,56.98856576123273,17.25,20.75,83.4125,0.0,7.0,0.5312251984126984,5.625,18.125,0.313396946013634,13.5,0.0,127.625
103,122,2024-03-20,1,1,2023-24,Detroit Pistons,Indiana Pacers,108.625,34.125,56.5,18.0,49.0,10.875,38.125,25.25,16.375,1.6583048292287423,11.375,35.5,32.55,28.25,51.375,55.510247735489784,18.0,20.875,86.39999999999999,0.0,6.25,0.4020489172663086,4.375,18.75,0.2316850820962663,16.375,0.0,127.0,117.25,30.0,69.25,18.0,44.375,9.875,34.5,26.625,11.375,2.4985236985236985,10.0,32.375,30.8,34.625,58.875,58.8284537002446,18.0,22.5,79.8125,0.0,6.875,0.607736013986014,6.125,20.375,0.34022668454733673,11.375,0.0,138.75
128,115,2024-03-21,1,1,2023-24,Phoenix Suns,Atlanta Hawks,115.5,39.75,63.25,12.5,48.25,11.625,36.625,29.125,14.5,2.141702251552795,13.25,34.125,38.625,31.625,55.375,57.489938524348254,12.5,16.25,76.175,0.0,6.25,0.4545613354037267,5.375,16.625,0.3159187030075188,14.5,0.0,141.625,108.625,42.375,52.75,13.5,43.375,11.75,31.625,27.125,12.875,2.289409722222222,14.125,36.875,38.5125,26.375,52.0,50.43060926702223,13.5,17.875,76.17500000000001,0.0,8.0,0.6430397727272728,5.0,17.5,0.2908058600074265,12.875,0.0,126.5
121,106,2024-03-21,1,1,2023-24,Orlando Magic,New Orleans Pelicans,105.125,34.125,55.0,16.0,39.875,9.25,30.625,22.75,15.125,1.5076770451770451,11.375,32.0,35.7875,27.5,48.625,57.17741327192494,16.0,20.75,76.9125,0.0,7.125,0.46944444444444444,4.875,16.25,0.34759424603174605,15.125,0.0,118.125,115.5,39.0,61.5,15.0,46.25,9.75,36.5,29.0,12.375,2.4723877429759784,13.0,32.875,38.425,30.75,53.625,57.34682764297142,15.0,18.875,80.2625,0.0,7.875,0.6608103089720737,5.5,16.25,0.36981967550853,12.375,0.0,145.125
127,117,2024-03-21,1,1,2023-24,Houston Rockets,Chicago Bulls,119.625,37.875,64.75,17.0,44.5,11.0,33.5,26.25,10.375,2.9114547185270867,12.625,34.75,36.5125,32.375,56.875,56.94640782467335,17.0,21.75,75.625,0.0,9.125,1.021075525351841,5.25,17.625,0.3210421888053467,10.375,0.0,143.0,114.75,36.75,61.0,17.0,41.875,10.375,31.5,26.625,12.125,2.260157203907204,12.25,33.0,36.7125,30.5,55.5,54.66264090397709,17.0,22.125,77.125,0.0,6.75,0.5823641636141637,3.75,17.25,0.21607175719017824,12.125,0.0,130.75
115,108,2024-03-21,1,1,2023-24,Milwaukee Bucks,Brooklyn Nets,114.5,46.125,50.5,17.875,40.375,7.625,32.75,25.25,12.0,2.331381118881119,15.375,38.375,40.1,25.25,46.5,54.652130816661,17.875,21.75,83.16250000000001,0.0,5.875,0.5150068681318681,3.75,16.375,0.24639239028944912,12.0,0.0,129.625,106.875,36.75,52.75,17.375,40.0,10.375,29.625,23.875,14.875,1.6651671245421245,12.25,33.75,36.1125,26.375,51.375,51.07528078898452,17.375,22.25,77.75,0.0,7.625,0.5363553113553113,4.0,16.75,0.240875892360993,14.875,0.0,116.125
113,100,2024-03-21,1,1,2023-24,Denver Nuggets,New York Knicks,115.75,35.625,66.5,13.625,42.125,8.125,34.0,30.125,11.75,2.740546891833657,11.875,29.375,39.8125,33.25,58.125,57.08616783477774,13.625,17.375,77.14999999999999,0.0,7.625,0.7099293884220356,5.25,17.25,0.3084972593196277,11.75,0.0,143.0,100.75,38.25,50.25,12.25,47.125,12.75,34.375,24.25,14.75,1.7522378663003662,12.75,38.625,33.0625,25.125,47.25,53.14594143531072,12.25,15.25,78.4375,0.0,7.625,0.525246108058608,5.625,16.25,0.36333584715937656,14.75,0.0,119.625
109,102,2024-03-21,1,1,2023-24,Washington Wizards,Sacramento Kings,107.875,35.625,57.25,15.0,38.125,9.0,29.125,27.0,13.125,2.116962031024531,11.875,36.125,32.6875,28.625,51.625,55.497182710981534,15.0,19.5,77.3,0.0,7.25,0.5658291361416361,4.875,20.375,0.2446393762183236,13.125,0.0,120.25,118.625,36.75,65.5,16.375,48.125,11.125,37.0,29.375,13.75,2.231174892359103,12.25,36.0,33.5625,32.75,56.125,57.99290446542589,16.375,19.625,83.3,0.0,9.5,0.723841856243172,4.25,20.5,0.21321015226192572,13.75,0.0,145.75
113,97,2024-03-21,1,1,2023-24,Dallas Mavericks,Utah Jazz,118.875,34.875,66.75,17.25,44.125,9.625,34.5,27.5,12.0,2.648157157599882,11.625,35.0,32.925,33.375,55.25,60.62376187999851,17.25,21.75,79.4,0.0,7.0,0.6753572042852228,6.125,18.625,0.3438146363617911,12.0,0.0,141.875,113.375,36.75,61.5,15.125,45.5,11.625,33.875,24.25,13.75,1.8502097473604828,12.25,34.375,35.4,30.75,56.125,54.72690152733438,15.125,17.5,87.1125,0.0,5.375,0.39596059577677223,5.625,16.625,0.34165504634254634,13.75,0.0,130.5
97,99,2024-03-22,1,1,2023-24,San Antonio Spurs,Memphis Grizzlies,111.75,39.0,56.0,16.75,46.25,11.25,35.0,29.75,15.75,1.9623546458056906,13.0,35.0,37.474999999999994,28.0,53.5,52.35472100367494,16.75,20.625,81.15,0.0,6.0,0.4011430229986731,7.375,16.625,0.4791175736028677,15.75,0.0,134.0,105.75,40.125,47.5,18.125,45.0,13.0,32.0,24.875,15.75,1.6555689102564104,13.375,37.5,35.362500000000004,23.75,49.625,47.847814460780974,18.125,23.25,79.2,0.0,8.125,0.521947496947497,7.0,17.875,0.4090021248774109,15.75,0.0,119.875
101,94,2024-03-22,1,1,2023-24,Los Angeles Lakers,Philadelphia 76ers,119.625,41.25,62.0,16.375,42.375,7.25,35.125,29.875,12.625,2.997619047619048,13.75,31.875,43.12499999999999,31.0,53.5,57.72559011075384,16.375,21.125,77.325,0.0,5.625,0.4684523809523809,4.625,13.25,0.34751411782661784,12.625,0.0,144.125,97.0,35.625,48.25,13.125,40.5,10.875,29.625,23.0,12.25,1.9373361013986017,11.875,35.5,33.3875,24.125,50.75,48.168790856264316,13.125,17.5,73.69999999999999,0.0,8.625,0.7299934440559441,6.5,17.875,0.38177985725182517,12.25,0.0,108.75
111,123,2024-03-22,1,1,2023-24,Golden State Warriors,Indiana Pacers,118.5,40.5,65.5,12.5,44.5,11.75,32.75,31.375,12.125,3.027149168233727,13.5,34.375,39.1875,32.75,58.875,55.845328465187855,12.5,16.75,69.19999999999999,0.0,7.375,0.6194825395193042,5.375,18.75,0.32003075452669105,12.125,0.0,143.75,119.375,31.875,70.25,17.25,44.125,8.75,35.375,28.875,11.5,2.6555749805749804,10.625,32.25,33.0375,35.125,58.375,60.14672112020694,17.25,22.125,77.325,0.0,7.375,0.638986013986014,6.375,20.625,0.351387398833051,11.5,0.0,144.875
103,123,2024-03-22,1,1,2023-24,Toronto Raptors,Oklahoma City Thunder,105.0,36.375,55.25,13.375,38.875,9.25,29.625,26.25,15.0,1.9593434343434344,12.125,36.625,33.0125,27.625,52.0,52.89894624497097,13.375,18.125,74.73750000000001,0.0,8.5,0.5954703282828283,4.625,17.75,0.28162878787878787,15.0,0.0,114.625,117.125,40.875,59.5,16.75,42.75,9.5,33.25,26.875,11.875,2.3965277777777776,13.625,36.375,37.275,29.75,52.375,57.26583509929782,16.75,20.125,84.85,0.0,8.375,0.7310363247863249,6.5,18.375,0.35766630116959064,11.875,0.0,141.0
88,111,2024-03-22,1,1,2023-24,Miami Heat,New Orleans Pelicans,101.75,32.625,56.0,13.125,43.75,8.875,34.875,22.625,10.75,2.1754516317016317,10.875,32.375,33.0125,28.0,54.0,51.858392105682654,13.125,17.625,74.0375,0.0,7.875,0.7793730574980575,3.5,15.875,0.22340836247086246,10.75,0.0,116.75,112.625,35.625,62.25,14.75,44.5,8.75,35.75,28.875,12.625,2.4464589504063188,11.875,31.375,36.3125,31.125,54.125,57.46655944373771,14.75,18.25,81.1375,0.0,8.125,0.66700225943647,5.125,16.375,0.34735235524709207,12.625,0.0,140.625
104,91,2024-03-22,1,1,2023-24,Minnesota Timberwolves,Cleveland Cavaliers,113.5,37.875,60.75,14.875,41.875,11.125,30.75,26.5,10.5,2.6314484126984126,12.625,34.875,35.6,30.375,56.875,53.43020007248434,14.875,19.375,77.51249999999999,0.0,8.625,0.8722041847041848,6.5,18.375,0.3696997549019608,10.5,0.0,133.25,107.125,40.875,50.5,15.75,40.375,8.125,32.25,28.25,13.375,2.154773351648352,13.625,39.125,35.0875,25.25,44.125,57.69304537536621,15.75,20.625,75.925,0.0,6.25,0.47006639194139194,4.125,17.25,0.25229188166494665,13.375,0.0,123.5
102,129,2024-03-22,1,1,2023-24,Detroit Pistons,Boston Celtics,107.75,31.5,57.75,18.5,49.5,11.125,38.375,24.875,16.875,1.5545169504408636,10.5,33.125,31.687499999999996,28.875,53.875,54.299545925391335,18.5,21.875,85.0375,0.0,6.625,0.4118974021147934,4.125,18.5,0.21717615352483774,16.875,0.0,125.0,121.0,56.25,50.5,14.25,43.375,12.25,31.125,28.5,10.125,3.6416035353535356,18.75,44.375,41.7,25.25,47.25,53.17813990897151,14.25,18.25,77.5625,0.0,7.5,0.8957702020202021,6.125,14.0,0.485592838534015,10.125,0.0,144.75
117,125,2024-03-22,1,1,2023-24,Portland Trail Blazers,LA Clippers,106.25,36.75,55.0,14.5,43.75,12.75,31.0,23.0,16.125,1.480157628319393,12.25,32.625,37.1375,27.5,54.625,50.32340865461185,14.5,17.875,83.3125,0.0,6.375,0.40241984322866675,4.5,17.5,0.27525881465026203,16.125,0.0,116.875,111.25,39.375,55.0,16.875,40.75,8.875,31.875,24.5,13.25,2.003125,13.125,35.125,37.6375,27.5,47.0,58.29538394305091,16.875,19.5,86.25,0.0,7.75,0.6071180555555555,6.125,17.125,0.3628474954641834,13.25,0.0,133.0
132,91,2024-03-23,1,1,2023-24,Atlanta Hawks,Charlotte Hornets,108.5,43.125,51.25,14.125,41.5,11.625,29.875,27.25,12.25,2.393102904040404,14.375,37.375,38.7625,25.625,52.0,49.09132355273652,14.125,18.625,76.3,0.0,8.625,0.7211647727272728,4.75,18.75,0.2590332847565904,12.25,0.0,124.5,99.0,31.125,55.5,12.375,39.625,8.5,31.125,22.0,14.25,1.8634888089851327,10.375,34.75,30.325000000000003,27.75,50.0,55.619998232754305,12.375,16.375,76.88749999999999,0.0,8.25,0.6564406810294967,3.25,16.625,0.21233988051422262,14.25,0.0,107.25
147,119,2024-03-23,1,1,2023-24,Houston Rockets,Utah Jazz,121.25,40.875,62.25,18.125,44.25,10.625,33.625,26.75,11.5,2.711677932812801,13.625,36.125,37.925,31.125,54.0,57.71665430354659,18.125,22.875,77.67500000000001,0.0,8.125,0.8079058824946983,5.375,18.375,0.3150898078529657,11.5,0.0,144.125,109.625,32.25,61.75,15.625,43.875,10.875,33.0,24.25,14.375,1.7727524824032177,10.75,33.125,32.0625,30.875,55.125,55.983474369895475,15.625,18.0,87.46249999999999,0.0,5.375,0.37993495475113126,4.875,17.5,0.2876468941686333,14.375,0.0,124.625
107,109,2024-03-23,1,1,2023-24,Orlando Magic,Sacramento Kings,107.625,34.5,56.5,16.625,39.75,9.5,30.25,24.0,14.875,1.6057673229548228,11.5,32.125,36.012499999999996,28.25,50.0,56.77356711807879,16.625,21.25,78.80000000000001,0.0,7.5,0.5006944444444444,5.25,16.25,0.37103174603174605,14.875,0.0,122.25,115.125,36.375,61.5,17.25,47.0,11.25,35.75,28.0,13.875,2.120460606644817,12.125,37.0,32.25,30.75,53.75,56.953252627901705,17.25,20.5,84.075,0.0,10.0,0.7524132848146006,4.875,20.125,0.2460905870445344,13.875,0.0,140.0
112,109,2024-03-23,1,1,2023-24,Washington Wizards,Toronto Raptors,107.875,34.875,58.0,15.0,39.375,9.125,30.25,26.25,14.5,1.88085091991342,11.625,34.5,33.7375,29.0,52.375,55.41682556812439,15.0,19.875,75.9125,0.0,7.5,0.5248569139194139,4.75,20.25,0.23937621832358674,14.5,0.0,120.125,105.625,35.625,56.75,13.25,37.75,8.5,29.25,27.875,16.875,1.8980008417508418,11.875,34.875,33.9125,28.375,51.625,54.912034088804155,13.25,17.5,76.175,0.0,9.25,0.5885258838383839,4.125,18.625,0.22291666666666668,16.875,0.0,117.25
105,93,2024-03-23,1,1,2023-24,New York Knicks,Brooklyn Nets,99.875,36.375,50.5,13.0,45.125,12.0,33.125,23.75,14.5,1.768904532967033,12.125,37.625,32.375,25.25,47.375,53.26229781828944,13.0,16.125,79.25,0.0,7.375,0.5169127747252747,5.25,16.875,0.31846405228758173,14.5,0.0,116.125,106.375,37.125,52.5,16.75,40.625,11.0,29.625,24.375,14.875,1.7008814102564103,12.375,35.5,34.8,26.25,50.625,51.653984492688224,16.75,21.25,78.5375,0.0,8.0,0.5631410256410256,3.25,16.25,0.19660505902765965,14.875,0.0,115.75
111,114,2024-03-23,1,1,2023-24,Portland Trail Blazers,Denver Nuggets,107.5,35.25,58.0,14.25,42.75,12.25,30.5,23.875,15.25,1.6808929224370401,11.75,32.375,35.975,29.0,55.375,52.337297543500746,14.25,17.875,82.3125,0.0,7.125,0.5031551373463138,4.0,17.875,0.24277526201868305,15.25,0.0,119.375,116.5,32.25,69.75,14.5,41.0,8.0,33.0,30.875,11.125,2.9197135585003235,10.75,26.875,38.875,34.875,59.125,58.89978390620631,14.5,18.125,78.85,0.0,7.5,0.7224293884220355,5.0,17.125,0.29421154503391345,11.125,0.0,145.75
113,124,2024-03-23,1,1,2023-24,Chicago Bulls,Boston Celtics,114.5,34.875,61.5,18.125,42.375,11.0,31.375,25.875,12.375,2.1187430624930625,11.625,32.0,36.1,30.75,56.875,53.848282902712064,18.125,23.375,77.625,0.0,6.875,0.5760510323010323,3.625,17.75,0.19966904225805152,12.375,0.0,129.125,123.5,58.125,50.75,14.625,41.875,11.625,30.25,29.375,9.5,3.945174963924964,19.375,45.25,42.537499999999994,25.375,46.125,54.909486392676484,14.625,18.5,78.3625,0.0,7.875,0.9939844877344878,6.375,13.625,0.5064261718673484,9.5,0.0,149.0
106,131,2024-03-23,1,1,2023-24,San Antonio Spurs,Phoenix Suns,111.25,37.125,57.0,17.125,47.0,11.625,35.375,29.75,15.375,1.9919599089635855,12.375,35.25,35.612500000000004,28.5,54.25,52.56111935248815,17.125,21.5,79.6875,0.0,7.375,0.4883140756302521,7.0,18.0,0.4129943851970706,15.375,0.0,134.0,116.875,42.375,61.25,13.25,46.5,11.125,35.375,28.625,15.375,1.9475846044939715,14.125,35.0,39.824999999999996,30.625,51.75,59.243359834221174,13.25,16.875,77.0625,0.0,5.625,0.37147310010960904,5.875,16.625,0.342234492481203,15.375,0.0,142.5
118,93,2024-03-24,1,1,2023-24,Milwaukee Bucks,Oklahoma City Thunder,114.75,46.5,51.75,16.5,39.625,8.125,31.5,26.125,11.75,2.4605477855477855,15.5,38.75,40.0375,25.875,47.75,54.52713081666099,16.5,20.125,83.2875,0.0,5.5,0.49417353479853476,3.875,16.0,0.25705415499533146,11.75,0.0,129.375,119.5,39.75,63.0,16.75,43.75,9.5,34.25,27.5,12.625,2.3324652777777777,13.25,35.5,37.15,31.5,53.375,59.40869224215496,16.75,20.5,82.9875,0.0,9.0,0.7138488247863248,6.25,18.375,0.34516630116959063,12.625,0.0,145.5
121,84,2024-03-24,1,1,2023-24,Miami Heat,Cleveland Cavaliers,99.25,31.125,54.75,13.375,43.375,9.5,33.875,21.625,10.0,2.321284965034965,10.375,33.5,30.8875,27.375,53.375,51.09353196582252,13.375,17.375,76.7875,0.0,7.375,0.7689563908313909,3.75,14.5,0.266463918026418,10.0,0.0,112.25,105.875,39.75,50.0,16.125,40.25,8.125,32.125,27.625,13.0,2.1589400183150182,13.25,37.25,35.2625,25.0,45.0,56.12787443519527,16.125,20.875,76.8875,0.0,6.375,0.49089972527472525,4.25,17.0,0.2656847388078038,13.0,0.0,122.625
101,114,2024-03-24,1,1,2023-24,Detroit Pistons,New Orleans Pelicans,105.75,30.375,58.25,17.125,48.5,10.5,38.0,25.0,16.375,1.5885558520426941,10.125,33.25,30.312499999999996,29.125,53.875,54.78031515616057,17.125,20.875,81.78750000000001,0.0,6.25,0.4001697133276081,3.75,19.125,0.1948331583557556,16.375,0.0,121.25,109.125,33.375,61.0,14.75,43.75,8.125,35.625,27.25,12.875,2.2550253839727525,11.125,29.75,36.4375,30.5,52.875,57.5150842884582,14.75,18.375,80.28750000000001,0.0,7.375,0.5935756860098965,4.75,15.625,0.33368838763575603,12.875,0.0,134.75
114,110,2024-03-24,1,1,2023-24,Minnesota Timberwolves,Golden State Warriors,111.625,39.0,60.25,12.375,42.625,11.25,31.375,26.375,10.625,2.5945165945165947,13.0,34.75,37.175,30.125,57.75,52.141322452470824,12.375,16.75,74.29999999999998,0.0,8.625,0.8636814574314575,6.25,17.75,0.3703125,10.625,0.0,131.125,116.75,38.625,64.75,13.375,46.25,13.75,32.5,29.75,11.875,2.952372382519441,12.875,35.5,36.75,32.375,59.625,54.40302077288016,13.375,17.875,70.6625,0.0,6.875,0.5949289680907327,4.5,19.0,0.24503075452669107,11.875,0.0,137.875
150,145,2024-03-24,1,1,2023-24,Los Angeles Lakers,Indiana Pacers,118.0,41.25,58.25,18.5,45.25,7.875,37.375,28.5,14.375,2.5392857142857146,13.75,32.125,42.787499999999994,29.125,51.25,56.38630439646813,18.5,23.875,77.7125,0.0,5.125,0.3851190476190476,5.0,14.125,0.34664606227106226,14.375,0.0,141.625,117.625,30.75,70.5,16.375,45.0,9.125,35.875,28.625,11.75,2.546989121989122,10.25,31.875,32.475,35.25,59.5,59.28693276041858,16.375,21.125,76.8,0.0,8.0,0.6882284382284383,7.375,19.75,0.42876835121400336,11.75,0.0,144.25
107,121,2024-03-24,1,1,2023-24,LA Clippers,Philadelphia 76ers,111.625,40.125,54.5,17.0,40.625,8.75,31.875,25.375,14.25,1.9304125816993465,13.375,35.625,37.7625,27.25,46.125,58.97497396087621,17.0,19.625,86.325,0.0,8.125,0.5964971405228758,6.125,17.625,0.35164301367146633,14.25,0.0,133.875,95.125,33.75,48.0,13.375,39.875,10.375,29.5,22.375,12.0,1.9310229700854702,11.25,35.75,31.45,24.0,49.75,48.61465475709913,13.375,17.875,73.39999999999999,0.0,8.875,0.7855489996114996,6.25,18.125,0.3662519069412662,12.0,0.0,105.75
124,99,2024-03-25,1,1,2023-24,New York Knicks,Detroit Pistons,100.5,36.0,51.75,12.75,46.0,11.875,34.125,23.5,14.25,1.800154532967033,12.0,36.125,33.2125,25.875,48.625,53.33228662008115,12.75,16.25,76.41250000000001,0.0,7.625,0.5585794413919414,5.0,16.5,0.3101307189542484,14.25,0.0,118.0,102.875,29.625,55.5,17.75,47.25,9.25,38.0,24.125,16.0,1.566864675572106,9.875,33.75,29.275,27.75,50.875,55.23659698977687,17.75,21.75,81.45,0.0,5.75,0.3795814780334904,3.875,19.0,0.2006023891249864,16.0,0.0,116.875
110,92,2024-03-25,1,1,2023-24,Houston Rockets,Portland Trail Blazers,125.125,45.0,61.75,18.375,45.0,10.5,34.5,26.5,11.625,2.626608488368357,15.0,37.625,39.4125,30.875,52.875,58.38825518073957,18.375,22.5,81.0375,0.0,8.25,0.8113781047169205,5.5,19.0,0.31760812287128076,11.625,0.0,150.0,105.375,33.0,58.0,14.375,41.875,11.75,30.125,23.375,15.375,1.6334970891037068,11.0,30.875,35.4375,29.0,55.625,52.13583234203554,14.375,18.125,81.67500000000001,0.0,6.875,0.4823218040129805,4.625,18.625,0.2636085953520164,15.375,0.0,116.5
115,92,2024-03-25,1,1,2023-24,Cleveland Cavaliers,Charlotte Hornets,102.25,39.0,48.5,14.75,38.25,7.375,30.875,27.25,13.5,2.0757952219349276,13.0,36.625,35.0875,24.25,43.625,55.98252559798596,14.75,18.875,77.23750000000001,0.0,5.875,0.4456508564964447,3.625,16.5,0.23912223880780384,13.5,0.0,116.625,99.25,30.75,56.25,12.25,40.625,9.5,31.125,22.75,13.75,1.946822142318466,10.25,35.5,29.3,28.125,50.75,55.55589566865174,12.25,16.75,73.3125,0.0,7.75,0.6353880494505494,3.625,15.375,0.2613164887013571,13.75,0.0,107.875
104,102,2024-03-25,1,1,2023-24,San Antonio Spurs,Phoenix Suns,108.375,34.5,57.25,16.625,46.625,11.5,35.125,28.25,15.75,1.8107099089635854,11.5,35.25,32.9625,28.625,53.5,53.54752518803191,16.625,21.5,77.3125,0.0,7.125,0.45498074229691876,7.25,16.625,0.47132771853040395,15.75,0.0,128.375,118.25,40.875,65.25,12.125,45.25,10.75,34.5,29.75,14.625,2.1960221044939714,13.625,33.625,40.1875,32.625,54.125,60.17123098268057,12.125,15.625,76.4375,0.0,6.25,0.46209810010960906,5.75,16.875,0.33008171470342523,14.625,0.0,145.625
105,107,2024-03-25,1,1,2023-24,Chicago Bulls,Washington Wizards,113.0,32.25,63.5,17.25,41.0,10.5,30.5,26.75,11.5,2.5026716339216337,10.75,30.5,35.237500000000004,31.75,57.75,54.68499689865527,17.25,21.875,79.75,0.0,7.0,0.6474796037296037,3.375,17.25,0.19209328468229397,11.5,0.0,129.25,107.875,36.75,57.0,14.125,39.5,9.875,29.625,26.625,15.375,1.7912044552669553,12.25,34.75,35.3875,28.5,52.75,54.088852858572736,14.125,19.375,73.5875,0.0,7.75,0.5166498432123432,4.375,20.0,0.2261817738791423,15.375,0.0,118.75
116,133,2024-03-25,1,1,2023-24,LA Clippers,Indiana Pacers,111.0,39.375,54.5,17.125,39.625,8.875,30.75,25.125,14.0,1.944921510270775,13.125,34.75,37.9375,27.25,46.875,58.140094554568236,17.125,19.625,87.0125,0.0,7.5,0.5596667833800186,6.5,16.5,0.4164157409441936,14.0,0.0,132.0,121.875,33.75,72.75,15.375,45.125,9.5,35.625,30.25,11.25,2.7735042735042734,11.25,33.125,33.9125,36.375,61.375,59.36238547671637,15.375,20.25,74.6,0.0,8.125,0.7147435897435896,6.625,20.625,0.39281405013873455,11.25,0.0,149.0
108,96,2024-03-25,1,1,2023-24,Sacramento Kings,Philadelphia 76ers,112.375,38.25,56.75,17.375,46.5,10.25,36.25,27.375,13.125,2.2866693978536086,12.75,38.0,33.025,28.375,50.875,55.57027390449745,17.375,20.875,82.98750000000001,0.0,9.75,0.7826330650343809,5.125,20.625,0.25398532388663964,13.125,0.0,136.75,98.375,37.125,49.0,12.25,39.25,10.25,29.0,23.75,11.5,2.21227297008547,12.375,35.75,34.4875,24.5,50.0,49.31757743560449,12.25,16.5,73.125,0.0,8.75,0.8115906662781662,6.625,18.0,0.3896437198067633,11.5,0.0,112.125
120,118,2024-03-25,1,1,2023-24,Atlanta Hawks,Boston Celtics,111.0,46.5,50.75,13.75,41.625,12.0,29.625,28.875,12.0,2.641840277777778,15.5,38.875,40.125,25.375,51.25,49.49641614532911,13.75,17.875,77.63749999999999,0.0,8.875,0.7666193181818182,5.0,18.375,0.2816173183700358,12.0,0.0,130.0,124.375,60.375,48.75,15.25,41.625,11.5,30.125,29.25,9.5,3.9347582972582975,20.125,46.375,43.199999999999996,24.375,44.0,55.42982132090615,15.25,19.0,79.775,0.0,7.625,0.9731511544011545,6.25,13.25,0.5064261718673483,9.5,0.0,150.0
105,115,2024-03-25,1,1,2023-24,Utah Jazz,Dallas Mavericks,109.875,30.75,61.75,17.375,43.25,10.625,32.625,23.75,14.375,1.7227524824032179,10.25,31.875,31.7875,30.875,55.5,55.55666903237585,17.375,20.125,87.125,0.0,5.125,0.3549349547511312,4.5,17.125,0.2706014396231788,14.375,0.0,123.125,118.0,33.75,67.0,17.25,44.375,9.875,34.5,28.75,12.5,2.6460204054631298,11.25,34.125,32.675,33.5,55.25,60.85524336148,17.25,22.625,76.8625,0.0,7.875,0.7212973752253938,5.75,18.25,0.32995594070961715,12.5,0.0,142.25
128,103,2024-03-25,1,1,2023-24,Denver Nuggets,Memphis Grizzlies,116.375,33.75,67.75,14.875,41.5,9.375,32.125,30.625,11.875,2.721052844214609,11.25,27.25,40.6625,33.875,58.875,57.62896409223271,14.875,19.5,76.0,0.0,7.25,0.6376079598506069,5.625,16.875,0.33407222614846455,11.875,0.0,143.875,103.75,39.75,45.75,18.25,44.625,12.25,32.375,24.5,16.125,1.6055689102564101,13.25,37.125,35.3875,22.875,48.875,46.83508297929949,18.25,24.25,76.7875,0.0,9.0,0.5663919413919414,5.625,18.25,0.30448531815472185,16.125,0.0,115.5
88,96,2024-03-25,1,1,2023-24,Toronto Raptors,Brooklyn Nets,105.125,32.625,58.0,14.5,38.5,9.0,29.5,27.5,17.25,1.762584175084175,10.875,33.5,32.3875,29.0,53.0,54.71941113798449,14.5,18.875,77.1125,0.0,9.75,0.6128314393939394,4.75,18.625,0.25416666666666665,17.25,0.0,117.375,104.0,35.25,52.0,16.75,42.25,11.5,30.75,24.625,15.0,1.7032623626373626,11.75,34.625,34.025,26.0,50.5,51.224859354260765,16.75,20.875,80.35,0.0,7.125,0.4976648351648351,3.5,16.0,0.21719329432177728,15.0,0.0,115.0
96,132,2024-03-26,1,1,2023-24,Sacramento Kings,Dallas Mavericks,112.875,39.75,55.5,17.625,46.0,10.75,35.25,27.5,12.5,2.4465251670843777,13.25,38.75,33.9625,27.75,50.125,55.223051682275226,17.625,21.5,81.9375,0.0,9.25,0.7802292188805346,5.25,20.375,0.2644019905533063,12.5,0.0,136.625,118.125,32.25,69.0,16.875,44.625,9.875,34.75,29.25,12.0,2.9543537387964633,10.75,34.25,31.375,34.5,55.75,62.33350423104521,16.875,22.0,77.48750000000001,0.0,8.375,0.8462973752253938,5.875,18.375,0.33455152894491125,12.0,0.0,144.375
92,113,2024-03-26,1,1,2023-24,Miami Heat,Golden State Warriors,101.875,32.625,55.0,14.25,43.5,9.75,33.75,22.25,10.125,2.3506410256410257,10.875,34.625,31.0875,27.5,52.375,52.503385215298415,14.25,18.0,78.63749999999999,0.0,8.25,0.8361912393162393,3.125,14.625,0.227401418026418,10.125,0.0,116.5,115.25,39.75,62.5,13.0,45.375,13.0,32.375,28.75,12.125,2.82125350140056,13.25,34.75,38.3375,31.25,58.875,53.025469752472,13.0,17.625,70.0125,0.0,6.875,0.5809429541047189,4.625,18.625,0.25340396026831785,12.125,0.0,135.0
124,128,2024-03-26,1,1,2023-24,Milwaukee Bucks,Los Angeles Lakers,118.25,46.5,55.5,16.25,42.25,9.25,33.0,27.875,12.0,2.5448615110379817,15.5,38.125,40.5625,27.75,48.75,56.966785989074786,16.25,20.0,82.16250000000001,0.0,5.375,0.47897745636716227,3.875,17.375,0.22431605975723623,12.0,0.0,138.25,122.25,39.75,61.5,21.0,43.5,7.375,36.125,28.375,13.0,2.716666666666667,13.25,31.0,42.89999999999999,30.75,53.5,57.01470113559856,21.0,26.125,79.7625,0.0,4.875,0.4125,5.0,14.0,0.35081272893772897,13.0,0.0,145.375
112,119,2024-03-26,1,1,2023-24,New Orleans Pelicans,Oklahoma City Thunder,110.5,33.375,62.5,14.625,42.875,7.75,35.125,27.875,12.375,2.396096812544181,11.125,30.125,36.05,31.25,52.75,59.24380769271352,14.625,19.375,76.7875,0.0,7.5,0.6310756860098965,4.375,16.125,0.3040166704640389,12.375,0.0,135.5,115.125,40.125,60.25,14.75,43.5,9.875,33.625,27.125,11.875,2.381076388888889,13.375,38.125,34.95,30.125,52.625,57.485615319078036,14.75,18.375,82.075,0.0,8.875,0.7381543803418804,5.75,18.125,0.3182565789473684,11.875,0.0,137.625
125,99,2024-03-27,1,1,2023-24,Chicago Bulls,Indiana Pacers,113.375,31.125,64.0,18.25,42.0,10.125,31.875,26.75,11.5,2.5026716339216337,10.375,30.5,34.175,32.0,57.875,55.0526439574788,18.25,23.0,80.14999999999999,0.0,7.25,0.668312937062937,4.0,16.625,0.24378501400560224,11.5,0.0,131.125,124.625,37.125,73.5,14.0,43.625,9.75,33.875,31.25,10.625,3.0186965811965814,12.375,33.75,37.15,36.75,61.75,59.656272624051795,14.0,18.875,73.4625,0.0,8.375,0.7760416666666667,5.75,20.625,0.35114738347206786,10.625,0.0,151.75
111,118,2024-03-27,1,1,2023-24,Utah Jazz,San Antonio Spurs,107.875,32.625,58.0,17.25,44.5,10.25,34.25,24.5,14.125,1.8086499183006537,10.875,33.5,32.1,29.0,53.0,54.637551385317025,17.25,19.75,87.85,0.0,5.0,0.3542939291101056,4.625,17.125,0.2789347729565121,14.125,0.0,123.25,105.625,31.125,58.5,16.0,45.5,10.625,34.875,26.875,14.875,1.9178527661064426,10.375,35.0,29.75,29.25,54.375,53.84626732639669,16.0,20.375,78.46249999999999,0.0,7.625,0.5799807422969188,6.625,15.75,0.4455701427728282,14.875,0.0,123.25
120,106,2024-03-27,1,1,2023-24,Atlanta Hawks,Portland Trail Blazers,113.625,47.625,52.25,13.75,41.25,12.0,29.25,30.0,11.625,2.766239316239316,15.875,39.0,41.0125,26.125,51.125,51.070699704906794,13.75,18.125,76.65,0.0,8.375,0.7443837412587412,4.75,18.125,0.2712006517033691,11.625,0.0,133.875,104.5,31.875,58.0,14.625,42.625,11.875,30.75,22.25,16.125,1.4750746292106587,10.625,31.5,33.625,29.0,55.0,52.70472750838834,14.625,18.625,80.0125,0.0,7.125,0.4849956008044244,4.75,20.375,0.23679041353383457,16.125,0.0,114.25
97,104,2024-03-27,1,1,2023-24,Denver Nuggets,Phoenix Suns,114.625,32.25,67.0,15.375,43.75,10.625,33.125,30.375,12.125,2.660784987071752,10.75,27.25,39.1,33.5,59.75,55.917503645985235,15.375,19.75,77.6375,0.0,7.5,0.6443043884220355,5.25,17.0,0.3152975225911523,12.125,0.0,142.25,117.625,41.25,64.5,11.875,46.0,10.125,35.875,30.625,14.625,2.254355437827305,13.75,33.25,41.025,32.25,54.0,59.631458255407836,11.875,15.375,75.7625,0.0,6.125,0.45376476677627575,6.5,16.875,0.3836531432748538,14.625,0.0,147.5
101,145,2024-03-27,1,1,2023-24,Toronto Raptors,New York Knicks,101.375,28.5,59.25,13.625,36.875,8.875,28.0,26.75,16.0,1.868834175084175,9.5,31.5,30.05,29.625,54.25,54.584712862122416,13.625,18.0,75.9625,0.0,9.875,0.6815814393939394,4.25,18.25,0.22916666666666666,16.0,0.0,112.125,103.75,37.125,52.75,13.875,47.125,12.0,35.125,24.75,14.0,1.9117616758241758,12.375,37.75,32.3125,26.375,48.25,54.91216528539965,13.875,18.0,75.5625,0.0,7.5,0.55746336996337,4.5,17.0,0.26251167133520076,14.0,0.0,122.25
107,108,2024-03-27,1,1,2023-24,Philadelphia 76ers,LA Clippers,100.5,37.875,49.25,13.375,39.25,10.375,28.875,23.5,11.5,2.1956063034188036,12.625,36.25,34.7875,24.625,49.75,49.80716076893783,13.375,17.25,76.6125,0.0,7.875,0.753257332944833,6.5,18.875,0.3749214975845411,11.5,0.0,113.5,110.875,36.375,56.25,18.25,37.625,8.125,29.5,24.625,14.0,1.8949215102707748,12.125,31.375,37.9625,28.125,47.875,58.59556014161277,18.25,21.125,85.9875,0.0,7.625,0.5721667833800187,5.875,16.0,0.39381848693961696,14.0,0.0,130.75
124,136,2024-03-27,1,1,2023-24,Memphis Grizzlies,Los Angeles Lakers,105.125,40.125,47.25,17.75,44.875,13.125,31.75,25.0,16.625,1.587469362745098,13.375,39.375,33.7,23.625,49.125,48.12674964596616,17.75,23.875,75.9625,0.0,8.875,0.5364145658263305,5.375,17.75,0.3071168971020902,16.625,0.0,115.0,123.25,39.375,61.75,22.125,47.875,8.875,39.0,29.0,13.375,2.714040616246499,13.125,32.5,41.012499999999996,30.875,55.375,55.59569603355774,22.125,27.0,80.9875,0.0,4.875,0.40619747899159664,5.375,13.875,0.38309294871794874,13.375,0.0,148.25
106,91,2024-03-27,1,1,2023-24,Minnesota Timberwolves,Detroit Pistons,111.75,44.25,55.25,12.25,42.125,10.5,31.625,27.25,11.25,2.567527958152958,14.75,36.625,40.2375,27.625,54.125,50.860967533417266,12.25,16.625,74.1125,0.0,8.625,0.8317212301587302,6.125,17.375,0.36957720588235293,11.25,0.0,131.875,101.0,29.625,53.75,17.625,45.5,9.0,36.5,23.625,16.0,1.525198008905439,9.875,32.75,29.975,26.875,52.125,51.98533436351424,17.625,21.5,81.925,0.0,5.75,0.3795814780334904,3.875,19.375,0.196116743191972,16.0,0.0,111.75
126,132,2024-03-27,1,1,2023-24,Oklahoma City Thunder,Houston Rockets,116.625,41.25,60.5,14.875,43.5,9.625,33.875,27.125,12.25,2.2838541666666665,13.75,37.625,36.5125,30.25,52.75,57.58459721953052,14.875,18.5,82.21249999999999,0.0,8.875,0.7207932692307693,5.125,18.25,0.2778154024767802,12.25,0.0,139.0,123.5,44.25,60.25,19.0,44.75,10.375,34.375,24.75,11.875,2.3012116629715313,14.75,37.875,38.5375,30.125,52.5,57.37704660374152,19.0,22.375,83.9,0.0,7.625,0.6943146126534284,5.125,19.125,0.28896228953794745,11.875,0.0,145.0
93,101,2024-03-27,1,1,2023-24,Orlando Magic,Golden State Warriors,106.125,33.75,56.5,15.875,40.625,9.875,30.75,24.75,14.625,1.6903827075702074,11.25,33.25,33.8125,28.25,49.75,57.04800965667227,15.875,20.875,76.5125,0.0,7.625,0.5154380341880342,5.0,17.0,0.3451388888888889,14.625,0.0,121.0,115.25,40.875,63.25,11.125,45.875,12.75,33.125,29.375,12.125,2.8733368347338937,13.625,35.75,38.45,31.625,57.5,55.38698846120274,11.125,15.25,68.4625,0.0,6.5,0.5496929541047187,4.375,18.125,0.24819562693498454,12.125,0.0,137.125
118,111,2024-03-27,1,1,2023-24,Charlotte Hornets,Cleveland Cavaliers,98.25,30.75,54.75,12.75,38.75,8.625,30.125,23.25,14.375,1.854560237556561,10.25,33.75,30.6375,27.375,50.0,54.88447657050851,12.75,17.125,74.5625,0.0,7.625,0.5803285256410257,3.5,14.625,0.26688329032079033,14.375,0.0,106.5,104.0,40.125,50.0,13.875,40.25,7.875,32.375,29.25,13.75,2.1814499838396895,13.375,37.75,34.8,25.0,43.75,57.50399024445061,13.875,17.625,76.61250000000001,0.0,5.375,0.39803180887739714,3.5,16.25,0.23471047410192147,13.75,0.0,121.75
119,122,2024-03-27,1,1,2023-24,Washington Wizards,Brooklyn Nets,107.5,36.0,57.5,14.0,41.0,10.875,30.125,26.25,15.25,1.7852520743145743,12.0,36.0,33.8375,28.75,53.5,53.754031430001305,14.0,18.875,74.9125,0.0,8.125,0.546411747974248,4.375,20.375,0.22122145641882485,15.25,0.0,118.375,103.625,33.375,53.5,16.75,43.375,11.5,31.875,24.375,15.5,1.6563873626373626,11.125,34.25,32.75,26.75,49.75,53.82902602092743,16.75,21.0,79.8125,0.0,7.0,0.4851648351648351,3.75,16.25,0.23058615146463443,15.5,0.0,116.25
107,100,2024-03-28,1,1,2023-24,New Orleans Pelicans,Milwaukee Bucks,110.0,33.375,61.5,15.125,42.125,7.875,34.25,27.125,12.125,2.387763479210848,11.125,31.5,34.1625,30.75,52.75,58.20214102604686,15.125,19.5,78.575,0.0,7.375,0.6352423526765633,3.75,17.125,0.23040555935292775,12.125,0.0,131.5,118.5,46.125,56.5,15.875,44.5,10.375,34.125,29.0,12.75,2.4377186538951245,15.375,39.375,39.3625,28.25,50.75,56.005247527536326,15.875,20.0,79.95,0.0,6.125,0.5124595992243051,4.25,18.5,0.23364863894275661,12.75,0.0,139.0
123,122,2024-03-28,1,1,2023-24,Atlanta Hawks,Boston Celtics,115.75,47.25,54.0,14.5,41.25,11.5,29.75,29.375,12.375,2.6171751451163217,15.75,38.375,41.2625,27.0,51.0,53.19191182611891,14.5,19.0,77.0375,0.0,9.125,0.7644372171945701,5.375,18.375,0.30404378895827106,12.375,0.0,137.375,124.0,58.875,49.25,15.875,40.75,11.25,29.5,27.625,10.25,2.809758297258297,19.625,46.125,42.125,24.625,43.625,56.241224829678075,15.875,19.875,79.9875,0.0,7.625,0.77870670995671,6.0,13.875,0.4552898082309847,10.25,0.0,146.25
130,126,2024-03-29,1,1,2023-24,San Antonio Spurs,New York Knicks,107.625,31.875,59.25,16.5,44.375,10.125,34.25,28.5,15.625,1.9309480042016807,10.625,34.5,31.0875,29.625,54.0,54.869683768445206,16.5,21.125,78.4625,0.0,8.0,0.5835521708683473,6.25,16.5,0.4039034761061615,15.625,0.0,126.25,112.75,42.0,56.75,14.0,46.125,11.875,34.25,27.0,12.75,2.2191209831834833,14.0,38.25,35.75,28.375,49.5,57.84966528539965,14.0,18.0,76.35000000000001,0.0,7.25,0.583437395937396,4.875,17.375,0.27669234360410827,12.75,0.0,135.875
142,82,2024-03-29,1,1,2023-24,Miami Heat,Portland Trail Blazers,99.875,31.875,54.0,14.0,42.0,9.125,32.875,22.75,9.625,2.4916666666666667,10.625,34.625,30.325000000000003,27.0,52.0,51.994227205456966,14.0,17.375,79.9125,0.0,7.5,0.7913194444444444,2.625,13.5,0.21351252913752913,9.625,0.0,112.75,104.5,33.375,58.25,12.875,40.625,11.125,29.5,23.625,16.25,1.5386711204387287,11.125,31.625,35.1125,29.125,55.25,52.686921240582066,12.875,16.875,77.1,0.0,7.25,0.48901606864068164,4.375,20.0,0.2209173976608187,16.25,0.0,113.5
128,103,2024-03-29,1,1,2023-24,Oklahoma City Thunder,Phoenix Suns,116.875,38.625,61.75,16.5,43.875,10.25,33.625,25.875,13.375,2.004906798245614,12.875,36.5,35.525000000000006,30.875,54.25,57.087970532873854,16.5,20.875,79.08749999999999,0.0,8.75,0.6668459008097165,5.25,19.0,0.27260706914344685,13.375,0.0,135.875,116.0,42.75,61.75,11.5,47.125,10.125,37.0,31.375,15.0,2.262233589087809,14.25,33.375,42.4,30.875,53.75,57.20838133233091,11.5,14.375,78.575,0.0,5.5,0.4043950188771161,6.625,16.25,0.40929416891587944,15.0,0.0,146.75
117,114,2024-03-29,1,1,2023-24,Cleveland Cavaliers,Philadelphia 76ers,104.0,41.625,49.5,12.875,39.625,7.75,31.875,29.625,14.0,2.167988445378151,13.875,37.5,36.125,24.75,44.125,56.29250115587551,12.875,17.0,73.225,0.0,5.125,0.36982668067226887,3.625,16.625,0.24066285505430243,14.0,0.0,120.875,104.0,39.75,50.25,14.0,41.75,10.75,31.0,23.5,12.0,2.1070646367521366,13.25,36.25,36.6875,25.125,50.0,50.58875000037508,14.0,17.625,78.5375,0.0,7.375,0.675132332944833,7.375,19.125,0.42006038647342997,12.0,0.0,120.5
87,96,2024-03-29,1,1,2023-24,Washington Wizards,Detroit Pistons,110.25,37.125,59.0,14.125,43.0,11.0,32.0,26.25,15.375,1.7673949314574315,12.375,35.75,35.1625,29.5,54.875,53.70635789834608,14.125,19.0,75.1,0.0,7.5,0.4955875721500721,4.5,20.75,0.2241976468950153,15.375,0.0,122.5,98.25,28.875,52.25,17.125,43.375,8.875,34.5,22.125,14.75,1.5280389179963483,9.625,33.0,28.9,26.125,51.0,51.56309650285274,17.125,20.75,82.25,0.0,6.0,0.4335587507607631,3.125,18.5,0.1633786479538768,14.75,0.0,106.25
98,111,2024-03-29,1,1,2023-24,Denver Nuggets,Minnesota Timberwolves,111.125,32.25,63.5,15.375,43.25,10.375,32.875,28.875,12.0,2.535784987071752,10.75,28.625,37.9125,31.75,57.5,55.25462485810645,15.375,19.0,81.4625,0.0,7.625,0.6738182773109244,4.75,16.875,0.28233048962411933,12.0,0.0,136.375,112.0,45.375,55.25,11.375,41.5,10.75,30.75,27.625,11.0,2.6359803391053394,15.125,37.375,40.725,27.625,51.875,53.23019307689553,11.375,15.875,72.4875,0.0,9.0,0.8704117063492063,5.875,16.375,0.3666360294117647,11.0,0.0,134.0
125,108,2024-03-29,1,1,2023-24,Brooklyn Nets,Chicago Bulls,103.875,30.375,56.75,16.75,44.0,11.75,32.25,23.25,14.625,1.7563873626373625,10.125,34.0,30.1125,28.375,52.375,54.12622881813022,16.75,21.375,78.35,0.0,7.125,0.5518315018315018,4.5,16.125,0.27883982793522266,14.625,0.0,115.625,117.5,33.0,66.25,18.25,43.375,10.0,33.375,27.875,10.875,2.7574793262293262,11.0,29.625,37.15,33.125,59.875,55.20309210088469,18.25,22.5,82.03750000000001,0.0,7.375,0.7199956293706293,4.375,17.5,0.25584641751437415,10.875,0.0,140.0
97,100,2024-03-29,1,1,2023-24,Orlando Magic,LA Clippers,108.5,35.25,57.75,15.5,40.875,9.625,31.25,26.375,14.25,1.8673307595182596,11.75,34.0,34.8375,28.875,49.75,58.22725493969114,15.5,21.0,74.31250000000001,0.0,8.0,0.5665743978243978,4.375,17.125,0.28904914529914527,14.25,0.0,125.25,111.875,37.5,57.0,17.375,38.75,8.5,30.25,25.375,12.75,2.1796437324929974,12.5,32.125,38.2375,28.5,49.375,57.768840564893196,17.375,20.5,84.2375,0.0,7.75,0.6485556722689075,6.0,15.75,0.4051032091618392,12.75,0.0,133.375
100,101,2024-03-29,1,1,2023-24,Utah Jazz,Houston Rockets,108.375,31.875,58.0,18.5,44.25,9.875,34.375,24.75,15.625,1.6631953728461082,10.625,33.875,30.875,29.0,52.25,55.38986620013184,18.5,21.125,87.85,0.0,5.5,0.349748474564651,4.25,16.875,0.261573661845401,15.625,0.0,122.375,126.0,45.375,62.25,18.375,45.75,11.625,34.125,25.0,12.375,2.2569408296381983,15.125,39.625,37.725,31.125,53.25,58.412814114918866,18.375,21.875,82.95,0.0,7.875,0.6891062793200952,5.375,19.875,0.29764284509350303,12.375,0.0,147.5
97,115,2024-03-29,1,1,2023-24,Charlotte Hornets,Golden State Warriors,99.25,31.5,54.25,13.5,37.875,8.5,29.375,23.75,14.25,1.8977587669683258,10.5,34.125,30.975,27.125,49.0,55.8078691833676,13.5,18.0,75.06249999999999,0.0,7.5,0.5766520550527904,3.375,14.125,0.2639070998445998,14.25,0.0,107.5,113.875,40.125,62.25,11.5,46.75,13.0,33.75,29.125,12.0,2.8733368347338937,13.375,36.625,36.575,31.125,56.25,55.644023093237365,11.5,15.375,70.7,0.0,6.25,0.5352698771816419,4.5,18.0,0.25660205968352257,12.0,0.0,136.25
103,107,2024-03-29,1,1,2023-24,Sacramento Kings,Dallas Mavericks,108.75,37.125,53.75,17.875,44.875,11.375,33.5,26.625,13.125,2.215374373433584,12.375,37.5,32.925,26.875,51.125,52.771128605352146,17.875,21.875,81.6375,0.0,8.625,0.6810228696741856,5.75,19.0,0.3012609649122807,13.125,0.0,128.125,116.875,35.25,67.0,14.625,46.25,10.0,36.25,29.875,11.375,3.1676473895901136,11.75,34.375,33.824999999999996,33.5,55.625,60.60831205773984,14.625,19.625,75.01250000000002,0.0,8.0,0.8691148355428542,5.375,18.375,0.3067737511671335,11.375,0.0,145.25
109,90,2024-03-29,1,1,2023-24,Indiana Pacers,Los Angeles Lakers,121.875,38.625,69.0,14.25,43.25,10.75,32.5,30.125,11.125,2.7868589743589745,12.875,35.5,37.012499999999996,34.5,59.5,57.76912050815396,14.25,19.375,72.725,0.0,7.75,0.6937767094017093,5.0,22.125,0.25925015027048687,11.125,0.0,144.125,124.875,40.125,60.75,24.0,48.5,8.875,39.625,29.5,14.75,2.281228116246499,13.375,32.375,41.9375,30.375,54.375,55.70730317641489,24.0,29.0,82.4375,0.0,5.25,0.3952599789915966,5.0,14.25,0.3547212381916329,14.75,0.0,150.375
118,88,2024-03-30,1,1,2023-24,Orlando Magic,Memphis Grizzlies,108.5,35.625,58.75,14.125,39.875,9.625,30.25,26.625,14.75,1.8413126599707483,11.875,33.125,36.025,29.375,50.375,58.59837504765335,14.125,19.25,73.98750000000001,0.0,8.375,0.5727961172814114,5.0,15.125,0.3660693473193473,14.75,0.0,126.25,109.0,42.375,49.25,17.375,44.875,13.75,31.125,26.125,16.375,1.691264005602241,14.125,40.625,34.475,24.625,50.25,49.00637927559579,17.375,22.875,77.4875,0.0,9.125,0.5632002801120448,5.25,18.875,0.2877069592138915,16.375,0.0,120.375
92,104,2024-03-30,1,1,2023-24,New Orleans Pelicans,Boston Celtics,111.5,34.875,60.75,15.875,42.75,8.375,34.375,27.125,11.5,2.551453955401324,11.625,32.75,35.012499999999996,30.375,52.875,57.453309933118746,15.875,20.5,78.4,0.0,7.875,0.7587542574384679,3.625,17.875,0.20560798850272533,11.5,0.0,133.125,123.875,56.625,51.25,16.0,40.375,10.625,29.75,28.0,10.625,2.7542027417027417,18.875,44.5,41.8875,25.625,45.5,56.23621280080879,16.0,20.125,79.51249999999999,0.0,7.875,0.7821789321789322,5.75,14.0,0.4338612368024133,10.625,0.0,145.625
113,122,2024-03-30,1,1,2023-24,Atlanta Hawks,Milwaukee Bucks,118.375,47.625,57.0,13.75,43.125,12.0,31.125,30.0,11.875,2.731569084510261,15.875,39.0,41.0375,28.5,52.375,54.569462846527074,13.75,18.0,76.2,0.0,8.375,0.7295887323460852,5.25,17.625,0.3081997991884501,11.875,0.0,142.0,115.5,45.0,56.0,14.5,45.125,10.125,35.0,28.125,13.625,2.1252186538951245,15.0,39.5,38.2625,28.0,50.0,56.349338652358355,14.5,19.0,76.8,0.0,5.625,0.43210245636716227,4.0,19.75,0.2036486389427566,13.625,0.0,133.75
112,113,2024-03-31,1,1,2023-24,New York Knicks,Oklahoma City Thunder,115.25,42.0,59.5,13.75,46.0,13.0,33.0,26.0,12.625,2.1614286754911753,14.0,37.875,36.099999999999994,29.75,53.75,55.851948390422486,13.75,17.625,76.7625,0.0,8.0,0.6491425241425242,4.5,18.5,0.2485673436041083,12.625,0.0,135.375,119.0,39.375,62.75,16.875,42.375,9.5,32.875,27.0,13.125,2.1491375674763833,13.125,35.625,37.4625,31.375,53.625,58.47803844458863,16.875,20.75,82.425,0.0,9.0,0.6983144322782481,5.625,18.625,0.30866476145113914,13.125,0.0,141.25
104,116,2024-03-31,1,1,2023-24,Brooklyn Nets,Los Angeles Lakers,106.25,37.125,53.5,15.625,45.375,12.25,33.125,23.875,13.875,2.01875,12.375,36.25,33.85,26.75,51.375,51.86800831522887,15.625,20.75,75.65,0.0,7.375,0.6452380952380952,4.375,16.5,0.269569493006993,13.875,0.0,119.75,121.125,38.25,59.75,23.125,47.5,8.375,39.125,28.875,14.125,2.296109068627451,12.75,33.125,38.8125,29.875,54.0,55.20034191733498,23.125,27.625,83.3625,0.0,4.5,0.36512605042016805,4.875,14.5,0.33984028581068054,14.125,0.0,143.75
120,135,2024-03-31,1,1,2023-24,Toronto Raptors,Philadelphia 76ers,99.125,28.5,57.25,13.375,35.125,8.875,26.25,26.875,16.75,1.771611952861953,9.5,31.625,29.9,28.625,53.0,54.04562930417094,13.375,17.5,77.2,0.0,10.0,0.6676925505050506,4.25,18.375,0.22732843137254902,16.75,0.0,108.0,105.125,39.375,51.25,14.5,43.25,12.0,31.25,24.5,11.5,2.3036458333333334,13.125,36.875,35.6125,25.625,51.25,50.3572685188936,14.5,18.0,79.9125,0.0,7.375,0.7007733585858585,7.75,19.375,0.4360326086956522,11.5,0.0,123.625
127,106,2024-03-31,1,1,2023-24,Sacramento Kings,Utah Jazz,106.625,35.625,53.25,17.75,45.0,11.5,33.5,25.875,12.75,2.220244503303714,11.875,36.375,33.0,26.625,52.75,50.7986108748557,17.75,21.875,80.6,0.0,8.375,0.685081311232627,5.625,19.375,0.2937848883572568,12.75,0.0,124.0,105.375,29.625,57.25,18.5,44.5,10.0,34.5,24.625,16.625,1.5693309039816392,9.875,33.25,29.2375,28.625,51.625,55.3804179763979,18.5,21.0,88.4375,0.0,5.25,0.31586569068186715,4.5,17.125,0.2688200386569952,16.625,0.0,118.75
107,119,2024-03-31,1,1,2023-24,Washington Wizards,Miami Heat,106.25,36.0,57.25,13.0,44.875,11.25,33.625,25.375,16.0,1.6532032021341232,12.0,35.125,34.625,28.625,54.875,52.115448807436984,13.0,17.625,74.6125,0.0,6.375,0.41053118117262855,4.75,20.625,0.23881752993595096,16.0,0.0,117.625,106.625,37.875,55.0,13.75,42.25,8.875,33.375,25.625,9.625,2.811111111111111,12.625,36.875,34.075,27.5,51.25,53.63317827677132,13.75,17.375,78.525,0.0,9.0,0.9579861111111111,2.875,13.5,0.23274329836829838,9.625,0.0,125.125
107,125,2024-03-31,1,1,2023-24,Houston Rockets,Dallas Mavericks,125.75,46.5,61.0,18.25,46.875,12.5,34.375,24.75,12.0,2.292517752715121,15.5,40.875,37.6875,30.5,53.375,56.99380901287805,18.25,22.75,79.675,0.0,7.875,0.717952433166249,5.5,19.75,0.30641477491806435,12.0,0.0,146.0,114.375,36.0,62.5,15.875,45.375,9.5,35.875,28.75,11.875,2.780147389590114,12.0,33.625,35.224999999999994,31.25,54.0,57.88395308338086,15.875,21.875,73.35000000000001,0.0,7.25,0.7107815022095207,5.375,17.75,0.32515610410831,11.875,0.0,138.875
118,130,2024-03-31,1,1,2023-24,Charlotte Hornets,LA Clippers,99.25,31.125,54.5,13.625,38.0,8.875,29.125,23.25,14.0,1.8995070187165775,10.375,34.875,30.175,27.25,47.75,57.57596128863076,13.625,18.125,75.2125,0.0,7.125,0.5547989081996434,3.375,13.375,0.27328209984459984,14.0,0.0,107.5,108.625,33.0,58.25,17.375,39.5,9.25,30.25,23.75,13.625,1.9193496148459384,11.0,30.125,36.15,29.125,52.0,55.781135646860406,17.375,20.25,85.72500000000001,0.0,8.0,0.6169380252100841,6.25,15.875,0.41888997386772153,13.625,0.0,127.625
113,117,2024-03-31,1,1,2023-24,San Antonio Spurs,Golden State Warriors,111.25,33.75,59.25,18.25,44.875,9.875,35.0,29.0,15.625,1.9642813375350139,11.25,35.0,32.2625,29.625,53.5,55.59432144960463,18.25,23.375,77.9125,0.0,7.25,0.5335521708683473,5.875,16.0,0.3882784761061615,15.625,0.0,129.875,115.875,40.875,64.5,10.5,47.75,12.5,35.25,31.125,11.5,3.070169413919414,13.625,37.125,36.8625,32.25,55.375,58.28930818095667,10.5,14.125,71.2875,0.0,6.0,0.5364010989010989,4.75,17.875,0.27074679652562783,11.5,0.0,143.75
101,109,2024-03-31,1,1,2023-24,Minnesota Timberwolves,Chicago Bulls,112.25,42.75,56.25,13.25,41.625,10.125,31.5,27.75,10.625,2.743619227994228,14.25,35.125,40.3875,28.125,51.25,54.98317687911207,13.25,18.875,70.69999999999999,0.0,8.75,0.8704117063492064,6.0,16.625,0.36871936274509803,10.625,0.0,136.125,114.5,32.625,64.0,17.875,42.875,9.75,33.125,28.125,11.0,2.75908189033189,10.875,29.875,36.4375,32.0,57.5,55.836772656440246,17.875,22.125,81.7875,0.0,7.0,0.6863417832167832,4.5,17.125,0.26775117941913607,11.0,0.0,137.25
130,101,2024-03-31,1,1,2023-24,Denver Nuggets,Cleveland Cavaliers,110.875,31.125,63.0,16.75,43.875,11.125,32.75,29.5,12.375,2.5146311409179063,10.375,28.0,37.325,31.5,58.875,53.48166567443298,16.75,20.75,82.07499999999999,0.0,7.875,0.6815105850032321,4.625,18.25,0.2683080537266834,12.375,0.0,135.375,104.125,40.125,50.0,14.0,38.5,7.375,31.125,29.125,14.25,2.0757265406162464,13.375,36.5,35.975,25.0,43.875,57.16720564760128,14.0,18.25,75.46249999999999,0.0,5.125,0.363874299719888,3.5,16.5,0.23494390080593644,14.25,0.0,119.875
101,113,2024-04-01,1,1,2023-24,Chicago Bulls,Atlanta Hawks,114.25,33.0,64.0,17.25,43.75,9.375,34.375,28.375,11.375,2.724226121101121,11.0,29.125,38.050000000000004,32.0,57.5,55.836772656440246,17.25,21.625,79.9625,0.0,7.875,0.7338177447552447,4.625,17.625,0.27072736989532653,11.375,0.0,139.5,117.25,45.375,58.75,13.125,42.875,11.75,31.125,29.0,12.125,2.559851912793089,15.125,38.5,39.625,29.375,52.875,55.75698353504081,13.125,16.875,77.35,0.0,8.125,0.6891846919420449,5.0,18.875,0.283560376111527,12.125,0.0,139.5
104,118,2024-04-01,1,1,2023-24,Charlotte Hornets,Boston Celtics,100.25,34.875,52.0,13.375,37.5,8.75,28.75,24.0,12.625,2.181451463161022,11.625,36.875,31.1875,26.0,46.5,56.44371491181917,13.375,17.875,74.51249999999999,0.0,6.0,0.5214655748663102,2.75,15.125,0.20373664529914529,12.625,0.0,107.625,121.0,52.875,51.75,16.375,42.625,10.875,31.75,27.5,11.0,2.626318126318126,17.625,42.875,40.7,25.875,46.25,55.85159741619341,16.375,20.25,81.8875,0.0,7.25,0.6994866244866245,6.0,14.0,0.4530920060331825,11.0,0.0,143.875
133,111,2024-04-01,1,1,2023-24,Indiana Pacers,Brooklyn Nets,119.375,37.125,69.25,13.0,43.125,10.375,32.75,29.75,11.25,2.707692307692308,12.375,33.75,37.1625,34.625,60.0,57.4737820662638,13.0,17.625,74.075,0.0,8.25,0.7382211538461538,5.0,20.75,0.28282157884191544,11.25,0.0,142.875,106.75,37.875,54.5,14.375,44.5,11.875,32.625,24.0,12.875,2.0942994505494505,12.625,37.625,33.0125,27.25,51.875,52.36594787566843,14.375,19.25,75.1875,0.0,7.875,0.713003663003663,4.375,16.375,0.27079498320307144,12.875,0.0,120.125
111,124,2024-04-01,1,1,2023-24,New Orleans Pelicans,Phoenix Suns,109.0,34.875,58.75,15.375,42.875,8.5,34.375,26.375,11.5,2.4681206220679903,11.625,32.75,35.0125,29.375,52.75,55.62921491049431,15.375,20.25,76.6625,0.0,8.0,0.7726431463273569,3.75,16.75,0.2249532265979634,11.5,0.0,129.125,114.875,43.5,59.25,12.125,45.625,9.375,36.25,31.25,15.0,2.2533050176592373,14.5,34.625,41.925000000000004,29.625,51.0,57.65595166481173,12.125,15.0,79.825,0.0,5.75,0.42225216173425895,7.0,16.625,0.4280441689158795,15.0,0.0,145.125
104,103,2024-04-01,1,1,2023-24,Orlando Magic,Portland Trail Blazers,109.0,38.625,56.25,14.125,41.0,9.5,31.5,26.5,15.25,1.7683488590657708,12.875,34.625,36.8,28.125,49.0,57.2585057666076,14.125,18.875,75.25,0.0,8.625,0.5739273390008685,5.25,14.625,0.39106934731934734,15.25,0.0,127.75,103.125,31.125,60.0,12.0,40.375,10.75,29.625,23.75,17.0,1.510893342660951,10.375,31.25,33.0375,30.0,56.0,53.628613707042334,12.0,16.25,74.1125,0.0,6.5,0.44040495752957054,4.375,20.0,0.22091739766081872,17.0,0.0,110.0
108,110,2024-04-01,1,1,2023-24,Detroit Pistons,Memphis Grizzlies,98.375,27.375,53.5,17.5,43.25,8.75,34.5,21.125,14.125,1.523231225688656,9.125,31.25,28.7375,26.75,53.375,50.459417573086846,17.5,21.375,81.4125,0.0,6.5,0.48537499007700247,3.5,18.75,0.182475870176099,14.125,0.0,106.0,106.375,43.875,45.5,17.0,43.875,13.25,30.625,25.875,16.5,1.6682376898127673,14.625,41.0,35.612500000000004,22.75,48.875,46.78916616084169,17.0,22.375,77.6625,0.0,9.5,0.5800131456091209,5.25,18.875,0.2877069592138915,16.5,0.0,116.5
109,105,2024-04-02,1,1,2023-24,Philadelphia 76ers,Oklahoma City Thunder,108.375,43.5,51.75,13.125,43.0,11.875,31.125,24.875,11.5,2.3270833333333334,14.5,37.125,38.625,25.875,51.25,50.9822685188936,13.125,16.875,78.075,0.0,7.0,0.6773358585858585,8.5,18.625,0.48782289002557544,11.5,0.0,128.5,117.375,38.25,63.25,15.875,43.5,9.625,33.875,27.125,13.125,2.158752952091768,12.75,35.0,37.112500000000004,31.625,53.75,58.83818915380848,15.875,20.875,77.8,0.0,8.5,0.6598528938167096,5.75,18.5,0.31568468898737106,13.125,0.0,139.75
110,105,2024-04-02,1,1,2023-24,Denver Nuggets,San Antonio Spurs,112.5,35.25,60.5,16.75,45.25,11.625,33.625,29.375,12.875,2.4235677925016166,11.75,29.0,40.275,30.25,57.625,52.577441137395944,16.75,20.875,81.35,0.0,7.125,0.6079811732385263,4.5,18.125,0.26337384320036766,12.875,0.0,137.125,112.125,36.0,58.5,17.625,45.0,10.375,34.625,30.0,15.875,1.9991110588972432,12.0,36.75,32.4625,29.25,52.75,55.59432144960463,17.625,22.25,79.30000000000001,0.0,7.375,0.5354871553884711,6.0,15.875,0.40190027097795644,15.875,0.0,131.75
109,99,2024-04-02,1,1,2023-24,Miami Heat,New York Knicks,108.0,40.5,52.5,15.0,42.0,8.5,33.5,25.5,10.375,2.6481646825396825,13.5,37.125,36.362500000000004,26.25,49.75,52.960663656888286,15.0,18.375,80.375,0.0,8.625,0.8374503968253968,3.125,13.875,0.2384998773156668,10.375,0.0,126.375,116.125,44.625,57.75,13.75,45.5,13.0,32.5,27.0,12.125,2.300822614885115,14.875,39.625,37.287499999999994,28.875,52.625,55.33294768669272,13.75,18.625,74.15,0.0,7.625,0.6483849483849484,4.75,18.625,0.261359741264927,12.125,0.0,135.5
117,113,2024-04-02,1,1,2023-24,Washington Wizards,Milwaukee Bucks,107.375,35.25,58.75,13.375,46.125,11.0,35.125,25.375,16.0,1.6532032021341232,11.75,35.875,33.162499999999994,29.375,54.625,53.83660265359083,13.375,17.5,76.75,0.0,5.625,0.36365618117262855,4.0,20.75,0.2028326814511025,16.0,0.0,119.0,119.0,45.375,59.0,14.625,44.625,9.625,35.0,28.625,13.5,2.1853148077412783,15.125,38.125,39.599999999999994,29.5,50.875,58.41329214073045,14.625,19.0,77.1625,0.0,6.125,0.47617296918767504,4.375,19.75,0.2244819722760899,13.5,0.0,140.5
104,100,2024-04-02,1,1,2023-24,Golden State Warriors,Dallas Mavericks,114.5,41.625,62.5,10.375,47.25,12.25,35.0,30.625,12.625,2.6572229853479854,13.875,37.75,36.8375,31.25,54.125,57.787660981196254,10.375,13.875,71.8625,0.0,7.5,0.6000171703296704,4.625,17.25,0.2712167213376579,12.625,0.0,141.625,116.375,42.75,59.0,14.625,46.0,9.625,36.375,28.0,11.5,2.773844868581711,14.25,36.125,38.8375,29.5,52.875,55.769328577452,14.625,20.625,70.4375,0.0,7.375,0.7291638551506973,4.75,17.875,0.2824171335200747,11.5,0.0,139.75
109,95,2024-04-02,1,1,2023-24,Sacramento Kings,LA Clippers,111.125,39.375,54.5,17.25,45.25,11.75,33.5,27.375,13.125,2.2744111699703806,13.125,36.75,35.875,27.25,52.25,52.69255026879509,17.25,21.5,79.73750000000001,0.0,8.5,0.6788313112326271,5.75,19.75,0.2951435840094307,13.125,0.0,132.0,111.875,33.75,59.25,18.875,40.0,9.5,30.5,25.0,13.0,2.1193496148459383,11.25,29.625,37.6375,29.625,52.25,56.559297702196375,18.875,22.125,84.9125,0.0,7.75,0.616938025210084,5.875,15.75,0.39912894445595687,13.0,0.0,133.25
113,106,2024-04-02,1,1,2023-24,Minnesota Timberwolves,Houston Rockets,110.125,42.375,54.0,13.75,40.25,8.75,31.5,28.0,11.0,2.698164682539683,14.125,35.625,39.550000000000004,27.0,49.125,55.276582244238746,13.75,19.75,70.1125,0.0,8.875,0.8525545634920635,5.875,15.375,0.39371936274509806,11.0,0.0,132.5,122.25,46.875,57.75,17.625,46.375,13.0,33.375,24.5,11.125,2.3637896825396827,15.625,42.125,36.6,28.875,52.75,54.74961566698979,17.625,22.125,79.2625,0.0,8.125,0.7656498015873016,5.75,19.125,0.32662154183535763,11.125,0.0,141.0
113,129,2024-04-02,1,1,2023-24,Utah Jazz,Cleveland Cavaliers,106.125,33.375,53.75,19.0,42.25,10.125,32.125,24.5,16.125,1.618810070648306,11.125,35.125,31.225,26.875,49.75,53.72001697389164,19.0,21.875,87.55,0.0,5.5,0.3471156906818672,4.375,17.625,0.2519549592919158,16.125,0.0,116.875,103.875,38.625,51.25,14.0,36.375,7.25,29.125,29.625,14.125,2.120518207282913,12.875,34.875,36.025,25.625,45.5,56.64388028874961,14.0,18.375,74.96249999999999,0.0,5.625,0.4003326330532213,3.125,16.5,0.2036939008059364,14.125,0.0,118.25
111,128,2024-04-02,1,1,2023-24,Toronto Raptors,Los Angeles Lakers,101.125,29.25,58.25,13.625,34.25,9.375,24.875,26.75,16.875,1.7308922558922557,9.75,30.875,31.3625,29.125,53.375,54.528085444521814,13.625,17.625,78.025,0.0,9.625,0.6241319444444444,3.5,17.625,0.19518557422969185,16.875,0.0,109.0,122.25,38.625,60.5,23.125,49.0,8.25,40.75,28.75,14.875,2.2228947829131656,12.875,34.125,38.025000000000006,30.25,52.875,57.80022440852182,23.125,27.625,83.3625,0.0,4.5,0.3436974789915966,5.375,14.875,0.36900695247734727,14.875,0.0,146.625
133,85,2024-04-03,1,1,2023-24,Minnesota Timberwolves,Toronto Raptors,109.375,39.375,55.25,14.75,39.625,8.625,31.0,27.75,12.125,2.468998015873016,13.125,33.75,39.050000000000004,27.625,49.0,56.61990803609395,14.75,20.625,71.475,0.0,9.375,0.8247767857142857,5.75,15.5,0.383609068627451,12.125,0.0,131.875,102.125,27.75,60.5,13.875,34.25,8.875,25.375,26.875,17.0,1.7272157853040204,9.25,30.625,30.125000000000004,30.25,54.625,55.381948826380714,13.875,17.75,78.82500000000002,0.0,9.625,0.6190767973856209,3.75,17.0,0.21382592510688486,17.0,0.0,110.0
121,113,2024-04-03,1,1,2023-24,Atlanta Hawks,Detroit Pistons,117.625,46.125,58.25,13.25,42.875,11.5,31.375,28.625,12.0,2.551518579459756,15.375,39.25,39.3125,29.125,51.875,56.30460258265986,13.25,17.625,74.225,0.0,7.375,0.6443930252753782,4.75,18.75,0.2735495536007045,12.0,0.0,138.25,99.25,26.25,54.75,18.25,42.875,9.0,33.875,20.875,14.375,1.4696597971172274,8.75,30.25,28.7875,27.375,53.875,51.18428198693749,18.25,22.375,81.25,0.0,6.875,0.5062083234103358,3.75,18.375,0.20673573859715164,14.375,0.0,107.125
101,111,2024-04-03,1,1,2023-24,Milwaukee Bucks,Memphis Grizzlies,118.875,43.5,61.75,13.625,47.125,11.125,36.0,28.875,13.125,2.2665648077412786,14.5,39.625,36.9125,30.875,53.25,58.15445375689207,13.625,18.25,75.0875,0.0,6.375,0.5095063025210084,4.625,20.125,0.23288533362062774,13.125,0.0,140.625,107.875,42.0,47.75,18.125,43.625,13.125,30.5,26.375,15.125,1.8124684590435365,14.0,40.125,34.775000000000006,23.875,50.5,47.48361060528614,18.125,23.875,76.625,0.0,9.375,0.6232823763783516,5.75,18.75,0.31731222237178625,15.125,0.0,119.375
135,100,2024-04-03,1,1,2023-24,Boston Celtics,Oklahoma City Thunder,119.5,51.0,53.0,15.5,43.625,10.75,32.875,27.25,10.5,2.6944999444999445,17.0,43.25,39.175000000000004,26.5,46.125,57.76601183060782,15.5,19.25,81.63749999999999,0.0,6.5,0.6585775335775337,5.625,13.75,0.433974358974359,10.5,0.0,142.375,115.75,38.625,61.0,16.125,43.25,10.125,33.125,27.75,13.5,2.148336285425101,12.875,35.5,36.9875,30.5,53.25,57.15549684611617,16.125,21.0,78.5,0.0,8.875,0.6702695604833762,5.875,18.375,0.32555311004000265,13.5,0.0,137.75
122,101,2024-04-03,1,1,2023-24,Phoenix Suns,Cleveland Cavaliers,117.0,46.125,58.25,12.625,44.625,10.125,34.5,31.0,15.5,2.124733589087809,15.375,35.75,43.099999999999994,29.125,49.875,58.07049248113826,12.625,15.625,79.825,0.0,6.25,0.44725216173425897,7.375,16.75,0.44500845463016514,15.5,0.0,146.625,106.5,40.125,52.25,14.125,36.625,7.25,29.375,31.0,14.25,2.1961134453781512,13.375,35.75,36.4625,26.125,45.25,58.025220868459755,14.125,17.875,76.975,0.0,5.875,0.41223739495798317,3.375,16.0,0.2294875515995872,14.25,0.0,123.875
115,111,2024-04-03,1,1,2023-24,Brooklyn Nets,Indiana Pacers,106.25,38.625,52.5,15.125,43.875,12.0,31.875,22.875,13.25,1.9588827838827838,12.875,37.0,34.6,26.25,50.625,51.85220970896328,15.125,20.375,75.125,0.0,6.625,0.6025869963369964,4.25,16.25,0.2658607726767556,13.25,0.0,116.875,120.875,39.75,68.25,12.875,42.75,10.0,32.75,31.5,10.875,2.9432692307692307,13.25,33.875,39.9,34.125,59.625,57.08489317737491,12.875,17.75,72.65,0.0,7.375,0.6882211538461538,5.625,20.5,0.3146538769785614,10.875,0.0,146.25
108,117,2024-04-03,1,1,2023-24,New Orleans Pelicans,Orlando Magic,107.125,34.125,56.75,16.25,42.625,8.75,33.875,25.5,11.375,2.4208983998457683,11.375,32.0,35.175,28.375,52.5,54.26202741049431,16.25,22.0,73.75,0.0,8.25,0.8115320352162457,3.25,17.25,0.18422924469751092,11.375,0.0,124.875,107.875,37.5,56.0,14.375,41.5,9.875,31.625,26.625,15.375,1.7631405257324375,12.5,34.75,35.45,28.0,48.375,57.72812543265584,14.375,19.5,74.175,0.0,8.25,0.5468440056675351,5.5,14.875,0.40185366104483755,15.375,0.0,126.625
120,125,2024-04-03,1,1,2023-24,Washington Wizards,Los Angeles Lakers,109.0,34.875,60.5,13.625,46.625,10.375,36.25,25.625,15.375,1.7611577475886686,11.625,36.375,32.45,30.25,54.625,55.427511744499924,13.625,17.875,76.3375,0.0,6.375,0.4424914084453558,3.625,20.75,0.1840826814511025,15.375,0.0,122.5,123.125,40.875,60.25,22.0,50.0,8.875,41.125,29.5,15.5,2.139561449579832,13.625,35.0,39.1,30.125,53.125,57.34045429357929,22.0,26.875,79.2,0.0,4.875,0.3561974789915966,5.875,15.375,0.38936894342757344,15.5,0.0,148.625
86,89,2024-04-03,1,1,2023-24,Charlotte Hornets,Portland Trail Blazers,101.25,37.5,51.75,12.0,36.5,8.25,28.25,25.0,12.875,2.181451463161022,12.5,36.875,33.55,25.875,46.125,56.56554727049363,12.0,15.875,75.475,0.0,5.625,0.42503700343773876,2.625,15.0,0.19696581196581198,12.875,0.0,109.625,102.625,30.75,59.75,12.125,41.375,10.875,30.5,24.375,15.875,1.6853251608427693,10.25,31.0,32.925000000000004,29.875,57.0,52.41974032718192,12.125,16.625,72.65,0.0,7.25,0.5239276848022978,3.875,20.75,0.18044120718462822,15.875,0.0,111.25
109,95,2024-04-04,1,1,2023-24,Dallas Mavericks,Atlanta Hawks,114.0,43.875,57.25,12.875,46.25,9.375,36.875,28.25,11.0,2.834371184371184,14.625,37.5,38.349999999999994,28.625,52.125,54.8463230115893,12.875,18.75,68.28750000000001,0.0,7.625,0.7563568376068376,5.375,17.125,0.3324171335200747,11.0,0.0,138.25,119.625,47.625,59.0,13.0,43.625,10.75,32.875,29.125,12.875,2.3883241350153117,15.875,38.875,40.8375,29.5,51.25,57.72160663124286,13.0,17.625,72.5625,0.0,7.5,0.6035944141642671,5.125,18.625,0.30582977338092426,12.875,0.0,142.75
102,100,2024-04-04,1,1,2023-24,LA Clippers,Denver Nuggets,112.125,33.75,60.0,18.375,39.75,9.375,30.375,25.125,13.0,2.1271621148459383,11.25,28.5,38.9,30.0,53.625,56.06923325536501,18.375,21.875,83.88749999999999,0.0,7.25,0.585688025210084,5.375,16.75,0.3570044023314147,13.0,0.0,132.25,113.125,34.875,62.25,16.0,47.125,12.25,34.875,29.625,12.875,2.4548177925016166,11.625,29.75,38.962500000000006,31.125,58.625,53.2470839945388,16.0,20.125,80.71249999999999,0.0,6.875,0.5767311732385262,5.0,18.0,0.299832176533701,12.875,0.0,139.125
110,133,2024-04-04,1,1,2023-24,Houston Rockets,Golden State Warriors,120.875,46.5,56.5,17.875,45.0,13.125,31.875,23.875,11.75,2.205456349206349,15.5,42.875,35.787499999999994,28.25,51.25,55.27721306958719,17.875,22.375,79.85,0.0,8.25,0.7364831349206349,4.875,19.625,0.2805689102564103,11.75,0.0,136.25,113.5,42.0,62.0,9.5,48.875,12.125,36.75,30.625,13.125,2.5916121256194784,14.0,37.25,37.8375,31.0,54.875,56.6603400262891,9.5,12.5,74.6375,0.0,7.75,0.5988859486102134,4.5,17.5,0.2599319991154357,13.125,0.0,142.0
105,109,2024-04-04,1,1,2023-24,Miami Heat,Philadelphia 76ers,108.625,42.375,50.25,16.0,41.0,8.0,33.0,25.5,11.375,2.514831349206349,14.125,37.5,37.6625,25.125,47.5,53.07640439762903,16.0,19.0,82.89999999999999,0.0,8.375,0.7846726190476191,3.375,14.625,0.24518436929427642,11.375,0.0,126.75,109.75,43.875,51.25,14.625,42.5,12.125,30.375,25.375,12.25,2.275,14.625,36.375,39.949999999999996,25.625,51.125,50.58898620596843,14.625,18.5,78.1125,0.0,7.125,0.6599747474747475,7.5,19.125,0.41907289002557546,12.25,0.0,128.875
120,109,2024-04-04,1,1,2023-24,New York Knicks,Sacramento Kings,116.25,45.0,57.0,14.25,42.75,12.625,30.125,27.75,11.875,2.3755994005994006,15.0,39.0,38.175,28.5,52.0,55.26329216490954,14.25,19.25,74.11250000000001,0.0,8.0,0.6840992340992341,3.875,18.125,0.22249419504643964,11.875,0.0,134.25,109.625,39.75,53.5,16.375,44.875,12.375,32.5,27.25,12.0,2.439542748917749,13.25,37.625,35.525,26.75,51.125,52.87475365862559,16.375,20.625,79.07500000000002,0.0,8.875,0.7577786796536797,5.25,18.875,0.28681025067609733,12.0,0.0,130.875
108,90,2024-04-05,1,1,2023-24,Memphis Grizzlies,Detroit Pistons,107.75,37.875,52.75,17.125,45.875,13.875,32.0,25.25,14.5,1.85611925269433,12.625,37.5,33.462500000000006,26.375,54.375,48.233809333426045,17.125,22.75,75.8375,0.0,9.125,0.630226820822796,6.25,17.75,0.37564555570511954,14.5,0.0,121.25,101.625,26.625,56.25,18.75,42.125,9.0,33.125,21.25,14.0,1.5677367201941506,8.875,30.375,29.075,28.125,55.0,51.49323085057386,18.75,23.125,80.53750000000001,0.0,7.875,0.6235160157180282,3.75,18.125,0.2105818924433055,14.0,0.0,109.875
131,102,2024-04-05,1,1,2023-24,LA Clippers,Utah Jazz,110.375,31.5,58.75,20.125,40.5,9.25,31.25,24.25,12.375,2.2179359243697476,10.5,28.75,36.3125,29.375,53.875,54.717558614216685,20.125,24.0,83.6,0.0,6.625,0.6080094537815126,4.75,17.625,0.30219671002372245,12.375,0.0,127.5,107.25,34.125,53.75,19.375,40.5,9.25,31.25,24.625,16.5,1.597486541236541,11.375,35.75,31.15,26.875,49.25,54.22081825594292,19.375,22.375,87.25,0.0,5.625,0.3467480436230436,4.375,18.75,0.2401542599912165,16.5,0.0,116.125
111,117,2024-04-05,1,1,2023-24,Milwaukee Bucks,Toronto Raptors,114.0,41.25,60.0,12.75,48.25,11.5,36.75,27.75,13.125,2.164292080468551,13.75,40.0,34.7125,30.0,53.0,56.6884900129039,12.75,18.0,69.875,0.0,5.625,0.4413244843391902,5.625,20.375,0.30133771457300873,13.125,0.0,133.625,100.75,27.375,59.75,13.625,35.625,8.75,26.875,26.375,17.375,1.6805888011770365,9.125,30.5,29.8125,29.875,55.5,53.95899285153796,13.625,17.625,77.875,0.0,9.25,0.5942752100840336,4.125,16.625,0.2429925917735515,17.375,0.0,107.75
126,112,2024-04-05,1,1,2023-24,Indiana Pacers,Oklahoma City Thunder,121.875,40.125,69.0,12.75,42.75,10.625,32.125,31.375,10.625,3.000087412587413,13.375,33.875,40.225,34.5,61.125,56.22495123252731,12.75,17.125,75.0625,0.0,7.375,0.7084231740481741,6.375,20.125,0.35260030554999,10.625,0.0,147.625,113.375,36.75,60.25,16.375,41.5,9.5,32.0,26.75,14.0,1.9733362854251013,12.25,34.25,35.9125,30.125,53.625,56.09555532564834,16.375,20.875,79.75,0.0,8.625,0.6166981319119477,5.625,17.75,0.32768379185818447,14.0,0.0,131.875
109,111,2024-04-05,1,1,2023-24,New Orleans Pelicans,San Antonio Spurs,107.625,34.875,54.75,18.0,41.0,8.25,32.75,24.5,11.375,2.349469828417197,11.625,31.375,36.675,27.375,52.25,52.481740827776115,18.0,23.875,74.85000000000001,0.0,8.5,0.8293891780733885,2.75,18.125,0.156142200163098,11.375,0.0,122.5,110.0,37.5,56.5,16.0,46.125,10.625,35.5,30.375,14.625,2.3064027255639097,12.5,37.625,33.1125,28.25,52.625,54.07726698106946,16.0,21.375,74.13749999999999,0.0,7.125,0.5563204887218045,6.25,16.125,0.40731822763430314,14.625,0.0,130.375
101,100,2024-04-05,1,1,2023-24,Boston Celtics,Sacramento Kings,121.5,49.125,56.0,16.375,42.75,10.25,32.5,27.625,10.5,2.7285908535908536,16.375,42.125,38.875,28.0,46.875,59.99218239916969,16.375,20.0,82.9,0.0,6.375,0.6472138972138972,5.875,14.875,0.39230769230769236,10.5,0.0,145.375,107.875,42.0,50.5,15.375,42.625,11.25,31.375,26.5,12.0,2.3926677489177486,14.0,37.875,37.137499999999996,25.25,50.0,51.20236943907157,15.375,19.875,75.95,0.0,7.875,0.6952786796536797,4.875,19.75,0.2562395985021843,12.0,0.0,124.625
102,108,2024-04-05,1,1,2023-24,Washington Wizards,Portland Trail Blazers,109.75,36.0,60.5,13.25,46.0,9.0,37.0,25.875,16.25,1.6689860304169515,12.0,36.75,33.0,30.25,53.375,56.59492786348989,13.25,17.0,78.5,0.0,7.0,0.4506984791524265,3.875,20.125,0.19755069491911595,16.25,0.0,124.625,100.375,30.375,59.25,10.75,42.875,11.0,31.875,24.125,16.25,1.6318395839196922,10.125,30.75,32.7125,29.625,57.875,51.350088585888386,10.75,15.0,71.4875,0.0,6.875,0.48786999249460555,3.5,20.125,0.16755743525480365,16.25,0.0,108.375
108,100,2024-04-05,1,1,2023-24,Chicago Bulls,New York Knicks,111.0,32.625,61.25,17.125,43.75,9.875,33.875,26.375,10.5,2.714851121101121,10.875,29.625,37.0125,30.625,58.125,53.11695149399613,17.125,21.0,81.325,0.0,7.75,0.7838177447552447,4.375,17.75,0.2541832522482677,10.5,0.0,132.625,116.375,44.25,57.5,14.625,42.125,12.0,30.125,28.375,11.875,2.423676323676324,14.75,37.875,38.8125,28.75,51.75,56.01115541277278,14.625,20.375,72.11250000000001,0.0,8.375,0.712945387945388,4.0,18.5,0.22764125386996906,11.875,0.0,135.5
108,106,2024-04-05,1,1,2023-24,Dallas Mavericks,Golden State Warriors,114.25,47.25,54.0,13.0,45.375,8.0,37.375,28.0,11.25,2.7837759462759464,15.75,39.25,39.724999999999994,27.0,49.625,54.05572472099101,13.0,18.25,70.975,0.0,7.875,0.7667735042735042,5.625,16.625,0.354125816993464,11.25,0.0,138.5,113.0,41.25,59.75,12.0,48.25,12.0,36.25,28.875,14.875,1.9963740303813833,13.75,36.75,37.825,29.875,52.875,57.0018700809339,12.0,14.875,81.47500000000001,0.0,7.75,0.5274573771816419,4.125,18.25,0.234036858450474,14.875,0.0,138.25
124,115,2024-04-05,1,1,2023-24,Charlotte Hornets,Orlando Magic,99.75,35.625,51.75,12.375,36.0,7.0,29.0,25.125,12.25,2.267388963161022,11.875,36.875,31.525,25.875,45.625,57.12875127549989,12.375,16.375,75.4125,0.0,5.5,0.45273586707410235,3.125,14.25,0.23982295482295482,12.25,0.0,108.5,108.625,38.25,55.0,15.375,41.5,9.5,32.0,27.25,15.125,1.8394225770144887,12.75,34.25,36.7,27.5,48.25,56.856526793200054,15.375,20.75,74.5875,0.0,8.5,0.5750491338726633,5.25,15.375,0.3831036610448375,15.125,0.0,128.375
97,87,2024-04-05,1,1,2023-24,Phoenix Suns,Minnesota Timberwolves,116.125,47.625,55.5,13.0,45.125,10.25,34.875,30.5,15.75,2.0533050176592376,15.875,35.75,44.6125,27.75,49.875,55.52419618484197,13.0,15.875,80.75,0.0,6.75,0.47068966173425897,7.0,16.875,0.4206518369831063,15.75,0.0,144.875,111.75,40.875,55.5,15.375,41.5,8.25,33.25,29.0,12.125,2.6078869047619047,13.625,34.0,39.987500000000004,27.75,49.375,56.45953067760338,15.375,21.875,69.5875,0.0,9.875,0.8803323412698412,5.75,15.125,0.40235906862745097,12.125,0.0,137.25
104,119,2024-04-05,1,1,2023-24,Houston Rockets,Miami Heat,117.5,46.125,54.0,17.375,42.75,13.125,29.625,23.625,12.375,1.9986111111111111,15.375,43.0,35.375,27.0,50.5,53.62587527694505,17.375,21.625,80.275,0.0,8.875,0.743923611111111,3.625,20.125,0.19548119095816466,12.375,0.0,128.625,110.375,42.75,51.0,16.625,41.25,8.625,32.625,25.625,11.625,2.4996352707749767,14.25,38.75,36.8875,25.5,46.875,54.315024845808296,16.625,19.25,85.8,0.0,8.375,0.776829481792717,3.5,14.25,0.2663382154481226,11.625,0.0,129.0
142,110,2024-04-06,1,1,2023-24,Denver Nuggets,Atlanta Hawks,111.25,33.75,61.5,16.0,47.375,11.625,35.75,29.75,12.5,2.5047127504848095,11.25,30.75,36.4,30.75,57.875,53.27601917972398,16.0,20.5,79.55,0.0,6.625,0.5667521816418876,5.375,18.0,0.31956901863896414,12.5,0.0,136.75,117.125,48.0,57.25,11.875,46.125,10.625,35.5,28.375,14.125,2.2065059531971296,16.0,39.25,40.824999999999996,28.625,50.125,57.05671301422158,11.875,16.625,70.9875,0.0,7.0,0.5202610808309337,5.0,18.5,0.30088906191847364,14.125,0.0,140.0
116,97,2024-04-06,1,1,2023-24,Los Angeles Lakers,Cleveland Cavaliers,121.75,38.25,60.5,23.0,50.125,9.75,40.375,27.25,16.5,1.7523065476190478,12.75,34.0,37.462500000000006,30.25,54.25,56.31532201844701,23.0,28.0,79.35000000000001,0.0,5.375,0.3463935574229692,5.875,14.75,0.40603561009424016,16.5,0.0,143.625,106.125,37.125,55.25,13.75,36.625,7.375,29.25,30.75,14.625,2.1169467787114846,12.375,33.75,35.362500000000004,27.625,48.25,57.46700715235129,13.75,17.5,76.7,0.0,6.625,0.4559873949579832,3.625,15.375,0.25204394257703083,14.625,0.0,123.375
96,116,2024-04-06,1,1,2023-24,Memphis Grizzlies,Philadelphia 76ers,107.375,36.75,54.75,15.875,45.875,13.875,32.0,25.5,15.375,1.8025478241229016,12.25,36.625,33.225,27.375,54.25,50.013470350375194,15.875,21.0,76.775,0.0,9.125,0.5915363446323199,6.25,16.625,0.40010207744424997,15.375,0.0,122.375,110.625,44.25,51.5,14.875,42.625,11.5,31.125,24.75,12.25,2.2181818181818183,14.75,36.75,39.9375,25.75,50.375,51.52565729350159,14.875,17.625,83.475,0.0,7.0,0.648611111111111,7.5,19.5,0.4044895566922422,12.25,0.0,130.875
113,103,2024-04-06,1,1,2023-24,Brooklyn Nets,Detroit Pistons,109.25,38.625,55.25,15.375,44.875,12.125,32.75,23.25,13.125,2.0007783882783885,12.875,36.0,35.5375,27.625,52.0,53.272664254417826,15.375,21.0,74.2625,0.0,6.375,0.5874771062271062,4.75,16.625,0.2898992342152172,13.125,0.0,122.25,100.0,27.75,54.25,18.0,41.125,8.75,32.375,21.125,14.375,1.5288478313052618,9.25,31.25,29.700000000000003,27.125,52.75,51.64553057643435,18.0,22.375,79.91250000000001,0.0,8.5,0.6471271268291392,4.125,18.125,0.23736760672901977,14.375,0.0,108.5
130,122,2024-04-07,1,1,2023-24,Toronto Raptors,Washington Wizards,104.25,28.875,59.5,15.875,37.625,8.5,29.125,26.75,16.75,1.7377412075941487,9.625,31.125,30.6375,29.75,54.75,54.48699474997174,15.875,19.875,79.6125,0.0,9.0,0.5979516806722689,4.125,17.0,0.23882592510688486,16.75,0.0,114.5,108.875,34.125,61.0,13.75,46.0,9.25,36.75,26.375,15.0,1.8439860304169513,11.375,37.75,29.9,30.5,53.25,57.17528500634704,13.75,17.875,78.0125,0.0,7.0,0.5069484791524266,4.125,20.375,0.20757575757575758,15.0,0.0,124.125
118,121,2024-04-07,1,1,2023-24,Charlotte Hornets,Oklahoma City Thunder,103.75,37.875,51.5,14.375,36.75,7.0,29.75,26.375,12.625,2.308933080808081,12.625,37.0,33.9,25.75,44.625,58.21208460883322,14.375,18.125,78.1875,0.0,5.25,0.43141233766233766,3.5,15.375,0.2529348429348429,12.625,0.0,116.0,112.0,35.25,59.75,17.0,40.625,9.0,31.625,26.375,13.875,1.962398785425101,11.75,34.0,34.56250000000001,29.875,52.75,56.54198389707691,17.0,21.5,80.3,0.0,7.5,0.5505522985786143,5.75,17.375,0.340551438917008,13.875,0.0,128.75
77,107,2024-04-07,1,1,2023-24,Brooklyn Nets,Sacramento Kings,109.875,37.875,55.0,17.0,44.75,11.625,33.125,22.125,13.625,1.8807387057387057,12.625,33.875,36.9375,27.5,51.75,53.317954109490294,17.0,23.125,73.94999999999999,0.0,5.875,0.5458104395604396,5.5,16.5,0.3590280220940051,13.625,0.0,122.875,107.625,44.25,49.25,14.125,44.75,11.875,32.875,26.5,11.0,2.5926677489177488,14.75,39.375,37.775,24.625,50.125,49.75622582205029,14.125,19.125,71.4875,0.0,6.875,0.6667072510822512,4.375,19.125,0.2374895985021843,11.0,0.0,124.0
124,107,2024-04-07,1,1,2023-24,Boston Celtics,Portland Trail Blazers,118.875,46.875,57.0,15.0,44.5,10.375,34.125,27.625,10.375,2.7719936313686313,15.625,42.625,36.662499999999994,28.5,46.875,61.1032935102808,15.0,18.625,81.57499999999999,0.0,6.375,0.6576305638805638,5.75,14.0,0.40304001554001556,10.375,0.0,143.75,101.0,28.125,61.25,11.625,45.0,12.0,33.0,25.125,15.75,1.756273973059964,9.375,30.125,31.075,30.625,60.125,51.12095601633028,11.625,16.125,72.0,0.0,7.0,0.5110600377434743,3.625,21.0,0.16348134829828193,15.75,0.0,111.25
126,133,2024-04-07,1,1,2023-24,San Antonio Spurs,Philadelphia 76ers,110.5,38.625,56.5,15.375,44.375,10.25,34.125,30.75,14.75,2.3142152255639097,12.875,38.5,33.25,28.25,51.0,56.27321292701541,15.375,20.375,74.825,0.0,7.5,0.5756219593100398,6.0,16.0,0.39495559027166577,14.75,0.0,131.0,113.375,47.25,51.5,14.625,42.5,11.0,31.5,25.625,13.5,2.1180356193514087,15.75,37.0,42.3625,25.75,48.0,54.04154712401006,14.625,17.5,82.85,0.0,6.875,0.5470029239766082,7.75,19.375,0.4175824420677362,13.5,0.0,136.25
109,122,2024-04-07,1,1,2023-24,Milwaukee Bucks,New York Knicks,113.0,39.375,60.25,13.375,48.75,11.875,36.875,27.875,12.875,2.199548490724961,13.125,40.875,32.2125,30.125,53.375,56.516786716200606,13.375,18.875,69.2875,0.0,6.25,0.4932475612622671,5.625,20.25,0.3025877145730087,12.875,0.0,132.125,116.375,43.875,57.25,15.25,43.0,12.625,30.375,27.625,12.875,2.2264541014541015,14.625,37.625,38.6875,28.625,52.5,54.9984239312913,15.25,21.25,71.92500000000001,0.0,8.75,0.700445387945388,3.5,18.125,0.20264125386996903,12.875,0.0,133.5
118,110,2024-04-07,1,1,2023-24,Golden State Warriors,Utah Jazz,112.375,40.5,59.75,12.125,45.75,10.375,35.375,29.25,15.0,2.007088316095669,13.5,35.125,38.462500000000006,29.875,52.875,57.0018700809339,12.125,15.125,81.21249999999999,0.0,8.5,0.5738859486102132,4.0,18.75,0.21693159529257927,15.0,0.0,137.25,106.625,33.75,52.75,20.125,40.0,9.625,30.375,24.625,16.375,1.6079032079032078,11.25,35.0,31.424999999999997,26.375,50.125,52.60424266395749,20.125,23.75,85.36250000000001,0.0,6.25,0.3915397102897103,4.25,18.0,0.2429951690821256,16.375,0.0,114.25
117,115,2024-04-07,1,1,2023-24,Indiana Pacers,Miami Heat,122.375,41.625,67.0,13.75,42.625,11.0,31.625,30.375,10.75,2.9025599400599402,13.875,34.625,40.849999999999994,33.5,60.375,55.27356012283751,13.75,17.5,78.7375,0.0,6.75,0.6548517454767455,6.25,21.0,0.33289921859346827,10.75,0.0,146.25,111.875,42.75,52.5,16.625,42.625,8.75,33.875,26.625,11.75,2.5777602707749767,14.25,38.75,36.8875,26.25,47.625,54.97740943031251,16.625,19.5,84.67500000000001,0.0,8.5,0.7785655929038281,3.75,14.0,0.2816159932259003,11.75,0.0,132.875
147,136,2024-04-07,1,1,2023-24,Dallas Mavericks,Houston Rockets,113.625,48.0,52.5,13.125,45.5,8.625,36.875,27.875,12.375,2.5615537240537236,16.0,39.75,39.975,26.25,48.25,54.08851160623691,13.125,18.75,69.47500000000001,0.0,8.25,0.745940170940171,6.375,16.5,0.39946895424836604,12.375,0.0,137.875,114.625,45.0,51.5,18.125,42.25,13.0,29.25,23.375,11.5,2.134895833333333,15.0,42.875,34.625,25.75,50.25,51.2481578856407,18.125,22.25,81.275,0.0,8.875,0.7864583333333333,3.125,19.125,0.17899767447464815,11.5,0.0,124.25
113,98,2024-04-07,1,1,2023-24,Orlando Magic,Chicago Bulls,109.0,37.125,55.25,16.625,41.0,10.125,30.875,26.25,14.125,1.9172003547922667,12.375,34.75,35.25,27.625,49.375,55.711959923899144,16.625,22.375,73.625,0.0,8.375,0.6181046894282188,4.875,16.5,0.32784050315010066,14.125,0.0,125.5,110.75,31.125,63.0,16.625,45.875,10.625,35.25,26.5,11.5,2.552269421754716,10.375,28.375,36.65,31.5,59.375,53.47409435113899,16.625,20.375,81.36250000000001,0.0,8.0,0.7397000976964212,4.375,17.5,0.2573160843284682,11.5,0.0,134.375
105,113,2024-04-07,1,1,2023-24,Phoenix Suns,New Orleans Pelicans,113.875,43.875,55.0,15.0,44.375,9.375,35.0,29.875,15.125,2.0699112978524745,14.625,34.125,42.85,27.5,49.75,55.151647165234124,15.0,18.5,80.8625,0.0,7.375,0.5159795168067227,5.875,17.0,0.35705534575503617,15.125,0.0,141.0,108.0,36.0,54.5,17.5,42.0,9.25,32.75,25.0,11.125,2.397457444516268,12.0,32.5,36.8,27.25,52.125,52.39855873461217,17.5,22.75,77.825,0.0,8.5,0.8379031099619335,2.875,18.0,0.16390363807159472,11.125,0.0,124.625
120,118,2024-04-07,1,1,2023-24,LA Clippers,Cleveland Cavaliers,111.125,31.125,60.75,19.25,41.875,9.375,32.5,25.0,12.125,2.293426120448179,10.375,29.0,35.65,30.375,55.375,54.67697419863228,19.25,22.875,84.0625,0.0,6.75,0.6241859243697478,4.25,17.75,0.27730493513194754,12.125,0.0,129.625,106.875,38.625,55.5,12.75,36.5,7.5,29.0,31.0,15.5,2.045674848886923,12.875,34.5,36.275,27.75,48.625,57.34025890060305,12.75,16.625,74.51249999999999,0.0,7.25,0.46585581601061476,3.375,15.0,0.24149199452508274,15.5,0.0,123.125
117,127,2024-04-07,1,1,2023-24,Los Angeles Lakers,Minnesota Timberwolves,123.625,39.75,62.75,21.125,48.375,9.125,39.25,28.25,16.375,1.8088541666666667,13.25,34.75,38.025,31.375,54.375,58.79317362420559,21.125,25.875,77.6875,0.0,6.625,0.4091911764705882,6.375,14.25,0.4659314434275735,16.375,0.0,147.625,108.625,40.125,53.75,14.75,42.375,8.25,34.125,28.75,13.625,2.3127741228070176,13.375,33.25,40.0125,26.875,49.75,54.51798755091875,14.75,20.75,70.7125,0.0,9.75,0.7609714390142021,5.625,15.625,0.385171568627451,13.625,0.0,132.75
120,102,2024-04-09,1,1,2023-24,Philadelphia 76ers,Detroit Pistons,114.875,45.0,54.0,15.875,43.625,10.5,33.125,25.5,14.0,1.9409522860180755,15.0,37.25,40.1375,27.0,50.75,53.632742092563525,15.875,18.75,84.3125,0.0,7.875,0.5938779239766082,6.875,19.625,0.3668879976232918,14.0,0.0,135.875,100.125,30.75,52.25,17.125,39.375,8.375,31.0,21.125,13.25,1.6768741470947353,10.25,32.25,31.525000000000002,26.125,52.875,49.60906468383639,17.125,21.25,77.5125,0.0,9.125,0.733311337355455,4.25,18.25,0.2423494907869908,13.25,0.0,107.875
130,121,2024-04-09,1,1,2023-24,Minnesota Timberwolves,Washington Wizards,111.5,40.5,55.75,15.25,42.375,8.25,34.125,29.0,14.125,2.2580866228070176,13.5,34.75,38.337500000000006,27.875,49.75,56.24212548195323,15.25,20.5,75.175,0.0,10.125,0.7609714390142022,5.375,16.625,0.3518382352941177,14.125,0.0,135.875,110.125,36.0,59.25,14.875,44.5,8.25,36.25,26.5,14.625,1.8912082526391736,12.0,38.375,30.975,29.625,52.25,56.57109596230836,14.875,19.25,78.625,0.0,7.25,0.5333373680413154,4.5,21.25,0.20702020202020202,14.625,0.0,124.875
87,102,2024-04-09,1,1,2023-24,Memphis Grizzlies,San Antonio Spurs,104.875,33.375,55.5,16.0,45.75,13.75,32.0,24.5,16.25,1.6386223855264102,11.125,33.75,32.9625,27.75,56.0,49.16327851221684,16.0,21.375,75.975,0.0,9.75,0.6090802042814427,6.125,17.0,0.38899096633313884,16.25,0.0,118.5,114.125,42.0,56.0,16.125,44.75,10.125,34.625,31.625,15.875,2.2817152255639095,14.0,39.25,35.5,28.0,50.625,56.175747040075834,16.125,20.75,76.69999999999999,0.0,6.625,0.5068719593100398,6.5,15.25,0.4377944649519727,15.875,0.0,135.25
112,105,2024-04-09,1,1,2023-24,Oklahoma City Thunder,Sacramento Kings,115.5,38.25,60.75,16.5,40.5,9.0,31.5,28.0,14.5,1.9967125109152972,12.75,33.125,37.900000000000006,30.375,53.375,56.90963095590044,16.5,20.875,80.19999999999999,0.0,8.125,0.5597434750492026,6.125,17.5,0.3621507036228903,14.5,0.0,136.0,107.375,44.25,49.75,13.375,46.25,12.5,33.75,27.125,11.25,2.55893759018759,14.75,40.375,37.0,24.875,50.0,50.43268280632411,13.375,18.5,70.15,0.0,7.125,0.670675505050505,5.25,18.875,0.2928301557777261,11.25,0.0,126.0
123,140,2024-04-09,1,1,2023-24,Toronto Raptors,Indiana Pacers,107.625,28.875,61.75,17.0,39.25,8.875,30.375,26.625,15.125,1.8749766573295985,9.625,31.25,30.4875,30.875,57.125,53.91425227505536,17.0,21.25,80.16250000000001,0.0,8.625,0.6227532679738562,4.25,18.0,0.23722336100432073,15.125,0.0,119.125,121.625,39.375,67.5,14.75,41.0,10.0,31.0,29.75,10.25,3.0210664335664337,13.125,34.125,39.15,33.75,59.25,56.82779292707031,14.75,18.125,81.2625,0.0,6.25,0.635371225996226,5.75,22.25,0.27486350430775397,10.25,0.0,144.25
118,106,2024-04-09,1,1,2023-24,Houston Rockets,Orlando Magic,113.25,41.25,52.0,20.0,40.75,12.0,28.75,23.375,11.75,2.056613005050505,13.75,41.875,32.925,26.0,50.75,51.18806173179455,20.0,24.875,80.2,0.0,9.375,0.814236111111111,3.5,20.125,0.186633421080983,11.75,0.0,120.75,108.0,36.0,54.75,17.25,41.0,10.125,30.875,25.125,13.375,1.9593878547922667,12.0,34.5,34.4375,27.375,50.125,54.381602781042005,17.25,22.375,76.9125,0.0,8.375,0.6743546894282189,4.875,16.625,0.326002267855983,13.375,0.0,123.625
117,128,2024-04-09,1,1,2023-24,Chicago Bulls,New York Knicks,108.375,28.875,63.5,16.0,45.125,10.125,35.0,26.125,12.75,2.4099534044386988,9.625,27.0,35.5625,31.75,58.5,54.69843452709207,16.0,20.0,79.95,0.0,7.875,0.690457673453997,4.625,17.5,0.27202196668140943,12.75,0.0,131.25,118.5,43.5,58.25,16.75,42.25,12.25,30.0,27.625,12.5,2.360382672882673,14.5,36.25,40.037499999999994,29.125,53.25,55.228164950506006,16.75,22.5,75.9,0.0,8.625,0.7361596736596737,3.75,19.0,0.2033988296275448,12.5,0.0,136.625
92,105,2024-04-09,1,1,2023-24,Phoenix Suns,LA Clippers,111.0,40.875,56.5,13.625,44.375,9.625,34.75,30.125,15.0,2.098403944911298,13.625,33.875,40.625,28.25,51.625,54.46509413493109,13.625,16.875,81.36250000000001,0.0,7.75,0.5412552521008404,5.5,16.75,0.34351045411416925,15.0,0.0,136.875,112.75,32.625,60.0,20.125,43.25,9.5,33.75,24.875,12.375,2.255479691876751,10.875,29.875,36.1875,30.0,54.625,54.74654748249127,20.125,23.625,84.7625,0.0,7.125,0.645391281512605,3.375,19.125,0.18639584422285663,12.375,0.0,131.875
120,134,2024-04-09,1,1,2023-24,Los Angeles Lakers,Golden State Warriors,119.5,39.375,60.25,19.875,48.375,9.375,39.0,28.125,17.0,1.6838541666666669,13.125,35.5,36.462500000000006,30.125,53.0,57.97507220911126,19.875,24.5,77.575,0.0,7.125,0.4175245098039216,5.75,14.25,0.4212885862847163,17.0,0.0,142.0,113.375,40.5,62.5,10.375,46.5,10.875,35.625,30.375,15.375,2.035934469941823,13.5,35.0,38.6,31.25,53.875,58.554859697833294,10.375,12.625,84.1,0.0,8.625,0.5672753716871364,4.625,18.75,0.24982633213468453,15.375,0.0,141.75
95,111,2024-04-09,1,1,2023-24,Utah Jazz,Denver Nuggets,108.25,37.875,50.25,20.125,38.875,9.75,29.125,23.625,15.5,1.6451506826506828,12.625,35.625,35.125,25.125,49.5,50.835374739429184,20.125,24.0,84.30000000000001,0.0,6.0,0.3953275890775891,4.625,16.25,0.310024154589372,15.5,0.0,114.625,114.875,40.125,59.25,15.5,48.0,11.25,36.75,30.625,13.375,2.396624515190692,13.375,33.375,39.6625,29.625,55.75,53.63755508397931,15.5,20.0,79.0875,0.0,7.125,0.5704286522301228,5.75,18.875,0.3255213995913451,13.375,0.0,142.375
104,130,2024-04-09,1,1,2023-24,Charlotte Hornets,Dallas Mavericks,107.125,40.125,52.5,14.5,36.375,6.5,29.875,26.875,13.0,2.301988636363636,13.375,37.125,35.6875,26.25,44.375,59.684952825887486,14.5,18.125,79.08749999999999,0.0,6.375,0.489745670995671,4.125,16.0,0.27773643023643024,13.0,0.0,122.375,117.875,49.875,52.0,16.0,46.0,8.0,38.0,26.375,12.875,2.3986577964519142,16.625,40.625,40.875,26.0,47.25,54.87353576082628,16.0,20.875,73.0,0.0,7.25,0.6599673202614379,6.75,17.25,0.40956510809451985,12.875,0.0,141.25
100,110,2024-04-09,1,1,2023-24,Portland Trail Blazers,New Orleans Pelicans,99.75,28.875,59.5,11.375,46.5,12.875,33.625,24.75,16.375,1.6104406397266304,9.625,30.75,31.125,29.75,60.625,49.32408101633028,11.375,14.625,77.0,0.0,6.625,0.4402267044101409,3.75,20.125,0.17773573426319422,16.375,0.0,109.75,108.25,35.25,54.5,18.5,40.25,8.75,31.5,25.125,11.25,2.3892156862745098,11.75,32.875,35.675,27.25,52.125,52.39855873461217,18.5,23.625,79.6375,0.0,9.125,0.880485527544351,3.5,18.5,0.19614345707611963,11.25,0.0,123.875
104,91,2024-04-09,1,1,2023-24,Milwaukee Bucks,Boston Celtics,112.25,37.875,59.25,15.125,48.5,11.625,36.875,27.875,13.375,2.10311991929639,12.625,40.0,31.75,29.625,52.25,56.77898183815183,15.125,21.0,69.0,0.0,6.0,0.4575332755479814,6.0,20.125,0.32786344986712634,13.375,0.0,131.375,118.25,46.875,57.5,13.875,45.125,10.0,35.125,28.0,11.125,2.54534527972028,15.625,41.75,37.475,28.75,47.5,60.7148426754014,13.875,16.875,82.3875,0.0,6.625,0.602685508935509,6.125,13.625,0.4447066822066822,11.125,0.0,145.125
111,117,2024-04-09,1,1,2023-24,Atlanta Hawks,Miami Heat,114.375,45.0,56.0,13.375,45.5,10.625,34.875,27.125,15.0,1.8853253976415743,15.0,38.625,38.925000000000004,28.0,50.375,55.49421301422158,13.375,18.5,70.625,0.0,6.875,0.4577610808309337,4.625,19.0,0.27013509366450544,15.0,0.0,132.375,115.25,40.875,55.75,18.625,43.25,8.875,34.375,26.5,11.875,2.4944269374416432,13.625,36.25,37.125,27.875,49.875,56.00642427511683,18.625,21.625,85.16250000000001,0.0,8.5,0.7696370214752567,3.5,15.625,0.23742407403398116,11.875,0.0,137.5
114,115,2024-04-10,1,1,2023-24,Atlanta Hawks,Charlotte Hornets,113.25,42.0,57.75,13.5,47.375,10.875,36.5,26.875,15.375,1.8156138591800355,14.0,39.875,35.3875,28.875,52.375,55.161318662451016,13.5,18.125,73.1,0.0,7.875,0.5112466577540107,4.5,19.625,0.26017132554856337,15.375,0.0,130.5,108.625,40.5,53.5,14.625,37.125,6.75,30.375,27.125,13.0,2.3228219696969696,13.5,37.625,35.5875,26.75,45.0,60.03498656407912,14.625,18.5,78.2,0.0,6.75,0.520995670995671,4.0,16.375,0.2627123917748918,13.0,0.0,124.375
110,98,2024-04-10,1,1,2023-24,Cleveland Cavaliers,Memphis Grizzlies,111.125,39.375,58.0,13.75,37.25,7.875,29.375,31.375,14.75,2.1760224424698107,13.125,34.625,36.9875,29.0,50.5,57.91664222057097,13.75,17.5,75.7875,0.0,8.125,0.5574333561175666,3.25,15.0,0.23367949452508274,14.75,0.0,129.625,103.375,31.125,57.75,14.5,45.5,14.75,30.75,24.875,15.0,1.8417473855264102,10.375,33.25,31.05,28.875,59.25,48.762096079784406,14.5,18.875,77.7375,0.0,9.75,0.6958857598369983,6.25,16.5,0.4076561247041796,15.0,0.0,117.125
108,124,2024-04-10,1,1,2023-24,LA Clippers,Phoenix Suns,111.375,34.875,57.25,19.25,46.625,9.375,37.25,25.125,13.75,2.097146358543417,11.625,30.625,38.2125,28.625,54.125,52.99686274100325,19.25,22.25,87.03750000000001,0.0,7.25,0.6251531862745098,3.25,19.5,0.17712550929462695,13.75,0.0,132.375,106.125,39.75,50.75,15.625,44.25,9.75,34.5,27.5,14.75,1.8890289449112978,13.25,35.25,37.7625,25.375,49.625,51.521972441809396,15.625,19.125,82.075,0.0,8.375,0.6537552521008403,5.75,16.125,0.3760959241996394,14.75,0.0,127.5
106,102,2024-04-10,1,1,2023-24,Brooklyn Nets,Toronto Raptors,107.875,36.0,55.25,16.625,45.375,11.5,33.875,21.0,13.875,1.7890720390720392,12.0,33.375,35.43750000000001,27.625,53.5,51.90426363329981,16.625,22.875,72.725,0.0,5.875,0.5409084787761258,5.375,16.375,0.3536708792368622,13.875,0.0,118.125,109.375,27.75,64.25,17.375,39.0,9.25,29.75,25.875,15.5,1.7687266573295983,9.25,29.75,30.4375,32.125,58.625,54.54865604779283,17.375,22.125,79.15,0.0,8.5,0.5956699346405229,4.125,18.0,0.23097336100432075,15.5,0.0,119.625
127,89,2024-04-10,1,1,2023-24,Oklahoma City Thunder,San Antonio Spurs,114.625,36.75,60.0,17.875,40.125,8.875,31.25,27.125,14.75,1.8925458442486307,12.25,32.625,36.975,30.0,53.125,56.45770787897737,17.875,23.0,78.7625,0.0,8.875,0.605874427430155,6.75,17.625,0.3956474356490341,14.75,0.0,134.125,113.625,42.375,56.25,15.0,46.875,10.375,36.5,32.0,16.125,2.277303460858027,14.125,40.125,35.2125,28.125,50.0,57.2344622610251,15.0,19.125,79.07499999999999,0.0,6.5,0.49363666519239274,7.125,15.625,0.4690444649519727,16.125,0.0,138.0
116,107,2024-04-10,1,1,2023-24,Denver Nuggets,Minnesota Timberwolves,114.5,42.375,59.0,13.125,47.25,10.5,36.75,31.25,12.875,2.548410229476406,14.125,35.0,40.224999999999994,29.5,54.5,54.49838252571798,13.125,17.25,75.6875,0.0,7.625,0.6490000808015514,6.125,18.0,0.4093449290031098,12.875,0.0,143.875,113.5,39.375,57.25,16.875,42.375,8.625,33.75,29.0,13.125,2.4924616228070176,13.125,34.875,37.2625,28.625,50.375,57.22194922963412,16.875,22.25,76.3125,0.0,10.125,0.8312839390142022,5.75,16.25,0.3865021008403361,13.125,0.0,138.75
92,111,2024-04-10,1,1,2023-24,Miami Heat,Dallas Mavericks,114.75,42.0,54.75,18.0,43.5,8.375,35.125,26.5,12.625,2.393732492997199,14.0,37.125,37.1875,27.375,49.625,55.20539068338556,18.0,21.375,83.2125,0.0,7.875,0.6897759103641457,3.875,15.5,0.26086157403398114,12.625,0.0,135.125,119.75,51.75,52.25,15.75,47.0,8.75,38.25,26.875,14.0,2.0444911297852473,17.25,41.625,41.55,26.125,46.375,56.46655901664023,15.75,21.125,70.7125,0.0,6.875,0.5224673202614379,6.75,17.5,0.4041471514381731,14.0,0.0,143.25
117,99,2024-04-10,1,1,2023-24,Milwaukee Bucks,Orlando Magic,110.5,40.125,56.25,14.125,47.5,11.0,36.5,27.375,13.5,2.0618617493617495,13.375,40.25,33.6,28.125,50.625,55.81154888796026,14.125,19.5,67.2125,0.0,5.875,0.447729353979354,6.0,18.0,0.4543515451052216,13.5,0.0,129.0,107.875,34.875,54.75,18.25,40.125,9.875,30.25,24.625,13.625,1.8914391368435488,11.625,33.125,34.512499999999996,27.375,51.25,53.28604587294705,18.25,23.0,79.3,0.0,8.875,0.7012777663512957,5.25,16.0,0.3572522678559831,13.625,0.0,123.0
123,135,2024-04-11,1,1,2023-24,Sacramento Kings,New Orleans Pelicans,107.0,48.0,46.0,13.0,48.25,13.75,34.5,26.875,12.375,2.3374302372464135,16.0,42.875,38.025,23.0,48.75,47.41733192913112,13.0,18.25,69.4625,0.0,7.375,0.6357490344622697,5.0,19.375,0.2738907618383322,12.375,0.0,124.25,107.75,35.25,53.25,19.25,40.75,9.625,31.125,24.875,11.125,2.398937908496732,11.75,33.125,35.45,26.625,52.625,50.547286310749016,19.25,23.375,82.8125,0.0,9.75,0.9610410830999067,2.875,16.875,0.1841485075811701,11.125,0.0,123.375
105,127,2024-04-11,1,1,2023-24,Detroit Pistons,Chicago Bulls,100.25,31.875,52.0,16.375,39.125,8.25,30.875,21.125,13.125,1.6860653235653236,10.625,30.875,34.0125,26.0,54.875,47.3307995766239,16.375,20.25,77.7625,0.0,9.0,0.7273370726495727,4.25,17.25,0.2541141966693437,13.125,0.0,107.625,108.875,29.25,63.25,16.375,46.375,11.25,35.125,24.125,13.0,2.0448740393593337,9.75,27.5,35.3375,31.625,58.75,54.21711268801161,16.375,21.0,77.13749999999999,0.0,7.5,0.6210132290095525,4.875,17.5,0.2859108555702983,13.0,0.0,129.25
92,100,2024-04-11,1,1,2023-24,Portland Trail Blazers,Golden State Warriors,98.375,30.0,58.0,10.375,46.75,12.75,34.0,24.875,17.125,1.5585940488175396,10.0,32.0,30.9375,29.0,58.375,50.15877823400623,10.375,13.5,76.9125,0.0,6.0,0.3947721589555955,3.125,19.5,0.1558059097017907,17.125,0.0,107.5,116.0,45.375,59.25,11.375,46.375,10.5,35.875,31.125,15.75,2.0213511366084895,15.125,35.375,42.25,29.625,52.875,56.24307573711316,11.375,14.0,84.9375,0.0,8.25,0.5297753716871364,5.5,18.375,0.3068116262523316,15.75,0.0,145.375
124,121,2024-04-11,1,1,2023-24,Utah Jazz,Houston Rockets,105.25,37.5,49.5,18.25,39.375,9.625,29.75,23.0,16.125,1.503484015984016,12.5,34.875,35.45,24.75,50.5,49.280887559942016,18.25,21.5,86.19999999999999,0.0,6.375,0.41199425574425574,4.375,16.0,0.2923473869126043,16.125,0.0,110.875,114.25,42.375,53.25,18.625,39.75,11.125,28.625,24.625,12.125,2.0948074494949496,14.125,41.375,34.4375,26.625,50.375,52.753965871228104,18.625,24.0,77.22500000000001,0.0,9.5,0.8003472222222222,3.5,20.75,0.17361258774764965,12.125,0.0,123.125
109,118,2024-04-11,1,1,2023-24,Boston Celtics,New York Knicks,114.125,45.375,56.75,12.0,44.75,10.0,34.75,27.875,11.125,2.534928613053613,15.125,42.25,36.0875,28.375,47.875,59.24661417732694,12.0,14.75,81.55714285714286,0.0,7.375,0.6651855089355089,6.25,13.5,0.46554001554001556,11.125,0.0,139.875,119.0,42.75,59.0,17.25,39.625,11.5,28.125,27.75,12.125,2.4447982572982574,14.25,35.0,40.775000000000006,29.5,53.75,55.3827913730691,17.25,22.25,79.25,0.0,8.625,0.7507700632700632,3.5,18.625,0.19506549629421147,12.125,0.0,136.375
131,98,2024-04-12,1,1,2023-24,Boston Celtics,Charlotte Hornets,113.0,47.25,53.75,12.0,44.5,9.75,34.75,28.375,11.5,2.503678613053613,15.75,42.75,37.2375,26.875,46.25,58.1700591534035,12.0,14.375,83.39999999999999,0.0,7.375,0.6408799533799534,6.75,13.5,0.49679001554001556,11.5,0.0,139.75,108.25,40.875,52.25,15.125,36.5,6.375,30.125,26.5,12.75,2.3116612554112557,13.625,38.0,35.525,26.125,45.0,58.5814981919861,15.125,18.5,80.47500000000001,0.0,7.125,0.5567099567099567,4.0,16.875,0.2587441378066378,12.75,0.0,123.0
89,107,2024-04-12,1,1,2023-24,Dallas Mavericks,Detroit Pistons,117.125,49.125,52.0,16.0,45.75,9.125,36.625,26.0,13.75,2.0544117647058826,16.375,42.25,38.7625,26.0,45.125,57.76647125885172,16.0,21.125,72.6375,0.0,6.625,0.5264355742296919,7.25,16.875,0.4532924505834723,13.75,0.0,138.875,101.0,33.375,52.0,15.625,39.25,8.25,31.0,21.75,14.125,1.625648656898657,11.125,31.0,35.3375,26.0,53.375,48.91810116392549,15.625,20.375,73.97500000000001,0.0,8.5,0.6690037393162394,3.875,16.0,0.24653843909358616,14.125,0.0,108.25
109,110,2024-04-12,1,1,2023-24,LA Clippers,Utah Jazz,111.375,34.125,58.75,18.5,46.75,9.125,37.625,24.5,14.375,1.8808002046972634,11.375,30.625,37.5125,29.375,54.75,53.758005239433885,18.5,21.0,88.28750000000001,0.0,7.375,0.5866916478129713,3.0,19.125,0.1669091631407808,14.375,0.0,131.5,107.625,37.875,51.0,18.75,39.75,10.125,29.625,22.875,16.5,1.4451907467532468,12.625,34.875,35.775,25.5,50.5,50.843387559942016,18.75,22.125,86.1625,0.0,6.625,0.41680194805194803,4.875,16.625,0.3110973869126043,16.5,0.0,114.625
107,108,2024-04-12,1,1,2023-24,Sacramento Kings,Phoenix Suns,110.375,49.875,47.5,13.0,47.0,13.0,34.0,26.75,12.375,2.3285016658178423,16.625,43.875,38.7,23.75,47.0,50.56950584217461,13.0,18.375,68.975,0.0,7.5,0.6446776058908411,4.375,19.625,0.2322240951716655,12.375,0.0,127.75,108.875,42.75,49.75,16.375,44.375,10.25,34.125,27.625,14.5,1.9345417654241184,14.25,38.0,37.800000000000004,24.875,48.375,52.02702294685991,16.375,19.25,86.60000000000001,0.0,8.75,0.6890116623572506,5.625,16.0,0.37128823189194704,14.5,0.0,130.625
129,120,2024-04-12,1,1,2023-24,Cleveland Cavaliers,Indiana Pacers,110.5,38.625,56.25,15.625,37.25,8.25,29.0,29.625,15.0,2.0208885138983823,12.875,34.125,36.8625,28.125,50.5,55.97219777612652,15.625,19.875,77.33749999999999,0.0,9.0,0.6076565704032809,4.125,15.0,0.2920128278584161,15.0,0.0,127.625,121.0,38.625,66.75,15.625,41.5,10.625,30.875,29.0,10.625,2.8725274725274725,12.875,35.25,37.35,33.375,57.125,58.405779364211675,15.625,19.0,82.925,0.0,6.625,0.6475465506715506,6.25,21.25,0.30221273291925466,10.625,0.0,144.25
125,113,2024-04-12,1,1,2023-24,Philadelphia 76ers,Orlando Magic,117.875,45.75,56.0,16.125,44.125,10.625,33.5,26.875,13.25,2.1937300637958534,15.25,37.625,40.474999999999994,28.0,52.375,53.99561777562363,16.125,19.125,84.01249999999999,0.0,9.0,0.7299890350877193,7.375,18.75,0.4024435531788473,13.25,0.0,142.25,108.625,35.25,54.5,18.875,39.5,9.25,30.25,23.875,14.25,1.7557857277526396,11.75,32.875,35.1875,27.25,50.625,53.664387067915605,18.875,23.25,81.45,0.0,8.375,0.6345164027149321,4.75,16.25,0.3175086781123933,14.25,0.0,122.0
111,107,2024-04-12,1,1,2023-24,New York Knicks,Brooklyn Nets,115.625,39.75,59.5,16.375,40.875,11.75,29.125,26.125,12.625,2.224343711843712,13.25,34.0,39.3875,29.75,55.375,54.07723581751354,16.375,21.5,76.5875,0.0,8.625,0.7295579420579421,3.0,18.0,0.1779086335491134,12.625,0.0,130.125,109.125,36.75,55.0,17.375,46.125,11.25,34.875,21.625,13.25,1.8724053724053724,12.25,33.0,36.375,27.5,54.5,50.320930299966484,17.375,23.625,73.6,0.0,6.0,0.5554918121094592,6.75,16.375,0.43960837923686225,13.25,0.0,122.375
125,103,2024-04-12,1,1,2023-24,Miami Heat,Toronto Raptors,114.75,43.875,52.5,18.375,44.375,8.5,35.875,26.25,13.75,2.2131769374416432,14.625,36.75,39.575,26.25,48.625,53.96328367108912,18.375,21.375,86.10000000000001,0.0,7.875,0.6689425770308123,3.75,16.375,0.24089629625620337,13.75,0.0,135.75,111.125,31.875,61.0,18.25,40.875,10.125,30.75,25.375,15.5,1.7187266573295985,10.625,31.375,33.125,30.5,58.125,52.050252471803056,18.25,22.875,80.8875,0.0,8.25,0.5706699346405228,4.5,18.875,0.242715785246745,15.5,0.0,121.625
120,123,2024-04-12,1,1,2023-24,Memphis Grizzlies,Los Angeles Lakers,102.75,32.25,56.0,14.5,46.0,13.875,32.125,24.375,14.875,1.8219863561146457,10.75,31.75,33.4,28.0,59.5,46.8294037720921,14.5,17.875,81.2375,0.0,9.875,0.707834289248763,6.375,17.25,0.39217993422798914,14.875,0.0,118.625,118.5,38.625,61.25,18.625,44.75,8.75,36.0,28.25,15.875,1.9476409313725491,12.875,34.375,36.775000000000006,30.625,52.625,59.063699258291585,18.625,23.5,76.2625,0.0,7.625,0.5131127450980392,5.125,14.375,0.3711512236473537,15.875,0.0,140.0
107,116,2024-04-12,1,1,2023-24,Portland Trail Blazers,Houston Rockets,98.375,30.375,57.5,10.5,47.375,14.0,33.375,25.875,16.625,1.6671913338854127,10.125,32.125,31.225,28.75,59.5,48.80295812818612,10.5,13.75,76.375,0.0,6.5,0.44454591461170406,2.75,18.625,0.14663924303512405,16.625,0.0,108.25,112.875,44.625,49.25,19.0,38.375,11.125,27.25,24.25,11.375,2.1744949494949495,14.875,41.875,35.6625,24.625,48.75,50.52975139035379,19.0,23.875,79.35000000000001,0.0,9.25,0.8222222222222222,3.875,20.0,0.19965425441431633,11.375,0.0,121.25
121,120,2024-04-12,1,1,2023-24,San Antonio Spurs,Denver Nuggets,111.75,42.75,54.0,15.0,47.75,10.25,37.5,32.125,17.125,2.0665891751437417,14.25,41.25,34.8,27.0,49.5,55.701724165787006,15.0,19.25,78.55000000000001,0.0,6.25,0.38173190328763085,7.5,15.5,0.49642541733292506,17.125,0.0,134.5,113.0,40.875,59.5,12.625,46.5,10.0,36.5,30.375,12.625,2.528320943762121,13.625,34.125,39.8625,29.75,54.5,54.929417008476605,12.625,17.875,70.94999999999999,0.0,7.25,0.6333750808015514,6.25,17.75,0.41892049836128775,12.625,0.0,140.25
127,129,2024-04-12,1,1,2023-24,Washington Wizards,Chicago Bulls,111.875,38.25,59.0,14.625,43.125,7.375,35.75,25.75,14.5,1.8554939669248878,12.75,37.625,33.2125,29.5,52.0,56.58241842607648,14.625,19.125,77.775,0.0,6.875,0.5099857196896671,4.375,21.375,0.19998556998557,14.5,0.0,125.625,111.625,30.75,66.0,14.875,45.875,11.5,34.375,24.25,12.625,2.1525129282482225,10.25,27.625,36.625,33.0,59.75,55.675446021344946,14.875,19.375,76.03750000000001,0.0,8.125,0.7217076734539969,4.5,17.625,0.2561489508083935,12.625,0.0,133.125
109,114,2024-04-12,1,1,2023-24,Golden State Warriors,New Orleans Pelicans,115.875,46.125,57.75,12.0,45.625,10.25,35.375,30.875,16.125,1.9588511366084895,15.375,35.5,42.862500000000004,28.875,51.125,56.689504308541736,12.0,14.875,84.3625,0.0,8.625,0.5441984486102133,6.5,18.375,0.36236718180788713,16.125,0.0,146.125,110.625,38.25,53.75,18.625,41.125,9.625,31.5,26.0,11.5,2.4104763700351937,12.75,33.375,37.725,26.875,52.375,51.37382616582147,18.625,22.75,82.35000000000001,0.0,9.75,0.9408487754075989,2.875,16.625,0.18588461869228123,11.5,0.0,128.625
109,106,2024-04-12,1,1,2023-24,Minnesota Timberwolves,Atlanta Hawks,113.625,40.125,56.5,17.0,41.75,8.625,33.125,28.375,12.875,2.4882949561403507,13.375,34.125,38.849999999999994,28.25,51.125,55.528805416925096,17.0,22.875,74.85,0.0,10.25,0.8604506056808688,6.0,16.75,0.3942051820728291,12.875,0.0,137.625,112.5,42.75,57.0,12.75,47.0,10.75,36.25,28.375,15.5,1.8895517676767675,14.25,39.75,36.1375,28.5,52.125,54.64724939838175,12.75,17.625,70.9125,0.0,7.25,0.4716224747474747,3.625,20.0,0.2064948549603281,15.5,0.0,129.25
125,107,2024-04-12,1,1,2023-24,Oklahoma City Thunder,Milwaukee Bucks,114.75,37.5,59.5,17.75,41.75,8.125,33.625,28.0,13.875,2.0652432126696834,12.5,32.625,37.637499999999996,29.75,53.75,55.49643256425377,17.75,22.625,79.5125,0.0,9.5,0.6848217958512076,6.625,16.625,0.4060641023157008,13.875,0.0,137.75,109.625,40.125,54.75,14.75,45.25,10.375,34.875,26.125,13.625,1.9565046065046068,13.375,38.875,34.6125,27.375,47.625,57.51609434250571,14.75,19.875,69.125,0.0,5.875,0.44237221112221115,5.875,17.25,0.45531308356676004,13.625,0.0,128.25
110,120,2024-04-14,1,1,2023-24,Cleveland Cavaliers,Charlotte Hornets,112.75,36.375,59.75,16.625,38.375,8.5,29.875,29.0,14.5,2.0640703320802003,12.125,32.625,36.5375,29.875,53.25,56.30127249544515,16.625,21.0,78.9,0.0,9.25,0.6515959643426749,4.25,14.125,0.303917589763178,14.5,0.0,130.875,108.375,42.0,51.0,15.375,35.5,5.375,30.125,26.125,13.875,2.175297619047619,14.0,36.625,37.625,25.5,45.375,56.52758291599123,15.375,18.25,82.425,0.0,7.0,0.5300054112554112,4.625,17.5,0.2920774711399711,13.875,0.0,122.375
123,95,2024-04-14,1,1,2023-24,San Antonio Spurs,Detroit Pistons,112.125,42.375,54.5,15.25,48.75,10.5,38.25,31.0,16.75,2.0437717148262813,14.125,41.25,34.425,27.25,49.375,56.309489042419806,15.25,19.5,78.9125,0.0,5.375,0.3420493636050912,7.125,14.5,0.4932202891277969,16.75,0.0,134.125,103.0,33.0,56.0,14.0,39.125,7.75,31.375,22.75,13.5,1.8801129426129426,11.0,30.875,35.050000000000004,28.0,55.25,50.72773126596631,14.0,18.375,73.7,0.0,8.75,0.7716823107448108,4.625,15.5,0.3251098676650147,13.5,0.0,113.25
132,122,2024-04-14,1,1,2023-24,Boston Celtics,Washington Wizards,114.125,47.25,56.0,10.875,45.75,10.625,35.125,29.125,10.75,2.92034527972028,15.75,43.375,36.6375,28.0,46.875,59.42553260715282,10.875,13.375,81.04285714285713,0.0,8.0,0.8179632867132867,6.125,14.125,0.45304001554001555,10.75,0.0,143.375,112.875,39.75,57.75,15.375,42.5,7.25,35.25,26.5,14.25,1.9566844431153643,13.25,38.75,33.300000000000004,28.875,50.25,57.41371177572968,15.375,20.625,76.4,0.0,7.125,0.5367714339753814,4.5,21.5,0.2045851370851371,14.25,0.0,127.125
123,116,2024-04-14,1,1,2023-24,Golden State Warriors,Utah Jazz,115.125,46.875,55.25,13.0,46.0,10.25,35.75,29.875,16.5,1.8332501750700279,15.625,35.75,43.3375,27.625,50.5,55.06585383620705,13.0,16.375,82.775,0.0,8.5,0.523765756302521,6.5,17.875,0.37113911163244856,16.5,0.0,143.125,107.5,35.25,53.25,19.0,41.0,11.125,29.875,23.0,16.0,1.4837008477633478,11.75,34.875,33.275,26.625,51.125,52.32727120774075,19.0,22.5,85.80000000000001,0.0,6.5,0.4199585137085137,4.875,16.375,0.31556167262689006,16.0,0.0,115.75
118,103,2024-04-14,1,1,2023-24,Miami Heat,Toronto Raptors,112.625,42.375,51.25,19.0,43.5,8.5,35.0,25.75,13.5,2.3044467787114846,14.125,37.0,38.0375,25.625,47.625,53.95804258094237,19.0,22.0,86.8625,0.0,6.625,0.5578314659197012,3.5,16.75,0.2180597577946649,13.5,0.0,130.625,111.375,31.5,60.75,19.125,42.5,9.625,32.875,24.375,15.375,1.6725665266106444,10.5,31.375,32.725,30.375,57.25,52.78343540863652,19.125,24.0,80.15,0.0,7.5,0.5294117647058824,4.125,19.375,0.2192564014932436,15.375,0.0,121.875
121,82,2024-04-14,1,1,2023-24,Sacramento Kings,Portland Trail Blazers,110.875,49.5,47.75,13.625,45.75,12.875,32.875,27.0,11.875,2.520060107376284,16.5,44.625,37.4375,23.875,46.125,51.49324798053939,13.625,18.625,72.25,0.0,7.875,0.7566905929038282,4.375,19.25,0.23312122435826838,11.875,0.0,128.625,98.5,29.625,56.5,12.375,49.25,15.25,34.0,24.0,15.125,1.7940710331335332,9.875,32.625,29.8625,28.25,60.25,47.298328498556494,12.375,16.125,77.92500000000001,0.0,6.0,0.4633429070929071,3.125,18.125,0.1773932112890923,15.125,0.0,107.25
106,125,2024-04-14,1,1,2023-24,Minnesota Timberwolves,Phoenix Suns,113.375,40.5,56.25,16.625,42.375,8.75,33.625,28.5,13.5,2.3583346386800335,13.5,35.25,38.2125,28.125,50.625,55.98170396764973,16.625,21.875,75.97500000000001,0.0,10.5,0.8485458437761069,6.5,17.0,0.4129551820728291,13.5,0.0,138.25,109.375,41.25,51.0,17.125,43.125,9.5,33.625,27.125,14.75,1.8857801555169977,13.75,37.875,36.425,25.5,47.625,54.23156840140536,17.125,20.0,87.0,0.0,8.875,0.693268628301523,5.25,16.375,0.33523053958425475,14.75,0.0,129.875
105,116,2024-04-14,1,1,2023-24,LA Clippers,Houston Rockets,112.5,34.875,58.75,18.875,47.125,10.125,37.0,25.0,13.875,1.9622481684981685,11.625,32.5,36.550000000000004,29.375,54.25,54.23255226272983,18.875,21.875,86.425,0.0,7.125,0.5923477564102564,3.375,19.125,0.18896798667019254,13.875,0.0,132.5,114.75,43.875,52.0,18.875,38.75,10.5,28.25,25.0,11.25,2.2842171717171715,14.625,41.5,35.3125,26.0,49.25,52.700525360319126,18.875,22.875,81.9375,0.0,8.375,0.7388888888888888,3.75,20.25,0.18923758774764968,11.25,0.0,125.25
113,88,2024-04-14,1,1,2023-24,Orlando Magic,Milwaukee Bucks,110.625,34.5,56.25,19.875,40.375,8.875,31.5,24.5,13.5,1.892817813314137,11.5,32.625,34.574999999999996,28.125,52.0,53.95785972013439,19.875,24.5,81.7875,0.0,8.0,0.6405324454956808,4.625,17.5,0.26826625386996905,13.5,0.0,125.0,110.5,39.0,56.5,15.0,44.75,10.75,34.0,26.875,14.25,1.9466361854519751,13.0,37.75,34.7125,28.25,49.125,57.58480470191374,15.0,19.125,74.0875,0.0,6.625,0.47949627127258704,5.75,16.0,0.4603130835667601,14.25,0.0,130.5
108,124,2024-04-14,1,1,2023-24,New Orleans Pelicans,Los Angeles Lakers,111.5,42.75,52.25,16.5,39.875,8.875,31.0,26.25,11.75,2.350952560511384,14.25,34.125,41.175,26.125,51.5,50.730084314452505,16.5,20.5,80.23750000000001,0.0,9.75,0.8971979817568053,2.875,15.875,0.20106680492709905,11.75,0.0,129.25,116.875,36.75,61.75,18.375,44.25,9.5,34.75,27.5,16.25,1.8699271155830752,12.25,34.875,34.35,30.875,52.125,60.27108562192795,18.375,23.375,75.825,0.0,7.625,0.5069449819401445,5.375,14.125,0.38895308123249295,16.25,0.0,136.5
111,126,2024-04-14,1,1,2023-24,Memphis Grizzlies,Denver Nuggets,102.25,32.25,55.25,14.75,46.375,14.25,32.125,23.0,15.0,1.712462546590836,10.75,31.25,33.9125,27.625,59.75,45.92001223770057,14.75,18.125,81.5,0.0,10.375,0.7352152416297153,6.25,17.75,0.3851348456611614,15.0,0.0,117.25,115.875,42.0,61.5,12.375,45.875,9.625,36.25,31.25,12.75,2.583876499317676,14.0,33.625,41.25,30.75,56.125,55.0147995221378,12.375,17.625,70.7375,0.0,7.25,0.6177500808015514,6.25,18.5,0.40677474937343355,12.75,0.0,143.5
135,86,2024-04-14,1,1,2023-24,Oklahoma City Thunder,Dallas Mavericks,114.375,36.375,59.75,18.25,41.75,8.25,33.5,27.5,13.75,2.052743212669683,12.125,33.625,35.25,29.875,53.0,56.592923792323944,18.25,23.375,78.2625,0.0,10.25,0.7677763413057531,6.375,16.5,0.3908397433413418,13.75,0.0,136.75,114.875,46.5,54.0,14.375,46.625,9.5,37.125,25.5,15.0,1.8794117647058823,15.5,41.5,36.85,27.0,47.0,57.837696330076795,14.375,18.5,73.675,0.0,6.75,0.5076855742296918,7.125,16.5,0.4602368950279167,15.0,0.0,135.75
120,119,2024-04-14,1,1,2023-24,New York Knicks,Chicago Bulls,113.75,39.75,56.25,17.75,38.5,10.5,28.0,25.75,11.75,2.499343711843712,13.25,33.125,40.5,28.125,52.875,53.40199673764794,17.75,23.125,76.67500000000001,0.0,8.625,0.8753912753912754,3.25,16.875,0.1977003002157801,11.75,0.0,128.125,112.125,31.5,65.25,15.375,46.125,12.0,34.125,24.25,13.25,1.9842436974789917,10.5,28.625,36.075,32.625,58.75,55.90739326033444,15.375,20.625,74.1125,0.0,8.375,0.6988711349924585,4.625,18.375,0.2532542139662883,13.25,0.0,132.75
157,115,2024-04-14,1,1,2023-24,Indiana Pacers,Atlanta Hawks,119.375,35.625,67.75,16.0,42.125,10.625,31.5,30.125,11.375,2.7653846153846153,11.875,35.75,33.275,33.875,57.0,59.40774548641373,16.0,19.0,84.6375,0.0,6.625,0.6006715506715508,6.125,20.75,0.299061472415053,11.375,0.0,143.0,110.375,40.5,55.75,14.125,45.375,9.75,35.625,28.25,16.0,1.8084911616161614,13.5,38.0,35.625,27.875,52.125,53.60558273171509,14.125,19.5,71.9125,0.0,7.125,0.44813762626262627,3.125,21.0,0.17473014907797516,16.0,0.0,124.125
107,86,2024-04-14,1,1,2023-24,Philadelphia 76ers,Brooklyn Nets,120.125,47.625,55.5,17.0,43.25,10.375,32.875,27.5,13.375,2.2281851920009816,15.875,38.125,41.625,27.75,52.625,53.24531765557561,17.0,20.25,83.75,0.0,9.375,0.756431342780027,6.75,19.0,0.3635546642899584,13.375,0.0,143.25,107.25,37.125,53.25,16.875,46.125,12.0,34.125,21.375,14.0,1.6938339438339438,12.375,32.875,36.8875,26.625,52.625,50.70554568458187,16.875,23.125,73.025,0.0,5.375,0.4572775263951735,6.125,16.75,0.3956116687105464,14.0,0.0,119.5
120,95,2024-04-20,1,1,2023-24,Minnesota Timberwolves,Phoenix Suns,114.0,39.75,56.25,18.0,42.25,9.25,33.0,27.75,14.75,2.2229179720133665,13.25,33.875,38.825,28.125,50.625,55.98170396764973,18.0,23.125,77.7125,0.0,9.875,0.7778613199665831,6.5,18.25,0.3817051820728291,14.75,0.0,137.375,112.125,42.375,52.25,17.5,42.25,9.5,32.75,27.375,14.625,1.9228680676049097,14.125,36.375,39.3625,26.125,49.0,53.9645966241361,17.5,20.375,87.41250000000001,0.0,9.75,0.7646971997300944,4.875,17.5,0.3008555395842547,14.625,0.0,133.75
111,104,2024-04-20,1,1,2023-24,New York Knicks,Philadelphia 76ers,114.75,39.375,58.5,16.875,39.375,10.625,28.75,26.125,13.0,2.3873307248307247,13.125,31.75,41.4125,29.25,54.125,54.22783554774825,16.875,21.5,77.75,0.0,8.5,0.8261488511488511,3.625,16.625,0.22208110516934046,13.0,0.0,131.25,119.25,46.875,55.75,16.625,45.125,10.0,35.125,27.75,14.0,2.1071534459692356,15.625,38.625,40.6,27.875,52.375,53.717183752441706,16.625,20.0,82.6125,0.0,9.625,0.7445265808752651,6.625,18.5,0.36667966428995846,14.0,0.0,143.5
97,83,2024-04-20,1,1,2023-24,Cleveland Cavaliers,Orlando Magic,111.875,36.375,59.5,16.0,39.125,9.375,29.75,28.5,14.5,2.0283560463659147,12.125,32.125,37.2,29.75,55.125,54.07905027322292,16.0,20.5,76.6625,0.0,9.25,0.6515959643426749,4.0,13.0,0.2974837662337662,14.5,0.0,128.375,110.0,30.375,60.0,19.625,40.375,9.125,31.25,24.375,13.125,1.9280068889443889,10.125,31.5,32.25,30.0,54.0,55.825506778957916,19.625,24.0,82.74999999999999,0.0,8.375,0.6799232017982018,4.25,17.75,0.24048847609219126,13.125,0.0,124.5
114,103,2024-04-20,1,1,2023-24,Denver Nuggets,Los Angeles Lakers,119.375,43.5,63.25,12.625,46.875,10.0,36.875,31.625,13.375,2.5272525676937443,14.5,34.625,41.8375,31.625,55.25,57.4086674466661,12.625,17.5,72.05,0.0,7.625,0.6225577731092437,6.75,17.625,0.43833112192245316,13.375,0.0,150.25,121.125,39.0,63.5,18.625,43.125,9.125,34.0,28.5,16.125,1.949093782249742,13.0,34.75,37.0,31.75,52.375,61.54879498153386,18.625,23.375,77.21249999999999,0.0,8.75,0.5835074819401445,5.375,14.0,0.39101352079293256,16.125,0.0,143.625
114,94,2024-04-21,1,1,2023-24,Boston Celtics,Miami Heat,117.625,47.625,58.75,11.25,45.375,10.875,34.5,29.375,11.25,2.873965189222542,15.875,42.75,37.825,29.375,48.375,60.43430453697737,11.25,14.5,77.47142857142856,0.0,8.375,0.8241850061703003,7.125,14.125,0.5299630924630925,11.25,0.0,147.5,112.5,40.5,54.0,18.0,44.0,9.375,34.625,26.625,14.125,2.2988076809671236,13.5,37.0,36.3,27.0,48.375,55.804447809700534,18.0,20.75,87.27499999999999,0.0,6.875,0.5451434959948892,3.375,16.375,0.2201156788472965,14.125,0.0,131.625
109,94,2024-04-21,1,1,2023-24,Milwaukee Bucks,Indiana Pacers,106.25,38.625,53.5,14.125,44.0,10.875,33.125,25.5,14.875,1.7830332442755044,12.875,37.625,34.375,26.75,48.875,54.82438803524707,14.125,17.625,75.5,0.0,7.0,0.4801090163706263,5.625,16.0,0.4533686391223156,14.875,0.0,123.125,126.625,37.875,74.0,14.75,43.125,10.625,32.5,32.125,11.75,2.8453125,12.625,35.0,36.0,37.0,59.625,62.287469323623036,14.75,17.375,84.85000000000001,0.0,7.5,0.6499503968253969,6.375,20.875,0.30857234198027034,11.75,0.0,156.375
94,92,2024-04-21,1,1,2023-24,Oklahoma City Thunder,New Orleans Pelicans,117.125,36.75,62.0,18.375,43.625,8.5,35.125,28.625,14.0,2.090563725490196,12.25,33.625,35.625,31.0,54.875,56.45651506216522,18.375,22.375,82.175,0.0,10.25,0.7600840336134455,6.125,15.75,0.3914791295306001,14.0,0.0,142.5,113.5,43.5,53.5,16.5,39.625,8.875,30.75,26.75,13.0,2.216449636534776,14.5,34.375,41.599999999999994,26.75,51.25,52.21567855214758,16.5,20.0,82.42500000000001,0.0,9.625,0.8248295607041738,2.625,16.5,0.17716974610356964,13.0,0.0,131.25
109,97,2024-04-21,1,1,2023-24,LA Clippers,Dallas Mavericks,109.375,32.625,59.75,17.0,48.375,11.25,37.125,24.375,14.125,1.8518315018315017,10.875,33.5,33.2125,29.875,56.875,52.50883389803158,17.0,19.75,86.42500000000001,0.0,8.25,0.6777644230769231,3.75,18.875,0.221334058098764,14.125,0.0,127.625,110.0,40.5,54.0,15.5,45.875,9.75,36.125,24.875,15.125,1.8234593837535016,13.5,40.5,33.025,27.0,48.5,56.488370992745466,15.5,19.5,77.02499999999999,0.0,6.875,0.5118522408963585,6.375,16.25,0.41808003228281865,15.125,0.0,126.375
101,99,2024-04-22,1,1,2023-24,Denver Nuggets,Los Angeles Lakers,117.375,41.25,64.0,12.125,46.625,10.5,36.125,30.5,12.0,2.825046685340803,13.75,35.75,38.35,32.0,56.0,57.36237115036981,12.125,16.625,73.8125,0.0,7.625,0.716920518207283,6.75,17.75,0.43701533244876895,12.0,0.0,146.375,119.5,36.375,64.5,18.625,41.875,9.125,32.75,28.25,15.125,2.028260448916409,12.125,33.375,35.7625,32.25,54.0,60.17717335991224,18.625,23.0,78.7375,0.0,8.125,0.5647574819401444,5.5,14.0,0.3993468541262659,15.125,0.0,140.75
96,86,2024-04-22,1,1,2023-24,Cleveland Cavaliers,Orlando Magic,111.375,36.375,59.0,16.0,42.375,9.875,32.5,27.875,14.875,1.9575227130325814,12.125,32.75,36.5375,29.5,54.375,54.36284800284109,16.0,20.5,76.6625,0.0,9.125,0.6307626310093415,4.0,14.125,0.27962662337662336,14.875,0.0,129.875,107.375,29.25,58.75,19.375,40.0,9.375,30.625,23.125,12.625,1.8915485556110556,9.75,32.125,30.650000000000002,29.375,54.625,53.82527486801172,19.375,24.375,80.9375,0.0,9.375,0.7736732017982018,4.375,18.75,0.23137082903336775,12.625,0.0,119.0
104,101,2024-04-22,1,1,2023-24,New York Knicks,Philadelphia 76ers,116.25,40.875,57.75,17.625,42.5,12.625,29.875,25.5,12.75,2.3724497724497726,13.625,31.875,42.7125,28.875,55.875,51.84688316679587,17.625,22.375,77.8875,0.0,7.875,0.7904345654345654,4.25,16.75,0.2559863339275104,12.75,0.0,133.625,115.375,42.375,55.5,17.5,44.375,10.0,34.375,26.375,13.375,2.0815852641510535,14.125,37.625,37.9125,27.75,53.125,52.426422882876494,17.5,20.75,83.8125,0.0,9.875,0.7885606717843561,6.25,19.0,0.3348169191919192,13.375,0.0,136.75
105,93,2024-04-23,1,1,2023-24,Minnesota Timberwolves,Phoenix Suns,114.875,40.125,56.75,18.0,43.875,10.125,33.75,27.375,14.375,2.2381957497911444,13.375,34.625,38.225,28.375,51.25,55.77161993403628,18.0,23.125,77.7125,0.0,9.375,0.7611946532999164,6.125,19.125,0.35535714285714287,14.375,0.0,138.0,108.5,39.0,52.0,17.5,39.625,7.875,31.75,25.75,14.75,1.7972728295096716,13.0,34.0,38.5875,26.0,49.875,52.53507534754035,17.5,20.375,87.41250000000001,0.0,10.0,0.7771971997300945,4.875,17.25,0.30461493808049533,14.75,0.0,126.25
93,96,2024-04-23,1,1,2023-24,LA Clippers,Dallas Mavericks,111.125,35.25,60.25,15.625,49.25,11.375,37.875,24.75,13.875,1.8987065018315017,11.75,34.625,34.375,30.125,57.125,52.79894994445014,15.625,18.0,86.8125,0.0,8.125,0.6755322802197802,4.0,19.0,0.23242713169183757,13.875,0.0,131.125,109.625,38.625,53.25,17.75,45.75,9.875,35.875,23.25,14.375,1.792903828197946,12.875,39.625,32.125,26.625,48.25,55.95102839613235,17.75,22.25,78.55000000000001,0.0,6.75,0.5424077964519141,6.625,16.375,0.43058003228281866,14.375,0.0,124.75
108,125,2024-04-23,1,1,2023-24,Milwaukee Bucks,Indiana Pacers,105.75,39.75,51.75,14.25,42.75,9.25,33.5,24.25,14.875,1.6788665776088378,13.25,36.25,36.2375,25.875,48.25,53.84711530797435,14.25,17.0,79.6625,0.0,6.625,0.44885901637062625,5.5,16.625,0.43766008297258296,14.875,0.0,121.875,124.75,37.125,72.75,14.875,43.625,11.625,32.0,31.25,12.125,2.700120192307692,12.375,35.875,34.6,36.375,59.0,61.77917394301145,14.875,18.25,81.57499999999999,0.0,7.0,0.5884119352869353,6.25,21.125,0.2940634134088418,12.125,0.0,151.25
101,111,2024-04-24,1,1,2023-24,Boston Celtics,Miami Heat,117.125,48.75,57.0,11.375,44.5,10.75,33.75,29.25,11.25,2.862601552858906,16.25,42.25,38.9625,28.5,48.0,58.54036514303798,11.375,14.5,78.35714285714286,0.0,8.75,0.8582759152612094,7.5,13.5,0.5799630924630924,11.25,0.0,147.25,110.625,38.625,55.75,16.25,43.375,9.125,34.25,26.5,13.25,2.3935046506640933,12.875,36.875,34.762499999999996,27.875,49.375,56.59358922384195,16.25,18.875,87.875,0.0,6.75,0.5558758192272124,3.0,15.875,0.20031929875679874,13.25,0.0,128.875
124,92,2024-04-24,1,1,2023-24,Oklahoma City Thunder,New Orleans Pelicans,115.75,35.625,62.75,17.375,43.75,8.0,35.75,27.5,13.75,2.042486802413273,11.875,32.75,35.375,31.375,55.5,56.5744395904671,17.375,21.25,81.5625,0.0,9.625,0.7248276233570351,5.875,15.125,0.39628682183829245,13.75,0.0,139.875,111.125,43.5,52.25,15.375,41.5,9.625,31.875,25.875,13.625,2.0101004301855694,14.5,35.875,40.037499999999994,26.125,50.625,51.66743293811249,15.375,18.125,83.8125,0.0,9.25,0.7484406718152847,3.25,16.375,0.21669180492709905,13.625,0.0,128.75
125,114,2024-04-25,1,1,2023-24,Philadelphia 76ers,New York Knicks,114.375,42.0,55.75,16.625,44.625,10.125,34.5,26.25,12.5,2.1895398096055994,14.0,38.375,36.5875,27.875,53.125,52.68683954954316,16.625,20.375,81.39999999999999,0.0,9.25,0.7670960253197096,6.5,19.125,0.3455312049062049,12.5,0.0,135.125,114.25,40.5,56.25,17.5,43.375,13.0,30.375,24.0,12.125,2.3892766955266955,13.5,32.5,41.512499999999996,28.125,56.625,49.75802375035025,17.5,21.625,79.5875,0.0,7.375,0.7820211038961038,4.75,16.375,0.28760398098633394,12.125,0.0,130.0
121,83,2024-04-25,1,1,2023-24,Orlando Magic,Cleveland Cavaliers,103.5,27.75,56.75,19.0,40.25,9.875,30.375,22.0,13.125,1.7642861121721416,9.25,32.5,28.7875,28.375,54.25,52.08916375690061,19.0,23.875,80.9125,0.0,9.25,0.745958269671505,4.75,19.0,0.24727991994245865,13.125,0.0,112.625,107.25,34.875,57.0,15.375,43.25,10.625,32.625,25.375,14.875,1.7908560463659147,11.625,32.75,35.2625,28.5,54.0,52.606022927006904,15.375,20.75,73.4125,0.0,9.25,0.6390959643426748,4.0,15.375,0.2573051948051948,14.875,0.0,122.25
105,112,2024-04-25,1,1,2023-24,Los Angeles Lakers,Denver Nuggets,115.875,34.5,62.25,19.125,40.75,8.0,32.75,26.5,15.125,1.9115937822497422,11.5,32.0,35.6875,31.125,52.5,59.604256693245574,19.125,23.125,82.1,0.0,8.125,0.5647574819401445,4.875,14.375,0.3592733247145012,15.125,0.0,135.125,116.25,40.125,63.75,12.375,45.75,10.25,35.5,30.25,12.125,2.7486577964519143,13.375,35.75,37.2375,31.875,54.75,58.288297076295734,12.375,16.75,74.675,0.0,7.75,0.7221288515406162,6.0,18.0,0.383093763821318,12.125,0.0,144.25
101,90,2024-04-26,1,1,2023-24,Dallas Mavericks,LA Clippers,108.0,37.125,52.75,18.125,45.375,9.875,35.5,22.875,14.375,1.7661181139122315,12.375,37.625,32.8375,26.375,48.0,55.62803098011169,18.125,23.5,75.8625,0.0,6.875,0.5513363678804856,6.625,17.125,0.4171529223083941,14.375,0.0,123.125,110.0,35.625,59.5,14.875,49.125,12.25,36.875,24.25,14.125,1.755849358974359,11.875,34.25,35.0625,29.75,57.125,52.14105520760804,14.875,17.25,86.36250000000001,0.0,8.0,0.6219608516483517,4.25,18.875,0.24624292116552177,14.125,0.0,129.375
121,118,2024-04-26,1,1,2023-24,Indiana Pacers,Milwaukee Bucks,123.75,38.25,71.25,14.25,43.375,10.75,32.625,31.625,11.625,3.0542868589743586,12.75,36.5,34.9125,35.625,56.75,62.70509986893738,14.25,17.875,79.3125,0.0,6.625,0.5759119352869353,5.875,20.75,0.28215865150407987,11.625,0.0,151.125,106.625,37.875,53.0,15.75,42.25,8.625,33.625,24.0,14.5,1.7584120321542924,12.625,34.75,36.2,26.5,48.625,54.73219156069766,15.75,18.125,83.6875,0.0,6.5,0.4545408345524445,4.75,16.5,0.3868359071484071,14.5,0.0,123.0
109,126,2024-04-26,1,1,2023-24,Phoenix Suns,Minnesota Timberwolves,104.875,35.25,52.25,17.375,39.375,8.25,31.125,24.125,15.25,1.6660228295096715,11.75,32.625,36.325,26.125,50.125,52.543342543307546,17.375,20.625,85.5125,0.0,9.5,0.7350096997300944,4.75,17.875,0.29559087390937233,15.25,0.0,119.25,111.375,36.0,56.0,19.375,42.5,10.25,32.25,25.625,15.0,1.9296640037593984,12.0,33.25,35.925,28.0,50.375,55.997214683831196,19.375,24.125,80.025,0.0,9.125,0.6788533834586467,5.25,20.25,0.27351190476190473,15.0,0.0,130.5
85,106,2024-04-27,1,1,2023-24,New Orleans Pelicans,Oklahoma City Thunder,109.125,41.625,52.75,14.75,41.5,9.75,31.75,25.25,14.125,1.9337115412966805,13.875,35.5,38.225,26.375,50.625,52.19934783172951,14.75,17.25,84.4125,0.0,8.625,0.6958613067359197,3.375,16.125,0.22230077928607342,14.125,0.0,125.375,118.75,39.0,63.25,16.5,44.5,8.0,36.5,28.0,13.125,2.2022090246354953,13.0,33.375,38.8125,31.625,54.5,58.15875752816849,16.5,20.25,81.65,0.0,9.25,0.7228434963729082,5.5,16.125,0.3526265347569527,13.125,0.0,145.875
119,108,2024-04-27,1,1,2023-24,Los Angeles Lakers,Denver Nuggets,113.375,33.375,62.5,17.5,39.375,7.625,31.75,26.75,13.875,2.1678963032581455,11.125,31.875,34.425,31.25,52.5,59.80266939165827,17.5,21.625,80.14999999999999,0.0,7.875,0.6340852130325815,4.625,15.125,0.3248983247145012,13.875,0.0,132.0,117.75,37.875,67.25,12.625,45.75,11.25,34.5,30.25,12.0,2.7672017524958705,12.625,34.875,35.55,33.625,56.5,59.64078363543552,12.625,16.375,76.975,0.0,7.875,0.7338046757164405,5.875,17.375,0.3835636886333481,12.0,0.0,146.625
84,104,2024-04-27,1,1,2023-24,Miami Heat,Boston Celtics,111.375,42.375,52.75,16.25,42.0,7.625,34.375,26.625,12.875,2.440248348143085,14.125,36.875,37.675,26.375,47.0,55.689790204234114,16.25,19.125,86.6625,0.0,6.875,0.5774094326725906,2.625,17.375,0.15600111693861693,12.875,0.0,130.375,112.875,46.875,55.0,11.0,43.625,10.125,33.5,27.75,11.5,2.689524629781983,15.625,41.25,38.3375,27.5,47.5,57.11808950201234,11.0,14.75,75.02857142857142,0.0,9.0,0.8652689222542164,7.25,13.375,0.5693421774304127,11.5,0.0,139.625
112,89,2024-04-27,1,1,2023-24,Orlando Magic,Cleveland Cavaliers,104.25,29.25,57.0,18.0,42.0,9.75,32.25,22.0,13.0,1.7976194455054748,9.75,32.375,30.2125,28.5,54.125,52.45036505560191,18.0,22.625,81.27499999999999,0.0,9.0,0.7306804918937272,4.75,19.25,0.24540022069433834,13.0,0.0,116.125,105.0,35.25,55.0,14.75,42.625,10.375,32.25,24.875,14.75,1.7718084273182955,11.75,33.75,34.8375,27.5,52.875,51.83847906735779,14.75,20.0,73.46249999999999,0.0,8.375,0.5819531071998177,4.5,15.625,0.2840909090909091,14.75,0.0,118.0
111,116,2024-04-28,1,1,2023-24,Dallas Mavericks,LA Clippers,107.125,36.0,53.25,17.875,44.75,10.25,34.5,21.75,13.25,1.849451447245565,12.0,37.75,31.6375,26.625,48.125,55.98097215658227,17.875,23.25,75.55,0.0,7.25,0.6555030345471522,6.375,17.0,0.4056639517201588,13.25,0.0,121.375,104.875,34.5,55.5,14.875,47.875,12.25,35.625,22.625,14.625,1.6141826923076923,11.5,33.5,34.737500000000004,27.75,55.25,50.36622942363592,14.875,17.5,85.25,0.0,7.5,0.5798555884904569,4.25,19.125,0.2443489817715824,14.625,0.0,120.375
126,113,2024-04-28,1,1,2023-24,Indiana Pacers,Milwaukee Bucks,125.0,39.375,70.25,15.375,44.0,10.75,33.25,32.25,11.5,3.1792868589743586,13.125,37.875,34.9375,35.125,55.625,62.92488008871759,15.375,19.5,78.4625,0.0,6.25,0.5429258241758241,5.25,20.625,0.25358722293265135,11.5,0.0,151.875,107.5,37.125,53.5,16.875,42.0,8.5,33.5,23.875,14.375,1.7648222885645486,12.375,33.375,36.662499999999994,26.75,49.25,54.5592833285789,16.875,18.875,85.6,0.0,6.25,0.44011775762936756,4.25,16.75,0.36520129176379174,14.375,0.0,124.0
116,122,2024-04-28,1,1,2023-24,Phoenix Suns,Minnesota Timberwolves,106.375,36.0,52.25,18.125,36.75,8.0,28.75,23.5,14.25,1.7646339406207827,12.0,32.875,36.9125,26.125,49.875,52.793342543307546,18.125,21.0,86.9625,0.0,9.0,0.7516763663967612,4.75,18.75,0.2902771087271861,14.25,0.0,118.625,116.25,37.125,57.75,21.375,43.25,11.125,32.125,26.0,14.375,2.0104910714285715,12.375,33.875,36.3875,28.875,50.0,57.93875781051583,21.375,26.25,81.08749999999999,0.0,8.625,0.6642857142857144,4.625,20.875,0.24101190476190476,14.375,0.0,136.875
92,97,2024-04-28,1,1,2023-24,Philadelphia 76ers,New York Knicks,116.375,42.375,55.0,19.0,44.0,10.125,33.875,25.75,12.5,2.1440852641510535,14.125,37.25,38.2625,27.5,52.125,53.10204933975295,19.0,23.125,81.775,0.0,8.625,0.7102778435015277,6.625,19.5,0.3427534271284271,12.5,0.0,137.0,116.0,41.625,57.5,16.875,42.625,13.25,29.375,24.625,11.0,2.611498917748918,13.875,32.625,42.6125,28.75,57.375,50.197838565165064,16.875,21.0,78.7625,0.0,6.75,0.7750766594516594,4.875,17.625,0.28593731431966724,11.0,0.0,132.375
108,106,2024-04-29,1,1,2023-24,Denver Nuggets,Los Angeles Lakers,113.5,32.625,67.25,13.625,44.875,11.625,33.25,29.25,11.625,2.7556471306471306,10.875,33.5,32.287499999999994,33.625,57.75,58.241007599601254,13.625,17.5,77.3125,0.0,7.875,0.747985347985348,5.5,16.625,0.37523035530001475,11.625,0.0,138.75,113.75,30.375,65.25,18.125,40.125,7.875,32.25,25.875,12.875,2.219979636591479,10.125,30.5,32.875,32.625,55.375,58.94819440927631,18.125,21.875,82.75,0.0,7.25,0.6278352130325815,3.5,16.125,0.22281499138116784,12.875,0.0,130.75
88,102,2024-04-29,1,1,2023-24,Miami Heat,Boston Celtics,107.0,40.875,50.75,15.375,40.5,7.75,32.75,25.875,13.25,2.283998348143085,13.625,35.875,37.175,25.375,46.5,54.245816388292646,15.375,18.25,85.77499999999999,0.0,6.125,0.4871316548948128,2.375,16.875,0.14608048201798202,13.25,0.0,122.375,113.25,46.5,55.5,11.25,42.625,9.875,32.75,27.375,11.25,2.757232963115316,15.5,40.375,38.6375,27.75,47.5,57.673645057567896,11.25,15.125,74.91428571428571,0.0,8.75,0.8548522555875497,7.5,14.0,0.5707626319758672,11.25,0.0,139.75
89,97,2024-04-29,1,1,2023-24,New Orleans Pelicans,Oklahoma City Thunder,106.125,41.625,49.75,14.75,42.0,9.75,32.25,24.0,14.625,1.8349720454983613,13.875,35.875,37.862500000000004,24.875,50.0,50.05275538908444,14.75,17.5,82.625,0.0,9.0,0.6983122871280766,3.375,15.875,0.2242615635997989,14.625,0.0,120.0,118.0,42.375,60.5,15.125,45.5,8.0,37.5,28.375,13.25,2.213146524635495,14.125,34.125,41.375,30.25,53.375,56.68649309047853,15.125,18.875,79.8875,0.0,9.875,0.7577393297062416,5.375,15.75,0.3531517448409864,13.25,0.0,147.0
104,103,2024-04-30,1,1,2023-24,Cleveland Cavaliers,Orlando Magic,104.0,32.625,55.5,15.875,41.25,9.25,32.0,24.875,14.25,1.8139136904761903,10.875,31.5,33.85,27.75,52.875,52.29302452190324,15.875,21.125,75.25,0.0,8.25,0.5929180194805195,4.5,16.75,0.26875,14.25,0.0,117.625,104.125,29.625,57.0,17.5,42.375,9.5,32.875,22.0,14.0,1.6642861121721417,9.875,31.375,31.9375,28.5,53.5,53.12876141414532,17.5,22.625,78.65,0.0,8.375,0.6292916030048383,5.0,19.5,0.25546214019898233,14.0,0.0,116.25
115,92,2024-04-30,1,1,2023-24,Milwaukee Bucks,Indiana Pacers,108.0,37.125,56.25,14.625,42.5,8.25,34.25,23.75,13.75,1.8848619711042311,12.375,33.25,36.800000000000004,28.125,51.25,55.00322855750487,14.625,16.625,83.0875,0.0,6.5,0.4827764877880977,3.875,17.0,0.3382915695415696,13.75,0.0,124.875,125.0,42.0,68.5,14.5,43.875,10.375,33.5,32.625,10.75,3.4270547161172162,14.0,38.875,35.975,34.25,54.75,62.135298464435394,14.5,19.125,75.4875,0.0,5.875,0.5496222527472527,5.375,20.0,0.2680799765558397,10.75,0.0,152.0
106,112,2024-04-30,1,1,2023-24,New York Knicks,Philadelphia 76ers,112.875,39.0,57.25,16.625,44.0,13.5,30.5,23.875,11.625,2.3629870129870127,13.0,32.375,39.8125,28.625,56.875,50.402977117761246,16.625,21.5,76.225,0.0,5.75,0.6247790404040403,5.5,17.25,0.32421482628138976,11.625,0.0,127.875,113.375,39.75,53.75,19.875,44.125,10.125,34.0,25.25,11.25,2.2858981296481296,13.25,36.5,36.550000000000004,26.875,53.25,50.39159015607948,19.875,23.875,82.7625,0.0,7.75,0.7007749195249195,6.125,19.75,0.3176587301587302,11.25,0.0,131.75
118,84,2024-05-01,1,1,2023-24,Boston Celtics,Miami Heat,110.5,45.75,52.75,12.0,43.375,10.625,32.75,25.75,11.0,2.6689462498286027,15.25,40.25,38.1,26.375,47.5,54.8675226085883,12.0,15.75,76.62857142857142,0.0,8.0,0.8059012066365007,6.875,15.0,0.506179298642534,11.0,0.0,133.625,103.625,41.25,49.5,12.875,40.875,7.75,33.125,25.375,14.25,2.0506650148097516,13.75,36.625,36.8875,24.75,46.0,53.579646245955665,12.875,15.75,83.82499999999999,0.0,6.25,0.4668935596567176,2.5,16.375,0.15555017898767898,14.25,0.0,117.375
93,123,2024-05-01,1,1,2023-24,LA Clippers,Dallas Mavericks,104.375,36.0,55.0,13.375,45.5,11.5,34.0,22.125,14.25,1.622596153846154,12.0,32.75,37.5,27.5,55.5,49.605925301987256,13.375,16.75,81.08749999999999,0.0,8.125,0.6369469346443031,4.75,19.75,0.2607631231857238,14.25,0.0,118.5,102.625,34.5,52.75,15.375,44.125,11.25,32.875,21.875,13.25,1.8568043884220353,11.5,37.0,30.9875,26.375,48.375,55.109142446437346,15.375,20.75,74.4375,0.0,7.375,0.6628559757236228,6.25,16.375,0.40657970263590976,13.25,0.0,116.125
120,98,2024-05-02,1,1,2023-24,Indiana Pacers,Milwaukee Bucks,121.875,43.125,65.75,13.0,43.75,11.125,32.625,32.375,11.5,3.185296474358974,14.375,39.625,36.4125,32.875,53.375,61.01019079863006,13.0,18.125,71.275,0.0,5.75,0.5070398351648352,5.0,19.25,0.2576633098891731,11.5,0.0,146.375,109.375,34.875,58.0,16.5,41.875,8.375,33.5,23.0,12.875,1.9448367185789786,11.625,32.375,35.6375,29.0,52.5,55.28100633528265,16.5,18.875,86.8375,0.0,6.75,0.5320189120305219,3.75,18.375,0.21537490287490288,12.875,0.0,125.25
115,118,2024-05-02,1,1,2023-24,Philadelphia 76ers,New York Knicks,110.75,40.875,50.5,19.375,44.125,10.625,33.5,24.875,11.875,2.1688638159226397,13.625,36.5,37.5125,25.25,50.375,50.21530810479742,19.375,23.875,80.125,0.0,6.5,0.5812896254072725,6.625,20.125,0.3369522084195997,11.875,0.0,128.5,110.125,36.375,57.5,16.25,45.125,13.5,31.625,22.375,12.125,2.1690476190476193,12.125,32.375,37.387499999999996,28.75,57.25,50.19021116031443,16.25,22.0,72.6875,0.0,6.25,0.6399305555555556,6.0,17.75,0.3435130718954249,12.125,0.0,123.25
114,101,2024-05-03,1,1,2023-24,Dallas Mavericks,LA Clippers,101.75,33.375,52.75,15.625,42.25,10.375,31.875,20.875,12.625,1.902637721755369,11.125,35.625,31.225,26.375,49.0,54.109869190623385,15.625,20.75,75.6875,0.0,7.25,0.6753559757236227,6.125,16.75,0.3946179801478714,12.625,0.0,113.375,102.875,34.875,53.75,14.25,43.25,12.0,31.25,20.875,13.5,1.6059294871794871,11.625,33.875,34.9375,26.875,54.375,49.43253312039836,14.25,18.0,79.3,0.0,8.0,0.6405183632157316,4.375,19.375,0.24371766864026925,13.5,0.0,112.375
103,96,2024-05-03,1,1,2023-24,Orlando Magic,Cleveland Cavaliers,103.75,30.375,55.75,17.625,42.5,9.125,33.375,21.25,13.875,1.624405159791189,10.125,32.25,31.912499999999998,27.875,51.625,53.85799957474931,17.625,23.375,76.725,0.0,7.875,0.5989344601476955,5.125,19.75,0.2569327284342764,13.875,0.0,115.0,102.25,33.375,54.0,14.875,41.625,9.375,32.25,24.375,14.125,1.7945955086580085,11.125,32.375,33.650000000000006,27.0,52.0,51.73944101953678,14.875,20.125,74.4625,0.0,8.125,0.5917816558441559,4.625,17.875,0.268125,14.125,0.0,115.375
99,106,2024-05-04,1,1,2023-24,Denver Nuggets,Minnesota Timberwolves,113.125,33.375,65.75,14.0,45.125,11.125,34.0,29.0,12.125,2.630647130647131,11.125,33.625,32.825,32.875,57.0,57.596012759559976,14.0,17.25,82.73750000000001,0.0,7.125,0.6515567765567766,4.125,17.375,0.23304285530001473,12.125,0.0,136.5,115.625,37.125,55.5,23.0,43.0,11.625,31.375,25.25,13.875,2.0235119047619046,12.375,33.5,36.7875,27.75,49.375,56.52772983393808,23.0,28.375,80.45,0.0,7.875,0.6330357142857144,5.0,21.75,0.25003968253968256,13.875,0.0,134.75
106,94,2024-05-05,1,1,2023-24,Cleveland Cavaliers,Orlando Magic,100.5,30.375,57.25,12.875,40.5,8.75,31.75,22.875,14.0,1.7086580086580085,10.125,31.25,31.712500000000002,28.625,53.625,53.171433356701534,12.875,17.75,71.6625,0.0,7.75,0.5725108225108225,4.625,18.875,0.23913949275362317,14.0,0.0,111.25,104.25,30.375,55.5,18.375,44.25,10.375,33.875,21.25,13.625,1.6456105169340463,10.125,33.0,31.15,27.75,52.25,53.00796026657321,18.375,23.75,78.6,0.0,7.875,0.6056308887191241,5.5,19.75,0.2819327284342764,13.625,0.0,116.75
80,106,2024-05-06,1,1,2023-24,Denver Nuggets,Minnesota Timberwolves,111.0,34.125,62.5,14.375,43.875,10.125,33.75,28.125,11.875,2.6038614163614167,11.375,34.375,32.5625,31.25,55.25,56.30290931128411,14.375,16.875,85.67500000000001,0.0,7.75,0.7140567765567766,3.375,17.0,0.199312696569856,11.875,0.0,132.75,112.625,34.5,57.25,20.875,42.75,11.25,31.5,24.5,14.625,1.769047619047619,11.5,31.75,36.3875,28.625,50.125,57.42290608625719,20.875,25.875,79.6625,0.0,7.25,0.5281250000000001,4.75,22.5,0.21611111111111111,14.625,0.0,130.5
121,117,2024-05-06,1,1,2023-24,New York Knicks,Indiana Pacers,110.125,36.375,56.0,17.75,44.625,13.875,30.75,22.875,11.375,2.357936507936508,12.125,31.75,38.175,28.0,57.125,49.092540909418375,17.75,23.75,74.5625,0.0,6.125,0.6649305555555556,6.5,18.375,0.3606699346405229,11.375,0.0,124.125,119.375,42.0,64.5,12.875,43.75,10.125,33.625,32.375,11.125,3.265653617216117,14.0,39.0,36.025000000000006,32.25,52.25,61.38056116900043,12.875,17.375,73.6,0.0,5.5,0.5062281468531469,4.375,19.625,0.22860812594268476,11.125,0.0,144.75
120,95,2024-05-07,1,1,2023-24,Boston Celtics,Cleveland Cavaliers,113.875,45.375,54.25,14.25,45.625,10.125,35.5,25.25,11.375,2.5793629164952696,15.125,38.75,39.0125,27.125,47.0,57.55374541676233,14.25,19.125,75.3875,0.0,7.25,0.732984539969834,6.75,15.875,0.46867929864253394,11.375,0.0,139.0,97.625,28.5,54.5,14.625,41.375,8.625,32.75,21.75,14.625,1.5389136904761904,9.5,30.25,30.8,27.25,52.375,51.96223898712981,14.625,19.375,73.375,0.0,7.625,0.5327380952380952,5.375,20.0,0.26476061076604557,14.625,0.0,108.5
117,95,2024-05-07,1,1,2023-24,Oklahoma City Thunder,Dallas Mavericks,115.0,40.125,59.5,15.375,46.5,7.75,38.75,26.5,12.875,2.1312137515262517,13.375,34.625,38.875,29.75,52.25,56.914084126893094,15.375,19.75,78.1375,0.0,9.25,0.7351552960927961,5.75,15.875,0.3723510912462151,12.875,0.0,142.0,102.125,32.25,52.75,17.125,43.0,11.625,31.375,20.75,13.0,1.7454948646125117,10.75,34.625,31.125,26.375,49.5,53.41714281754076,17.125,23.25,74.4125,0.0,7.0,0.60749883286648,5.625,18.125,0.33852823655812786,13.0,0.0,112.375
130,121,2024-05-08,1,1,2023-24,New York Knicks,Indiana Pacers,111.375,35.25,58.25,17.875,45.75,13.875,31.875,23.375,12.625,2.041269841269841,11.75,30.875,38.3125,29.125,57.875,50.42368897465663,17.875,23.875,74.6375,0.0,5.5,0.4565972222222222,6.625,18.875,0.3619857241142071,12.625,0.0,126.125,119.0,42.375,64.25,12.375,42.875,10.125,32.75,31.75,10.375,3.4352964743589745,14.125,38.25,37.325,32.125,52.875,60.52459059741017,12.375,17.0,72.66250000000001,0.0,5.75,0.5843531468531469,4.75,20.25,0.2423113344988345,10.375,0.0,144.25
94,118,2024-05-09,1,1,2023-24,Boston Celtics,Cleveland Cavaliers,115.25,46.125,55.0,14.125,48.0,10.5,37.5,24.875,11.0,2.6245018053841584,15.375,39.25,39.137499999999996,27.5,47.25,58.072520120319645,14.125,18.875,75.9375,0.0,6.625,0.6878456510809451,6.125,15.5,0.44223699095022617,11.0,0.0,141.5,95.75,26.625,54.0,15.125,40.75,8.0,32.75,20.375,13.5,1.7460565476190473,8.875,31.375,28.0125,27.0,50.875,52.8997389871298,15.125,19.875,74.64999999999999,0.0,7.375,0.5470238095238095,5.625,21.25,0.2699689440993789,13.5,0.0,105.25
110,119,2024-05-09,1,1,2023-24,Oklahoma City Thunder,Dallas Mavericks,115.625,42.0,58.5,15.125,47.75,9.0,38.75,27.5,12.5,2.273259206071706,14.0,35.25,40.0,29.25,52.75,55.46963968244865,15.125,19.375,78.2375,0.0,8.875,0.7278501012876013,5.75,15.875,0.37235109124621507,12.5,0.0,144.0,102.875,33.75,51.0,18.125,41.75,11.875,29.875,20.625,12.5,1.7689323646125117,11.25,35.375,31.9625,25.5,48.875,52.29280419320213,18.125,24.875,73.5375,0.0,7.0,0.61531133286648,6.0,19.625,0.31670283973273106,12.5,0.0,111.5
90,117,2024-05-10,1,1,2023-24,Minnesota Timberwolves,Denver Nuggets,112.5,34.5,57.5,20.5,43.625,11.375,32.25,25.125,14.875,1.7732142857142859,11.5,32.125,35.9,28.75,50.0,57.79997999274286,20.5,25.0,80.56250000000001,0.0,7.5,0.5302083333333333,5.625,22.375,0.26134920634920633,14.875,0.0,133.125,106.0,32.625,58.5,14.875,46.0,11.625,34.375,26.25,13.125,2.278569018700598,10.875,33.625,31.8,29.25,54.25,53.64284126303171,14.875,17.875,83.45,0.0,7.375,0.6285304607673029,3.625,16.375,0.22656833566760037,13.125,0.0,125.375
111,106,2024-05-10,1,1,2023-24,Indiana Pacers,New York Knicks,114.5,40.875,61.0,12.625,41.125,10.375,30.75,30.75,9.5,3.5733173076923075,13.625,38.0,36.2375,30.5,52.25,58.531741021138984,12.625,17.875,70.0125,0.0,5.125,0.5756725912975913,4.375,19.375,0.23312015802824626,9.5,0.0,135.0,112.625,36.0,58.5,18.125,44.625,13.375,31.25,23.5,11.375,2.198737373737374,12.0,30.625,39.462500000000006,29.25,57.5,51.03279914414814,18.125,24.0,75.3375,0.0,5.25,0.47174873737373735,6.25,18.5,0.3446537913410978,11.375,0.0,128.125
93,106,2024-05-11,1,1,2023-24,Cleveland Cavaliers,Boston Celtics,98.375,28.5,55.5,14.375,39.5,7.625,31.875,20.75,12.75,1.8502232142857142,9.5,31.125,30.475,27.75,51.75,53.36458009598714,14.375,19.25,73.125,0.0,6.75,0.5261904761904762,5.5,21.125,0.2649094202898551,12.75,0.0,107.625,110.625,43.875,51.25,15.5,45.25,9.25,36.0,23.375,11.125,2.3090256149079678,14.625,38.5,37.737500000000004,25.625,45.0,57.08045662825616,15.5,20.25,77.7,0.0,5.75,0.5271313653666595,6.375,14.875,0.4609869909502262,11.125,0.0,132.25
105,101,2024-05-11,1,1,2023-24,Dallas Mavericks,Oklahoma City Thunder,107.0,37.5,51.0,18.5,42.125,11.875,30.25,22.0,11.875,1.9855990312791785,12.5,35.125,35.475,25.5,48.25,52.78076775858925,18.5,25.75,72.0875,0.0,7.0,0.6486446661998133,6.5,20.375,0.3357504587803501,11.875,0.0,120.125,113.5,39.75,58.75,15.0,45.125,9.125,36.0,26.5,12.25,2.242009206071706,13.25,34.25,38.9,29.375,52.25,56.09850704860415,15.0,18.875,79.875,0.0,8.0,0.6653501012876013,5.75,16.125,0.36714275791288176,12.25,0.0,138.875
121,89,2024-05-12,1,1,2023-24,Indiana Pacers,New York Knicks,116.625,42.375,61.5,12.75,40.125,10.25,29.875,31.0,9.125,3.6560096153846153,14.125,37.25,38.2875,30.75,52.75,58.50691480465437,12.75,17.5,72.08749999999999,0.0,5.375,0.6122110528360528,4.5,19.875,0.23155765802824627,9.125,0.0,138.625,112.0,35.25,59.5,17.25,42.875,11.75,31.125,23.375,11.5,2.173096348096348,11.75,29.625,40.237500000000004,29.75,57.125,52.228890788353,17.25,23.25,74.16250000000001,0.0,5.25,0.46694104506604506,6.125,18.5,0.3377093468966534,11.5,0.0,126.875
107,115,2024-05-12,1,1,2023-24,Minnesota Timberwolves,Denver Nuggets,110.125,34.5,55.75,19.875,42.125,11.125,31.0,24.375,15.125,1.6939732142857142,11.5,31.625,36.3125,27.875,49.5,56.37454139625164,19.875,24.5,79.65,0.0,7.125,0.4978422619047619,4.625,22.125,0.21759920634920635,15.125,0.0,126.875,104.875,33.375,57.25,14.25,44.25,10.625,33.625,25.5,12.25,2.3518013419329216,11.125,32.75,33.675,28.625,54.0,52.731816475758315,14.25,17.125,83.5,0.0,7.375,0.6683031880400302,3.5,17.375,0.20980362978524741,12.25,0.0,123.375
102,109,2024-05-13,1,1,2023-24,Cleveland Cavaliers,Boston Celtics,98.0,28.5,56.0,13.5,37.875,6.625,31.25,20.625,11.875,1.9658482142857143,9.5,30.75,30.7875,28.0,52.375,53.21923125877784,13.5,17.25,76.6875,0.0,5.875,0.4970238095238095,5.0,19.875,0.25151656314699794,11.875,0.0,106.125,107.375,42.75,49.5,15.125,44.75,9.125,35.625,22.5,10.5,2.324956987456987,14.25,38.75,36.2625,24.75,43.625,57.01371368393884,15.125,19.375,79.1875,0.0,4.875,0.48485195360195354,5.0,15.0,0.3524705074337427,10.5,0.0,126.375
96,100,2024-05-13,1,1,2023-24,Dallas Mavericks,Oklahoma City Thunder,108.0,37.875,52.75,17.375,43.0,12.625,30.375,22.875,12.5,1.9786545868347338,12.625,35.125,35.85,26.375,49.625,53.23014413423122,17.375,24.75,70.6125,0.0,7.0,0.613922443977591,5.625,20.5,0.2763754587803501,12.5,0.0,120.875,110.5,38.625,57.25,14.625,45.5,8.875,36.625,25.75,12.75,2.084866348928849,12.875,33.25,38.7875,28.625,52.25,54.62791881331004,14.625,18.75,78.4875,0.0,7.25,0.5653501012876013,6.5,17.375,0.37755942457954844,12.75,0.0,134.625
121,91,2024-05-14,1,1,2023-24,New York Knicks,Indiana Pacers,110.125,33.75,58.75,17.625,42.5,12.25,30.25,22.875,12.25,1.990060633810634,11.25,30.125,38.4375,29.375,56.375,52.15428866633709,17.625,24.25,72.7125,0.0,5.625,0.46024461649461645,5.625,17.875,0.31442503317116316,12.25,0.0,122.0,116.125,41.625,62.0,12.5,41.0,10.5,30.5,30.125,10.125,3.141128663003663,13.875,36.625,38.3875,31.0,53.125,58.531281276389265,12.5,16.75,74.9875,0.0,6.125,0.6300681956931957,4.625,20.75,0.2248909913615796,10.125,0.0,138.75
112,97,2024-05-14,1,1,2023-24,Denver Nuggets,Minnesota Timberwolves,105.0,32.625,57.25,15.125,42.0,9.375,32.625,25.75,13.0,2.0913846752662546,10.875,31.125,34.8125,28.625,52.75,54.06514980909164,15.125,18.25,83.08749999999999,0.0,7.375,0.5953865213733635,3.75,17.375,0.22230362978524743,13.0,0.0,123.375,110.25,35.25,56.0,19.0,42.875,11.125,31.75,24.25,13.5,1.8180262445887445,11.75,31.875,36.9,28.0,50.75,55.18556833227857,19.0,24.0,77.9125,0.0,6.875,0.5182021103896104,4.375,22.25,0.2042063492063492,13.5,0.0,127.25
92,104,2024-05-15,1,1,2023-24,Oklahoma City Thunder,Dallas Mavericks,106.125,36.0,54.25,15.875,43.875,9.0,34.875,23.25,11.875,2.0494496822621824,12.0,32.375,36.875,27.125,52.5,52.07602626141748,15.875,19.75,80.30000000000001,0.0,7.5,0.6403501012876013,6.875,17.75,0.3896917775207249,11.875,0.0,126.125,108.0,37.125,54.25,16.625,42.625,12.75,29.875,24.0,12.5,2.0590117296918766,12.375,35.375,34.837500000000006,27.125,50.875,53.657963353186894,16.625,24.25,68.8,0.0,6.5,0.5782081582633053,6.375,19.875,0.3286097582972583,12.5,0.0,120.625
113,98,2024-05-15,1,1,2023-24,Boston Celtics,Cleveland Cavaliers,106.75,39.0,51.75,16.0,45.25,9.125,36.125,21.0,11.0,2.1431388056388054,13.0,36.625,35.3375,25.875,45.25,57.63953713584925,16.0,20.375,79.1875,0.0,4.875,0.4666701354201354,4.75,15.25,0.31913717410040937,11.0,0.0,124.25,100.375,31.125,56.5,12.75,37.875,7.0,30.875,20.875,11.125,2.1578125,10.375,32.5,31.762500000000003,28.25,52.125,54.03444865008218,12.75,16.5,75.03750000000001,0.0,6.625,0.6041666666666666,4.375,20.0,0.2110753866764097,11.125,0.0,109.25
115,70,2024-05-16,1,1,2023-24,Minnesota Timberwolves,Denver Nuggets,107.375,33.75,55.5,18.125,40.5,10.5,30.0,24.75,13.375,1.8692167207792207,11.25,31.125,36.0625,27.75,50.25,55.25424965095989,18.125,23.625,75.1,0.0,6.75,0.5140354437229437,5.0,21.75,0.23753968253968255,13.375,0.0,123.125,106.375,33.0,58.25,15.125,41.125,9.25,31.875,26.25,13.375,2.0427735641551434,11.0,29.25,37.8,29.125,53.625,54.0613550307067,15.125,18.375,82.47500000000001,0.0,7.375,0.5745531880400301,3.875,17.375,0.22965657096171802,13.375,0.0,125.625
116,103,2024-05-17,1,1,2023-24,Indiana Pacers,New York Knicks,112.375,41.25,58.75,12.375,38.375,8.75,29.625,29.125,11.375,2.8077953296703293,13.75,33.875,40.625,29.375,51.75,56.6662019113099,12.375,16.5,75.275,0.0,6.125,0.5866654179154179,4.875,20.625,0.23936467557210592,11.375,0.0,132.875,111.0,33.375,59.75,17.875,45.125,13.375,31.75,22.75,12.25,1.9761717449217449,11.125,30.75,37.3125,29.875,57.125,52.32474321179163,17.875,24.25,74.025,0.0,6.0,0.5019112831612832,5.875,17.5,0.32783412408025414,12.25,0.0,125.25
117,116,2024-05-18,1,1,2023-24,Dallas Mavericks,Oklahoma City Thunder,108.375,39.0,53.25,16.125,43.875,12.5,31.375,24.75,13.125,2.0084164915966385,13.0,35.375,36.625,26.625,49.625,54.23185144500899,16.125,23.5,69.2,0.0,5.625,0.4561843487394958,6.125,20.0,0.3106869641796112,13.125,0.0,122.875,105.875,36.0,54.25,15.625,42.5,9.0,33.5,23.125,11.125,2.2046694624819625,12.0,33.375,36.0875,27.125,51.75,52.88895279694539,15.625,19.375,80.6875,0.0,7.875,0.7351303210678211,6.25,18.0,0.3390507518796993,11.125,0.0,124.75
90,98,2024-05-19,1,1,2023-24,Denver Nuggets,Minnesota Timberwolves,101.125,33.75,53.25,14.125,40.125,8.75,31.375,25.125,13.25,1.9706581795397589,11.25,30.25,37.987500000000004,26.625,52.125,50.94845180490025,14.125,17.375,81.50000000000001,0.0,7.125,0.556924982911825,4.125,17.75,0.23963556255835666,13.25,0.0,116.625,108.625,36.0,55.25,17.375,43.375,10.625,32.75,25.125,12.375,2.2055262445887447,12.0,32.125,37.2375,27.625,50.25,54.9825105205251,17.375,22.875,74.675,0.0,6.5,0.603321158008658,5.25,20.875,0.26134920634920633,12.375,0.0,128.25
109,130,2024-05-19,1,1,2023-24,New York Knicks,Indiana Pacers,111.75,35.625,58.0,18.125,43.0,13.125,29.875,22.875,11.875,2.056032856032856,11.875,31.625,38.85,29.0,55.75,51.95839434173513,18.125,24.25,74.9875,0.0,6.625,0.5748279498279498,5.125,17.0,0.29713236969428913,11.875,0.0,124.875,111.125,36.375,62.75,12.0,39.5,9.875,29.625,29.375,11.5,2.778281440781441,12.125,31.75,38.55,31.375,54.125,57.83677047318281,12.0,15.875,75.58749999999999,0.0,5.875,0.5502070845820846,5.125,21.0,0.24531705652448685,11.5,0.0,133.25
133,128,2024-05-21,1,1,2023-24,Boston Celtics,Indiana Pacers,108.25,41.625,51.25,15.375,45.75,9.75,36.0,22.375,11.125,2.2269300144300144,13.875,38.0,36.175,25.625,43.875,58.89939073945285,15.375,19.25,80.675,0.0,4.5,0.43370310245310245,4.5,15.0,0.3103136446886447,11.125,0.0,128.0,115.875,36.75,66.75,12.375,39.125,9.5,29.625,30.375,11.625,2.8325396825396827,12.25,30.0,41.375,33.375,55.625,59.950935378045386,12.375,16.25,76.5,0.0,6.375,0.5838609307359307,5.875,21.5,0.27562008682751715,11.625,0.0,142.125
105,108,2024-05-22,1,1,2023-24,Minnesota Timberwolves,Dallas Mavericks,105.125,34.875,53.0,17.25,43.0,10.125,32.875,24.125,11.75,2.2233833874458875,11.625,32.125,36.137499999999996,26.5,49.25,53.740372155745234,17.25,22.75,74.625,0.0,7.0,0.6836783008658008,5.875,20.375,0.292063492063492,11.75,0.0,124.625,109.125,40.875,52.5,15.75,44.5,12.5,32.0,25.125,13.25,2.020262896825397,13.625,35.5,38.35,26.25,49.625,53.45060144500899,15.75,23.375,68.05,0.0,5.625,0.4541418650793651,6.0,20.25,0.30266418985248905,13.25,0.0,124.25
126,110,2024-05-23,1,1,2023-24,Boston Celtics,Indiana Pacers,111.875,43.125,52.25,16.5,45.75,10.125,35.625,23.375,12.25,2.018596681096681,14.375,39.0,36.625,26.125,45.0,58.52902036908249,16.5,20.375,81.75,0.0,5.375,0.4420364357864358,4.375,14.875,0.3051053113553113,12.25,0.0,131.125,116.875,36.75,68.5,11.625,39.125,9.875,29.25,31.0,13.0,2.673448773448773,12.25,29.375,41.949999999999996,34.25,58.0,58.59676871137872,11.625,15.375,76.72500000000001,0.0,6.5,0.5497700216450218,6.0,21.125,0.2829361403392229,13.0,0.0,141.875
108,109,2024-05-24,1,1,2023-24,Minnesota Timberwolves,Dallas Mavericks,103.0,36.0,51.5,15.5,42.5,9.25,33.25,24.125,11.5,2.271300054112554,12.0,33.75,35.512499999999996,25.75,47.625,53.85829668404712,15.5,21.125,72.1875,0.0,7.25,0.7211783008658008,5.5,19.125,0.2863445378151261,11.5,0.0,121.625,107.25,37.875,53.5,15.875,45.5,12.75,32.75,24.375,13.625,1.8846859737484738,12.625,33.75,36.862500000000004,26.75,51.375,52.31652886436383,15.875,23.0,70.4375,0.0,5.625,0.4397187881562881,6.25,19.375,0.3352399474282467,13.625,0.0,122.5
111,114,2024-05-25,1,1,2023-24,Indiana Pacers,Boston Celtics,116.0,37.125,67.75,11.125,39.75,10.5,29.25,29.875,14.0,2.353136273448773,12.375,29.75,41.875,33.875,57.125,58.83870419524969,11.125,15.0,75.46249999999999,0.0,6.0,0.44820752164502164,5.625,21.25,0.26539661464752323,14.0,0.0,138.75,114.875,43.5,54.75,16.625,45.0,10.375,34.625,24.25,12.375,2.071626984126984,14.5,39.0,36.9625,27.375,45.25,60.759912726025256,16.625,20.625,81.2625,0.0,5.875,0.478968253968254,4.25,14.375,0.30198031135531134,12.375,0.0,135.5
116,107,2024-05-26,1,1,2023-24,Dallas Mavericks,Minnesota Timberwolves,106.625,37.875,53.75,15.0,45.375,11.875,33.5,24.125,13.625,1.8596859737484737,12.625,33.125,37.5375,26.875,52.125,51.70934299523497,15.0,21.625,70.625,0.0,5.75,0.4522187881562882,6.625,18.5,0.36587720233020743,13.625,0.0,122.5,103.25,36.375,49.25,17.625,42.25,9.875,32.375,24.375,10.875,2.418125450937951,12.125,34.25,35.2625,24.625,47.5,51.90964348539392,17.625,23.625,72.975,0.0,7.625,0.7826862373737373,5.625,19.0,0.2948971693940734,10.875,0.0,121.25
102,105,2024-05-27,1,1,2023-24,Indiana Pacers,Boston Celtics,114.75,33.375,69.75,11.625,40.875,9.875,31.0,29.75,14.25,2.258439303751804,11.125,28.25,39.2,34.875,58.375,59.27471500340493,11.625,14.625,80.6125,0.0,5.875,0.4242176226551227,5.375,21.75,0.24929017207049242,14.25,0.0,138.75,114.375,43.5,54.0,16.875,42.5,10.25,32.25,24.375,11.5,2.2549603174603177,14.5,39.75,36.3125,27.0,45.25,59.74639921251175,16.875,20.5,82.5375,0.0,6.125,0.5466765873015873,5.375,14.75,0.3603136446886447,11.5,0.0,134.125
100,105,2024-05-28,1,1,2023-24,Dallas Mavericks,Minnesota Timberwolves,109.25,38.625,54.5,16.125,44.5,11.375,33.125,24.125,13.375,1.8808913308913309,12.875,32.25,39.5,27.25,51.0,53.85220013809211,16.125,22.375,72.6125,0.0,6.0,0.4756562881562882,6.25,18.25,0.35115289155326507,13.375,0.0,127.375,103.375,34.875,50.5,18.0,41.125,9.875,31.25,24.125,10.625,2.4514587842712845,11.625,33.875,34.0875,25.25,48.0,52.52907307541175,18.0,24.0,73.7625,0.0,6.75,0.7181029040404041,4.375,19.5,0.23031383606074007,10.625,0.0,118.125
103,124,2024-05-30,1,1,2023-24,Minnesota Timberwolves,Dallas Mavericks,105.25,35.25,52.25,17.75,42.125,10.0,32.125,24.125,10.5,2.463437950937951,11.75,32.75,36.025000000000006,26.125,49.5,52.62117833856964,17.75,24.0,72.7625,0.0,7.25,0.7540404040404041,4.5,19.875,0.2333029664955227,10.5,0.0,122.125,106.875,37.125,53.5,16.25,43.75,11.125,32.625,23.25,13.875,1.7112484737484737,12.375,32.625,37.8,26.75,49.5,54.289383755211304,16.25,22.0,74.475,0.0,5.75,0.4292277167277167,6.0,18.375,0.3381658785662521,13.875,0.0,123.0
107,89,2024-06-06,1,1,2023-24,Boston Celtics,Dallas Mavericks,112.5,42.0,53.75,16.75,41.125,10.125,31.0,24.375,12.0,2.1609432234432235,14.0,39.5,35.4,26.875,45.125,59.631664912994836,16.75,20.5,81.64999999999999,0.0,7.125,0.6150526556776557,5.25,15.375,0.3346726190476191,12.0,0.0,130.875,109.25,38.625,54.25,16.375,43.375,10.375,33.0,23.0,13.75,1.7064407814407814,12.875,32.75,39.15,27.125,48.5,56.004900996590614,16.375,21.75,75.7125,0.0,5.75,0.43403540903540905,6.375,18.875,0.3537908785662521,13.75,0.0,127.375
105,98,2024-06-09,1,1,2023-24,Boston Celtics,Dallas Mavericks,114.125,45.0,53.25,15.875,43.125,10.625,32.5,24.5,12.875,1.9734432234432235,15.0,40.375,37.300000000000004,26.625,44.5,59.87472046855039,15.875,19.875,79.7875,0.0,7.25,0.57933836996337,6.0,15.5,0.379985119047619,12.875,0.0,134.875,108.375,36.75,55.25,16.375,42.875,10.125,32.75,20.875,13.375,1.5765706515706515,12.25,31.75,38.099999999999994,27.625,49.0,56.48487451529303,16.375,21.25,77.08749999999999,0.0,6.25,0.48923021423021423,4.875,18.625,0.2713256007884743,13.375,0.0,124.125
99,106,2024-06-12,1,1,2023-24,Dallas Mavericks,Boston Celtics,107.625,33.75,56.75,17.125,42.5,10.125,32.375,20.125,13.5,1.510499222999223,11.25,30.625,35.9875,28.375,50.625,55.96545265440775,17.125,22.625,75.8125,0.0,6.25,0.48625402375402377,4.625,18.625,0.25661971843553316,13.5,0.0,120.5,114.0,43.875,53.25,16.875,42.75,10.75,32.0,25.375,12.75,2.073822011322011,14.625,41.0,35.725,26.625,44.375,60.04380259415426,16.875,20.625,81.8375,0.0,8.125,0.6617247335997336,6.125,15.625,0.3859375,12.75,0.0,135.75
122,84,2024-06-14,1,1,2023-24,Dallas Mavericks,Boston Celtics,105.375,31.125,57.5,16.75,42.0,9.25,32.75,18.875,12.375,1.545221445221445,10.375,29.5,34.6,28.75,52.25,55.13724227189409,16.75,21.625,77.9,0.0,6.25,0.5209762459762459,4.25,17.875,0.2422335291772211,12.375,0.0,116.875,113.625,45.75,52.0,15.875,41.25,10.25,31.0,26.75,12.0,2.3099331224331223,15.25,42.75,35.6625,26.0,43.125,60.27025186951657,15.875,19.375,82.5125,0.0,7.875,0.6672802891552891,6.375,16.5,0.38374451754385963,12.0,0.0,135.75
106,88,2024-06-17,1,1,2023-24,Boston Celtics,Dallas Mavericks,110.0,43.875,50.0,16.125,39.75,9.375,30.375,25.0,12.0,2.1849331224331223,14.625,42.5,34.400000000000006,25.0,43.375,57.30767390693861,16.125,19.5,83.6375,0.0,7.375,0.6315660034410034,6.25,17.0,0.3666392543859649,12.0,0.0,126.75,107.125,34.5,56.0,16.625,42.5,9.5,33.0,18.875,11.875,1.6349650349650349,11.5,31.0,36.6625,28.0,51.25,54.85349077846517,16.625,22.25,74.6625,0.0,6.5,0.5701215451215451,3.5,18.125,0.19027274486349563,11.875,0.0,118.25
