placar_casa,placar_visitante,data,round,stage,ano,equipe_casa,equipe_visitante,resultado,Pts_casa,3P_casa,2P_casa,LL_casa,RT_casa,RO_casa,RD_casa,AS_casa,ER_casa,IA%_casa,3PC_casa,3PT_casa,3P%_casa,2PC_casa,2PT_casa,2P%_casa,LLC_casa,LLT_casa,LL%_casa,EN_casa,BR_casa,B/E_casa,TO_casa,FC_casa,T/FC_casa,ET_casa,VI_casa,EF_casa,Pts_visitante,3P_visitante,2P_visitante,LL_visitante,RT_visitante,RO_visitante,RD_visitante,AS_visitante,ER_visitante,IA%_visitante,3PC_visitante,3PT_visitante,3P%_visitante,2PC_visitante,2PT_visitante,2P%_visitante,LLC_visitante,LLT_visitante,LL%_visitante,EN_visitante,BR_visitante,B/E_visitante,TO_visitante,FC_visitante,T/FC_visitante,ET_visitante,VI_visitante,EF_visitante
77,56,2009-01-28,1,1,2008-2009,Espírito Santo,Araraquara,1,0.0,0.0,0.0,0.0,0.0,0.0,0.0,0.0,0.0,0.0,0.0,0.0,0.0,0.0,0.0,0.0,0.0,0.0,0.0,0.0,0.0,0.0,0.0,0.0,0.0,0.0,0.0,0.0,0.0,0.0,0.0,0.0,0.0,0.0,0.0,0.0,0.0,0.0,0.0,0.0,0.0,0.0,0.0,0.0,0.0,0.0,0.0,0.0,0.0,0.0,0.0,0.0,0.0,0.0,0.0,0.0
88,75,2009-01-28,1,1,2008-2009,Brasília,Assis,1,0.0,0.0,0.0,0.0,0.0,0.0,0.0,0.0,0.0,0.0,0.0,0.0,0.0,0.0,0.0,0.0,0.0,0.0,0.0,0.0,0.0,0.0,0.0,0.0,0.0,0.0,0.0,0.0,0.0,0.0,0.0,0.0,0.0,0.0,0.0,0.0,0.0,0.0,0.0,0.0,0.0,0.0,0.0,0.0,0.0,0.0,0.0,0.0,0.0,0.0,0.0,0.0,0.0,0.0,0.0,0.0
89,90,2009-01-28,1,1,2008-2009,Pinheiros,Flamengo,0,0.0,0.0,0.0,0.0,0.0,0.0,0.0,0.0,0.0,0.0,0.0,0.0,0.0,0.0,0.0,0.0,0.0,0.0,0.0,0.0,0.0,0.0,0.0,0.0,0.0,0.0,0.0,0.0,0.0,0.0,0.0,0.0,0.0,0.0,0.0,0.0,0.0,0.0,0.0,0.0,0.0,0.0,0.0,0.0,0.0,0.0,0.0,0.0,0.0,0.0,0.0,0.0,0.0,0.0,0.0,0.0
82,76,2009-01-28,1,1,2008-2009,Paulistano,Minas,1,0.0,0.0,0.0,0.0,0.0,0.0,0.0,0.0,0.0,0.0,0.0,0.0,0.0,0.0,0.0,0.0,0.0,0.0,0.0,0.0,0.0,0.0,0.0,0.0,0.0,0.0,0.0,0.0,0.0,0.0,0.0,0.0,0.0,0.0,0.0,0.0,0.0,0.0,0.0,0.0,0.0,0.0,0.0,0.0,0.0,0.0,0.0,0.0,0.0,0.0,0.0,0.0,0.0,0.0,0.0,0.0
73,68,2009-01-28,1,1,2008-2009,Coop/São José Basketball,Lajeado,1,0.0,0.0,0.0,0.0,0.0,0.0,0.0,0.0,0.0,0.0,0.0,0.0,0.0,0.0,0.0,0.0,0.0,0.0,0.0,0.0,0.0,0.0,0.0,0.0,0.0,0.0,0.0,0.0,0.0,0.0,0.0,0.0,0.0,0.0,0.0,0.0,0.0,0.0,0.0,0.0,0.0,0.0,0.0,0.0,0.0,0.0,0.0,0.0,0.0,0.0,0.0,0.0,0.0,0.0,0.0,0.0
93,88,2009-01-28,1,1,2008-2009,Limeira,Joinville,1,0.0,0.0,0.0,0.0,0.0,0.0,0.0,0.0,0.0,0.0,0.0,0.0,0.0,0.0,0.0,0.0,0.0,0.0,0.0,0.0,0.0,0.0,0.0,0.0,0.0,0.0,0.0,0.0,0.0,0.0,0.0,0.0,0.0,0.0,0.0,0.0,0.0,0.0,0.0,0.0,0.0,0.0,0.0,0.0,0.0,0.0,0.0,0.0,0.0,0.0,0.0,0.0,0.0,0.0,0.0,0.0
79,80,2009-01-28,1,1,2008-2009,Saldanha,Sesi Franca,0,0.0,0.0,0.0,0.0,0.0,0.0,0.0,0.0,0.0,0.0,0.0,0.0,0.0,0.0,0.0,0.0,0.0,0.0,0.0,0.0,0.0,0.0,0.0,0.0,0.0,0.0,0.0,0.0,0.0,0.0,0.0,0.0,0.0,0.0,0.0,0.0,0.0,0.0,0.0,0.0,0.0,0.0,0.0,0.0,0.0,0.0,0.0,0.0,0.0,0.0,0.0,0.0,0.0,0.0,0.0,0.0
76,65,2009-01-30,2,1,2008-2009,Brasília,Bauru Basket,1,0.44,0.12,0.25,0.07,0.145,0.065,0.08,0.07,0.065,1.08,0.04,0.095,42.11,0.125,0.205,60.98,0.07,0.095,73.68,0.015,0.045,0.69,0.02,0.11,0.18,0.065,0.0,0.495,0.0,0.0,0.0,0.0,0.0,0.0,0.0,0.0,0.0,0.0,0.0,0.0,0.0,0.0,0.0,0.0,0.0,0.0,0.0,0.0,0.0,0.0,0.0,0.0,0.0,0.0,0.0,0.0
80,81,2009-01-30,2,1,2008-2009,Pinheiros,Minas,0,0.445,0.09,0.25,0.105,0.195,0.06,0.135,0.08,0.09,0.89,0.03,0.11,27.27,0.125,0.205,60.98,0.105,0.12,87.5,0.01,0.025,0.28,0.015,0.09,0.17,0.09,0.0,0.495,0.38,0.09,0.21,0.08,0.14,0.04,0.1,0.09,0.075,1.2,0.03,0.105,28.57,0.105,0.195,53.85,0.08,0.135,59.26,0.0,0.045,0.6,0.0,0.105,0.0,0.075,0.0,0.36
87,96,2009-01-30,2,1,2008-2009,Paulistano,Flamengo,0,0.41,0.105,0.24,0.065,0.185,0.07,0.115,0.11,0.1,1.1,0.035,0.105,33.33,0.12,0.21,57.14,0.065,0.11,59.09,0.01,0.03,0.3,0.02,0.105,0.19,0.1,0.0,0.45,0.45,0.18,0.22,0.05,0.13,0.05,0.08,0.065,0.045,1.44,0.06,0.155,38.71,0.11,0.215,51.16,0.05,0.075,66.67,0.015,0.045,1.0,0.0,0.1,0.0,0.045,0.0,0.42
91,109,2009-01-30,2,1,2008-2009,Coop/São José Basketball,Joinville,0,0.365,0.105,0.16,0.1,0.175,0.035,0.14,0.06,0.06,1.0,0.035,0.13,26.92,0.08,0.17,47.06,0.1,0.135,74.07,0.0,0.03,0.5,0.02,0.095,0.21,0.06,0.0,0.37,0.44,0.15,0.21,0.08,0.125,0.035,0.09,0.105,0.075,1.4,0.05,0.13,38.46,0.105,0.215,48.84,0.08,0.115,69.57,0.005,0.045,0.6,0.01,0.13,0.08,0.075,0.0,0.425
75,72,2009-01-30,2,1,2008-2009,Limeira,Lajeado,1,0.465,0.21,0.18,0.075,0.16,0.035,0.125,0.095,0.12,0.79,0.07,0.195,35.9,0.09,0.145,62.07,0.075,0.09,83.33,0.005,0.025,0.21,0.025,0.115,0.22,0.12,0.0,0.455,0.34,0.105,0.16,0.075,0.17,0.045,0.125,0.05,0.125,0.4,0.035,0.16,21.88,0.08,0.185,43.24,0.075,0.095,78.95,0.005,0.055,0.44,0.01,0.115,0.09,0.125,0.0,0.25
84,72,2009-01-30,2,1,2008-2009,Saldanha,Araraquara,1,0.395,0.12,0.22,0.055,0.16,0.04,0.12,0.01,0.085,0.12,0.04,0.11,36.36,0.11,0.185,59.46,0.055,0.075,73.33,0.02,0.03,0.35,0.015,0.085,0.18,0.085,0.0,0.36,0.28,0.03,0.21,0.04,0.125,0.025,0.1,0.045,0.095,0.47,0.01,0.115,8.7,0.105,0.22,47.73,0.04,0.075,53.33,0.0,0.065,0.68,0.01,0.105,0.1,0.095,0.0,0.175
74,83,2009-01-31,2,1,2008-2009,Espírito Santo,Sesi Franca,0,0.385,0.06,0.29,0.035,0.155,0.035,0.12,0.095,0.055,1.73,0.02,0.085,23.53,0.145,0.235,61.7,0.035,0.09,38.89,0.0,0.06,1.09,0.01,0.09,0.11,0.055,0.0,0.44,0.4,0.12,0.2,0.08,0.105,0.015,0.09,0.025,0.06,0.42,0.04,0.13,30.77,0.1,0.165,60.61,0.08,0.14,57.14,0.01,0.045,0.75,0.02,0.05,0.4,0.06,0.0,0.32
82,65,2009-02-03,3,1,2008-2009,Pinheiros,Paulistano,1,0.4225,0.12,0.195,0.1075,0.175,0.0475,0.1275,0.08,0.08,1.015,0.04,0.1175,33.635,0.0975,0.18,53.06999999999999,0.1075,0.1325,81.68,0.015,0.030000000000000002,0.39,0.0125,0.09,0.14,0.08,0.0,0.45499999999999996,0.4225,0.1275,0.21,0.08499999999999999,0.14250000000000002,0.052500000000000005,0.09,0.10500000000000001,0.095,1.105,0.0425,0.105,40.474999999999994,0.105,0.1775,59.605000000000004,0.08499999999999999,0.1225,68.435,0.0075,0.0325,0.345,0.0125,0.11,0.115,0.095,0.0,0.4475
83,73,2009-02-03,3,1,2008-2009,Coop/São José Basketball,Limeira,1,0.41000000000000003,0.1275,0.16999999999999998,0.1125,0.15,0.0425,0.10750000000000001,0.0675,0.06,1.125,0.0425,0.14750000000000002,28.61,0.08499999999999999,0.1675,50.805,0.1125,0.15000000000000002,74.91499999999999,0.0,0.0325,0.54,0.02,0.1125,0.18,0.06,0.0,0.395,0.42000000000000004,0.16499999999999998,0.16499999999999998,0.09,0.14750000000000002,0.030000000000000002,0.1175,0.08,0.1075,0.7350000000000001,0.05500000000000001,0.16,33.95,0.08249999999999999,0.14250000000000002,57.82,0.09,0.105,85.41499999999999,0.005,0.0225,0.21,0.0225,0.1125,0.2,0.1075,0.0,0.405
63,74,2009-02-03,3,1,2008-2009,Saldanha,Espírito Santo,0,0.4075,0.1275,0.19,0.09,0.155,0.0325,0.1225,0.0325,0.09,0.35,0.042499999999999996,0.1075,39.61,0.095,0.16499999999999998,57.315,0.09,0.1275,71.38499999999999,0.0225,0.045,0.49,0.02,0.0975,0.20500000000000002,0.09,0.0,0.39749999999999996,0.3775,0.08249999999999999,0.255,0.04,0.1575,0.035,0.1225,0.07250000000000001,0.052500000000000005,1.365,0.027500000000000004,0.10750000000000001,25.225,0.1275,0.22249999999999998,57.040000000000006,0.04,0.08249999999999999,49.445,0.0025,0.0475,0.895,0.01,0.11,0.095,0.052500000000000005,0.0,0.395
82,87,2009-02-03,3,1,2008-2009,Araraquara,Sesi Franca,0,0.32,0.09,0.16999999999999998,0.06,0.1275,0.030000000000000002,0.0975,0.035,0.095,0.365,0.030000000000000002,0.13,21.589999999999996,0.08499999999999999,0.1775,47.94,0.06,0.10750000000000001,55.235,0.0025,0.0575,0.605,0.0125,0.1175,0.11,0.095,0.0,0.2175,0.4075,0.0975,0.21500000000000002,0.095,0.145,0.0325,0.1125,0.05500000000000001,0.06,0.9199999999999999,0.0325,0.10750000000000001,30.09,0.10750000000000001,0.185,58.355000000000004,0.095,0.14,67.85499999999999,0.005,0.04,0.665,0.01,0.055,0.2,0.06,0.0,0.4
78,56,2009-02-03,3,1,2008-2009,Joinville,Lajeado,1,0.49250000000000005,0.1875,0.215,0.09,0.1375,0.0425,0.095,0.1075,0.08499999999999999,1.2799999999999998,0.0625,0.1375,45.09,0.1075,0.1925,56.775,0.09,0.12,74.785,0.0025,0.03,0.38,0.0125,0.13,0.1,0.08499999999999999,0.0,0.505,0.35,0.075,0.175,0.1,0.18,0.0575,0.1225,0.0625,0.10500000000000001,0.64,0.025,0.1325,18.085,0.0875,0.1975,44.24,0.1,0.14,73.25999999999999,0.0025,0.042499999999999996,0.395,0.0075,0.12,0.065,0.10500000000000001,0.0,0.28
85,102,2009-02-03,3,1,2008-2009,Minas,Flamengo,0,0.3925,0.0975,0.22999999999999998,0.065,0.15250000000000002,0.042499999999999996,0.11,0.1,0.07,1.4449999999999998,0.0325,0.0975,33.730000000000004,0.11499999999999999,0.2175,52.965,0.065,0.10750000000000001,60.879999999999995,0.0025,0.035,0.49,0.0025,0.11499999999999999,0.02,0.07,0.0,0.40249999999999997,0.46499999999999997,0.195,0.2,0.07,0.1375,0.065,0.07250000000000001,0.08,0.0675,1.25,0.065,0.14250000000000002,46.28,0.1,0.2,49.905,0.07,0.09,76.19,0.0125,0.042499999999999996,0.72,0.0075,0.11,0.065,0.0675,0.0,0.4675
78,77,2009-02-03,3,1,2008-2009,Assis,Bauru Basket,1,0.375,0.09,0.18,0.105,0.14,0.04,0.1,0.03,0.08,0.38,0.03,0.11,27.27,0.09,0.165,54.55,0.105,0.13,80.77,0.005,0.035,0.44,0.015,0.075,0.2,0.08,0.0,0.335,0.325,0.075,0.19,0.06,0.145,0.03,0.115,0.025,0.06,0.42,0.025,0.1,25.0,0.095,0.2,47.5,0.06,0.105,57.14,0.005,0.02,0.33,0.01,0.095,0.11,0.06,0.0,0.24
70,65,2009-02-11,4,1,2008-2009,Joinville,Espírito Santo,1,0.4583333333333333,0.17500000000000002,0.21333333333333335,0.06999999999999999,0.155,0.045000000000000005,0.11,0.10166666666666667,0.08833333333333333,1.17,0.05833333333333333,0.1366666666666667,42.406666666666666,0.10666666666666667,0.18833333333333332,57.29333333333333,0.06999999999999999,0.09499999999999999,72.08,0.0033333333333333335,0.03166666666666667,0.37666666666666665,0.008333333333333333,0.11333333333333334,0.06666666666666667,0.08833333333333333,0.0,0.4816666666666667,0.375,0.085,0.2333333333333333,0.056666666666666664,0.14166666666666666,0.036666666666666674,0.105,0.05666666666666667,0.06333333333333334,1.0066666666666666,0.028333333333333335,0.10333333333333335,27.343333333333334,0.11666666666666665,0.19666666666666666,59.866666666666674,0.056666666666666664,0.08833333333333333,62.96333333333333,0.0016666666666666668,0.055,0.87,0.006666666666666667,0.10666666666666667,0.06333333333333334,0.06333333333333334,0.0,0.385
77,80,2009-02-11,4,1,2008-2009,Lajeado,Saldanha,0,0.32666666666666666,0.065,0.18000000000000002,0.08166666666666667,0.165,0.05833333333333333,0.10666666666666667,0.055,0.09666666666666668,0.5933333333333334,0.021666666666666667,0.11833333333333333,17.613333333333333,0.09000000000000001,0.205,43.88666666666666,0.08166666666666667,0.11833333333333335,68.83999999999999,0.0033333333333333335,0.04666666666666666,0.49333333333333335,0.005,0.09833333333333333,0.043333333333333335,0.09666666666666668,0.0,0.25333333333333335,0.37666666666666665,0.11,0.18666666666666668,0.08,0.15666666666666665,0.05000000000000001,0.10666666666666667,0.03,0.09499999999999999,0.3133333333333333,0.03666666666666666,0.10833333333333334,33.983333333333334,0.09333333333333334,0.17,54.876666666666665,0.08,0.11166666666666668,72.58999999999999,0.018333333333333333,0.04666666666666667,0.48666666666666664,0.013333333333333334,0.09833333333333334,0.1366666666666667,0.09499999999999999,0.0,0.34833333333333333
79,85,2009-02-11,4,1,2008-2009,Limeira,Minas,0,0.40166666666666667,0.155,0.15666666666666665,0.09000000000000001,0.14333333333333334,0.03166666666666667,0.11166666666666665,0.07333333333333333,0.12833333333333333,0.6066666666666668,0.05166666666666667,0.14166666666666666,36.92,0.07833333333333332,0.14500000000000002,54.10333333333333,0.09000000000000001,0.10666666666666667,84.21666666666665,0.008333333333333333,0.02666666666666667,0.21,0.015,0.10666666666666667,0.13333333333333333,0.12833333333333333,0.0,0.3583333333333334,0.4033333333333333,0.09999999999999999,0.2333333333333333,0.07,0.1566666666666667,0.043333333333333335,0.11333333333333333,0.09500000000000001,0.07333333333333335,1.3166666666666667,0.03333333333333333,0.10666666666666667,31.820000000000004,0.11666666666666665,0.21166666666666667,55.31,0.07,0.10500000000000002,67.25333333333333,0.005,0.02666666666666667,0.36999999999999994,0.006666666666666667,0.10833333333333332,0.06666666666666667,0.07333333333333335,0.0,0.4116666666666666
72,90,2009-02-11,4,1,2008-2009,Coop/São José Basketball,Flamengo,0,0.4116666666666667,0.13,0.19333333333333333,0.08833333333333333,0.13833333333333334,0.036666666666666674,0.10166666666666668,0.07166666666666667,0.06999999999999999,1.0466666666666666,0.043333333333333335,0.1416666666666667,30.613333333333333,0.09666666666666666,0.17333333333333334,55.49,0.08833333333333333,0.11833333333333335,74.18666666666667,0.0,0.03833333333333334,0.5466666666666667,0.015,0.11833333333333333,0.13333333333333333,0.06999999999999999,0.0,0.39999999999999997,0.48,0.18500000000000003,0.22666666666666668,0.06833333333333334,0.15,0.06333333333333334,0.08666666666666667,0.085,0.06,1.5366666666666664,0.06166666666666667,0.14333333333333334,43.49666666666667,0.11333333333333334,0.21,53.56,0.06833333333333334,0.09499999999999999,71.42666666666666,0.01,0.03833333333333333,0.7033333333333333,0.006666666666666667,0.10333333333333333,0.06333333333333334,0.06,0.0,0.49500000000000005
68,73,2009-02-11,4,1,2008-2009,Assis,Paulistano,0,0.3825,0.105,0.18,0.0975,0.14250000000000002,0.042499999999999996,0.1,0.0525,0.0575,1.26,0.035,0.12,29.02,0.09,0.1675,53.745,0.0975,0.1325,73.72,0.005,0.0325,0.65,0.0175,0.08249999999999999,0.21000000000000002,0.0575,0.0,0.3725,0.38999999999999996,0.11499999999999999,0.20666666666666667,0.06833333333333333,0.14333333333333334,0.05166666666666667,0.09166666666666667,0.10666666666666667,0.07833333333333332,1.55,0.03833333333333334,0.12,33.65,0.10333333333333333,0.18333333333333335,56.830000000000005,0.06833333333333333,0.10333333333333333,63.57333333333333,0.006666666666666667,0.03,0.4166666666666667,0.02,0.11166666666666668,0.17666666666666667,0.07833333333333332,0.0,0.41500000000000004
88,82,2009-02-11,4,1,2008-2009,Bauru Basket,Pinheiros,1,0.355,0.0675,0.22,0.0675,0.1375,0.0275,0.11,0.0325,0.057499999999999996,0.575,0.0225,0.0825,27.884999999999998,0.11,0.20750000000000002,52.82,0.0675,0.095,72.69,0.0025,0.0175,0.30000000000000004,0.01,0.10500000000000001,0.1,0.057499999999999996,0.0,0.31,0.4183333333333333,0.135,0.18333333333333335,0.09999999999999999,0.18499999999999997,0.051666666666666666,0.13333333333333333,0.08,0.075,1.0866666666666667,0.045000000000000005,0.11833333333333333,37.699999999999996,0.09166666666666667,0.18166666666666664,49.79333333333333,0.09999999999999999,0.12833333333333333,78.06333333333333,0.015,0.028333333333333335,0.3866666666666667,0.011666666666666667,0.085,0.1366666666666667,0.075,0.0,0.4566666666666666
77,64,2009-02-12,4,1,2008-2009,Araraquara,Brasília,1,0.35000000000000003,0.11499999999999999,0.18333333333333332,0.051666666666666666,0.14333333333333334,0.03333333333333333,0.11,0.05166666666666667,0.08,0.8099999999999999,0.03833333333333334,0.15166666666666667,23.796666666666663,0.09166666666666666,0.17500000000000002,52.54666666666666,0.051666666666666666,0.09166666666666667,56.26666666666667,0.0033333333333333335,0.045000000000000005,0.5366666666666666,0.018333333333333333,0.11166666666666665,0.17333333333333334,0.08,0.0,0.2916666666666667,0.41000000000000003,0.0975,0.245,0.0675,0.16749999999999998,0.055,0.11249999999999999,0.0675,0.07,0.9750000000000001,0.0325,0.1,32.96,0.1225,0.205,59.76,0.0675,0.1,67.79,0.0075,0.04,0.58,0.025,0.1,0.255,0.07,0.0,0.4575
59,66,2009-02-13,5,1,2008-2009,Sesi Franca,Brasília,0,0.4166666666666667,0.09999999999999999,0.22666666666666668,0.09000000000000001,0.15166666666666664,0.03,0.12166666666666666,0.06833333333333334,0.06,1.14,0.03333333333333333,0.11333333333333334,29.393333333333334,0.11333333333333334,0.20833333333333334,55.24333333333334,0.09000000000000001,0.13,69.48,0.0033333333333333335,0.04,0.6666666666666666,0.008333333333333333,0.06333333333333334,0.15333333333333335,0.06,0.0,0.41,0.38000000000000006,0.105,0.21,0.065,0.17166666666666663,0.04833333333333334,0.12333333333333334,0.07,0.07833333333333334,0.9133333333333334,0.035,0.10666666666666667,33.083333333333336,0.105,0.18999999999999997,54.423333333333325,0.065,0.10000000000000002,65.19333333333334,0.008333333333333333,0.04,0.5266666666666666,0.018333333333333333,0.10833333333333334,0.18333333333333335,0.07833333333333334,0.0,0.41
93,50,2009-02-13,5,1,2008-2009,Joinville,Saldanha,1,0.43125,0.16875,0.1925,0.07,0.16375,0.03875,0.125,0.095,0.085,1.1275,0.056249999999999994,0.1375,40.7325,0.09625,0.1775,54.177499999999995,0.07,0.0925,74.64750000000001,0.0025,0.0325,0.39999999999999997,0.01,0.11375,0.0825,0.085,0.0,0.4625,0.38249999999999995,0.10500000000000001,0.2,0.0775,0.15,0.04000000000000001,0.11,0.0325,0.0925,0.3525,0.034999999999999996,0.10625000000000001,32.9875,0.1,0.17125,58.3,0.0775,0.11375,69.02499999999999,0.02,0.04875,0.5275,0.01125,0.10250000000000001,0.1125,0.0925,0.0,0.35375
84,93,2009-02-13,5,1,2008-2009,Lajeado,Espírito Santo,0,0.34125,0.05625,0.20500000000000002,0.08,0.16125,0.06,0.10125,0.055,0.095,0.5975,0.01875,0.09874999999999999,19.46,0.10250000000000001,0.22125,45.8775,0.08,0.12250000000000001,65.52,0.0025,0.048749999999999995,0.5225,0.00375,0.09999999999999999,0.0325,0.095,0.0,0.27375,0.3625,0.07875,0.22249999999999998,0.06125,0.14625,0.04125,0.105,0.05,0.06375,0.87,0.026250000000000002,0.10625000000000001,24.855,0.11124999999999999,0.1925,58.095000000000006,0.06125,0.10375000000000001,59.7225,0.0025,0.058750000000000004,0.9225,0.005,0.1075,0.0475,0.06375,0.0,0.355
108,101,2009-02-13,5,1,2008-2009,Limeira,Flamengo,1,0.4,0.15,0.16,0.09,0.15250000000000002,0.04125,0.11124999999999999,0.07625,0.11,0.8425,0.05,0.1425,35.447500000000005,0.08,0.15750000000000003,51.475,0.09,0.11,81.9125,0.00625,0.0275,0.29500000000000004,0.0225,0.11125,0.19,0.11,0.0,0.37875000000000003,0.4725,0.17625000000000002,0.23,0.06625,0.15625,0.0575,0.09875,0.075,0.07125,1.2599999999999998,0.05875,0.1325,45.1225,0.115,0.21,54.455,0.06625,0.095,69.36,0.007500000000000001,0.03625,0.6,0.005,0.0975,0.0475,0.07125,0.0,0.47625
88,89,2009-02-13,5,1,2008-2009,Coop/São José Basketball,Minas,0,0.39875000000000005,0.13125,0.19,0.0775,0.13624999999999998,0.037500000000000006,0.09875,0.06875,0.075,0.9525,0.04375,0.14375000000000002,30.46,0.095,0.175,54.1175,0.0775,0.10750000000000001,70.64,0.00125,0.037500000000000006,0.5075000000000001,0.015,0.11499999999999999,0.135,0.075,0.0,0.37124999999999997,0.40875,0.11249999999999999,0.21999999999999997,0.07625000000000001,0.17500000000000002,0.051250000000000004,0.12375,0.09625,0.07125000000000001,1.3725,0.037500000000000006,0.11125,33.865,0.10999999999999999,0.20875,52.7325,0.07625000000000001,0.11500000000000002,66.82,0.00375,0.0275,0.39249999999999996,0.005,0.10999999999999999,0.05,0.07125000000000001,0.0,0.42999999999999994
87,77,2009-02-13,5,1,2008-2009,Assis,Pinheiros,1,0.36833333333333335,0.09499999999999999,0.16666666666666666,0.10666666666666667,0.1516666666666667,0.051666666666666666,0.10000000000000002,0.06,0.05666666666666667,1.2933333333333332,0.03166666666666667,0.10833333333333334,29.150000000000002,0.08333333333333333,0.16333333333333333,50.883333333333326,0.10666666666666667,0.15166666666666667,71.07666666666667,0.006666666666666667,0.03333333333333333,0.6466666666666666,0.018333333333333337,0.09333333333333332,0.19666666666666668,0.05666666666666667,0.0,0.37333333333333335,0.41624999999999995,0.13875,0.18000000000000002,0.0975,0.1725,0.04625,0.12625,0.07875,0.07,1.155,0.04625,0.11875,38.692499999999995,0.09000000000000001,0.16874999999999998,53.69,0.0975,0.13,75.215,0.012499999999999999,0.025,0.35750000000000004,0.00875,0.0875,0.10250000000000001,0.07,0.0,0.44749999999999995
88,72,2009-02-13,5,1,2008-2009,Bauru Basket,Paulistano,1,0.3833333333333333,0.085,0.22333333333333336,0.075,0.1366666666666667,0.024999999999999998,0.11166666666666668,0.041666666666666664,0.05333333333333332,0.8266666666666667,0.028333333333333332,0.08333333333333333,34.276666666666664,0.11166666666666668,0.21,53.04333333333333,0.075,0.09666666666666668,78.46,0.005,0.02,0.3866666666666667,0.013333333333333334,0.10666666666666667,0.12666666666666668,0.05333333333333332,0.0,0.3666666666666667,0.38375,0.12375,0.1875,0.0725,0.15375,0.05750000000000001,0.09625,0.09375,0.07875,1.335,0.04125,0.1175,36.599999999999994,0.09375,0.17500000000000002,53.455,0.0725,0.105,66.9975,0.00625,0.03125,0.4225,0.0175,0.11875000000000001,0.15000000000000002,0.07875,0.0,0.41125
70,57,2009-02-18,6,1,2008-2009,Minas,Bauru Basket,1,0.41600000000000004,0.11699999999999999,0.22599999999999998,0.07300000000000001,0.18000000000000002,0.054000000000000006,0.126,0.097,0.075,1.32,0.039,0.11400000000000002,34.292,0.11299999999999999,0.20800000000000002,54.382000000000005,0.07300000000000001,0.10700000000000001,69.45599999999999,0.005,0.028000000000000004,0.38,0.007000000000000001,0.10599999999999998,0.074,0.075,0.0,0.44899999999999995,0.39749999999999996,0.10500000000000001,0.21750000000000003,0.075,0.135,0.03375,0.10125,0.05375,0.05124999999999999,1.12,0.034999999999999996,0.09,38.207499999999996,0.10875000000000001,0.21,51.6875,0.075,0.09875,76.7025,0.00375,0.0225,0.4575,0.01375,0.0975,0.1475,0.05124999999999999,0.0,0.39125000000000004
104,72,2009-02-18,6,1,2008-2009,Brasília,Saldanha,1,0.36750000000000005,0.09375,0.22,0.05375,0.18499999999999997,0.053750000000000006,0.13125,0.0675,0.08625000000000001,0.8225,0.03125,0.10125,30.695,0.11,0.20124999999999998,54.114999999999995,0.05375,0.08000000000000002,73.89500000000001,0.01125,0.03875,0.475,0.01625,0.10250000000000001,0.1675,0.08625000000000001,0.0,0.40125,0.356,0.099,0.188,0.06899999999999999,0.153,0.044000000000000004,0.10900000000000001,0.028000000000000004,0.095,0.302,0.032999999999999995,0.10700000000000001,30.935999999999996,0.094,0.183,52.726,0.06899999999999999,0.10400000000000001,65.99,0.017,0.052000000000000005,0.546,0.012,0.099,0.126,0.095,0.0,0.308
90,85,2009-02-18,6,1,2008-2009,Araraquara,Limeira,1,0.35875,0.11249999999999999,0.1775,0.06875,0.15,0.036250000000000004,0.11375,0.05750000000000001,0.07875,0.8574999999999999,0.037500000000000006,0.14250000000000002,25.455,0.08875,0.17125,51.91,0.06875,0.10750000000000001,61.55500000000001,0.0025,0.045,0.5525,0.02375,0.10749999999999998,0.235,0.07875,0.0,0.33,0.42800000000000005,0.16199999999999998,0.166,0.1,0.15100000000000002,0.043000000000000003,0.10799999999999998,0.08199999999999999,0.1,1.024,0.054000000000000006,0.141,38.728,0.083,0.15800000000000003,53.056000000000004,0.1,0.123,81.53,0.011,0.029000000000000005,0.35200000000000004,0.023,0.11299999999999999,0.194,0.1,0.0,0.42800000000000005
91,84,2009-02-18,6,1,2008-2009,Sesi Franca,Coop/São José Basketball,1,0.38875,0.0975,0.21250000000000002,0.07875,0.155,0.04,0.11499999999999999,0.065,0.06,1.085,0.0325,0.115,28.295,0.10625000000000001,0.2175,50.105000000000004,0.07875,0.11375,69.4175,0.005,0.05375,0.895,0.0125,0.0675,0.1925,0.06,0.0,0.38625,0.40700000000000003,0.14100000000000001,0.186,0.08,0.13299999999999998,0.036000000000000004,0.097,0.069,0.072,0.9960000000000001,0.047,0.138,34.802,0.093,0.18,51.794000000000004,0.08,0.10800000000000001,72.876,0.001,0.036000000000000004,0.506,0.012,0.10799999999999998,0.10800000000000001,0.072,0.0,0.37899999999999995
67,48,2009-02-18,6,1,2008-2009,Joinville,Paulistano,1,0.438,0.156,0.21000000000000002,0.07200000000000001,0.177,0.041,0.13599999999999998,0.097,0.084,1.1640000000000001,0.052000000000000005,0.129,39.954,0.10500000000000001,0.188,55.516,0.07200000000000001,0.097,73.632,0.004,0.041,0.508,0.015000000000000003,0.10500000000000001,0.166,0.084,0.0,0.499,0.379,0.123,0.192,0.06399999999999999,0.149,0.05700000000000001,0.092,0.089,0.077,1.268,0.041,0.11599999999999999,36.552,0.096,0.17300000000000001,55.492,0.06399999999999999,0.093,66.932,0.007000000000000001,0.031,0.42400000000000004,0.016,0.11700000000000002,0.138,0.077,0.0,0.406
86,85,2009-02-18,6,1,2008-2009,Lajeado,Pinheiros,1,0.357,0.066,0.20400000000000001,0.087,0.153,0.059,0.094,0.048,0.08499999999999999,0.5660000000000001,0.022,0.099,22.568,0.10200000000000001,0.211,48.465999999999994,0.087,0.131,66.356,0.002,0.043,0.506,0.005,0.10800000000000001,0.04,0.08499999999999999,0.0,0.29100000000000004,0.41,0.135,0.18400000000000002,0.091,0.15399999999999997,0.040999999999999995,0.11299999999999999,0.077,0.064,1.274,0.045,0.11599999999999999,38.574,0.09200000000000001,0.16799999999999998,55.074,0.091,0.122,74.61600000000001,0.012,0.024,0.386,0.008,0.089,0.092,0.064,0.0,0.43099999999999994
86,84,2009-02-20,7,1,2008-2009,Sesi Franca,Limeira,1,0.409,0.099,0.22200000000000003,0.088,0.158,0.046,0.11199999999999999,0.079,0.059,1.358,0.033,0.11000000000000001,30.413999999999998,0.11100000000000002,0.223,50.696000000000005,0.088,0.11800000000000002,74.05199999999999,0.004,0.05500000000000001,0.9339999999999999,0.012,0.076,0.172,0.059,0.0,0.43499999999999994,0.4275,0.16,0.17166666666666666,0.09583333333333333,0.15000000000000002,0.03916666666666667,0.11083333333333333,0.0825,0.09250000000000001,1.1116666666666666,0.05333333333333334,0.13749999999999998,39.218333333333334,0.08583333333333333,0.16833333333333336,51.788333333333334,0.09583333333333333,0.12166666666666666,78.81166666666667,0.011666666666666667,0.03833333333333334,0.5516666666666667,0.022499999999999996,0.11166666666666665,0.19333333333333333,0.09250000000000001,0.0,0.43583333333333335
103,78,2009-02-20,7,1,2008-2009,Brasília,Espírito Santo,1,0.398,0.087,0.238,0.073,0.177,0.053000000000000005,0.124,0.07100000000000001,0.077,1.084,0.028999999999999998,0.097,29.556,0.119,0.207,56.769999999999996,0.073,0.1,75.78200000000001,0.009,0.037,0.53,0.02,0.10600000000000001,0.192,0.077,0.0,0.44299999999999995,0.383,0.096,0.21599999999999997,0.071,0.141,0.035,0.10600000000000001,0.047,0.064,0.8039999999999999,0.032,0.10600000000000001,30.360000000000003,0.10799999999999998,0.181,60.55,0.071,0.11700000000000002,60.71999999999999,0.004,0.054000000000000006,0.8460000000000001,0.005,0.11499999999999999,0.044,0.064,0.0,0.373
72,71,2009-02-20,7,1,2008-2009,Araraquara,Coop/São José Basketball,1,0.377,0.11699999999999999,0.186,0.074,0.151,0.03200000000000001,0.119,0.068,0.075,1.052,0.039,0.14100000000000001,27.029999999999994,0.093,0.171,54.46999999999999,0.074,0.10600000000000001,68.244,0.003,0.046,0.608,0.025,0.10799999999999998,0.242,0.075,0.0,0.38,0.4091666666666667,0.135,0.19499999999999998,0.07916666666666668,0.13249999999999998,0.037500000000000006,0.09499999999999999,0.0675,0.06999999999999999,0.9966666666666667,0.045000000000000005,0.13166666666666668,34.835,0.09749999999999999,0.18499999999999997,52.685,0.07916666666666668,0.1075,72.635,0.0016666666666666668,0.03333333333333333,0.47666666666666674,0.011666666666666665,0.10833333333333332,0.105,0.06999999999999999,0.0,0.38166666666666665
90,72,2009-02-20,7,1,2008-2009,Lajeado,Paulistano,1,0.36916666666666664,0.07,0.20666666666666667,0.09249999999999999,0.15083333333333335,0.055833333333333325,0.09500000000000001,0.04416666666666667,0.07833333333333332,0.5650000000000001,0.023333333333333334,0.09916666666666667,23.80666666666667,0.10333333333333333,0.2075,50.03666666666666,0.09249999999999999,0.1375,67.06166666666667,0.0016666666666666668,0.04833333333333333,0.6999999999999998,0.004166666666666667,0.11,0.03333333333333333,0.07833333333333332,0.0,0.31333333333333335,0.3558333333333333,0.1125,0.18000000000000002,0.06333333333333332,0.15,0.05250000000000001,0.09749999999999999,0.0775,0.08333333333333333,1.085,0.0375,0.11249999999999999,33.968333333333334,0.09000000000000001,0.1691666666666667,52.91,0.06333333333333332,0.09083333333333332,68.27666666666667,0.006666666666666667,0.03,0.39000000000000007,0.015,0.11333333333333334,0.13333333333333333,0.08333333333333333,0.0,0.36333333333333334
94,84,2009-02-20,7,1,2008-2009,Minas,Assis,1,0.405,0.11249999999999999,0.2183333333333333,0.07416666666666667,0.18333333333333335,0.05083333333333334,0.1325,0.08666666666666667,0.07583333333333334,1.1733333333333336,0.0375,0.11583333333333334,32.57666666666667,0.10916666666666665,0.20083333333333334,54.410000000000004,0.07416666666666667,0.10583333333333333,71.21333333333332,0.004166666666666667,0.030833333333333334,0.41,0.009166666666666668,0.09916666666666667,0.11333333333333333,0.07583333333333334,0.0,0.43749999999999994,0.385,0.12,0.1625,0.10250000000000001,0.15875,0.051250000000000004,0.10750000000000001,0.06375,0.05,1.595,0.04,0.11375,34.3625,0.08125,0.155,52.584999999999994,0.10250000000000001,0.13875,75.8075,0.00625,0.0275,0.5675,0.01625,0.08875,0.18000000000000002,0.05,0.0,0.41750000000000004
89,72,2009-02-21,7,1,2008-2009,Joinville,Pinheiros,1,0.42083333333333334,0.15,0.19833333333333333,0.07250000000000001,0.17666666666666667,0.04583333333333334,0.13083333333333333,0.09416666666666666,0.0775,1.2666666666666668,0.049999999999999996,0.13,38.233333333333334,0.09916666666666667,0.18416666666666667,53.333333333333336,0.07250000000000001,0.1025,70.97500000000001,0.005833333333333334,0.0425,0.6083333333333334,0.014166666666666668,0.10166666666666667,0.15833333333333335,0.0775,0.0,0.47583333333333333,0.4124999999999999,0.14500000000000002,0.17500000000000004,0.09250000000000001,0.15166666666666664,0.04083333333333333,0.11083333333333333,0.06666666666666667,0.06166666666666667,1.1116666666666666,0.04833333333333334,0.12,39.88333333333333,0.08750000000000002,0.16166666666666665,54.22833333333333,0.09250000000000001,0.13,71.98333333333333,0.01,0.025000000000000005,0.4216666666666667,0.0075,0.09333333333333332,0.08333333333333333,0.06166666666666667,0.0,0.4183333333333333
76,65,2009-02-23,8,1,2008-2009,Paulistano,Saldanha,1,0.3564285714285714,0.10714285714285714,0.17857142857142858,0.0707142857142857,0.14928571428571427,0.05214285714285715,0.09714285714285713,0.07285714285714286,0.08071428571428571,1.0285714285714285,0.03571428571428571,0.11142857142857142,32.51714285714286,0.08928571428571429,0.16714285714285718,53.185714285714276,0.0707142857142857,0.09857142857142856,69.85285714285715,0.005714285714285714,0.03142857142857143,0.42285714285714293,0.014285714285714285,0.11071428571428572,0.13,0.08071428571428571,0.0,0.36214285714285716,0.35666666666666663,0.09750000000000002,0.18833333333333335,0.07083333333333333,0.15,0.05083333333333334,0.09916666666666668,0.03166666666666667,0.08916666666666666,0.38999999999999996,0.032499999999999994,0.10333333333333333,31.66166666666666,0.09416666666666668,0.19666666666666668,49.913333333333334,0.07083333333333333,0.11,64.515,0.015833333333333335,0.04916666666666667,0.5516666666666666,0.010833333333333334,0.1075,0.11,0.08916666666666666,0.0,0.2966666666666667
72,80,2009-02-24,8,1,2008-2009,Bauru Basket,Araraquara,0,0.37499999999999994,0.096,0.20800000000000002,0.071,0.136,0.033,0.10300000000000001,0.05,0.05899999999999998,0.974,0.031999999999999994,0.093,34.376,0.10400000000000001,0.209,49.642,0.071,0.09,81.362,0.004,0.027000000000000003,0.466,0.011,0.095,0.118,0.05899999999999998,0.0,0.35500000000000004,0.3741666666666667,0.125,0.17666666666666667,0.0725,0.15083333333333335,0.030833333333333338,0.12,0.07666666666666667,0.07583333333333334,1.1266666666666667,0.041666666666666664,0.14,29.314999999999998,0.08833333333333333,0.16583333333333336,53.129999999999995,0.0725,0.105,67.70333333333333,0.0075,0.043333333333333335,0.57,0.028333333333333332,0.10499999999999998,0.285,0.07583333333333334,0.0,0.38916666666666666
84,91,2009-02-25,8,1,2008-2009,Coop/São José Basketball,Brasília,0,0.4014285714285714,0.13285714285714287,0.19142857142857142,0.07714285714285715,0.13357142857142856,0.037142857142857144,0.09642857142857142,0.07214285714285715,0.07142857142857142,1.032857142857143,0.04428571428571428,0.12714285714285714,35.57285714285714,0.09571428571428571,0.1857142857142857,51.550000000000004,0.07714285714285715,0.10714285714285714,71.10142857142857,0.0014285714285714286,0.03571428571428571,0.4985714285714286,0.012857142857142857,0.10714285714285712,0.11857142857142858,0.07142857142857142,0.0,0.3814285714285714,0.41750000000000004,0.09249999999999999,0.245,0.08,0.1825,0.055,0.1275,0.07,0.07666666666666667,1.0483333333333333,0.030833333333333334,0.09833333333333334,30.98,0.1225,0.2133333333333333,56.831666666666656,0.08,0.1075,76.37,0.01,0.03833333333333333,0.5416666666666666,0.020833333333333332,0.11,0.19166666666666665,0.07666666666666667,0.0,0.4666666666666666
101,84,2009-02-25,8,1,2008-2009,Pinheiros,Espírito Santo,1,0.4049999999999999,0.1435714285714286,0.17285714285714288,0.08857142857142859,0.1514285714285714,0.04071428571428571,0.1107142857142857,0.06571428571428571,0.060714285714285714,1.1085714285714285,0.04785714285714286,0.125,38.332857142857144,0.08642857142857144,0.16428571428571428,52.83,0.08857142857142859,0.125,71.47428571428573,0.009999999999999998,0.027142857142857146,0.46571428571428575,0.007857142857142858,0.09285714285714285,0.08714285714285715,0.060714285714285714,0.0,0.40499999999999997,0.3841666666666667,0.09499999999999999,0.2083333333333333,0.08083333333333333,0.13666666666666666,0.035833333333333335,0.10083333333333333,0.04583333333333334,0.06166666666666667,0.8033333333333332,0.03166666666666667,0.1075,29.648333333333337,0.10416666666666664,0.18333333333333335,57.723333333333336,0.08083333333333333,0.1325,60.91666666666666,0.0033333333333333335,0.05416666666666667,0.8883333333333333,0.005,0.11666666666666665,0.043333333333333335,0.06166666666666667,0.0,0.3575
83,80,2009-02-25,8,1,2008-2009,Assis,Sesi Franca,1,0.392,0.12,0.164,0.10800000000000001,0.149,0.048,0.101,0.059,0.053000000000000005,1.4,0.04,0.11100000000000002,35.489999999999995,0.082,0.162,51.016,0.10800000000000001,0.14400000000000002,76.40400000000001,0.005,0.033999999999999996,0.638,0.014000000000000002,0.091,0.15400000000000003,0.053000000000000005,0.0,0.40800000000000003,0.4141666666666666,0.1075,0.21666666666666667,0.09000000000000001,0.16166666666666665,0.04750000000000001,0.11416666666666665,0.07666666666666667,0.06083333333333333,1.2866666666666666,0.035833333333333335,0.11416666666666668,31.51833333333333,0.10833333333333334,0.21916666666666665,50.163333333333334,0.09000000000000001,0.12333333333333335,72.82166666666667,0.004166666666666667,0.04750000000000001,0.8016666666666666,0.013333333333333334,0.08916666666666667,0.165,0.06083333333333333,0.0,0.43
105,83,2009-02-25,8,1,2008-2009,Flamengo,Joinville,1,0.479,0.177,0.22000000000000003,0.082,0.148,0.053000000000000005,0.095,0.08199999999999999,0.06799999999999999,1.408,0.059,0.128,47.008,0.11000000000000001,0.20400000000000001,53.564,0.082,0.10700000000000001,74.19800000000001,0.008,0.036,0.608,0.007000000000000001,0.10500000000000001,0.06,0.06799999999999999,0.0,0.496,0.4228571428571429,0.15,0.20428571428571426,0.06857142857142857,0.17785714285714288,0.04357142857142858,0.13428571428571429,0.09285714285714285,0.07642857142857143,1.2585714285714287,0.049999999999999996,0.12714285714285714,39.26428571428572,0.10214285714285713,0.18357142857142855,55.23857142857143,0.06857142857142857,0.09785714285714286,70.02000000000001,0.0071428571428571435,0.04142857142857143,0.5928571428571429,0.015714285714285715,0.09999999999999999,0.1757142857142857,0.07642857142857143,0.0,0.4864285714285715
88,85,2009-02-27,9,1,2008-2009,Limeira,Brasília,1,0.42642857142857143,0.15,0.17142857142857143,0.105,0.14857142857142858,0.03785714285714286,0.1107142857142857,0.07928571428571428,0.08642857142857144,1.1242857142857143,0.049999999999999996,0.1357142857142857,37.044285714285714,0.08571428571428572,0.1685714285714286,51.53285714285715,0.105,0.12928571428571428,80.61428571428571,0.012857142857142859,0.03571428571428572,0.53,0.022857142857142854,0.11285714285714285,0.1957142857142857,0.08642857142857144,0.0,0.4335714285714286,0.42142857142857143,0.09428571428571428,0.2414285714285714,0.08571428571428572,0.18571428571428572,0.052142857142857144,0.1335714285714286,0.07642857142857143,0.07857142857142858,1.0814285714285714,0.03142857142857143,0.09571428571428572,32.80428571428571,0.1207142857142857,0.2064285714285714,58.23714285714285,0.08571428571428572,0.1142857142857143,76.52,0.009285714285714286,0.034999999999999996,0.48857142857142855,0.02142857142857143,0.10857142857142857,0.19999999999999998,0.07857142857142858,0.0,0.4828571428571428
78,67,2009-02-27,9,1,2008-2009,Paulistano,Espírito Santo,1,0.35937499999999994,0.105,0.1825,0.071875,0.15187499999999998,0.052500000000000005,0.09937499999999999,0.07250000000000001,0.08625,0.97,0.035,0.11187499999999999,31.71375,0.09125,0.16812500000000002,54.037499999999994,0.071875,0.104375,68.0175,0.005,0.036250000000000004,0.44000000000000006,0.014374999999999999,0.108125,0.135,0.08625,0.0,0.361875,0.3892857142857143,0.10285714285714286,0.20857142857142855,0.07785714285714285,0.13428571428571429,0.03785714285714286,0.09642857142857143,0.047142857142857146,0.058571428571428566,0.8857142857142856,0.03428571428571429,0.11214285714285714,30.514285714285716,0.10428571428571427,0.18857142857142858,56.29571428571429,0.07785714285714285,0.12357142857142857,64.45857142857142,0.002857142857142857,0.05071428571428571,0.8685714285714285,0.005,0.1157142857142857,0.04428571428571428,0.058571428571428566,0.0,0.36
83,75,2009-02-27,9,1,2008-2009,Pinheiros,Saldanha,1,0.4174999999999999,0.15000000000000002,0.17875000000000002,0.08875000000000001,0.15312499999999998,0.039999999999999994,0.11312499999999999,0.07250000000000001,0.0625,1.17,0.05,0.12625,39.559999999999995,0.08937500000000001,0.164375,54.56,0.08875000000000001,0.123125,72.76750000000001,0.010624999999999999,0.026250000000000002,0.44125000000000003,0.008125,0.09374999999999999,0.08875,0.0625,0.0,0.429375,0.35214285714285715,0.09000000000000001,0.19285714285714287,0.06928571428571428,0.14785714285714288,0.05,0.09785714285714286,0.03357142857142857,0.09357142857142856,0.3885714285714285,0.029999999999999995,0.09999999999999999,29.81714285714285,0.09642857142857143,0.19714285714285715,50.64,0.06928571428571428,0.11,63.09142857142857,0.017857142857142856,0.05428571428571429,0.5742857142857142,0.01,0.10785714285714286,0.10142857142857144,0.09357142857142856,0.0,0.2928571428571428
92,74,2009-02-27,9,1,2008-2009,Bauru Basket,Sesi Franca,1,0.3725,0.1025,0.20166666666666666,0.06833333333333333,0.14583333333333334,0.04,0.10583333333333333,0.051666666666666666,0.05749999999999999,1.0116666666666667,0.03416666666666666,0.09999999999999999,34.20166666666666,0.10083333333333333,0.20416666666666664,49.23833333333334,0.06833333333333333,0.09083333333333334,77.45,0.0033333333333333335,0.03166666666666667,0.5716666666666667,0.011666666666666667,0.09000000000000001,0.13666666666666666,0.05749999999999999,0.0,0.3641666666666667,0.415,0.10928571428571429,0.22,0.08571428571428573,0.16428571428571428,0.04785714285714286,0.11642857142857142,0.07571428571428572,0.06,1.2842857142857143,0.03642857142857143,0.115,31.777142857142856,0.11,0.2207142857142857,50.45,0.08571428571428573,0.12214285714285715,69.87142857142858,0.005,0.04571428571428572,0.7785714285714285,0.013571428571428571,0.095,0.15857142857142856,0.06,0.0,0.42857142857142855
81,79,2009-02-27,9,1,2008-2009,Assis,Araraquara,1,0.3958333333333333,0.12,0.17166666666666666,0.10416666666666667,0.15416666666666667,0.045000000000000005,0.10916666666666668,0.057499999999999996,0.05333333333333334,1.3183333333333334,0.04,0.11083333333333334,35.635,0.08583333333333333,0.16416666666666668,52.51333333333333,0.10416666666666667,0.1441666666666667,73.44000000000001,0.005,0.03333333333333333,0.6233333333333334,0.014166666666666668,0.09166666666666666,0.15500000000000003,0.05333333333333334,0.0,0.41250000000000003,0.37785714285714284,0.1285714285714286,0.18,0.06928571428571428,0.1542857142857143,0.03071428571428572,0.12357142857142857,0.07714285714285715,0.07714285714285715,1.0999999999999999,0.04285714285714286,0.135,31.93,0.09,0.17071428571428574,52.68285714285714,0.06928571428571428,0.10214285714285713,66.43428571428572,0.007142857142857143,0.04,0.5228571428571429,0.027857142857142855,0.10214285714285712,0.2857142857142857,0.07714285714285715,0.0,0.39428571428571424
110,69,2009-02-27,9,1,2008-2009,Flamengo,Lajeado,1,0.48666666666666664,0.17500000000000002,0.23333333333333336,0.07833333333333334,0.15666666666666665,0.05000000000000001,0.10666666666666667,0.08750000000000001,0.06833333333333333,1.4466666666666665,0.05833333333333333,0.12583333333333332,47.145,0.11666666666666668,0.21,55.053333333333335,0.07833333333333334,0.10083333333333333,76.11666666666666,0.0075,0.03916666666666666,0.6383333333333333,0.008333333333333333,0.10166666666666667,0.08,0.06833333333333333,0.0,0.5266666666666667,0.3807142857142857,0.07714285714285715,0.21142857142857144,0.09214285714285712,0.15214285714285714,0.05285714285714286,0.0992857142857143,0.04928571428571429,0.07785714285714285,0.6371428571428571,0.025714285714285717,0.09785714285714285,26.754285714285714,0.10571428571428572,0.2064285714285714,51.459999999999994,0.09214285714285712,0.13285714285714287,69.72571428571429,0.0014285714285714286,0.045,0.647142857142857,0.005,0.10857142857142857,0.042857142857142864,0.07785714285714285,0.0,0.34071428571428575
103,97,2009-03-01,7,1,2008-2009,Flamengo,Bauru Basket,1,0.49571428571428566,0.1692857142857143,0.24571428571428575,0.08071428571428572,0.16285714285714284,0.051428571428571435,0.11142857142857143,0.09,0.06785714285714285,1.4714285714285715,0.056428571428571425,0.12357142857142857,46.25428571428571,0.12285714285714287,0.21428571428571427,56.712857142857146,0.08071428571428572,0.10285714285714286,77.0442857142857,0.01,0.04071428571428571,0.6571428571428571,0.008571428571428572,0.09857142857142856,0.08714285714285715,0.06785714285714285,0.0,0.5492857142857143,0.38499999999999995,0.10285714285714286,0.21,0.07214285714285715,0.14785714285714285,0.03785714285714286,0.11,0.05928571428571428,0.053571428571428555,1.3671428571428572,0.03428571428571428,0.09999999999999999,34.315714285714286,0.105,0.20285714285714285,51.728571428571435,0.07214285714285715,0.09642857142857143,76.82571428571428,0.0064285714285714285,0.03214285714285715,0.6571428571428571,0.012142857142857144,0.09285714285714286,0.13714285714285715,0.053571428571428555,0.0,0.395
96,94,2009-03-04,10,1,2008-2009,Brasília,Pinheiros,1,0.421875,0.09937499999999999,0.24125,0.08125,0.19187500000000002,0.0525,0.139375,0.075625,0.0825,1.02625,0.033125,0.10125,32.72125,0.120625,0.2075,57.933749999999996,0.08125,0.110625,74.3075,0.00875,0.03375,0.45625,0.02,0.113125,0.18375,0.0825,0.0,0.47625,0.41722222222222216,0.1466666666666667,0.17555555555555558,0.09500000000000001,0.15666666666666665,0.040555555555555546,0.11611111111111111,0.07222222222222224,0.065,1.1311111111111112,0.04888888888888889,0.12555555555555553,38.867777777777775,0.08777777777777779,0.16388888888888886,53.70666666666667,0.09500000000000001,0.1311111111111111,72.94444444444446,0.009444444444444443,0.026111111111111113,0.42444444444444446,0.008333333333333333,0.09277777777777776,0.09222222222222222,0.065,0.0,0.42666666666666664
73,84,2009-03-04,10,1,2008-2009,Coop/São José Basketball,Bauru Basket,0,0.40375,0.13875,0.185,0.08,0.130625,0.036875000000000005,0.09374999999999999,0.073125,0.06875,1.10375,0.04625,0.131875,35.67125,0.0925,0.18437499999999998,50.10625,0.08,0.110625,71.4725,0.00125,0.035,0.51125,0.013125,0.11187499999999999,0.11625,0.06875,0.0,0.37875,0.39749999999999996,0.121875,0.20625,0.069375,0.143125,0.037500000000000006,0.105625,0.060625,0.053124999999999985,1.37125,0.040624999999999994,0.106875,36.881249999999994,0.103125,0.195625,53.02125,0.069375,0.09312500000000001,76.15125,0.0062499999999999995,0.03125,0.6375,0.011875,0.090625,0.13624999999999998,0.053124999999999985,0.0,0.40875
80,78,2009-03-04,10,1,2008-2009,Limeira,Assis,1,0.428125,0.14625,0.17375,0.108125,0.15375,0.03875,0.11499999999999999,0.07625,0.084375,1.0825,0.048749999999999995,0.135625,36.1175,0.086875,0.17562500000000003,50.368750000000006,0.108125,0.135,79.82374999999999,0.011875000000000002,0.04125000000000001,0.6062500000000001,0.022499999999999996,0.11124999999999999,0.19624999999999998,0.084375,0.0,0.435,0.3971428571428572,0.1157142857142857,0.18142857142857144,0.09999999999999999,0.15142857142857144,0.04642857142857143,0.105,0.05785714285714285,0.05357142857142857,1.2857142857142858,0.038571428571428576,0.10500000000000001,36.667142857142856,0.09071428571428572,0.16785714285714287,54.034285714285716,0.09999999999999999,0.14285714285714285,70.88571428571429,0.0064285714285714285,0.03642857142857143,0.6771428571428572,0.015000000000000001,0.08999999999999998,0.1685714285714286,0.05357142857142857,0.0,0.41785714285714287
81,104,2009-03-04,10,1,2008-2009,Saldanha,Flamengo,0,0.355,0.09187500000000001,0.19625,0.066875,0.14500000000000002,0.04687500000000001,0.098125,0.039375,0.09124999999999998,0.47375,0.030624999999999996,0.09999999999999999,30.464999999999996,0.098125,0.2,50.56,0.066875,0.104375,64.82,0.016875,0.05437500000000001,0.59375,0.011250000000000001,0.11125,0.10750000000000001,0.09124999999999998,0.0,0.305,0.498125,0.17625000000000002,0.24375000000000002,0.078125,0.15625,0.04875,0.1075,0.09375,0.06625,1.56,0.05875,0.1225,48.625,0.12187500000000001,0.210625,57.39375,0.078125,0.09937499999999999,77.41375,0.009375000000000001,0.03875,0.63125,0.007500000000000001,0.095,0.07625,0.06625,0.0,0.5543750000000001
69,99,2009-03-04,10,1,2008-2009,Espírito Santo,Minas,0,0.3825,0.095625,0.20749999999999996,0.07937499999999999,0.136875,0.037500000000000006,0.099375,0.049375,0.059375,0.8999999999999999,0.031875,0.11,28.673750000000002,0.10374999999999998,0.18937500000000002,55.66875,0.07937499999999999,0.126875,63.90124999999999,0.003125,0.049374999999999995,0.8375,0.005625000000000001,0.11374999999999999,0.051250000000000004,0.059375,0.0,0.353125,0.4142857142857143,0.10928571428571428,0.22857142857142856,0.07642857142857143,0.1842857142857143,0.05357142857142858,0.13071428571428573,0.08571428571428572,0.07785714285714286,1.132857142857143,0.03642857142857143,0.10785714285714287,35.065714285714286,0.11428571428571428,0.20785714285714288,54.92285714285715,0.07642857142857143,0.10785714285714286,71.75428571428571,0.005714285714285714,0.03142857142857143,0.40714285714285714,0.008571428571428572,0.09999999999999999,0.10428571428571429,0.07785714285714286,0.0,0.4499999999999999
61,66,2009-03-04,10,1,2008-2009,Araraquara,Lajeado,0,0.38,0.13875,0.17625,0.065,0.15125,0.0325,0.11875,0.07625000000000001,0.07625000000000001,1.0875,0.04625,0.135625,34.18875,0.088125,0.166875,52.793749999999996,0.065,0.095625,66.88,0.006874999999999999,0.03875000000000001,0.51125,0.026249999999999996,0.10312499999999998,0.2675,0.07625000000000001,0.0,0.39749999999999996,0.37625,0.084375,0.20375,0.08812499999999998,0.14875,0.05125,0.0975,0.051250000000000004,0.07812499999999999,0.65875,0.028125000000000004,0.103125,27.427500000000002,0.101875,0.20437499999999997,49.96124999999999,0.08812499999999998,0.12875,68.50999999999999,0.00125,0.04375,0.62125,0.005,0.109375,0.0425,0.07812499999999999,0.0,0.32875000000000004
71,72,2009-03-04,10,1,2008-2009,Sesi Franca,Joinville,0,0.41062499999999996,0.103125,0.22375,0.08375000000000002,0.16249999999999998,0.0475,0.11499999999999999,0.07062500000000001,0.05875,1.21125,0.034375,0.11,31.13875,0.111875,0.22375,50.52125,0.08375000000000002,0.11812500000000001,70.86,0.004375,0.04250000000000001,0.73125,0.011875,0.098125,0.13874999999999998,0.05875,0.0,0.4175,0.421875,0.15375,0.19874999999999998,0.069375,0.175625,0.043750000000000004,0.131875,0.09124999999999998,0.076875,1.22625,0.05125,0.135,38.30375,0.09937499999999999,0.18125,54.393750000000004,0.069375,0.096875,71.68375,0.006875,0.04062500000000001,0.5737500000000001,0.015000000000000001,0.09562499999999999,0.1725,0.076875,0.0,0.47437500000000005
105,84,2009-03-06,11,1,2008-2009,Brasília,Paulistano,1,0.42833333333333334,0.09999999999999999,0.24555555555555555,0.08277777777777778,0.18833333333333335,0.049999999999999996,0.13833333333333334,0.0761111111111111,0.08055555555555556,1.048888888888889,0.03333333333333334,0.10055555555555556,33.17888888888889,0.12277777777777778,0.20722222222222222,59.08444444444444,0.08277777777777778,0.11388888888888887,73.59111111111112,0.008888888888888889,0.03333333333333334,0.4566666666666667,0.02,0.11333333333333334,0.1822222222222222,0.08055555555555556,0.0,0.48277777777777775,0.36277777777777775,0.10333333333333333,0.18777777777777777,0.07166666666666667,0.1561111111111111,0.052222222222222225,0.10388888888888888,0.07388888888888889,0.08388888888888887,1.0077777777777779,0.03444444444444445,0.11055555555555555,31.523333333333337,0.09388888888888888,0.17222222222222225,54.266666666666666,0.07166666666666667,0.1061111111111111,66.94111111111111,0.005,0.035,0.43333333333333335,0.015555555555555553,0.11166666666666665,0.14,0.08388888888888887,0.0,0.3705555555555555
68,69,2009-03-06,11,1,2008-2009,Coop/São José Basketball,Assis,0,0.39944444444444444,0.1416666666666667,0.1822222222222222,0.07555555555555556,0.12833333333333333,0.03777777777777778,0.09055555555555556,0.07111111111111111,0.07,1.0577777777777777,0.04722222222222222,0.13277777777777777,36.07333333333334,0.0911111111111111,0.18499999999999997,49.21777777777778,0.07555555555555556,0.10333333333333333,73.40777777777777,0.0011111111111111111,0.035555555555555556,0.51,0.012777777777777777,0.11055555555555555,0.11444444444444445,0.07,0.0,0.36999999999999994,0.39625000000000005,0.11437499999999999,0.1825,0.09937499999999999,0.151875,0.0425,0.109375,0.058124999999999996,0.0575,1.21375,0.038125000000000006,0.10312500000000001,36.945,0.09125,0.17125,53.370000000000005,0.09937499999999999,0.14,71.92125,0.005625,0.035625000000000004,0.63625,0.016875,0.09624999999999999,0.17375000000000002,0.0575,0.0,0.415625
89,66,2009-03-06,11,1,2008-2009,Limeira,Bauru Basket,1,0.425,0.14,0.1733333333333333,0.11166666666666665,0.15222222222222223,0.036111111111111115,0.11611111111111111,0.07722222222222222,0.08277777777777778,1.0966666666666667,0.04666666666666666,0.12944444444444445,36.27111111111111,0.08666666666666666,0.17555555555555558,50.168888888888894,0.11166666666666665,0.14277777777777778,78.54222222222221,0.012222222222222225,0.04166666666666667,0.61,0.024444444444444442,0.11055555555555555,0.21666666666666665,0.08277777777777778,0.0,0.435,0.39999999999999997,0.13166666666666668,0.2011111111111111,0.06722222222222224,0.14,0.03555555555555556,0.10444444444444444,0.06333333333333332,0.053888888888888875,1.3766666666666667,0.04388888888888889,0.10888888888888888,39.00555555555555,0.10055555555555555,0.19,53.260000000000005,0.06722222222222224,0.09111111111111111,75.09777777777778,0.005555555555555555,0.029444444444444447,0.5944444444444444,0.010555555555555556,0.08777777777777779,0.1211111111111111,0.053888888888888875,0.0,0.41111111111111115
76,87,2009-03-06,11,1,2008-2009,Saldanha,Minas,0,0.3605555555555556,0.09666666666666668,0.19777777777777777,0.0661111111111111,0.14833333333333334,0.0488888888888889,0.09944444444444445,0.042777777777777776,0.08888888888888886,0.5322222222222223,0.03222222222222222,0.10055555555555555,31.84222222222222,0.09888888888888889,0.2038888888888889,49.906666666666666,0.0661111111111111,0.10444444444444444,63.96666666666666,0.017222222222222222,0.05166666666666667,0.5755555555555555,0.010555555555555558,0.10944444444444444,0.10111111111111112,0.08888888888888886,0.0,0.3133333333333333,0.42437500000000006,0.12187499999999998,0.22749999999999998,0.07500000000000001,0.181875,0.051875000000000004,0.13,0.08875,0.076875,1.1875,0.040625,0.10687500000000001,39.432500000000005,0.11374999999999999,0.20375000000000001,55.915000000000006,0.07500000000000001,0.10625,71.33749999999999,0.006875,0.03125,0.41000000000000003,0.009375000000000001,0.09999999999999999,0.11,0.076875,0.0,0.47124999999999995
76,78,2009-03-06,11,1,2008-2009,Araraquara,Joinville,0,0.3716666666666667,0.13666666666666666,0.16999999999999998,0.065,0.15111111111111108,0.03333333333333333,0.11777777777777779,0.07500000000000001,0.0788888888888889,1.0388888888888888,0.04555555555555555,0.13555555555555554,33.68222222222222,0.08499999999999999,0.16333333333333333,51.86555555555555,0.065,0.095,67.47333333333333,0.007222222222222221,0.03944444444444445,0.5044444444444445,0.02555555555555555,0.1022222222222222,0.2611111111111111,0.0788888888888889,0.0,0.38555555555555554,0.415,0.145,0.2033333333333333,0.06666666666666668,0.17777777777777778,0.04666666666666667,0.1311111111111111,0.08666666666666666,0.07500000000000001,1.1822222222222223,0.04833333333333333,0.13166666666666668,36.693333333333335,0.10166666666666666,0.18611111111111112,54.275555555555556,0.06666666666666668,0.09777777777777778,68.48111111111112,0.007222222222222223,0.04000000000000001,0.5744444444444445,0.017222222222222226,0.09388888888888887,0.2022222222222222,0.07500000000000001,0.0,0.4627777777777778
97,65,2009-03-06,11,1,2008-2009,Sesi Franca,Lajeado,1,0.4044444444444444,0.10333333333333333,0.22,0.08111111111111113,0.1633333333333333,0.05,0.11333333333333334,0.07166666666666667,0.05777777777777778,1.2544444444444443,0.03444444444444445,0.11,31.214444444444446,0.11,0.22611111111111112,49.21666666666667,0.08111111111111113,0.11500000000000002,70.39444444444445,0.005000000000000001,0.04333333333333334,0.7611111111111111,0.012777777777777779,0.09888888888888889,0.14444444444444443,0.05777777777777778,0.0,0.4122222222222222,0.3711111111111111,0.08166666666666668,0.2022222222222222,0.0872222222222222,0.15388888888888888,0.05444444444444444,0.09944444444444445,0.052222222222222225,0.0772222222222222,0.6811111111111111,0.027222222222222224,0.10222222222222221,26.71888888888889,0.1011111111111111,0.20888888888888887,48.71888888888888,0.0872222222222222,0.12722222222222224,68.62777777777777,0.0011111111111111111,0.04555555555555555,0.6477777777777778,0.007222222222222223,0.1061111111111111,0.07222222222222223,0.0772222222222222,0.0,0.33
63,74,2009-03-06,11,1,2008-2009,Espírito Santo,Flamengo,0,0.37833333333333335,0.09166666666666666,0.20777777777777773,0.07888888888888887,0.1311111111111111,0.03888888888888889,0.09222222222222223,0.049444444444444444,0.05666666666666667,0.9588888888888888,0.030555555555555558,0.10777777777777778,27.956666666666667,0.10388888888888886,0.19166666666666668,55.03888888888889,0.07888888888888887,0.125,64.37666666666665,0.0033333333333333335,0.048888888888888885,0.8877777777777778,0.006111111111111112,0.11055555555555555,0.05888888888888889,0.05666666666666667,0.0,0.34611111111111115,0.5005555555555555,0.17666666666666667,0.24555555555555555,0.07833333333333332,0.1527777777777778,0.045000000000000005,0.10777777777777778,0.09055555555555556,0.06555555555555556,1.5066666666666668,0.05888888888888889,0.12277777777777778,48.55555555555556,0.12277777777777778,0.2088888888888889,58.42444444444444,0.07833333333333332,0.09888888888888887,78.16888888888889,0.010000000000000002,0.03833333333333333,0.6255555555555555,0.006666666666666667,0.09388888888888888,0.06777777777777777,0.06555555555555556,0.0,0.5527777777777778
72,83,2009-03-11,12,1,2008-2009,Lajeado,Assis,0,0.3665,0.07950000000000002,0.19899999999999998,0.08799999999999998,0.149,0.05450000000000001,0.0945,0.051500000000000004,0.07999999999999999,0.6559999999999999,0.026500000000000003,0.101,26.269000000000005,0.09949999999999999,0.20299999999999999,49.513999999999996,0.08799999999999998,0.1265,69.68199999999999,0.001,0.044,0.612,0.007000000000000001,0.10600000000000001,0.07,0.07999999999999999,0.0,0.3215,0.3905555555555556,0.11833333333333333,0.17444444444444446,0.09777777777777777,0.14833333333333332,0.042222222222222223,0.1061111111111111,0.05444444444444444,0.061666666666666675,1.1077777777777778,0.03944444444444445,0.10666666666666667,36.955555555555556,0.08722222222222223,0.165,52.754444444444445,0.09777777777777777,0.13722222222222225,72.14222222222222,0.005,0.035,0.6011111111111112,0.016111111111111114,0.09833333333333333,0.16444444444444448,0.061666666666666675,0.0,0.3983333333333333
68,57,2009-03-11,12,1,2008-2009,Joinville,Bauru Basket,1,0.4125,0.1455,0.19899999999999998,0.068,0.17950000000000002,0.0465,0.13299999999999998,0.088,0.075,1.197,0.0485,0.132,36.728,0.09949999999999999,0.1845,53.553999999999995,0.068,0.101,67.787,0.008,0.04000000000000001,0.5700000000000001,0.016500000000000004,0.09249999999999999,0.19499999999999998,0.075,0.0,0.45999999999999996,0.39299999999999996,0.129,0.19699999999999998,0.06700000000000002,0.1405,0.03450000000000001,0.10600000000000001,0.06399999999999999,0.05749999999999998,1.317,0.043,0.1075,38.789,0.09849999999999999,0.1875,52.782000000000004,0.06700000000000002,0.094,73.005,0.004999999999999999,0.028000000000000004,0.5519999999999999,0.010499999999999999,0.088,0.12,0.05749999999999998,0.0,0.398
107,83,2009-03-11,12,1,2008-2009,Sesi Franca,Pinheiros,1,0.4185,0.1065,0.22999999999999998,0.08200000000000002,0.15949999999999998,0.049,0.1105,0.0785,0.05750000000000001,1.384,0.035500000000000004,0.10800000000000001,33.093,0.11499999999999999,0.2265,51.251999999999995,0.08200000000000002,0.11700000000000002,70.02199999999999,0.005,0.044000000000000004,0.776,0.012,0.10200000000000001,0.13399999999999998,0.05750000000000001,0.0,0.43600000000000005,0.4225,0.14250000000000002,0.186,0.094,0.15799999999999997,0.045,0.11299999999999999,0.07100000000000002,0.0625,1.168,0.0475,0.12249999999999998,38.665,0.093,0.1775,53.003,0.094,0.1275,74.59700000000001,0.009999999999999998,0.027500000000000004,0.48200000000000004,0.008,0.09499999999999999,0.087,0.0625,0.0,0.43149999999999994
77,82,2009-03-11,12,1,2008-2009,Araraquara,Paulistano,0,0.3725,0.135,0.172,0.0655,0.1535,0.033999999999999996,0.11950000000000001,0.07450000000000001,0.077,1.052,0.045,0.13399999999999998,33.647,0.086,0.16599999999999998,51.678999999999995,0.0655,0.097,66.813,0.007499999999999998,0.0395,0.521,0.026999999999999996,0.10399999999999998,0.268,0.077,0.0,0.38949999999999996,0.36849999999999994,0.10049999999999999,0.193,0.075,0.15499999999999997,0.05500000000000001,0.1,0.073,0.08449999999999999,0.9790000000000001,0.03350000000000001,0.10999999999999999,30.752000000000002,0.0965,0.17950000000000005,53.738,0.075,0.10800000000000001,68.647,0.004999999999999999,0.038500000000000006,0.4680000000000001,0.015,0.1115,0.135,0.08449999999999999,0.0,0.373
93,89,2009-03-11,12,1,2008-2009,Espírito Santo,Coop/São José Basketball,1,0.372,0.09,0.205,0.07699999999999999,0.1325,0.037500000000000006,0.095,0.0485,0.05700000000000001,0.9299999999999999,0.030000000000000006,0.1075,27.542,0.1025,0.187,55.742000000000004,0.07699999999999999,0.119,67.16999999999999,0.003,0.0445,0.807,0.006,0.11299999999999999,0.05700000000000001,0.05700000000000001,0.0,0.3425,0.39349999999999996,0.138,0.177,0.0785,0.13,0.039,0.091,0.06999999999999999,0.0705,1.032,0.046,0.13399999999999998,34.88,0.0885,0.18,49.111000000000004,0.0785,0.10550000000000001,74.467,0.0015,0.0355,0.506,0.012,0.11299999999999999,0.10700000000000001,0.0705,0.0,0.364
76,86,2009-03-11,12,1,2008-2009,Saldanha,Limeira,0,0.3625,0.099,0.198,0.0655,0.14800000000000002,0.0495,0.0985,0.043,0.08749999999999998,0.5389999999999999,0.032999999999999995,0.09999999999999999,32.869,0.099,0.20350000000000001,49.916000000000004,0.0655,0.10600000000000001,62.56999999999999,0.0165,0.05100000000000001,0.578,0.0105,0.1105,0.099,0.08749999999999998,0.0,0.3155,0.42699999999999994,0.141,0.18,0.10599999999999998,0.153,0.036,0.11699999999999999,0.08049999999999999,0.08050000000000002,1.1700000000000002,0.04699999999999999,0.1285,36.811,0.09,0.17900000000000002,50.866,0.10599999999999998,0.135,79.14999999999999,0.0125,0.042,0.624,0.023999999999999997,0.1095,0.215,0.08050000000000002,0.0,0.4465
81,89,2009-03-13,12,1,2008-2009,Minas,Brasília,0,0.42555555555555563,0.11499999999999999,0.23444444444444443,0.07611111111111112,0.17777777777777778,0.052777777777777785,0.125,0.08444444444444445,0.07500000000000001,1.1477777777777778,0.03833333333333334,0.10611111111111111,37.27333333333334,0.11722222222222221,0.2038888888888889,57.56111111111112,0.07611111111111112,0.10888888888888888,70.67555555555555,0.007222222222222223,0.03333333333333333,0.4566666666666667,0.010555555555555558,0.09833333333333333,0.12444444444444445,0.07500000000000001,0.0,0.4694444444444444,0.438,0.11099999999999999,0.24100000000000002,0.086,0.1855,0.0485,0.137,0.08149999999999999,0.0855,1.044,0.037000000000000005,0.10400000000000001,35.04600000000001,0.12050000000000001,0.2,60.58299999999999,0.086,0.118,73.651,0.0105,0.035,0.449,0.022,0.11200000000000002,0.20400000000000001,0.0855,0.0,0.49799999999999994
72,80,2009-03-13,13,1,2008-2009,Lajeado,Bauru Basket,0,0.3640909090909091,0.0790909090909091,0.19818181818181815,0.0868181818181818,0.14727272727272728,0.05318181818181819,0.0940909090909091,0.05090909090909091,0.07818181818181817,0.6645454545454546,0.026363636363636367,0.09863636363636363,26.910909090909094,0.09909090909090908,0.20227272727272724,49.44181818181817,0.0868181818181818,0.12500000000000003,69.54545454545452,0.0009090909090909091,0.04409090909090908,0.6245454545454545,0.006363636363636364,0.10545454545454547,0.06363636363636364,0.07818181818181817,0.0,0.3209090909090909,0.3831818181818182,0.12409090909090909,0.19545454545454544,0.06363636363636366,0.14136363636363636,0.035,0.10636363636363638,0.06272727272727273,0.060454545454545434,1.2481818181818183,0.04136363636363636,0.11136363636363635,36.77818181818182,0.09772727272727272,0.18500000000000003,53.09727272727273,0.06363636363636366,0.08863636363636364,74.16,0.004545454545454545,0.02863636363636364,0.5372727272727272,0.010454545454545454,0.08727272727272727,0.12090909090909091,0.060454545454545434,0.0,0.3836363636363637
87,70,2009-03-13,13,1,2008-2009,Sesi Franca,Paulistano,1,0.42999999999999994,0.11318181818181818,0.23545454545454544,0.08136363636363637,0.1636363636363636,0.05,0.11363636363636363,0.08227272727272728,0.05636363636363637,1.5009090909090907,0.03772727272727273,0.10909090909090911,34.63,0.11772727272727272,0.23181818181818184,51.21818181818182,0.08136363636363637,0.115,70.83363636363636,0.005909090909090909,0.04363636363636364,0.7863636363636364,0.011818181818181818,0.10681818181818183,0.12727272727272726,0.05636363636363637,0.0,0.455909090909091,0.37227272727272726,0.10772727272727271,0.19272727272727275,0.07181818181818182,0.15545454545454543,0.05590909090909091,0.09954545454545455,0.07454545454545454,0.08363636363636362,0.9990909090909091,0.03590909090909092,0.11318181818181818,31.718181818181822,0.09636363636363637,0.17954545454545456,53.65090909090909,0.07181818181818182,0.10545454545454547,66.95181818181818,0.004545454545454545,0.04000000000000001,0.4918181818181818,0.014999999999999998,0.11227272727272726,0.13454545454545455,0.08363636363636362,0.0,0.3795454545454545
75,84,2009-03-13,13,1,2008-2009,Araraquara,Pinheiros,0,0.37363636363636366,0.1322727272727273,0.1718181818181818,0.06954545454545455,0.15318181818181817,0.03454545454545454,0.11863636363636365,0.07772727272727274,0.07772727272727273,1.0736363636363635,0.04409090909090909,0.13318181818181818,33.13363636363636,0.0859090909090909,0.16227272727272726,53.16272727272727,0.06954545454545455,0.10136363636363636,67.63545454545455,0.00818181818181818,0.03772727272727273,0.4954545454545455,0.025909090909090906,0.10318181818181817,0.25818181818181823,0.07772727272727273,0.0,0.39318181818181813,0.4218181818181818,0.1431818181818182,0.18272727272727274,0.09590909090909093,0.15863636363636363,0.045909090909090906,0.11272727272727273,0.06863636363636366,0.06181818181818182,1.1363636363636365,0.04772727272727273,0.12454545454545453,38.28454545454545,0.09136363636363637,0.17545454545454545,52.58363636363636,0.09590909090909093,0.13227272727272726,73.62363636363638,0.009545454545454544,0.02727272727272728,0.4790909090909091,0.008636363636363636,0.09272727272727271,0.09818181818181819,0.06181818181818182,0.0,0.42590909090909085
69,71,2009-03-13,13,1,2008-2009,Espírito Santo,Limeira,0,0.3804545454545455,0.09818181818181816,0.20545454545454545,0.0768181818181818,0.13545454545454547,0.03590909090909092,0.09954545454545455,0.05818181818181818,0.05727272727272728,1.0799999999999998,0.03272727272727273,0.11,29.078181818181818,0.10272727272727272,0.1859090909090909,56.12909090909091,0.0768181818181818,0.11772727272727272,67.55727272727272,0.0027272727272727275,0.04318181818181818,0.7790909090909092,0.006363636363636364,0.11454545454545452,0.05909090909090909,0.05727272727272728,0.0,0.36500000000000005,0.4272727272727272,0.13909090909090907,0.18636363636363634,0.10181818181818181,0.15045454545454545,0.03681818181818181,0.11363636363636363,0.08045454545454545,0.08363636363636365,1.1272727272727272,0.04636363636363636,0.12454545454545456,37.74272727272727,0.09318181818181817,0.1790909090909091,52.554545454545455,0.10181818181818181,0.13090909090909092,78.01545454545453,0.013636363636363636,0.045909090909090906,0.6345454545454546,0.02454545454545454,0.105,0.2409090909090909,0.08363636363636365,0.0,0.4518181818181818
82,75,2009-03-13,13,1,2008-2009,Saldanha,Coop/São José Basketball,1,0.3640909090909091,0.105,0.19727272727272727,0.06181818181818182,0.14590909090909093,0.04863636363636364,0.09727272727272727,0.04318181818181818,0.09136363636363636,0.5218181818181817,0.034999999999999996,0.10272727272727272,33.72727272727273,0.09863636363636363,0.2,50.61272727272728,0.06181818181818182,0.1,62.563636363636355,0.015454545454545455,0.05227272727272729,0.5709090909090908,0.009545454545454546,0.10863636363636364,0.09000000000000001,0.09136363636363636,0.0,0.31636363636363635,0.3981818181818182,0.1390909090909091,0.1781818181818182,0.08090909090909092,0.1281818181818182,0.03863636363636364,0.08954545454545454,0.07181818181818181,0.06909090909090909,1.0872727272727274,0.046363636363636364,0.13409090909090907,35.07636363636364,0.0890909090909091,0.17863636363636362,49.88090909090909,0.08090909090909092,0.11000000000000001,73.85545454545455,0.0013636363636363635,0.03727272727272727,0.5509090909090909,0.010909090909090908,0.11272727272727273,0.09727272727272727,0.06909090909090909,0.0,0.3709090909090909
82,64,2009-03-14,13,1,2008-2009,Joinville,Assis,1,0.4059090909090909,0.14318181818181816,0.19636363636363632,0.06636363636363637,0.18090909090909094,0.04681818181818182,0.13409090909090907,0.08545454545454545,0.07636363636363636,1.1490909090909092,0.04772727272727273,0.13136363636363638,36.298181818181824,0.09818181818181816,0.18409090909090908,52.97818181818182,0.06636363636363637,0.0990909090909091,67.30636363636364,0.007727272727272728,0.04272727272727273,0.5890909090909092,0.015909090909090914,0.09136363636363636,0.18909090909090906,0.07636363636363636,0.0,0.4522727272727272,0.39300000000000007,0.123,0.165,0.10499999999999998,0.143,0.0395,0.1035,0.054000000000000006,0.06200000000000001,1.074,0.041,0.11000000000000001,37.18900000000001,0.0825,0.15550000000000003,53.193000000000005,0.10499999999999998,0.14400000000000002,73.221,0.0045,0.035500000000000004,0.603,0.015500000000000003,0.09849999999999999,0.15800000000000003,0.06200000000000001,0.0,0.398
78,82,2009-03-15,13,1,2008-2009,Flamengo,Brasília,0,0.4875,0.165,0.24,0.08249999999999999,0.1525,0.0455,0.10700000000000001,0.089,0.06250000000000001,1.57,0.05500000000000001,0.12150000000000001,45.518,0.12,0.20400000000000001,58.519999999999996,0.08249999999999999,0.1055,77.625,0.011500000000000002,0.039999999999999994,0.72,0.006,0.0945,0.061,0.06250000000000001,0.0,0.539,0.43863636363636366,0.11318181818181818,0.2381818181818182,0.08727272727272727,0.18545454545454546,0.049090909090909095,0.13636363636363635,0.08136363636363636,0.085,1.04,0.03772727272727273,0.10636363636363635,35.00727272727273,0.1190909090909091,0.20227272727272727,59.318181818181806,0.08727272727272727,0.11863636363636364,74.22818181818182,0.010454545454545454,0.03636363636363637,0.46545454545454545,0.021363636363636362,0.11181818181818183,0.1981818181818182,0.085,0.0,0.49499999999999994
100,83,2009-03-18,14,1,2008-2009,Flamengo,Araraquara,1,0.4786363636363636,0.16363636363636364,0.23090909090909092,0.08409090909090909,0.15318181818181817,0.046363636363636364,0.10681818181818183,0.08772727272727271,0.06590909090909092,1.4954545454545458,0.05454545454545456,0.12272727272727274,44.74727272727273,0.11545454545454546,0.2009090909090909,56.94363636363635,0.08409090909090909,0.10863636363636363,77.06181818181818,0.010909090909090912,0.039090909090909086,0.6818181818181818,0.006363636363636364,0.09818181818181819,0.061818181818181814,0.06590909090909092,0.0,0.520909090909091,0.37375,0.13,0.17666666666666664,0.06708333333333334,0.15083333333333332,0.03458333333333333,0.11625000000000002,0.08083333333333334,0.07583333333333334,1.1583333333333332,0.043333333333333335,0.13041666666666665,33.28916666666667,0.08833333333333332,0.165,53.64666666666667,0.06708333333333334,0.09749999999999999,68.06,0.009999999999999998,0.037500000000000006,0.5075,0.024166666666666666,0.10208333333333332,0.2416666666666667,0.07583333333333334,0.0,0.3970833333333333
79,88,2009-03-18,14,1,2008-2009,Brasília,Joinville,0,0.43625,0.11125,0.2325,0.09249999999999999,0.1825,0.04833333333333334,0.13416666666666668,0.07958333333333333,0.08375,1.0250000000000001,0.037083333333333336,0.1075,34.17333333333334,0.11625,0.19999999999999998,58.42249999999999,0.09249999999999999,0.12374999999999999,74.98666666666666,0.009583333333333334,0.03833333333333334,0.49833333333333335,0.022083333333333333,0.11333333333333336,0.20083333333333334,0.08375,0.0,0.48958333333333326,0.40625,0.1425,0.1958333333333333,0.06791666666666667,0.17958333333333334,0.04708333333333334,0.13249999999999998,0.08583333333333333,0.075,1.1783333333333335,0.04750000000000001,0.12875,37.02333333333333,0.09791666666666665,0.18541666666666667,52.52166666666667,0.06791666666666667,0.10000000000000002,68.13666666666667,0.008333333333333333,0.04375000000000001,0.6166666666666668,0.016250000000000004,0.09291666666666666,0.18833333333333332,0.075,0.0,0.4558333333333333
95,79,2009-03-18,14,1,2008-2009,Minas,Sesi Franca,1,0.42350000000000004,0.1095,0.233,0.081,0.17650000000000002,0.052000000000000005,0.12450000000000001,0.0795,0.076,1.074,0.036500000000000005,0.10350000000000001,36.04600000000001,0.1165,0.20650000000000004,56.58800000000001,0.081,0.1145,71.184,0.007000000000000001,0.033999999999999996,0.458,0.0125,0.09949999999999999,0.139,0.076,0.0,0.45949999999999996,0.43166666666666664,0.11374999999999998,0.23416666666666666,0.08375,0.16166666666666665,0.04791666666666667,0.11375,0.085,0.058750000000000004,1.4883333333333333,0.03791666666666667,0.11041666666666668,34.410833333333336,0.11708333333333333,0.22583333333333336,52.67916666666667,0.08375,0.11708333333333336,71.47833333333334,0.005833333333333334,0.043750000000000004,0.765,0.011250000000000001,0.10708333333333335,0.12083333333333333,0.058750000000000004,0.0,0.46
63,68,2009-03-18,14,1,2008-2009,Assis,Espírito Santo,0,0.38636363636363646,0.12000000000000001,0.16545454545454547,0.10090909090909089,0.14181818181818182,0.03909090909090909,0.10272727272727272,0.052272727272727276,0.06454545454545456,1.011818181818182,0.04000000000000001,0.11045454545454546,36.18,0.08272727272727273,0.15454545454545457,53.686363636363645,0.10090909090909089,0.1422727272727273,70.92818181818183,0.005,0.03681818181818182,0.5990909090909091,0.014545454545454549,0.09727272727272726,0.14909090909090914,0.06454545454545456,0.0,0.3836363636363636,0.3775,0.09874999999999999,0.20333333333333334,0.07541666666666665,0.13749999999999998,0.037500000000000006,0.09999999999999999,0.05791666666666667,0.055000000000000014,1.1424999999999998,0.03291666666666667,0.11083333333333334,29.085833333333337,0.10166666666666667,0.18666666666666665,55.29750000000001,0.07541666666666665,0.11499999999999999,67.80999999999999,0.0025,0.04041666666666666,0.7416666666666667,0.007500000000000001,0.11291666666666665,0.07166666666666667,0.055000000000000014,0.0,0.36333333333333334
92,76,2009-03-18,14,1,2008-2009,Bauru Basket,Saldanha,1,0.38458333333333333,0.12374999999999999,0.19499999999999998,0.06583333333333334,0.13999999999999999,0.035,0.10500000000000002,0.06125,0.05874999999999999,1.2383333333333333,0.041249999999999995,0.11166666666666665,36.61166666666667,0.09749999999999999,0.1825,53.78,0.06583333333333334,0.08875000000000001,76.31333333333333,0.0045833333333333325,0.027500000000000007,0.5241666666666666,0.011249999999999998,0.08750000000000001,0.12916666666666668,0.05874999999999999,0.0,0.3875,0.36791666666666667,0.10625,0.20083333333333334,0.06083333333333334,0.14708333333333334,0.04833333333333334,0.09875,0.04624999999999999,0.08916666666666666,0.5808333333333332,0.03541666666666666,0.10375,33.815,0.10041666666666667,0.19833333333333336,51.95083333333333,0.06083333333333334,0.10041666666666667,61.31833333333333,0.016666666666666666,0.04958333333333335,0.5491666666666666,0.009166666666666668,0.11083333333333334,0.08583333333333333,0.08916666666666666,0.0,0.325
96,81,2009-03-18,14,1,2008-2009,Pinheiros,Limeira,1,0.42166666666666663,0.14750000000000002,0.18250000000000002,0.09166666666666667,0.15833333333333333,0.046250000000000006,0.11208333333333333,0.07208333333333335,0.06291666666666666,1.1641666666666668,0.04916666666666667,0.12749999999999997,38.48,0.09125000000000001,0.1725,53.55916666666666,0.09166666666666667,0.12708333333333333,72.84583333333335,0.01,0.02916666666666667,0.49500000000000005,0.009166666666666667,0.09041666666666665,0.10916666666666668,0.06291666666666666,0.0,0.43249999999999994,0.42124999999999996,0.13749999999999998,0.18666666666666665,0.09708333333333331,0.15041666666666667,0.03708333333333333,0.11333333333333334,0.08041666666666665,0.08000000000000002,1.2,0.04583333333333333,0.12333333333333335,37.627500000000005,0.09333333333333332,0.18041666666666667,52.23500000000001,0.09708333333333331,0.12583333333333335,76.87166666666666,0.012499999999999999,0.0425,0.5925,0.024999999999999994,0.105,0.245,0.08000000000000002,0.0,0.44625
82,63,2009-03-18,14,1,2008-2009,Paulistano,Coop/São José Basketball,1,0.3704166666666666,0.10749999999999998,0.1925,0.07041666666666667,0.15624999999999997,0.05583333333333334,0.10041666666666667,0.07333333333333332,0.08291666666666665,0.9825,0.035833333333333335,0.11541666666666665,31.158333333333335,0.09625,0.17958333333333334,53.578333333333326,0.07041666666666667,0.10208333333333335,68.42416666666666,0.0045833333333333325,0.04083333333333334,0.5066666666666667,0.014166666666666666,0.11416666666666665,0.12666666666666668,0.08291666666666665,0.0,0.37749999999999995,0.39625,0.13625,0.18000000000000002,0.08,0.12750000000000003,0.03916666666666667,0.08833333333333332,0.07083333333333332,0.06708333333333334,1.1075000000000002,0.04541666666666667,0.13333333333333333,34.48666666666667,0.09000000000000001,0.1775,50.775000000000006,0.08,0.1125,71.86749999999999,0.0016666666666666668,0.03666666666666666,0.5608333333333333,0.011250000000000001,0.11291666666666667,0.10000000000000002,0.06708333333333334,0.0,0.3675
93,75,2009-03-20,15,1,2008-2009,Flamengo,Sesi Franca,1,0.48041666666666666,0.16125,0.23083333333333333,0.08833333333333333,0.15708333333333332,0.04708333333333334,0.11,0.08666666666666666,0.06708333333333334,1.449166666666667,0.05375000000000001,0.12291666666666667,44.01833333333334,0.11541666666666667,0.20125,56.87333333333333,0.08833333333333333,0.11374999999999998,77.25750000000001,0.010000000000000002,0.04249999999999999,0.7083333333333334,0.007083333333333334,0.10000000000000002,0.06749999999999999,0.06708333333333334,0.0,0.52625,0.4296153846153846,0.11307692307692306,0.2330769230769231,0.08346153846153848,0.16115384615384615,0.04846153846153847,0.1126923076923077,0.08423076923076923,0.058846153846153854,1.47,0.03769230769230769,0.10923076923076924,34.597692307692306,0.11653846153846155,0.2257692307692308,52.387692307692305,0.08346153846153848,0.11615384615384618,71.84076923076924,0.006153846153846154,0.04307692307692308,0.7507692307692307,0.012307692307692308,0.1053846153846154,0.13384615384615384,0.058846153846153854,0.0,0.4580769230769231
85,64,2009-03-20,15,1,2008-2009,Brasília,Lajeado,1,0.43307692307692314,0.11192307692307693,0.2276923076923077,0.09346153846153846,0.17807692307692308,0.04576923076923078,0.13230769230769232,0.07846153846153844,0.08153846153846155,1.036923076923077,0.03730769230769231,0.10807692307692308,34.22,0.11384615384615385,0.19769230769230767,57.77461538461538,0.09346153846153846,0.125,74.98769230769231,0.010384615384615384,0.03730769230769231,0.4946153846153847,0.021923076923076927,0.11346153846153849,0.19846153846153847,0.08153846153846155,0.0,0.4811538461538461,0.36375,0.07875,0.19916666666666663,0.08583333333333332,0.14375000000000002,0.05208333333333334,0.09166666666666667,0.04875000000000001,0.07458333333333332,0.6683333333333333,0.026250000000000006,0.09749999999999999,27.119166666666672,0.09958333333333332,0.20333333333333328,49.39166666666666,0.08583333333333332,0.12208333333333336,70.69416666666665,0.00125,0.04291666666666666,0.6441666666666667,0.005833333333333334,0.10375000000000001,0.05833333333333334,0.07458333333333332,0.0,0.31916666666666665
86,74,2009-03-20,15,1,2008-2009,Minas,Araraquara,1,0.42818181818181816,0.11045454545454544,0.2381818181818182,0.07954545454545454,0.1781818181818182,0.054090909090909085,0.12409090909090911,0.08181818181818182,0.0740909090909091,1.1500000000000001,0.03681818181818182,0.10318181818181821,36.405454545454546,0.1190909090909091,0.2113636363636364,56.51363636363637,0.07954545454545454,0.11181818181818182,71.66454545454545,0.007272727272727273,0.03363636363636364,0.46636363636363637,0.014090909090909091,0.09818181818181816,0.1581818181818182,0.0740909090909091,0.0,0.4709090909090909,0.37692307692307697,0.13038461538461538,0.17769230769230765,0.06884615384615385,0.14999999999999997,0.034230769230769224,0.11576923076923079,0.08230769230769232,0.0776923076923077,1.146153846153846,0.04346153846153847,0.13038461538461538,33.39153846153846,0.08884615384615382,0.16692307692307692,53.36615384615384,0.06884615384615385,0.10115384615384615,67.59923076923077,0.010384615384615383,0.0376923076923077,0.49923076923076926,0.022692307692307692,0.10538461538461538,0.2253846153846154,0.0776923076923077,0.0,0.3946153846153846
93,73,2009-03-20,15,1,2008-2009,Assis,Saldanha,1,0.3804166666666668,0.11625,0.16333333333333333,0.10083333333333333,0.1425,0.03833333333333334,0.10416666666666667,0.05291666666666667,0.06291666666666668,1.0383333333333333,0.03875000000000001,0.1125,34.708333333333336,0.08166666666666667,0.15375000000000003,53.23583333333334,0.10083333333333333,0.14125000000000001,71.4275,0.004583333333333333,0.0375,0.6325,0.015000000000000001,0.09749999999999999,0.15333333333333335,0.06291666666666668,0.0,0.37916666666666665,0.3688461538461538,0.10730769230769231,0.2,0.06153846153846154,0.1473076923076923,0.04923076923076924,0.09807692307692309,0.04730769230769231,0.08884615384615382,0.5907692307692307,0.03576923076923076,0.10576923076923077,33.58076923076923,0.1,0.19730769230769235,51.90461538461538,0.06153846153846154,0.10038461538461539,61.98615384615384,0.016923076923076923,0.05000000000000002,0.5569230769230769,0.008846153846153847,0.11076923076923079,0.08307692307692308,0.08884615384615382,0.0,0.3273076923076923
77,74,2009-03-20,15,1,2008-2009,Bauru Basket,Espírito Santo,1,0.3903846153846154,0.1223076923076923,0.1992307692307692,0.06884615384615386,0.14307692307692307,0.036153846153846154,0.10692307692307693,0.06269230769230769,0.06038461538461537,1.22,0.040769230769230766,0.11153846153846153,36.24307692307693,0.0996153846153846,0.1823076923076923,54.98461538461538,0.06884615384615386,0.09192307692307694,76.65615384615384,0.005384615384615384,0.029230769230769234,0.5323076923076923,0.011538461538461536,0.08769230769230771,0.1323076923076923,0.06038461538461537,0.0,0.4,0.37461538461538463,0.09923076923076922,0.20153846153846156,0.07384615384615384,0.1373076923076923,0.03692307692307693,0.10038461538461538,0.0576923076923077,0.05576923076923078,1.1199999999999999,0.03307692307692308,0.10846153846153847,30.213846153846156,0.10076923076923078,0.18576923076923074,55.0,0.07384615384615384,0.11346153846153845,67.04692307692306,0.002307692307692308,0.03884615384615385,0.7084615384615385,0.006923076923076924,0.11230769230769229,0.06615384615384615,0.05576923076923078,0.0,0.35961538461538467
92,86,2009-03-20,15,1,2008-2009,Pinheiros,Coop/São José Basketball,1,0.4261538461538461,0.14884615384615388,0.18538461538461543,0.09192307692307693,0.1596153846153846,0.04615384615384616,0.11346153846153847,0.07346153846153848,0.06346153846153846,1.173846153846154,0.049615384615384624,0.12653846153846152,39.199230769230766,0.09269230769230771,0.17307692307692307,54.13999999999999,0.09192307692307693,0.12653846153846154,73.3323076923077,0.010769230769230769,0.031153846153846157,0.5176923076923077,0.008846153846153847,0.09076923076923074,0.10461538461538462,0.06346153846153846,0.0,0.44384615384615383,0.39,0.1326923076923077,0.18076923076923077,0.07653846153846154,0.13384615384615386,0.041923076923076924,0.09192307692307691,0.06999999999999999,0.06923076923076923,1.070769230769231,0.04423076923076923,0.13076923076923078,34.14153846153847,0.09038461538461538,0.18153846153846154,50.04615384615385,0.07653846153846154,0.10923076923076924,70.1853846153846,0.0015384615384615385,0.037692307692307685,0.5584615384615385,0.012692307692307694,0.10961538461538461,0.1253846153846154,0.06923076923076923,0.0,0.3646153846153846
78,99,2009-03-20,15,1,2008-2009,Paulistano,Limeira,0,0.3734615384615384,0.10615384615384614,0.19846153846153847,0.06884615384615386,0.16076923076923075,0.058076923076923075,0.1026923076923077,0.07499999999999998,0.08153846153846153,1.0192307692307692,0.03538461538461539,0.11653846153846151,30.536923076923078,0.09923076923076923,0.18500000000000003,53.61076923076923,0.06884615384615386,0.10038461538461539,67.96846153846154,0.004615384615384615,0.041923076923076924,0.533076923076923,0.01423076923076923,0.11076923076923076,0.13307692307692306,0.08153846153846153,0.0,0.3853846153846154,0.42,0.13846153846153844,0.18615384615384614,0.09538461538461537,0.14807692307692305,0.036538461538461534,0.11153846153846156,0.07999999999999999,0.08076923076923079,1.1715384615384616,0.04615384615384615,0.12423076923076924,37.582307692307694,0.09307692307692307,0.17923076923076925,52.41307692307692,0.09538461538461537,0.12346153846153848,77.03153846153845,0.011923076923076923,0.04153846153846154,0.5723076923076923,0.024615384615384612,0.10653846153846154,0.23846153846153847,0.08076923076923079,0.0,0.4411538461538461
88,67,2009-03-23,2,2,2008-2009,Sesi Franca,Espírito Santo,1,0.42642857142857143,0.10928571428571428,0.23500000000000001,0.08214285714285716,0.1625,0.05000000000000001,0.11250000000000002,0.08499999999999999,0.06250000000000001,1.4264285714285714,0.03642857142857143,0.10892857142857144,33.48714285714286,0.11750000000000001,0.22642857142857145,52.597142857142856,0.08214285714285716,0.11357142857142859,72.51285714285714,0.005714285714285714,0.044642857142857144,0.7392857142857142,0.011785714285714287,0.10535714285714286,0.12785714285714286,0.06250000000000001,0.0,0.455,0.3742857142857143,0.10071428571428569,0.20142857142857146,0.07214285714285713,0.13499999999999998,0.035357142857142865,0.09964285714285714,0.05535714285714287,0.05642857142857143,1.0671428571428572,0.03357142857142857,0.10678571428571429,31.41714285714286,0.10071428571428573,0.18285714285714283,55.99785714285714,0.07214285714285713,0.11142857142857142,66.45928571428571,0.002142857142857143,0.03678571428571429,0.6685714285714287,0.006428571428571429,0.1107142857142857,0.06142857142857143,0.05642857142857143,0.0,0.3567857142857144
86,81,2009-03-25,1,2,2008-2009,Flamengo,Pinheiros,1,0.4792307692307692,0.16153846153846155,0.23153846153846153,0.08615384615384616,0.15615384615384614,0.04615384615384616,0.11000000000000001,0.09,0.06923076923076923,1.4430769230769234,0.05384615384615386,0.12230769230769231,44.31153846153847,0.11576923076923076,0.20076923076923076,57.232307692307685,0.08615384615384616,0.11192307692307692,76.44307692307692,0.011153846153846155,0.045769230769230757,0.7223076923076923,0.006538461538461539,0.09884615384615386,0.0623076923076923,0.06923076923076923,0.0,0.5292307692307693,0.4285714285714285,0.14571428571428574,0.18785714285714292,0.095,0.16142857142857142,0.04607142857142858,0.11535714285714287,0.0735714285714286,0.06357142857142857,1.1721428571428572,0.048571428571428585,0.12428571428571426,39.03071428571428,0.09392857142857146,0.17464285714285713,54.30214285714285,0.095,0.13142857142857142,73.03928571428573,0.011428571428571427,0.031071428571428576,0.5135714285714286,0.009285714285714286,0.09035714285714283,0.11,0.06357142857142857,0.0,0.44749999999999995
83,76,2009-03-25,1,2,2008-2009,Lajeado,Coop/São José Basketball,1,0.3603846153846154,0.07846153846153846,0.19846153846153844,0.08346153846153845,0.1426923076923077,0.05153846153846155,0.09115384615384615,0.04923076923076924,0.07461538461538461,0.6730769230769231,0.02615384615384616,0.0973076923076923,27.057692307692314,0.09923076923076922,0.20615384615384613,48.636923076923075,0.08346153846153845,0.11769230769230771,71.7653846153846,0.0011538461538461537,0.04384615384615384,0.6507692307692309,0.00576923076923077,0.10500000000000001,0.05692307692307693,0.07461538461538461,0.0,0.315,0.39285714285714285,0.1317857142857143,0.18642857142857144,0.07464285714285714,0.13535714285714287,0.0425,0.09285714285714285,0.06999999999999999,0.06892857142857144,1.0714285714285716,0.043928571428571435,0.12999999999999998,34.08357142857143,0.09321428571428572,0.1839285714285714,50.79071428571429,0.07464285714285714,0.10678571428571429,69.9342857142857,0.0017857142857142859,0.03785714285714285,0.5628571428571428,0.011785714285714287,0.1125,0.11642857142857144,0.06892857142857144,0.0,0.37000000000000005
80,86,2009-03-25,1,2,2008-2009,Assis,Brasília,0,0.38692307692307704,0.1176923076923077,0.16846153846153847,0.10076923076923078,0.14615384615384613,0.03961538461538462,0.10653846153846154,0.05538461538461538,0.06384615384615386,1.0453846153846154,0.03923076923076924,0.11076923076923079,35.88461538461539,0.08423076923076923,0.1553846153846154,54.19538461538462,0.10076923076923078,0.1426923076923077,70.74076923076923,0.005384615384615385,0.036153846153846154,0.6046153846153846,0.016153846153846154,0.0973076923076923,0.16615384615384615,0.06384615384615386,0.0,0.3923076923076923,0.43250000000000005,0.11035714285714286,0.2285714285714286,0.09357142857142856,0.1775,0.04571428571428572,0.1317857142857143,0.07642857142857142,0.08142857142857143,1.007857142857143,0.03678571428571429,0.10785714285714286,33.816428571428574,0.1142857142857143,0.19535714285714284,58.84285714285714,0.09357142857142856,0.12571428571428572,74.65785714285714,0.010714285714285716,0.03892857142857143,0.5128571428571429,0.022500000000000003,0.1110714285714286,0.21142857142857144,0.08142857142857143,0.0,0.4821428571428571
96,83,2009-03-25,1,2,2008-2009,Minas,Paulistano,1,0.4283333333333333,0.10749999999999998,0.24250000000000002,0.07833333333333332,0.1791666666666667,0.05416666666666667,0.12500000000000003,0.08125,0.075,1.1275000000000002,0.035833333333333335,0.10083333333333334,36.149166666666666,0.12125000000000001,0.21541666666666667,56.451666666666675,0.07833333333333332,0.11041666666666666,71.39416666666666,0.0075,0.034999999999999996,0.4766666666666666,0.014583333333333332,0.09749999999999999,0.16333333333333336,0.075,0.0,0.47208333333333335,0.3746428571428571,0.10928571428571428,0.195,0.07035714285714287,0.15642857142857142,0.05535714285714286,0.10107142857142858,0.07392857142857143,0.08107142857142856,1.0035714285714286,0.036428571428571435,0.11607142857142856,31.60214285714286,0.0975,0.18392857142857144,52.93285714285714,0.07035714285714287,0.1017857142857143,68.4707142857143,0.004642857142857142,0.04,0.5092857142857142,0.013571428571428571,0.10964285714285714,0.12714285714285714,0.08107142857142856,0.0,0.37999999999999995
98,107,2009-03-25,1,2,2008-2009,Joinville,Limeira,0,0.40884615384615386,0.13961538461538459,0.1992307692307692,0.07,0.1780769230769231,0.04538461538461539,0.1326923076923077,0.08384615384615385,0.07307692307692307,1.18,0.04653846153846154,0.1257692307692308,37.16692307692308,0.0996153846153846,0.18576923076923077,53.339999999999996,0.07,0.10384615384615385,67.76692307692308,0.008461538461538461,0.04307692307692309,0.6230769230769232,0.015384615384615387,0.09384615384615384,0.17769230769230765,0.07307692307692307,0.0,0.4569230769230769,0.4253571428571429,0.14464285714285713,0.18714285714285714,0.09357142857142856,0.14607142857142857,0.03535714285714286,0.11071428571428574,0.08214285714285714,0.08071428571428574,1.1864285714285714,0.04821428571428571,0.1242857142857143,39.18357142857143,0.09357142857142857,0.17785714285714288,53.13357142857143,0.09357142857142856,0.12071428571428573,77.41142857142856,0.011785714285714287,0.04142857142857143,0.5671428571428572,0.02464285714285714,0.1075,0.23642857142857143,0.08071428571428574,0.0,0.4514285714285714
92,73,2009-03-25,1,2,2008-2009,Sesi Franca,Saldanha,1,0.42999999999999994,0.106,0.23666666666666666,0.08733333333333333,0.16299999999999998,0.05066666666666668,0.11233333333333335,0.08566666666666665,0.064,1.406,0.035333333333333335,0.10366666666666667,35.699333333333335,0.11833333333333333,0.22733333333333333,52.702,0.08733333333333333,0.11833333333333336,73.44466666666668,0.005666666666666667,0.04533333333333334,0.7333333333333333,0.011333333333333334,0.10633333333333335,0.12200000000000001,0.064,0.0,0.463,0.3685714285714286,0.10821428571428572,0.19714285714285715,0.06321428571428571,0.14714285714285716,0.049642857142857155,0.09750000000000002,0.0475,0.08678571428571427,0.6078571428571428,0.03607142857142857,0.105,34.19,0.09857142857142857,0.1967857142857143,51.205,0.06321428571428571,0.10321428571428573,61.894999999999996,0.017142857142857144,0.050000000000000024,0.5764285714285713,0.008571428571428574,0.11214285714285717,0.08,0.08678571428571427,0.0,0.32785714285714285
97,91,2009-03-25,1,2,2008-2009,Araraquara,Espírito Santo,1,0.37642857142857145,0.13071428571428573,0.17857142857142855,0.06714285714285714,0.14785714285714285,0.033928571428571426,0.11392857142857146,0.08071428571428572,0.07714285714285715,1.1257142857142857,0.04357142857142858,0.13035714285714284,33.479285714285716,0.08928571428571427,0.1692857142857143,52.94714285714286,0.06714285714285714,0.09964285714285714,66.78857142857143,0.009642857142857142,0.03678571428571429,0.4892857142857143,0.02214285714285714,0.10428571428571429,0.22142857142857145,0.07714285714285715,0.0,0.3875,0.3716666666666667,0.09999999999999999,0.198,0.07366666666666664,0.13266666666666665,0.03600000000000001,0.09666666666666666,0.054666666666666676,0.05733333333333334,1.0386666666666666,0.03333333333333333,0.10500000000000001,31.82266666666667,0.099,0.1833333333333333,54.896,0.07366666666666664,0.11199999999999997,67.30666666666666,0.0023333333333333335,0.037333333333333336,0.6666666666666667,0.006666666666666667,0.11066666666666666,0.06333333333333332,0.05733333333333334,0.0,0.35133333333333344
105,71,2009-03-27,2,2,2008-2009,Flamengo,Paulistano,1,0.47571428571428565,0.15964285714285717,0.2307142857142857,0.08535714285714287,0.15749999999999997,0.04607142857142858,0.11142857142857143,0.08892857142857143,0.07071428571428572,1.3992857142857145,0.05321428571428573,0.12250000000000001,43.71785714285715,0.11535714285714285,0.20035714285714284,57.173571428571414,0.08535714285714287,0.10999999999999999,77.28571428571429,0.011071428571428574,0.04499999999999999,0.6985714285714286,0.006428571428571429,0.09857142857142857,0.06142857142857143,0.07071428571428572,0.0,0.5239285714285715,0.3773333333333333,0.10699999999999998,0.19933333333333333,0.07100000000000001,0.157,0.05600000000000001,0.101,0.07233333333333333,0.08299999999999999,0.9666666666666667,0.03566666666666667,0.11499999999999999,31.162,0.09966666666666667,0.1876666666666667,53.015333333333324,0.07100000000000001,0.10266666666666668,68.54400000000001,0.004666666666666666,0.04100000000000001,0.5086666666666667,0.014333333333333333,0.11066666666666666,0.132,0.08299999999999999,0.0,0.37999999999999995
100,97,2009-03-27,2,2,2008-2009,Bauru Basket,Brasília,1,0.39,0.11892857142857141,0.20142857142857143,0.06964285714285715,0.1425,0.03678571428571429,0.10571428571428573,0.06357142857142857,0.05892857142857142,1.2671428571428571,0.03964285714285714,0.11035714285714285,35.534285714285716,0.10071428571428571,0.18321428571428572,55.269285714285715,0.06964285714285715,0.09250000000000003,76.895,0.0060714285714285705,0.03035714285714286,0.575,0.01214285714285714,0.08857142857142859,0.13714285714285715,0.05892857142857142,0.0,0.4035714285714286,0.43233333333333335,0.11200000000000002,0.22333333333333333,0.09699999999999999,0.17733333333333332,0.04433333333333334,0.133,0.076,0.08066666666666668,1.0073333333333334,0.037333333333333336,0.107,34.72,0.11166666666666666,0.192,58.368,0.09699999999999999,0.13133333333333333,74.284,0.010666666666666668,0.03833333333333334,0.5073333333333333,0.022666666666666672,0.11266666666666669,0.21,0.08066666666666668,0.0,0.4816666666666666
91,70,2009-03-27,2,2,2008-2009,Minas,Pinheiros,1,0.4323076923076922,0.1096153846153846,0.24230769230769234,0.08038461538461537,0.17423076923076927,0.053076923076923084,0.12115384615384617,0.08115384615384615,0.07692307692307693,1.1023076923076924,0.03653846153846154,0.10230769230769231,36.253076923076925,0.12115384615384617,0.21423076923076925,56.72461538461539,0.08038461538461537,0.11423076923076922,70.95076923076923,0.006923076923076922,0.03807692307692308,0.49769230769230766,0.015384615384615384,0.09653846153846153,0.17307692307692307,0.07692307692307693,0.0,0.4715384615384615,0.42699999999999994,0.14600000000000002,0.18800000000000006,0.093,0.16099999999999998,0.04700000000000001,0.11400000000000002,0.07433333333333335,0.064,1.1746666666666667,0.04866666666666668,0.12666666666666665,38.51199999999999,0.09400000000000003,0.17466666666666664,54.301333333333325,0.093,0.12833333333333333,73.268,0.010666666666666665,0.03333333333333333,0.5413333333333334,0.008666666666666666,0.08899999999999998,0.10266666666666667,0.064,0.0,0.4463333333333333
83,79,2009-03-27,2,2,2008-2009,Joinville,Coop/São José Basketball,1,0.4146428571428572,0.14035714285714282,0.19999999999999998,0.07428571428571429,0.1785714285714286,0.046785714285714285,0.13178571428571426,0.08107142857142857,0.07642857142857142,1.122857142857143,0.0467857142857143,0.12642857142857145,37.15785714285715,0.09999999999999999,0.18642857142857142,53.37642857142857,0.07428571428571429,0.10785714285714286,68.73,0.008928571428571428,0.043214285714285726,0.6057142857142859,0.015000000000000003,0.09999999999999999,0.16928571428571426,0.07642857142857142,0.0,0.4564285714285714,0.392,0.136,0.18200000000000002,0.074,0.13266666666666668,0.04066666666666667,0.092,0.06833333333333333,0.067,1.0753333333333335,0.045333333333333344,0.13099999999999998,34.8,0.09100000000000001,0.17866666666666664,51.214000000000006,0.074,0.10566666666666667,70.08666666666666,0.0016666666666666668,0.03766666666666666,0.584,0.011666666666666667,0.112,0.11533333333333334,0.067,0.0,0.37033333333333335
82,87,2009-03-27,2,2,2008-2009,Lajeado,Limeira,0,0.3642857142857143,0.08678571428571429,0.19428571428571426,0.0832142857142857,0.1442857142857143,0.05000000000000001,0.09428571428571429,0.050357142857142864,0.0732142857142857,0.7092857142857143,0.028928571428571435,0.09964285714285714,28.696428571428577,0.09714285714285713,0.20249999999999996,48.388571428571424,0.0832142857142857,0.11892857142857145,70.87214285714285,0.0010714285714285715,0.04285714285714286,0.6435714285714287,0.005357142857142858,0.1042857142857143,0.052857142857142866,0.0732142857142857,0.0,0.3221428571428571,0.4326666666666667,0.142,0.19333333333333336,0.09733333333333331,0.147,0.03666666666666667,0.11033333333333335,0.08233333333333333,0.08000000000000003,1.188,0.04733333333333333,0.12300000000000001,38.79333333333334,0.09666666666666668,0.18133333333333335,53.64933333333333,0.09733333333333331,0.12666666666666668,77.01266666666666,0.012333333333333333,0.04466666666666667,0.6153333333333334,0.02333333333333333,0.10866666666666666,0.22333333333333333,0.08000000000000003,0.0,0.4603333333333333
77,63,2009-03-27,2,2,2008-2009,Araraquara,Saldanha,1,0.3836666666666667,0.13499999999999998,0.18133333333333332,0.06733333333333333,0.149,0.034333333333333334,0.1146666666666667,0.08200000000000002,0.08166666666666668,1.0966666666666667,0.045000000000000005,0.13133333333333333,34.236,0.09066666666666666,0.169,53.861999999999995,0.06733333333333333,0.1,66.78066666666668,0.009666666666666665,0.03933333333333333,0.4913333333333334,0.021333333333333333,0.10766666666666666,0.21066666666666667,0.08166666666666668,0.0,0.39633333333333337,0.36833333333333335,0.10700000000000001,0.2,0.06133333333333334,0.14833333333333334,0.05133333333333334,0.09700000000000002,0.04900000000000001,0.08933333333333332,0.6046666666666666,0.03566666666666666,0.10466666666666667,33.910666666666664,0.1,0.19700000000000004,51.791333333333334,0.06133333333333334,0.10033333333333336,61.657333333333334,0.018000000000000002,0.049333333333333354,0.5593333333333332,0.008666666666666668,0.11133333333333335,0.08133333333333334,0.08933333333333332,0.0,0.3293333333333333
76,65,2009-03-30,4,2,2008-2009,Flamengo,Limeira,1,0.479,0.159,0.232,0.08800000000000001,0.15866666666666662,0.04766666666666667,0.111,0.09233333333333332,0.07033333333333333,1.4493333333333334,0.05300000000000002,0.12433333333333334,43.02533333333334,0.116,0.1993333333333333,57.86666666666665,0.08800000000000001,0.11299999999999999,77.51,0.010666666666666668,0.046333333333333324,0.7186666666666668,0.006333333333333334,0.09766666666666667,0.06133333333333333,0.07033333333333333,0.0,0.5326666666666667,0.43066666666666664,0.132,0.20000000000000007,0.09866666666666667,0.14633333333333332,0.037000000000000005,0.10933333333333335,0.08033333333333333,0.07566666666666667,1.214,0.044,0.11633333333333333,37.803333333333335,0.10000000000000003,0.18566666666666667,53.955999999999996,0.09866666666666667,0.129,76.52399999999999,0.012666666666666668,0.045000000000000005,0.638,0.022000000000000006,0.10700000000000001,0.21266666666666667,0.07566666666666667,0.0,0.4603333333333333
63,70,2009-04-01,3,2,2008-2009,Espírito Santo,Joinville,0,0.3763333333333333,0.10000000000000002,0.19666666666666668,0.07966666666666668,0.13066666666666668,0.036666666666666674,0.09400000000000001,0.053333333333333344,0.06199999999999999,0.9633333333333333,0.03333333333333334,0.10700000000000001,31.413333333333338,0.09833333333333334,0.18233333333333332,54.873333333333335,0.07966666666666668,0.11833333333333333,69.21866666666666,0.0030000000000000005,0.04000000000000001,0.6473333333333335,0.006666666666666666,0.11166666666666666,0.06266666666666666,0.06199999999999999,0.0,0.34866666666666674,0.4146666666666667,0.13899999999999996,0.2,0.07566666666666667,0.1776666666666667,0.04633333333333334,0.13133333333333333,0.082,0.07533333333333332,1.1533333333333333,0.046333333333333344,0.12700000000000003,36.656,0.1,0.18533333333333332,53.739333333333335,0.07566666666666667,0.11033333333333334,68.516,0.009333333333333334,0.04333333333333335,0.6153333333333335,0.01466666666666667,0.09933333333333333,0.1653333333333333,0.07533333333333332,0.0,0.4563333333333333
91,80,2009-04-01,3,2,2008-2009,Flamengo,Coop/São José Basketball,1,0.4743333333333333,0.153,0.23133333333333334,0.09,0.16299999999999995,0.04733333333333334,0.11566666666666665,0.092,0.072,1.4106666666666665,0.05100000000000002,0.12333333333333334,41.873333333333335,0.11566666666666667,0.19666666666666663,58.455999999999996,0.09,0.11400000000000002,78.99133333333334,0.010000000000000002,0.045333333333333344,0.6806666666666668,0.007000000000000001,0.09899999999999999,0.06666666666666667,0.072,0.0,0.5323333333333333,0.394,0.134,0.18800000000000003,0.07200000000000002,0.13466666666666666,0.04200000000000001,0.09266666666666666,0.06666666666666668,0.069,1.0346666666666668,0.04466666666666667,0.12733333333333333,35.227333333333334,0.09400000000000001,0.184,51.41,0.07200000000000002,0.105,68.882,0.002,0.038,0.5766666666666667,0.011000000000000003,0.11333333333333334,0.10733333333333335,0.069,0.0,0.36966666666666664
94,85,2009-04-01,3,2,2008-2009,Brasília,Araraquara,1,0.4353333333333333,0.111,0.22333333333333333,0.101,0.1753333333333333,0.04166666666666667,0.13366666666666666,0.075,0.08,1.002,0.037000000000000005,0.10533333333333332,35.246,0.11166666666666666,0.19033333333333333,58.932,0.101,0.13499999999999998,75.15000000000002,0.010333333333333335,0.037000000000000005,0.49133333333333334,0.022333333333333337,0.11466666666666668,0.2053333333333333,0.08,0.0,0.484,0.39,0.138,0.18266666666666664,0.06933333333333333,0.15133333333333335,0.037,0.11433333333333336,0.08533333333333333,0.08066666666666668,1.1446666666666665,0.046000000000000006,0.13066666666666665,35.24333333333333,0.09133333333333332,0.1676666666666667,54.51333333333333,0.06933333333333333,0.10133333333333332,68.13733333333333,0.01,0.03966666666666666,0.5046666666666667,0.023,0.10533333333333335,0.23733333333333334,0.08066666666666668,0.0,0.41566666666666663
96,91,2009-04-01,3,2,2008-2009,Minas,Limeira,1,0.4339285714285714,0.11249999999999998,0.2421428571428572,0.07928571428571428,0.17607142857142863,0.052500000000000005,0.12357142857142858,0.0825,0.07821428571428571,1.0985714285714288,0.0375,0.10285714285714287,36.910000000000004,0.1210714285714286,0.2125,57.184285714285714,0.07928571428571428,0.11285714285714285,70.77,0.0064285714285714285,0.03678571428571429,0.47714285714285715,0.014642857142857141,0.09678571428571428,0.16428571428571428,0.07821428571428571,0.0,0.47535714285714287,0.42733333333333334,0.13099999999999998,0.20000000000000004,0.09633333333333335,0.14833333333333334,0.038000000000000006,0.11033333333333337,0.08166666666666665,0.075,1.2353333333333334,0.043666666666666666,0.11600000000000002,37.61466666666667,0.10000000000000002,0.187,53.51,0.09633333333333335,0.12866666666666668,74.74866666666665,0.012666666666666668,0.04566666666666667,0.6473333333333333,0.021000000000000005,0.10633333333333334,0.20400000000000001,0.075,0.0,0.4573333333333333
87,83,2009-04-01,3,2,2008-2009,Paulistano,Assis,1,0.3736666666666667,0.106,0.19666666666666668,0.07100000000000001,0.15433333333333332,0.05366666666666667,0.1006666666666667,0.07066666666666667,0.084,0.9426666666666669,0.035333333333333335,0.11333333333333333,31.439999999999998,0.09833333333333334,0.18666666666666662,52.62466666666666,0.07100000000000001,0.10200000000000001,68.938,0.004333333333333332,0.04000000000000001,0.4973333333333333,0.014333333333333335,0.11166666666666665,0.13066666666666665,0.084,0.0,0.3716666666666667,0.38785714285714296,0.11785714285714285,0.16785714285714287,0.10214285714285716,0.145,0.03964285714285715,0.10535714285714286,0.05678571428571428,0.06285714285714286,1.0778571428571428,0.0392857142857143,0.11285714285714286,35.36214285714286,0.08392857142857144,0.15714285714285717,53.49857142857143,0.10214285714285716,0.1435714285714286,71.21785714285714,0.005,0.03535714285714286,0.5971428571428571,0.015714285714285715,0.10071428571428571,0.15928571428571428,0.06285714285714286,0.0,0.3896428571428571
94,88,2009-04-01,3,2,2008-2009,Pinheiros,Bauru Basket,1,0.4206666666666666,0.146,0.18533333333333335,0.08933333333333333,0.15466666666666665,0.04533333333333334,0.10933333333333332,0.07300000000000001,0.060666666666666674,1.2153333333333334,0.04866666666666667,0.12699999999999997,38.43333333333333,0.09266666666666667,0.17466666666666666,53.650666666666666,0.08933333333333333,0.127,70.768,0.011333333333333332,0.034333333333333334,0.5893333333333334,0.007666666666666667,0.08766666666666666,0.09133333333333332,0.060666666666666674,0.0,0.43166666666666664,0.3973333333333333,0.12199999999999998,0.20066666666666666,0.07466666666666667,0.14166666666666666,0.038000000000000006,0.10366666666666667,0.06433333333333333,0.05766666666666666,1.3079999999999998,0.04066666666666666,0.112,35.88133333333334,0.10033333333333333,0.182,55.42333333333333,0.07466666666666667,0.09800000000000003,77.29266666666666,0.006,0.02966666666666667,0.57,0.01233333333333333,0.09133333333333334,0.136,0.05766666666666666,0.0,0.41133333333333333
78,68,2009-04-01,3,2,2008-2009,Saldanha,Lajeado,1,0.3630000000000001,0.10700000000000003,0.19666666666666663,0.05933333333333334,0.14666666666666667,0.05100000000000001,0.09566666666666669,0.05333333333333334,0.09100000000000001,0.6419999999999999,0.03566666666666666,0.10500000000000001,33.80533333333334,0.09833333333333331,0.19666666666666668,50.97533333333333,0.05933333333333334,0.09933333333333334,59.54666666666667,0.01733333333333333,0.05133333333333335,0.5726666666666667,0.009000000000000001,0.1116666666666667,0.08400000000000002,0.09100000000000001,0.0,0.32466666666666666,0.3673333333333334,0.09000000000000001,0.1953333333333333,0.08199999999999999,0.147,0.04966666666666668,0.09733333333333333,0.05166666666666667,0.074,0.7166666666666667,0.030000000000000006,0.10166666666666666,29.09133333333334,0.09766666666666665,0.19899999999999995,49.82933333333333,0.08199999999999999,0.11800000000000002,70.27399999999999,0.0013333333333333333,0.041666666666666664,0.62,0.005333333333333334,0.10466666666666669,0.052666666666666674,0.074,0.0,0.33
93,80,2009-04-03,4,2,2008-2009,Espírito Santo,Lajeado,1,0.3726666666666667,0.101,0.19133333333333333,0.08033333333333334,0.13166666666666668,0.036000000000000004,0.09566666666666666,0.05533333333333334,0.06266666666666668,0.9853333333333333,0.033666666666666664,0.10633333333333335,31.840666666666664,0.09566666666666666,0.17833333333333334,54.492666666666665,0.08033333333333334,0.11999999999999998,68.88533333333334,0.0026666666666666666,0.03966666666666667,0.6340000000000001,0.006333333333333333,0.11133333333333334,0.060000000000000005,0.06266666666666668,0.0,0.34800000000000003,0.3673333333333334,0.088,0.2,0.07933333333333331,0.14333333333333337,0.04900000000000001,0.09433333333333334,0.05233333333333334,0.07133333333333333,0.7373333333333333,0.029333333333333336,0.09766666666666665,29.299333333333337,0.1,0.1986666666666666,51.206,0.07933333333333331,0.116,68.60066666666667,0.001,0.04000000000000001,0.6140000000000001,0.005000000000000001,0.10600000000000001,0.04933333333333335,0.07133333333333333,0.0,0.333
83,78,2009-04-03,4,2,2008-2009,Minas,Coop/São José Basketball,1,0.437,0.11799999999999998,0.23800000000000004,0.08099999999999999,0.1763333333333334,0.05300000000000001,0.12333333333333334,0.08499999999999999,0.077,1.1586666666666667,0.03933333333333334,0.10533333333333333,37.544666666666664,0.11900000000000002,0.21266666666666667,56.162666666666674,0.08099999999999999,0.11599999999999998,70.42733333333332,0.006333333333333333,0.037000000000000005,0.49,0.014,0.096,0.15733333333333333,0.077,0.0,0.4776666666666667,0.39033333333333325,0.13,0.1906666666666667,0.0696666666666667,0.13799999999999998,0.04266666666666667,0.09533333333333333,0.067,0.07,1.0226666666666668,0.043333333333333335,0.12633333333333333,34.54066666666667,0.09533333333333335,0.18699999999999997,51.26533333333334,0.0696666666666667,0.10166666666666667,69.04866666666666,0.002,0.03766666666666667,0.5646666666666668,0.010666666666666668,0.115,0.10400000000000002,0.07,0.0,0.367
89,71,2009-04-03,4,2,2008-2009,Pinheiros,Assis,1,0.42533333333333334,0.145,0.19,0.09033333333333333,0.15466666666666665,0.04766666666666667,0.10700000000000001,0.07366666666666667,0.05933333333333334,1.2593333333333334,0.048333333333333346,0.12566666666666665,38.624,0.095,0.177,54.324,0.09033333333333333,0.12733333333333333,71.266,0.012,0.034333333333333334,0.6026666666666666,0.008333333333333333,0.08766666666666666,0.09866666666666667,0.05933333333333334,0.0,0.4406666666666667,0.38966666666666677,0.123,0.16466666666666668,0.10200000000000002,0.14266666666666664,0.039666666666666676,0.10300000000000001,0.05799999999999999,0.06466666666666668,1.0613333333333332,0.041000000000000016,0.11333333333333334,36.616,0.08233333333333334,0.15633333333333335,52.690666666666665,0.10200000000000002,0.14200000000000002,72.02533333333332,0.005000000000000001,0.034333333333333334,0.572,0.01566666666666667,0.102,0.15733333333333333,0.06466666666666668,0.0,0.3893333333333333
93,92,2009-04-03,4,2,2008-2009,Paulistano,Bauru Basket,1,0.37366666666666665,0.10099999999999999,0.20133333333333336,0.07133333333333335,0.15433333333333335,0.053333333333333344,0.10100000000000003,0.07033333333333333,0.08133333333333333,0.9953333333333335,0.033666666666666664,0.11066666666666666,30.82933333333333,0.10066666666666668,0.19066666666666665,52.552,0.07133333333333335,0.10300000000000001,68.64133333333332,0.004666666666666666,0.04100000000000001,0.538,0.01533333333333333,0.113,0.13799999999999998,0.08133333333333333,0.0,0.37466666666666665,0.405,0.125,0.204,0.076,0.143,0.041666666666666664,0.10133333333333333,0.06699999999999999,0.05633333333333334,1.3886666666666665,0.04166666666666667,0.11266666666666668,36.63866666666667,0.102,0.18533333333333332,55.45666666666667,0.076,0.098,78.56266666666666,0.006333333333333333,0.030666666666666672,0.6066666666666667,0.012,0.09266666666666666,0.13133333333333336,0.05633333333333334,0.0,0.425
77,72,2009-04-03,4,2,2008-2009,Brasília,Sesi Franca,1,0.44133333333333336,0.112,0.22133333333333333,0.10800000000000001,0.16966666666666666,0.03933333333333334,0.13033333333333333,0.07733333333333334,0.08033333333333334,1.0273333333333334,0.03733333333333333,0.10466666666666667,35.764,0.11066666666666666,0.18733333333333338,59.40466666666667,0.10800000000000001,0.1413333333333333,76.69000000000001,0.011333333333333336,0.038000000000000006,0.502,0.02066666666666667,0.11866666666666668,0.1853333333333333,0.08033333333333334,0.0,0.48933333333333334,0.43400000000000005,0.10300000000000001,0.24133333333333337,0.08966666666666666,0.16366666666666668,0.05200000000000001,0.11166666666666668,0.09033333333333333,0.06366666666666668,1.4933333333333332,0.034333333333333334,0.10066666666666665,35.608666666666664,0.12066666666666669,0.23066666666666666,52.84733333333333,0.08966666666666666,0.11866666666666666,74.92266666666666,0.006,0.04700000000000001,0.768,0.010333333333333335,0.109,0.09933333333333334,0.06366666666666668,0.0,0.47633333333333333
61,84,2009-04-03,4,2,2008-2009,Saldanha,Joinville,0,0.36100000000000004,0.10900000000000001,0.19533333333333333,0.05666666666666667,0.14433333333333334,0.051000000000000004,0.09333333333333334,0.054333333333333345,0.08866666666666667,0.6813333333333332,0.03633333333333333,0.10700000000000001,33.664,0.09766666666666667,0.19433333333333333,51.54,0.05666666666666667,0.097,58.82533333333334,0.01633333333333333,0.05100000000000002,0.5920000000000001,0.008,0.11100000000000002,0.07533333333333334,0.08866666666666667,0.0,0.3223333333333333,0.40866666666666673,0.13599999999999998,0.198,0.07466666666666666,0.18033333333333337,0.04766666666666668,0.13266666666666665,0.07966666666666665,0.073,1.1766666666666665,0.045333333333333344,0.12866666666666668,35.59733333333334,0.099,0.18233333333333332,54.01266666666667,0.07466666666666666,0.11199999999999997,66.97333333333333,0.009333333333333334,0.045000000000000005,0.692,0.01466666666666667,0.098,0.16599999999999995,0.073,0.0,0.45133333333333336
110,89,2009-04-05,9,1,2008-2009,Minas,Joinville,1,0.4393333333333334,0.11800000000000001,0.24000000000000005,0.08133333333333331,0.17766666666666672,0.052666666666666674,0.125,0.084,0.07600000000000001,1.1620000000000001,0.03933333333333334,0.10499999999999998,37.63999999999999,0.12000000000000002,0.2113333333333333,57.14399999999999,0.08133333333333331,0.11433333333333333,71.62799999999999,0.006666666666666667,0.036000000000000004,0.48333333333333334,0.017,0.095,0.19066666666666665,0.07600000000000001,0.0,0.48799999999999993,0.4003333333333333,0.12599999999999997,0.198,0.07633333333333334,0.1796666666666667,0.047333333333333345,0.13233333333333336,0.07600000000000001,0.07066666666666667,1.160666666666667,0.04200000000000001,0.12766666666666668,33.431333333333335,0.099,0.18399999999999997,53.45933333333333,0.07633333333333334,0.11599999999999998,66.14466666666665,0.010333333333333335,0.04933333333333334,0.7699999999999999,0.014666666666666668,0.097,0.16666666666666663,0.07066666666666667,0.0,0.43900000000000006
75,85,2009-04-08,5,2,2008-2009,Saldanha,Brasília,0,0.36033333333333334,0.11000000000000001,0.19133333333333338,0.059000000000000004,0.147,0.05,0.097,0.05633333333333334,0.09000000000000001,0.6946666666666665,0.03666666666666666,0.10933333333333334,33.528,0.09566666666666669,0.19133333333333333,51.169333333333334,0.059000000000000004,0.10233333333333333,57.784,0.016,0.05100000000000002,0.5866666666666667,0.008666666666666666,0.11366666666666667,0.08000000000000002,0.09000000000000001,0.0,0.32166666666666666,0.44566666666666666,0.11000000000000003,0.22533333333333336,0.11033333333333334,0.16799999999999998,0.03766666666666667,0.13033333333333333,0.07633333333333334,0.078,1.0413333333333332,0.03666666666666666,0.10433333333333335,35.281333333333336,0.11266666666666668,0.1873333333333334,60.65466666666667,0.11033333333333334,0.14366666666666664,77.38133333333332,0.011000000000000003,0.036333333333333336,0.49066666666666664,0.022000000000000006,0.11566666666666668,0.20333333333333328,0.078,0.0,0.49466666666666664
91,80,2009-04-08,5,2,2008-2009,Limeira,Araraquara,1,0.43333333333333335,0.132,0.20666666666666664,0.09466666666666666,0.15099999999999997,0.03866666666666667,0.11233333333333334,0.08433333333333333,0.06699999999999999,1.3453333333333333,0.044000000000000004,0.11766666666666664,37.321333333333335,0.10333333333333332,0.19233333333333336,53.87666666666666,0.09466666666666666,0.12733333333333335,74.10866666666666,0.011666666666666667,0.045000000000000005,0.6666666666666666,0.023000000000000007,0.10466666666666669,0.2326666666666667,0.06699999999999999,0.0,0.4743333333333332,0.3943333333333333,0.13399999999999998,0.186,0.07433333333333335,0.15033333333333335,0.036333333333333336,0.11400000000000003,0.08600000000000001,0.08100000000000002,1.1506666666666667,0.04466666666666667,0.12633333333333333,35.44466666666667,0.093,0.1696666666666667,54.93999999999999,0.07433333333333335,0.10466666666666667,69.76666666666667,0.010000000000000002,0.039,0.49600000000000016,0.022666666666666672,0.10766666666666667,0.23333333333333334,0.08100000000000002,0.0,0.42266666666666663
78,73,2009-04-08,5,2,2008-2009,Coop/São José Basketball,Sesi Franca,1,0.3886666666666666,0.132,0.186,0.07066666666666668,0.14,0.04566666666666667,0.09433333333333332,0.06600000000000002,0.067,1.0593333333333332,0.04400000000000001,0.12699999999999997,34.852,0.093,0.19066666666666668,49.30266666666667,0.07066666666666668,0.10266666666666668,69.438,0.002,0.03600000000000001,0.5646666666666668,0.011000000000000003,0.11366666666666667,0.10733333333333335,0.067,0.0,0.362,0.43166666666666664,0.10400000000000001,0.2406666666666667,0.087,0.16,0.05000000000000001,0.11000000000000003,0.08800000000000001,0.06333333333333334,1.4593333333333334,0.03466666666666667,0.10266666666666666,35.38733333333334,0.12033333333333335,0.23166666666666666,52.440666666666665,0.087,0.11533333333333334,74.87000000000002,0.006,0.048666666666666664,0.8019999999999999,0.011333333333333336,0.114,0.10666666666666669,0.06333333333333334,0.0,0.4686666666666666
78,84,2009-04-08,5,2,2008-2009,Bauru Basket,Minas,0,0.41000000000000003,0.132,0.1973333333333333,0.08066666666666666,0.14433333333333334,0.044333333333333336,0.1,0.06933333333333332,0.057,1.4166666666666665,0.04400000000000001,0.11666666666666668,37.52066666666667,0.09866666666666665,0.18166666666666667,54.70600000000001,0.08066666666666666,0.10633333333333334,77.28333333333333,0.006666666666666667,0.03200000000000001,0.6246666666666667,0.011333333333333332,0.09133333333333334,0.12533333333333332,0.057,0.0,0.4286666666666667,0.44900000000000007,0.121,0.24466666666666664,0.08333333333333333,0.17800000000000002,0.054333333333333345,0.12366666666666666,0.08433333333333334,0.07733333333333332,1.1393333333333335,0.04033333333333334,0.10666666666666666,37.946000000000005,0.12233333333333332,0.20900000000000002,58.87533333333332,0.08333333333333333,0.11666666666666667,72.09933333333332,0.007,0.037000000000000005,0.48933333333333334,0.018666666666666668,0.093,0.20933333333333332,0.07733333333333332,0.0,0.5033333333333333
88,106,2009-04-08,5,2,2008-2009,Assis,Flamengo,0,0.3883333333333334,0.12400000000000001,0.16533333333333333,0.09900000000000002,0.14033333333333334,0.03966666666666667,0.10066666666666667,0.060999999999999985,0.06433333333333333,1.1026666666666667,0.04133333333333333,0.11300000000000002,37.02,0.08266666666666667,0.158,52.38733333333332,0.09900000000000002,0.13733333333333336,73.30733333333335,0.005333333333333333,0.033666666666666664,0.5646666666666668,0.014666666666666668,0.10433333333333335,0.14400000000000002,0.06433333333333333,0.0,0.3883333333333333,0.4726666666666667,0.148,0.23200000000000004,0.09266666666666667,0.1663333333333333,0.046,0.12033333333333333,0.09033333333333332,0.07033333333333333,1.412,0.04933333333333335,0.12366666666666665,40.50533333333333,0.11600000000000002,0.19633333333333333,58.73133333333333,0.09266666666666667,0.12066666666666669,77.50466666666667,0.009666666666666667,0.04600000000000001,0.7026666666666667,0.008,0.09799999999999999,0.07733333333333332,0.07033333333333333,0.0,0.5303333333333334
66,71,2009-04-09,5,2,2008-2009,Paulistano,Joinville,0,0.383,0.10499999999999998,0.20333333333333334,0.07466666666666667,0.15300000000000002,0.05300000000000001,0.10000000000000003,0.06933333333333333,0.08266666666666667,0.9299999999999999,0.03500000000000001,0.10666666666666667,33.199999999999996,0.10166666666666667,0.19166666666666662,52.784,0.07466666666666667,0.10600000000000001,70.20266666666667,0.004333333333333332,0.04166666666666667,0.5366666666666667,0.014333333333333332,0.11266666666666666,0.12999999999999998,0.08266666666666667,0.0,0.3856666666666666,0.40399999999999997,0.129,0.198,0.077,0.17633333333333337,0.04966666666666667,0.12666666666666668,0.07533333333333332,0.06933333333333333,1.1686666666666667,0.043000000000000003,0.12933333333333336,33.67066666666666,0.099,0.18499999999999997,53.16066666666667,0.077,0.11766666666666666,65.50933333333333,0.010000000000000002,0.049,0.7720000000000001,0.01566666666666667,0.09766666666666667,0.17799999999999996,0.06933333333333333,0.0,0.438
96,79,2009-04-09,5,2,2008-2009,Pinheiros,Lajeado,1,0.4276666666666667,0.14400000000000002,0.19333333333333333,0.09033333333333333,0.14933333333333335,0.04566666666666667,0.10366666666666664,0.07333333333333332,0.060666666666666674,1.236,0.048000000000000015,0.12299999999999998,39.73533333333333,0.09666666666666666,0.17666666666666667,55.330000000000005,0.09033333333333333,0.12666666666666665,71.69533333333334,0.012666666666666666,0.036000000000000004,0.6166666666666667,0.008,0.089,0.09333333333333334,0.060666666666666674,0.0,0.4423333333333333,0.37,0.09,0.20199999999999999,0.07799999999999999,0.13633333333333336,0.046666666666666676,0.08966666666666666,0.05100000000000002,0.07033333333333333,0.7313333333333333,0.030000000000000002,0.09733333333333333,30.013333333333335,0.10099999999999999,0.19866666666666666,51.682,0.07799999999999999,0.112,69.696,0.001,0.042333333333333334,0.6526666666666666,0.005000000000000001,0.11066666666666668,0.04866666666666668,0.07033333333333333,0.0,0.33533333333333337
76,80,2009-04-10,6,2,2008-2009,Espírito Santo,Brasília,0,0.37900000000000006,0.102,0.19266666666666665,0.08433333333333333,0.13633333333333333,0.03833333333333334,0.098,0.058666666666666666,0.062333333333333345,1.0286666666666666,0.033999999999999996,0.105,32.846666666666664,0.09633333333333333,0.18133333333333335,53.80866666666667,0.08433333333333333,0.129,67.14066666666666,0.0036666666666666666,0.03600000000000001,0.592,0.007666666666666667,0.11333333333333334,0.07,0.062333333333333345,0.0,0.3546666666666667,0.45199999999999996,0.11200000000000003,0.22466666666666668,0.11533333333333333,0.16266666666666665,0.035666666666666666,0.12700000000000003,0.07766666666666669,0.07400000000000001,1.1113333333333335,0.037333333333333336,0.10433333333333333,36.065333333333335,0.11233333333333334,0.18700000000000003,60.586666666666666,0.11533333333333333,0.15066666666666664,75.78133333333334,0.011000000000000001,0.03766666666666667,0.5426666666666667,0.022333333333333334,0.11566666666666665,0.20733333333333331,0.07400000000000001,0.0,0.5013333333333333
83,62,2009-04-10,6,2,2008-2009,Limeira,Sesi Franca,1,0.43733333333333335,0.13399999999999998,0.21133333333333332,0.092,0.14833333333333334,0.035666666666666666,0.11266666666666668,0.08533333333333333,0.068,1.3373333333333333,0.044666666666666674,0.11599999999999998,38.30800000000001,0.10566666666666666,0.19133333333333333,55.41533333333333,0.092,0.12566666666666665,72.61733333333333,0.014333333333333335,0.04700000000000001,0.6873333333333334,0.02166666666666667,0.10200000000000002,0.228,0.068,0.0,0.4809999999999999,0.4293333333333333,0.10500000000000001,0.2366666666666667,0.08766666666666666,0.15733333333333335,0.05000000000000002,0.10733333333333336,0.08666666666666667,0.06533333333333333,1.4093333333333333,0.03500000000000001,0.10099999999999999,36.187333333333335,0.11833333333333335,0.229,52.11866666666666,0.08766666666666666,0.11666666666666667,74.63666666666668,0.006,0.04833333333333333,0.7833333333333333,0.011333333333333336,0.11833333333333333,0.1046666666666667,0.06533333333333333,0.0,0.46199999999999997
74,79,2009-04-10,6,2,2008-2009,Assis,Minas,0,0.3916666666666667,0.123,0.16999999999999998,0.0986666666666667,0.13966666666666666,0.03900000000000001,0.10066666666666667,0.06066666666666666,0.06533333333333334,1.0533333333333335,0.041,0.1116666666666667,37.09,0.08499999999999999,0.15866666666666668,53.48733333333333,0.0986666666666667,0.1366666666666667,73.396,0.006,0.03333333333333333,0.5406666666666666,0.014666666666666666,0.10466666666666666,0.14333333333333337,0.06533333333333334,0.0,0.39233333333333326,0.4486666666666667,0.125,0.23933333333333334,0.08433333333333333,0.1776666666666667,0.053000000000000005,0.12466666666666666,0.08299999999999999,0.07733333333333332,1.122666666666667,0.04166666666666667,0.10466666666666666,39.93866666666666,0.11966666666666667,0.20433333333333334,58.97799999999999,0.08433333333333333,0.11766666666666666,72.27333333333331,0.006333333333333333,0.037000000000000005,0.48933333333333334,0.018333333333333333,0.09366666666666665,0.2053333333333333,0.07733333333333332,0.0,0.5063333333333333
91,98,2009-04-10,6,2,2008-2009,Bauru Basket,Flamengo,0,0.4066666666666666,0.13099999999999998,0.19666666666666668,0.07899999999999999,0.14366666666666666,0.046000000000000006,0.09766666666666667,0.07033333333333333,0.05533333333333334,1.5779999999999996,0.04366666666666667,0.11900000000000001,36.327999999999996,0.09833333333333334,0.18166666666666667,54.55066666666667,0.07899999999999999,0.10733333333333334,75.05133333333333,0.007000000000000001,0.03400000000000001,0.7706666666666666,0.010000000000000002,0.09,0.11333333333333334,0.05533333333333334,0.0,0.42233333333333334,0.4740000000000001,0.14999999999999997,0.22933333333333336,0.09466666666666668,0.16466666666666666,0.044666666666666674,0.11999999999999998,0.09066666666666667,0.07200000000000001,1.3666666666666667,0.05000000000000002,0.12233333333333332,41.443333333333335,0.11466666666666668,0.19499999999999998,58.48266666666666,0.09466666666666668,0.12100000000000002,79.13533333333332,0.009666666666666665,0.04600000000000001,0.6866666666666666,0.008,0.09866666666666667,0.07666666666666666,0.07200000000000001,0.0,0.5323333333333333
76,73,2009-04-11,6,2,2008-2009,Coop/São José Basketball,Araraquara,1,0.3906666666666666,0.129,0.18800000000000003,0.07366666666666669,0.14333333333333337,0.04633333333333334,0.09699999999999998,0.06533333333333334,0.066,1.0593333333333335,0.04300000000000001,0.12366666666666666,34.852,0.09400000000000001,0.19033333333333335,49.96933333333333,0.07366666666666669,0.107,69.72399999999999,0.002,0.03433333333333334,0.5473333333333333,0.010333333333333333,0.11400000000000002,0.10133333333333336,0.066,0.0,0.3676666666666667,0.39299999999999996,0.13399999999999998,0.182,0.077,0.14766666666666667,0.036000000000000004,0.11166666666666668,0.08600000000000001,0.08433333333333336,1.0939999999999999,0.044666666666666674,0.12166666666666667,36.49733333333334,0.091,0.169,53.94799999999999,0.077,0.10633333333333334,71.76066666666667,0.01,0.039,0.4826666666666667,0.022000000000000006,0.10766666666666667,0.22666666666666668,0.08433333333333336,0.0,0.419
66,61,2009-04-11,6,2,2008-2009,Paulistano,Lajeado,1,0.38066666666666665,0.09999999999999999,0.20533333333333334,0.07533333333333334,0.15233333333333335,0.05133333333333335,0.10100000000000002,0.069,0.084,0.9173333333333334,0.03333333333333333,0.10633333333333335,31.75733333333333,0.10266666666666667,0.19399999999999998,52.778,0.07533333333333334,0.10766666666666666,69.74266666666668,0.004,0.04200000000000001,0.534,0.014333333333333333,0.11333333333333334,0.12999999999999998,0.084,0.0,0.37766666666666665,0.3776666666666666,0.091,0.2086666666666667,0.07799999999999999,0.13666666666666666,0.044000000000000004,0.09266666666666667,0.055333333333333345,0.06933333333333333,0.8059999999999999,0.030333333333333337,0.09600000000000002,30.80666666666667,0.10433333333333335,0.2006666666666667,52.669999999999995,0.07799999999999999,0.113,69.02933333333334,0.0006666666666666666,0.04033333333333334,0.632,0.005333333333333334,0.113,0.05266666666666668,0.06933333333333333,0.0,0.34900000000000003
94,92,2009-04-11,6,2,2008-2009,Pinheiros,Joinville,1,0.4323333333333333,0.14600000000000002,0.19799999999999998,0.08833333333333333,0.15000000000000002,0.044333333333333336,0.10566666666666664,0.075,0.06066666666666667,1.2666666666666666,0.04866666666666668,0.12399999999999999,39.919999999999995,0.09899999999999999,0.17933333333333332,55.67733333333334,0.08833333333333333,0.12300000000000001,72.25066666666666,0.013666666666666666,0.037000000000000005,0.6353333333333334,0.009666666666666667,0.08866666666666669,0.11200000000000002,0.06066666666666667,0.0,0.453,0.4043333333333333,0.12699999999999997,0.198,0.07933333333333333,0.17333333333333337,0.05133333333333334,0.12200000000000003,0.07533333333333332,0.07033333333333334,1.1573333333333333,0.042333333333333334,0.13033333333333333,33.010666666666665,0.099,0.18433333333333332,53.38199999999999,0.07933333333333333,0.12266666666666666,64.39466666666667,0.010333333333333335,0.05000000000000001,0.778,0.01566666666666667,0.0976666666666667,0.17799999999999996,0.07033333333333334,0.0,0.43166666666666664
90,100,2009-04-14,7,2,2008-2009,Joinville,Flamengo,0,0.40399999999999997,0.13900000000000004,0.18666666666666665,0.07833333333333334,0.16800000000000004,0.05133333333333334,0.11666666666666668,0.07566666666666667,0.07,1.168,0.04633333333333334,0.13733333333333334,33.721333333333334,0.09333333333333332,0.17799999999999994,52.04,0.07833333333333334,0.12100000000000001,64.57133333333333,0.009666666666666667,0.04666666666666666,0.7373333333333335,0.015000000000000005,0.10066666666666667,0.15933333333333335,0.07,0.0,0.42100000000000004,0.47666666666666674,0.15,0.23133333333333334,0.09533333333333334,0.16266666666666665,0.04433333333333334,0.11833333333333335,0.09400000000000001,0.06799999999999999,1.4786666666666666,0.05000000000000002,0.12433333333333335,40.674,0.11566666666666667,0.19233333333333333,59.967333333333336,0.09533333333333334,0.11966666666666669,81.14666666666666,0.010333333333333333,0.04500000000000001,0.6893333333333332,0.009000000000000001,0.10166666666666666,0.08466666666666667,0.06799999999999999,0.0,0.544
64,86,2009-04-15,7,2,2008-2009,Espírito Santo,Pinheiros,0,0.38266666666666665,0.10899999999999999,0.19066666666666665,0.08299999999999999,0.133,0.036,0.097,0.062333333333333324,0.06066666666666667,1.14,0.036333333333333336,0.10733333333333331,34.132,0.09533333333333333,0.18000000000000002,53.623333333333335,0.08299999999999999,0.12566666666666665,67.474,0.004333333333333333,0.03433333333333334,0.5953333333333333,0.007666666666666667,0.11200000000000003,0.07,0.06066666666666667,0.0,0.36099999999999993,0.43799999999999994,0.147,0.19866666666666663,0.09233333333333335,0.15533333333333338,0.04566666666666667,0.10966666666666666,0.07666666666666665,0.06166666666666668,1.2653333333333334,0.049000000000000016,0.125,39.88,0.09933333333333332,0.18100000000000002,55.32066666666667,0.09233333333333335,0.12633333333333335,73.38866666666668,0.014000000000000002,0.04000000000000001,0.6806666666666668,0.009666666666666667,0.08900000000000002,0.11200000000000002,0.06166666666666668,0.0,0.46633333333333327
94,72,2009-04-15,7,2,2008-2009,Brasília,Coop/São José Basketball,1,0.444,0.11400000000000003,0.22,0.10999999999999997,0.16533333333333333,0.037333333333333336,0.128,0.07766666666666669,0.07633333333333334,1.0446666666666669,0.038000000000000006,0.10666666666666667,36.138,0.11,0.1836666666666667,60.53866666666667,0.10999999999999997,0.14533333333333334,74.89266666666666,0.012333333333333333,0.03933333333333334,0.5413333333333333,0.021000000000000005,0.11333333333333331,0.2,0.07633333333333334,0.0,0.49333333333333335,0.38666666666666666,0.12200000000000003,0.18933333333333333,0.07533333333333335,0.147,0.049666666666666665,0.09733333333333331,0.06333333333333334,0.06833333333333333,1.0093333333333332,0.04066666666666668,0.12233333333333332,33.12866666666667,0.09466666666666666,0.19,50.384,0.07533333333333335,0.11000000000000001,69.21533333333333,0.0033333333333333335,0.03600000000000001,0.5526666666666666,0.010333333333333333,0.11633333333333334,0.10133333333333336,0.06833333333333333,0.0,0.36333333333333334
64,70,2009-04-15,7,2,2008-2009,Araraquara,Bauru Basket,0,0.3906666666666666,0.13300000000000003,0.184,0.07366666666666669,0.143,0.03533333333333334,0.10766666666666667,0.08433333333333333,0.08600000000000002,1.0606666666666664,0.044333333333333336,0.12200000000000001,36.13533333333333,0.092,0.16933333333333336,54.45333333333333,0.07366666666666669,0.10133333333333333,72.43266666666668,0.011,0.03966666666666667,0.47933333333333333,0.020333333333333335,0.11033333333333335,0.20600000000000002,0.08600000000000002,0.0,0.4093333333333333,0.4076666666666667,0.13499999999999998,0.19466666666666665,0.078,0.14466666666666667,0.047,0.09766666666666667,0.07033333333333333,0.054666666666666676,1.6159999999999997,0.045000000000000005,0.12166666666666667,36.328,0.09733333333333333,0.17833333333333334,54.918000000000006,0.078,0.10633333333333334,74.734,0.007000000000000001,0.033,0.7546666666666667,0.009000000000000001,0.09200000000000001,0.09933333333333332,0.054666666666666676,0.0,0.42400000000000004
76,68,2009-04-15,7,2,2008-2009,Sesi Franca,Assis,1,0.43066666666666664,0.10600000000000002,0.2346666666666667,0.09000000000000002,0.15366666666666667,0.049000000000000016,0.10466666666666669,0.08633333333333335,0.06633333333333333,1.3926666666666667,0.035333333333333335,0.101,36.465333333333334,0.11733333333333335,0.224,52.551333333333325,0.09000000000000002,0.11933333333333333,75.10066666666667,0.005333333333333333,0.044000000000000004,0.7046666666666667,0.010666666666666668,0.12200000000000003,0.09133333333333336,0.06633333333333333,0.0,0.45733333333333337,0.3936666666666667,0.12100000000000001,0.176,0.09666666666666666,0.14033333333333334,0.03866666666666667,0.10166666666666667,0.06066666666666666,0.064,1.1053333333333333,0.04033333333333334,0.11266666666666668,36.12933333333333,0.088,0.16233333333333336,54.127333333333326,0.09666666666666666,0.13166666666666665,74.51733333333333,0.006333333333333333,0.03333333333333334,0.5646666666666665,0.014666666666666665,0.10466666666666667,0.14333333333333334,0.064,0.0,0.39699999999999996
70,84,2009-04-15,7,2,2008-2009,Lajeado,Minas,0,0.3723333333333333,0.092,0.19933333333333333,0.08099999999999999,0.13866666666666666,0.04233333333333334,0.09633333333333335,0.054000000000000006,0.06899999999999999,0.7926666666666667,0.030666666666666672,0.09833333333333334,30.473333333333336,0.09966666666666667,0.19566666666666668,51.60666666666667,0.08099999999999999,0.11366666666666667,70.84266666666667,0.0006666666666666666,0.039,0.6186666666666666,0.006000000000000001,0.11333333333333334,0.05866666666666668,0.06899999999999999,0.0,0.3446666666666667,0.4466666666666666,0.12000000000000001,0.24266666666666664,0.084,0.1753333333333333,0.05133333333333334,0.12400000000000001,0.07966666666666665,0.07833333333333334,1.0620000000000003,0.04000000000000001,0.102,39.23266666666667,0.12133333333333332,0.20366666666666663,60.01333333333332,0.084,0.11533333333333333,73.35999999999999,0.007,0.035666666666666666,0.46733333333333327,0.01966666666666667,0.09166666666666665,0.2213333333333333,0.07833333333333334,0.0,0.5029999999999999
88,96,2009-04-15,7,2,2008-2009,Saldanha,Paulistano,0,0.35866666666666663,0.11400000000000002,0.186,0.05866666666666666,0.14666666666666667,0.051000000000000004,0.09566666666666666,0.05733333333333334,0.09133333333333334,0.698,0.038000000000000006,0.11233333333333334,33.82666666666667,0.093,0.18933333333333335,50.275999999999996,0.05866666666666666,0.10166666666666667,57.83466666666667,0.015000000000000001,0.04966666666666667,0.5653333333333334,0.008666666666666666,0.11266666666666669,0.08066666666666668,0.09133333333333334,0.0,0.316,0.3786666666666667,0.09699999999999999,0.20266666666666666,0.079,0.15633333333333335,0.05100000000000002,0.10533333333333333,0.06766666666666668,0.08266666666666665,0.9173333333333334,0.03233333333333334,0.10700000000000003,30.721999999999998,0.10133333333333333,0.19566666666666663,51.518,0.079,0.11266666666666666,70.02,0.0036666666666666666,0.04233333333333334,0.5519999999999999,0.014999999999999998,0.11433333333333333,0.13466666666666666,0.08266666666666665,0.0,0.37466666666666665
85,75,2009-04-17,8,2,2008-2009,Espírito Santo,Paulistano,1,0.37300000000000005,0.10400000000000002,0.19133333333333333,0.07766666666666668,0.133,0.03633333333333333,0.09666666666666666,0.06566666666666666,0.05966666666666667,1.2173333333333332,0.03466666666666666,0.10699999999999998,32.64,0.09566666666666666,0.1836666666666667,52.44066666666666,0.07766666666666668,0.11799999999999998,66.79666666666667,0.005,0.035333333333333335,0.626,0.007333333333333333,0.109,0.068,0.05966666666666667,0.0,0.354,0.39466666666666667,0.10499999999999998,0.20533333333333334,0.08433333333333334,0.1606666666666667,0.05433333333333335,0.10633333333333335,0.07,0.083,0.9366666666666668,0.035,0.11333333333333334,31.423999999999996,0.10266666666666667,0.19766666666666666,51.814,0.08433333333333334,0.12066666666666666,69.68666666666668,0.004,0.04333333333333334,0.5593333333333333,0.015000000000000001,0.117,0.132,0.083,0.0,0.391
116,88,2009-04-17,8,2,2008-2009,Brasília,Limeira,1,0.44099999999999995,0.11200000000000003,0.22000000000000006,0.109,0.16133333333333333,0.036000000000000004,0.12533333333333335,0.08033333333333335,0.07533333333333334,1.1033333333333333,0.037333333333333336,0.10766666666666667,35.26466666666667,0.11000000000000003,0.18133333333333332,61.17399999999999,0.109,0.14433333333333334,74.73333333333333,0.01233333333333333,0.03966666666666667,0.5566666666666668,0.021333333333333336,0.11033333333333332,0.21066666666666667,0.07533333333333334,0.0,0.4913333333333333,0.42900000000000005,0.13,0.20933333333333337,0.08966666666666669,0.14866666666666667,0.034666666666666665,0.114,0.084,0.06933333333333333,1.2913333333333334,0.04333333333333335,0.11366666666666667,38.18466666666667,0.10466666666666669,0.19200000000000003,54.59399999999999,0.08966666666666669,0.12233333333333332,72.88400000000001,0.014666666666666668,0.047000000000000014,0.678,0.022000000000000006,0.10066666666666668,0.234,0.06933333333333333,0.0,0.4709999999999999
83,80,2009-04-17,8,2,2008-2009,Sesi Franca,Bauru Basket,1,0.424,0.107,0.22933333333333333,0.08766666666666668,0.15333333333333332,0.04833333333333334,0.10500000000000001,0.08133333333333333,0.068,1.2793333333333332,0.035666666666666666,0.10066666666666665,37.010000000000005,0.11466666666666667,0.22233333333333333,51.74133333333332,0.08766666666666668,0.11733333333333332,74.64200000000001,0.005333333333333333,0.04233333333333334,0.6613333333333334,0.012000000000000002,0.12399999999999999,0.09933333333333336,0.068,0.0,0.44266666666666665,0.412,0.13899999999999998,0.194,0.079,0.14466666666666667,0.04766666666666666,0.09700000000000002,0.072,0.05433333333333334,1.637333333333333,0.04633333333333334,0.12200000000000003,37.482000000000006,0.097,0.17700000000000002,55.03666666666667,0.079,0.10933333333333334,72.73399999999998,0.006666666666666667,0.034666666666666665,0.776,0.009000000000000001,0.09333333333333334,0.09933333333333332,0.05433333333333334,0.0,0.4320000000000001
72,59,2009-04-17,8,2,2008-2009,Araraquara,Assis,1,0.3819999999999999,0.13,0.17733333333333334,0.07466666666666669,0.14033333333333337,0.03566666666666667,0.10466666666666667,0.082,0.08800000000000002,0.9939999999999999,0.04333333333333334,0.12100000000000002,35.580000000000005,0.08866666666666667,0.165,53.94866666666666,0.07466666666666669,0.10333333333333332,71.74066666666667,0.011333333333333336,0.03833333333333334,0.446,0.019333333333333338,0.11000000000000001,0.19733333333333336,0.08800000000000002,0.0,0.39133333333333326,0.38733333333333325,0.11499999999999999,0.17666666666666667,0.09566666666666666,0.1396666666666667,0.03966666666666666,0.1,0.05899999999999998,0.067,0.9833333333333333,0.03833333333333334,0.10900000000000001,35.90733333333333,0.08833333333333333,0.16766666666666669,52.821333333333335,0.09566666666666666,0.13199999999999998,73.27933333333334,0.006333333333333333,0.03500000000000001,0.5740000000000001,0.015333333333333334,0.10733333333333332,0.146,0.067,0.0,0.383
73,90,2009-04-17,8,2,2008-2009,Lajeado,Flamengo,0,0.3676666666666667,0.08999999999999998,0.20133333333333336,0.07633333333333334,0.134,0.04033333333333333,0.09366666666666665,0.05600000000000001,0.06866666666666665,0.8466666666666666,0.030000000000000006,0.097,30.223333333333333,0.10066666666666668,0.19833333333333333,51.336,0.07633333333333334,0.10733333333333334,70.482,0.0006666666666666666,0.038666666666666676,0.6146666666666667,0.005666666666666666,0.10866666666666669,0.05866666666666667,0.06866666666666665,0.0,0.33766666666666667,0.47633333333333344,0.15300000000000002,0.23066666666666663,0.09266666666666666,0.16766666666666669,0.043666666666666666,0.12400000000000001,0.091,0.06966666666666668,1.3993333333333333,0.051,0.12633333333333335,40.608666666666664,0.11533333333333332,0.18966666666666668,60.681333333333335,0.09266666666666666,0.11866666666666668,79.91,0.009666666666666667,0.04400000000000002,0.6633333333333333,0.009333333333333332,0.09966666666666667,0.09000000000000001,0.06966666666666668,0.0,0.543
74,91,2009-04-17,8,2,2008-2009,Saldanha,Pinheiros,0,0.37133333333333335,0.119,0.18866666666666668,0.06366666666666666,0.14966666666666667,0.052,0.09766666666666667,0.06266666666666668,0.08966666666666666,0.7666666666666667,0.03966666666666667,0.116,34.33133333333333,0.09433333333333334,0.18666666666666665,51.40533333333333,0.06366666666666666,0.11066666666666668,57.91133333333334,0.016333333333333335,0.05133333333333334,0.5993333333333335,0.008333333333333333,0.11800000000000004,0.07266666666666667,0.08966666666666666,0.0,0.338,0.43833333333333324,0.13899999999999998,0.20933333333333332,0.09000000000000001,0.15766666666666668,0.04533333333333334,0.11233333333333334,0.08199999999999999,0.06200000000000002,1.3606666666666667,0.04633333333333334,0.121,38.868,0.10466666666666666,0.18633333333333335,56.59066666666667,0.09000000000000001,0.12100000000000001,74.28200000000001,0.015000000000000003,0.03966666666666667,0.6706666666666666,0.009333333333333334,0.08700000000000001,0.10933333333333334,0.06200000000000002,0.0,0.47766666666666674
75,64,2009-04-17,8,2,2008-2009,Joinville,Minas,1,0.41166666666666674,0.142,0.18933333333333333,0.08033333333333333,0.16833333333333336,0.051333333333333335,0.11700000000000002,0.07533333333333334,0.06966666666666668,1.1746666666666667,0.04733333333333334,0.14033333333333334,33.78333333333333,0.09466666666666666,0.18066666666666661,52.13866666666666,0.08033333333333333,0.12133333333333335,65.91066666666666,0.009666666666666667,0.04500000000000001,0.7053333333333335,0.01566666666666667,0.10233333333333335,0.16333333333333336,0.06966666666666668,0.0,0.42633333333333334,0.44500000000000006,0.11900000000000001,0.242,0.084,0.173,0.048666666666666664,0.12433333333333332,0.07766666666666668,0.07566666666666669,1.0813333333333335,0.03966666666666666,0.10233333333333335,38.884,0.121,0.20166666666666663,60.519333333333314,0.084,0.116,72.73266666666665,0.007,0.035666666666666666,0.48533333333333323,0.01933333333333333,0.09033333333333333,0.21933333333333335,0.07566666666666669,0.0,0.49966666666666654
63,75,2009-04-21,9,2,2008-2009,Assis,Limeira,0,0.37900000000000006,0.11099999999999999,0.17333333333333334,0.09466666666666666,0.14,0.039,0.101,0.059666666666666666,0.06933333333333333,0.9753333333333334,0.037000000000000005,0.10933333333333334,34.510666666666665,0.08666666666666667,0.16466666666666668,52.59733333333334,0.09466666666666666,0.13133333333333336,72.97266666666668,0.006666666666666667,0.03400000000000001,0.5426666666666666,0.01566666666666667,0.10866666666666666,0.148,0.06933333333333333,0.0,0.37200000000000005,0.43000000000000005,0.12699999999999997,0.21000000000000002,0.093,0.14666666666666667,0.036333333333333336,0.11033333333333334,0.08166666666666665,0.07,1.2393333333333334,0.04233333333333334,0.114,37.273333333333326,0.10500000000000001,0.19033333333333333,55.154,0.093,0.12533333333333332,73.74466666666667,0.014000000000000002,0.04333333333333335,0.6053333333333334,0.021333333333333336,0.10133333333333334,0.2273333333333333,0.07,0.0,0.4636666666666666
86,58,2009-04-21,9,2,2008-2009,Bauru Basket,Coop/São José Basketball,1,0.41466666666666663,0.14200000000000002,0.194,0.07866666666666668,0.14133333333333334,0.04533333333333334,0.09600000000000002,0.07266666666666666,0.05466666666666667,1.6419999999999997,0.04733333333333333,0.121,38.59333333333334,0.097,0.17700000000000002,55.03666666666667,0.07866666666666668,0.10733333333333334,74.00266666666667,0.007000000000000001,0.03266666666666667,0.7326666666666666,0.008333333333333333,0.09500000000000001,0.08800000000000002,0.05466666666666667,0.0,0.4326666666666667,0.3826666666666666,0.12000000000000001,0.18800000000000003,0.07466666666666667,0.14933333333333332,0.050666666666666665,0.09866666666666665,0.06366666666666668,0.06966666666666667,0.9966666666666666,0.040000000000000015,0.12266666666666667,32.382666666666665,0.09400000000000001,0.19066666666666668,49.908,0.07466666666666667,0.10933333333333334,69.01466666666667,0.0036666666666666666,0.036666666666666674,0.5559999999999999,0.010333333333333335,0.11733333333333335,0.1006666666666667,0.06966666666666667,0.0,0.359
99,49,2009-04-22,9,2,2008-2009,Flamengo,Saldanha,1,0.47133333333333344,0.154,0.22266666666666665,0.09466666666666666,0.164,0.04266666666666667,0.12133333333333335,0.08933333333333333,0.06933333333333333,1.3820000000000001,0.051333333333333335,0.12833333333333335,40.178666666666665,0.11133333333333333,0.18233333333333335,61.13,0.09466666666666666,0.12166666666666669,79.41333333333333,0.009666666666666667,0.04300000000000001,0.6519999999999998,0.008333333333333333,0.10033333333333334,0.07800000000000001,0.06933333333333333,0.0,0.5316666666666666,0.372,0.117,0.19200000000000006,0.06299999999999999,0.15,0.04933333333333333,0.10066666666666668,0.064,0.091,0.7699999999999999,0.03900000000000001,0.11800000000000001,33.138000000000005,0.09600000000000003,0.18233333333333335,53.01533333333334,0.06299999999999999,0.10633333333333334,60.324,0.018666666666666668,0.05200000000000001,0.5980000000000001,0.009333333333333332,0.115,0.08333333333333333,0.091,0.0,0.3476666666666667
76,78,2009-04-22,9,2,2008-2009,Pinheiros,Brasília,0,0.4446666666666667,0.13899999999999998,0.2153333333333333,0.09033333333333333,0.15766666666666668,0.045000000000000005,0.11266666666666668,0.08166666666666664,0.06400000000000002,1.3313333333333333,0.04633333333333333,0.11866666666666668,39.43266666666667,0.10766666666666665,0.1876666666666667,57.79466666666667,0.09033333333333333,0.12033333333333336,75.21066666666665,0.016333333333333335,0.039333333333333324,0.6493333333333333,0.009333333333333334,0.08566666666666668,0.11133333333333333,0.06400000000000002,0.0,0.48633333333333345,0.45,0.11400000000000003,0.22533333333333333,0.11066666666666668,0.15733333333333333,0.035666666666666666,0.12166666666666666,0.07933333333333334,0.07400000000000001,1.1133333333333333,0.03800000000000001,0.10866666666666665,35.50599999999999,0.11266666666666666,0.1833333333333333,61.85733333333332,0.11066666666666668,0.14600000000000002,74.94266666666665,0.013333333333333332,0.04166666666666668,0.5880000000000002,0.02066666666666667,0.11299999999999999,0.20133333333333336,0.07400000000000001,0.0,0.4983333333333333
101,70,2009-04-22,9,2,2008-2009,Minas,Espírito Santo,1,0.44299999999999995,0.119,0.24000000000000002,0.08400000000000002,0.17066666666666663,0.05000000000000001,0.12066666666666669,0.07800000000000001,0.07566666666666667,1.0853333333333335,0.03966666666666667,0.101,39.18866666666667,0.12000000000000001,0.20199999999999999,59.823999999999984,0.08400000000000002,0.11633333333333334,72.47866666666667,0.007666666666666666,0.035333333333333335,0.4813333333333333,0.019000000000000003,0.09166666666666666,0.21066666666666667,0.07566666666666667,0.0,0.49466666666666653,0.37533333333333335,0.10400000000000001,0.19,0.08133333333333334,0.13600000000000004,0.038000000000000006,0.098,0.06766666666666667,0.06133333333333334,1.226,0.034666666666666665,0.10666666666666667,32.718666666666664,0.095,0.18066666666666667,52.868,0.08133333333333334,0.11933333333333332,68.032,0.005,0.03500000000000001,0.5973333333333333,0.007666666666666666,0.107,0.07266666666666667,0.06133333333333334,0.0,0.36466666666666664
75,80,2009-04-22,9,2,2008-2009,Lajeado,Araraquara,0,0.3633333333333333,0.09299999999999999,0.19666666666666668,0.07366666666666669,0.13233333333333333,0.04100000000000001,0.09133333333333334,0.05766666666666668,0.06899999999999999,0.876,0.031000000000000007,0.10000000000000002,30.291999999999998,0.09833333333333334,0.1953333333333333,50.92466666666667,0.07366666666666669,0.10366666666666667,70.41399999999999,0.0006666666666666666,0.03633333333333334,0.5566666666666666,0.006,0.10700000000000001,0.06200000000000001,0.06899999999999999,0.0,0.33066666666666666,0.382,0.12600000000000003,0.17866666666666664,0.07733333333333334,0.14,0.03600000000000001,0.10400000000000001,0.08066666666666666,0.08933333333333335,0.9606666666666666,0.04200000000000001,0.11766666666666667,35.60933333333333,0.08933333333333332,0.16599999999999998,54.07933333333334,0.07733333333333334,0.10500000000000001,73.00733333333332,0.009333333333333334,0.03900000000000001,0.4473333333333334,0.01766666666666667,0.114,0.17266666666666666,0.08933333333333335,0.0,0.38999999999999996
79,59,2009-04-22,9,2,2008-2009,Joinville,Sesi Franca,1,0.4076666666666667,0.13900000000000004,0.18800000000000003,0.08066666666666666,0.16766666666666669,0.054000000000000006,0.11366666666666668,0.07433333333333333,0.06966666666666667,1.1606666666666667,0.04633333333333334,0.13999999999999999,32.97533333333333,0.09400000000000001,0.1843333333333333,50.81466666666667,0.08066666666666666,0.12100000000000001,66.75266666666666,0.009666666666666667,0.04500000000000001,0.7053333333333335,0.016,0.10266666666666667,0.16599999999999998,0.06966666666666667,0.0,0.41666666666666674,0.4256666666666667,0.10600000000000001,0.2326666666666667,0.08700000000000002,0.15266666666666664,0.048333333333333346,0.10433333333333333,0.082,0.06666666666666667,1.3173333333333332,0.035333333333333335,0.09866666666666667,37.398,0.11633333333333334,0.22366666666666665,52.21133333333332,0.08700000000000002,0.11466666666666667,75.652,0.005,0.044666666666666674,0.7120000000000001,0.012,0.12033333333333335,0.10400000000000002,0.06666666666666667,0.0,0.452
63,60,2009-04-23,10,2,2008-2009,Assis,Coop/São José Basketball,1,0.3723333333333334,0.11,0.168,0.09433333333333334,0.13733333333333334,0.04,0.09733333333333334,0.060000000000000005,0.07033333333333333,0.9673333333333335,0.036666666666666674,0.10966666666666668,34.11533333333333,0.084,0.16266666666666665,51.586000000000006,0.09433333333333334,0.12966666666666668,73.50933333333336,0.006666666666666668,0.03433333333333334,0.5393333333333333,0.016,0.10866666666666668,0.15133333333333335,0.07033333333333333,0.0,0.3626666666666667,0.3783333333333333,0.11499999999999999,0.1886666666666667,0.07466666666666667,0.1476666666666667,0.05100000000000001,0.09666666666666665,0.060000000000000005,0.06799999999999999,0.968,0.03833333333333334,0.12266666666666667,30.716,0.09433333333333335,0.19099999999999998,50.001999999999995,0.07466666666666667,0.10766666666666667,70.30466666666668,0.0036666666666666666,0.035,0.544,0.009,0.11833333333333336,0.08733333333333335,0.06799999999999999,0.0,0.3479999999999999
89,77,2009-04-23,10,2,2008-2009,Bauru Basket,Limeira,1,0.4126666666666666,0.14300000000000004,0.19333333333333333,0.07633333333333335,0.14066666666666666,0.04466666666666667,0.096,0.07033333333333333,0.05500000000000001,1.542,0.04766666666666667,0.12066666666666666,39.06733333333334,0.09666666666666666,0.17633333333333337,55.09666666666667,0.07633333333333335,0.105,73.34133333333332,0.005333333333333333,0.03333333333333334,0.7406666666666666,0.008333333333333333,0.09366666666666669,0.09000000000000001,0.05500000000000001,0.0,0.42900000000000005,0.4270000000000001,0.129,0.2126666666666667,0.08533333333333332,0.14666666666666667,0.035666666666666666,0.111,0.08266666666666667,0.07133333333333333,1.2306666666666666,0.04300000000000001,0.111,39.00666666666666,0.10633333333333335,0.19066666666666665,55.82066666666667,0.08533333333333332,0.11833333333333333,71.93533333333335,0.014,0.04533333333333335,0.626,0.021333333333333336,0.101,0.228,0.07133333333333333,0.0,0.46633333333333327
68,73,2009-04-24,10,2,2008-2009,Paulistano,Brasília,0,0.3956666666666667,0.106,0.208,0.08166666666666665,0.16100000000000003,0.05533333333333334,0.10566666666666666,0.07166666666666668,0.08366666666666668,0.9526666666666667,0.03533333333333334,0.11366666666666665,31.654666666666664,0.104,0.19933333333333333,52.046666666666674,0.08166666666666665,0.11966666666666666,68.24533333333333,0.004333333333333333,0.04433333333333334,0.5666666666666667,0.015000000000000001,0.12033333333333333,0.12933333333333333,0.08366666666666668,0.0,0.3923333333333333,0.4476666666666666,0.11200000000000003,0.2246666666666667,0.111,0.15233333333333335,0.035333333333333335,0.117,0.08033333333333334,0.07400000000000002,1.1219999999999999,0.03733333333333334,0.10400000000000001,36.696666666666665,0.11233333333333335,0.1833333333333333,61.702666666666666,0.111,0.14500000000000002,76.25933333333333,0.013999999999999997,0.04166666666666668,0.5880000000000002,0.02066666666666667,0.11099999999999999,0.2026666666666667,0.07400000000000002,0.0,0.497
108,76,2009-04-24,10,2,2008-2009,Minas,Saldanha,1,0.44533333333333336,0.123,0.23933333333333331,0.08299999999999999,0.16999999999999998,0.04866666666666667,0.12133333333333335,0.082,0.07600000000000001,1.1239999999999999,0.04100000000000001,0.10266666666666667,39.77666666666667,0.11966666666666666,0.2013333333333333,59.84599999999999,0.08299999999999999,0.11466666666666668,72.742,0.006999999999999998,0.037,0.4973333333333333,0.02066666666666667,0.08966666666666664,0.234,0.07600000000000001,0.0,0.5039999999999999,0.36666666666666675,0.123,0.18333333333333332,0.060333333333333336,0.149,0.04933333333333334,0.09966666666666665,0.06366666666666668,0.08966666666666669,0.7713333333333333,0.041,0.12366666666666667,33.706,0.09166666666666666,0.18066666666666667,51.06266666666667,0.060333333333333336,0.10133333333333332,60.49666666666667,0.01666666666666667,0.04833333333333334,0.5706666666666667,0.009,0.11366666666666668,0.08,0.08966666666666669,0.0,0.33433333333333337
94,69,2009-04-24,10,2,2008-2009,Joinville,Araraquara,1,0.40633333333333327,0.13799999999999998,0.18866666666666668,0.07966666666666668,0.16833333333333333,0.053333333333333344,0.11500000000000002,0.07433333333333333,0.06933333333333332,1.1653333333333333,0.04600000000000001,0.13699999999999998,33.39866666666667,0.09433333333333334,0.183,51.49066666666667,0.07966666666666668,0.12033333333333335,66.19733333333333,0.010333333333333335,0.046333333333333344,0.7246666666666667,0.01566666666666667,0.10366666666666667,0.16,0.06933333333333332,0.0,0.42133333333333334,0.382,0.12700000000000003,0.17466666666666666,0.08033333333333334,0.13733333333333334,0.03600000000000001,0.10133333333333333,0.07733333333333334,0.08566666666666668,0.9646666666666665,0.04233333333333334,0.11766666666666667,35.92666666666666,0.08733333333333333,0.16299999999999995,53.75666666666667,0.08033333333333334,0.10733333333333332,74.364,0.009666666666666667,0.03933333333333334,0.4866666666666667,0.016,0.116,0.15333333333333332,0.08566666666666668,0.0,0.3883333333333333
82,89,2009-04-24,10,2,2008-2009,Lajeado,Sesi Franca,0,0.35833333333333334,0.091,0.1933333333333333,0.07400000000000001,0.12933333333333333,0.04133333333333334,0.08800000000000001,0.055333333333333345,0.06566666666666666,0.9246666666666667,0.030333333333333337,0.09933333333333334,29.829333333333338,0.09666666666666665,0.19299999999999998,50.763333333333335,0.07400000000000001,0.10433333333333335,70.20733333333332,0.0006666666666666666,0.03633333333333334,0.6013333333333333,0.006,0.10766666666666667,0.06133333333333332,0.06566666666666666,0.0,0.32400000000000007,0.4173333333333334,0.10400000000000001,0.226,0.08733333333333333,0.14833333333333337,0.045666666666666675,0.10266666666666667,0.08133333333333333,0.068,1.286,0.034666666666666665,0.09766666666666665,37.080666666666666,0.113,0.21900000000000003,51.65,0.08733333333333333,0.11300000000000002,76.98866666666666,0.004333333333333333,0.044666666666666674,0.7006666666666668,0.011000000000000001,0.11700000000000002,0.096,0.068,0.0,0.44000000000000006
89,68,2009-04-24,10,2,2008-2009,Flamengo,Espírito Santo,1,0.4676666666666668,0.15400000000000003,0.21933333333333335,0.09433333333333334,0.16533333333333336,0.04133333333333333,0.12400000000000001,0.09233333333333334,0.06966666666666668,1.4166666666666667,0.05133333333333333,0.12800000000000003,40.30866666666667,0.10966666666666668,0.18000000000000002,61.07533333333333,0.09433333333333334,0.12166666666666667,79.12333333333332,0.009666666666666667,0.04266666666666667,0.6433333333333332,0.008333333333333335,0.09899999999999999,0.08066666666666666,0.06966666666666668,0.0,0.5323333333333333,0.37066666666666664,0.10000000000000002,0.19,0.08066666666666668,0.13766666666666666,0.03966666666666666,0.098,0.06799999999999999,0.066,1.1706666666666665,0.03333333333333333,0.10366666666666666,32.443333333333335,0.095,0.18166666666666664,52.66466666666666,0.08066666666666668,0.12033333333333333,66.23933333333333,0.005333333333333333,0.037000000000000005,0.5840000000000001,0.008666666666666666,0.10633333333333335,0.08266666666666667,0.066,0.0,0.35933333333333334
82,77,2009-04-29,11,2,2008-2009,Brasília,Minas,1,0.44,0.115,0.21466666666666667,0.11033333333333334,0.151,0.03566666666666666,0.11533333333333333,0.07866666666666665,0.07733333333333334,1.0719999999999998,0.038333333333333344,0.10533333333333332,37.139333333333326,0.10733333333333334,0.17999999999999997,59.94599999999999,0.11033333333333334,0.143,76.88666666666667,0.013999999999999997,0.04333333333333334,0.5893333333333336,0.02166666666666667,0.11033333333333334,0.21333333333333335,0.07733333333333334,0.0,0.48500000000000004,0.4483333333333333,0.119,0.24333333333333335,0.08600000000000001,0.16966666666666666,0.04833333333333334,0.12133333333333335,0.08400000000000002,0.07633333333333334,1.144,0.03966666666666667,0.103,38.284666666666666,0.12166666666666667,0.20266666666666663,60.441333333333326,0.08600000000000001,0.11833333333333335,73.06933333333333,0.006333333333333333,0.037,0.4953333333333333,0.01966666666666667,0.088,0.22400000000000006,0.07633333333333334,0.0,0.5056666666666666
94,87,2009-04-29,11,2,2008-2009,Assis,Lajeado,1,0.36633333333333334,0.10899999999999999,0.16400000000000003,0.09333333333333332,0.13999999999999999,0.03900000000000001,0.101,0.05833333333333335,0.07,0.9413333333333334,0.03633333333333334,0.11066666666666668,33.21866666666667,0.08200000000000002,0.16099999999999998,51.01199999999999,0.09333333333333332,0.12566666666666668,75.13866666666668,0.006333333333333334,0.03166666666666667,0.49266666666666664,0.016666666666666666,0.10800000000000001,0.16333333333333336,0.07,0.0,0.35733333333333334,0.3626666666666667,0.09200000000000001,0.1953333333333333,0.07533333333333334,0.129,0.04033333333333334,0.08866666666666666,0.05700000000000001,0.06466666666666668,0.9626666666666668,0.03066666666666667,0.09800000000000002,30.464666666666666,0.09766666666666665,0.1913333333333333,51.76866666666667,0.07533333333333334,0.10400000000000001,71.82133333333333,0.0006666666666666666,0.036000000000000004,0.6026666666666666,0.006,0.10600000000000004,0.06266666666666665,0.06466666666666668,0.0,0.3363333333333333
89,86,2009-04-29,11,2,2008-2009,Bauru Basket,Joinville,1,0.41000000000000003,0.13899999999999996,0.1913333333333333,0.07966666666666669,0.14566666666666667,0.04733333333333333,0.09833333333333334,0.069,0.054000000000000006,1.544,0.04633333333333334,0.11900000000000001,38.744666666666674,0.09566666666666665,0.17866666666666667,53.73666666666667,0.07966666666666669,0.10900000000000001,73.70733333333332,0.005000000000000001,0.033,0.7453333333333333,0.008333333333333333,0.095,0.08866666666666667,0.054000000000000006,0.0,0.427,0.4136666666666666,0.142,0.18933333333333333,0.08233333333333334,0.16666666666666666,0.05000000000000001,0.11666666666666667,0.07833333333333334,0.06999999999999999,1.2146666666666668,0.047333333333333345,0.13666666666666666,34.81133333333334,0.09466666666666666,0.18133333333333335,52.102000000000004,0.08233333333333334,0.12066666666666669,68.49133333333333,0.010000000000000002,0.04833333333333334,0.748,0.014333333333333332,0.10500000000000001,0.1406666666666667,0.06999999999999999,0.0,0.4370000000000001
95,87,2009-04-29,11,2,2008-2009,Pinheiros,Sesi Franca,1,0.43633333333333335,0.132,0.21533333333333332,0.08900000000000001,0.15600000000000003,0.04566666666666667,0.11033333333333335,0.07899999999999999,0.063,1.313333333333333,0.044000000000000004,0.11933333333333336,37.602000000000004,0.10766666666666666,0.19133333333333338,56.68333333333333,0.08900000000000001,0.11833333333333335,75.58933333333333,0.01566666666666667,0.04133333333333334,0.6866666666666666,0.009000000000000003,0.08533333333333333,0.10800000000000003,0.063,0.0,0.4703333333333334,0.4216666666666667,0.11,0.22266666666666673,0.089,0.151,0.04633333333333335,0.10466666666666666,0.08466666666666667,0.068,1.3526666666666667,0.03666666666666667,0.10166666666666666,37.772000000000006,0.11133333333333337,0.21533333333333335,51.75733333333333,0.089,0.1146666666666667,77.31066666666666,0.004666666666666667,0.04600000000000001,0.7273333333333334,0.011000000000000001,0.11466666666666668,0.096,0.068,0.0,0.4516666666666667
78,62,2009-04-29,11,2,2008-2009,Paulistano,Araraquara,1,0.39299999999999996,0.10899999999999999,0.20333333333333334,0.08066666666666665,0.15933333333333335,0.055000000000000014,0.10433333333333335,0.07100000000000001,0.083,0.95,0.03633333333333334,0.113,32.77266666666666,0.10166666666666667,0.19966666666666671,50.63933333333334,0.08066666666666665,0.11533333333333336,69.984,0.004666666666666667,0.04200000000000001,0.5493333333333335,0.015333333333333334,0.12133333333333332,0.13066666666666665,0.083,0.0,0.38833333333333336,0.3786666666666667,0.12100000000000002,0.17666666666666667,0.081,0.13866666666666666,0.03633333333333334,0.10233333333333333,0.077,0.08700000000000001,0.946,0.04033333333333334,0.11766666666666667,34.498000000000005,0.08833333333333333,0.16699999999999998,53.18533333333333,0.081,0.109,73.69733333333333,0.009666666666666667,0.04033333333333334,0.4913333333333334,0.01633333333333333,0.115,0.158,0.08700000000000001,0.0,0.37999999999999995
69,64,2009-04-29,11,2,2008-2009,Coop/São José Basketball,Espírito Santo,1,0.3703333333333333,0.108,0.19066666666666668,0.07166666666666667,0.15,0.052000000000000005,0.098,0.059000000000000004,0.06833333333333333,0.94,0.03600000000000001,0.11633333333333334,30.672666666666665,0.09533333333333334,0.19133333333333333,50.48333333333334,0.07166666666666667,0.10433333333333333,69.68066666666665,0.0036666666666666666,0.03500000000000001,0.5406666666666666,0.008333333333333333,0.11466666666666668,0.08466666666666667,0.06833333333333333,0.0,0.3453333333333334,0.37099999999999994,0.10200000000000002,0.19,0.079,0.13733333333333334,0.03900000000000001,0.09833333333333334,0.06566666666666666,0.06833333333333334,1.1239999999999999,0.034,0.10233333333333333,33.61266666666666,0.095,0.181,52.849333333333334,0.079,0.11799999999999998,66.00733333333334,0.005333333333333334,0.036333333333333336,0.5626666666666668,0.008,0.10700000000000001,0.076,0.06833333333333334,0.0,0.35666666666666663
89,71,2009-04-29,11,2,2008-2009,Limeira,Saldanha,1,0.4233333333333334,0.132,0.20933333333333334,0.082,0.14266666666666664,0.03366666666666666,0.109,0.086,0.07000000000000002,1.3180000000000003,0.04400000000000002,0.11033333333333335,39.964666666666666,0.10466666666666667,0.18499999999999997,56.339333333333336,0.082,0.11266666666666668,72.90866666666668,0.014333333333333333,0.04233333333333334,0.5966666666666666,0.021000000000000005,0.10133333333333333,0.22400000000000003,0.07000000000000002,0.0,0.468,0.36700000000000005,0.126,0.17933333333333337,0.06166666666666667,0.15066666666666664,0.052666666666666674,0.09799999999999999,0.060000000000000005,0.08933333333333335,0.724,0.04200000000000001,0.12466666666666668,34.27133333333334,0.08966666666666669,0.17866666666666667,50.53666666666667,0.06166666666666667,0.10566666666666666,58.95866666666667,0.01666666666666667,0.04800000000000001,0.5693333333333334,0.008,0.11200000000000002,0.07333333333333333,0.08933333333333335,0.0,0.32866666666666666
92,100,2009-05-01,12,2,2008-2009,Brasília,Flamengo,0,0.4323333333333333,0.11,0.21600000000000003,0.10633333333333334,0.151,0.035666666666666666,0.11533333333333334,0.07466666666666666,0.07400000000000002,1.0639999999999998,0.036666666666666674,0.10500000000000001,35.99066666666667,0.10800000000000001,0.1853333333333333,58.41866666666666,0.10633333333333334,0.13833333333333336,76.25466666666667,0.012666666666666666,0.04266666666666667,0.5973333333333334,0.020000000000000004,0.10933333333333332,0.19866666666666666,0.07400000000000002,0.0,0.46900000000000003,0.4630000000000001,0.147,0.22,0.09600000000000002,0.1673333333333334,0.04100000000000001,0.12633333333333333,0.09000000000000001,0.06933333333333333,1.3846666666666667,0.049,0.128,38.27933333333333,0.11,0.18133333333333335,60.833999999999996,0.09600000000000002,0.12566666666666668,77.98733333333334,0.010000000000000002,0.045333333333333344,0.7,0.009000000000000003,0.10200000000000001,0.08666666666666667,0.06933333333333333,0.0,0.5253333333333334
73,63,2009-05-01,12,2,2008-2009,Bauru Basket,Lajeado,1,0.41166666666666674,0.132,0.19666666666666663,0.08300000000000002,0.15099999999999997,0.04900000000000001,0.102,0.06766666666666668,0.051333333333333335,1.666,0.044000000000000004,0.117,37.46733333333334,0.09833333333333331,0.18500000000000003,53.392,0.08300000000000002,0.11366666666666667,73.86066666666666,0.006000000000000001,0.033666666666666664,0.8119999999999999,0.008666666666666666,0.09766666666666667,0.09200000000000001,0.051333333333333335,0.0,0.431,0.36966666666666664,0.09400000000000001,0.19866666666666669,0.077,0.12566666666666668,0.03800000000000001,0.08766666666666668,0.05966666666666667,0.06300000000000001,1.0533333333333335,0.03133333333333333,0.098,31.166666666666668,0.09933333333333334,0.18866666666666668,53.086,0.077,0.10566666666666666,72.18333333333334,0.0013333333333333333,0.034666666666666665,0.6046666666666667,0.004666666666666667,0.10900000000000003,0.04466666666666666,0.06300000000000001,0.0,0.3466666666666667
76,87,2009-05-01,12,2,2008-2009,Assis,Joinville,0,0.37166666666666676,0.11199999999999997,0.164,0.09566666666666666,0.1396666666666667,0.04033333333333334,0.09933333333333333,0.05800000000000002,0.06833333333333334,0.9553333333333334,0.03733333333333335,0.11166666666666666,33.80066666666667,0.082,0.15966666666666665,51.38333333333333,0.09566666666666666,0.12933333333333333,74.81333333333332,0.006666666666666668,0.031000000000000007,0.49133333333333334,0.015999999999999997,0.107,0.16000000000000003,0.06833333333333334,0.0,0.3623333333333333,0.41633333333333333,0.14100000000000001,0.19266666666666668,0.08266666666666667,0.163,0.048333333333333346,0.11466666666666668,0.07699999999999999,0.06766666666666667,1.2593333333333334,0.047000000000000014,0.13566666666666669,34.842,0.09633333333333334,0.18300000000000002,52.55466666666666,0.08266666666666667,0.11933333333333335,69.53999999999999,0.009333333333333334,0.04666666666666667,0.7380000000000001,0.014333333333333335,0.10700000000000001,0.13799999999999998,0.06766666666666667,0.0,0.43766666666666676
101,69,2009-05-01,12,2,2008-2009,Pinheiros,Araraquara,1,0.4403333333333333,0.13299999999999998,0.22066666666666668,0.08666666666666668,0.15700000000000003,0.04800000000000001,0.10900000000000001,0.079,0.060666666666666674,1.352,0.04433333333333334,0.12033333333333336,37.602000000000004,0.11033333333333334,0.19333333333333336,57.59333333333333,0.08666666666666668,0.11566666666666668,75.36333333333333,0.016333333333333335,0.04066666666666666,0.6873333333333334,0.009333333333333334,0.08533333333333333,0.11200000000000002,0.060666666666666674,0.0,0.47766666666666674,0.37900000000000006,0.11999999999999998,0.18,0.07899999999999999,0.13433333333333333,0.03533333333333335,0.09899999999999999,0.07566666666666665,0.08433333333333334,0.9526666666666667,0.040000000000000015,0.11700000000000002,34.389333333333326,0.09,0.1683333333333333,53.87866666666667,0.07899999999999999,0.10666666666666667,73.12533333333334,0.009666666666666667,0.03966666666666666,0.5000000000000001,0.015666666666666666,0.11466666666666667,0.15133333333333335,0.08433333333333334,0.0,0.37699999999999995
85,88,2009-05-01,12,2,2008-2009,Limeira,Espírito Santo,0,0.42633333333333334,0.13199999999999998,0.21533333333333335,0.07899999999999999,0.14633333333333332,0.03633333333333333,0.11,0.08733333333333332,0.06966666666666668,1.3453333333333335,0.04400000000000002,0.11233333333333335,39.282666666666664,0.10766666666666667,0.18999999999999997,56.568000000000005,0.07899999999999999,0.107,73.634,0.01566666666666667,0.04333333333333334,0.6153333333333334,0.01966666666666667,0.09933333333333333,0.21666666666666667,0.06966666666666668,0.0,0.4746666666666667,0.3693333333333333,0.10400000000000001,0.18599999999999997,0.07933333333333334,0.13966666666666666,0.038000000000000006,0.10166666666666666,0.066,0.07366666666666667,1.0606666666666666,0.034666666666666665,0.10333333333333333,34.035999999999994,0.09299999999999999,0.1783333333333333,52.45733333333333,0.07933333333333334,0.11733333333333333,66.79533333333333,0.005000000000000001,0.037000000000000005,0.5086666666666666,0.008,0.10833333333333335,0.07466666666666667,0.07366666666666667,0.0,0.3543333333333333
88,77,2009-05-01,12,2,2008-2009,Coop/São José Basketball,Saldanha,1,0.369,0.10399999999999997,0.19200000000000003,0.073,0.153,0.05300000000000001,0.09999999999999999,0.05833333333333334,0.07066666666666667,0.92,0.03466666666666667,0.117,29.60866666666666,0.09600000000000002,0.18800000000000003,51.961999999999996,0.073,0.107,68.46066666666667,0.004,0.03566666666666667,0.5359999999999999,0.008666666666666666,0.11566666666666667,0.08666666666666666,0.07066666666666667,0.0,0.3456666666666666,0.3636666666666667,0.12899999999999998,0.1726666666666667,0.06200000000000001,0.15066666666666664,0.05133333333333334,0.09933333333333332,0.061333333333333344,0.09133333333333335,0.7173333333333333,0.043000000000000003,0.129,33.76666666666667,0.08633333333333335,0.17366666666666666,49.85,0.06200000000000001,0.10400000000000001,60.566,0.01566666666666667,0.04900000000000001,0.5706666666666665,0.008666666666666666,0.11300000000000002,0.07933333333333333,0.09133333333333335,0.0,0.3266666666666666
70,76,2009-05-01,12,2,2008-2009,Paulistano,Sesi Franca,0,0.3929999999999999,0.11,0.20400000000000004,0.07899999999999999,0.15666666666666668,0.053333333333333344,0.10333333333333333,0.07000000000000002,0.08433333333333333,0.9173333333333334,0.036666666666666674,0.111,34.106,0.10200000000000002,0.199,51.001999999999995,0.07899999999999999,0.11100000000000002,71.55,0.004666666666666667,0.04300000000000001,0.5553333333333333,0.014666666666666668,0.11699999999999999,0.132,0.08433333333333333,0.0,0.3896666666666667,0.42966666666666664,0.11,0.23066666666666671,0.089,0.14833333333333334,0.04433333333333334,0.104,0.087,0.06766666666666667,1.4166666666666667,0.03666666666666667,0.10066666666666665,38.10666666666667,0.11533333333333336,0.2176666666666667,52.86266666666666,0.089,0.11366666666666667,78.19933333333333,0.005333333333333333,0.04433333333333335,0.6980000000000002,0.01,0.11700000000000002,0.08600000000000001,0.06766666666666667,0.0,0.46066666666666667
84,72,2009-05-03,6,1,2008-2009,Flamengo,Assis,1,0.4616666666666667,0.142,0.21533333333333332,0.10433333333333335,0.17133333333333337,0.04366666666666667,0.12766666666666668,0.09100000000000001,0.07066666666666668,1.379333333333333,0.047333333333333345,0.12866666666666668,36.80799999999999,0.10766666666666666,0.17866666666666664,60.47533333333333,0.10433333333333335,0.13833333333333334,77.16866666666667,0.009666666666666669,0.04700000000000001,0.7113333333333334,0.010000000000000002,0.10633333333333332,0.09333333333333334,0.07066666666666668,0.0,0.5239999999999999,0.374,0.10899999999999999,0.16933333333333334,0.09566666666666666,0.142,0.03833333333333334,0.10366666666666666,0.06100000000000002,0.067,0.9999999999999999,0.03633333333333335,0.10899999999999999,33.787333333333336,0.08466666666666667,0.16166666666666663,52.562666666666665,0.09566666666666666,0.13166666666666668,73.66400000000002,0.007666666666666668,0.03133333333333333,0.5013333333333333,0.016666666666666666,0.10500000000000001,0.16999999999999998,0.067,0.0,0.3723333333333333
95,73,2009-05-03,8,1,2008-2009,Minas,Lajeado,1,0.44500000000000006,0.119,0.2406666666666667,0.08533333333333333,0.1753333333333333,0.048000000000000015,0.12733333333333335,0.08533333333333336,0.07833333333333334,1.140666666666667,0.03966666666666667,0.10266666666666666,38.35466666666666,0.12033333333333335,0.2053333333333333,59.127333333333326,0.08533333333333333,0.11666666666666667,73.47266666666668,0.005666666666666667,0.036000000000000004,0.46599999999999997,0.019333333333333334,0.087,0.22200000000000003,0.07833333333333334,0.0,0.5033333333333333,0.369,0.099,0.19866666666666669,0.07133333333333333,0.12566666666666668,0.035333333333333335,0.09033333333333335,0.060666666666666674,0.05966666666666668,1.0973333333333337,0.032999999999999995,0.09966666666666664,32.294,0.09933333333333334,0.18833333333333335,53.216,0.07133333333333333,0.09933333333333332,69.57199999999999,0.0013333333333333333,0.034,0.6093333333333333,0.004333333333333333,0.10600000000000002,0.04133333333333334,0.05966666666666668,0.0,0.35033333333333333
82,71,2009-05-05,13,2,2008-2009,Sesi Franca,Minas,1,0.42166666666666663,0.10699999999999998,0.22666666666666668,0.088,0.15133333333333335,0.04433333333333335,0.107,0.084,0.07,1.3173333333333332,0.03566666666666666,0.10133333333333333,36.77333333333333,0.11333333333333334,0.21700000000000003,52.164,0.088,0.111,79.018,0.005333333333333333,0.04300000000000002,0.6593333333333334,0.010333333333333333,0.11766666666666671,0.08800000000000001,0.07,0.0,0.448,0.4496666666666666,0.12299999999999998,0.24466666666666667,0.08199999999999999,0.17666666666666667,0.048666666666666684,0.12800000000000003,0.09000000000000002,0.07733333333333332,1.2133333333333336,0.04100000000000001,0.104,39.35466666666666,0.12233333333333334,0.20400000000000001,60.383333333333326,0.08199999999999999,0.11399999999999998,72.422,0.006333333333333334,0.036333333333333336,0.4773333333333333,0.019333333333333334,0.08633333333333333,0.224,0.07733333333333332,0.0,0.518
76,34,2009-05-06,13,2,2008-2009,Espírito Santo,Assis,1,0.37766666666666665,0.10800000000000001,0.19066666666666665,0.079,0.14166666666666664,0.03833333333333334,0.10333333333333333,0.07033333333333334,0.07400000000000001,1.1239999999999999,0.03600000000000001,0.10400000000000001,35.05733333333333,0.09533333333333333,0.18299999999999994,52.19533333333333,0.079,0.11833333333333335,65.22466666666666,0.005333333333333334,0.03900000000000001,0.5393333333333333,0.008333333333333333,0.10833333333333335,0.07666666666666667,0.07400000000000001,0.0,0.36799999999999994,0.37033333333333335,0.10299999999999998,0.17666666666666667,0.09066666666666665,0.146,0.03866666666666667,0.10733333333333332,0.06166666666666668,0.06566666666666666,1.0373333333333332,0.03433333333333334,0.10666666666666666,32.75533333333334,0.08833333333333333,0.17066666666666663,51.842666666666666,0.09066666666666665,0.125,74.16733333333333,0.008333333333333335,0.030000000000000006,0.4893333333333334,0.017333333333333333,0.10533333333333333,0.17600000000000002,0.06566666666666666,0.0,0.37066666666666664
85,81,2009-05-06,13,2,2008-2009,Joinville,Brasília,1,0.4226666666666665,0.148,0.19133333333333333,0.08333333333333333,0.15833333333333333,0.045666666666666675,0.11266666666666665,0.078,0.06633333333333334,1.2860000000000003,0.04933333333333334,0.13500000000000004,37.05666666666666,0.09566666666666666,0.1806666666666667,52.85466666666666,0.08333333333333333,0.11966666666666669,70.07933333333332,0.009333333333333334,0.045000000000000005,0.7286666666666668,0.014333333333333335,0.10866666666666669,0.136,0.06633333333333334,0.0,0.4450000000000001,0.43333333333333335,0.112,0.21333333333333335,0.108,0.14666666666666667,0.03266666666666666,0.11400000000000002,0.07366666666666667,0.07433333333333333,1.0479999999999998,0.037333333333333336,0.10699999999999998,35.974666666666664,0.10666666666666667,0.18066666666666664,58.96333333333334,0.108,0.14033333333333337,76.298,0.012666666666666666,0.04266666666666667,0.5946666666666667,0.01966666666666667,0.115,0.19266666666666665,0.07433333333333333,0.0,0.4656666666666667
69,76,2009-05-06,13,2,2008-2009,Araraquara,Flamengo,0,0.37666666666666665,0.12100000000000001,0.17866666666666664,0.07699999999999999,0.13166666666666668,0.03433333333333334,0.09733333333333334,0.07633333333333334,0.08733333333333333,0.9253333333333332,0.04033333333333334,0.11800000000000002,34.38933333333333,0.08933333333333332,0.16699999999999998,53.87866666666666,0.07699999999999999,0.10333333333333332,73.17,0.011666666666666667,0.04000000000000001,0.48400000000000004,0.013333333333333334,0.11333333333333333,0.13266666666666668,0.08733333333333333,0.0,0.36899999999999994,0.465,0.145,0.21733333333333338,0.10266666666666668,0.1716666666666667,0.04333333333333334,0.12833333333333333,0.09000000000000001,0.07166666666666668,1.3166666666666667,0.048333333333333346,0.12966666666666668,37.462666666666664,0.10866666666666669,0.18133333333333335,60.18333333333332,0.10266666666666668,0.13466666666666663,78.07733333333333,0.008666666666666666,0.046666666666666676,0.6733333333333333,0.011333333333333334,0.10566666666666666,0.10800000000000001,0.07166666666666668,0.0,0.527
80,72,2009-05-06,13,2,2008-2009,Limeira,Pinheiros,1,0.42500000000000004,0.13099999999999998,0.21200000000000002,0.082,0.145,0.037000000000000005,0.108,0.08600000000000001,0.07033333333333334,1.3093333333333335,0.04366666666666667,0.11533333333333334,38.32266666666666,0.10600000000000001,0.1863333333333333,56.84466666666666,0.082,0.11233333333333334,72.59066666666666,0.01633333333333333,0.04133333333333335,0.5793333333333336,0.018666666666666668,0.09933333333333333,0.20666666666666667,0.07033333333333334,0.0,0.4633333333333333,0.4426666666666666,0.13299999999999998,0.22133333333333335,0.08833333333333335,0.16,0.046000000000000006,0.11400000000000002,0.081,0.06233333333333334,1.344,0.04433333333333334,0.12066666666666669,37.47933333333334,0.11066666666666668,0.18933333333333333,58.50999999999999,0.08833333333333335,0.11833333333333335,74.83066666666667,0.017666666666666667,0.043333333333333335,0.7026666666666668,0.010000000000000002,0.08299999999999999,0.12200000000000001,0.06233333333333334,0.0,0.48966666666666664
82,79,2009-05-06,13,2,2008-2009,Coop/São José Basketball,Paulistano,1,0.37566666666666665,0.10399999999999997,0.198,0.07366666666666667,0.15499999999999997,0.052666666666666674,0.10233333333333332,0.058000000000000024,0.07066666666666667,0.9153333333333333,0.03466666666666667,0.11566666666666667,29.865999999999996,0.099,0.19033333333333333,53.066,0.07366666666666667,0.10766666666666666,68.54,0.004666666666666667,0.03466666666666667,0.5226666666666666,0.009333333333333334,0.11466666666666668,0.09266666666666667,0.07066666666666667,0.0,0.3556666666666667,0.3883333333333333,0.11,0.20000000000000004,0.07833333333333332,0.15633333333333332,0.05166666666666667,0.10466666666666667,0.06800000000000002,0.08266666666666667,0.9053333333333332,0.03666666666666667,0.11066666666666668,34.18533333333333,0.10000000000000002,0.1946666666666667,51.07,0.07833333333333332,0.11133333333333335,70.82199999999999,0.004333333333333333,0.04,0.5286666666666667,0.015333333333333334,0.11566666666666667,0.1406666666666667,0.08266666666666667,0.0,0.3836666666666666
75,95,2009-05-06,13,2,2008-2009,Saldanha,Bauru Basket,0,0.36399999999999993,0.13099999999999998,0.17,0.063,0.149,0.05000000000000001,0.09899999999999999,0.06533333333333333,0.09233333333333335,0.7553333333333333,0.043666666666666666,0.13233333333333333,33.258,0.085,0.17233333333333334,49.47933333333334,0.063,0.103,61.994666666666674,0.015666666666666666,0.049000000000000016,0.5640000000000001,0.008,0.11200000000000002,0.07400000000000002,0.09233333333333335,0.0,0.32699999999999996,0.41400000000000003,0.13299999999999998,0.19933333333333333,0.08166666666666669,0.15033333333333332,0.05066666666666667,0.09966666666666667,0.067,0.04866666666666667,1.694,0.04433333333333334,0.11833333333333333,37.330000000000005,0.09966666666666667,0.18633333333333335,53.76333333333333,0.08166666666666669,0.10933333333333332,75.70399999999998,0.006000000000000001,0.03433333333333334,0.8339999999999999,0.008,0.09533333333333333,0.08466666666666667,0.04866666666666667,0.0,0.4366666666666667
68,77,2009-05-08,14,2,2008-2009,Espírito Santo,Bauru Basket,0,0.372,0.1,0.192,0.08000000000000002,0.14299999999999996,0.03900000000000001,0.104,0.06500000000000002,0.07333333333333333,1.052,0.03333333333333334,0.099,34.31666666666667,0.096,0.18499999999999997,51.93533333333333,0.08000000000000002,0.12033333333333335,64.90733333333333,0.005666666666666668,0.04133333333333334,0.5926666666666667,0.008333333333333333,0.10533333333333333,0.07933333333333333,0.07333333333333333,0.0,0.3613333333333333,0.4266666666666667,0.14,0.20466666666666664,0.08200000000000002,0.1536666666666667,0.054000000000000006,0.09966666666666667,0.0676666666666667,0.04700000000000002,1.718,0.04666666666666666,0.119,38.718666666666664,0.10233333333333332,0.18966666666666668,54.13999999999999,0.08200000000000002,0.11099999999999999,73.87866666666666,0.007666666666666668,0.03666666666666667,0.8799999999999998,0.008333333333333333,0.09499999999999999,0.08933333333333333,0.04700000000000002,0.0,0.45733333333333337
78,81,2009-05-08,14,2,2008-2009,Araraquara,Minas,0,0.3739999999999999,0.12000000000000002,0.18066666666666667,0.07333333333333332,0.13266666666666665,0.03400000000000001,0.09866666666666667,0.07433333333333333,0.08466666666666667,0.958,0.04000000000000001,0.11733333333333332,34.26199999999999,0.09033333333333333,0.17466666666666666,52.12333333333333,0.07333333333333332,0.09999999999999999,71.972,0.012333333333333333,0.04166666666666667,0.5346666666666666,0.013666666666666666,0.115,0.13333333333333333,0.08466666666666667,0.0,0.3633333333333333,0.44166666666666665,0.11899999999999998,0.24133333333333334,0.08133333333333331,0.17466666666666666,0.047666666666666684,0.12700000000000003,0.09000000000000002,0.079,1.1733333333333331,0.03966666666666667,0.103,38.25666666666666,0.12066666666666667,0.20133333333333334,60.30199999999999,0.08133333333333331,0.11399999999999998,71.638,0.006333333333333333,0.03733333333333334,0.47799999999999987,0.018333333333333333,0.08766666666666666,0.21000000000000002,0.079,0.0,0.5063333333333333
67,94,2009-05-08,14,2,2008-2009,Lajeado,Brasília,0,0.3706666666666667,0.102,0.19933333333333333,0.06933333333333333,0.12533333333333332,0.035333333333333335,0.09000000000000001,0.06166666666666667,0.05800000000000002,1.1613333333333336,0.033999999999999996,0.10133333333333333,32.73866666666666,0.09966666666666667,0.19266666666666665,52.532,0.06933333333333333,0.09699999999999999,69.02666666666667,0.0013333333333333333,0.033666666666666664,0.6353333333333333,0.004666666666666667,0.10700000000000001,0.04400000000000001,0.05800000000000002,0.0,0.3499999999999999,0.433,0.11399999999999996,0.21466666666666664,0.10433333333333333,0.146,0.033666666666666664,0.11233333333333334,0.074,0.07566666666666667,1.0386666666666666,0.038000000000000006,0.107,36.53,0.10733333333333332,0.18099999999999997,59.24399999999999,0.10433333333333333,0.13600000000000004,76.25,0.013333333333333334,0.04266666666666667,0.5820000000000001,0.018000000000000002,0.11199999999999997,0.18133333333333332,0.07566666666666667,0.0,0.4636666666666667
81,86,2009-05-08,14,2,2008-2009,Sesi Franca,Flamengo,0,0.414,0.10400000000000001,0.21866666666666668,0.09133333333333332,0.148,0.04400000000000001,0.10400000000000001,0.08333333333333333,0.07100000000000001,1.2613333333333334,0.034666666666666665,0.10033333333333334,36.297333333333334,0.10933333333333334,0.20933333333333334,52.105333333333334,0.09133333333333332,0.11433333333333334,79.502,0.004333333333333333,0.04400000000000001,0.6613333333333334,0.010333333333333335,0.1146666666666667,0.09000000000000001,0.07100000000000001,0.0,0.44000000000000006,0.4643333333333334,0.14,0.21933333333333332,0.105,0.17466666666666666,0.04200000000000001,0.13266666666666665,0.09100000000000001,0.07066666666666668,1.3373333333333333,0.046666666666666676,0.128,36.50866666666668,0.10966666666666666,0.182,60.586,0.105,0.13666666666666666,78.60933333333334,0.008333333333333333,0.048000000000000015,0.6926666666666667,0.012,0.10266666666666668,0.11800000000000001,0.07066666666666668,0.0,0.534
94,97,2009-05-08,14,2,2008-2009,Coop/São José Basketball,Pinheiros,0,0.3733333333333333,0.10399999999999997,0.19600000000000004,0.07333333333333333,0.15833333333333333,0.05333333333333335,0.105,0.05800000000000002,0.07200000000000001,0.886,0.034666666666666686,0.115,30.06333333333333,0.09800000000000002,0.191,52.27466666666667,0.07333333333333333,0.10466666666666669,70.08466666666668,0.004666666666666667,0.033,0.4826666666666667,0.010000000000000002,0.11466666666666667,0.09866666666666668,0.07200000000000001,0.0,0.356,0.43899999999999995,0.132,0.22,0.08700000000000001,0.161,0.045333333333333344,0.11566666666666665,0.08066666666666668,0.06533333333333334,1.3159999999999998,0.04400000000000001,0.11766666666666668,38.18066666666667,0.11,0.19099999999999998,57.691333333333326,0.08700000000000001,0.115,75.44333333333333,0.017333333333333333,0.044333333333333336,0.6993333333333334,0.010333333333333333,0.086,0.11933333333333333,0.06533333333333334,0.0,0.48733333333333334
108,87,2009-05-08,14,2,2008-2009,Limeira,Paulistano,1,0.42300000000000004,0.13099999999999998,0.20733333333333334,0.08466666666666667,0.14833333333333332,0.037666666666666675,0.11066666666666665,0.08566666666666665,0.06600000000000002,1.3626666666666667,0.043666666666666666,0.12033333333333335,36.852000000000004,0.10366666666666667,0.18633333333333332,55.54866666666667,0.08466666666666667,0.11466666666666665,73.47933333333334,0.015000000000000001,0.04133333333333333,0.6433333333333333,0.019000000000000003,0.10266666666666667,0.19466666666666665,0.06600000000000002,0.0,0.462,0.38733333333333325,0.105,0.20133333333333334,0.08099999999999999,0.156,0.05066666666666668,0.10533333333333332,0.06533333333333335,0.08199999999999999,0.8766666666666666,0.035,0.10900000000000001,33.37133333333333,0.10066666666666667,0.19600000000000004,51.05133333333333,0.08099999999999999,0.11233333333333335,73.10266666666666,0.005333333333333333,0.03833333333333334,0.5106666666666667,0.014666666666666666,0.115,0.13533333333333333,0.08199999999999999,0.0,0.3789999999999999
76,79,2009-05-08,14,2,2008-2009,Saldanha,Assis,0,0.3636666666666667,0.12499999999999999,0.17533333333333337,0.06333333333333332,0.14866666666666667,0.05033333333333335,0.09833333333333333,0.06566666666666668,0.08833333333333335,0.7793333333333334,0.04166666666666667,0.13133333333333333,31.88666666666667,0.08766666666666668,0.17600000000000005,49.731333333333346,0.06333333333333332,0.105,60.68533333333334,0.01666666666666667,0.04700000000000001,0.5640000000000001,0.008666666666666666,0.111,0.08266666666666668,0.08833333333333335,0.0,0.3256666666666666,0.36033333333333334,0.10099999999999999,0.16999999999999998,0.08933333333333333,0.14533333333333331,0.03866666666666667,0.10666666666666666,0.061000000000000026,0.06566666666666668,1.0299999999999998,0.03366666666666667,0.10733333333333332,32.08266666666667,0.08499999999999999,0.16933333333333334,49.80133333333333,0.08933333333333333,0.12366666666666666,73.50733333333332,0.007666666666666667,0.028666666666666677,0.47400000000000003,0.018000000000000002,0.107,0.18133333333333332,0.06566666666666668,0.0,0.3553333333333333
84,80,2009-05-13,15,2,2008-2009,Flamengo,Minas,1,0.4596666666666667,0.14,0.21666666666666665,0.103,0.1743333333333333,0.04266666666666667,0.13166666666666668,0.09333333333333335,0.06833333333333334,1.4373333333333334,0.046666666666666676,0.12700000000000003,36.836000000000006,0.10833333333333332,0.181,60.179333333333325,0.103,0.13566666666666666,77.83133333333333,0.009,0.04500000000000001,0.678,0.011333333333333332,0.10200000000000001,0.11266666666666668,0.06833333333333334,0.0,0.5296666666666668,0.4399999999999999,0.12000000000000001,0.234,0.086,0.17466666666666666,0.047333333333333345,0.12733333333333335,0.09200000000000001,0.082,1.1686666666666665,0.04000000000000001,0.10333333333333333,38.534666666666666,0.117,0.19933333333333333,59.19266666666666,0.086,0.11966666666666664,72.07666666666667,0.005666666666666666,0.03766666666666667,0.4666666666666667,0.01733333333333333,0.088,0.19866666666666666,0.082,0.0,0.5003333333333333
93,96,2009-05-13,15,2,2008-2009,Paulistano,Pinheiros,0,0.3929999999999999,0.105,0.20133333333333336,0.08666666666666668,0.15499999999999994,0.05100000000000001,0.10400000000000001,0.0676666666666667,0.08466666666666665,0.8786666666666665,0.035,0.10500000000000001,34.62133333333333,0.10066666666666668,0.19666666666666668,50.866,0.08666666666666668,0.12100000000000002,72.24733333333333,0.005333333333333332,0.03666666666666667,0.4806666666666667,0.015000000000000001,0.11433333333333334,0.13799999999999998,0.08466666666666665,0.0,0.38233333333333336,0.4433333333333333,0.132,0.222,0.08933333333333335,0.16000000000000003,0.044666666666666674,0.11533333333333333,0.08033333333333334,0.06466666666666666,1.326,0.04400000000000001,0.11600000000000002,38.681999999999995,0.111,0.193,57.52266666666666,0.08933333333333335,0.11733333333333335,76.23666666666668,0.017,0.04333333333333334,0.6906666666666667,0.010333333333333335,0.08866666666666666,0.11333333333333331,0.06466666666666666,0.0,0.4906666666666667
82,74,2009-05-13,15,2,2008-2009,Limeira,Coop/São José Basketball,1,0.4353333333333334,0.13500000000000004,0.212,0.08833333333333336,0.14733333333333334,0.038000000000000006,0.10933333333333332,0.08700000000000001,0.06866666666666668,1.3126666666666664,0.045000000000000005,0.12133333333333333,37.62800000000001,0.106,0.18566666666666667,56.98533333333333,0.08833333333333336,0.119,74.13133333333333,0.015333333333333334,0.04533333333333333,0.6886666666666666,0.018666666666666668,0.10500000000000001,0.18733333333333332,0.06866666666666668,0.0,0.47833333333333333,0.3796666666666667,0.112,0.19466666666666668,0.073,0.1633333333333333,0.05566666666666667,0.10766666666666665,0.06000000000000001,0.07400000000000001,0.8773333333333333,0.03733333333333334,0.11800000000000001,31.137999999999998,0.09733333333333334,0.193,51.31066666666667,0.073,0.10099999999999999,71.84933333333333,0.005666666666666667,0.03200000000000001,0.45133333333333336,0.009000000000000001,0.11300000000000002,0.09,0.07400000000000001,0.0,0.36566666666666664
79,69,2009-05-13,15,2,2008-2009,Espírito Santo,Saldanha,1,0.3716666666666667,0.1,0.19266666666666665,0.079,0.14333333333333328,0.039000000000000014,0.10433333333333333,0.06566666666666668,0.07766666666666668,0.9753333333333335,0.03333333333333334,0.1,34.10066666666666,0.09633333333333333,0.1823333333333333,52.94466666666666,0.079,0.11933333333333335,64.48733333333332,0.006000000000000002,0.04233333333333334,0.588,0.007666666666666665,0.10466666666666666,0.07333333333333332,0.07766666666666668,0.0,0.36000000000000004,0.36166666666666664,0.12299999999999998,0.1726666666666667,0.066,0.147,0.05033333333333334,0.09666666666666665,0.06433333333333334,0.087,0.786,0.04100000000000001,0.13133333333333333,31.307333333333336,0.08633333333333335,0.17733333333333334,48.620000000000005,0.066,0.10833333333333334,61.38133333333335,0.015666666666666666,0.04666666666666667,0.5653333333333332,0.009333333333333334,0.10833333333333335,0.09066666666666667,0.087,0.0,0.3183333333333333
95,70,2009-05-13,15,2,2008-2009,Sesi Franca,Araraquara,1,0.4109999999999999,0.106,0.21600000000000005,0.089,0.14833333333333332,0.045333333333333344,0.10300000000000002,0.082,0.068,1.3299999999999998,0.035333333333333335,0.10300000000000001,36.184,0.10800000000000003,0.21066666666666667,50.855333333333334,0.089,0.111,79.81933333333333,0.003999999999999999,0.04366666666666668,0.6926666666666667,0.010000000000000002,0.11766666666666671,0.08666666666666667,0.068,0.0,0.43466666666666665,0.3749999999999999,0.11900000000000002,0.18066666666666667,0.07533333333333332,0.13533333333333333,0.03500000000000001,0.10033333333333334,0.074,0.08733333333333332,0.896,0.039666666666666676,0.11633333333333334,34.28133333333333,0.09033333333333333,0.178,51.32133333333333,0.07533333333333332,0.10199999999999997,72.61333333333332,0.012,0.04300000000000001,0.5306666666666667,0.015333333333333332,0.11733333333333335,0.14533333333333331,0.08733333333333332,0.0,0.3643333333333333
63,72,2009-05-13,15,2,2008-2009,Lajeado,Joinville,0,0.36900000000000005,0.10600000000000001,0.194,0.06899999999999999,0.12666666666666665,0.035333333333333335,0.09133333333333334,0.063,0.058000000000000024,1.2,0.03533333333333333,0.10500000000000001,32.92066666666666,0.097,0.18999999999999997,51.751999999999995,0.06899999999999999,0.09733333333333333,68.38333333333334,0.001,0.033,0.616,0.004666666666666667,0.10700000000000001,0.04400000000000001,0.058000000000000024,0.0,0.34733333333333327,0.4236666666666665,0.151,0.18866666666666665,0.084,0.15666666666666668,0.044666666666666674,0.112,0.07566666666666667,0.06966666666666668,1.2193333333333336,0.05033333333333334,0.13733333333333334,37.01933333333333,0.09433333333333332,0.17600000000000002,53.534,0.084,0.11900000000000002,71.26133333333333,0.009333333333333334,0.04500000000000001,0.7006666666666668,0.014000000000000002,0.10566666666666667,0.13933333333333336,0.06966666666666668,0.0,0.4416666666666667
88,68,2009-05-13,15,2,2008-2009,Bauru Basket,Assis,1,0.4256666666666667,0.13799999999999998,0.2066666666666666,0.08099999999999999,0.15466666666666667,0.05433333333333333,0.10033333333333334,0.06933333333333334,0.04633333333333335,1.7979999999999998,0.046,0.11833333333333332,38.30466666666667,0.1033333333333333,0.19266666666666668,53.720666666666666,0.08099999999999999,0.11233333333333334,71.75733333333332,0.009333333333333334,0.04000000000000001,0.9993333333333332,0.008333333333333333,0.09499999999999999,0.08933333333333333,0.04633333333333335,0.0,0.4586666666666667,0.36566666666666664,0.108,0.1713333333333333,0.08633333333333333,0.145,0.03966666666666667,0.10533333333333333,0.060000000000000026,0.06666666666666668,0.9913333333333333,0.036000000000000004,0.10533333333333332,34.65733333333334,0.08566666666666665,0.17066666666666666,49.81466666666667,0.08633333333333333,0.12199999999999998,71.87133333333333,0.008666666666666666,0.027666666666666676,0.4406666666666667,0.017666666666666664,0.10766666666666667,0.17733333333333334,0.06666666666666668,0.0,0.35933333333333334
87,77,2009-05-15,1,4,2008-2009,Limeira,Joinville,1,0.43566666666666676,0.134,0.214,0.08766666666666668,0.14966666666666664,0.03833333333333334,0.11133333333333333,0.08933333333333333,0.06666666666666667,1.379333333333333,0.04466666666666667,0.12466666666666668,36.78,0.107,0.18533333333333335,57.724000000000004,0.08766666666666668,0.11733333333333335,75.05866666666665,0.01566666666666667,0.046,0.7113333333333334,0.018666666666666668,0.10166666666666667,0.19466666666666665,0.06666666666666667,0.0,0.48466666666666663,0.4183333333333332,0.151,0.186,0.08133333333333333,0.15899999999999997,0.04600000000000001,0.11299999999999998,0.07733333333333332,0.07066666666666668,1.2266666666666666,0.050333333333333334,0.13866666666666666,36.54800000000001,0.093,0.17600000000000002,52.831999999999994,0.08133333333333333,0.11400000000000002,71.92799999999998,0.009000000000000001,0.046333333333333344,0.7106666666666667,0.015000000000000005,0.10266666666666668,0.15800000000000003,0.07066666666666668,0.0,0.44133333333333336
87,92,2009-05-16,1,4,2008-2009,Pinheiros,Flamengo,0,0.44333333333333336,0.13,0.22133333333333335,0.09200000000000001,0.16066666666666668,0.045333333333333344,0.11533333333333333,0.08133333333333331,0.06566666666666668,1.3226666666666667,0.043333333333333335,0.11466666666666667,38.65133333333333,0.11066666666666668,0.19499999999999995,56.782000000000004,0.09200000000000001,0.12033333333333335,76.41333333333334,0.017000000000000005,0.04233333333333334,0.6693333333333334,0.011000000000000003,0.09,0.11866666666666666,0.06566666666666668,0.0,0.489,0.4566666666666667,0.13899999999999998,0.214,0.10366666666666666,0.1753333333333333,0.04333333333333335,0.132,0.08933333333333335,0.067,1.408,0.046333333333333344,0.13033333333333336,35.66733333333333,0.107,0.17966666666666667,59.88599999999999,0.10366666666666666,0.13533333333333333,78.87666666666665,0.008666666666666665,0.04333333333333334,0.672,0.012,0.10066666666666667,0.12266666666666667,0.067,0.0,0.5213333333333335
79,83,2009-05-17,1,4,2008-2009,Bauru Basket,Minas,0,0.42433333333333334,0.141,0.2046666666666667,0.07866666666666666,0.15433333333333332,0.054000000000000006,0.10033333333333336,0.06966666666666668,0.04400000000000002,1.8573333333333333,0.04700000000000001,0.11899999999999998,38.961333333333336,0.10233333333333335,0.19233333333333336,53.282000000000004,0.07866666666666666,0.10900000000000001,72.20599999999999,0.009666666666666665,0.03766666666666667,0.9793333333333333,0.007666666666666667,0.09633333333333334,0.08133333333333333,0.04400000000000002,0.0,0.4573333333333334,0.4346666666666667,0.11899999999999998,0.23200000000000007,0.08366666666666665,0.17866666666666664,0.047333333333333345,0.13133333333333336,0.09266666666666667,0.08133333333333333,1.182,0.03966666666666667,0.10533333333333332,37.812666666666665,0.11600000000000003,0.19866666666666666,58.87666666666666,0.08366666666666665,0.11533333333333332,72.61333333333333,0.006333333333333332,0.035,0.44266666666666665,0.015666666666666666,0.08866666666666666,0.17933333333333332,0.08133333333333333,0.0,0.49533333333333335
76,78,2009-05-17,1,4,2008-2009,Sesi Franca,Brasília,0,0.418,0.108,0.21933333333333332,0.09066666666666666,0.14966666666666664,0.044666666666666674,0.10500000000000001,0.084,0.06833333333333334,1.3546666666666667,0.036000000000000004,0.10200000000000002,37.478,0.10966666666666666,0.20933333333333337,51.986000000000004,0.09066666666666666,0.11566666666666667,78.74,0.003333333333333333,0.04433333333333334,0.7,0.010666666666666665,0.11866666666666668,0.09066666666666669,0.06833333333333334,0.0,0.44766666666666666,0.43799999999999994,0.112,0.22266666666666665,0.10333333333333332,0.15166666666666667,0.03533333333333333,0.11633333333333334,0.07766666666666668,0.07433333333333333,1.1886666666666668,0.03733333333333333,0.10733333333333332,35.87800000000001,0.11133333333333333,0.18266666666666664,60.86800000000001,0.10333333333333332,0.13433333333333333,76.46733333333333,0.012000000000000004,0.043000000000000003,0.6093333333333333,0.016666666666666666,0.11133333333333333,0.17,0.07433333333333333,0.0,0.48033333333333333
92,85,2009-05-18,2,4,2008-2009,Flamengo,Pinheiros,1,0.45866666666666667,0.13799999999999998,0.2153333333333333,0.10533333333333333,0.17333333333333334,0.04133333333333334,0.13200000000000003,0.08933333333333333,0.06466666666666668,1.4433333333333331,0.04600000000000001,0.13,35.489333333333335,0.10766666666666665,0.17766666666666667,60.974,0.10533333333333333,0.13899999999999998,77.756,0.007999999999999998,0.043666666666666666,0.6946666666666668,0.012666666666666666,0.10166666666666667,0.12866666666666668,0.06466666666666668,0.0,0.5253333333333335,0.4416666666666667,0.13500000000000004,0.21866666666666668,0.08800000000000001,0.15766666666666668,0.044666666666666674,0.11299999999999999,0.08233333333333334,0.06533333333333334,1.3459999999999999,0.045000000000000005,0.11766666666666667,39.05266666666667,0.10933333333333334,0.19433333333333333,56.26466666666666,0.08800000000000001,0.11466666666666667,76.34333333333333,0.016666666666666666,0.04300000000000002,0.6833333333333333,0.010000000000000002,0.092,0.10666666666666667,0.06533333333333334,0.0,0.485
85,75,2009-05-18,2,4,2008-2009,Joinville,Limeira,1,0.4113333333333333,0.154,0.17866666666666667,0.07866666666666666,0.15666666666666668,0.045333333333333344,0.11133333333333333,0.07999999999999999,0.06800000000000002,1.2719999999999998,0.051333333333333335,0.13933333333333334,37.06733333333333,0.08933333333333333,0.1733333333333333,51.39266666666666,0.07866666666666666,0.11166666666666668,71.31133333333334,0.008666666666666668,0.04466666666666668,0.7020000000000001,0.015000000000000005,0.09833333333333334,0.16,0.06800000000000002,0.0,0.4346666666666667,0.4316666666666667,0.128,0.21466666666666664,0.08900000000000001,0.15066666666666664,0.03866666666666667,0.112,0.08833333333333335,0.06666666666666668,1.3666666666666665,0.04266666666666667,0.12266666666666667,35.937999999999995,0.10733333333333332,0.18666666666666668,57.446000000000005,0.08900000000000001,0.11933333333333335,74.78599999999999,0.015333333333333336,0.047000000000000014,0.724,0.018000000000000002,0.101,0.19000000000000003,0.06666666666666668,0.0,0.4793333333333333
87,84,2009-05-19,3,4,2008-2009,Flamengo,Pinheiros,1,0.4543333333333333,0.14,0.21333333333333337,0.101,0.1726666666666667,0.03833333333333333,0.13433333333333336,0.088,0.06466666666666666,1.4233333333333333,0.046666666666666676,0.12933333333333336,36.12466666666667,0.10666666666666669,0.17633333333333334,60.914,0.101,0.13433333333333333,77.08533333333334,0.009666666666666665,0.04133333333333334,0.6586666666666668,0.012666666666666666,0.10133333333333334,0.12866666666666668,0.06466666666666666,0.0,0.5186666666666667,0.44299999999999995,0.136,0.21866666666666668,0.08833333333333335,0.16033333333333333,0.04666666666666667,0.11366666666666667,0.08233333333333334,0.06366666666666668,1.3913333333333333,0.04533333333333334,0.11733333333333333,39.334666666666664,0.10933333333333334,0.1983333333333333,55.34066666666666,0.08833333333333335,0.11566666666666667,75.912,0.017666666666666667,0.04100000000000001,0.6733333333333333,0.010000000000000002,0.094,0.10666666666666667,0.06366666666666668,0.0,0.4846666666666666
96,105,2009-05-19,2,4,2008-2009,Brasília,Sesi Franca,0,0.4356666666666666,0.116,0.21733333333333335,0.10233333333333335,0.15099999999999997,0.034,0.11699999999999999,0.07899999999999999,0.076,1.1913333333333336,0.03866666666666667,0.108,36.87199999999999,0.10866666666666668,0.1833333333333333,59.06666666666668,0.10233333333333335,0.13166666666666668,77.39,0.012000000000000004,0.04133333333333333,0.5813333333333333,0.016,0.11433333333333333,0.15533333333333335,0.076,0.0,0.4736666666666667,0.4176666666666666,0.113,0.21200000000000002,0.09266666666666666,0.14666666666666667,0.04300000000000001,0.1036666666666667,0.083,0.06466666666666668,1.394,0.03766666666666667,0.10533333333333333,38.14333333333334,0.10600000000000001,0.20500000000000002,51.239333333333335,0.09266666666666666,0.12000000000000001,77.69133333333335,0.003666666666666666,0.04333333333333334,0.7213333333333334,0.011000000000000001,0.11800000000000002,0.09466666666666668,0.06466666666666668,0.0,0.443
74,47,2009-05-19,2,4,2008-2009,Minas,Bauru Basket,1,0.43200000000000005,0.12099999999999998,0.22600000000000003,0.08499999999999998,0.17399999999999996,0.045000000000000005,0.129,0.09200000000000001,0.077,1.312,0.04033333333333333,0.10733333333333332,37.64,0.11300000000000002,0.19499999999999998,58.36999999999998,0.08499999999999998,0.11599999999999998,73.44866666666668,0.006333333333333332,0.036333333333333336,0.5173333333333333,0.016,0.08866666666666667,0.18266666666666667,0.077,0.0,0.49333333333333323,0.425,0.146,0.20066666666666666,0.07833333333333334,0.15633333333333332,0.054666666666666676,0.10166666666666667,0.07000000000000002,0.04400000000000001,1.8653333333333335,0.04866666666666668,0.12000000000000001,40.23666666666667,0.10033333333333333,0.193,52.11466666666667,0.07833333333333334,0.10866666666666668,72.136,0.009333333333333334,0.03633333333333334,0.9460000000000001,0.006666666666666668,0.095,0.07200000000000001,0.04400000000000001,0.0,0.45600000000000007
77,63,2009-05-19,3,4,2008-2009,Joinville,Limeira,1,0.412,0.153,0.18066666666666667,0.07833333333333334,0.161,0.04700000000000001,0.114,0.07866666666666666,0.07,1.222,0.051000000000000004,0.13733333333333336,37.314,0.09033333333333333,0.177,50.87866666666667,0.07833333333333334,0.10966666666666666,72.16066666666667,0.008333333333333335,0.04400000000000001,0.678,0.015000000000000005,0.09966666666666667,0.15866666666666665,0.07,0.0,0.43633333333333335,0.42100000000000004,0.12700000000000003,0.20933333333333337,0.08466666666666667,0.14866666666666667,0.037,0.11166666666666666,0.08666666666666667,0.06666666666666667,1.3433333333333335,0.042333333333333334,0.12433333333333332,35.254666666666665,0.10466666666666669,0.18333333333333338,57.092000000000006,0.08466666666666667,0.113,74.95133333333335,0.014000000000000002,0.04333333333333334,0.6713333333333332,0.018666666666666668,0.09966666666666667,0.1966666666666667,0.06666666666666667,0.0,0.4626666666666666
75,74,2009-05-20,3,4,2008-2009,Minas,Bauru Basket,1,0.4246666666666667,0.11299999999999999,0.22933333333333333,0.08233333333333333,0.17633333333333331,0.044000000000000004,0.13233333333333333,0.08833333333333333,0.07733333333333332,1.2453333333333334,0.03766666666666667,0.10533333333333335,36.059999999999995,0.11466666666666667,0.19333333333333333,59.61466666666665,0.08233333333333333,0.11099999999999999,74.17133333333335,0.006,0.035,0.49333333333333323,0.016,0.08700000000000001,0.18400000000000002,0.07733333333333332,0.0,0.48800000000000004,0.4073333333333334,0.143,0.19466666666666668,0.06966666666666667,0.156,0.05400000000000001,0.10200000000000004,0.06866666666666668,0.04400000000000001,1.832,0.04766666666666668,0.11899999999999998,39.74266666666667,0.09733333333333334,0.196,49.86333333333334,0.06966666666666667,0.09833333333333334,71.61200000000001,0.009000000000000001,0.03600000000000001,0.9380000000000002,0.006000000000000001,0.09233333333333335,0.068,0.04400000000000001,0.0,0.4313333333333334
76,66,2009-05-20,3,4,2008-2009,Brasília,Sesi Franca,1,0.43899999999999995,0.115,0.22266666666666668,0.10133333333333333,0.15433333333333332,0.03766666666666667,0.11666666666666667,0.078,0.07666666666666667,1.170666666666667,0.03833333333333334,0.11200000000000002,35.434666666666665,0.11133333333333334,0.19033333333333333,58.68533333333334,0.10133333333333333,0.13066666666666668,77.23133333333334,0.011666666666666669,0.042666666666666665,0.5946666666666667,0.016,0.11666666666666667,0.1526666666666667,0.07666666666666667,0.0,0.47133333333333327,0.42066666666666663,0.116,0.20933333333333334,0.09533333333333333,0.14600000000000002,0.04033333333333333,0.10566666666666666,0.07966666666666668,0.06366666666666668,1.3620000000000003,0.038666666666666676,0.11066666666666668,35.820000000000014,0.10466666666666667,0.20433333333333334,50.81666666666668,0.09533333333333333,0.12366666666666666,77.48066666666666,0.003333333333333333,0.04333333333333334,0.7306666666666667,0.011333333333333336,0.11966666666666667,0.09666666666666668,0.06366666666666668,0.0,0.43733333333333335
89,95,2009-05-21,4,4,2008-2009,Limeira,Joinville,0,0.41300000000000003,0.13,0.20133333333333336,0.08166666666666665,0.14633333333333334,0.036000000000000004,0.11033333333333335,0.08766666666666668,0.06733333333333331,1.346666666666667,0.043333333333333335,0.126,35.796,0.10066666666666668,0.18000000000000005,55.98066666666667,0.08166666666666665,0.11000000000000001,74.05133333333333,0.013333333333333336,0.04400000000000001,0.6759999999999999,0.019333333333333334,0.09933333333333332,0.20466666666666672,0.06733333333333331,0.0,0.4526666666666666,0.41433333333333333,0.157,0.17933333333333332,0.07800000000000001,0.16500000000000004,0.04833333333333334,0.11666666666666665,0.08066666666666666,0.07333333333333333,1.1793333333333333,0.05233333333333334,0.13533333333333336,38.742,0.08966666666666666,0.178,50.232,0.07800000000000001,0.10600000000000001,73.77133333333333,0.008333333333333333,0.04200000000000001,0.5906666666666667,0.015333333333333336,0.09833333333333334,0.164,0.07333333333333333,0.0,0.44466666666666665
74,73,2009-05-22,4,4,2008-2009,Sesi Franca,Brasília,1,0.41333333333333333,0.117,0.20266666666666666,0.09366666666666665,0.14733333333333334,0.04133333333333334,0.106,0.076,0.06433333333333333,1.2880000000000003,0.03900000000000001,0.11266666666666668,35.59866666666667,0.10133333333333333,0.20433333333333334,49.266,0.09366666666666665,0.12200000000000001,77.19333333333334,0.0023333333333333335,0.04100000000000001,0.6819999999999998,0.011333333333333336,0.12300000000000001,0.09533333333333334,0.06433333333333333,0.0,0.4196666666666666,0.432,0.10999999999999997,0.22333333333333336,0.09866666666666668,0.1593333333333333,0.03866666666666667,0.12066666666666666,0.07833333333333332,0.07966666666666668,1.1440000000000003,0.03666666666666666,0.11033333333333335,33.58266666666667,0.11166666666666668,0.192,58.28333333333334,0.09866666666666668,0.13,75.73933333333335,0.011000000000000003,0.043666666666666666,0.5913333333333334,0.016666666666666666,0.11599999999999998,0.158,0.07966666666666668,0.0,0.46499999999999997
64,59,2009-05-24,5,4,2008-2009,Brasília,Sesi Franca,1,0.42499999999999993,0.11399999999999998,0.21800000000000003,0.09300000000000001,0.16399999999999998,0.04200000000000001,0.12199999999999998,0.07666666666666666,0.07933333333333333,1.1273333333333333,0.038,0.11066666666666668,34.81066666666666,0.10900000000000001,0.193,56.384,0.09300000000000001,0.12400000000000001,75.224,0.010333333333333335,0.04166666666666667,0.5673333333333334,0.018,0.11299999999999999,0.17200000000000001,0.07933333333333333,0.0,0.4583333333333333,0.41433333333333333,0.11899999999999998,0.202,0.09333333333333332,0.14666666666666667,0.042,0.10466666666666667,0.07766666666666665,0.06366666666666666,1.3386666666666671,0.03966666666666667,0.11266666666666668,36.178,0.101,0.204,49.18866666666667,0.09333333333333332,0.12099999999999998,77.78600000000002,0.0026666666666666666,0.04000000000000001,0.6759999999999998,0.012333333333333335,0.12066666666666667,0.10800000000000003,0.06366666666666666,0.0,0.42366666666666664
86,88,2009-05-26,1,5,2008-2009,Joinville,Flamengo,0,0.418,0.161,0.18,0.077,0.16500000000000004,0.04833333333333333,0.11666666666666665,0.08166666666666668,0.07233333333333333,1.2220000000000002,0.05366666666666668,0.13366666666666668,40.31733333333333,0.09,0.18066666666666667,49.734,0.077,0.10266666666666666,74.69866666666667,0.007666666666666667,0.03900000000000001,0.5539999999999999,0.015000000000000003,0.09766666666666667,0.162,0.07233333333333333,0.0,0.45,0.45799999999999996,0.14,0.21533333333333335,0.10266666666666667,0.17200000000000004,0.03866666666666667,0.13333333333333333,0.088,0.06533333333333334,1.416,0.046666666666666676,0.12600000000000003,36.918000000000006,0.10766666666666667,0.1796666666666667,60.46933333333334,0.10266666666666667,0.13633333333333333,76.99266666666666,0.010333333333333335,0.04266666666666667,0.6720000000000002,0.012,0.09900000000000002,0.12333333333333334,0.06533333333333334,0.0,0.5223333333333333
91,78,2009-05-27,1,5,2008-2009,Minas,Brasília,1,0.42200000000000004,0.115,0.22599999999999998,0.08099999999999999,0.17633333333333334,0.04366666666666667,0.13266666666666665,0.087,0.07766666666666665,1.2186666666666668,0.03833333333333334,0.10699999999999998,36.19333333333334,0.11299999999999999,0.19333333333333333,58.66266666666665,0.08099999999999999,0.10899999999999999,74.43666666666668,0.006,0.03433333333333333,0.48066666666666663,0.013333333333333334,0.08566666666666668,0.1553333333333333,0.07766666666666665,0.0,0.47833333333333333,0.42066666666666663,0.112,0.21599999999999994,0.09266666666666667,0.16733333333333336,0.045333333333333344,0.12199999999999998,0.07533333333333332,0.08033333333333333,1.096,0.037333333333333336,0.11100000000000003,34.18266666666666,0.10799999999999997,0.19466666666666665,55.28066666666667,0.09266666666666667,0.12200000000000003,76.24666666666667,0.010666666666666666,0.04566666666666667,0.6173333333333333,0.018333333333333333,0.11366666666666665,0.1733333333333333,0.08033333333333333,0.0,0.45733333333333337
92,86,2009-05-29,2,5,2008-2009,Flamengo,Joinville,1,0.45699999999999996,0.141,0.21600000000000003,0.10000000000000002,0.17033333333333334,0.036000000000000004,0.13433333333333333,0.08866666666666667,0.06566666666666666,1.4200000000000002,0.04700000000000001,0.12600000000000003,37.165333333333336,0.10800000000000001,0.17733333333333334,61.548666666666676,0.10000000000000002,0.12933333333333336,78.76533333333333,0.011000000000000003,0.04233333333333334,0.6633333333333336,0.010000000000000002,0.09766666666666667,0.10400000000000001,0.06566666666666666,0.0,0.525,0.4169999999999999,0.16,0.17933333333333337,0.07766666666666668,0.16599999999999998,0.04533333333333334,0.12066666666666666,0.084,0.07133333333333333,1.2786666666666666,0.05333333333333334,0.13466666666666666,39.894666666666666,0.08966666666666669,0.17899999999999996,50.06533333333334,0.07766666666666668,0.10333333333333333,75.05600000000001,0.008,0.03966666666666667,0.572,0.014000000000000002,0.09800000000000002,0.1506666666666667,0.07133333333333333,0.0,0.453
103,76,2009-05-30,2,5,2008-2009,Brasília,Minas,1,0.41833333333333333,0.115,0.21266666666666667,0.09066666666666666,0.16466666666666668,0.04333333333333334,0.12133333333333332,0.07333333333333332,0.08199999999999999,1.0339999999999998,0.03833333333333334,0.11366666666666667,34.230000000000004,0.10633333333333334,0.18966666666666665,55.88866666666667,0.09066666666666666,0.11900000000000002,76.59666666666665,0.009333333333333334,0.043000000000000003,0.5573333333333333,0.018333333333333333,0.11433333333333333,0.17200000000000001,0.08199999999999999,0.0,0.4486666666666667,0.41566666666666674,0.115,0.21866666666666668,0.08199999999999999,0.17400000000000002,0.04066666666666667,0.13333333333333333,0.0893333333333333,0.07433333333333333,1.4146666666666667,0.03833333333333334,0.107,36.193333333333335,0.10933333333333334,0.19166666666666668,57.34799999999999,0.08199999999999999,0.10933333333333334,75.07666666666668,0.005666666666666666,0.034333333333333334,0.5253333333333333,0.012000000000000004,0.08433333333333334,0.14266666666666666,0.07433333333333333,0.0,0.4726666666666666
109,94,2009-05-30,3,5,2008-2009,Flamengo,Joinville,1,0.4523333333333333,0.136,0.214,0.10233333333333335,0.172,0.03666666666666667,0.13533333333333336,0.08766666666666666,0.069,1.372,0.04533333333333334,0.12500000000000006,36.12266666666667,0.107,0.1753333333333333,61.628000000000014,0.10233333333333335,0.13233333333333333,78.59933333333332,0.011333333333333336,0.04366666666666667,0.6626666666666668,0.009666666666666667,0.09533333333333333,0.10066666666666665,0.069,0.0,0.5183333333333332,0.42199999999999993,0.16400000000000003,0.18666666666666665,0.07133333333333333,0.1653333333333333,0.045666666666666675,0.11966666666666664,0.08433333333333333,0.07066666666666667,1.29,0.05466666666666667,0.13533333333333336,40.59799999999999,0.09333333333333332,0.18366666666666667,50.758,0.07133333333333333,0.09433333333333334,73.34733333333334,0.007666666666666666,0.041666666666666664,0.6013333333333333,0.014333333333333333,0.09900000000000002,0.15200000000000002,0.07066666666666667,0.0,0.46299999999999997
89,79,2009-05-31,3,5,2008-2009,Brasília,Minas,1,0.426,0.11899999999999998,0.21266666666666664,0.09433333333333332,0.164,0.042,0.12200000000000001,0.07600000000000001,0.08099999999999999,1.097333333333333,0.03966666666666666,0.11400000000000003,35.268666666666675,0.10633333333333332,0.19099999999999998,55.443999999999996,0.09433333333333332,0.12266666666666669,77.30666666666666,0.008333333333333333,0.042333333333333334,0.5586666666666666,0.019,0.11699999999999999,0.17333333333333334,0.08099999999999999,0.0,0.45899999999999996,0.4130000000000001,0.10799999999999997,0.22333333333333333,0.08166666666666665,0.1696666666666667,0.04033333333333334,0.12933333333333333,0.08799999999999998,0.07366666666666667,1.4033333333333333,0.036000000000000004,0.10533333333333332,34.23866666666667,0.11166666666666666,0.19733333333333333,56.81133333333333,0.08166666666666665,0.11033333333333332,74.18466666666669,0.006333333333333332,0.035,0.5359999999999999,0.012333333333333337,0.08499999999999999,0.1446666666666667,0.07366666666666667,0.0,0.4606666666666666
90,101,2009-06-02,4,5,2008-2009,Minas,Brasília,0,0.41300000000000003,0.107,0.22400000000000003,0.082,0.16566666666666668,0.03833333333333334,0.12733333333333333,0.08866666666666666,0.074,1.4086666666666667,0.035666666666666666,0.10633333333333335,33.61133333333334,0.11200000000000002,0.1963333333333333,57.34733333333334,0.082,0.11299999999999999,72.952,0.006333333333333333,0.035666666666666666,0.5433333333333332,0.011666666666666669,0.08866666666666667,0.13333333333333333,0.074,0.0,0.4546666666666666,0.42433333333333334,0.11999999999999998,0.2073333333333333,0.097,0.16299999999999995,0.04166666666666667,0.12133333333333333,0.07433333333333335,0.081,1.0693333333333332,0.04,0.11266666666666669,35.93533333333334,0.10366666666666664,0.18833333333333335,54.92066666666667,0.097,0.12466666666666666,78.012,0.007333333333333334,0.04266666666666667,0.5646666666666668,0.018333333333333333,0.11999999999999998,0.16000000000000003,0.081,0.0,0.45666666666666667
74,81,2009-06-11,1,6,2008-2009,Brasília,Flamengo,0,0.41933333333333334,0.116,0.204,0.09933333333333333,0.164,0.04266666666666667,0.12133333333333332,0.07300000000000001,0.08133333333333333,1.0453333333333332,0.03866666666666667,0.11200000000000002,34.73800000000001,0.102,0.18833333333333332,54.066,0.09933333333333333,0.128,77.85866666666666,0.006333333333333334,0.04233333333333334,0.5573333333333335,0.018333333333333333,0.12033333333333335,0.15933333333333335,0.08133333333333333,0.0,0.44733333333333325,0.456,0.142,0.20933333333333337,0.10466666666666669,0.17466666666666664,0.03666666666666667,0.138,0.08933333333333332,0.06999999999999999,1.3646666666666667,0.04733333333333334,0.12633333333333335,37.114000000000004,0.10466666666666669,0.17566666666666667,60.14333333333334,0.10466666666666669,0.13833333333333334,76.62000000000002,0.011000000000000003,0.04500000000000001,0.6793333333333335,0.008666666666666666,0.09199999999999998,0.09266666666666665,0.06999999999999999,0.0,0.52
71,81,2009-06-13,2,6,2008-2009,Flamengo,Brasília,0,0.44966666666666666,0.13499999999999998,0.21133333333333332,0.10333333333333332,0.17233333333333334,0.036333333333333336,0.136,0.089,0.068,1.3906666666666667,0.045000000000000005,0.127,35.32066666666666,0.10566666666666666,0.17766666666666667,60.01733333333334,0.10333333333333332,0.137,76.34200000000001,0.012000000000000004,0.047333333333333345,0.7360000000000001,0.008666666666666666,0.09166666666666665,0.09333333333333334,0.068,0.0,0.5113333333333333,0.418,0.11699999999999999,0.19933333333333333,0.10166666666666666,0.16666666666666666,0.04166666666666667,0.125,0.07066666666666667,0.08,1.0313333333333332,0.03900000000000001,0.11833333333333336,33.02066666666667,0.09966666666666667,0.18400000000000002,54.05533333333334,0.10166666666666666,0.13099999999999998,77.838,0.005666666666666667,0.04233333333333334,0.5606666666666666,0.018000000000000002,0.12066666666666667,0.15600000000000003,0.08,0.0,0.4426666666666666
99,78,2009-06-14,3,6,2008-2009,Flamengo,Brasília,1,0.44333333333333336,0.12799999999999997,0.2126666666666667,0.10266666666666667,0.17099999999999996,0.03866666666666667,0.13233333333333333,0.08733333333333333,0.06766666666666667,1.3706666666666663,0.04266666666666666,0.12733333333333333,33.67333333333333,0.10633333333333335,0.1833333333333333,58.50266666666667,0.10266666666666667,0.137,75.76266666666668,0.012333333333333337,0.04666666666666667,0.728,0.009000000000000001,0.09266666666666666,0.09666666666666668,0.06766666666666667,0.0,0.49366666666666664,0.42066666666666663,0.11699999999999999,0.2026666666666667,0.10099999999999999,0.17133333333333337,0.04300000000000001,0.12833333333333333,0.07166666666666667,0.07933333333333333,1.044,0.03900000000000001,0.11866666666666668,32.900000000000006,0.10133333333333334,0.184,55.13,0.10099999999999999,0.13066666666666665,77.44866666666667,0.005333333333333334,0.03933333333333334,0.5353333333333334,0.017,0.12300000000000001,0.14333333333333334,0.07933333333333333,0.0,0.4486666666666666
82,78,2009-06-21,4,6,2008-2009,Brasília,Flamengo,1,0.41933333333333334,0.11299999999999998,0.20200000000000004,0.10433333333333332,0.17300000000000001,0.044666666666666674,0.12833333333333333,0.07300000000000001,0.07899999999999999,1.0653333333333332,0.03766666666666667,0.11733333333333336,32.10733333333334,0.10100000000000002,0.183,55.219333333333346,0.10433333333333332,0.13633333333333333,77.25200000000001,0.006333333333333334,0.03766666666666667,0.5153333333333333,0.017,0.12766666666666668,0.138,0.07899999999999999,0.0,0.44733333333333325,0.4433333333333334,0.13099999999999998,0.20533333333333337,0.10700000000000001,0.16666666666666663,0.03800000000000001,0.12866666666666665,0.08266666666666667,0.066,1.346666666666667,0.043666666666666666,0.12866666666666665,34.016000000000005,0.10266666666666668,0.182,56.995333333333335,0.10700000000000001,0.143,75.586,0.010666666666666668,0.04600000000000001,0.7373333333333333,0.009000000000000001,0.09966666666666665,0.08933333333333333,0.066,0.0,0.4813333333333334
76,68,2009-06-28,5,6,2008-2009,Flamengo,Brasília,1,0.4396666666666667,0.12999999999999998,0.2013333333333334,0.10833333333333334,0.16966666666666666,0.041000000000000016,0.12866666666666665,0.07833333333333334,0.06733333333333333,1.2526666666666666,0.043333333333333335,0.13299999999999998,32.99333333333333,0.1006666666666667,0.18033333333333335,56.42600000000001,0.10833333333333334,0.14266666666666664,76.77333333333333,0.010000000000000002,0.043666666666666666,0.6793333333333333,0.009000000000000003,0.10033333333333333,0.08866666666666669,0.06733333333333333,0.0,0.4693333333333334,0.41600000000000004,0.10499999999999997,0.21,0.10099999999999999,0.178,0.046333333333333344,0.13166666666666668,0.07466666666666667,0.07833333333333334,1.0946666666666667,0.035,0.11500000000000002,30.61533333333334,0.105,0.18766666666666668,55.85933333333334,0.10099999999999999,0.13366666666666666,76.22333333333333,0.006000000000000001,0.035666666666666666,0.494,0.017,0.12233333333333334,0.14066666666666666,0.07833333333333334,0.0,0.44766666666666666
92,98,2009-11-01,1,1,2009-2010,Pinheiros,Brasília,0,0.0,0.0,0.0,0.0,0.0,0.0,0.0,0.0,0.0,0.0,0.0,0.0,0.0,0.0,0.0,0.0,0.0,0.0,0.0,0.0,0.0,0.0,0.0,0.0,0.0,0.0,0.0,0.0,0.0,0.0,0.0,0.0,0.0,0.0,0.0,0.0,0.0,0.0,0.0,0.0,0.0,0.0,0.0,0.0,0.0,0.0,0.0,0.0,0.0,0.0,0.0,0.0,0.0,0.0,0.0,0.0
74,63,2009-11-01,1,1,2009-2010,Sesi Franca,Assis,1,0.0,0.0,0.0,0.0,0.0,0.0,0.0,0.0,0.0,0.0,0.0,0.0,0.0,0.0,0.0,0.0,0.0,0.0,0.0,0.0,0.0,0.0,0.0,0.0,0.0,0.0,0.0,0.0,0.0,0.0,0.0,0.0,0.0,0.0,0.0,0.0,0.0,0.0,0.0,0.0,0.0,0.0,0.0,0.0,0.0,0.0,0.0,0.0,0.0,0.0,0.0,0.0,0.0,0.0,0.0,0.0
85,88,2009-11-01,1,1,2009-2010,Paulistano,Minas,0,0.0,0.0,0.0,0.0,0.0,0.0,0.0,0.0,0.0,0.0,0.0,0.0,0.0,0.0,0.0,0.0,0.0,0.0,0.0,0.0,0.0,0.0,0.0,0.0,0.0,0.0,0.0,0.0,0.0,0.0,0.0,0.0,0.0,0.0,0.0,0.0,0.0,0.0,0.0,0.0,0.0,0.0,0.0,0.0,0.0,0.0,0.0,0.0,0.0,0.0,0.0,0.0,0.0,0.0,0.0,0.0
99,70,2009-11-01,1,1,2009-2010,Flamengo,Espírito Santo,1,0.0,0.0,0.0,0.0,0.0,0.0,0.0,0.0,0.0,0.0,0.0,0.0,0.0,0.0,0.0,0.0,0.0,0.0,0.0,0.0,0.0,0.0,0.0,0.0,0.0,0.0,0.0,0.0,0.0,0.0,0.0,0.0,0.0,0.0,0.0,0.0,0.0,0.0,0.0,0.0,0.0,0.0,0.0,0.0,0.0,0.0,0.0,0.0,0.0,0.0,0.0,0.0,0.0,0.0,0.0,0.0
108,76,2009-11-01,1,1,2009-2010,Joinville,Londrina,1,0.0,0.0,0.0,0.0,0.0,0.0,0.0,0.0,0.0,0.0,0.0,0.0,0.0,0.0,0.0,0.0,0.0,0.0,0.0,0.0,0.0,0.0,0.0,0.0,0.0,0.0,0.0,0.0,0.0,0.0,0.0,0.0,0.0,0.0,0.0,0.0,0.0,0.0,0.0,0.0,0.0,0.0,0.0,0.0,0.0,0.0,0.0,0.0,0.0,0.0,0.0,0.0,0.0,0.0,0.0,0.0
84,72,2009-11-01,1,1,2009-2010,Coop/São José Basketball,Saldanha,1,0.0,0.0,0.0,0.0,0.0,0.0,0.0,0.0,0.0,0.0,0.0,0.0,0.0,0.0,0.0,0.0,0.0,0.0,0.0,0.0,0.0,0.0,0.0,0.0,0.0,0.0,0.0,0.0,0.0,0.0,0.0,0.0,0.0,0.0,0.0,0.0,0.0,0.0,0.0,0.0,0.0,0.0,0.0,0.0,0.0,0.0,0.0,0.0,0.0,0.0,0.0,0.0,0.0,0.0,0.0,0.0
76,69,2009-11-01,1,1,2009-2010,Araraquara,Bauru Basket,1,0.0,0.0,0.0,0.0,0.0,0.0,0.0,0.0,0.0,0.0,0.0,0.0,0.0,0.0,0.0,0.0,0.0,0.0,0.0,0.0,0.0,0.0,0.0,0.0,0.0,0.0,0.0,0.0,0.0,0.0,0.0,0.0,0.0,0.0,0.0,0.0,0.0,0.0,0.0,0.0,0.0,0.0,0.0,0.0,0.0,0.0,0.0,0.0,0.0,0.0,0.0,0.0,0.0,0.0,0.0,0.0
72,69,2009-11-15,3,1,2009-2010,Joinville,Flamengo,1,0.54,0.15,0.32,0.07,0.165,0.075,0.09,0.095,0.06,1.58,0.05,0.115,43.48,0.16,0.25,64.0,0.07,0.09,77.78,0.025,0.05,0.83,0.015,0.105,0.14,0.06,0.02,0.63,0.495,0.195,0.2,0.1,0.15,0.035,0.115,0.065,0.055,1.18,0.065,0.12,54.17,0.1,0.165,60.61,0.1,0.13,76.92,0.005,0.06,1.09,0.005,0.08,0.06,0.055,0.01,0.57
88,64,2009-11-15,3,1,2009-2010,Bauru Basket,Assis,1,0.345,0.12,0.2,0.025,0.125,0.04,0.085,0.055,0.06,0.92,0.04,0.12,33.33,0.1,0.195,51.28,0.025,0.035,71.43,0.0,0.05,0.83,0.03,0.06,0.5,0.06,0.02,0.36,0.315,0.03,0.22,0.065,0.195,0.085,0.11,0.05,0.06,0.83,0.01,0.095,10.53,0.11,0.235,46.81,0.065,0.09,72.22,0.01,0.01,0.17,0.015,0.095,0.16,0.06,0.01,0.29
75,76,2009-11-15,3,1,2009-2010,Saldanha,Pinheiros,0,0.36,0.135,0.19,0.035,0.11,0.025,0.085,0.05,0.06,0.83,0.045,0.1,45.0,0.095,0.19,50.0,0.035,0.08,43.75,0.005,0.01,0.17,0.01,0.085,0.12,0.06,0.01,0.285,0.46,0.135,0.24,0.085,0.145,0.04,0.105,0.075,0.06,1.25,0.045,0.155,29.03,0.12,0.185,64.86,0.085,0.1,85.0,0.015,0.05,0.83,0.005,0.11,0.05,0.06,0.01,0.485
69,67,2009-11-15,3,1,2009-2010,Londrina,Coop/São José Basketball,1,0.38,0.045,0.26,0.075,0.105,0.045,0.06,0.07,0.075,0.93,0.015,0.07,21.43,0.13,0.23,56.52,0.075,0.115,65.22,0.0,0.015,0.2,0.03,0.075,0.4,0.075,0.015,0.33,0.42,0.15,0.21,0.06,0.155,0.075,0.08,0.125,0.05,2.5,0.05,0.165,30.3,0.105,0.145,72.41,0.06,0.095,63.16,0.01,0.025,0.5,0.005,0.095,0.05,0.05,0.0,0.49
88,80,2009-11-15,3,1,2009-2010,Brasília,Sesi Franca,1,0.49,0.165,0.24,0.085,0.145,0.04,0.105,0.11,0.09,1.22,0.055,0.105,52.38,0.12,0.22,54.55,0.085,0.11,77.27,0.03,0.035,0.39,0.005,0.095,0.05,0.09,0.025,0.52,0.37,0.06,0.26,0.05,0.16,0.05,0.11,0.1,0.015,6.67,0.02,0.095,21.05,0.13,0.23,56.52,0.05,0.085,58.82,0.0,0.015,1.0,0.02,0.085,0.24,0.015,0.0,0.44
54,52,2009-11-15,3,1,2009-2010,Espírito Santo,Paulistano,1,0.35,0.15,0.14,0.06,0.165,0.06,0.105,0.055,0.105,0.52,0.05,0.135,37.04,0.07,0.17,41.18,0.06,0.08,75.0,0.005,0.04,0.38,0.005,0.1,0.05,0.105,0.03,0.305,0.425,0.12,0.24,0.065,0.135,0.04,0.095,0.105,0.045,2.33,0.04,0.12,33.33,0.12,0.225,53.33,0.065,0.09,72.22,0.01,0.055,1.22,0.005,0.1,0.05,0.045,0.005,0.47
86,84,2009-11-20,4,1,2009-2010,Londrina,Flamengo,1,0.3625,0.0675,0.20500000000000002,0.09,0.1675,0.08,0.0875,0.07,0.08499999999999999,0.835,0.0225,0.0875,25.0,0.10250000000000001,0.22,46.115,0.09,0.12,74.61,0.0,0.025,0.28500000000000003,0.0225,0.08,0.29000000000000004,0.08499999999999999,0.0125,0.35,0.42,0.1575,0.16,0.10250000000000001,0.16,0.045,0.115,0.052500000000000005,0.0675,0.84,0.052500000000000005,0.125,42.47,0.08,0.155,50.995000000000005,0.10250000000000001,0.14750000000000002,70.28,0.01,0.06,0.92,0.0125,0.10250000000000001,0.11,0.0675,0.0125,0.44499999999999995
101,106,2009-11-22,4,1,2009-2010,Minas,Sesi Franca,0,0.44,0.18,0.2,0.06,0.195,0.085,0.11,0.105,0.09,1.17,0.06,0.115,52.17,0.1,0.215,46.51,0.06,0.095,63.16,0.005,0.015,0.17,0.0,0.08,0.0,0.09,0.02,0.46,0.385,0.135,0.20500000000000002,0.045,0.13,0.037500000000000006,0.0925,0.07250000000000001,0.04,3.6799999999999997,0.045000000000000005,0.115,36.45,0.10250000000000001,0.21000000000000002,47.995000000000005,0.045,0.07,65.775,0.0,0.035,0.925,0.0175,0.09,0.2,0.04,0.0075,0.39749999999999996
71,60,2009-11-22,4,1,2009-2010,Joinville,Coop/São José Basketball,1,0.45,0.12,0.235,0.095,0.18,0.08499999999999999,0.095,0.06,0.055,1.04,0.04,0.1375,31.115,0.1175,0.235,49.045,0.095,0.12,78.89,0.0125,0.037500000000000006,0.665,0.0075,0.11249999999999999,0.07,0.055,0.02,0.44,0.3775,0.0975,0.215,0.065,0.135,0.055,0.08,0.0975,0.060000000000000005,1.75,0.0325,0.1275,23.485,0.1075,0.15999999999999998,67.63499999999999,0.065,0.10500000000000001,62.015,0.0075,0.045,0.7150000000000001,0.005,0.10500000000000001,0.045,0.060000000000000005,0.0075,0.4125
74,71,2009-11-22,4,1,2009-2010,Saldanha,Paulistano,1,0.3675,0.1275,0.2,0.04,0.11499999999999999,0.037500000000000006,0.07750000000000001,0.0425,0.0625,0.685,0.042499999999999996,0.1,42.5,0.1,0.19,52.629999999999995,0.04,0.0875,45.56,0.0075,0.0275,0.43,0.01,0.08,0.125,0.0625,0.015,0.305,0.3425,0.0975,0.19,0.055,0.135,0.035,0.1,0.0775,0.0375,2.0,0.0325,0.11499999999999999,28.03,0.095,0.21250000000000002,44.165,0.055,0.08249999999999999,66.11,0.0075,0.0475,1.275,0.01,0.0975,0.10500000000000001,0.0375,0.0025,0.3475
96,75,2009-11-22,4,1,2009-2010,Brasília,Araraquara,1,0.46499999999999997,0.135,0.255,0.07500000000000001,0.16999999999999998,0.05500000000000001,0.11499999999999999,0.0975,0.08249999999999999,1.1749999999999998,0.045,0.11499999999999999,40.19,0.1275,0.215,59.42,0.07500000000000001,0.10250000000000001,72.845,0.0225,0.035,0.43,0.0225,0.08499999999999999,0.29000000000000004,0.08249999999999999,0.02,0.5225,0.38,0.135,0.2,0.045,0.125,0.035,0.09,0.075,0.06,1.25,0.045,0.125,36.0,0.1,0.155,64.52,0.045,0.055,81.82,0.01,0.05,0.83,0.015,0.055,0.27,0.06,0.01,0.44
81,76,2009-11-22,4,1,2009-2010,Espírito Santo,Pinheiros,1,0.31,0.075,0.15500000000000003,0.08,0.19,0.055,0.135,0.052500000000000005,0.11,0.475,0.025,0.10250000000000001,18.52,0.07750000000000001,0.1775,43.565,0.08,0.125,66.91,0.0075,0.035,0.32,0.015000000000000001,0.0975,0.155,0.11,0.0275,0.27,0.42000000000000004,0.165,0.19,0.065,0.135,0.04,0.095,0.057499999999999996,0.07,0.875,0.055,0.135,42.775000000000006,0.095,0.1775,53.019999999999996,0.065,0.085,74.64500000000001,0.0125,0.045,0.665,0.015000000000000001,0.095,0.18,0.07,0.02,0.42
62,60,2009-11-29,6,1,2009-2010,Paulistano,Londrina,1,0.3466666666666667,0.09999999999999999,0.19666666666666666,0.049999999999999996,0.1366666666666667,0.036666666666666674,0.10000000000000002,0.06666666666666667,0.03833333333333333,1.71,0.03333333333333333,0.13666666666666666,25.166666666666668,0.09833333333333333,0.19166666666666668,52.776666666666664,0.049999999999999996,0.08833333333333333,57.406666666666666,0.005,0.043333333333333335,1.1433333333333333,0.01,0.105,0.09666666666666668,0.03833333333333333,0.006666666666666667,0.33,0.385,0.11,0.18333333333333335,0.09166666666666667,0.16333333333333333,0.075,0.08833333333333333,0.07166666666666667,0.08333333333333333,0.87,0.03666666666666667,0.12,28.38,0.09166666666666667,0.205,44.076666666666675,0.09166666666666667,0.12166666666666666,75.07333333333334,0.0,0.03666666666666667,0.44,0.016666666666666666,0.08666666666666667,0.21000000000000005,0.08333333333333333,0.01,0.3633333333333333
84,91,2009-11-29,6,1,2009-2010,Assis,Brasília,0,0.3175,0.0375,0.2,0.08,0.155,0.0625,0.0925,0.0425,0.065,0.665,0.0125,0.0975,12.765,0.1,0.2025,49.875,0.08,0.12,67.775,0.0125,0.02,0.3,0.0075,0.0875,0.08,0.065,0.015,0.25,0.47,0.115,0.2733333333333334,0.08166666666666668,0.17333333333333334,0.05833333333333334,0.11499999999999999,0.09999999999999999,0.075,1.3666666666666665,0.03833333333333333,0.12166666666666666,32.96666666666666,0.1366666666666667,0.22999999999999998,59.48666666666667,0.08166666666666668,0.11333333333333334,72.02,0.023333333333333334,0.043333333333333335,0.62,0.021666666666666667,0.07833333333333332,0.2966666666666667,0.075,0.018333333333333333,0.525
88,91,2009-11-29,6,1,2009-2010,Pinheiros,Joinville,0,0.40666666666666673,0.145,0.17,0.09166666666666667,0.14333333333333334,0.035,0.10833333333333334,0.04833333333333333,0.07333333333333335,0.71,0.04833333333333334,0.12666666666666668,39.123333333333335,0.085,0.16666666666666666,50.29,0.09166666666666667,0.12,75.20333333333333,0.011666666666666667,0.043333333333333335,0.61,0.01,0.10666666666666667,0.12,0.07333333333333335,0.015,0.38999999999999996,0.4183333333333333,0.13999999999999999,0.20333333333333334,0.075,0.18499999999999997,0.08166666666666667,0.10333333333333333,0.065,0.06666666666666667,0.9700000000000001,0.04666666666666667,0.13833333333333334,35.03,0.10166666666666667,0.21166666666666667,46.836666666666666,0.075,0.09333333333333332,81.76,0.01,0.043333333333333335,0.6466666666666666,0.01,0.09999999999999999,0.11333333333333334,0.06666666666666667,0.016666666666666666,0.435
71,75,2009-11-29,6,1,2009-2010,Sesi Franca,Espírito Santo,0,0.43333333333333335,0.18000000000000002,0.20000000000000004,0.05333333333333334,0.135,0.036666666666666674,0.09833333333333333,0.07333333333333335,0.051666666666666666,2.7866666666666666,0.06,0.13166666666666668,42.483333333333334,0.10000000000000002,0.19500000000000003,51.19,0.05333333333333334,0.08166666666666667,66.07333333333334,0.0,0.03333333333333333,0.75,0.011666666666666667,0.09333333333333334,0.13333333333333333,0.051666666666666666,0.01,0.43999999999999995,0.3416666666666666,0.09500000000000001,0.16666666666666666,0.08,0.20166666666666666,0.065,0.1366666666666667,0.05166666666666667,0.09500000000000001,0.5733333333333334,0.03166666666666667,0.10666666666666667,25.39,0.08333333333333333,0.19499999999999998,42.81,0.08,0.13166666666666668,62.99666666666667,0.015,0.043333333333333335,0.52,0.016666666666666666,0.11666666666666665,0.14666666666666667,0.09500000000000001,0.023333333333333334,0.3216666666666667
78,83,2009-11-29,6,1,2009-2010,Bauru Basket,Minas,0,0.39249999999999996,0.14250000000000002,0.21000000000000002,0.04,0.16999999999999998,0.065,0.10500000000000001,0.085,0.06,1.42,0.0475,0.1325,35.629999999999995,0.10500000000000001,0.1825,57.995,0.04,0.07250000000000001,60.715,0.01,0.045,0.75,0.02,0.0775,0.305,0.06,0.015,0.4575,0.47250000000000003,0.1725,0.22,0.08,0.2025,0.0825,0.12,0.0925,0.0725,1.31,0.057499999999999996,0.135,43.825,0.11,0.22,49.92,0.08,0.11750000000000001,67.295,0.0025,0.025,0.405,0.0125,0.0925,0.12,0.0725,0.0125,0.5075000000000001
81,65,2009-11-29,6,1,2009-2010,Araraquara,Saldanha,1,0.3775,0.09,0.24000000000000002,0.0475,0.1575,0.05,0.1075,0.065,0.075,0.9299999999999999,0.03,0.1225,24.25,0.12000000000000001,0.20500000000000002,59.709999999999994,0.0475,0.06,79.37,0.0075,0.0425,0.61,0.0225,0.08,0.28,0.075,0.0125,0.4,0.36833333333333335,0.125,0.19000000000000003,0.05333333333333334,0.12333333333333334,0.030000000000000002,0.09333333333333334,0.04,0.06166666666666667,0.65,0.041666666666666664,0.10000000000000002,41.666666666666664,0.09500000000000001,0.17,56.879999999999995,0.05333333333333334,0.09833333333333333,52.59666666666667,0.006666666666666667,0.02666666666666667,0.4266666666666667,0.01,0.085,0.12,0.06166666666666667,0.016666666666666666,0.3283333333333333
81,64,2009-12-06,7,1,2009-2010,Coop/São José Basketball,Paulistano,1,0.3516666666666666,0.09500000000000001,0.19666666666666666,0.06,0.1366666666666667,0.04833333333333334,0.08833333333333333,0.07833333333333334,0.06,1.39,0.03166666666666667,0.12666666666666668,23.656666666666666,0.09833333333333333,0.15833333333333333,62.29333333333333,0.06,0.09333333333333334,65.15333333333334,0.006666666666666667,0.045000000000000005,0.7266666666666667,0.0033333333333333335,0.09000000000000001,0.03,0.06,0.005,0.3666666666666667,0.3375,0.09375,0.1875,0.056249999999999994,0.15000000000000002,0.04625,0.10375000000000001,0.0675,0.05499999999999999,1.45,0.03125,0.12875,24.8275,0.09375,0.1925,49.839999999999996,0.056249999999999994,0.09375,60.1,0.005,0.045,0.9774999999999999,0.01625,0.10375000000000001,0.16,0.05499999999999999,0.01125,0.3275
68,66,2009-12-06,7,1,2009-2010,Saldanha,Bauru Basket,1,0.3575,0.105,0.19,0.0625,0.13375,0.04000000000000001,0.09375,0.043750000000000004,0.07,0.6325000000000001,0.035,0.09500000000000001,35.9375,0.095,0.1875,52.55499999999999,0.0625,0.10999999999999999,54.965,0.00625,0.042499999999999996,0.5575,0.01,0.08875,0.11499999999999999,0.07,0.0175,0.3175,0.3916666666666666,0.14500000000000002,0.2066666666666667,0.04,0.16166666666666665,0.06,0.10166666666666668,0.09166666666666667,0.05333333333333334,1.8233333333333333,0.04833333333333334,0.13,37.086666666666666,0.10333333333333335,0.17833333333333334,58.27,0.04,0.07666666666666667,56.163333333333334,0.006666666666666667,0.03333333333333333,0.5833333333333334,0.02,0.07666666666666666,0.29333333333333333,0.05333333333333334,0.013333333333333334,0.45166666666666666
67,61,2009-12-06,7,1,2009-2010,Joinville,Araraquara,1,0.4275,0.15,0.1975,0.08,0.16624999999999998,0.06875,0.0975,0.07,0.060000000000000005,1.26,0.05,0.13875,36.9875,0.09875,0.1925,51.795,0.08,0.1025,79.59,0.00875,0.03875,0.6425,0.008749999999999999,0.10124999999999999,0.0975,0.060000000000000005,0.01375,0.44625,0.3866666666666667,0.09499999999999999,0.23333333333333336,0.05833333333333333,0.16166666666666665,0.04666666666666667,0.11499999999999999,0.07666666666666667,0.08333333333333333,0.9533333333333333,0.03166666666666667,0.125,25.14,0.11666666666666668,0.19833333333333333,59.626666666666665,0.05833333333333333,0.075,78.31,0.008333333333333333,0.04,0.5233333333333333,0.02666666666666667,0.09000000000000001,0.2933333333333334,0.08333333333333333,0.008333333333333333,0.4166666666666667
66,67,2009-12-06,7,1,2009-2010,Espírito Santo,Assis,0,0.35,0.0975,0.1775,0.075,0.19,0.06,0.13,0.05625000000000001,0.08875000000000001,0.6799999999999999,0.0325,0.10875,26.65,0.08875,0.18625,48.515,0.075,0.12000000000000001,64.89500000000001,0.012499999999999999,0.04125,0.515,0.01625,0.11374999999999999,0.14500000000000002,0.08875000000000001,0.02375,0.34625,0.3516666666666666,0.065,0.21333333333333335,0.07333333333333333,0.16,0.06166666666666667,0.09833333333333333,0.05166666666666667,0.05666666666666667,1.0266666666666666,0.021666666666666667,0.10166666666666667,20.63,0.10666666666666667,0.21333333333333335,50.27,0.07333333333333333,0.10833333333333334,68.71333333333334,0.013333333333333334,0.018333333333333333,0.32666666666666666,0.008333333333333333,0.09000000000000001,0.09000000000000001,0.05666666666666667,0.013333333333333334,0.3116666666666667
90,94,2009-12-06,7,1,2009-2010,Londrina,Sesi Franca,0,0.36375,0.10875,0.165,0.09000000000000001,0.1625,0.06625,0.09625,0.0675,0.08375,0.815,0.036250000000000004,0.11374999999999999,30.495,0.0825,0.1975,40.915000000000006,0.09000000000000001,0.12125,74.0125,0.0025,0.0375,0.4475,0.015,0.0825,0.19250000000000003,0.08375,0.013750000000000002,0.33875,0.41375,0.16875,0.18250000000000002,0.0625,0.12375,0.03375,0.09,0.06875,0.05,2.395,0.056249999999999994,0.13,40.8625,0.09125000000000001,0.18375000000000002,49.224999999999994,0.0625,0.0875,70.9825,0.0,0.03375,0.7575000000000001,0.01,0.09125000000000001,0.115,0.05,0.0075,0.40874999999999995
82,77,2009-12-06,7,1,2009-2010,Flamengo,Pinheiros,1,0.42,0.145,0.18000000000000002,0.09500000000000001,0.15666666666666665,0.045000000000000005,0.11166666666666668,0.06,0.075,0.8366666666666666,0.04833333333333334,0.12833333333333333,38.19,0.09000000000000001,0.15833333333333333,56.220000000000006,0.09500000000000001,0.13333333333333333,72.25,0.013333333333333334,0.056666666666666664,0.8000000000000002,0.015,0.10666666666666667,0.13,0.075,0.01,0.4466666666666666,0.41500000000000004,0.15,0.175,0.09000000000000001,0.14250000000000002,0.037500000000000006,0.10500000000000001,0.056249999999999994,0.0675,0.9325,0.05,0.13125,38.825,0.0875,0.1625,53.55,0.09000000000000001,0.11499999999999999,77.6525,0.013750000000000002,0.03875,0.5825,0.007500000000000001,0.10250000000000001,0.09,0.0675,0.012499999999999999,0.41125
71,91,2009-12-08,8,1,2009-2010,Saldanha,Assis,0,0.354,0.10800000000000001,0.19,0.05600000000000001,0.132,0.042,0.09,0.043000000000000003,0.06300000000000001,0.734,0.036000000000000004,0.1,35.416,0.095,0.188,52.044,0.05600000000000001,0.10099999999999998,53.202,0.006,0.040999999999999995,0.646,0.009,0.091,0.10200000000000001,0.06300000000000001,0.019,0.314,0.3475,0.08625,0.195,0.06625,0.15,0.05375,0.09625,0.051250000000000004,0.065,0.91,0.02875,0.10625,25.89,0.0975,0.195,50.2025,0.06625,0.10125,65.5975,0.01125,0.01875,0.3,0.0125,0.09625,0.1225,0.065,0.01375,0.305
69,67,2009-12-08,8,1,2009-2010,Espírito Santo,Bauru Basket,1,0.346,0.096,0.178,0.072,0.185,0.059,0.126,0.05500000000000001,0.082,0.726,0.032,0.10800000000000001,27.034,0.089,0.192,47.184000000000005,0.072,0.11600000000000002,63.91600000000001,0.013999999999999999,0.047,0.666,0.016,0.11199999999999999,0.14400000000000002,0.082,0.023,0.344,0.37625,0.13125,0.2,0.045,0.15625,0.055,0.10125,0.07625000000000001,0.06125,1.4549999999999998,0.043750000000000004,0.11875000000000001,36.637499999999996,0.1,0.17625000000000002,56.9375,0.045,0.08750000000000001,54.6225,0.0075,0.028749999999999998,0.4825,0.01875,0.07375,0.2775,0.06125,0.0175,0.40125
89,91,2009-12-12,7,1,2009-2010,Minas,Brasília,0,0.45333333333333337,0.17499999999999996,0.20333333333333334,0.075,0.18500000000000003,0.06666666666666667,0.11833333333333333,0.08666666666666667,0.06833333333333333,1.29,0.05833333333333333,0.13166666666666668,45.21666666666667,0.10166666666666667,0.20166666666666666,50.45333333333334,0.075,0.10666666666666667,70.35333333333334,0.0033333333333333335,0.025000000000000005,0.41,0.01,0.09333333333333334,0.09666666666666666,0.06833333333333333,0.015,0.48666666666666675,0.46625,0.1125,0.275,0.07875000000000001,0.17250000000000001,0.05500000000000001,0.1175,0.09875,0.065,1.7025,0.0375,0.12,32.332499999999996,0.1375,0.21749999999999997,64.06,0.07875000000000001,0.10875000000000001,72.435,0.0175,0.04,0.6799999999999999,0.01625,0.07875,0.22250000000000003,0.065,0.01875,0.53625
83,98,2009-12-14,12,1,2009-2010,Londrina,Brasília,0,0.381,0.126,0.17,0.085,0.156,0.066,0.09,0.075,0.084,0.9,0.042,0.12599999999999997,31.824,0.085,0.186,46.30400000000001,0.085,0.11399999999999999,74.50399999999999,0.002,0.036,0.42800000000000005,0.016999999999999998,0.088,0.20000000000000004,0.084,0.016000000000000004,0.367,0.46399999999999997,0.11699999999999999,0.272,0.07500000000000001,0.167,0.05600000000000001,0.11099999999999999,0.096,0.066,1.6039999999999999,0.039,0.121,33.065999999999995,0.136,0.215,63.92999999999999,0.07500000000000001,0.10200000000000001,73.94800000000001,0.017,0.039,0.6439999999999999,0.014000000000000002,0.078,0.19200000000000003,0.066,0.016999999999999998,0.526
82,78,2010-01-08,8,1,2009-2010,Londrina,Araraquara,1,0.38666666666666666,0.1175,0.17666666666666667,0.09250000000000001,0.155,0.06416666666666666,0.09083333333333334,0.07333333333333333,0.08583333333333333,0.8633333333333333,0.03916666666666667,0.13249999999999998,29.045,0.08833333333333333,0.18916666666666668,47.123333333333335,0.09250000000000001,0.11833333333333333,77.56333333333333,0.0025,0.03833333333333333,0.445,0.017499999999999998,0.09416666666666666,0.19333333333333336,0.08583333333333333,0.01416666666666667,0.365,0.36625,0.09375,0.22250000000000003,0.049999999999999996,0.1525,0.04125,0.11124999999999999,0.06875,0.07875,0.8875,0.03125,0.11875,26.355,0.11125000000000002,0.195,57.5575,0.049999999999999996,0.06624999999999999,74.3575,0.00625,0.03375,0.44999999999999996,0.02,0.09,0.22000000000000003,0.07875,0.007500000000000001,0.375
85,74,2010-01-15,9,1,2009-2010,Bauru Basket,Londrina,1,0.368,0.123,0.2,0.045,0.155,0.049,0.10600000000000001,0.07300000000000001,0.061,1.3639999999999999,0.041,0.11000000000000001,37.309999999999995,0.1,0.185,54.64,0.045,0.082,58.698,0.006,0.031999999999999994,0.5359999999999999,0.018,0.072,0.268,0.061,0.017,0.394,0.39,0.11357142857142856,0.1842857142857143,0.09214285714285715,0.15571428571428572,0.0642857142857143,0.09142857142857143,0.07285714285714286,0.08357142857142856,0.8828571428571428,0.03785714285714286,0.12928571428571428,28.791428571428575,0.09214285714285715,0.18785714285714286,49.51857142857143,0.09214285714285715,0.12357142857142857,74.77714285714286,0.002142857142857143,0.03928571428571428,0.47285714285714286,0.018571428571428572,0.09214285714285712,0.21000000000000002,0.08357142857142856,0.01285714285714286,0.3742857142857143
72,71,2010-01-15,9,1,2009-2010,Sesi Franca,Flamengo,1,0.425,0.183,0.17,0.072,0.118,0.029000000000000005,0.089,0.066,0.053000000000000005,2.086,0.061,0.133,43.724000000000004,0.085,0.165,52.714,0.072,0.097,73.08200000000001,0.0,0.029000000000000005,0.636,0.009,0.094,0.10200000000000001,0.053000000000000005,0.006,0.417,0.4175,0.13874999999999998,0.195,0.08375,0.1525,0.043750000000000004,0.10875000000000001,0.0525,0.06875,0.7775,0.046250000000000006,0.1275,36.6425,0.0975,0.17124999999999999,56.45,0.08375,0.11375,76.91499999999999,0.0125,0.057499999999999996,0.9000000000000001,0.01125,0.09625,0.0975,0.06875,0.00875,0.43749999999999994
104,85,2010-01-15,9,1,2009-2010,Pinheiros,Paulistano,1,0.409,0.15899999999999997,0.16599999999999998,0.084,0.14100000000000001,0.038000000000000006,0.10300000000000001,0.05399999999999999,0.069,0.866,0.053000000000000005,0.136,39.448,0.08299999999999999,0.156,52.839999999999996,0.084,0.10699999999999998,78.122,0.011000000000000001,0.038,0.5599999999999999,0.007000000000000001,0.098,0.08399999999999999,0.069,0.013999999999999999,0.40099999999999997,0.334,0.081,0.194,0.059,0.14300000000000002,0.044,0.099,0.063,0.05399999999999999,1.34,0.027000000000000003,0.121,22.084,0.097,0.19,52.093999999999994,0.059,0.098,60.254,0.006,0.041999999999999996,0.9019999999999999,0.014000000000000002,0.10300000000000001,0.138,0.05399999999999999,0.009,0.316
102,85,2010-01-15,9,1,2009-2010,Minas,Saldanha,1,0.45125000000000004,0.1725,0.2075,0.07125000000000001,0.16875,0.0625,0.10625,0.085,0.06625,1.3,0.057499999999999996,0.12375,47.6625,0.10375,0.20249999999999999,51.255,0.07125000000000001,0.1,71.515,0.0025,0.026250000000000002,0.4325,0.01,0.09125000000000001,0.1025,0.06625,0.01375,0.48125000000000007,0.3541666666666667,0.1025,0.19499999999999998,0.05666666666666667,0.13333333333333333,0.03916666666666667,0.09416666666666668,0.04,0.05833333333333335,0.73,0.03416666666666667,0.10333333333333333,32.98499999999999,0.09749999999999999,0.19166666666666665,52.099999999999994,0.05666666666666667,0.10083333333333332,54.335,0.006666666666666667,0.043333333333333335,0.7999999999999999,0.0075,0.09166666666666666,0.085,0.05833333333333335,0.017499999999999998,0.3125
80,56,2010-01-15,9,1,2009-2010,Araraquara,Coop/São José Basketball,1,0.371,0.10800000000000001,0.21200000000000002,0.051000000000000004,0.148,0.043000000000000003,0.10499999999999998,0.07,0.073,1.01,0.036,0.124,28.669999999999998,0.10600000000000001,0.195,54.763999999999996,0.051000000000000004,0.06799999999999999,74.152,0.007000000000000001,0.033,0.48,0.017,0.094,0.18600000000000003,0.073,0.006,0.372,0.365,0.11250000000000002,0.1925,0.06,0.14250000000000002,0.043750000000000004,0.09875,0.08625000000000001,0.065,1.3875,0.0375,0.1275,28.32,0.09625,0.15375,62.792500000000004,0.06,0.09000000000000001,67.61500000000001,0.005,0.0425,0.655,0.00375,0.08625000000000001,0.04,0.065,0.00375,0.3975
88,75,2010-01-15,9,1,2009-2010,Brasília,Espírito Santo,1,0.46833333333333327,0.11499999999999999,0.26333333333333336,0.09000000000000001,0.16583333333333336,0.05000000000000001,0.11583333333333333,0.09666666666666668,0.065,1.615,0.03833333333333334,0.1175,33.38833333333333,0.13166666666666668,0.21,63.184999999999995,0.09000000000000001,0.11583333333333334,76.48833333333333,0.014166666666666668,0.041666666666666664,0.69,0.012500000000000002,0.08166666666666667,0.16833333333333336,0.065,0.01583333333333333,0.5366666666666666,0.3458333333333334,0.09749999999999999,0.17999999999999997,0.06833333333333333,0.19000000000000003,0.06333333333333334,0.12666666666666668,0.05416666666666667,0.08,0.7233333333333333,0.0325,0.11083333333333334,27.194999999999997,0.08999999999999998,0.19583333333333333,46.685,0.06833333333333333,0.11166666666666668,62.52333333333334,0.014166666666666666,0.04416666666666667,0.6266666666666667,0.015,0.10749999999999998,0.14,0.08,0.020833333333333332,0.3416666666666666
96,85,2010-01-17,10,1,2009-2010,Brasília,Saldanha,1,0.46428571428571425,0.12,0.2571428571428572,0.08714285714285716,0.16214285714285717,0.04928571428571429,0.11285714285714285,0.09357142857142857,0.06642857142857143,1.5271428571428571,0.04,0.11428571428571428,36.137142857142855,0.1285714285714286,0.21214285714285716,61.14285714285713,0.08714285714285716,0.11357142857142857,75.56142857142858,0.013571428571428571,0.04285714285714286,0.687142857142857,0.012857142857142859,0.08285714285714285,0.1685714285714286,0.06642857142857143,0.014999999999999998,0.525,0.36428571428571427,0.10071428571428571,0.2057142857142857,0.057857142857142864,0.13214285714285715,0.037142857142857144,0.095,0.04214285714285715,0.05785714285714287,0.7685714285714286,0.03357142857142857,0.10357142857142856,32.35428571428571,0.10285714285714286,0.19642857142857142,53.22857142857142,0.057857142857142864,0.10071428571428569,55.85857142857143,0.005714285714285714,0.047142857142857146,0.8671428571428572,0.0064285714285714285,0.08714285714285712,0.07285714285714286,0.05785714285714287,0.015,0.32785714285714285
72,74,2010-01-17,10,1,2009-2010,Araraquara,Flamengo,0,0.3758333333333333,0.11750000000000001,0.21,0.04833333333333334,0.1475,0.045000000000000005,0.10249999999999998,0.07500000000000001,0.0725,1.0799999999999998,0.03916666666666666,0.1275,30.213333333333335,0.105,0.1925,54.89666666666667,0.04833333333333334,0.0625,78.46,0.008333333333333333,0.03666666666666667,0.5316666666666666,0.015833333333333335,0.09583333333333333,0.17166666666666672,0.0725,0.01,0.38833333333333336,0.40499999999999997,0.12899999999999998,0.194,0.082,0.15899999999999997,0.043000000000000003,0.11600000000000002,0.052000000000000005,0.06200000000000001,0.908,0.043000000000000003,0.127,34.114,0.097,0.176,54.903999999999996,0.082,0.11200000000000002,75.818,0.011,0.05499999999999999,0.9780000000000001,0.012,0.101,0.10400000000000001,0.06200000000000001,0.009000000000000001,0.42799999999999994
105,80,2010-01-17,10,1,2009-2010,Minas,Espírito Santo,1,0.4630000000000001,0.16499999999999998,0.23199999999999998,0.066,0.17400000000000002,0.063,0.11099999999999999,0.092,0.074,1.268,0.05499999999999999,0.121,46.312,0.11599999999999999,0.21399999999999997,53.696000000000005,0.066,0.091,73.576,0.002,0.028000000000000004,0.41200000000000003,0.011,0.08600000000000001,0.128,0.074,0.012,0.5050000000000001,0.35000000000000003,0.10285714285714286,0.17857142857142855,0.06857142857142857,0.18142857142857144,0.05857142857142857,0.12285714285714286,0.05285714285714286,0.07785714285714286,0.7185714285714285,0.03428571428571429,0.11214285714285714,28.667142857142856,0.08928571428571427,0.195,46.40714285714286,0.06857142857142857,0.11214285714285714,62.28714285714286,0.012857142857142857,0.04428571428571428,0.6357142857142858,0.015714285714285715,0.10785714285714285,0.1457142857142857,0.07785714285714286,0.019285714285714288,0.3392857142857143
88,93,2010-01-17,10,1,2009-2010,Assis,Londrina,0,0.369,0.10200000000000001,0.198,0.069,0.15899999999999997,0.053000000000000005,0.10600000000000001,0.045,0.066,0.786,0.034,0.11299999999999999,28.57,0.099,0.192,51.827999999999996,0.069,0.10300000000000001,67.024,0.011,0.019,0.298,0.014000000000000002,0.093,0.148,0.066,0.014000000000000002,0.33399999999999996,0.3875,0.11062499999999999,0.19125,0.085625,0.15812500000000002,0.06375,0.094375,0.069375,0.08124999999999999,0.8587499999999999,0.036875000000000005,0.128125,28.317500000000003,0.095625,0.190625,50.47125,0.085625,0.11624999999999999,73.1225,0.001875,0.034999999999999996,0.42375,0.01875,0.09187499999999998,0.21125000000000002,0.08124999999999999,0.013125000000000003,0.370625
79,76,2010-01-18,10,1,2009-2010,Bauru Basket,Joinville,1,0.37749999999999995,0.1225,0.20166666666666666,0.05333333333333332,0.15416666666666667,0.047499999999999994,0.10666666666666667,0.07250000000000001,0.05416666666666667,1.72,0.04083333333333334,0.1125,36.425,0.10083333333333333,0.19000000000000003,53.673333333333325,0.05333333333333332,0.08833333333333333,62.11000000000001,0.006666666666666667,0.03333333333333333,0.7799999999999999,0.015833333333333335,0.0725,0.23500000000000001,0.05416666666666667,0.016666666666666666,0.4033333333333333,0.409,0.141,0.194,0.074,0.16799999999999998,0.07,0.098,0.065,0.05600000000000001,1.234,0.047,0.138,34.775999999999996,0.097,0.194,50.436,0.074,0.099,75.436,0.008,0.041999999999999996,0.7899999999999999,0.009999999999999998,0.096,0.11800000000000002,0.05600000000000001,0.012,0.425
91,85,2010-01-19,3,1,2009-2010,Minas,Araraquara,1,0.4733333333333334,0.16,0.2333333333333333,0.08,0.17166666666666666,0.05833333333333333,0.11333333333333333,0.09583333333333334,0.075,1.2966666666666666,0.05333333333333332,0.11916666666666666,45.41166666666667,0.11666666666666665,0.20999999999999996,55.27333333333333,0.08,0.1025,76.93833333333333,0.0033333333333333335,0.03416666666666667,0.47833333333333333,0.012499999999999999,0.08916666666666667,0.13833333333333334,0.075,0.01,0.5308333333333334,0.37357142857142855,0.12000000000000001,0.20428571428571426,0.04928571428571429,0.14857142857142858,0.04785714285714286,0.10071428571428569,0.07571428571428572,0.06928571428571428,1.1542857142857144,0.039999999999999994,0.13071428571428573,30.18285714285714,0.10214285714285713,0.19357142857142856,53.12571428571429,0.04928571428571429,0.06285714285714286,79.34,0.009285714285714286,0.03928571428571429,0.6128571428571429,0.016428571428571428,0.09285714285714285,0.18571428571428575,0.06928571428571428,0.008571428571428572,0.3885714285714286
92,90,2010-01-20,9,1,2009-2010,Assis,Joinville,1,0.38083333333333336,0.1125,0.19499999999999998,0.07333333333333335,0.16,0.05000000000000001,0.11,0.04833333333333334,0.07,0.775,0.0375,0.11666666666666665,30.598333333333333,0.09749999999999999,0.18499999999999997,53.19,0.07333333333333335,0.1075,68.03333333333333,0.012499999999999999,0.023333333333333334,0.33166666666666667,0.014166666666666668,0.09666666666666668,0.145,0.07,0.015000000000000001,0.3558333333333333,0.4041666666666666,0.13749999999999998,0.19833333333333333,0.06833333333333333,0.16916666666666666,0.06583333333333334,0.10333333333333333,0.06583333333333334,0.05083333333333334,1.4949999999999999,0.04583333333333334,0.13583333333333333,34.31333333333333,0.09916666666666667,0.1975,50.55666666666667,0.06833333333333333,0.09083333333333334,76.19666666666667,0.006666666666666667,0.04,0.8583333333333333,0.011666666666666665,0.09416666666666666,0.13833333333333334,0.05083333333333334,0.010833333333333334,0.4291666666666667
93,84,2010-01-22,11,1,2009-2010,Pinheiros,Araraquara,1,0.4275,0.1525,0.18833333333333332,0.08666666666666667,0.15333333333333335,0.041666666666666664,0.11166666666666668,0.06083333333333333,0.07333333333333335,0.8883333333333333,0.050833333333333335,0.12916666666666668,39.89166666666667,0.09416666666666666,0.17166666666666666,54.03333333333333,0.08666666666666667,0.1175,74.905,0.012500000000000002,0.03916666666666666,0.5449999999999999,0.006666666666666667,0.09500000000000001,0.08,0.07333333333333335,0.01333333333333333,0.4275,0.37999999999999995,0.12562500000000001,0.20375,0.050625,0.148125,0.044375000000000005,0.10374999999999998,0.07875,0.071875,1.14875,0.041874999999999996,0.13625,30.33875,0.101875,0.19,54.06125,0.050625,0.064375,79.4225,0.008125,0.03875000000000001,0.585,0.01625,0.09624999999999999,0.17875000000000002,0.071875,0.01125,0.39375000000000004
76,60,2010-01-22,11,1,2009-2010,Espírito Santo,Saldanha,1,0.35625,0.10875,0.17999999999999997,0.0675,0.1775,0.058750000000000004,0.11875,0.05375,0.08,0.7074999999999999,0.03625,0.111875,30.765,0.08999999999999998,0.195625,46.54375,0.0675,0.1125,61.02250000000001,0.01125,0.045625,0.62875,0.015,0.10749999999999998,0.14,0.08,0.018125000000000002,0.341875,0.37187499999999996,0.105,0.21,0.056875,0.134375,0.0375,0.096875,0.044375000000000005,0.05937500000000001,0.78,0.035,0.106875,32.637499999999996,0.105,0.204375,52.34374999999999,0.056875,0.09812499999999998,56.68875,0.005625,0.050625,0.8925000000000001,0.0062499999999999995,0.08874999999999998,0.07,0.05937500000000001,0.015,0.335625
78,87,2010-01-22,11,1,2009-2010,Londrina,Minas,0,0.3961111111111111,0.11833333333333333,0.18888888888888888,0.08888888888888889,0.1538888888888889,0.05888888888888889,0.095,0.06611111111111112,0.07888888888888888,0.8377777777777777,0.03944444444444445,0.12944444444444445,29.933333333333337,0.09444444444444444,0.1861111111111111,51.16,0.08888888888888889,0.1211111111111111,72.98444444444445,0.0022222222222222222,0.03555555555555555,0.4511111111111112,0.016666666666666666,0.09555555555555555,0.1877777777777778,0.07888888888888888,0.012222222222222225,0.37555555555555553,0.47071428571428575,0.15214285714285714,0.2357142857142857,0.08285714285714285,0.17285714285714285,0.056428571428571425,0.11642857142857142,0.09642857142857143,0.075,1.3014285714285714,0.05071428571428571,0.12,42.924285714285716,0.11785714285714285,0.21357142857142852,54.97571428571428,0.08285714285714285,0.10428571428571429,78.37,0.002857142857142857,0.035,0.48571428571428577,0.011428571428571429,0.08928571428571429,0.12714285714285717,0.075,0.010714285714285714,0.5250000000000001
107,90,2010-01-22,11,1,2009-2010,Flamengo,Bauru Basket,1,0.39916666666666667,0.12999999999999998,0.19333333333333333,0.07583333333333334,0.16,0.041666666666666664,0.11833333333333335,0.05333333333333334,0.06583333333333334,0.875,0.043333333333333335,0.1225,35.928333333333335,0.09666666666666666,0.18166666666666664,53.29333333333333,0.07583333333333334,0.10250000000000002,76.81833333333333,0.009166666666666667,0.05416666666666666,0.9133333333333334,0.015833333333333335,0.09666666666666666,0.165,0.06583333333333334,0.01,0.4258333333333333,0.37999999999999995,0.1285714285714286,0.19857142857142857,0.052857142857142846,0.15785714285714286,0.04714285714285714,0.11071428571428572,0.06714285714285716,0.05071428571428571,1.6414285714285715,0.042857142857142864,0.11,39.49142857142857,0.09928571428571428,0.19642857142857142,51.47714285714285,0.052857142857142846,0.08571428571428573,63.441428571428574,0.005714285714285714,0.031428571428571424,0.7642857142857142,0.015714285714285715,0.07142857142857142,0.2342857142857143,0.05071428571428571,0.015000000000000001,0.4042857142857143
98,95,2010-01-24,12,1,2009-2010,Pinheiros,Sesi Franca,1,0.43285714285714283,0.15642857142857142,0.1857142857142857,0.09071428571428572,0.15214285714285714,0.038571428571428576,0.11357142857142857,0.06357142857142857,0.07285714285714286,0.9242857142857143,0.052142857142857144,0.12428571428571429,43.215714285714284,0.09285714285714285,0.17214285714285715,53.25285714285714,0.09071428571428572,0.11928571428571429,76.84142857142857,0.012857142857142859,0.03571428571428571,0.49714285714285705,0.01,0.08857142857142859,0.1542857142857143,0.07285714285714286,0.012857142857142855,0.4414285714285714,0.4141666666666666,0.17,0.17166666666666666,0.0725,0.12833333333333333,0.03166666666666667,0.09666666666666668,0.06333333333333334,0.05416666666666667,1.8766666666666667,0.056666666666666664,0.13083333333333333,41.29833333333334,0.08583333333333333,0.17,51.62,0.0725,0.09999999999999999,71.77166666666666,0.0,0.0275,0.5850000000000001,0.008333333333333333,0.09583333333333334,0.09333333333333334,0.05416666666666667,0.006666666666666667,0.40166666666666667
104,74,2010-01-24,12,1,2009-2010,Flamengo,Assis,1,0.4185714285714286,0.13499999999999998,0.20428571428571426,0.07928571428571429,0.15785714285714286,0.041428571428571426,0.11642857142857144,0.05714285714285715,0.06714285714285716,0.9028571428571429,0.045,0.11785714285714285,39.52571428571429,0.10214285714285713,0.18428571428571425,55.32285714285714,0.07928571428571429,0.10571428571428573,77.27285714285713,0.007857142857142858,0.05142857142857143,0.85,0.015714285714285715,0.09999999999999999,0.16,0.06714285714285716,0.009285714285714286,0.45214285714285707,0.3921428571428572,0.12000000000000001,0.19142857142857142,0.08071428571428572,0.16071428571428573,0.04642857142857144,0.1142857142857143,0.04928571428571429,0.06571428571428571,0.8614285714285714,0.04,0.12357142857142857,30.98857142857143,0.09571428571428571,0.17857142857142858,54.26428571428571,0.08071428571428572,0.11642857142857144,68.81857142857143,0.011428571428571429,0.021428571428571432,0.32,0.013571428571428571,0.09857142857142857,0.13714285714285715,0.06571428571428571,0.015714285714285715,0.3692857142857143
67,84,2010-01-24,12,1,2009-2010,Joinville,Minas,0,0.4107142857142857,0.13499999999999998,0.20142857142857143,0.07428571428571429,0.16857142857142857,0.06142857142857144,0.10714285714285714,0.06785714285714287,0.05071428571428572,1.5099999999999998,0.045,0.1335714285714286,34.17285714285714,0.10071428571428571,0.1985714285714286,51.0,0.07428571428571429,0.09785714285714286,76.53571428571429,0.007857142857142858,0.037142857142857144,0.7928571428571428,0.012142857142857141,0.09928571428571428,0.13571428571428573,0.05071428571428572,0.012857142857142857,0.4357142857142858,0.46625000000000005,0.14625,0.2375,0.08249999999999999,0.17875,0.057499999999999996,0.12125,0.096875,0.075,1.305,0.04875,0.11562499999999999,42.706250000000004,0.11875,0.21624999999999994,54.7525,0.08249999999999999,0.104375,78.0975,0.00375,0.0325,0.45000000000000007,0.01,0.09375,0.11125000000000002,0.075,0.010624999999999999,0.5231250000000001
65,63,2010-01-26,8,1,2009-2010,Joinville,Sesi Franca,1,0.40125,0.13125,0.19499999999999998,0.075,0.165625,0.058750000000000004,0.106875,0.064375,0.05562500000000001,1.3762499999999998,0.04375,0.1275,35.04875,0.09749999999999999,0.19625,49.83375,0.075,0.10250000000000001,74.37625,0.0075,0.036250000000000004,0.735,0.011874999999999998,0.0925,0.14625000000000002,0.05562500000000001,0.013125,0.41375000000000006,0.4228571428571429,0.16714285714285712,0.17857142857142858,0.07714285714285715,0.13142857142857142,0.034999999999999996,0.09642857142857143,0.06571428571428571,0.05714285714285715,1.7614285714285713,0.05571428571428571,0.13142857142857142,40.690000000000005,0.08928571428571429,0.1757142857142857,51.72857142857142,0.07714285714285715,0.10357142857142856,73.51857142857143,0.0,0.028571428571428574,0.5685714285714286,0.008571428571428572,0.1,0.09142857142857143,0.05714285714285715,0.008571428571428572,0.4114285714285714
94,83,2010-01-29,13,1,2009-2010,Sesi Franca,Araraquara,1,0.409375,0.1575,0.1775,0.07437500000000001,0.1325,0.035625,0.096875,0.06125,0.055625,1.625,0.05249999999999999,0.130625,38.603750000000005,0.08875,0.17625,51.16499999999999,0.07437500000000001,0.1025,71.565,0.0,0.030625,0.6225,0.008125,0.10187500000000001,0.085,0.055625,0.0075,0.39249999999999996,0.38444444444444437,0.1366666666666667,0.19888888888888887,0.0488888888888889,0.14555555555555555,0.04222222222222223,0.10333333333333332,0.07777777777777778,0.06944444444444445,1.1766666666666667,0.04555555555555555,0.13722222222222225,32.714444444444446,0.09944444444444443,0.18944444444444444,52.85888888888889,0.0488888888888889,0.06277777777777778,78.37555555555555,0.007777777777777778,0.03944444444444445,0.62,0.016111111111111114,0.09833333333333333,0.17333333333333334,0.06944444444444445,0.011666666666666665,0.3983333333333334
77,68,2010-01-29,13,1,2009-2010,Espírito Santo,Londrina,1,0.35888888888888887,0.10833333333333334,0.18222222222222217,0.06833333333333333,0.18333333333333332,0.061666666666666675,0.12166666666666666,0.05555555555555555,0.08222222222222222,0.7066666666666666,0.03611111111111111,0.1111111111111111,31.049999999999997,0.09111111111111109,0.19499999999999998,47.22,0.06833333333333333,0.11611111111111111,59.9888888888889,0.011666666666666665,0.045,0.6033333333333334,0.016666666666666666,0.10777777777777776,0.15444444444444447,0.08222222222222222,0.019444444444444445,0.3505555555555555,0.3955,0.11850000000000001,0.187,0.09,0.15300000000000002,0.05750000000000001,0.0955,0.0675,0.076,0.9139999999999999,0.0395,0.1295,30.017000000000003,0.0935,0.186,50.638999999999996,0.09,0.12499999999999997,71.936,0.003,0.0355,0.4760000000000001,0.0155,0.09599999999999999,0.17400000000000002,0.076,0.012000000000000002,0.3735
63,82,2010-01-29,13,1,2009-2010,Saldanha,Joinville,0,0.3638888888888888,0.10333333333333333,0.20444444444444443,0.05611111111111111,0.13722222222222222,0.03944444444444444,0.09777777777777778,0.042777777777777776,0.061111111111111116,0.7377777777777779,0.03444444444444445,0.10555555555555556,32.519999999999996,0.10222222222222221,0.20666666666666667,50.47888888888888,0.05611111111111111,0.10333333333333332,54.221111111111114,0.006111111111111111,0.053888888888888896,0.9122222222222223,0.006666666666666666,0.09277777777777776,0.07111111111111111,0.061111111111111116,0.015000000000000001,0.3205555555555556,0.40222222222222226,0.13166666666666668,0.1933333333333333,0.07722222222222222,0.16861111111111113,0.05972222222222223,0.10888888888888888,0.06222222222222223,0.05527777777777779,1.3188888888888886,0.04388888888888889,0.12916666666666668,34.66333333333333,0.09666666666666665,0.19527777777777777,49.63,0.07722222222222222,0.10722222222222223,73.39222222222222,0.007500000000000001,0.03527777777777778,0.7111111111111111,0.011388888888888886,0.09361111111111112,0.1377777777777778,0.05527777777777779,0.012222222222222223,0.41055555555555556
85,64,2010-01-29,13,1,2009-2010,Brasília,Coop/São José Basketball,1,0.46624999999999994,0.12,0.25625,0.09000000000000001,0.16250000000000003,0.0475,0.11499999999999999,0.09625,0.068125,1.5162499999999999,0.04,0.11624999999999999,35.466249999999995,0.128125,0.210625,61.31249999999999,0.09000000000000001,0.11625,76.30125000000001,0.0125,0.043125,0.6712499999999999,0.015000000000000001,0.08374999999999999,0.18875000000000003,0.068125,0.013749999999999998,0.53,0.348,0.11100000000000002,0.178,0.059,0.14600000000000002,0.047,0.099,0.08,0.073,1.214,0.037,0.125,28.742,0.089,0.153,58.234,0.059,0.09100000000000001,65.67,0.006,0.04,0.5820000000000001,0.004,0.082,0.048,0.073,0.008,0.36100000000000004
106,73,2010-01-29,13,1,2009-2010,Bauru Basket,Paulistano,1,0.38875,0.133125,0.19374999999999998,0.06187499999999999,0.1525,0.04687499999999999,0.105625,0.06625,0.050624999999999996,1.58625,0.044375000000000005,0.11125,40.28375,0.09687499999999999,0.195625,50.30625,0.06187499999999999,0.0975,64.19125,0.005625,0.031875,0.75625,0.01375,0.074375,0.20500000000000002,0.050624999999999996,0.013125000000000001,0.40125,0.3491666666666667,0.085,0.20666666666666667,0.057499999999999996,0.1441666666666667,0.045000000000000005,0.09916666666666668,0.06416666666666666,0.056666666666666664,1.2833333333333334,0.028333333333333335,0.12083333333333333,23.265,0.10333333333333333,0.20083333333333334,52.23499999999999,0.057499999999999996,0.09499999999999999,60.62833333333333,0.005833333333333333,0.04416666666666667,0.8833333333333333,0.013333333333333334,0.1075,0.12833333333333333,0.056666666666666664,0.010833333333333334,0.33083333333333337
94,92,2010-01-29,13,1,2009-2010,Assis,Pinheiros,1,0.389375,0.12375000000000001,0.18624999999999997,0.079375,0.163125,0.04937500000000001,0.11375,0.04875,0.0675,0.82375,0.04125,0.126875,31.28125,0.09312499999999999,0.17875,52.69,0.079375,0.115625,68.17125,0.010625,0.02125,0.31125,0.011875,0.095,0.12,0.0675,0.016875,0.359375,0.43999999999999995,0.15562499999999999,0.19124999999999998,0.093125,0.1525,0.04125,0.11125,0.0675,0.07125000000000001,1.00625,0.051875,0.123125,43.24875,0.09562499999999999,0.176875,53.44125,0.093125,0.121875,77.0575,0.0125,0.035625000000000004,0.5075,0.0125,0.09125000000000001,0.16875,0.07125000000000001,0.012499999999999997,0.455625
94,101,2010-01-29,13,1,2009-2010,Minas,Flamengo,0,0.46111111111111114,0.145,0.24000000000000002,0.0761111111111111,0.175,0.05333333333333333,0.12166666666666666,0.09722222222222222,0.07277777777777777,1.3622222222222222,0.04833333333333333,0.11166666666666665,44.211111111111116,0.12000000000000001,0.21833333333333327,54.815555555555555,0.0761111111111111,0.09722222222222222,76.36444444444444,0.0038888888888888883,0.035,0.5111111111111112,0.010555555555555556,0.09444444444444444,0.11555555555555556,0.07277777777777777,0.011666666666666665,0.5233333333333334,0.43125,0.14625,0.21125,0.07375000000000001,0.159375,0.039999999999999994,0.11937500000000001,0.065625,0.06312500000000001,1.23625,0.04875,0.120625,41.28125,0.105625,0.188125,55.96625,0.07375000000000001,0.09937500000000002,75.56875,0.0075,0.05125,0.9225,0.015625,0.09812499999999999,0.1625,0.06312500000000001,0.00875,0.48
105,70,2010-02-02,8,1,2009-2010,Flamengo,Paulistano,1,0.43944444444444447,0.14833333333333332,0.2122222222222222,0.0788888888888889,0.1611111111111111,0.041111111111111105,0.12000000000000001,0.06666666666666667,0.06222222222222224,1.25,0.049444444444444444,0.12555555555555553,40.397777777777776,0.1061111111111111,0.18833333333333332,56.18,0.0788888888888889,0.10722222222222225,75.01555555555555,0.007777777777777777,0.05222222222222222,0.9411111111111112,0.015555555555555557,0.09555555555555555,0.16666666666666666,0.06222222222222224,0.008333333333333335,0.4861111111111111,0.3514285714285714,0.08142857142857143,0.21428571428571427,0.05571428571428571,0.14071428571428574,0.04357142857142858,0.09714285714285716,0.060714285714285714,0.05714285714285714,1.195714285714286,0.027142857142857142,0.11428571428571428,23.75142857142857,0.10714285714285714,0.20500000000000002,52.84714285714285,0.05571428571428571,0.08999999999999998,62.68142857142857,0.0064285714285714285,0.03928571428571429,0.7814285714285714,0.012142857142857144,0.10142857142857142,0.12142857142857143,0.05714285714285714,0.012142857142857144,0.32785714285714285
79,100,2010-02-05,1,2,2009-2010,Espírito Santo,Flamengo,0,0.36150000000000004,0.10800000000000001,0.18399999999999997,0.06949999999999999,0.1805,0.05900000000000001,0.12149999999999998,0.057499999999999996,0.079,0.7859999999999999,0.036,0.10800000000000001,32.32,0.09199999999999998,0.197,47.149,0.06949999999999999,0.11599999999999999,60.947,0.0115,0.044,0.6130000000000001,0.0155,0.10699999999999998,0.14400000000000002,0.079,0.0195,0.3565,0.44800000000000006,0.1515,0.21600000000000003,0.0805,0.1645,0.042499999999999996,0.12200000000000003,0.06599999999999999,0.05950000000000002,1.296,0.0505,0.12449999999999999,41.575,0.10800000000000001,0.194,55.664,0.0805,0.11050000000000001,74.3,0.009999999999999998,0.052000000000000005,0.99,0.016,0.09549999999999999,0.17099999999999999,0.05950000000000002,0.0075000000000000015,0.497
91,84,2010-02-05,1,2,2009-2010,Minas,Paulistano,1,0.462,0.1485,0.24100000000000002,0.0725,0.175,0.053500000000000006,0.12149999999999998,0.1,0.074,1.373,0.0495,0.1145,44.07600000000001,0.12050000000000001,0.21849999999999997,55.016,0.0725,0.095,74.061,0.0034999999999999996,0.0355,0.507,0.010499999999999999,0.098,0.11200000000000002,0.074,0.011,0.5235000000000001,0.35125,0.08625000000000001,0.20875,0.056249999999999994,0.140625,0.043750000000000004,0.096875,0.059375,0.056874999999999995,1.1600000000000001,0.02875,0.11687499999999999,24.48625,0.104375,0.19875,53.09625,0.056249999999999994,0.09312499999999999,61.3675,0.005625,0.036250000000000004,0.7175,0.0125,0.10062499999999999,0.12625,0.056874999999999995,0.011250000000000001,0.32375
65,72,2010-02-05,1,2,2009-2010,Assis,Sesi Franca,0,0.3983333333333333,0.125,0.1933333333333333,0.08,0.16444444444444445,0.05166666666666667,0.1127777777777778,0.05388888888888889,0.06333333333333334,1.0844444444444443,0.041666666666666664,0.13,31.03111111111111,0.09666666666666665,0.18166666666666667,53.611111111111114,0.08,0.11444444444444445,69.59111111111112,0.011111111111111112,0.02277777777777778,0.4066666666666667,0.012777777777777779,0.09166666666666666,0.1411111111111111,0.06333333333333334,0.015555555555555557,0.3811111111111111,0.4161111111111111,0.15333333333333332,0.18555555555555556,0.07722222222222223,0.13333333333333336,0.03666666666666666,0.09666666666666666,0.065,0.05666666666666667,1.6066666666666667,0.0511111111111111,0.12722222222222224,38.75888888888889,0.09277777777777778,0.17888888888888888,52.42444444444444,0.07722222222222223,0.105,72.50222222222222,0.0,0.032777777777777774,0.6388888888888888,0.009444444444444445,0.10277777777777779,0.09555555555555556,0.05666666666666667,0.008888888888888889,0.4099999999999999
63,59,2010-02-05,1,2,2009-2010,Bauru Basket,Araraquara,1,0.4044444444444444,0.1383333333333333,0.20444444444444443,0.06166666666666666,0.15944444444444444,0.048888888888888885,0.11055555555555556,0.07,0.049999999999999996,1.6566666666666667,0.04611111111111112,0.10944444444444444,42.82555555555555,0.10222222222222221,0.19666666666666666,52.57555555555555,0.06166666666666666,0.09722222222222222,64.07666666666665,0.008333333333333333,0.032777777777777774,0.7711111111111111,0.013333333333333332,0.07166666666666667,0.20444444444444446,0.049999999999999996,0.011666666666666667,0.43666666666666665,0.38749999999999996,0.14250000000000002,0.19499999999999998,0.05,0.14200000000000002,0.04050000000000001,0.10149999999999999,0.08049999999999999,0.06899999999999999,1.221,0.0475,0.1365,34.443,0.09749999999999999,0.1865,52.573,0.05,0.065,77.59700000000001,0.009000000000000001,0.0395,0.62,0.016000000000000004,0.09999999999999999,0.16899999999999998,0.06899999999999999,0.011,0.4035
79,83,2010-02-05,1,2,2009-2010,Londrina,Joinville,0,0.39045454545454544,0.11590909090909092,0.18545454545454546,0.0890909090909091,0.1540909090909091,0.05727272727272728,0.09681818181818182,0.0640909090909091,0.07681818181818181,0.8627272727272726,0.03863636363636364,0.13045454545454546,29.236363636363638,0.09272727272727273,0.1827272727272727,51.18727272727272,0.0890909090909091,0.12318181818181816,72.32272727272726,0.0031818181818181815,0.03409090909090909,0.45454545454545464,0.014545454545454545,0.09681818181818182,0.16272727272727275,0.07681818181818181,0.012727272727272728,0.3645454545454545,0.403,0.1335,0.18899999999999997,0.08049999999999999,0.16725,0.05725000000000001,0.11000000000000001,0.06050000000000001,0.05675000000000001,1.251,0.0445,0.12725000000000003,35.742,0.09449999999999999,0.19025,49.839,0.08049999999999999,0.11100000000000002,73.639,0.00825,0.035250000000000004,0.6900000000000001,0.01075,0.09225,0.13000000000000003,0.05675000000000001,0.014000000000000002,0.41100000000000003
105,77,2010-02-05,1,2,2009-2010,Brasília,Pinheiros,1,0.4616666666666666,0.11666666666666667,0.2544444444444445,0.09055555555555556,0.16722222222222227,0.05,0.11722222222222221,0.09388888888888888,0.06777777777777778,1.4755555555555555,0.03888888888888889,0.11722222222222221,34.19222222222222,0.12722222222222224,0.20722222222222222,61.907777777777774,0.09055555555555556,0.11722222222222224,76.26777777777778,0.011111111111111112,0.04111111111111111,0.6388888888888888,0.015555555555555557,0.08222222222222222,0.20000000000000004,0.06777777777777778,0.01333333333333333,0.5266666666666667,0.4422222222222222,0.16166666666666665,0.19222222222222218,0.08833333333333333,0.1527777777777778,0.041666666666666664,0.1111111111111111,0.06944444444444445,0.07,1.0522222222222224,0.05388888888888889,0.12222222222222223,45.20666666666667,0.09611111111111109,0.18000000000000002,52.923333333333325,0.08833333333333333,0.11666666666666667,75.90333333333334,0.013333333333333334,0.03277777777777778,0.47,0.011111111111111112,0.09222222222222223,0.15000000000000002,0.07,0.01222222222222222,0.4577777777777778
60,90,2010-02-05,1,2,2009-2010,Saldanha,Coop/São José Basketball,0,0.35899999999999993,0.099,0.20600000000000002,0.054000000000000006,0.13799999999999998,0.039,0.099,0.039,0.05800000000000001,0.681,0.03300000000000001,0.10699999999999998,30.934999999999995,0.10300000000000001,0.2045,51.376999999999995,0.054000000000000006,0.10149999999999999,52.916999999999994,0.007000000000000001,0.051500000000000004,0.921,0.006500000000000001,0.09549999999999999,0.068,0.05800000000000001,0.0155,0.31300000000000006,0.3433333333333333,0.1125,0.17500000000000002,0.055833333333333325,0.1441666666666667,0.04833333333333334,0.09583333333333333,0.08,0.07583333333333332,1.16,0.0375,0.1325,27.873333333333335,0.08750000000000001,0.15083333333333335,58.05166666666667,0.055833333333333325,0.08583333333333336,65.83666666666667,0.005833333333333333,0.041666666666666664,0.5783333333333334,0.005,0.08750000000000001,0.05499999999999999,0.07583333333333332,0.008333333333333333,0.35000000000000003
73,61,2010-02-07,2,2,2009-2010,Espírito Santo,Coop/São José Basketball,1,0.3645454545454545,0.105,0.18454545454545454,0.075,0.17954545454545454,0.060454545454545455,0.11909090909090908,0.05545454545454545,0.07909090909090909,0.7545454545454544,0.035,0.10590909090909091,32.055454545454545,0.09227272727272727,0.1981818181818182,46.97545454545455,0.075,0.12318181818181818,61.46727272727273,0.01227272727272727,0.042727272727272725,0.5918181818181819,0.015454545454545453,0.1059090909090909,0.14545454545454548,0.07909090909090909,0.020454545454545454,0.35363636363636364,0.3585714285714286,0.13071428571428573,0.17285714285714285,0.05499999999999999,0.1492857142857143,0.047142857142857146,0.10214285714285713,0.07357142857142858,0.06999999999999999,1.1371428571428572,0.04357142857142857,0.13642857142857143,31.034285714285716,0.08642857142857142,0.14785714285714288,58.550000000000004,0.05499999999999999,0.08857142857142859,63.23428571428572,0.005714285714285713,0.04,0.6185714285714285,0.0064285714285714285,0.08499999999999999,0.07714285714285714,0.06999999999999999,0.007857142857142858,0.37
65,90,2010-02-07,2,2,2009-2010,Saldanha,Flamengo,0,0.3536363636363636,0.09818181818181819,0.20272727272727273,0.052727272727272734,0.13636363636363635,0.03909090909090909,0.09727272727272727,0.03863636363636364,0.05727272727272728,0.6827272727272727,0.03272727272727274,0.10772727272727271,30.49454545454545,0.10136363636363636,0.20136363636363636,51.25181818181818,0.052727272727272734,0.09863636363636363,53.30090909090909,0.006363636363636364,0.05,0.9009090909090909,0.006363636363636364,0.09545454545454544,0.06636363636363637,0.05727272727272728,0.015909090909090907,0.3068181818181819,0.45272727272727276,0.15409090909090908,0.22,0.07863636363636363,0.16318181818181818,0.04136363636363636,0.12181818181818184,0.0659090909090909,0.06090909090909092,1.2572727272727273,0.05136363636363636,0.12318181818181818,42.75454545454546,0.11,0.19454545454545455,56.51272727272727,0.07863636363636363,0.11045454545454549,72.50454545454545,0.010454545454545454,0.05090909090909091,0.9481818181818181,0.015454545454545455,0.09818181818181816,0.16272727272727272,0.06090909090909092,0.008181818181818182,0.4990909090909091
109,80,2010-02-07,2,2,2009-2010,Brasília,Paulistano,1,0.46799999999999997,0.123,0.255,0.09,0.17500000000000004,0.053500000000000006,0.12149999999999998,0.095,0.0675,1.4899999999999998,0.040999999999999995,0.12,34.910999999999994,0.1275,0.21150000000000002,60.916999999999994,0.09,0.11550000000000002,77.141,0.012,0.041499999999999995,0.6439999999999999,0.016,0.08549999999999999,0.197,0.0675,0.012999999999999998,0.5395000000000001,0.35888888888888887,0.09000000000000001,0.21,0.05888888888888888,0.14222222222222222,0.04555555555555556,0.09666666666666666,0.05944444444444444,0.05888888888888888,1.12,0.030000000000000002,0.11944444444444444,24.939999999999998,0.105,0.19722222222222224,53.80333333333333,0.05888888888888888,0.09499999999999999,62.629999999999995,0.005555555555555555,0.03611111111111112,0.69,0.011666666666666667,0.10166666666666666,0.11777777777777779,0.05888888888888888,0.011111111111111112,0.33166666666666667
72,68,2010-02-07,2,2,2009-2010,Assis,Araraquara,1,0.391,0.12,0.19599999999999998,0.075,0.16599999999999998,0.05200000000000001,0.11400000000000002,0.053000000000000005,0.06100000000000001,1.089,0.04,0.128,30.201,0.09799999999999999,0.184,53.616,0.075,0.10800000000000001,68.632,0.0105,0.0205,0.366,0.013000000000000001,0.092,0.143,0.06100000000000001,0.015000000000000003,0.37550000000000006,0.3790909090909091,0.1404545454545455,0.1909090909090909,0.04772727272727273,0.14272727272727273,0.03954545454545455,0.10318181818181817,0.07590909090909091,0.07045454545454545,1.1418181818181818,0.04681818181818182,0.1304545454545455,36.50636363636364,0.09545454545454544,0.18363636363636363,52.192727272727275,0.04772727272727273,0.06227272727272728,77.03636363636365,0.008636363636363638,0.03954545454545454,0.6063636363636363,0.015454545454545459,0.10090909090909089,0.16181818181818183,0.07045454545454545,0.010909090909090908,0.39590909090909093
92,87,2010-02-07,2,2,2009-2010,Minas,Pinheiros,1,0.46136363636363636,0.1431818181818182,0.2427272727272727,0.07545454545454545,0.17363636363636362,0.054090909090909085,0.11954545454545454,0.10227272727272728,0.07272727272727274,1.4372727272727273,0.04772727272727273,0.11227272727272729,43.09909090909091,0.12136363636363635,0.22045454545454543,54.9390909090909,0.07545454545454545,0.09772727272727272,74.96454545454546,0.003636363636363636,0.03636363636363636,0.5290909090909092,0.010909090909090908,0.09681818181818182,0.11818181818181818,0.07272727272727274,0.011363636363636364,0.525909090909091,0.43649999999999994,0.1515,0.19599999999999998,0.089,0.153,0.04,0.11299999999999999,0.0665,0.0695,1.009,0.0505,0.12150000000000001,42.425,0.09799999999999999,0.184,52.85799999999999,0.089,0.11699999999999999,76.22999999999999,0.013000000000000001,0.03250000000000001,0.469,0.012,0.0905,0.162,0.0695,0.012999999999999998,0.446
105,97,2010-02-07,2,2,2009-2010,Bauru Basket,Sesi Franca,1,0.39549999999999996,0.1335,0.202,0.06,0.156,0.048999999999999995,0.10700000000000001,0.068,0.0505,1.582,0.044500000000000005,0.1095,41.269999999999996,0.101,0.1935,52.773,0.06,0.093,65.851,0.008,0.034499999999999996,0.7849999999999999,0.012,0.072,0.184,0.0505,0.012,0.425,0.41050000000000003,0.147,0.187,0.07650000000000001,0.1365,0.03749999999999999,0.099,0.0635,0.05550000000000001,1.557,0.04899999999999999,0.125,37.74,0.0935,0.1795,52.58699999999999,0.07650000000000001,0.1025,74.002,0.0015,0.032,0.631,0.0095,0.1005,0.099,0.05550000000000001,0.0095,0.4084999999999999
91,75,2010-02-09,10,1,2009-2010,Sesi Franca,Coop/São José Basketball,1,0.41727272727272735,0.1431818181818182,0.19363636363636363,0.08045454545454546,0.14045454545454547,0.03954545454545454,0.10090909090909089,0.06090909090909091,0.055454545454545465,1.4736363636363636,0.04772727272727272,0.12090909090909091,38.28636363636364,0.09681818181818182,0.18727272727272729,52.26636363636362,0.08045454545454546,0.10727272727272727,74.31272727272727,0.0013636363636363635,0.030454545454545456,0.5981818181818181,0.009090909090909092,0.10454545454545455,0.09272727272727273,0.055454545454545465,0.01,0.4122727272727272,0.35187500000000005,0.1275,0.16999999999999998,0.05437499999999999,0.155625,0.05,0.105625,0.073125,0.073125,1.0875,0.042499999999999996,0.13187500000000002,31.53,0.08499999999999999,0.149375,57.09125,0.05437499999999999,0.09312500000000001,60.330000000000005,0.006874999999999999,0.037500000000000006,0.5675,0.0075,0.089375,0.08374999999999999,0.073125,0.008125,0.36
68,79,2010-02-10,12,1,2009-2010,Paulistano,Araraquara,0,0.363,0.0915,0.213,0.058499999999999996,0.144,0.0465,0.0975,0.061999999999999986,0.06299999999999999,1.0930000000000002,0.030500000000000006,0.11850000000000001,25.627999999999997,0.1065,0.201,53.528999999999996,0.058499999999999996,0.09499999999999999,62.15599999999999,0.0055,0.037500000000000006,0.671,0.011000000000000001,0.10400000000000001,0.11000000000000001,0.06299999999999999,0.0125,0.3355,0.3758333333333333,0.13875000000000004,0.18833333333333332,0.048749999999999995,0.14291666666666666,0.03833333333333334,0.10458333333333332,0.07291666666666667,0.07125,1.0883333333333334,0.046250000000000006,0.1279166666666667,36.7975,0.09416666666666666,0.18166666666666667,52.01,0.048749999999999995,0.06333333333333334,77.28333333333335,0.008333333333333335,0.0375,0.5716666666666667,0.01416666666666667,0.10458333333333332,0.14833333333333334,0.07125,0.011666666666666665,0.38833333333333336
79,100,2010-02-10,8,1,2009-2010,Coop/São José Basketball,Pinheiros,0,0.3544444444444445,0.12333333333333335,0.17444444444444443,0.05666666666666666,0.15555555555555556,0.050555555555555555,0.105,0.07277777777777777,0.075,1.0533333333333332,0.04111111111111111,0.12944444444444447,31.056666666666665,0.08722222222222221,0.15222222222222223,57.41444444444445,0.05666666666666666,0.09333333333333334,62.39888888888889,0.007222222222222221,0.03777777777777778,0.5533333333333333,0.007222222222222223,0.09333333333333332,0.07888888888888888,0.075,0.008333333333333333,0.36277777777777775,0.4363636363636363,0.14863636363636362,0.19636363636363632,0.09136363636363637,0.15045454545454545,0.04181818181818182,0.10863636363636363,0.07,0.07,1.0445454545454547,0.04954545454545455,0.12181818181818183,41.47727272727273,0.09818181818181816,0.18272727272727274,53.4,0.09136363636363637,0.11772727272727272,77.66363636363636,0.011818181818181818,0.034090909090909095,0.48727272727272725,0.012727272727272728,0.09090909090909091,0.16636363636363638,0.07,0.013636363636363634,0.45045454545454544
74,68,2010-02-12,11,1,2009-2010,Coop/São José Basketball,Assis,1,0.35850000000000004,0.12450000000000001,0.178,0.055999999999999994,0.152,0.05,0.10200000000000001,0.0745,0.07449999999999998,1.077,0.041499999999999995,0.13100000000000003,31.053999999999995,0.089,0.155,57.50600000000001,0.055999999999999994,0.0915,62.826,0.006999999999999999,0.036500000000000005,0.534,0.007000000000000001,0.0925,0.077,0.07449999999999998,0.0075,0.363,0.38818181818181824,0.12136363636363635,0.1909090909090909,0.07590909090909091,0.1668181818181818,0.05136363636363638,0.11545454545454546,0.052272727272727276,0.06000000000000001,1.071818181818182,0.04045454545454546,0.12727272727272726,30.864545454545453,0.09545454545454544,0.18272727272727274,52.48545454545454,0.07590909090909091,0.11045454545454546,68.11636363636364,0.009545454545454546,0.023636363636363636,0.4327272727272727,0.013181818181818183,0.09272727272727273,0.14363636363636362,0.06000000000000001,0.01590909090909091,0.37545454545454554
104,109,2010-02-12,11,1,2009-2010,Paulistano,Sesi Franca,0,0.3609090909090909,0.09,0.21363636363636365,0.057272727272727274,0.1409090909090909,0.04454545454545455,0.09636363636363637,0.06499999999999999,0.06363636363636363,1.1172727272727274,0.030000000000000006,0.11545454545454546,25.971818181818183,0.10681818181818183,0.2,53.92545454545454,0.057272727272727274,0.09409090909090909,61.31818181818182,0.005909090909090908,0.03727272727272728,0.6554545454545454,0.011818181818181818,0.10454545454545455,0.11636363636363636,0.06363636363636363,0.012272727272727274,0.33681818181818185,0.4204166666666667,0.1425,0.19166666666666665,0.08625000000000001,0.13583333333333333,0.0375,0.09833333333333333,0.06166666666666667,0.055000000000000014,1.4675,0.047499999999999994,0.11833333333333335,39.2625,0.09583333333333333,0.18500000000000003,52.33833333333332,0.08625000000000001,0.11333333333333333,75.06416666666667,0.00125,0.03208333333333333,0.6316666666666667,0.009583333333333334,0.10500000000000002,0.09666666666666668,0.055000000000000014,0.009583333333333334,0.4174999999999999
90,74,2010-02-17,12,1,2009-2010,Coop/São José Basketball,Bauru Basket,1,0.3595454545454546,0.12136363636363638,0.1818181818181818,0.05636363636363635,0.15545454545454546,0.05227272727272727,0.10318181818181818,0.07454545454545454,0.07318181818181818,1.0927272727272728,0.04045454545454545,0.1322727272727273,30.11181818181818,0.0909090909090909,0.15727272727272726,57.83363636363637,0.05636363636363635,0.09272727272727273,62.309090909090905,0.006363636363636363,0.03772727272727273,0.560909090909091,0.008181818181818182,0.09227272727272727,0.09,0.07318181818181818,0.006818181818181818,0.36772727272727274,0.40727272727272723,0.13499999999999998,0.20545454545454545,0.06681818181818182,0.16272727272727272,0.05181818181818181,0.1109090909090909,0.06954545454545455,0.04954545454545455,1.6318181818181818,0.045000000000000005,0.1109090909090909,41.15454545454545,0.10272727272727272,0.1968181818181818,52.71818181818182,0.06681818181818182,0.09954545454545455,67.30272727272727,0.007727272727272728,0.03363636363636364,0.770909090909091,0.012272727272727274,0.07681818181818181,0.1781818181818182,0.04954545454545455,0.012272727272727274,0.4431818181818182
87,78,2010-02-26,3,2,2009-2010,Paulistano,Espírito Santo,1,0.3741666666666667,0.09249999999999999,0.21750000000000003,0.06416666666666666,0.14875000000000002,0.04750000000000001,0.10125,0.06416666666666666,0.06583333333333333,1.075,0.030833333333333338,0.11416666666666668,27.140833333333333,0.10875000000000001,0.20583333333333334,53.44416666666666,0.06416666666666666,0.10291666666666666,62.041666666666664,0.005833333333333333,0.037083333333333336,0.6333333333333333,0.011250000000000001,0.10791666666666667,0.10916666666666668,0.06583333333333333,0.011666666666666667,0.35041666666666665,0.3645833333333333,0.10375000000000001,0.18416666666666667,0.07666666666666666,0.17708333333333334,0.058750000000000004,0.11833333333333333,0.05291666666666667,0.07583333333333334,0.7441666666666666,0.034583333333333334,0.1075,31.38416666666667,0.09208333333333334,0.19625,47.346666666666664,0.07666666666666666,0.12416666666666666,62.20916666666667,0.011666666666666665,0.043333333333333335,0.6466666666666667,0.016249999999999997,0.10541666666666666,0.15416666666666667,0.07583333333333334,0.019583333333333335,0.35375
98,89,2010-02-26,3,2,2009-2010,Sesi Franca,Brasília,1,0.43000000000000005,0.1453846153846154,0.19384615384615383,0.09076923076923078,0.14115384615384616,0.03884615384615385,0.1023076923076923,0.06346153846153846,0.05692307692307693,1.4361538461538461,0.04846153846153845,0.12115384615384617,39.22,0.09692307692307692,0.18884615384615386,51.913076923076915,0.09076923076923078,0.11999999999999998,74.86692307692307,0.0011538461538461537,0.036153846153846154,0.6646153846153846,0.009615384615384616,0.1080769230769231,0.09461538461538463,0.05692307692307693,0.010384615384615384,0.42961538461538457,0.475,0.12000000000000001,0.2627272727272727,0.09227272727272728,0.17590909090909096,0.052727272727272734,0.12318181818181818,0.09954545454545455,0.06636363636363637,1.5945454545454545,0.039999999999999994,0.11999999999999998,34.01,0.13136363636363635,0.21409090909090914,61.81818181818182,0.09227272727272728,0.11909090909090912,76.87272727272729,0.011818181818181818,0.042727272727272725,0.6763636363636363,0.015454545454545455,0.08590909090909091,0.1890909090909091,0.06636363636363637,0.011818181818181816,0.5527272727272727
98,85,2010-02-26,3,2,2009-2010,Pinheiros,Saldanha,1,0.4416666666666666,0.15374999999999997,0.19833333333333333,0.08958333333333335,0.14625000000000002,0.042083333333333334,0.10416666666666664,0.07125,0.06958333333333333,1.0666666666666667,0.05125,0.12166666666666666,42.88166666666667,0.09916666666666667,0.18333333333333335,53.774166666666666,0.08958333333333335,0.11541666666666667,77.67333333333333,0.012083333333333335,0.035,0.5041666666666665,0.012916666666666668,0.09041666666666666,0.1675,0.06958333333333333,0.012499999999999997,0.45708333333333334,0.3512499999999999,0.09875,0.20083333333333334,0.05166666666666667,0.13833333333333334,0.04,0.09833333333333334,0.03833333333333334,0.058750000000000004,0.665,0.03291666666666668,0.10916666666666665,30.28666666666666,0.10041666666666667,0.20125,50.73083333333333,0.05166666666666667,0.09708333333333334,53.02583333333333,0.007083333333333334,0.04916666666666667,0.87,0.006666666666666667,0.09458333333333331,0.07083333333333335,0.058750000000000004,0.015,0.30250000000000005
93,80,2010-02-26,3,2,2009-2010,Assis,Bauru Basket,1,0.3841666666666667,0.12374999999999999,0.18916666666666662,0.07125,0.16541666666666666,0.050416666666666686,0.115,0.05208333333333334,0.061250000000000006,1.0383333333333333,0.04125,0.12625,31.915833333333335,0.09458333333333331,0.18250000000000002,52.04666666666666,0.07125,0.10416666666666667,67.20166666666667,0.00875,0.02416666666666667,0.43,0.012916666666666668,0.09291666666666666,0.14083333333333334,0.061250000000000006,0.014583333333333335,0.37166666666666676,0.4041666666666666,0.13249999999999998,0.20333333333333334,0.06833333333333333,0.15541666666666668,0.049166666666666664,0.10625,0.06791666666666667,0.05083333333333334,1.5599999999999998,0.04416666666666667,0.10791666666666666,41.61416666666666,0.10166666666666667,0.19416666666666668,52.87083333333333,0.06833333333333333,0.10208333333333335,67.1425,0.007916666666666667,0.034166666666666665,0.7583333333333333,0.011250000000000001,0.07666666666666666,0.16333333333333333,0.05083333333333334,0.011250000000000001,0.4320833333333333
98,92,2010-02-26,3,2,2009-2010,Araraquara,Minas,1,0.37730769230769223,0.1407692307692308,0.1846153846153846,0.05192307692307692,0.145,0.038076923076923085,0.10692307692307691,0.07230769230769231,0.07192307692307691,1.066923076923077,0.04692307692307693,0.12730769230769232,37.49230769230769,0.0923076923076923,0.18115384615384617,51.08615384615385,0.05192307692307692,0.06653846153846153,77.93153846153847,0.008461538461538463,0.03923076923076923,0.5853846153846154,0.014230769230769234,0.10384615384615384,0.14923076923076922,0.07192307692307691,0.01346153846153846,0.39230769230769236,0.46125,0.14375,0.24,0.0775,0.1725,0.056249999999999994,0.11625,0.10375000000000001,0.07333333333333333,1.4425000000000001,0.04791666666666667,0.11333333333333334,42.840833333333336,0.12,0.21916666666666665,54.62916666666666,0.0775,0.09833333333333333,76.65416666666667,0.0033333333333333327,0.03791666666666666,0.5425,0.012083333333333333,0.09916666666666667,0.125,0.07333333333333333,0.010833333333333334,0.52875
95,56,2010-02-26,3,2,2009-2010,Coop/São José Basketball,Londrina,1,0.3670833333333334,0.12750000000000003,0.18333333333333332,0.056249999999999994,0.15458333333333332,0.05125,0.10333333333333333,0.07791666666666666,0.07208333333333333,1.1616666666666666,0.0425,0.13250000000000003,31.614999999999995,0.09166666666666666,0.15666666666666665,58.57,0.056249999999999994,0.09083333333333334,63.66416666666667,0.006666666666666665,0.037083333333333336,0.5558333333333334,0.008333333333333333,0.09416666666666666,0.09000000000000001,0.07208333333333333,0.0062499999999999995,0.3833333333333333,0.3908333333333333,0.11750000000000001,0.18333333333333335,0.09000000000000001,0.15458333333333335,0.05708333333333335,0.09749999999999999,0.06541666666666666,0.07416666666666667,0.9391666666666665,0.03916666666666667,0.13125,29.478333333333335,0.09166666666666667,0.18374999999999997,50.34083333333333,0.09000000000000001,0.12416666666666665,72.46833333333332,0.0033333333333333327,0.034583333333333334,0.4908333333333334,0.014583333333333332,0.09958333333333332,0.15916666666666668,0.07416666666666667,0.012083333333333335,0.3675
100,87,2010-02-26,3,2,2009-2010,Flamengo,Joinville,1,0.45250000000000007,0.155,0.21916666666666665,0.07833333333333332,0.16374999999999998,0.04041666666666666,0.12333333333333336,0.06583333333333331,0.05875000000000002,1.3074999999999999,0.051666666666666666,0.12541666666666665,42.2475,0.10958333333333332,0.19166666666666668,57.2725,0.07833333333333332,0.10916666666666669,73.04166666666667,0.010833333333333334,0.05125000000000001,1.0,0.015000000000000001,0.09499999999999999,0.16333333333333333,0.05875000000000002,0.007916666666666667,0.5029166666666667,0.4040909090909091,0.1309090909090909,0.18727272727272723,0.08590909090909091,0.1697727272727273,0.05568181818181819,0.1140909090909091,0.06090909090909092,0.05704545454545456,1.2354545454545454,0.04363636363636363,0.1247727272727273,35.67454545454545,0.09363636363636361,0.18886363636363637,49.723636363636366,0.08590909090909091,0.11681818181818183,74.21727272727273,0.007500000000000001,0.033409090909090916,0.65,0.01068181818181818,0.09522727272727272,0.12545454545454549,0.05704545454545456,0.01363636363636364,0.4145454545454546
76,66,2010-02-28,4,2,2009-2010,Sesi Franca,Minas,1,0.43428571428571433,0.14464285714285713,0.195,0.09464285714285715,0.14,0.03785714285714286,0.10214285714285713,0.06392857142857143,0.05500000000000001,1.5,0.04821428571428571,0.12071428571428573,39.21357142857143,0.0975,0.18892857142857142,52.15214285714285,0.09464285714285715,0.12499999999999999,74.97071428571428,0.002142857142857143,0.03571428571428571,0.6885714285714286,0.009642857142857144,0.10821428571428574,0.0942857142857143,0.05500000000000001,0.010357142857142858,0.4342857142857142,0.46115384615384614,0.14307692307692307,0.23923076923076922,0.07884615384615384,0.16999999999999998,0.054615384615384614,0.11538461538461539,0.10115384615384616,0.07346153846153845,1.4030769230769233,0.0476923076923077,0.11423076923076923,42.31461538461539,0.11961538461538461,0.21807692307692308,54.74230769230769,0.07884615384615384,0.10076923076923078,76.37923076923077,0.0034615384615384608,0.036538461538461534,0.5215384615384615,0.011923076923076923,0.10230769230769231,0.12076923076923077,0.07346153846153845,0.010384615384615384,0.5203846153846154
95,72,2010-02-28,4,2,2009-2010,Flamengo,Londrina,1,0.4561538461538462,0.16384615384615384,0.21461538461538462,0.0776923076923077,0.16192307692307692,0.039615384615384615,0.12230769230769235,0.06423076923076922,0.05730769230769232,1.2938461538461539,0.054615384615384614,0.1296153846153846,42.84384615384616,0.10730769230769231,0.18846153846153849,56.96923076923077,0.0776923076923077,0.10769230769230773,73.40615384615384,0.010384615384615384,0.05076923076923078,1.01,0.014230769230769233,0.09576923076923076,0.1546153846153846,0.05730769230769232,0.007692307692307694,0.5038461538461538,0.3823076923076923,0.11423076923076923,0.17846153846153848,0.08961538461538462,0.15307692307692308,0.05653846153846155,0.09653846153846153,0.062307692307692314,0.07576923076923077,0.8869230769230767,0.03807692307692308,0.13,28.883076923076924,0.08923076923076924,0.18153846153846148,49.44615384615384,0.08961538461538462,0.12423076923076921,72.12461538461538,0.0030769230769230765,0.03461538461538461,0.4815384615384616,0.014999999999999998,0.10115384615384615,0.16,0.07576923076923077,0.011153846153846155,0.3526923076923077
91,80,2010-02-28,4,2,2009-2010,Pinheiros,Espírito Santo,1,0.4453846153846153,0.14653846153846153,0.20461538461538462,0.09423076923076924,0.14461538461538462,0.04115384615384616,0.10346153846153844,0.07192307692307692,0.06999999999999999,1.066923076923077,0.048846153846153845,0.11961538461538461,41.20230769230769,0.10230769230769231,0.18692307692307694,54.32,0.09423076923076924,0.11846153846153847,79.14230769230768,0.01230769230769231,0.03461538461538462,0.4961538461538461,0.015000000000000003,0.0923076923076923,0.18153846153846157,0.06999999999999999,0.011923076923076922,0.461923076923077,0.36653846153846154,0.10038461538461539,0.18923076923076923,0.07692307692307691,0.1769230769230769,0.0576923076923077,0.11923076923076922,0.05346153846153846,0.07384615384615385,0.7792307692307692,0.033461538461538466,0.10730769230769231,30.435384615384617,0.09461538461538462,0.19576923076923075,48.76538461538461,0.07692307692307691,0.12269230769230768,63.284615384615385,0.011923076923076922,0.042692307692307696,0.6507692307692309,0.015384615384615384,0.1026923076923077,0.1476923076923077,0.07384615384615385,0.01884615384615385,0.3603846153846154
85,91,2010-02-28,4,2,2009-2010,Paulistano,Saldanha,0,0.37884615384615383,0.10038461538461538,0.21384615384615385,0.06461538461538462,0.1480769230769231,0.047307692307692314,0.10076923076923078,0.06499999999999999,0.06538461538461537,1.0884615384615386,0.033461538461538466,0.11576923076923078,28.756923076923076,0.10692307692307693,0.20423076923076924,52.86769230769231,0.06461538461538462,0.1023076923076923,62.93692307692308,0.005769230769230769,0.03615384615384616,0.6169230769230769,0.01076923076923077,0.10692307692307693,0.10461538461538462,0.06538461538461537,0.011923076923076925,0.35615384615384615,0.35692307692307684,0.09346153846153847,0.21153846153846154,0.05192307692307693,0.14038461538461539,0.04038461538461539,0.10000000000000002,0.04076923076923077,0.059615384615384626,0.6907692307692308,0.031153846153846164,0.10384615384615384,29.879999999999995,0.10576923076923077,0.21038461538461536,50.91538461538461,0.05192307692307693,0.0996153846153846,52.201538461538455,0.008076923076923077,0.04692307692307693,0.8253846153846153,0.006153846153846154,0.09615384615384613,0.06538461538461539,0.059615384615384626,0.016538461538461537,0.30653846153846154
95,90,2010-02-28,4,2,2009-2010,Araraquara,Brasília,1,0.38535714285714284,0.13821428571428576,0.18785714285714286,0.05928571428571428,0.14714285714285716,0.03964285714285715,0.1075,0.0732142857142857,0.06999999999999999,1.125714285714286,0.04607142857142858,0.12714285714285717,36.81428571428571,0.09392857142857143,0.18142857142857144,51.87714285714286,0.05928571428571428,0.07464285714285714,78.51571428571428,0.008214285714285716,0.03928571428571429,0.6071428571428571,0.01428571428571429,0.10571428571428572,0.14714285714285716,0.06999999999999999,0.012857142857142857,0.4053571428571429,0.4725,0.115,0.2658333333333333,0.09166666666666667,0.17875000000000005,0.05666666666666667,0.12208333333333334,0.09666666666666666,0.06500000000000002,1.57,0.03833333333333333,0.11791666666666666,32.93,0.13291666666666666,0.22000000000000006,61.0525,0.09166666666666667,0.11791666666666668,77.21250000000002,0.012499999999999999,0.04,0.6366666666666666,0.015416666666666667,0.08833333333333333,0.18416666666666667,0.06500000000000002,0.011666666666666665,0.5454166666666667
93,76,2010-02-28,4,2,2009-2010,Coop/São José Basketball,Joinville,1,0.37538461538461537,0.1303846153846154,0.1846153846153846,0.06038461538461538,0.15730769230769232,0.0526923076923077,0.10461538461538461,0.08038461538461537,0.07076923076923078,1.2261538461538461,0.04346153846153847,0.13423076923076926,31.91230769230769,0.0923076923076923,0.16,57.91076923076923,0.06038461538461538,0.095,64.60230769230769,0.0069230769230769216,0.04,0.6176923076923078,0.008461538461538461,0.09615384615384616,0.08923076923076924,0.07076923076923078,0.005769230769230769,0.3976923076923077,0.4066666666666667,0.13875,0.1858333333333333,0.08208333333333333,0.17104166666666668,0.05604166666666668,0.115,0.06416666666666668,0.06020833333333334,1.22,0.04624999999999999,0.12937500000000002,36.174166666666665,0.09291666666666665,0.185625,50.3025,0.08208333333333333,0.11416666666666668,71.95416666666667,0.007291666666666668,0.03354166666666667,0.6266666666666667,0.010208333333333331,0.09479166666666666,0.12000000000000004,0.06020833333333334,0.014166666666666668,0.41750000000000004
82,76,2010-03-05,5,2,2009-2010,Minas,Assis,1,0.4517857142857143,0.1382142857142857,0.23857142857142857,0.07499999999999998,0.17142857142857143,0.05392857142857143,0.11750000000000001,0.09892857142857145,0.07642857142857143,1.3464285714285715,0.04607142857142858,0.11214285714285714,41.392857142857146,0.11928571428571429,0.21821428571428572,54.565714285714286,0.07499999999999998,0.09642857142857143,75.38785714285714,0.003928571428571428,0.03785714285714286,0.5185714285714286,0.012142857142857141,0.10178571428571428,0.12357142857142857,0.07642857142857143,0.011785714285714287,0.5092857142857143,0.3903846153846154,0.12692307692307692,0.19076923076923075,0.0726923076923077,0.16192307692307692,0.04923076923076925,0.1126923076923077,0.0526923076923077,0.06115384615384616,1.0353846153846153,0.04230769230769231,0.12269230769230768,34.74923076923077,0.09538461538461537,0.18346153846153848,52.18538461538461,0.0726923076923077,0.10423076923076922,68.62538461538462,0.008461538461538463,0.026153846153846156,0.46076923076923076,0.01230769230769231,0.09384615384615384,0.13384615384615384,0.06115384615384616,0.014230769230769233,0.38230769230769235
100,76,2010-03-05,5,2,2009-2010,Brasília,Bauru Basket,1,0.4707692307692308,0.11423076923076923,0.26307692307692304,0.09346153846153847,0.1730769230769231,0.05538461538461539,0.1176923076923077,0.09423076923076922,0.06730769230769232,1.5015384615384615,0.03807692307692308,0.11730769230769231,32.84461538461538,0.13153846153846152,0.2180769230769231,60.892307692307696,0.09346153846153847,0.11923076923076925,77.82615384615386,0.011538461538461537,0.04192307692307692,0.64,0.01423076923076923,0.09038461538461538,0.16999999999999998,0.06730769230769232,0.01269230769230769,0.5353846153846153,0.40384615384615385,0.13615384615384613,0.1992307692307692,0.06846153846153845,0.14884615384615385,0.046538461538461535,0.1023076923076923,0.06807692307692308,0.05153846153846155,1.53,0.04538461538461539,0.10730769230769231,43.02846153846153,0.0996153846153846,0.19,52.924615384615386,0.06846153846153845,0.10230769230769231,67.10615384615383,0.007692307692307693,0.03307692307692307,0.7253846153846154,0.010384615384615384,0.07923076923076923,0.15076923076923077,0.05153846153846155,0.011153846153846155,0.42653846153846153
105,107,2010-03-05,5,2,2009-2010,Londrina,Pinheiros,0,0.3807142857142857,0.11357142857142857,0.17642857142857143,0.09071428571428572,0.15214285714285716,0.05607142857142859,0.09607142857142857,0.06178571428571429,0.07607142857142857,0.8728571428571427,0.03785714285714286,0.1317857142857143,28.43285714285714,0.08821428571428572,0.18107142857142852,48.97571428571428,0.09071428571428572,0.12357142857142855,73.49428571428571,0.003214285714285714,0.03571428571428571,0.49214285714285716,0.014285714285714285,0.10285714285714286,0.15142857142857144,0.07607142857142857,0.010714285714285716,0.3489285714285714,0.4460714285714285,0.1425,0.21071428571428572,0.09285714285714286,0.1435714285714286,0.04035714285714286,0.1032142857142857,0.07142857142857142,0.0707142857142857,1.0485714285714287,0.0475,0.1157142857142857,41.55571428571428,0.10535714285714286,0.1892857142857143,55.14785714285714,0.09285714285714286,0.11821428571428572,78.14785714285713,0.012142857142857146,0.034285714285714294,0.4878571428571428,0.015000000000000001,0.09428571428571428,0.17785714285714288,0.0707142857142857,0.012142857142857141,0.4621428571428572
62,95,2010-03-05,5,2,2009-2010,Saldanha,Sesi Franca,0,0.3639285714285713,0.09214285714285715,0.21571428571428572,0.056071428571428585,0.14535714285714288,0.04285714285714286,0.10250000000000002,0.04428571428571428,0.0642857142857143,0.692857142857143,0.030714285714285725,0.09964285714285713,31.71428571428571,0.10785714285714286,0.21428571428571427,50.91714285714285,0.056071428571428585,0.10142857142857142,54.75857142857142,0.007857142857142858,0.04642857142857144,0.7892857142857143,0.0071428571428571435,0.09678571428571427,0.07428571428571429,0.0642857142857143,0.016428571428571428,0.3221428571428572,0.4306666666666667,0.14400000000000002,0.194,0.09266666666666667,0.13933333333333336,0.03666666666666667,0.10266666666666667,0.064,0.05700000000000001,1.4506666666666668,0.048,0.11933333333333335,39.599333333333334,0.097,0.189,51.83333333333333,0.09266666666666667,0.12199999999999998,75.38933333333333,0.0026666666666666666,0.03766666666666666,0.6933333333333334,0.010333333333333333,0.10466666666666669,0.11200000000000002,0.05700000000000001,0.010333333333333335,0.4323333333333333
74,79,2010-03-05,5,2,2009-2010,Joinville,Paulistano,0,0.4046153846153846,0.13615384615384615,0.18538461538461537,0.08307692307692308,0.16480769230769232,0.052115384615384626,0.1126923076923077,0.06346153846153847,0.059807692307692326,1.203076923076923,0.045384615384615384,0.12903846153846155,35.54538461538461,0.09269230769230768,0.1851923076923077,50.27923076923077,0.08307692307692308,0.11346153846153847,73.37923076923077,0.007500000000000001,0.03365384615384616,0.6276923076923077,0.009807692307692305,0.09557692307692307,0.11461538461538465,0.059807692307692326,0.013076923076923078,0.4100000000000001,0.3821428571428571,0.10285714285714286,0.21214285714285716,0.06714285714285714,0.14464285714285716,0.04750000000000001,0.09714285714285716,0.06607142857142856,0.06499999999999999,1.1057142857142856,0.03428571428571429,0.11857142857142858,28.77642857142857,0.10607142857142858,0.20321428571428574,52.66285714285714,0.06714285714285714,0.10392857142857141,64.1557142857143,0.005357142857142857,0.038571428571428576,0.6564285714285714,0.011428571428571429,0.10785714285714287,0.10928571428571429,0.06499999999999999,0.011071428571428574,0.35964285714285715
73,68,2010-03-05,5,2,2009-2010,Espírito Santo,Araraquara,1,0.36892857142857144,0.09964285714285716,0.1907142857142857,0.07857142857142856,0.1764285714285714,0.05964285714285715,0.11678571428571427,0.05178571428571429,0.07392857142857144,0.7521428571428571,0.03321428571428572,0.10750000000000001,30.209285714285716,0.09535714285714285,0.19714285714285712,48.770714285714284,0.07857142857142856,0.12535714285714286,63.228571428571435,0.011428571428571427,0.04214285714285715,0.637857142857143,0.014642857142857141,0.10285714285714286,0.14071428571428574,0.07392857142857144,0.019285714285714288,0.3571428571428572,0.39133333333333326,0.13900000000000004,0.19266666666666665,0.059666666666666666,0.14800000000000002,0.040333333333333346,0.10766666666666666,0.07566666666666667,0.072,1.124,0.046333333333333344,0.12500000000000003,37.86866666666666,0.09633333333333333,0.183,52.645999999999994,0.059666666666666666,0.07666666666666666,77.408,0.008333333333333335,0.03966666666666667,0.5966666666666666,0.01366666666666667,0.10766666666666666,0.14,0.072,0.013666666666666666,0.41400000000000003
64,85,2010-03-07,6,2,2009-2010,Espírito Santo,Sesi Franca,0,0.3686666666666667,0.10300000000000001,0.18866666666666668,0.07699999999999999,0.176,0.05900000000000001,0.11699999999999999,0.05233333333333334,0.07333333333333333,0.7633333333333333,0.03433333333333334,0.11066666666666668,30.346,0.09433333333333334,0.19399999999999998,49.074666666666666,0.07699999999999999,0.12199999999999998,63.90200000000001,0.010666666666666665,0.04166666666666667,0.6313333333333335,0.014666666666666665,0.10200000000000001,0.14266666666666666,0.07333333333333333,0.019333333333333334,0.35900000000000004,0.43766666666666665,0.15499999999999997,0.18933333333333335,0.09333333333333334,0.138,0.035,0.10300000000000001,0.06200000000000001,0.05733333333333334,1.2393333333333336,0.05166666666666667,0.12233333333333336,41.76733333333334,0.09466666666666668,0.18333333333333332,52.433333333333344,0.09333333333333334,0.12399999999999999,74.946,0.0033333333333333335,0.04033333333333334,0.81,0.009999999999999998,0.10433333333333335,0.10866666666666666,0.05733333333333334,0.010666666666666668,0.44066666666666665
61,70,2010-03-07,6,2,2009-2010,Saldanha,Araraquara,0,0.36033333333333323,0.08800000000000001,0.21666666666666667,0.05566666666666668,0.14733333333333334,0.044,0.10333333333333335,0.043333333333333335,0.06266666666666668,0.6966666666666668,0.029333333333333343,0.09633333333333333,30.93333333333333,0.10833333333333334,0.21766666666666667,50.41599999999999,0.05566666666666668,0.09933333333333333,55.87,0.008,0.04500000000000001,0.7786666666666666,0.007666666666666667,0.09533333333333331,0.08266666666666667,0.06266666666666668,0.016,0.321,0.38866666666666666,0.13899999999999998,0.18999999999999997,0.05966666666666667,0.1486666666666667,0.04033333333333334,0.10833333333333335,0.075,0.07233333333333333,1.1073333333333333,0.046333333333333344,0.12366666666666667,38.326,0.09499999999999999,0.18433333333333332,51.392,0.05966666666666667,0.078,75.95333333333333,0.008,0.038,0.5666666666666667,0.01366666666666667,0.11,0.13333333333333333,0.07233333333333333,0.013666666666666667,0.4066666666666667
63,75,2010-03-07,6,2,2009-2010,Joinville,Pinheiros,0,0.40214285714285714,0.1382142857142857,0.18285714285714283,0.08107142857142857,0.16339285714285715,0.05196428571428573,0.11142857142857143,0.06000000000000001,0.06017857142857145,1.1335714285714285,0.046071428571428576,0.12910714285714286,36.028571428571425,0.09142857142857141,0.18589285714285714,49.435,0.08107142857142857,0.11321428571428573,71.70928571428571,0.007678571428571429,0.03482142857142858,0.6378571428571428,0.010178571428571426,0.09660714285714286,0.11642857142857145,0.06017857142857145,0.013214285714285715,0.4007142857142858,0.45199999999999996,0.141,0.21733333333333335,0.09366666666666666,0.1446666666666667,0.04033333333333334,0.10433333333333333,0.073,0.06899999999999999,1.1193333333333335,0.04700000000000001,0.11599999999999998,41.007333333333335,0.10866666666666668,0.19333333333333336,55.60466666666666,0.09366666666666666,0.11966666666666666,77.938,0.012666666666666668,0.03633333333333334,0.5513333333333333,0.015333333333333334,0.09766666666666665,0.17533333333333337,0.06899999999999999,0.011666666666666665,0.47266666666666673
75,64,2010-03-07,6,2,2009-2010,Londrina,Paulistano,1,0.39033333333333337,0.11900000000000001,0.1766666666666667,0.09466666666666666,0.15466666666666667,0.05533333333333335,0.09933333333333333,0.06433333333333334,0.07666666666666666,0.8933333333333331,0.03966666666666666,0.13166666666666668,29.87066666666667,0.08833333333333335,0.18266666666666662,48.63733333333333,0.09466666666666666,0.12733333333333333,74.14999999999999,0.003999999999999999,0.03566666666666666,0.4866666666666667,0.013333333333333332,0.10433333333333333,0.14133333333333334,0.07666666666666666,0.010666666666666668,0.36266666666666664,0.38299999999999995,0.106,0.20733333333333334,0.06966666666666668,0.1476666666666667,0.04833333333333334,0.09933333333333334,0.06466666666666666,0.06599999999999999,1.0693333333333332,0.035333333333333335,0.12033333333333335,29.15666666666667,0.10366666666666667,0.2016666666666667,51.74466666666667,0.06966666666666668,0.10533333333333332,65.47866666666667,0.005,0.03900000000000001,0.65,0.010666666666666666,0.10733333333333335,0.10200000000000001,0.06599999999999999,0.011333333333333336,0.36033333333333334
114,113,2010-03-07,6,2,2009-2010,Minas,Bauru Basket,1,0.449,0.13199999999999998,0.23999999999999996,0.07699999999999999,0.17366666666666666,0.05433333333333333,0.11933333333333333,0.09800000000000002,0.07600000000000001,1.3373333333333335,0.04400000000000001,0.11066666666666668,39.74466666666667,0.11999999999999998,0.219,54.696,0.07699999999999999,0.09833333333333334,75.962,0.003999999999999999,0.03666666666666667,0.5033333333333333,0.011666666666666665,0.103,0.11800000000000001,0.07600000000000001,0.011666666666666667,0.506,0.40214285714285714,0.13714285714285712,0.19857142857142857,0.06642857142857142,0.14857142857142858,0.046785714285714285,0.10178571428571427,0.06607142857142857,0.05035714285714287,1.5021428571428572,0.04571428571428572,0.10928571428571429,42.600714285714275,0.09928571428571428,0.19285714285714287,52.09428571428571,0.06642857142857142,0.0992857142857143,67.07499999999999,0.007500000000000001,0.032857142857142856,0.735,0.009642857142857144,0.07785714285714286,0.13999999999999999,0.05035714285714287,0.010714285714285716,0.41892857142857143
101,62,2010-03-07,6,2,2009-2010,Brasília,Assis,1,0.47285714285714286,0.11678571428571428,0.2657142857142857,0.09035714285714287,0.17464285714285716,0.05464285714285715,0.12,0.09571428571428571,0.06607142857142859,1.5585714285714285,0.03892857142857143,0.11714285714285713,33.604285714285716,0.13285714285714284,0.21892857142857144,61.20142857142857,0.09035714285714287,0.11535714285714287,77.7614285714286,0.012142857142857141,0.04107142857142857,0.6371428571428571,0.016428571428571428,0.08750000000000001,0.22214285714285714,0.06607142857142859,0.012142857142857141,0.5453571428571429,0.3896428571428571,0.12642857142857142,0.18999999999999997,0.0732142857142857,0.1582142857142857,0.04750000000000002,0.11071428571428572,0.05214285714285715,0.06000000000000001,1.032857142857143,0.04214285714285715,0.12321428571428572,34.464999999999996,0.09499999999999999,0.18142857142857144,52.605000000000004,0.0732142857142857,0.10464285714285715,68.91857142857144,0.008214285714285716,0.028214285714285716,0.515,0.012500000000000002,0.09607142857142857,0.13285714285714284,0.06000000000000001,0.01392857142857143,0.38178571428571434
101,89,2010-03-07,5,2,2009-2010,Flamengo,Coop/São José Basketball,1,0.4575,0.1575,0.2192857142857143,0.08071428571428571,0.16107142857142856,0.038214285714285715,0.1228571428571429,0.06535714285714285,0.058214285714285725,1.282857142857143,0.0525,0.12714285714285714,41.66357142857144,0.10964285714285715,0.19142857142857145,57.24785714285714,0.08071428571428571,0.11035714285714289,74.07428571428571,0.01,0.05214285714285716,1.0092857142857141,0.014285714285714287,0.09607142857142857,0.15428571428571428,0.058214285714285725,0.007857142857142858,0.5060714285714286,0.3817857142857143,0.1317857142857143,0.18785714285714286,0.06214285714285713,0.15964285714285714,0.05214285714285715,0.1075,0.08392857142857142,0.07214285714285715,1.2414285714285713,0.043928571428571435,0.13321428571428573,32.60928571428571,0.09392857142857143,0.16142857142857145,58.337857142857146,0.06214285714285713,0.09642857142857143,65.26714285714286,0.007499999999999999,0.03892857142857143,0.5935714285714286,0.008214285714285714,0.09714285714285716,0.08642857142857144,0.07214285714285715,0.005357142857142857,0.4092857142857143
77,96,2010-03-12,7,2,2009-2010,Brasília,Minas,0,0.475,0.12400000000000001,0.2646666666666666,0.08633333333333335,0.1776666666666667,0.053666666666666675,0.12399999999999999,0.09566666666666665,0.06566666666666668,1.5599999999999998,0.04133333333333333,0.12066666666666666,34.30533333333333,0.1323333333333333,0.2156666666666667,62.02333333333333,0.08633333333333335,0.11100000000000002,76.57733333333336,0.012333333333333333,0.03966666666666666,0.6166666666666667,0.01633333333333333,0.08766666666666668,0.21866666666666665,0.06566666666666668,0.012333333333333333,0.5513333333333333,0.45766666666666667,0.12699999999999997,0.25066666666666665,0.08,0.17533333333333337,0.05433333333333333,0.12100000000000001,0.10200000000000002,0.07566666666666665,1.3886666666666667,0.04233333333333334,0.111,38.21133333333332,0.12533333333333332,0.22266666666666665,56.03999999999999,0.08,0.10099999999999999,76.93666666666667,0.004,0.037000000000000005,0.508,0.012333333333333333,0.10633333333333332,0.12333333333333334,0.07566666666666665,0.011333333333333336,0.5216666666666667
81,73,2010-03-12,7,2,2009-2010,Sesi Franca,Londrina,1,0.43933333333333324,0.149,0.19466666666666665,0.09566666666666666,0.13900000000000004,0.034666666666666665,0.10433333333333333,0.06366666666666668,0.058,1.2553333333333332,0.049666666666666665,0.11900000000000001,41.448,0.09733333333333333,0.18433333333333335,53.54200000000001,0.09566666666666666,0.12533333333333332,76.764,0.0036666666666666666,0.04033333333333333,0.802,0.010333333333333333,0.10533333333333335,0.11,0.058,0.010333333333333335,0.4486666666666667,0.39000000000000007,0.12699999999999997,0.16799999999999998,0.095,0.15700000000000003,0.055666666666666684,0.10133333333333333,0.064,0.07566666666666667,0.9033333333333331,0.04233333333333334,0.13500000000000004,31.497333333333334,0.08399999999999999,0.18033333333333332,47.09133333333334,0.095,0.12566666666666668,75.728,0.003999999999999999,0.039,0.5453333333333333,0.012000000000000002,0.10466666666666666,0.12333333333333334,0.07566666666666667,0.010000000000000002,0.3666666666666666
94,72,2010-03-12,7,2,2009-2010,Bauru Basket,Saldanha,1,0.41300000000000003,0.13799999999999998,0.20666666666666664,0.06833333333333333,0.14800000000000002,0.048666666666666664,0.09933333333333332,0.06666666666666667,0.049000000000000016,1.5686666666666667,0.04600000000000001,0.11066666666666668,42.32466666666666,0.10333333333333332,0.1996666666666667,52.23733333333333,0.06833333333333333,0.10200000000000002,67.12733333333333,0.007333333333333334,0.033,0.7639999999999999,0.010333333333333333,0.08000000000000002,0.14266666666666666,0.049000000000000016,0.010333333333333335,0.42733333333333334,0.3566666666666666,0.082,0.218,0.05666666666666668,0.15033333333333332,0.04633333333333334,0.104,0.04200000000000001,0.062333333333333345,0.6780000000000002,0.02733333333333334,0.094,29.471999999999994,0.109,0.21966666666666673,50.26466666666666,0.05666666666666668,0.09866666666666667,57.71533333333335,0.008,0.04833333333333334,0.84,0.008,0.09633333333333333,0.08466666666666665,0.062333333333333345,0.017,0.3236666666666667
89,75,2010-03-12,7,2,2009-2010,Assis,Espírito Santo,1,0.3843333333333333,0.121,0.18866666666666665,0.07466666666666666,0.15566666666666668,0.04566666666666668,0.11000000000000001,0.05333333333333334,0.05800000000000002,1.1193333333333333,0.04033333333333334,0.12233333333333335,33.07666666666667,0.09433333333333332,0.182,52.080666666666666,0.07466666666666666,0.10633333333333335,69.196,0.008000000000000002,0.028000000000000004,0.5359999999999999,0.012000000000000004,0.09333333333333332,0.13,0.05800000000000002,0.013666666666666669,0.374,0.36666666666666664,0.099,0.19133333333333333,0.07633333333333332,0.17366666666666664,0.05800000000000001,0.11566666666666665,0.05066666666666668,0.07300000000000001,0.7486666666666667,0.03300000000000001,0.10733333333333334,30.229333333333333,0.09566666666666666,0.19466666666666665,49.662666666666674,0.07633333333333332,0.12333333333333334,62.23533333333334,0.010333333333333335,0.04233333333333334,0.6393333333333333,0.015333333333333332,0.10166666666666667,0.15000000000000002,0.07300000000000001,0.019000000000000003,0.35533333333333333
95,90,2010-03-12,7,2,2009-2010,Paulistano,Coop/São José Basketball,1,0.37599999999999995,0.106,0.20133333333333334,0.06866666666666667,0.14866666666666667,0.04866666666666667,0.1,0.06066666666666667,0.06866666666666667,0.9493333333333333,0.035333333333333335,0.12166666666666667,28.839333333333332,0.10066666666666667,0.1996666666666667,50.75333333333333,0.06866666666666667,0.103,66.72466666666666,0.005,0.03833333333333334,0.6039999999999999,0.011000000000000001,0.10733333333333335,0.10533333333333333,0.06866666666666667,0.012333333333333335,0.3463333333333333,0.386,0.136,0.18666666666666665,0.06333333333333332,0.16,0.05233333333333334,0.10766666666666666,0.086,0.07166666666666667,1.2766666666666666,0.045333333333333344,0.13566666666666669,32.98466666666666,0.09333333333333332,0.16133333333333336,57.99066666666667,0.06333333333333332,0.09666666666666668,66.24933333333334,0.006999999999999998,0.037000000000000005,0.5640000000000001,0.008,0.09633333333333334,0.08466666666666668,0.07166666666666667,0.006333333333333333,0.4136666666666667
90,93,2010-03-12,7,2,2009-2010,Araraquara,Joinville,0,0.3869999999999999,0.14,0.18533333333333335,0.06166666666666667,0.14733333333333334,0.038333333333333344,0.10900000000000001,0.07266666666666667,0.06999999999999999,1.0906666666666667,0.04666666666666667,0.12066666666666667,39.27066666666666,0.09266666666666667,0.178,52.10733333333334,0.06166666666666667,0.08266666666666667,74.77600000000001,0.008,0.038000000000000006,0.5833333333333335,0.011666666666666669,0.109,0.114,0.06999999999999999,0.013666666666666667,0.4063333333333334,0.39633333333333337,0.136,0.18266666666666664,0.07766666666666668,0.16416666666666666,0.052500000000000005,0.11166666666666666,0.06000000000000001,0.06050000000000001,1.1193333333333333,0.04533333333333334,0.13016666666666668,35.236,0.09133333333333332,0.18683333333333335,49.13933333333333,0.07766666666666668,0.10966666666666668,70.262,0.007833333333333333,0.03316666666666667,0.6053333333333334,0.009499999999999998,0.09683333333333334,0.10866666666666669,0.06050000000000001,0.013333333333333334,0.3903333333333334
79,83,2010-03-12,7,2,2009-2010,Pinheiros,Flamengo,0,0.4463333333333333,0.137,0.21600000000000003,0.09333333333333332,0.14633333333333334,0.03966666666666667,0.10666666666666667,0.07,0.07033333333333333,1.0613333333333332,0.045666666666666675,0.112,40.826666666666675,0.10800000000000001,0.19433333333333336,54.947333333333326,0.09333333333333332,0.11933333333333332,77.88533333333334,0.011666666666666667,0.035333333333333335,0.5253333333333334,0.015333333333333334,0.09533333333333333,0.17666666666666667,0.07033333333333333,0.012333333333333332,0.4643333333333333,0.46066666666666667,0.166,0.21466666666666667,0.08,0.16033333333333333,0.038000000000000006,0.12233333333333338,0.06766666666666667,0.05733333333333335,1.3453333333333333,0.05533333333333333,0.13199999999999998,42.052666666666674,0.10733333333333334,0.18833333333333335,56.879333333333335,0.08,0.10866666666666669,74.62599999999999,0.010000000000000002,0.05133333333333335,1.0013333333333334,0.014000000000000002,0.09633333333333334,0.15066666666666664,0.05733333333333335,0.008333333333333333,0.5103333333333333
91,77,2010-03-14,8,2,2009-2010,Sesi Franca,Joinville,1,0.431,0.13799999999999998,0.196,0.097,0.14,0.03600000000000001,0.10400000000000001,0.064,0.056666666666666664,1.2853333333333332,0.046000000000000006,0.11600000000000002,39.756,0.098,0.187,53.118,0.097,0.12533333333333332,78.03333333333333,0.004333333333333333,0.04200000000000001,0.8420000000000001,0.011000000000000001,0.10400000000000002,0.11866666666666666,0.056666666666666664,0.010000000000000002,0.444,0.39133333333333337,0.137,0.174,0.08033333333333334,0.16183333333333333,0.050499999999999996,0.11133333333333333,0.05966666666666666,0.06183333333333334,1.0893333333333333,0.045666666666666675,0.13183333333333336,34.95666666666667,0.087,0.18216666666666667,48.391333333333336,0.08033333333333334,0.11300000000000002,70.31466666666667,0.006833333333333332,0.03216666666666667,0.5793333333333333,0.008833333333333334,0.09616666666666669,0.10266666666666668,0.06183333333333334,0.013000000000000001,0.37800000000000006
81,74,2010-03-14,8,2,2009-2010,Araraquara,Londrina,1,0.38999999999999996,0.14000000000000004,0.18799999999999997,0.06199999999999999,0.14466666666666667,0.03633333333333334,0.10833333333333334,0.07100000000000001,0.06799999999999999,1.0953333333333333,0.046666666666666676,0.11766666666666667,40.22133333333332,0.09399999999999999,0.17966666666666667,52.269999999999996,0.06199999999999999,0.08333333333333331,74.62400000000001,0.009000000000000001,0.03833333333333333,0.5980000000000001,0.010333333333333335,0.10900000000000001,0.10200000000000002,0.06799999999999999,0.013666666666666667,0.4083333333333333,0.3913333333333334,0.132,0.1673333333333333,0.092,0.15133333333333335,0.05166666666666668,0.09966666666666667,0.06333333333333332,0.07433333333333333,0.9073333333333332,0.04400000000000001,0.13733333333333336,32.212,0.08366666666666665,0.17733333333333332,47.53866666666667,0.092,0.12233333333333334,75.46133333333333,0.004333333333333332,0.03899999999999999,0.5519999999999999,0.012,0.10533333333333335,0.12199999999999998,0.07433333333333333,0.010000000000000002,0.36533333333333323
79,56,2010-03-14,8,2,2009-2010,Assis,Saldanha,1,0.393,0.129,0.18933333333333333,0.07466666666666666,0.15200000000000002,0.04300000000000001,0.10900000000000001,0.05633333333333333,0.05766666666666668,1.1793333333333331,0.04300000000000001,0.12433333333333337,35.041333333333334,0.09466666666666666,0.17766666666666664,53.470000000000006,0.07466666666666666,0.10633333333333334,69.196,0.008666666666666668,0.02966666666666667,0.5673333333333334,0.012333333333333335,0.09366666666666666,0.13266666666666668,0.05766666666666668,0.013666666666666669,0.38966666666666666,0.35566666666666663,0.07699999999999999,0.22199999999999998,0.05666666666666667,0.15099999999999997,0.04633333333333334,0.10466666666666667,0.04233333333333335,0.06033333333333335,0.7180000000000001,0.025666666666666674,0.09033333333333332,29.027333333333335,0.11099999999999999,0.2246666666666667,49.97666666666666,0.05666666666666667,0.09766666666666667,58.30733333333334,0.008,0.046666666666666676,0.8320000000000001,0.009000000000000001,0.09733333333333334,0.09466666666666666,0.06033333333333335,0.016666666666666666,0.325
70,71,2010-03-14,8,2,2009-2010,Pinheiros,Coop/São José Basketball,0,0.44733333333333325,0.136,0.21533333333333335,0.096,0.14833333333333334,0.04033333333333334,0.10800000000000001,0.07133333333333333,0.06933333333333333,1.0893333333333335,0.045333333333333344,0.11666666666666665,39.220666666666666,0.10766666666666667,0.1906666666666667,55.97,0.096,0.12266666666666666,78.32133333333331,0.012,0.034333333333333334,0.5173333333333334,0.014333333333333333,0.09666666666666666,0.16266666666666665,0.06933333333333333,0.011000000000000001,0.46533333333333343,0.38800000000000007,0.14100000000000001,0.182,0.06499999999999999,0.15666666666666668,0.04966666666666668,0.107,0.08533333333333332,0.07300000000000001,1.2193333333333334,0.04700000000000001,0.136,33.906,0.091,0.16066666666666668,56.62,0.06499999999999999,0.098,66.966,0.006666666666666666,0.03766666666666667,0.5640000000000001,0.007666666666666667,0.09766666666666665,0.08133333333333334,0.07300000000000001,0.007,0.4106666666666667
80,72,2010-03-14,8,2,2009-2010,Bauru Basket,Espírito Santo,1,0.4213333333333334,0.141,0.2106666666666666,0.06966666666666667,0.1486666666666667,0.04933333333333334,0.09933333333333332,0.06866666666666667,0.04866666666666668,1.6106666666666667,0.047000000000000014,0.111,43.035999999999994,0.1053333333333333,0.20066666666666666,52.94533333333333,0.06966666666666667,0.10366666666666667,67.36533333333333,0.008,0.03133333333333334,0.7386666666666666,0.009666666666666665,0.08266666666666668,0.12266666666666666,0.04866666666666668,0.011000000000000001,0.4376666666666667,0.3736666666666667,0.10600000000000001,0.19200000000000003,0.07566666666666667,0.16799999999999998,0.05800000000000002,0.11000000000000003,0.049000000000000016,0.07033333333333334,0.7420000000000001,0.03533333333333334,0.11033333333333334,32.258,0.09600000000000002,0.193,50.34933333333334,0.07566666666666667,0.12033333333333333,63.11400000000001,0.010333333333333335,0.04233333333333334,0.6486666666666668,0.013666666666666667,0.101,0.13266666666666665,0.07033333333333334,0.018666666666666668,0.3596666666666667
77,86,2010-03-14,8,2,2009-2010,Paulistano,Flamengo,0,0.39033333333333325,0.10899999999999999,0.20933333333333332,0.07200000000000001,0.14966666666666667,0.04900000000000001,0.10066666666666667,0.06333333333333334,0.07166666666666667,0.9179999999999998,0.036333333333333336,0.12066666666666669,30.13133333333333,0.10466666666666666,0.19766666666666666,53.518,0.07200000000000001,0.10766666666666666,67.09266666666666,0.005666666666666666,0.038666666666666676,0.5553333333333333,0.010666666666666668,0.10766666666666667,0.10133333333333334,0.07166666666666667,0.014666666666666668,0.368,0.45533333333333326,0.165,0.21266666666666667,0.07766666666666665,0.15966666666666668,0.038333333333333344,0.12133333333333336,0.06966666666666667,0.058000000000000024,1.364,0.055,0.13299999999999998,41.403999999999996,0.10633333333333334,0.188,56.38066666666667,0.07766666666666665,0.10500000000000001,75.27600000000001,0.011333333333333334,0.05,0.97,0.013666666666666667,0.09766666666666667,0.14666666666666667,0.058000000000000024,0.008,0.5033333333333333
78,70,2010-03-19,9,2,2009-2010,Flamengo,Sesi Franca,1,0.461,0.168,0.21933333333333332,0.07366666666666664,0.15866666666666665,0.036666666666666674,0.12200000000000003,0.07366666666666667,0.060000000000000005,1.391333333333333,0.056,0.13299999999999998,42.173333333333325,0.10966666666666666,0.18999999999999997,57.81266666666667,0.07366666666666664,0.099,75.03333333333333,0.011666666666666665,0.04933333333333335,0.9499999999999998,0.01266666666666667,0.09800000000000002,0.13866666666666666,0.060000000000000005,0.008333333333333333,0.5126666666666666,0.43766666666666665,0.138,0.202,0.09766666666666667,0.14400000000000002,0.03600000000000001,0.10800000000000001,0.06566666666666668,0.057,1.3106666666666666,0.046000000000000006,0.11633333333333334,39.663999999999994,0.101,0.18800000000000003,54.674,0.09766666666666667,0.12766666666666668,77.08133333333333,0.004333333333333333,0.04333333333333334,0.8633333333333333,0.011333333333333334,0.10566666666666667,0.12066666666666666,0.057,0.010000000000000002,0.45766666666666667
72,81,2010-03-19,9,2,2009-2010,Saldanha,Minas,0,0.3496666666666667,0.073,0.22066666666666665,0.05600000000000001,0.15,0.046666666666666676,0.10333333333333333,0.042000000000000016,0.06200000000000001,0.7026666666666668,0.02433333333333334,0.08899999999999998,28.027333333333335,0.11033333333333332,0.22800000000000006,48.395999999999994,0.05600000000000001,0.09633333333333335,58.529333333333334,0.008,0.04833333333333335,0.8433333333333334,0.009000000000000001,0.09666666666666668,0.09533333333333331,0.06200000000000001,0.017,0.31433333333333324,0.456,0.12999999999999998,0.24866666666666667,0.07733333333333332,0.17266666666666666,0.05166666666666667,0.121,0.10466666666666669,0.07666666666666666,1.4060000000000001,0.04333333333333333,0.10699999999999998,40.75800000000001,0.12433333333333334,0.22166666666666668,55.818,0.07733333333333332,0.09666666666666666,77.50800000000001,0.004333333333333333,0.035,0.47,0.011666666666666669,0.10633333333333332,0.11666666666666667,0.07666666666666666,0.012333333333333335,0.523
96,89,2010-03-19,9,2,2009-2010,Coop/São José Basketball,Araraquara,1,0.3893333333333333,0.145,0.1806666666666667,0.06366666666666666,0.16,0.05066666666666667,0.10933333333333332,0.08766666666666666,0.07200000000000001,1.28,0.04833333333333333,0.13933333333333334,34.461333333333336,0.09033333333333335,0.1613333333333333,56.032666666666664,0.06366666666666666,0.096,66.82933333333334,0.006333333333333333,0.035,0.532,0.008333333333333333,0.097,0.08800000000000002,0.07200000000000001,0.007333333333333333,0.4139999999999999,0.3966666666666666,0.14200000000000002,0.19066666666666665,0.064,0.14666666666666664,0.037666666666666675,0.10900000000000003,0.071,0.06866666666666667,1.0893333333333333,0.04733333333333334,0.11733333333333333,41.028666666666666,0.09533333333333333,0.18133333333333335,52.49733333333333,0.064,0.08499999999999999,76.09866666666667,0.009666666666666667,0.04033333333333333,0.6226666666666667,0.011000000000000003,0.11000000000000003,0.10866666666666669,0.06866666666666667,0.013666666666666667,0.42
85,80,2010-03-19,9,2,2009-2010,Paulistano,Pinheiros,1,0.3923333333333333,0.10899999999999999,0.20866666666666667,0.07466666666666667,0.15233333333333335,0.052000000000000005,0.10033333333333333,0.06433333333333334,0.07633333333333334,0.8793333333333333,0.036333333333333336,0.11866666666666667,30.390666666666668,0.10433333333333333,0.201,52.184666666666665,0.07466666666666667,0.10966666666666666,68.52866666666667,0.006,0.039666666666666676,0.5266666666666667,0.011000000000000003,0.10700000000000001,0.10533333333333333,0.07633333333333334,0.01566666666666667,0.36933333333333335,0.4453333333333333,0.133,0.21933333333333332,0.09300000000000001,0.14933333333333332,0.04133333333333333,0.10800000000000003,0.07233333333333333,0.06733333333333333,1.1239999999999999,0.044333333333333336,0.11699999999999999,38.258666666666656,0.10966666666666666,0.195,55.99733333333332,0.09300000000000001,0.11699999999999999,79.58266666666665,0.011666666666666665,0.03300000000000001,0.5106666666666667,0.015333333333333332,0.09466666666666666,0.17266666666666666,0.06733333333333333,0.011666666666666665,0.4660000000000001
75,74,2010-03-19,9,2,2009-2010,Joinville,Assis,1,0.393,0.13899999999999998,0.176,0.07800000000000001,0.1571666666666667,0.0455,0.11166666666666665,0.063,0.06283333333333332,1.1326666666666665,0.046333333333333344,0.12983333333333333,35.758,0.088,0.17883333333333334,49.648,0.07800000000000001,0.11133333333333335,69.51466666666666,0.007499999999999998,0.0335,0.592,0.009500000000000001,0.09616666666666669,0.10800000000000003,0.06283333333333332,0.011666666666666669,0.3856666666666667,0.398,0.13500000000000004,0.19066666666666668,0.07233333333333333,0.15933333333333335,0.04666666666666667,0.11266666666666666,0.058333333333333334,0.05733333333333334,1.2126666666666666,0.04500000000000001,0.12600000000000003,36.441333333333326,0.09533333333333334,0.18,53.19266666666667,0.07233333333333333,0.10433333333333333,68.30733333333335,0.008666666666666666,0.030000000000000006,0.5746666666666668,0.012666666666666668,0.09466666666666666,0.136,0.05733333333333334,0.013000000000000005,0.4033333333333334
85,92,2010-03-19,9,2,2009-2010,Espírito Santo,Brasília,0,0.3706666666666667,0.10499999999999998,0.19066666666666668,0.075,0.16033333333333333,0.05400000000000001,0.10633333333333335,0.049000000000000016,0.06966666666666667,0.7513333333333334,0.03500000000000001,0.10933333333333334,32.316,0.09533333333333334,0.188,51.252,0.075,0.11633333333333333,64.926,0.008666666666666666,0.03933333333333334,0.6053333333333334,0.012333333333333333,0.09766666666666665,0.12399999999999999,0.06966666666666667,0.019000000000000003,0.35366666666666663,0.468,0.11900000000000001,0.2646666666666666,0.08433333333333334,0.17600000000000002,0.05400000000000001,0.12199999999999998,0.094,0.06166666666666667,1.6673333333333331,0.03966666666666667,0.121,32.63133333333334,0.1323333333333333,0.2153333333333333,62.107333333333344,0.08433333333333334,0.10866666666666666,76.31466666666665,0.010333333333333335,0.04033333333333334,0.6906666666666668,0.018000000000000002,0.08766666666666668,0.23666666666666666,0.06166666666666667,0.011,0.5459999999999999
76,86,2010-03-21,10,2,2009-2010,Londrina,Assis,0,0.38733333333333336,0.126,0.1713333333333333,0.09,0.14800000000000002,0.04866666666666668,0.09933333333333333,0.06433333333333333,0.074,0.9246666666666665,0.042,0.13133333333333336,32.32533333333333,0.08566666666666665,0.17733333333333332,48.68133333333333,0.09,0.12000000000000001,75.20933333333333,0.004333333333333332,0.03766666666666666,0.5373333333333333,0.011666666666666669,0.105,0.11866666666666667,0.074,0.011000000000000001,0.36399999999999993,0.3946666666666667,0.13499999999999998,0.18933333333333335,0.07033333333333333,0.15700000000000003,0.046000000000000006,0.111,0.057,0.05633333333333334,1.2293333333333332,0.04500000000000001,0.12666666666666668,36.239333333333335,0.09466666666666668,0.17933333333333332,53.048,0.07033333333333333,0.10200000000000001,67.60133333333334,0.008000000000000002,0.03166666666666667,0.6559999999999999,0.012333333333333335,0.09466666666666665,0.132,0.05633333333333334,0.01266666666666667,0.3983333333333334
83,77,2010-03-21,10,2,2009-2010,Coop/São José Basketball,Sesi Franca,1,0.40133333333333343,0.15000000000000002,0.18400000000000002,0.06733333333333333,0.15833333333333333,0.05066666666666668,0.10766666666666667,0.09,0.07200000000000001,1.3186666666666664,0.05,0.13933333333333334,35.79466666666667,0.09200000000000001,0.16266666666666663,56.592,0.06733333333333333,0.1,67.452,0.006333333333333334,0.03566666666666667,0.5433333333333334,0.009666666666666665,0.101,0.09933333333333334,0.07200000000000001,0.007333333333333333,0.43033333333333335,0.42966666666666664,0.13399999999999998,0.20133333333333334,0.09433333333333335,0.14466666666666667,0.036666666666666674,0.10800000000000001,0.06766666666666667,0.057666666666666665,1.3293333333333335,0.044666666666666674,0.115,39.186,0.10066666666666667,0.191,52.94533333333333,0.09433333333333335,0.12333333333333332,77.36333333333333,0.004333333333333333,0.046666666666666676,0.9066666666666667,0.011333333333333334,0.10333333333333335,0.12200000000000001,0.057666666666666665,0.012000000000000002,0.4526666666666666
76,75,2010-03-21,10,2,2009-2010,Saldanha,Brasília,1,0.3520000000000001,0.07200000000000001,0.2273333333333333,0.05266666666666668,0.14766666666666667,0.045333333333333344,0.10233333333333335,0.04166666666666668,0.05866666666666668,0.7379999999999999,0.024000000000000007,0.086,28.682,0.11366666666666665,0.23133333333333336,49.09066666666667,0.05266666666666668,0.09300000000000001,57.198666666666675,0.008333333333333333,0.04466666666666667,0.8320000000000001,0.009,0.09566666666666666,0.09666666666666668,0.05866666666666668,0.016666666666666666,0.31633333333333336,0.4693333333333333,0.11900000000000001,0.2646666666666666,0.08566666666666665,0.171,0.05200000000000002,0.119,0.09333333333333332,0.05900000000000001,1.7346666666666668,0.03966666666666667,0.119,33.22066666666667,0.1323333333333333,0.21499999999999997,62.21133333333333,0.08566666666666665,0.11033333333333332,76.47533333333334,0.009666666666666667,0.04166666666666667,0.764,0.016,0.09000000000000002,0.2073333333333333,0.05900000000000001,0.010666666666666668,0.5456666666666667
65,61,2010-03-21,10,2,2009-2010,Joinville,Bauru Basket,1,0.3943333333333333,0.136,0.17866666666666664,0.07966666666666669,0.15383333333333335,0.043500000000000004,0.11033333333333334,0.06233333333333334,0.0625,1.1280000000000001,0.045333333333333344,0.12783333333333335,35.628,0.08933333333333332,0.17883333333333334,50.45666666666666,0.07966666666666669,0.11500000000000002,67.892,0.007166666666666666,0.02983333333333333,0.5513333333333335,0.008833333333333335,0.09483333333333334,0.10066666666666668,0.0625,0.012333333333333335,0.3793333333333334,0.4186666666666667,0.13299999999999998,0.2133333333333333,0.07233333333333335,0.14366666666666672,0.04566666666666667,0.09799999999999999,0.06433333333333334,0.04733333333333334,1.5659999999999998,0.044333333333333336,0.10466666666666667,42.507333333333335,0.10666666666666665,0.20400000000000001,52.57066666666667,0.07233333333333335,0.10433333333333336,69.30999999999999,0.007000000000000001,0.030666666666666672,0.7439999999999999,0.009333333333333334,0.08166666666666669,0.11933333333333333,0.04733333333333334,0.011666666666666665,0.42966666666666664
69,72,2010-03-21,10,2,2009-2010,Espírito Santo,Minas,0,0.374,0.10999999999999997,0.188,0.076,0.15766666666666665,0.053666666666666675,0.104,0.048000000000000015,0.07033333333333334,0.7306666666666667,0.03666666666666667,0.11033333333333332,33.364,0.094,0.18800000000000003,50.418666666666674,0.076,0.11800000000000001,64.76533333333334,0.009333333333333334,0.03800000000000001,0.5846666666666666,0.012000000000000004,0.09866666666666667,0.12000000000000001,0.07033333333333334,0.018666666666666668,0.3496666666666667,0.4553333333333334,0.12399999999999999,0.254,0.07733333333333332,0.1716666666666667,0.051333333333333335,0.12033333333333335,0.10266666666666667,0.07433333333333332,1.442666666666667,0.04133333333333334,0.10433333333333332,39.91066666666667,0.127,0.22433333333333336,56.44866666666666,0.07733333333333332,0.09666666666666666,77.50800000000001,0.004333333333333333,0.033666666666666664,0.4553333333333333,0.013333333333333332,0.1053333333333333,0.13866666666666666,0.07433333333333332,0.011666666666666667,0.5226666666666667
98,71,2010-03-21,10,2,2009-2010,Flamengo,Araraquara,1,0.4589999999999999,0.16800000000000004,0.2206666666666667,0.07033333333333333,0.16099999999999998,0.03833333333333333,0.12266666666666669,0.07200000000000001,0.05933333333333334,1.378,0.056,0.132,42.42,0.11033333333333335,0.19233333333333333,57.368,0.07033333333333333,0.09433333333333331,75.66799999999999,0.010666666666666666,0.04833333333333334,0.942,0.011666666666666669,0.0956666666666667,0.13133333333333333,0.05933333333333334,0.008666666666666666,0.5106666666666667,0.4003333333333333,0.136,0.19866666666666666,0.06566666666666668,0.15099999999999997,0.04033333333333333,0.11066666666666669,0.07,0.07133333333333333,1.034,0.045333333333333344,0.11566666666666665,39.88866666666667,0.09933333333333333,0.185,53.458,0.06566666666666668,0.08833333333333333,75.47666666666667,0.009000000000000001,0.04133333333333334,0.616,0.010666666666666668,0.11000000000000003,0.10533333333333333,0.07133333333333333,0.013666666666666667,0.4233333333333334
74,87,2010-03-23,9,2,2009-2010,Londrina,Bauru Basket,0,0.39266666666666666,0.12899999999999998,0.174,0.08966666666666666,0.14666666666666667,0.04966666666666668,0.09699999999999999,0.06566666666666666,0.072,0.9719999999999999,0.04300000000000001,0.1366666666666667,31.774000000000004,0.087,0.17366666666666666,50.75266666666666,0.08966666666666666,0.11933333333333333,75.336,0.0036666666666666666,0.036333333333333336,0.53,0.012000000000000004,0.106,0.12133333333333332,0.072,0.009333333333333334,0.37133333333333324,0.413,0.12899999999999998,0.2093333333333333,0.07466666666666667,0.14133333333333334,0.04400000000000001,0.09733333333333333,0.05900000000000001,0.047000000000000014,1.4380000000000002,0.04300000000000001,0.10333333333333333,41.745333333333335,0.10466666666666664,0.20566666666666666,51.042666666666676,0.07466666666666667,0.10533333333333336,71.17266666666666,0.007333333333333334,0.033666666666666685,0.832,0.009000000000000001,0.082,0.114,0.047000000000000014,0.011333333333333334,0.417
106,81,2010-03-26,11,2,2009-2010,Brasília,Joinville,1,0.4623333333333333,0.11699999999999999,0.2613333333333333,0.084,0.169,0.05000000000000002,0.11900000000000001,0.089,0.05633333333333334,1.7513333333333336,0.039000000000000014,0.115,33.31933333333334,0.13066666666666665,0.212,62.26800000000001,0.084,0.10733333333333334,76.96933333333332,0.009000000000000001,0.04033333333333334,0.8306666666666668,0.015000000000000001,0.09066666666666666,0.1913333333333333,0.05633333333333334,0.010333333333333335,0.5386666666666667,0.38566666666666666,0.133,0.17666666666666667,0.07600000000000001,0.1595,0.04483333333333334,0.11466666666666667,0.06000000000000001,0.0645,1.0333333333333337,0.04433333333333334,0.1285,34.77066666666666,0.08833333333333333,0.18083333333333335,49.04200000000001,0.07600000000000001,0.11066666666666666,67.12266666666666,0.007166666666666666,0.03116666666666667,0.552,0.009500000000000001,0.09383333333333331,0.10866666666666669,0.0645,0.012333333333333335,0.37000000000000005
94,90,2010-03-26,11,2,2009-2010,Araraquara,Pinheiros,1,0.39733333333333337,0.13299999999999998,0.19266666666666665,0.07166666666666667,0.14966666666666667,0.03900000000000001,0.11066666666666668,0.068,0.07166666666666667,1.0006666666666666,0.044333333333333336,0.11499999999999999,39.33533333333334,0.09633333333333333,0.18333333333333332,52.11933333333332,0.07166666666666667,0.096,74.36533333333334,0.008666666666666666,0.04000000000000001,0.5946666666666667,0.010000000000000002,0.11100000000000003,0.09866666666666667,0.07166666666666667,0.01266666666666667,0.41133333333333333,0.4426666666666667,0.13,0.21866666666666668,0.09400000000000003,0.14866666666666664,0.041666666666666664,0.10700000000000001,0.07133333333333332,0.068,1.0893333333333335,0.04333333333333334,0.11333333333333333,38.69266666666666,0.10933333333333334,0.198,54.852,0.09400000000000003,0.11866666666666666,79.24933333333334,0.010333333333333332,0.03300000000000001,0.5053333333333333,0.017,0.09566666666666666,0.18866666666666668,0.068,0.012,0.4613333333333333
88,85,2010-03-26,11,2,2009-2010,Sesi Franca,Paulistano,1,0.43133333333333324,0.13199999999999998,0.20533333333333334,0.09400000000000003,0.1446666666666667,0.03566666666666667,0.109,0.06766666666666668,0.057666666666666665,1.3293333333333333,0.044000000000000004,0.114,38.82866666666666,0.10266666666666667,0.19333333333333333,53.346666666666664,0.09400000000000003,0.12233333333333335,77.682,0.004333333333333333,0.046666666666666676,0.9066666666666667,0.011666666666666667,0.10500000000000001,0.12399999999999999,0.057666666666666665,0.011666666666666667,0.4553333333333333,0.39999999999999997,0.11200000000000002,0.21400000000000005,0.074,0.151,0.05100000000000001,0.1,0.06533333333333333,0.073,0.9380000000000002,0.037333333333333336,0.11866666666666667,31.34333333333333,0.10700000000000003,0.20233333333333334,53.169999999999995,0.074,0.10766666666666665,69.4,0.006333333333333333,0.03866666666666667,0.5373333333333333,0.009333333333333334,0.10800000000000003,0.08800000000000001,0.073,0.014333333333333333,0.381
101,80,2010-03-26,11,2,2009-2010,Minas,Londrina,1,0.4496666666666667,0.121,0.2506666666666667,0.078,0.17033333333333334,0.049000000000000016,0.12133333333333332,0.10133333333333333,0.074,1.4266666666666667,0.040333333333333346,0.10233333333333335,40.053333333333335,0.12533333333333335,0.221,56.52733333333333,0.078,0.09733333333333333,77.69333333333333,0.004333333333333333,0.034,0.4646666666666667,0.013333333333333336,0.10600000000000001,0.13799999999999998,0.074,0.012,0.5176666666666667,0.3873333333333333,0.12899999999999998,0.17066666666666666,0.08766666666666666,0.147,0.04833333333333334,0.09866666666666667,0.06333333333333332,0.06766666666666667,1.1226666666666667,0.043000000000000003,0.1376666666666667,31.578666666666663,0.08533333333333333,0.1753333333333333,49.05666666666666,0.08766666666666666,0.117,74.90466666666666,0.0036666666666666666,0.03533333333333333,0.5566666666666668,0.011000000000000003,0.105,0.11333333333333333,0.06766666666666667,0.008,0.3623333333333333
83,57,2010-03-26,11,2,2009-2010,Saldanha,Espírito Santo,1,0.35466666666666674,0.06800000000000002,0.23466666666666666,0.05200000000000002,0.147,0.04433333333333334,0.10266666666666668,0.04366666666666668,0.06000000000000001,0.7466666666666665,0.022666666666666672,0.08166666666666665,28.883999999999997,0.11733333333333333,0.23733333333333337,49.32866666666667,0.05200000000000002,0.09200000000000003,56.78866666666667,0.009000000000000001,0.046666666666666676,0.844,0.009666666666666667,0.09466666666666666,0.10533333333333335,0.06000000000000001,0.01633333333333333,0.32266666666666666,0.37500000000000006,0.11199999999999997,0.188,0.075,0.15566666666666668,0.05300000000000002,0.10266666666666667,0.05000000000000001,0.07066666666666666,0.7586666666666667,0.037333333333333336,0.11066666666666666,33.88333333333333,0.094,0.18466666666666667,51.26466666666667,0.075,0.116,65.05133333333333,0.009000000000000001,0.03500000000000001,0.528,0.011666666666666669,0.09733333333333333,0.11866666666666668,0.07066666666666666,0.01833333333333333,0.3516666666666667
108,105,2010-03-26,11,2,2009-2010,Bauru Basket,Flamengo,1,0.41999999999999993,0.13399999999999998,0.212,0.07400000000000001,0.14333333333333337,0.04400000000000001,0.09933333333333332,0.064,0.04500000000000001,1.5420000000000003,0.044666666666666674,0.10333333333333333,43.70666666666667,0.106,0.20933333333333334,50.772666666666666,0.07400000000000001,0.10100000000000002,73.9,0.007333333333333333,0.03333333333333334,0.832,0.008666666666666666,0.082,0.10866666666666666,0.04500000000000001,0.010666666666666666,0.4353333333333333,0.46433333333333326,0.17200000000000001,0.21933333333333335,0.073,0.16166666666666665,0.03733333333333334,0.12433333333333335,0.077,0.062000000000000006,1.4159999999999997,0.05733333333333334,0.132,43.48666666666667,0.10966666666666668,0.18966666666666665,57.87266666666667,0.073,0.09966666666666664,74.05199999999999,0.011333333333333332,0.048666666666666664,0.9099999999999998,0.012333333333333337,0.10033333333333334,0.136,0.062000000000000006,0.011000000000000001,0.5206666666666667
84,89,2010-03-26,11,2,2009-2010,Assis,Coop/São José Basketball,0,0.40099999999999997,0.13899999999999996,0.19133333333333338,0.07066666666666667,0.16066666666666668,0.04666666666666667,0.11400000000000002,0.05799999999999999,0.05400000000000002,1.2706666666666666,0.04633333333333334,0.12866666666666668,36.57266666666666,0.09566666666666669,0.18033333333333332,53.37066666666667,0.07066666666666667,0.1,70.518,0.008333333333333333,0.03266666666666666,0.6839999999999999,0.010666666666666666,0.093,0.11733333333333335,0.05400000000000002,0.013000000000000005,0.4126666666666667,0.402,0.147,0.18400000000000002,0.071,0.1596666666666667,0.05266666666666668,0.107,0.08733333333333333,0.07,1.3199999999999998,0.04900000000000001,0.14066666666666666,34.752,0.09200000000000001,0.16499999999999995,55.73466666666666,0.071,0.10400000000000001,67.928,0.008000000000000002,0.03566666666666667,0.5606666666666666,0.010333333333333332,0.103,0.10400000000000001,0.07,0.007666666666666667,0.42733333333333334
60,95,2010-03-28,12,2,2009-2010,Assis,Flamengo,0,0.3986666666666666,0.14099999999999996,0.18800000000000003,0.06966666666666667,0.15866666666666665,0.04766666666666667,0.11100000000000002,0.06333333333333332,0.05400000000000002,1.346666666666667,0.04700000000000001,0.12933333333333333,36.842,0.09400000000000001,0.18,52.52933333333333,0.06966666666666667,0.09800000000000002,71.086,0.009,0.03333333333333333,0.6933333333333334,0.009333333333333334,0.09266666666666667,0.10066666666666668,0.05400000000000002,0.014333333333333335,0.41266666666666674,0.4756666666666666,0.18000000000000002,0.22266666666666665,0.073,0.156,0.035666666666666666,0.12033333333333335,0.07633333333333334,0.063,1.3739999999999997,0.06000000000000001,0.133,45.220000000000006,0.11133333333333333,0.18833333333333332,59.196000000000005,0.073,0.09933333333333333,74.28999999999999,0.011333333333333332,0.05,0.9106666666666666,0.012000000000000004,0.10066666666666667,0.13266666666666668,0.063,0.010666666666666666,0.5306666666666666
104,79,2010-03-28,12,2,2009-2010,Bauru Basket,Coop/São José Basketball,1,0.43366666666666664,0.141,0.21266666666666664,0.08000000000000002,0.145,0.046666666666666676,0.09833333333333333,0.06433333333333334,0.045333333333333344,1.5420000000000003,0.04700000000000001,0.10899999999999999,43.748666666666665,0.10633333333333332,0.2063333333333333,51.74266666666667,0.08000000000000002,0.10700000000000001,74.9,0.007666666666666667,0.03233333333333334,0.8126666666666668,0.008333333333333333,0.084,0.10066666666666667,0.045333333333333344,0.009666666666666665,0.4493333333333333,0.4130000000000001,0.156,0.18666666666666668,0.07033333333333333,0.1556666666666667,0.05066666666666668,0.10500000000000002,0.09000000000000001,0.06666666666666667,1.4006666666666665,0.052000000000000005,0.14500000000000002,35.68600000000001,0.09333333333333334,0.16299999999999995,57.51266666666666,0.07033333333333333,0.1016666666666667,69.06866666666666,0.007333333333333334,0.035333333333333335,0.5713333333333334,0.010333333333333332,0.10433333333333333,0.10266666666666667,0.06666666666666667,0.006666666666666667,0.4436666666666667
77,78,2010-03-28,12,2,2009-2010,Sesi Franca,Pinheiros,0,0.42900000000000005,0.13099999999999998,0.2046666666666667,0.09333333333333335,0.14133333333333334,0.03333333333333334,0.108,0.066,0.05600000000000001,1.3313333333333333,0.043666666666666666,0.11299999999999999,38.85933333333333,0.10233333333333335,0.19,54.23,0.09333333333333335,0.12300000000000001,76.77333333333333,0.004333333333333333,0.04733333333333334,0.9353333333333335,0.012000000000000004,0.10433333333333335,0.12733333333333335,0.05600000000000001,0.012333333333333332,0.45299999999999996,0.44700000000000006,0.12600000000000003,0.22266666666666665,0.09833333333333334,0.15,0.04333333333333333,0.10666666666666667,0.07400000000000001,0.068,1.1246666666666667,0.04200000000000001,0.11133333333333334,38.29666666666666,0.11133333333333333,0.2026666666666667,54.68533333333333,0.09833333333333334,0.12399999999999997,79.29266666666668,0.010666666666666665,0.03366666666666667,0.5139999999999999,0.016999999999999998,0.09833333333333334,0.1873333333333333,0.068,0.012333333333333335,0.4673333333333334
106,110,2010-03-28,12,2,2009-2010,Araraquara,Paulistano,0,0.40466666666666673,0.13099999999999998,0.19799999999999998,0.07566666666666667,0.15,0.03800000000000001,0.11200000000000003,0.07000000000000002,0.07200000000000001,1.0273333333333332,0.04366666666666667,0.11333333333333333,39.202000000000005,0.09899999999999999,0.184,53.25399999999999,0.07566666666666667,0.10066666666666665,74.40333333333334,0.008666666666666666,0.03866666666666667,0.564,0.009333333333333334,0.11533333333333336,0.08533333333333334,0.07200000000000001,0.013333333333333338,0.4210000000000001,0.4069999999999999,0.119,0.21400000000000002,0.074,0.15166666666666667,0.051000000000000004,0.10066666666666668,0.06766666666666668,0.07333333333333332,0.9746666666666667,0.03966666666666667,0.11899999999999998,33.760666666666665,0.10700000000000001,0.20199999999999999,53.28666666666667,0.074,0.107,69.78666666666666,0.006666666666666667,0.038000000000000006,0.5213333333333333,0.009000000000000001,0.10966666666666668,0.08466666666666668,0.07333333333333332,0.014333333333333333,0.3926666666666667
87,88,2010-03-28,12,2,2009-2010,Minas,Joinville,0,0.4493333333333334,0.11799999999999998,0.24866666666666667,0.08266666666666667,0.16666666666666666,0.04700000000000001,0.11966666666666666,0.10333333333333332,0.07166666666666668,1.4933333333333332,0.03933333333333334,0.10066666666666665,39.67866666666667,0.12433333333333334,0.21933333333333332,56.55200000000001,0.08266666666666667,0.10166666666666666,78.62733333333333,0.005333333333333333,0.036000000000000004,0.5046666666666666,0.014666666666666668,0.10700000000000001,0.15200000000000002,0.07166666666666668,0.012333333333333333,0.523,0.39033333333333337,0.13500000000000004,0.17933333333333332,0.07600000000000001,0.1595,0.043500000000000004,0.11600000000000002,0.06166666666666668,0.06749999999999999,1.0126666666666668,0.045000000000000005,0.1275,35.542,0.08966666666666666,0.18283333333333332,49.23066666666668,0.07600000000000001,0.10966666666666666,67.96333333333332,0.007166666666666666,0.028833333333333332,0.4760000000000001,0.009166666666666667,0.09583333333333334,0.10200000000000002,0.06749999999999999,0.01333333333333333,0.3726666666666667
91,76,2010-03-28,12,2,2009-2010,Brasília,Londrina,1,0.4673333333333333,0.11699999999999999,0.2633333333333333,0.087,0.16933333333333334,0.05033333333333334,0.119,0.08800000000000001,0.05766666666666668,1.6673333333333333,0.039000000000000014,0.11533333333333333,33.23533333333334,0.13166666666666665,0.21466666666666664,61.77933333333335,0.087,0.11066666666666666,77.34466666666667,0.011000000000000001,0.04133333333333334,0.828,0.016,0.09066666666666667,0.204,0.05766666666666668,0.009333333333333334,0.5413333333333334,0.38633333333333336,0.128,0.1746666666666667,0.08366666666666665,0.14500000000000005,0.04733333333333334,0.09766666666666667,0.06233333333333334,0.06799999999999999,1.1106666666666665,0.04266666666666667,0.13333333333333336,31.901999999999997,0.08733333333333335,0.17733333333333334,49.471999999999994,0.08366666666666665,0.11266666666666668,74.93599999999999,0.003666666666666666,0.033666666666666664,0.538,0.010000000000000002,0.10366666666666666,0.10600000000000002,0.06799999999999999,0.008333333333333333,0.35966666666666663
96,70,2010-04-02,13,2,2009-2010,Araraquara,Sesi Franca,1,0.41166666666666674,0.136,0.19866666666666666,0.077,0.15266666666666667,0.04200000000000001,0.11066666666666669,0.073,0.07166666666666667,1.0673333333333332,0.045333333333333344,0.11433333333333334,39.914,0.09933333333333333,0.18666666666666665,52.628,0.077,0.10266666666666666,74.14933333333333,0.009666666666666667,0.03866666666666667,0.5653333333333334,0.010333333333333333,0.11533333333333336,0.09333333333333334,0.07166666666666667,0.012000000000000004,0.4326666666666667,0.43366666666666664,0.137,0.20533333333333337,0.09133333333333335,0.1443333333333333,0.03433333333333334,0.11,0.06866666666666667,0.056333333333333346,1.3799999999999997,0.04566666666666667,0.11466666666666665,39.926,0.10266666666666668,0.191,54.15866666666666,0.09133333333333335,0.12000000000000001,76.24733333333333,0.004333333333333333,0.045666666666666675,0.8953333333333334,0.012333333333333337,0.10233333333333333,0.13266666666666668,0.056333333333333346,0.012666666666666665,0.46233333333333343
91,71,2010-04-02,13,2,2009-2010,Flamengo,Minas,1,0.48266666666666663,0.18000000000000002,0.22533333333333336,0.07733333333333332,0.16066666666666668,0.036333333333333336,0.12433333333333334,0.07633333333333334,0.06066666666666667,1.4066666666666667,0.060000000000000005,0.13533333333333336,44.44200000000001,0.11266666666666668,0.18666666666666665,60.324,0.07733333333333332,0.10499999999999998,74.07333333333332,0.012666666666666665,0.04933333333333333,0.9246666666666667,0.010000000000000002,0.101,0.10533333333333335,0.06066666666666667,0.010666666666666668,0.5413333333333334,0.44333333333333336,0.123,0.24399999999999997,0.07633333333333332,0.16633333333333333,0.04766666666666667,0.11866666666666667,0.10366666666666667,0.07133333333333333,1.5040000000000002,0.041,0.10266666666666667,40.28466666666667,0.12199999999999998,0.218,55.67466666666667,0.07633333333333332,0.09566666666666669,77.61533333333333,0.005333333333333332,0.033666666666666664,0.4773333333333334,0.014333333333333335,0.10866666666666669,0.14733333333333337,0.07133333333333333,0.012666666666666666,0.513
72,84,2010-04-02,13,2,2009-2010,Coop/São José Basketball,Brasília,0,0.4180000000000001,0.15899999999999997,0.18733333333333332,0.07166666666666667,0.15200000000000002,0.04900000000000001,0.10300000000000002,0.09066666666666667,0.06433333333333335,1.4506666666666668,0.05300000000000001,0.14066666666666666,37.60933333333334,0.09366666666666666,0.16566666666666666,56.85133333333333,0.07166666666666667,0.10233333333333336,70.338,0.007666666666666667,0.034,0.5706666666666668,0.009666666666666667,0.10333333333333332,0.09666666666666668,0.06433333333333335,0.006333333333333333,0.44966666666666666,0.4673333333333333,0.114,0.26666666666666666,0.08666666666666667,0.17099999999999999,0.049000000000000016,0.12200000000000001,0.09166666666666666,0.05933333333333334,1.6846666666666665,0.03800000000000001,0.11333333333333333,32.940666666666665,0.13333333333333333,0.21666666666666667,61.94933333333334,0.08666666666666667,0.11066666666666668,76.9,0.011333333333333334,0.043000000000000003,0.8366666666666667,0.017666666666666667,0.09100000000000001,0.22466666666666663,0.05933333333333334,0.009666666666666667,0.5486666666666667
63,71,2010-04-02,13,2,2009-2010,Joinville,Saldanha,0,0.39433333333333337,0.131,0.18066666666666667,0.08266666666666668,0.1585,0.04416666666666668,0.11433333333333333,0.06199999999999999,0.06816666666666667,0.9686666666666668,0.04366666666666667,0.12383333333333331,35.31333333333334,0.09033333333333333,0.1845,49.153333333333336,0.08266666666666668,0.11866666666666668,67.67533333333333,0.007499999999999999,0.02983333333333333,0.48200000000000004,0.008833333333333334,0.09716666666666667,0.09533333333333334,0.06816666666666667,0.013000000000000001,0.375,0.35866666666666663,0.069,0.2353333333333333,0.054333333333333345,0.14900000000000002,0.045333333333333344,0.10366666666666667,0.04433333333333334,0.05933333333333335,0.7926666666666666,0.023000000000000007,0.078,30.572,0.11766666666666666,0.23800000000000004,49.32133333333333,0.054333333333333345,0.09533333333333334,57.01066666666667,0.009333333333333334,0.046000000000000006,0.8593333333333334,0.010333333333333335,0.09599999999999999,0.11133333333333335,0.05933333333333335,0.016666666666666663,0.33266666666666667
95,86,2010-04-02,13,2,2009-2010,Paulistano,Bauru Basket,1,0.4153333333333333,0.12199999999999998,0.2146666666666667,0.07866666666666668,0.15366666666666667,0.052000000000000005,0.10166666666666667,0.07,0.073,1.0159999999999998,0.04066666666666667,0.12133333333333333,33.96666666666667,0.10733333333333335,0.20199999999999999,53.41733333333333,0.07866666666666668,0.11133333333333333,71.13733333333333,0.007666666666666667,0.03866666666666667,0.5353333333333334,0.008333333333333333,0.10766666666666667,0.07933333333333334,0.073,0.013666666666666667,0.405,0.44,0.147,0.21399999999999997,0.079,0.145,0.04600000000000001,0.09899999999999999,0.067,0.04866666666666668,1.4133333333333336,0.04900000000000001,0.10833333333333332,45.67333333333333,0.10699999999999998,0.20266666666666666,53.27866666666667,0.079,0.10633333333333332,74.47066666666666,0.007333333333333333,0.03200000000000001,0.7126666666666668,0.008666666666666666,0.08499999999999999,0.10333333333333333,0.04866666666666668,0.010333333333333333,0.46166666666666667
81,73,2010-04-02,13,2,2009-2010,Londrina,Espírito Santo,1,0.38433333333333336,0.129,0.17400000000000002,0.08133333333333333,0.14433333333333334,0.04633333333333334,0.09800000000000002,0.06199999999999999,0.07133333333333332,1.0799999999999998,0.04300000000000001,0.13333333333333333,32.205333333333336,0.08700000000000001,0.18033333333333335,48.472,0.08133333333333333,0.10800000000000001,75.37933333333334,0.003666666666666666,0.034,0.5233333333333333,0.010333333333333333,0.104,0.10866666666666669,0.07133333333333332,0.009333333333333332,0.3533333333333334,0.37100000000000005,0.10899999999999999,0.18533333333333332,0.07666666666666666,0.151,0.05000000000000002,0.10099999999999999,0.04666666666666667,0.06833333333333332,0.7113333333333334,0.036333333333333336,0.10833333333333336,33.498000000000005,0.09266666666666666,0.183,50.95,0.07666666666666666,0.11833333333333335,65.34733333333334,0.008666666666666666,0.03566666666666667,0.5753333333333334,0.011000000000000003,0.1,0.11066666666666668,0.06833333333333332,0.019666666666666662,0.343
83,80,2010-04-02,13,2,2009-2010,Pinheiros,Assis,1,0.4383333333333333,0.12699999999999997,0.21533333333333332,0.096,0.148,0.043666666666666666,0.10433333333333336,0.07200000000000001,0.06566666666666668,1.1300000000000001,0.04233333333333334,0.11433333333333336,37.63199999999999,0.10766666666666666,0.19866666666666666,54.01866666666667,0.096,0.11800000000000002,80.78800000000001,0.010333333333333335,0.03266666666666666,0.516,0.01733333333333333,0.09766666666666667,0.19266666666666668,0.06566666666666668,0.013000000000000001,0.45766666666666667,0.38933333333333325,0.137,0.18400000000000002,0.06833333333333334,0.15766666666666668,0.048000000000000015,0.10966666666666666,0.06333333333333332,0.05200000000000002,1.3706666666666663,0.04566666666666666,0.13166666666666665,35.49866666666666,0.09200000000000001,0.18,51.196000000000005,0.06833333333333334,0.09533333333333335,71.76933333333334,0.007666666666666667,0.03266666666666667,0.6986666666666667,0.009000000000000001,0.09233333333333334,0.09800000000000002,0.05200000000000002,0.013333333333333332,0.399
96,87,2010-04-04,14,2,2009-2010,Pinheiros,Bauru Basket,1,0.43499999999999994,0.126,0.21600000000000003,0.093,0.14766666666666667,0.044333333333333336,0.10333333333333336,0.07166666666666667,0.06733333333333333,1.1066666666666667,0.04200000000000001,0.11533333333333334,36.754666666666665,0.10800000000000001,0.19833333333333333,54.30999999999999,0.093,0.11533333333333336,80.07600000000001,0.009666666666666667,0.033,0.5159999999999999,0.01633333333333333,0.09833333333333336,0.16933333333333334,0.06733333333333333,0.014,0.45033333333333336,0.4423333333333333,0.147,0.21533333333333332,0.08000000000000002,0.14433333333333334,0.04766666666666667,0.09666666666666665,0.06966666666666668,0.05100000000000001,1.412,0.049000000000000016,0.10966666666666666,45.00266666666667,0.10766666666666666,0.19933333333333333,54.32866666666666,0.08000000000000002,0.108,74.27,0.007333333333333333,0.03266666666666667,0.6986666666666668,0.008,0.08533333333333333,0.09266666666666667,0.05100000000000001,0.010666666666666666,0.4656666666666666
85,74,2010-04-04,14,2,2009-2010,Coop/São José Basketball,Minas,1,0.41200000000000003,0.153,0.18800000000000003,0.071,0.15,0.051333333333333335,0.09866666666666668,0.09466666666666668,0.06666666666666668,1.4746666666666668,0.05100000000000001,0.14133333333333334,36.236666666666665,0.09400000000000001,0.16766666666666669,56.29066666666666,0.071,0.09900000000000002,72.012,0.007666666666666667,0.03366666666666667,0.5373333333333333,0.009666666666666667,0.10600000000000001,0.09200000000000003,0.06666666666666668,0.007333333333333334,0.44133333333333336,0.4366666666666667,0.116,0.24666666666666665,0.074,0.165,0.047333333333333345,0.11766666666666664,0.10300000000000001,0.07066666666666667,1.5073333333333332,0.03866666666666667,0.09866666666666667,38.418000000000006,0.12333333333333332,0.21766666666666665,56.33133333333333,0.074,0.096,75.42933333333333,0.005333333333333332,0.03233333333333334,0.4626666666666666,0.014000000000000002,0.10866666666666668,0.14333333333333337,0.07066666666666667,0.012666666666666666,0.504
81,87,2010-04-04,14,2,2009-2010,Paulistano,Assis,0,0.4226666666666666,0.13100000000000003,0.21466666666666664,0.07700000000000001,0.15366666666666667,0.05233333333333334,0.10133333333333334,0.07433333333333333,0.07266666666666666,1.0986666666666667,0.043666666666666666,0.12333333333333332,36.315333333333335,0.10733333333333332,0.20099999999999996,53.68066666666667,0.07700000000000001,0.10966666666666665,69.94666666666667,0.007666666666666666,0.04100000000000001,0.5786666666666667,0.008666666666666665,0.109,0.082,0.07266666666666666,0.012333333333333335,0.42166666666666675,0.3853333333333333,0.13499999999999998,0.18800000000000003,0.062333333333333345,0.15600000000000003,0.05000000000000001,0.106,0.064,0.05400000000000002,1.3406666666666667,0.045000000000000005,0.1313333333333333,35.152,0.09400000000000001,0.184,50.982,0.062333333333333345,0.08900000000000001,69.97866666666667,0.008333333333333333,0.03633333333333334,0.744,0.008666666666666668,0.09100000000000001,0.09600000000000002,0.05400000000000002,0.014,0.39333333333333337
99,83,2010-04-04,14,2,2009-2010,Londrina,Saldanha,1,0.3866666666666667,0.132,0.16733333333333336,0.08733333333333333,0.14100000000000001,0.04466666666666667,0.09633333333333335,0.06366666666666668,0.07066666666666666,1.1186666666666665,0.044000000000000004,0.133,33.14733333333333,0.08366666666666668,0.175,48.25266666666667,0.08733333333333333,0.11533333333333334,76.22933333333334,0.003666666666666666,0.03666666666666667,0.5726666666666667,0.010666666666666666,0.107,0.10666666666666667,0.07066666666666666,0.009333333333333334,0.35966666666666675,0.35400000000000004,0.069,0.22933333333333333,0.05566666666666666,0.15533333333333338,0.04900000000000001,0.10633333333333335,0.042333333333333334,0.05800000000000002,0.7733333333333332,0.023000000000000007,0.07666666666666667,31.019999999999996,0.11466666666666667,0.23966666666666675,47.721333333333334,0.05566666666666666,0.09533333333333334,58.34400000000001,0.009666666666666667,0.045000000000000005,0.8793333333333334,0.011333333333333336,0.09799999999999999,0.12266666666666669,0.05800000000000002,0.01733333333333333,0.3316666666666667
73,65,2010-04-04,14,2,2009-2010,Joinville,Espírito Santo,1,0.3853333333333334,0.13099999999999998,0.17600000000000002,0.07833333333333332,0.1581666666666667,0.04583333333333335,0.11233333333333334,0.05866666666666667,0.06783333333333334,0.9066666666666666,0.04366666666666667,0.12616666666666665,34.812,0.08800000000000001,0.18283333333333335,48.354000000000006,0.07833333333333332,0.11466666666666668,66.18733333333333,0.006833333333333334,0.03016666666666667,0.4926666666666667,0.0095,0.09583333333333334,0.10266666666666667,0.06783333333333334,0.011333333333333332,0.3603333333333333,0.3703333333333333,0.10600000000000001,0.18533333333333332,0.07899999999999999,0.15399999999999997,0.053333333333333344,0.10066666666666665,0.048,0.06799999999999999,0.7373333333333334,0.035333333333333335,0.10733333333333335,32.90266666666667,0.09266666666666666,0.18233333333333332,51.11533333333333,0.07899999999999999,0.12233333333333336,65.28933333333333,0.010333333333333333,0.035333333333333335,0.574,0.010000000000000002,0.10266666666666667,0.10066666666666667,0.06799999999999999,0.019999999999999997,0.3446666666666667
90,83,2010-04-04,14,2,2009-2010,Brasília,Flamengo,1,0.46266666666666667,0.12000000000000001,0.26133333333333336,0.08133333333333333,0.1713333333333333,0.05133333333333335,0.12000000000000001,0.089,0.061000000000000006,1.6206666666666665,0.04000000000000001,0.11566666666666665,33.81733333333333,0.13066666666666668,0.21266666666666667,61.71866666666667,0.08133333333333333,0.10633333333333335,75.67599999999999,0.011333333333333334,0.040999999999999995,0.7946666666666666,0.017666666666666667,0.09000000000000001,0.2253333333333333,0.061000000000000006,0.009333333333333334,0.538,0.4773333333333333,0.18500000000000003,0.21933333333333332,0.073,0.15966666666666665,0.035333333333333335,0.12433333333333334,0.07533333333333332,0.05766666666666667,1.4800000000000002,0.06166666666666667,0.13933333333333336,43.92333333333334,0.10966666666666666,0.18433333333333332,59.46066666666666,0.073,0.10099999999999998,72.32999999999998,0.013333333333333332,0.048999999999999995,0.9600000000000001,0.009000000000000001,0.099,0.09666666666666669,0.05766666666666667,0.010666666666666668,0.5323333333333333
71,104,2011-11-19,1,1,2011-2012,Tijuca,Pinheiros,0,0.0,0.0,0.0,0.0,0.0,0.0,0.0,0.0,0.0,0.0,0.0,0.0,0.0,0.0,0.0,0.0,0.0,0.0,0.0,0.0,0.0,0.0,0.0,0.0,0.0,0.0,0.0,0.0,0.0,0.0,0.0,0.0,0.0,0.0,0.0,0.0,0.0,0.0,0.0,0.0,0.0,0.0,0.0,0.0,0.0,0.0,0.0,0.0,0.0,0.0,0.0,0.0,0.0,0.0,0.0,0.0
88,78,2011-11-19,1,1,2011-2012,Flamengo,Paulistano,1,0.0,0.0,0.0,0.0,0.0,0.0,0.0,0.0,0.0,0.0,0.0,0.0,0.0,0.0,0.0,0.0,0.0,0.0,0.0,0.0,0.0,0.0,0.0,0.0,0.0,0.0,0.0,0.0,0.0,0.0,0.0,0.0,0.0,0.0,0.0,0.0,0.0,0.0,0.0,0.0,0.0,0.0,0.0,0.0,0.0,0.0,0.0,0.0,0.0,0.0,0.0,0.0,0.0,0.0,0.0,0.0
102,69,2011-11-19,1,1,2011-2012,Uberlândia,Araraquara,1,0.0,0.0,0.0,0.0,0.0,0.0,0.0,0.0,0.0,0.0,0.0,0.0,0.0,0.0,0.0,0.0,0.0,0.0,0.0,0.0,0.0,0.0,0.0,0.0,0.0,0.0,0.0,0.0,0.0,0.0,0.0,0.0,0.0,0.0,0.0,0.0,0.0,0.0,0.0,0.0,0.0,0.0,0.0,0.0,0.0,0.0,0.0,0.0,0.0,0.0,0.0,0.0,0.0,0.0,0.0,0.0
70,82,2011-11-21,2,1,2011-2012,Joinville,Brasília,0,0.0,0.0,0.0,0.0,0.0,0.0,0.0,0.0,0.0,0.0,0.0,0.0,0.0,0.0,0.0,0.0,0.0,0.0,0.0,0.0,0.0,0.0,0.0,0.0,0.0,0.0,0.0,0.0,0.0,0.0,0.0,0.0,0.0,0.0,0.0,0.0,0.0,0.0,0.0,0.0,0.0,0.0,0.0,0.0,0.0,0.0,0.0,0.0,0.0,0.0,0.0,0.0,0.0,0.0,0.0,0.0
87,81,2011-11-21,2,1,2011-2012,Sesi Franca,Araraquara,1,0.0,0.0,0.0,0.0,0.0,0.0,0.0,0.0,0.0,0.0,0.0,0.0,0.0,0.0,0.0,0.0,0.0,0.0,0.0,0.0,0.0,0.0,0.0,0.0,0.0,0.0,0.0,0.0,0.35007610350076107,0.076103500761035,0.23338406900050737,0.04058853373921867,0.12683916793505834,0.05073566717402334,0.076103500761035,0.04566210045662101,0.055809233891425676,0.82,0.02536783358701167,0.10654490106544902,23.81,0.11669203450025369,0.24860476915271437,46.94,0.04058853373921867,0.05073566717402334,80.0,0.010147133434804667,0.035514967021816335,0.64,0.010147133434804667,0.06088280060882801,0.17,0.055809233891425676,0.020294266869609334,0.289193302891933
68,65,2011-11-21,2,1,2011-2012,Coop/São José Basketball,Minas,1,0.0,0.0,0.0,0.0,0.0,0.0,0.0,0.0,0.0,0.0,0.0,0.0,0.0,0.0,0.0,0.0,0.0,0.0,0.0,0.0,0.0,0.0,0.0,0.0,0.0,0.0,0.0,0.0,0.0,0.0,0.0,0.0,0.0,0.0,0.0,0.0,0.0,0.0,0.0,0.0,0.0,0.0,0.0,0.0,0.0,0.0,0.0,0.0,0.0,0.0,0.0,0.0,0.0,0.0,0.0,0.0
87,82,2011-11-21,2,1,2011-2012,Uberlândia,Limeira,1,0.51,0.15,0.32,0.04,0.17,0.02,0.15,0.115,0.065,1.77,0.05,0.125,40.0,0.16,0.2,80.0,0.04,0.06,66.67,0.03,0.04,0.62,0.025,0.05,0.5,0.065,0.015,0.66,0.0,0.0,0.0,0.0,0.0,0.0,0.0,0.0,0.0,0.0,0.0,0.0,0.0,0.0,0.0,0.0,0.0,0.0,0.0,0.0,0.0,0.0,0.0,0.0,0.0,0.0,0.0,0.0
63,81,2011-11-21,2,1,2011-2012,Tijuca,Paulistano,0,0.355,0.09,0.19,0.075,0.07,0.02,0.05,0.06,0.095,0.63,0.03,0.075,40.0,0.095,0.175,54.29,0.075,0.11,68.18,0.0,0.01,0.11,0.01,0.09,0.11,0.095,0.03,0.25,0.39068369646882045,0.09015777610818933,0.25043826696719257,0.050087653393438514,0.13022789882294014,0.045078888054094664,0.08514901076884547,0.040070122714750814,0.050087653393438514,0.8,0.03005259203606311,0.11019283746556474,27.27,0.12521913348359628,0.21036814425244177,59.52,0.050087653393438514,0.06511394941147007,76.92,0.005008765339343852,0.03005259203606311,0.6,0.010017530678687703,0.11019283746556474,0.09,0.050087653393438514,0.015026296018031555,0.370648635111445
91,77,2011-11-21,2,1,2011-2012,Bauru Basket,Espírito Santo,1,0.0,0.0,0.0,0.0,0.0,0.0,0.0,0.0,0.0,0.0,0.0,0.0,0.0,0.0,0.0,0.0,0.0,0.0,0.0,0.0,0.0,0.0,0.0,0.0,0.0,0.0,0.0,0.0,0.0,0.0,0.0,0.0,0.0,0.0,0.0,0.0,0.0,0.0,0.0,0.0,0.0,0.0,0.0,0.0,0.0,0.0,0.0,0.0,0.0,0.0,0.0,0.0,0.0,0.0,0.0,0.0
84,89,2011-11-21,2,1,2011-2012,Flamengo,Pinheiros,0,0.44776878848013024,0.12211876049458098,0.2137078308655167,0.11194219712003256,0.16282501399277463,0.04070625349819366,0.12211876049458098,0.07123594362183891,0.0661476619345647,1.08,0.04070625349819366,0.08650078868366153,47.06,0.10685391543275835,0.17808985905459726,60.0,0.11194219712003256,0.14247188724367782,78.57,0.010176563374548414,0.02035312674909683,0.31,0.0,0.08141250699638732,0.0,0.0661476619345647,0.010176563374548414,0.4884750419783239,0.52,0.165,0.29,0.065,0.14,0.045,0.095,0.095,0.06,1.58,0.055,0.115,47.83,0.145,0.225,64.44,0.065,0.07,92.86,0.025,0.06,1.0,0.02,0.105,0.19,0.06,0.03,0.63
62,81,2011-11-24,3,1,2011-2012,L. Sorocabana,Coop/São José Basketball,0,0.0,0.0,0.0,0.0,0.0,0.0,0.0,0.0,0.0,0.0,0.0,0.0,0.0,0.0,0.0,0.0,0.0,0.0,0.0,0.0,0.0,0.0,0.0,0.0,0.0,0.0,0.0,0.0,0.34,0.075,0.18,0.085,0.115,0.045,0.07,0.065,0.065,1.0,0.025,0.105,23.81,0.09,0.18,50.0,0.085,0.09,94.44,0.0,0.065,1.0,0.01,0.075,0.13,0.065,0.01,0.355
75,73,2011-11-24,3,1,2011-2012,Espírito Santo,Araraquara,1,0.385,0.135,0.18,0.07,0.14,0.045,0.095,0.045,0.055,0.82,0.045,0.12,37.5,0.09,0.21,42.86,0.07,0.09,77.78,0.0,0.03,0.55,0.005,0.06,0.08,0.055,0.03,0.335,0.3775380517503806,0.1130517503805175,0.2166920345002537,0.04779426686960933,0.14341958396752919,0.04536783358701167,0.0980517503805175,0.06033105022831051,0.05540461694571284,1.09,0.037683916793505835,0.1132724505327245,32.74,0.10834601725012685,0.22930238457635718,47.28,0.04779426686960933,0.06286783358701167,76.66499999999999,0.0050735667174023336,0.03525748351090817,0.64,0.017573566717402334,0.090441400304414,0.19,0.05540461694571284,0.012647133434804668,0.3670966514459665
70,83,2011-11-24,3,1,2011-2012,Minas,Flamengo,0,0.325,0.045,0.22,0.06,0.155,0.03,0.125,0.05,0.085,0.59,0.015,0.065,23.08,0.11,0.18,61.11,0.06,0.08,75.0,0.0,0.035,0.41,0.01,0.08,0.13,0.085,0.01,0.35,0.41117536413973066,0.12794901235431388,0.2227959444182656,0.060430407367151176,0.1616800655248154,0.03819036197763641,0.123489703547179,0.07798140547870094,0.0732076102314964,1.07,0.042649670784771304,0.09453244562388205,45.269999999999996,0.1113979722091328,0.1826904144771314,60.95,0.060430407367151176,0.0801545612361087,64.285,0.011777244897976548,0.023554489795953096,0.32,0.0,0.08752899597311004,0.0,0.0732076102314964,0.014006899301543994,0.45828434373163685
109,78,2011-11-24,3,1,2011-2012,Brasília,Tijuca,1,0.45497419963380126,0.09987238528546857,0.26632636076124955,0.08877545358708318,0.12206624868223936,0.04438772679354159,0.07767852188869778,0.04993619264273429,0.06103312434111968,0.82,0.03329079509515619,0.11651778283304667,28.57,0.13316318038062477,0.17200244132497367,77.42,0.08877545358708318,0.11096931698385397,80.0,0.0,0.07213005603950508,1.18,0.011096931698385397,0.12206624868223936,0.09,0.06103312434111968,0.016645397547578097,0.5049103922765356,0.33499999999999996,0.0975,0.16,0.0775,0.0975,0.025,0.07250000000000001,0.045,0.09,0.49,0.0325,0.0975,34.585,0.08,0.16499999999999998,48.114999999999995,0.0775,0.1,78.535,0.005,0.022500000000000003,0.26,0.015,0.08249999999999999,0.19,0.09,0.017499999999999998,0.2525
81,90,2011-11-24,3,1,2011-2012,Pinheiros,Uberlândia,0,0.4577777777777778,0.14250000000000002,0.25166666666666665,0.06361111111111112,0.13222222222222224,0.03805555555555555,0.09416666666666668,0.08083333333333334,0.05,1.625,0.0475,0.10416666666666667,45.345,0.12583333333333332,0.21472222222222223,58.305,0.06361111111111112,0.07500000000000001,85.32,0.021388888888888888,0.04777777777777778,0.9450000000000001,0.012222222222222223,0.07694444444444444,0.14,0.05,0.017222222222222222,0.5238888888888888,0.47250000000000003,0.14250000000000002,0.28,0.05,0.1575,0.0175,0.14,0.11,0.0675,1.635,0.0475,0.1225,38.75,0.14,0.185,75.295,0.05,0.0675,73.33500000000001,0.02,0.04,0.595,0.0275,0.065,0.44,0.0675,0.0125,0.6025
85,70,2011-11-24,3,1,2011-2012,Bauru Basket,Joinville,1,0.455,0.165,0.26,0.03,0.18,0.03,0.15,0.105,0.075,1.4,0.055,0.135,40.74,0.13,0.185,70.27,0.03,0.04,75.0,0.03,0.02,0.27,0.02,0.1,0.2,0.075,0.005,0.56,0.35392860754373545,0.06067347557892608,0.20224491859642027,0.09101021336838912,0.1466275659824047,0.05561735261401557,0.09101021336838912,0.05056122964910507,0.08595409040347861,0.59,0.020224491859642025,0.09606633633329963,21.05,0.10112245929821014,0.22246941045606228,45.45,0.09101021336838912,0.13651532005258368,66.67,0.01516836889473152,0.04550510668419456,0.53,0.0,0.10617858226312064,0.0,0.08595409040347861,0.010112245929821012,0.26797451714025683
110,72,2011-11-26,4,1,2011-2012,Flamengo,Brasília,1,0.41245024275982045,0.1252993415695426,0.21853062961217706,0.06862027157810079,0.1544533770165436,0.033793574651757606,0.120659802364786,0.07865427031913397,0.07880507348766426,1.01,0.04176644718984754,0.09302163041592137,44.99333333333333,0.10926531480608853,0.18679360965142097,58.583333333333336,0.06862027157810079,0.08510304082407245,72.67999999999999,0.007851496598651033,0.03570299319730206,0.4366666666666667,0.005,0.0816859973154067,0.06999999999999999,0.07880507348766426,0.019337932867695997,0.4621895624877579,0.49998709981690065,0.1324361926427343,0.2931631803806248,0.07438772679354158,0.1435331243411197,0.042193863396770795,0.10133926094434889,0.08246809632136715,0.07301656217055985,1.085,0.0441453975475781,0.12825889141652336,33.93,0.1465815901903124,0.18350122066248684,79.735,0.07438772679354158,0.090484658491927,82.85499999999999,0.0025,0.06606502801975253,0.945,0.0155484658491927,0.11603312434111968,0.135,0.07301656217055985,0.01582269877378905,0.5974551961382677
77,63,2011-11-26,4,1,2011-2012,L. Sorocabana,Joinville,1,0.33151534595230453,0.09624639076034648,0.19249278152069296,0.0427761736712651,0.1283285210137953,0.05347021708908138,0.07485830392471393,0.02138808683563255,0.04812319538017324,0.44,0.032082130253448825,0.0855523473425302,37.5,0.09624639076034648,0.155063629558336,62.07,0.0427761736712651,0.06416426050689765,66.67,0.0,0.02673510854454069,0.56,0.010694043417816275,0.07485830392471393,0.14,0.04812319538017324,0.0053470217089081375,0.3368623676612127,0.3519643037718677,0.07533673778946304,0.21112245929821014,0.06550510668419456,0.10581378299120235,0.030308676307007783,0.07550510668419455,0.060280614824552534,0.0804770452017393,0.76,0.02511224592982101,0.0955331681666498,26.314999999999998,0.10556122964910507,0.18623470522803115,59.39,0.06550510668419456,0.08825766002629185,83.33500000000001,0.01008418444736576,0.04025255334209728,0.5,0.0,0.09558929113156032,0.0,0.0804770452017393,0.012556122964910505,0.3039872585701284
84,78,2011-11-26,4,1,2011-2012,Bauru Basket,Coop/São José Basketball,1,0.44,0.14250000000000002,0.25,0.0475,0.16249999999999998,0.0525,0.11,0.0875,0.0625,1.4,0.0475,0.11750000000000001,40.370000000000005,0.125,0.1975,63.705,0.0475,0.06,78.125,0.025,0.04,0.735,0.0175,0.09,0.195,0.0625,0.01,0.53,0.37250000000000005,0.1425,0.16,0.07,0.14250000000000002,0.0325,0.11,0.08,0.07500000000000001,1.06,0.0475,0.1225,36.905,0.08,0.16249999999999998,49.14,0.07,0.0775,89.53,0.0,0.05,0.705,0.02,0.07250000000000001,0.28,0.07500000000000001,0.01,0.425
62,73,2011-11-26,4,1,2011-2012,Minas,Tijuca,0,0.3377014817039595,0.05253453972067878,0.24014967212294136,0.04501726986033939,0.1651007408519798,0.057548931270961605,0.10755180958101818,0.04502302648045252,0.0775402963407919,0.58,0.017511513240226262,0.0825575662011313,21.54,0.12007483606147068,0.23016118536316763,53.769999999999996,0.04501726986033939,0.06002302648045252,75.0,0.0,0.037523026480452526,0.49,0.017514391550282823,0.07754317465084848,0.23,0.0775402963407919,0.005,0.33518421184362013,0.35333333333333333,0.105,0.16333333333333333,0.085,0.10166666666666667,0.03,0.07166666666666667,0.049999999999999996,0.09000000000000001,0.5499999999999999,0.035,0.09999999999999999,35.75666666666667,0.08166666666666667,0.17833333333333332,45.89666666666667,0.085,0.10833333333333334,79.02333333333333,0.006666666666666667,0.03333333333333333,0.37666666666666665,0.013333333333333334,0.07833333333333332,0.17333333333333334,0.09000000000000001,0.015,0.27666666666666667
94,81,2011-11-26,4,1,2011-2012,Paulistano,Uberlândia,1,0.39784184823441027,0.08257888805409466,0.25521913348359626,0.06004382669671926,0.14011394941147007,0.04753944402704734,0.09257450538442275,0.03253506135737541,0.055043826696719256,0.61,0.027526296018031554,0.10009641873278237,27.525,0.12760956674179813,0.21768407212622087,58.650000000000006,0.06004382669671926,0.07505697470573504,79.63499999999999,0.010004382669671925,0.037526296018031556,0.675,0.007508765339343852,0.10509641873278237,0.07,0.055043826696719256,0.015013148009015778,0.38282431755572255,0.465,0.14,0.26333333333333336,0.06166666666666667,0.15,0.018333333333333337,0.13166666666666668,0.09166666666666667,0.06166666666666667,1.4566666666666668,0.04666666666666667,0.11666666666666665,40.12,0.13166666666666668,0.19833333333333333,67.23333333333333,0.06166666666666667,0.07666666666666667,78.71333333333334,0.016666666666666666,0.04,0.6633333333333333,0.02,0.07333333333333333,0.3133333333333333,0.06166666666666667,0.013333333333333334,0.5533333333333333
102,69,2011-11-26,4,1,2011-2012,Pinheiros,Sesi Franca,1,0.4401851851851852,0.14,0.23444444444444446,0.06574074074074075,0.14481481481481484,0.04037037037037037,0.10444444444444445,0.0788888888888889,0.05833333333333333,1.4166666666666667,0.04666666666666667,0.10777777777777779,43.27333333333333,0.11722222222222223,0.2114814814814815,55.129999999999995,0.06574074074074075,0.08166666666666668,81.44,0.02259259259259259,0.041851851851851855,0.7633333333333333,0.01314814814814815,0.08462962962962962,0.14333333333333334,0.05833333333333333,0.01814814814814815,0.4892592592592592,0.435,0.12,0.18,0.135,0.19,0.05,0.14,0.07,0.05,1.4,0.04,0.085,47.06,0.09,0.21,42.86,0.135,0.165,81.82,0.005,0.04,0.8,0.005,0.09,0.06,0.05,0.01,0.495
51,99,2011-11-26,4,1,2011-2012,Espírito Santo,Limeira,0,0.3801219542702757,0.14254878170811028,0.17505528593585828,0.0625178866263071,0.13504227748036224,0.042513008455496076,0.09252926902486616,0.057522764797118126,0.07002764296792915,0.82,0.04751626056937009,0.12504227748036223,37.980000000000004,0.08752764296792914,0.18255040776504727,48.85,0.0625178866263071,0.08502601691099215,73.265,0.002501626056937009,0.042517886626307094,0.6000000000000001,0.005001626056937009,0.08003252113874018,0.065,0.07002764296792915,0.022504878170811028,0.3551219542702757,0.41,0.195,0.16,0.055,0.13,0.035,0.095,0.07,0.05,1.4,0.065,0.115,56.52,0.08,0.22,36.36,0.055,0.07,78.57,0.0,0.04,0.8,0.01,0.08,0.13,0.05,0.015,0.405
82,71,2011-11-28,3,1,2011-2012,Paulistano,Sesi Franca,1,0.4221063514005867,0.09009990590979265,0.2669434320688886,0.06506301342190536,0.15182148939719595,0.050051079475699416,0.10177040992149654,0.04171707740419096,0.05839184067202636,0.7133333333333334,0.03003330196993088,0.10177825969558445,29.459999999999997,0.1334717160344443,0.22523086074791,59.24000000000001,0.06506301342190536,0.08174745759434056,79.40666666666665,0.01000742786299362,0.03336212922005188,0.5766666666666667,0.010012602684381073,0.11345619157028197,0.08666666666666667,0.05839184067202636,0.011677685047616687,0.42043926282282573,0.39,0.08249999999999999,0.195,0.1125,0.1925,0.060000000000000005,0.1325,0.07250000000000001,0.0875,1.0,0.0275,0.07500000000000001,35.07,0.0975,0.23249999999999998,42.019999999999996,0.1125,0.14250000000000002,78.41,0.005,0.037500000000000006,0.54,0.005,0.0975,0.055,0.0875,0.01,0.39749999999999996
85,78,2011-12-01,5,1,2011-2012,Tijuca,L. Sorocabana,1,0.35625,0.09,0.1725,0.09375,0.12,0.03875,0.08125,0.05125,0.08375,0.625,0.030000000000000002,0.095,31.505000000000003,0.08625,0.18499999999999997,46.6175,0.09375,0.12,78.6225,0.00625,0.03375,0.4175,0.0125,0.08625,0.1525,0.08375,0.015,0.30000000000000004,0.3582576729761523,0.10062319538017324,0.1812463907603465,0.07638808683563256,0.15166426050689763,0.06673510854454069,0.08492915196235697,0.030694043417816275,0.06906159769008662,0.44,0.03354106512672442,0.0877761736712651,38.195,0.09062319538017324,0.165031814779168,55.32,0.07638808683563256,0.11208213025344882,67.71000000000001,0.0025,0.03836755427227034,0.56,0.010347021708908138,0.08742915196235697,0.12000000000000001,0.06906159769008662,0.010173510854454068,0.35593118383060635
77,89,2011-12-01,5,1,2011-2012,Sesi Franca,Minas,0,0.37833333333333335,0.08999999999999998,0.19333333333333336,0.09500000000000001,0.17833333333333334,0.055,0.12333333333333334,0.07833333333333334,0.08333333333333333,1.0666666666666667,0.03,0.07500000000000001,38.93666666666667,0.09666666666666668,0.23166666666666666,41.779999999999994,0.09500000000000001,0.12000000000000001,78.94,0.005,0.03166666666666667,0.45,0.005,0.105,0.049999999999999996,0.08333333333333333,0.011666666666666667,0.3833333333333333,0.32846765446930637,0.06502302648045251,0.21343311474862758,0.050011513240226256,0.17506716056798655,0.06503262084730774,0.11003453972067878,0.05001535098696835,0.07169353089386127,0.7200000000000001,0.02167434216015084,0.08670504413408753,24.886666666666667,0.10671655737431379,0.22344079024211175,48.54666666666666,0.050011513240226256,0.07501535098696833,69.04666666666667,0.0033333333333333335,0.03668201765363502,0.52,0.01834292770018855,0.09669544976723232,0.20333333333333334,0.07169353089386127,0.006666666666666667,0.3301228078957468
87,47,2011-12-01,5,1,2011-2012,Coop/São José Basketball,Espírito Santo,1,0.3785155884905535,0.1400630883236531,0.1700887909740303,0.06836370919287003,0.14507009813739236,0.03334968956539155,0.11172040857200079,0.07336137258829027,0.07169704252620336,1.0133333333333334,0.04668769610788437,0.12172274517658055,37.10333333333333,0.08504439548701515,0.1634104412844649,51.95333333333334,0.06836370919287003,0.08170872554910208,83.76,0.0016690032712464115,0.03667133987582616,0.5199999999999999,0.020009346418318977,0.07670638894452234,0.26666666666666666,0.07169704252620336,0.015011683022898724,0.41518459176179984,0.3384146361801838,0.14003252113874018,0.14337019062390552,0.05501192441753807,0.13336151832024148,0.04167533897033072,0.09168617934991079,0.05001517653141208,0.07335176197861944,0.6933333333333334,0.04667750704624673,0.12336151832024149,37.82,0.07168509531195276,0.1800336051766982,40.18666666666667,0.05501192441753807,0.07668401127399477,71.06666666666666,0.0016677507046246728,0.040011924417538064,0.5466666666666667,0.006667750704624674,0.08002168075916012,0.08666666666666667,0.07335176197861944,0.020003252113874017,0.2884146361801838
84,73,2011-12-01,5,1,2011-2012,Uberlândia,Brasília,1,0.4748004201680672,0.11900560224089637,0.2753089013383131,0.08048591658885776,0.14829209461562404,0.02153089013383131,0.12676120448179273,0.09053649237472768,0.06336795829442889,1.4100000000000001,0.03966853408029879,0.11084267040149393,35.09,0.13765445066915655,0.2218903672580143,63.7225,0.08048591658885776,0.09329209461562403,82.9475,0.01872471210706505,0.044005602240896356,0.7025,0.018112356053532522,0.08456738250855898,0.2625,0.06336795829442889,0.01,0.5441627762215998,0.4533247332112671,0.13829079509515618,0.25544212025374985,0.059591817862361056,0.13235541622741312,0.033129242264513865,0.09922617396289928,0.07497873088091143,0.0720110414470399,1.01,0.04609693169838539,0.12717259427768224,35.95333333333333,0.12772106012687492,0.18900081377499123,68.15666666666667,0.059591817862361056,0.07198977232795133,83.80666666666666,0.0033333333333333335,0.05237668534650169,0.75,0.012032310566128466,0.09735541622741312,0.11666666666666668,0.0720110414470399,0.0155484658491927,0.49830346409217846
83,106,2011-12-01,5,1,2011-2012,Araraquara,Pinheiros,0,0.3733587011669204,0.08536783358701167,0.23446135633350249,0.053529511246406224,0.12894638931168612,0.03524522239134111,0.09370116692034501,0.04688736681887367,0.05693641129714189,0.8366666666666668,0.02845594452900389,0.09384830035514967,27.886666666666667,0.11723067816675124,0.22620158971757146,51.973333333333336,0.053529511246406224,0.07191188905800779,75.18333333333332,0.005049044478268223,0.026838322340605444,0.48333333333333334,0.015049044478268223,0.09529426686960933,0.16,0.05693641129714189,0.01343142228986978,0.34139776763064433,0.4576388888888889,0.15000000000000002,0.24333333333333335,0.06430555555555556,0.14236111111111113,0.03652777777777778,0.10583333333333333,0.09041666666666667,0.06125,1.51,0.05,0.11208333333333334,44.455,0.12166666666666667,0.2073611111111111,58.655,0.06430555555555556,0.08625000000000001,76.08,0.025694444444444443,0.05263888888888889,0.875,0.01611111111111111,0.09097222222222222,0.165,0.06125,0.017361111111111112,0.5281944444444444
81,66,2011-12-01,5,1,2011-2012,Flamengo,Bauru Basket,1,0.44822657095875423,0.16215632435897512,0.2219787802899409,0.06409146630983821,0.15245619437856933,0.025345180988818203,0.12711101338975112,0.08929373304238078,0.07046744147938457,1.425,0.05405210811965838,0.1076450106907289,48.745,0.11098939014497045,0.18428712643048492,60.364999999999995,0.06409146630983821,0.07771616950694324,77.2375,0.007151248711614537,0.03814088126161291,0.5775,0.006275252525252526,0.0789412656633227,0.0875,0.07046744147938457,0.018291328438650785,0.5234098486334952,0.43333333333333335,0.125,0.25333333333333335,0.055,0.17166666666666663,0.065,0.10666666666666667,0.08333333333333333,0.04666666666666667,2.6,0.041666666666666664,0.10666666666666667,38.67666666666667,0.12666666666666668,0.22666666666666666,57.673333333333325,0.055,0.07333333333333333,75.41666666666667,0.021666666666666667,0.03833333333333334,1.2666666666666666,0.013333333333333334,0.09499999999999999,0.14666666666666667,0.04666666666666667,0.008333333333333333,0.51
86,70,2011-12-01,5,1,2011-2012,Limeira,Paulistano,1,0.4525,0.1875,0.20500000000000002,0.06,0.1575,0.030000000000000002,0.1275,0.0575,0.052500000000000005,1.1099999999999999,0.0625,0.1225,51.335,0.10250000000000001,0.20500000000000002,51.075,0.06,0.0675,89.285,0.0075,0.045,0.855,0.0125,0.065,0.215,0.052500000000000005,0.0225,0.5025,0.41907976355044,0.07882492943234448,0.26520757405166645,0.07504726006642902,0.15386611704789696,0.04753830960677456,0.1063278074411224,0.05253780805314322,0.05379388050401977,1.0675,0.02627497647744816,0.09383369477168833,27.4525,0.13260378702583323,0.22517314556093249,58.87500000000001,0.07504726006642902,0.09381059319575542,79.74749999999999,0.007505570897245215,0.03502159691503891,0.6825,0.012509452013285804,0.11134214367771147,0.1125,0.05379388050401977,0.008758263785712515,0.4403294471171193
66,72,2011-12-03,6,1,2011-2012,Tijuca,Bauru Basket,0,0.37,0.087,0.192,0.091,0.124,0.038,0.086,0.055999999999999994,0.08,0.73,0.029000000000000005,0.097,29.966,0.096,0.186,51.504,0.091,0.11699999999999999,78.136,0.007000000000000001,0.033,0.426,0.012,0.09,0.142,0.08,0.013000000000000001,0.33100000000000007,0.40750000000000003,0.12,0.23,0.0575,0.16124999999999998,0.06125,0.1,0.07,0.04625,2.1175,0.04,0.11125,36.0075,0.115,0.21749999999999997,53.7825,0.0575,0.07875,73.6675,0.01625,0.036250000000000004,1.1175,0.01,0.0875,0.11,0.04625,0.00625,0.44375
86,73,2011-12-03,6,1,2011-2012,Uberlândia,Minas,1,0.463996024157296,0.1252600846580179,0.2543101376513247,0.08442580184795341,0.14568371827126997,0.026241392966655293,0.11944232530461467,0.09046255561896263,0.056705487208603265,1.7280000000000002,0.04175336155267263,0.11472232547112252,35.764,0.12715506882566235,0.22059199124667592,58.88399999999999,0.08442580184795341,0.09968001141358322,82.358,0.01898718340102548,0.04522301608115069,0.8960000000000001,0.0174954451293561,0.08769097458371439,0.24,0.056705487208603265,0.00900185342884336,0.5244951761443388,0.3576007408519798,0.08626726986033939,0.22007483606147069,0.05125863493016969,0.16880037042598992,0.06252446563548081,0.10627590479050908,0.056261513240226255,0.07002014817039595,0.8275,0.02875575662011313,0.08877878310056564,31.822499999999998,0.11003741803073534,0.2238305926815838,49.74249999999999,0.05125863493016969,0.07126151324022625,74.7025,0.0025,0.043761513240226264,0.64,0.022507195775141414,0.10252158732542424,0.22499999999999998,0.07002014817039595,0.00875,0.3850921059218101
95,104,2011-12-03,6,1,2011-2012,Sesi Franca,Brasília,0,0.38,0.08625,0.195,0.09875,0.165,0.04875,0.11624999999999999,0.0775,0.08375,1.02,0.028749999999999998,0.07250000000000001,38.8175,0.0975,0.22874999999999998,42.6975,0.09875,0.12625,78.17,0.005,0.0325,0.44,0.005,0.0975,0.055,0.08375,0.01,0.37374999999999997,0.4312435499084503,0.12246809632136714,0.2415815901903124,0.06719386339677079,0.13426656217055985,0.0323469316983854,0.10191963047217445,0.07373404816068357,0.06900828108527993,1.0499999999999998,0.040822698773789044,0.11787944570826167,33.91,0.1207907950951562,0.18800061033124343,64.63,0.06719386339677079,0.0777423292459635,86.53999999999999,0.00375,0.04428251400987626,0.645,0.014024232924596348,0.10301656217055984,0.13,0.06900828108527993,0.015411349386894525,0.4737275980691339
90,107,2011-12-03,6,1,2011-2012,Araraquara,Paulistano,0,0.3837690258751903,0.09027587519025874,0.23084601725012685,0.06264713343480466,0.12045979198376458,0.027683916793505837,0.09277587519025876,0.05391552511415525,0.05645230847285641,0.9675,0.030091958396752917,0.09163622526636225,31.21,0.11542300862506343,0.2221511922881786,52.075,0.06264713343480466,0.08018391679350584,77.815,0.003786783358701167,0.032628741755454084,0.59,0.011286783358701168,0.107720700152207,0.12,0.05645230847285641,0.012573566717402335,0.35979832572298326,0.405263810840352,0.07505994354587558,0.2581660592413332,0.07203780805314322,0.15509289363831757,0.04303064768541965,0.11206224595289793,0.05003024644251457,0.06603510440321582,0.9239999999999998,0.02501998118195853,0.08606695581735066,29.234,0.1290830296206666,0.220138516448746,58.6,0.07203780805314322,0.09104847455660434,78.79799999999999,0.0070044567177961715,0.03501727753203113,0.606,0.012007561610628643,0.11307371494216918,0.10600000000000001,0.06603510440321582,0.009006611028570012,0.4202635576936954
93,55,2011-12-03,6,1,2011-2012,Flamengo,L. Sorocabana,1,0.4395812567670034,0.1327250594871801,0.24758302423195272,0.05927317304787057,0.15596495550285547,0.027276144791054564,0.12868881071180088,0.08543498643390462,0.06537395318350765,1.452,0.044241686495726705,0.09311600855258313,41.854,0.12379151211597636,0.20142970114438796,61.254,0.05927317304787057,0.07317293560555459,76.336,0.00772099896929163,0.03551270500929033,0.5740000000000001,0.006020202020202021,0.07915301253065817,0.08199999999999999,0.06537395318350765,0.01663306275092063,0.5167278789067961,0.36883844865076815,0.11708213025344882,0.18083092717356433,0.07092539122375503,0.15944284033793174,0.0661567390296938,0.09328610130823799,0.040462695611877514,0.06770773179339108,0.6,0.03902737675114961,0.09685078244751007,39.95666666666667,0.09041546358678217,0.17335454318611201,52.669999999999995,0.07092539122375503,0.10472142016896586,67.36333333333334,0.0033333333333333335,0.0405783695148469,0.6033333333333334,0.006898014472605425,0.09495276797490465,0.08,0.06770773179339108,0.015115673902969381,0.37395412255373756
76,72,2011-12-03,6,1,2011-2012,Joinville,Espírito Santo,1,0.34031388010058294,0.08041620926516711,0.1910678352080152,0.06882983562740061,0.10744350993422112,0.030269690006513552,0.07717381992770755,0.05360561761882395,0.09893893957611383,0.6066666666666667,0.026805403088389034,0.09220317854965134,29.30666666666666,0.0955339176040076,0.17447599916122924,56.26,0.06882983562740061,0.09070747505669326,81.87333333333333,0.010077424898857738,0.038576258996880164,0.42,0.003354635267280565,0.11069108782963481,0.023333333333333334,0.09893893957611383,0.023466607346036214,0.2781374658938984,0.31256097713513786,0.12752439085405515,0.13502764296792916,0.05000894331315355,0.13377113874018112,0.04000650422774804,0.09376463451243308,0.047511382398559066,0.07751382148396457,0.63,0.042508130284685045,0.12002113874018111,35.182500000000005,0.06751382148396458,0.18002520388252363,37.78,0.05000894331315355,0.06751300845549607,75.175,0.0012508130284685046,0.03875894331315355,0.5075000000000001,0.006250813028468505,0.08501626056937009,0.0775,0.07751382148396457,0.015002439085405514,0.25381097713513784
91,80,2011-12-08,7,1,2011-2012,L. Sorocabana,Uberlândia,1,0.3453788364880761,0.10656159769008662,0.16812319538017326,0.07069404341781628,0.1545821302534488,0.06211755427227035,0.09246457598117849,0.03409702170890813,0.06703079884504332,0.5075000000000001,0.03552053256336221,0.10263808683563255,35.175,0.08406159769008663,0.17001590738958403,49.66,0.07069404341781628,0.0985410651267244,72.39750000000001,0.0025,0.03668377713613517,0.5475,0.005173510854454069,0.0962145759811785,0.060000000000000005,0.06703079884504332,0.013836755427227036,0.32796559191530317,0.45833002013108004,0.1268834038816816,0.2519251147094373,0.07952150153996117,0.14473643189272498,0.027701160805546077,0.11703527108717889,0.09621879634913551,0.05725457267383605,1.7866666666666668,0.04229446796056052,0.11226860455926875,37.303333333333335,0.12596255735471865,0.21715999270556327,59.06999999999999,0.07952150153996117,0.09556667617798602,80.85333333333334,0.024155986167521237,0.04268584673429224,0.8300000000000001,0.015412870941130084,0.08640914548642865,0.21,0.05725457267383605,0.008334877857369466,0.522912646786949
92,82,2011-12-08,7,1,2011-2012,Bauru Basket,Sesi Franca,1,0.398,0.12,0.21800000000000003,0.06000000000000001,0.15899999999999997,0.056999999999999995,0.10200000000000001,0.06300000000000001,0.051000000000000004,1.794,0.04,0.10700000000000001,37.694,0.10900000000000001,0.21199999999999997,51.974000000000004,0.06000000000000001,0.083,72.934,0.015,0.034,0.966,0.009,0.08199999999999999,0.10400000000000001,0.051000000000000004,0.008,0.41899999999999993,0.399,0.10499999999999998,0.202,0.092,0.157,0.047,0.10999999999999999,0.079,0.081,1.058,0.034999999999999996,0.08600000000000001,39.626,0.101,0.22799999999999998,44.379999999999995,0.092,0.11400000000000002,82.536,0.004,0.034999999999999996,0.48,0.005,0.10200000000000001,0.052000000000000005,0.081,0.01,0.39399999999999996
54,86,2011-12-08,7,1,2011-2012,Espírito Santo,Pinheiros,0,0.3140487817081103,0.1206861793499108,0.1329110032632322,0.06045159909496729,0.13723913321436712,0.04444964782664288,0.09278948538772425,0.03800910591884725,0.07623327940939388,0.504,0.04022872644997026,0.11290579988103377,35.514,0.0664555016316161,0.17513127421713,38.224000000000004,0.06045159909496729,0.07889929565328575,76.568,0.0010006504227748037,0.035451599094967284,0.4680000000000001,0.00855620597833036,0.09112411956660718,0.092,0.07623327940939388,0.013779729046102187,0.2572710039303325,0.4721217121712171,0.14700270027002701,0.24667186718671869,0.07844714471447145,0.1518926892689269,0.03922322232223222,0.11266946694669469,0.08833493349334934,0.06500160016001601,1.408,0.049000900090009,0.10966866686668668,44.564,0.12333593359335934,0.20889318931893192,59.01800000000001,0.07844714471447145,0.10200330033003299,77.228,0.022555755575557553,0.05111201120112011,0.812,0.015889188918891888,0.08977947794779477,0.168,0.06500160016001601,0.01488898889888989,0.5445677567756776
108,91,2011-12-08,7,1,2011-2012,Coop/São José Basketball,Tijuca,1,0.39367972518921746,0.1353350497106853,0.18309410458842276,0.07525057089010936,0.1504482071214693,0.03510817833002548,0.11534002879144381,0.08530876290916319,0.07017863752312299,1.2225000000000001,0.0451116832368951,0.11905581456138543,36.917500000000004,0.09154705229421138,0.1717753978487601,53.0675,0.07525057089010936,0.09283126652426976,81.82,0.0037757302424302657,0.04517134942983782,0.6599999999999999,0.02005496539173015,0.07645962512585767,0.2675,0.07017863752312299,0.012520751161671772,0.4527312000050955,0.3633663531452205,0.08750900540324195,0.19335334534053764,0.08250400240144086,0.12918217597225,0.04000500300180108,0.08917717297044893,0.058340337535854846,0.07583883663531453,0.82,0.02916966846774732,0.09834383963711561,29.733333333333334,0.09667667267026882,0.19085484624107796,50.67166666666666,0.08250400240144086,0.10583833633513441,78.44666666666667,0.006667166966846775,0.030001500900540323,0.39999999999999997,0.012501500900540327,0.08834133813621504,0.15,0.07583883663531453,0.011667166966846776,0.3308663531452205
97,79,2011-12-08,7,1,2011-2012,Brasília,Araraquara,1,0.4489948399267602,0.12197447705709372,0.24926527215224992,0.07775509071741663,0.1414132497364479,0.03387754535870832,0.10753570437773956,0.07898723852854686,0.07520662486822394,1.0399999999999998,0.040658159019031234,0.11230355656660933,36.016,0.12463263607612496,0.19540048826499473,64.148,0.07775509071741663,0.0881938633967708,87.69399999999999,0.004,0.04242601120790101,0.5860000000000001,0.013219386339677078,0.10241324973644787,0.124,0.07520662486822394,0.01832907950951562,0.49698207845530706,0.3970152207001522,0.09922070015220699,0.2286768138001015,0.06911770674784372,0.11736783358701167,0.029147133434804674,0.08822070015220701,0.062132420091324206,0.06316184677828514,0.986,0.03307356671740234,0.0953089802130898,33.15,0.11433840690005075,0.22072095383054288,51.89200000000001,0.06911770674784372,0.09014713343480467,76.868,0.0050294266869609335,0.03610299340436327,0.584,0.009029426686960934,0.1061765601217656,0.096,0.06316184677828514,0.015058853373921868,0.3688386605783866
65,88,2011-12-08,7,1,2011-2012,Joinville,Flamengo,0,0.3403494180492759,0.083830501257436,0.18361803807782973,0.07290087871401012,0.11418026717718109,0.03390147908039025,0.08027878809679084,0.052523345947173554,0.08428349510003995,0.76,0.027943500419145333,0.08931096474814766,31.702499999999997,0.09180901903891486,0.1801335303031443,52.4225,0.07290087871401012,0.1016282410190352,77.2375,0.008677989831693812,0.04013140582316521,0.5925,0.004755818765561441,0.11213626596853933,0.037500000000000006,0.08428349510003995,0.019839797824628178,0.2892374227640604,0.4438177139725028,0.13310421623931676,0.24965252019329395,0.06106097753989214,0.1583041295857129,0.027730120659212137,0.13057400892650076,0.09202915536158718,0.06114496098625637,1.7316666666666667,0.04436807207977225,0.09509667379381927,42.02166666666667,0.12482626009664698,0.19952475095365663,62.44833333333333,0.06106097753989214,0.0768107796712955,75.89333333333333,0.008100832474409693,0.03959392084107528,0.7283333333333334,0.006683501683501684,0.07846084377554847,0.09000000000000001,0.06114496098625637,0.014694218959100523,0.5381065657556634
96,93,2011-12-08,7,1,2011-2012,Minas,Limeira,1,0.3590805926815838,0.0870138158882715,0.22205986884917656,0.050006907944135745,0.15604029634079192,0.05401957250838465,0.10202072383240726,0.060009210592181006,0.06601611853631675,0.9620000000000001,0.029004605296090502,0.0910230264804525,31.458,0.11102993442458828,0.21906447414526706,51.294,0.050006907944135745,0.069009210592181,74.762,0.003,0.04300921059218101,0.672,0.019005756620113133,0.0990172698603394,0.192,0.06601611853631675,0.01,0.38207368473744807,0.445,0.17500000000000002,0.19333333333333336,0.07666666666666666,0.13333333333333333,0.025000000000000005,0.10833333333333334,0.065,0.04833333333333334,1.4066666666666665,0.05833333333333333,0.12333333333333334,47.55666666666667,0.09666666666666668,0.19166666666666668,51.223333333333336,0.07666666666666666,0.09333333333333334,84.81,0.008333333333333333,0.065,1.4466666666666665,0.011666666666666667,0.08,0.17333333333333334,0.04833333333333334,0.016666666666666666,0.49499999999999994
78,81,2011-12-10,8,1,2011-2012,Espírito Santo,Paulistano,0,0.30670731809009194,0.10557181612492567,0.13575916938602686,0.0653763325791394,0.13436594434530594,0.04204137318886906,0.09232457115643687,0.03584092159903938,0.08352773284116156,0.455,0.03519060537497522,0.10408816656752813,32.373333333333335,0.06787958469301343,0.17010939518094167,40.473333333333336,0.0653763325791394,0.08658274637773812,75.80666666666666,0.0016672086856456697,0.038709665912472734,0.46666666666666673,0.007130171648608633,0.09843676630550598,0.07666666666666666,0.08352773284116156,0.01648310753841849,0.2468925032752771,0.42772808611264884,0.08778590914527638,0.26224550092315374,0.07769667604421872,0.15700362984134938,0.04174726284893839,0.11525636699241099,0.05683344574965684,0.07605921716132989,0.8899999999999998,0.029261969715092123,0.08854643397471225,32.695,0.13112275046157687,0.2170967052944617,60.5,0.07769667604421872,0.09606249374947433,80.24833333333332,0.007519444344188813,0.035069454387781286,0.5516666666666666,0.012529896961228542,0.11441686073744502,0.11,0.07605921716132989,0.01591749458726836,0.44948105909357433
84,86,2011-12-10,8,1,2011-2012,Bauru Basket,Uberlândia,0,0.4083333333333334,0.1175,0.22666666666666668,0.06416666666666668,0.16,0.059166666666666666,0.10083333333333333,0.07,0.049999999999999996,1.8833333333333335,0.03916666666666667,0.10583333333333333,37.245,0.11333333333333334,0.21583333333333332,52.88666666666666,0.06416666666666668,0.08750000000000001,73.65666666666667,0.013333333333333334,0.03833333333333334,1.0266666666666666,0.010833333333333334,0.085,0.12,0.049999999999999996,0.009166666666666667,0.445,0.4499971601123543,0.11947148904144135,0.2559358126080891,0.07458985846282386,0.14191694162233567,0.02802956640475378,0.1138873752175819,0.091758968299259,0.05693249086328805,1.7,0.03982382968048045,0.11194451819365893,35.221428571428575,0.12796790630404456,0.21899427946191136,59.32714285714285,0.07458985846282386,0.08977143672398802,80.99142857142859,0.02570513100073249,0.04015929720082192,0.7757142857142858,0.0153538893781115,0.0904935532740817,0.1985714285714286,0.05693249086328805,0.010001323877745258,0.5039251258173849
70,80,2011-12-10,8,1,2011-2012,L. Sorocabana,Sesi Franca,0,0.3674945713449854,0.11831872398832544,0.17257852423679718,0.07659732311986281,0.1547309412004542,0.05370246109493824,0.10102848010551599,0.03429234830208992,0.06665199652668101,0.514,0.039439574662775145,0.10415676669267679,38.14,0.08628926211839859,0.17709900710216725,48.995999999999995,0.07659732311986281,0.10388546258339175,73.918,0.004004208838560978,0.034357543805310586,0.514,0.004138808683563255,0.09801585358983307,0.048,0.06665199652668101,0.013073613180342608,0.3455471403325231,0.4008333333333334,0.09999999999999998,0.20666666666666667,0.09416666666666668,0.1475,0.045000000000000005,0.1025,0.0775,0.07666666666666667,1.0933333333333335,0.03333333333333333,0.08416666666666667,38.57666666666666,0.10333333333333333,0.2225,46.81166666666667,0.09416666666666668,0.11750000000000001,81.74333333333334,0.0033333333333333335,0.03333333333333333,0.47500000000000003,0.005,0.10166666666666667,0.051666666666666666,0.07666666666666667,0.008333333333333333,0.3941666666666666
83,72,2011-12-10,8,1,2011-2012,Minas,Araraquara,1,0.3704240385805931,0.08363498376302937,0.2191618669775767,0.06762718783998706,0.15376365073263992,0.05169039273733574,0.10207325799530416,0.058906451911726665,0.06465377323336,0.9550000000000001,0.02787832792100979,0.08920068669440749,30.845,0.10958093348878835,0.21295788121671774,52.095,0.06762718783998706,0.09087808706189353,75.265,0.0039831294030404155,0.043998220543539794,0.7016666666666667,0.018804389322841775,0.10253663849132844,0.18499999999999997,0.06465377323336,0.008333333333333333,0.3932927721347477,0.3966793505834602,0.10768391679350582,0.22223067816675124,0.0667647556232031,0.11613986132250971,0.027622611195670558,0.08851725012683918,0.06177701674277017,0.06763487231523761,0.9333333333333332,0.035894638931168614,0.09442415017757483,36.885,0.11111533908337562,0.22393412819211908,49.84,0.0667647556232031,0.09012261119567055,74.24166666666666,0.005024522239134111,0.03591916117030273,0.5516666666666666,0.0075245222391341115,0.10681380010147133,0.08,0.06763487231523761,0.015882377811601556,0.35569888381532216
98,101,2011-12-10,8,1,2011-2012,Coop/São José Basketball,Flamengo,0,0.4238147478933095,0.1475825558975805,0.18276560625138338,0.09346658574434555,0.15060050118104643,0.036151058793052644,0.11444944238799375,0.09848894581120152,0.06521549066365968,1.6440000000000001,0.0491941852991935,0.12649465164910834,37.922000000000004,0.09138280312569169,0.16967838279513708,53.70399999999999,0.09346658574434555,0.11257146483231903,82.824,0.005036713226202277,0.04420159567290251,0.706,0.020076230377900246,0.08435318397165388,0.248,0.06521549066365968,0.01102466544546645,0.49726560516536666,0.44327232626214524,0.13551789963370006,0.24255930302282339,0.06519512360562184,0.1578321110734682,0.028054389136467545,0.12977772193700063,0.09316784745278901,0.05812425227393403,1.8414285714285714,0.04517263321123336,0.09508286325184509,43.537142857142854,0.12127965151141169,0.19673550081741994,61.464285714285715,0.06519512360562184,0.08226638257539613,76.23142857142857,0.007657856406636879,0.03608050357806452,0.6785714285714286,0.006443001443001443,0.08582358037904154,0.08285714285714287,0.05812425227393403,0.014023616250657591,0.5362341992191401
74,72,2011-12-10,8,1,2011-2012,Joinville,Tijuca,1,0.33890520069608326,0.09781470850902382,0.1694446559645188,0.0716458362225406,0.1128694289938974,0.035321265265132205,0.07754816372876519,0.04816873825835385,0.07460186783074947,0.78,0.03260490283634128,0.09297398705067064,34.885999999999996,0.0847223279822594,0.17690715224579548,48.814,0.0716458362225406,0.10487782856758568,73.094,0.00796740211545755,0.03723017590904467,0.616,0.0048296652625516535,0.11533426902739399,0.038000000000000006,0.07460186783074947,0.018946869010010046,0.28161544046627085,0.3764568741244747,0.08786486177420738,0.20287429600617513,0.08571771634409217,0.13287043654764288,0.04357571685868664,0.08929471968895622,0.06143457503073273,0.07357614568741244,0.8928571428571429,0.029288287258069128,0.09643757683181338,30.527142857142856,0.10143714800308756,0.20001843963520965,50.715714285714284,0.08571771634409217,0.10929000257297236,78.77857142857144,0.007857571685868665,0.02857271505760599,0.39,0.011429857914748851,0.09357828983104147,0.13428571428571429,0.07357614568741244,0.010714714543011523,0.3478854455530462
82,76,2011-12-10,8,1,2011-2012,Brasília,Limeira,1,0.4549956999389668,0.11664539754757809,0.25605439346020825,0.08229590893118052,0.15534437478037325,0.03989795446559027,0.11544642031478297,0.08165603210712237,0.07433885405685328,1.0933333333333333,0.03888179918252603,0.11525296380550777,33.85999999999999,0.12802719673010413,0.2011670735541623,63.96333333333334,0.08229590893118052,0.094328219497309,87.07833333333333,0.0075,0.04202167600658418,0.5833333333333334,0.014349488616397565,0.09867770811370656,0.145,0.07433885405685328,0.01777423292459635,0.5124850653794225,0.4370833333333333,0.17458333333333334,0.17611111111111113,0.08638888888888888,0.13111111111111112,0.02430555555555556,0.10680555555555556,0.06763888888888889,0.050694444444444445,1.3824999999999998,0.05819444444444444,0.12361111111111112,47.275000000000006,0.08805555555555557,0.1815277777777778,48.712500000000006,0.08638888888888888,0.10555555555555557,83.92,0.007361111111111112,0.05319444444444445,1.1624999999999999,0.010972222222222223,0.09222222222222222,0.14750000000000002,0.050694444444444445,0.014722222222222222,0.47124999999999995
73,77,2011-12-12,6,1,2011-2012,Limeira,Pinheiros,0,0.4256666666666667,0.1756666666666667,0.16688888888888892,0.08311111111111111,0.1348888888888889,0.02944444444444445,0.10544444444444445,0.0621111111111111,0.05555555555555556,1.212,0.05855555555555555,0.12788888888888889,46.096000000000004,0.08344444444444446,0.17922222222222223,46.61800000000001,0.08311111111111111,0.10344444444444445,81.872,0.00588888888888889,0.04955555555555556,1.0239999999999998,0.01177777777777778,0.09777777777777777,0.14400000000000002,0.05555555555555556,0.012777777777777777,0.44299999999999995,0.46510142680934763,0.14250225022502253,0.23222655598893224,0.09037262059539287,0.1465772410574391,0.03685268526852685,0.10972455578891223,0.08194577791112445,0.06416800013334667,1.3116666666666668,0.0475007500750075,0.10972388905557223,43.196666666666665,0.11611327799446612,0.1965776577657766,59.05833333333334,0.09037262059539287,0.11416941694169418,78.64166666666667,0.02046312964629796,0.0575933426676001,0.9266666666666667,0.01574099076574324,0.09398289828982898,0.16166666666666668,0.06416800013334667,0.016574157415741576,0.5363064639797314
87,78,2011-12-13,1,1,2011-2012,Coop/São José Basketball,Brasília,1,0.4350913604560594,0.14806068892501484,0.1907533512476005,0.0962773202834441,0.15224732503970517,0.03681260917475216,0.115434715864953,0.10046262033915739,0.0660480142023309,1.6316666666666668,0.04935356297500495,0.12380070853741308,39.17666666666667,0.09537667562380026,0.1773398091330255,53.66833333333333,0.0962773202834441,0.11386973456855741,84.29833333333333,0.004197261021835231,0.041013867340257276,0.6483333333333333,0.020073555405187685,0.08701113709439896,0.24,0.0660480142023309,0.011694743772258485,0.5088380210212894,0.44856774280482875,0.11283891218363837,0.24518948010874994,0.09053935051244046,0.15815232124031992,0.04062681811336309,0.11752550312695684,0.07927659894896204,0.0737190177630171,1.0699999999999998,0.037612970727879454,0.11307396897614952,33.308571428571426,0.12259474005437497,0.19814320590356768,61.96857142857143,0.09053935051244046,0.10299561671197914,87.54142857142857,0.007142857142857143,0.042447150862786436,0.5914285714285714,0.01515670452834077,0.10029517838317704,0.15,0.0737190177630171,0.0173779139353683,0.5064157703252193
81,70,2011-12-13,1,1,2011-2012,Joinville,Minas,1,0.3455652425078461,0.09431176558972683,0.1787491049004617,0.07250437201765748,0.12136347562584494,0.03882069395345084,0.08254278167239408,0.04696701974802748,0.06984792829161542,0.7983333333333333,0.03143725519657561,0.09795753614042337,32.54333333333333,0.08937455245023085,0.184114551234934,49.205000000000005,0.07250437201765748,0.10190430010504486,75.61833333333333,0.007492802329472868,0.03699825055701159,0.6433333333333334,0.005731322185309531,0.11403120275458477,0.04833333333333334,0.06984792829161542,0.017495658641524855,0.2961171745164859,0.3767920330690798,0.08668712893973947,0.22642445740935147,0.0636804467199889,0.15322598634226278,0.05002033663200206,0.10320564971026071,0.06120553021005143,0.061846091342879994,1.0571428571428572,0.02889570964657982,0.08931487430949213,31.994285714285713,0.11321222870467573,0.21539246961432948,53.03857142857142,0.0636804467199889,0.08432407462448017,77.21142857142857,0.0041283966311774995,0.039855617608748395,0.6485714285714286,0.01683233370529295,0.10003140442113866,0.16714285714285712,0.061846091342879994,0.009285714285714286,0.40282237611549804
70,68,2011-12-15,9,1,2011-2012,Pinheiros,Brasília,1,0.45372720188164,0.14145463750737672,0.21764600561611677,0.09462655875814652,0.14566266648120202,0.037309453455626265,0.10835321302557577,0.08168211323188461,0.06286811954930518,1.3314285714285714,0.04715154583579223,0.1090678212287526,43.14857142857143,0.10882300280805839,0.19209606496140408,56.24857142857143,0.09462655875814652,0.11716935183595242,80.10571428571428,0.018255005100009374,0.05508715979768906,0.8985714285714287,0.017068176243692668,0.09343000436285358,0.17857142857142858,0.06286811954930518,0.01706713939765155,0.5226270674626912,0.44124677495422515,0.10998404816068356,0.2420407950951562,0.0892219316983854,0.15775828108527992,0.0430484658491927,0.11470981523608723,0.07374202408034179,0.07200414054263996,1.0087499999999998,0.036661349386894526,0.11456472285413083,32.144999999999996,0.1210203975475781,0.2027503051656217,60.073750000000004,0.0892219316983854,0.10074616462298175,88.36375,0.0062499999999999995,0.04026625700493813,0.57,0.013262116462298175,0.10463328108527992,0.13125,0.07200414054263996,0.01645567469344726,0.4831137990345669
76,64,2011-12-15,9,1,2011-2012,Tijuca,Espírito Santo,1,0.37439976485891535,0.08250675405243146,0.20626500900540323,0.08562800180108064,0.1318866319791875,0.04062875225135081,0.0912578797278367,0.05875525315189113,0.0731291274764859,0.8525,0.02750225135081049,0.09188287972783671,29.83625,0.10313250450270162,0.20126613468080845,51.22125,0.08562800180108064,0.10875375225135081,79.05000000000001,0.006875375225135081,0.02937612567540524,0.40375,0.010626125675405246,0.09375600360216128,0.12375,0.0731291274764859,0.011250375225135082,0.3462747648589154,0.3186062726486502,0.10977584239279344,0.14207928804516587,0.06675114221069092,0.13159938086740508,0.04032117701903063,0.09127820384837446,0.042149361370605175,0.07945234243528135,0.5971428571428571,0.036591947464264474,0.10564699991502412,33.33857142857143,0.07103964402258293,0.17009376729794998,42.25428571428571,0.06675114221069092,0.0884994968952041,75.69142857142856,0.0021433217305534312,0.03889399935354806,0.5042857142857143,0.008254432841664543,0.10366008540471941,0.08142857142857142,0.07945234243528135,0.014842663604358706,0.27019357423595175
91,87,2011-12-15,9,1,2011-2012,Sesi Franca,Joinville,1,0.40071428571428575,0.09857142857142855,0.21142857142857144,0.09071428571428572,0.14285714285714285,0.04071428571428572,0.10214285714285713,0.07142857142857142,0.07785714285714286,0.9957142857142858,0.032857142857142856,0.08285714285714285,38.779999999999994,0.10571428571428572,0.215,50.20857142857143,0.09071428571428572,0.1142857142857143,80.59142857142858,0.005714285714285714,0.03071428571428571,0.4328571428571429,0.0064285714285714285,0.105,0.06142857142857143,0.07785714285714286,0.011428571428571429,0.3914285714285714,0.3549012375484692,0.09605781206392171,0.17930349993323433,0.07953992555131309,0.1272169308703903,0.0412468193070395,0.08597011156335077,0.05040354939441316,0.06566742647630115,0.9342857142857143,0.032019270687973896,0.09700859312963932,33.449999999999996,0.08965174996661716,0.18535189734793972,48.94285714285714,0.07953992555131309,0.10836347244625366,76.63857142857144,0.008596567117284721,0.034611673019182485,0.6228571428571429,0.004912561873122455,0.11658379531097988,0.04142857142857143,0.06566742647630115,0.015721000542457297,0.31686550951134784
88,83,2011-12-15,9,1,2011-2012,Paulistano,Minas,1,0.42816440552082735,0.08436215116092258,0.25669165956153167,0.08711059479837312,0.15356846940413274,0.04034191124586146,0.11322655815827128,0.054032682342367744,0.07658997243378272,0.8299999999999998,0.028120717053640856,0.0872933011309676,31.83428571428572,0.12834582978076584,0.21267439160856233,60.42857142857143,0.08711059479837312,0.10893078171285885,79.80428571428571,0.007964752372514216,0.03689734696682679,0.5585714285714285,0.013019183225867315,0.11478625291311471,0.1142857142857143,0.07658997243378272,0.016682595515506205,0.4437707822066302,0.37344302893544484,0.08147623782227204,0.22437140023318253,0.0675953908799903,0.14719773804947994,0.0481427945530018,0.09905494349647812,0.058554838933795,0.060990329925019994,1.01625,0.027158745940757345,0.0875255150208056,30.494999999999997,0.11218570011659126,0.2122184109125383,53.31625,0.0675953908799903,0.09003356529642015,76.69500000000001,0.0036123470522803117,0.03674866540765485,0.6012500000000001,0.015353291992131332,0.10252747886849632,0.15125,0.060990329925019994,0.01125,0.38746957910106083
97,94,2011-12-15,9,1,2011-2012,Uberlândia,Coop/São José Basketball,1,0.44749751509831004,0.1251625529112612,0.24519383603207795,0.07714112615497087,0.1404273239195437,0.027650870604159557,0.11277645331538416,0.08778909726185163,0.05544092950537704,1.65375,0.041720850970420394,0.11232645341945156,36.7975,0.12259691801603897,0.21599499452917245,57.36,0.07714112615497087,0.09292500713348952,81.19375000000001,0.024366989625640927,0.03888938505071918,0.7625000000000001,0.013434653205847562,0.09230685911482149,0.17375000000000002,0.05544092950537704,0.0100011583930271,0.49280948509021183,0.4350783089623366,0.1461948762214413,0.19064572964080043,0.09823770310009494,0.1626405643197473,0.04298223643550186,0.11965832788424544,0.09968224600499205,0.06661258360199793,1.592857142857143,0.048731625407147094,0.12611489303206835,38.17142857142857,0.09532286482040021,0.17914840782830757,53.144285714285715,0.09823770310009494,0.11545977248733492,84.82714285714285,0.005026223733001627,0.038011886291649095,0.5971428571428571,0.021491618918732303,0.09172383179519912,0.2414285714285714,0.06661258360199793,0.010024066090507272,0.5118611608753909
69,75,2011-12-15,9,1,2011-2012,Limeira,Bauru Basket,0,0.4155555555555555,0.15888888888888889,0.17574074074074075,0.08092592592592592,0.1390740740740741,0.032870370370370376,0.1062037037037037,0.06175925925925926,0.056296296296296296,1.1766666666666665,0.05296296296296296,0.12490740740740741,42.20166666666667,0.08787037037037038,0.1826851851851852,48.01500000000001,0.08092592592592592,0.0987037037037037,83.78166666666667,0.007407407407407408,0.0437962962962963,0.8949999999999999,0.01064814814814815,0.10231481481481482,0.12666666666666668,0.056296296296296296,0.010648148148148148,0.43,0.41000000000000003,0.10928571428571428,0.2285714285714286,0.07214285714285716,0.16285714285714284,0.05928571428571428,0.10357142857142856,0.0692857142857143,0.048571428571428564,1.8471428571428572,0.03642857142857143,0.11142857142857143,33.894285714285715,0.1142857142857143,0.21142857142857144,54.597142857142856,0.07214285714285716,0.095,75.37857142857142,0.013571428571428571,0.03571428571428571,0.9514285714285714,0.012142857142857144,0.09,0.12714285714285714,0.048571428571428564,0.009285714285714286,0.44642857142857145
72,78,2011-12-15,9,1,2011-2012,Araraquara,L. Sorocabana,0,0.39143944335725156,0.10087192868014785,0.2204834384286439,0.0700840762484598,0.11811988113357975,0.030105095310574766,0.08801478582300501,0.06223744292237443,0.06511560484163223,0.9857142857142857,0.03362397622671595,0.09164927158077842,35.425714285714285,0.11024171921432195,0.22408639559324492,49.38714285714286,0.0700840762484598,0.09439080959628905,74.35000000000001,0.004306733347829239,0.03364499528883091,0.53,0.007163876204972095,0.10155468580126113,0.07857142857142858,0.06511560484163223,0.016470609552801337,0.3513133289845619,0.3645788094541545,0.12109893665693787,0.16214877019733098,0.08133110259988567,0.15144245100037848,0.05475205091244853,0.09669040008792999,0.036910290251741605,0.06970999710556751,0.5266666666666667,0.04036631221897929,0.112630638910564,36.62166666666666,0.08107438509866549,0.16924917258513938,47.88166666666666,0.08133110259988567,0.10740455215282646,75.59833333333334,0.004170174032134149,0.03363128650442549,0.48666666666666664,0.00511567390296938,0.09834654465819422,0.05666666666666667,0.06970999710556751,0.010894677650285506,0.3354559502771026
76,87,2011-12-17,10,1,2011-2012,Sesi Franca,Coop/São José Basketball,0,0.4011805555555556,0.09791666666666665,0.20944444444444443,0.09381944444444444,0.14277777777777778,0.04173611111111111,0.10104166666666667,0.07083333333333333,0.07312500000000001,1.08,0.032638888888888884,0.08361111111111111,38.3075,0.10472222222222222,0.21256944444444442,50.182500000000005,0.09381944444444444,0.11833333333333335,80.36625000000001,0.005555555555555556,0.02909722222222222,0.43375,0.007291666666666667,0.10798611111111112,0.06625,0.07312500000000001,0.011111111111111112,0.3947222222222222,0.439685386995323,0.13545139328779668,0.20070395810886033,0.10353003559866601,0.16113768526486777,0.042002468227584855,0.11913521703728289,0.09851828014542136,0.06330659504777188,1.675,0.045150464429265555,0.12290199239311905,35.9,0.10035197905443016,0.18374049797839648,54.35,0.10353003559866601,0.12048206546100988,85.51374999999999,0.005025518815879385,0.03639826575270777,0.60125,0.02006031265289669,0.09092709466234958,0.22625,0.06330659504777188,0.008771057829193863,0.514401259013281
103,41,2011-12-17,10,1,2011-2012,Flamengo,Espírito Santo,1,0.4509882854793771,0.13920316217948756,0.24848939014497046,0.06329573315491911,0.15497809718928468,0.028922590494409102,0.12605550669487556,0.09839686652119038,0.058983720739692276,1.87125,0.04640105405982919,0.09507250534536445,45.33125,0.12424469507248523,0.20089356321524246,61.66125,0.06329573315491911,0.08260808475347162,74.055,0.007325624355807268,0.032820440630806455,0.6125,0.006262626262626262,0.08572063283166134,0.08000000000000002,0.058983720739692276,0.013520664219325391,0.5398299243167475,0.3187804885675689,0.11667886209369425,0.13806937703952016,0.06403224943435455,0.12577445825897945,0.0377810298916518,0.08799342836732765,0.041255691199279534,0.08452079963087118,0.55875,0.038892954031231414,0.1080661249256461,34.67125,0.06903468851976008,0.16133204638570625,43.8475,0.06403224943435455,0.0849370597833036,75.60499999999999,0.0025004065142342526,0.03840724943435456,0.47750000000000004,0.010347628736456475,0.10757757472912949,0.095,0.08452079963087118,0.017987330653813867,0.2676693774564578
120,93,2011-12-17,10,1,2011-2012,Paulistano,Brasília,1,0.42969890988577897,0.0944625279114529,0.24587647338761145,0.08935990858671461,0.1531411794973849,0.043432305473261906,0.109708874024123,0.05603735580833054,0.07765186151519551,0.8287499999999999,0.03148750930381763,0.09077102787898604,33.83375,0.12293823669380573,0.20861261518001456,58.7775,0.08935990858671461,0.11283195151626901,79.20375,0.008846035202826815,0.038541434852229696,0.5625,0.012643036573885151,0.11295048381148788,0.1125,0.07765186151519551,0.019602276081072935,0.44398011511148205,0.43008612018963027,0.11614011651604021,0.2296258422641497,0.08432016140944036,0.16027669389708438,0.0432770806546024,0.11699961324248198,0.0716739718995221,0.0734703716510375,0.9688888888888888,0.038713372172013406,0.11520004967711778,33.66555555555555,0.11481292113207485,0.19692841907236003,58.21333333333334,0.08432016140944036,0.09734824494104946,85.68888888888888,0.005555555555555555,0.03913341356719538,0.5455555555555555,0.012345412152880847,0.10525837306535203,0.12222222222222223,0.0734703716510375,0.01796845151253683,0.4684149810782768
83,76,2011-12-17,10,1,2011-2012,Uberlândia,Joinville,1,0.4516644578651645,0.12792226925445438,0.2468389653618471,0.07690322324886299,0.1398242879284833,0.02902299609258627,0.11080129183589703,0.08859030867720145,0.05539193733811292,1.6622222222222223,0.04264075641815146,0.11317906970617916,37.33888888888889,0.12341948268092355,0.21699555069259774,57.406666666666666,0.07690322324886299,0.09204445078532401,81.97666666666667,0.022770657445014157,0.03845723115619483,0.7488888888888889,0.01416413618297561,0.09316165254650799,0.17666666666666667,0.05539193733811292,0.010001029682690754,0.49805287563574385,0.3588719161882439,0.09238391888926482,0.1824461179971356,0.0840418793018434,0.12909259228936928,0.042202078004770674,0.0868905142845986,0.051325327942333736,0.06190344261120795,1.02125,0.030794639629754938,0.09210474121065663,34.076249999999995,0.0912230589985678,0.18829402129055836,48.9425,0.0840418793018434,0.11704026061269418,75.18375,0.007521996227624131,0.03417410278067356,0.655,0.0054096027500932595,0.11867748756377407,0.045000000000000005,0.06190344261120795,0.01597809769687236,0.3255906541557627
97,90,2011-12-17,10,1,2011-2012,Pinheiros,Minas,1,0.440761301646435,0.13127280781895462,0.21919025491410218,0.09029823891337821,0.1449548331710518,0.040145771773672984,0.10480906139737879,0.08084684907789903,0.06125960460564204,1.3525,0.043757602606318204,0.10730934357515852,40.386250000000004,0.10959512745705109,0.19745905684122855,55.335,0.09029823891337821,0.11502318285645836,77.5925,0.0159731294625082,0.05382626482297792,0.8987500000000002,0.015559654213231085,0.09237625381749688,0.16375,0.06125960460564204,0.015558746972945106,0.4985486840298548,0.37809046188167805,0.08910082955493298,0.21945425310721386,0.06953537921953118,0.145852190163382,0.04668501346901473,0.09916717669436725,0.06038749924205225,0.06533196463084893,0.9866666666666668,0.029700276518310992,0.08780696202401968,33.28,0.10972712655360693,0.20920751283484945,52.797777777777775,0.06953537921953118,0.09114817384987128,77.61777777777779,0.0048787258622071715,0.03544506487006765,0.5622222222222223,0.014759204462755408,0.10670121001516035,0.14222222222222222,0.06533196463084893,0.013335501409249346,0.3900025895717951
81,92,2011-12-17,10,1,2011-2012,Araraquara,Bauru Basket,0,0.3875095129375951,0.09201293759512938,0.22792300862506343,0.06757356671740233,0.12335489599188229,0.03071695839675292,0.09263793759512938,0.06445776255707762,0.0651011542364282,1.0162499999999999,0.03067097919837646,0.08894311263318111,32.783750000000005,0.11396150431253171,0.2254505961440893,50.660000000000004,0.06757356671740233,0.09259195839675291,72.86875,0.0043933916793505836,0.03506437087772704,0.55,0.010643391679350585,0.10823535007610349,0.0975,0.0651011542364282,0.01503678335870117,0.3611491628614917,0.405625,0.10874999999999999,0.2225,0.07437500000000001,0.166875,0.058124999999999996,0.10875,0.068125,0.048749999999999995,1.7662499999999999,0.036250000000000004,0.1075,35.12625,0.11125,0.211875,53.005,0.07437500000000001,0.0975,75.73875,0.011875,0.034375,0.895,0.0125,0.089375,0.13375,0.048749999999999995,0.01,0.44375
107,77,2011-12-17,10,1,2011-2012,Limeira,L. Sorocabana,1,0.40547619047619043,0.1554761904761905,0.1734920634920635,0.07650793650793651,0.13920634920634922,0.0346031746031746,0.1046031746031746,0.06365079365079365,0.053253968253968255,1.3142857142857143,0.05182539682539682,0.12420634920634921,41.53000000000001,0.08674603174603175,0.18230158730158733,47.50428571428572,0.07650793650793651,0.09531746031746031,81.33714285714287,0.007063492063492063,0.04182539682539683,0.8899999999999999,0.009841269841269843,0.10198412698412698,0.11571428571428574,0.053253968253968255,0.009126984126984126,0.42,0.36821040810356104,0.11665623142023245,0.16898466016914085,0.08256951651418772,0.15480781514318157,0.0562160436392416,0.09859177150393998,0.03592310593006424,0.0676085689476293,0.53,0.03888541047341081,0.10868340478048343,36.43142857142857,0.08449233008457042,0.17792786221583376,47.56285714285713,0.08256951651418772,0.11206104470242269,73.98285714285714,0.003574434884686413,0.03596967414665042,0.5471428571428572,0.005099149059688039,0.10215418113559505,0.054285714285714284,0.0676085689476293,0.010052580843101863,0.33967652880894506
89,87,2012-02-16,4,2,2011-2012,Sesi Franca,Pinheiros,1,0.39882716049382716,0.09870370370370368,0.20728395061728394,0.0928395061728395,0.14080246913580247,0.04154320987654321,0.09925925925925926,0.07185185185185185,0.07277777777777777,1.086666666666667,0.032901234567901234,0.08820987654320987,37.16222222222222,0.10364197530864197,0.2100617283950617,50.162222222222226,0.0928395061728395,0.11740740740740743,80.02222222222223,0.006049382716049383,0.03141975308641975,0.46444444444444444,0.00925925925925926,0.109320987654321,0.08222222222222222,0.07277777777777777,0.012098765432098766,0.3930864197530864,0.44567671257460895,0.1216869402835152,0.2326135599236464,0.0913762123674473,0.1410709628187127,0.03901846379882043,0.10205249901989226,0.08353053251368803,0.05945298187168181,1.4611111111111112,0.040562313427838406,0.10316386095569646,38.28,0.1163067799618232,0.20051916163664762,57.58222222222222,0.0913762123674473,0.11835394031685187,76.63444444444445,0.017531670633340622,0.055067790953758154,0.958888888888889,0.015497470411760965,0.09155667005999722,0.16555555555555557,0.05945298187168181,0.014385552864840093,0.5075988302487597
78,63,2012-02-16,11,2,2011-2012,Paulistano,Bauru Basket,1,0.44862125323180346,0.1006333581435137,0.24300130967787684,0.10498658541041299,0.15056993733100882,0.04360649375401058,0.10696344357699822,0.058144316274071586,0.07346832134684046,0.9455555555555554,0.033544452714504555,0.09401869144798759,34.70444444444445,0.12150065483893842,0.20987788016001294,57.80222222222223,0.10498658541041299,0.12862840134779466,80.42555555555556,0.007863142402512725,0.038703497646426395,0.6111111111111112,0.011238254732342357,0.11928931894354479,0.1,0.07346832134684046,0.01909091207206483,0.4613156578768729,0.4116666666666667,0.11499999999999999,0.2222222222222222,0.07444444444444445,0.1688888888888889,0.05722222222222222,0.11166666666666665,0.06611111111111112,0.051666666666666666,1.6444444444444444,0.03833333333333334,0.11055555555555556,35.75,0.1111111111111111,0.20833333333333334,53.90555555555556,0.07444444444444445,0.09722222222222222,76.09555555555556,0.011111111111111112,0.035,0.8544444444444445,0.013888888888888888,0.09,0.14777777777777779,0.051666666666666666,0.011111111111111112,0.4516666666666666
78,89,2012-02-23,7,2,2011-2012,Tijuca,Coop/São José Basketball,0,0.3750220132079247,0.07333933693549463,0.21556889689369177,0.08611377937873835,0.1311214506481667,0.040003335334534054,0.09111811531363262,0.05833800280168101,0.07167033553465413,0.86,0.02444644564516488,0.08722922642474375,26.52111111111111,0.10778444844684588,0.2022365641607186,53.20222222222222,0.08611377937873835,0.11167000200120072,77.67444444444445,0.007222555755675628,0.032223222822582435,0.46111111111111114,0.01000100060036022,0.09500533653525448,0.11555555555555556,0.07167033553465413,0.011111444644564518,0.352244235430147,0.4391647884402871,0.13206790514470815,0.20062574054120919,0.1064711427543698,0.16212238690210468,0.042891082868964314,0.11923130403314033,0.09701624901815231,0.06627252893135277,1.5933333333333333,0.04402263504823605,0.12257954879388361,35.15222222222222,0.10031287027060459,0.18221377598079685,54.846666666666664,0.1064711427543698,0.12209516929867546,86.71222222222221,0.004467127836337232,0.03513179178018469,0.5655555555555556,0.018942500135908168,0.09193519525542185,0.21222222222222223,0.06627252893135277,0.00946316251483899,0.5100233413451387
64,53,2012-02-23,7,2,2011-2012,Uberlândia,L. Sorocabana,1,0.4479980120786481,0.12563004232900893,0.24315506882566237,0.07921290092397669,0.14084185913563496,0.029120696483327647,0.11172116265230732,0.0862312778094813,0.056352743604301626,1.596,0.041876680776336314,0.11286116273556127,36.787,0.12157753441283119,0.21129599562333795,58.229,0.07921290092397669,0.0963400057067916,81.186,0.022493591700512742,0.03711150804057535,0.712,0.01574772256467805,0.09534548729185718,0.185,0.056352743604301626,0.01100092671442168,0.49374758807216945,0.37030910709061593,0.11519920249270339,0.16786157764799822,0.08724832694991425,0.15108183825028387,0.0573140381843364,0.09376780006594748,0.038307717688806205,0.06728249782917564,0.57,0.038399734164234464,0.109472979182923,35.68125,0.08393078882399911,0.17881187943885454,47.022499999999994,0.08724832694991425,0.11742841411461985,74.4125,0.0031276305241006116,0.03522346487831912,0.53625,0.005086755427227034,0.10375990849364566,0.0525,0.06728249782917564,0.01192100823771413,0.33659196270782693
86,80,2012-02-23,7,2,2011-2012,Limeira,Minas,1,0.42166666666666663,0.16604166666666667,0.17555555555555555,0.08006944444444444,0.13930555555555557,0.03777777777777778,0.10152777777777777,0.07069444444444445,0.05534722222222222,1.36375,0.05534722222222222,0.12743055555555555,43.005,0.08777777777777777,0.1795138888888889,48.98875,0.08006944444444444,0.09840277777777777,82.1075,0.008055555555555555,0.04034722222222223,0.8324999999999999,0.010486111111111113,0.10423611111111111,0.11750000000000002,0.05534722222222222,0.008611111111111111,0.445,0.38528141569351027,0.09069074659943968,0.22050882779649247,0.07408184129757807,0.1447669711470438,0.048016512122113254,0.09675045902493053,0.06084874931784703,0.06579876816776405,0.9810000000000001,0.030230248866479893,0.09002626582161771,33.134,0.11025441389824624,0.2067867615513645,53.733999999999995,0.07408184129757807,0.09503335646488416,78.70200000000001,0.004890853275986455,0.034400558383060886,0.542,0.01378328401647987,0.1080310890136443,0.132,0.06579876816776405,0.01250195126832441,0.39600233061461565
85,67,2012-02-23,7,2,2011-2012,Pinheiros,Espírito Santo,1,0.444609041317148,0.12751824625516367,0.23135220393128178,0.08573859113070256,0.14196386653684143,0.03761661741893839,0.10434724911790302,0.08367747926231922,0.061007683684513626,1.4280000000000002,0.04250608208505456,0.10484747486012683,39.452000000000005,0.11567610196564089,0.19696724547298286,58.491,0.08573859113070256,0.11251854628516669,74.804,0.016778503570006563,0.051561011858382334,0.89,0.01644772337058487,0.0914010030539975,0.177,0.061007683684513626,0.014946997578356084,0.5113389472238838,0.30613821206006125,0.10704787741661712,0.13717277959068458,0.06191755505275961,0.12402174067464841,0.03802758212591271,0.0859941585487357,0.03944950328824848,0.08457404411632993,0.5288888888888889,0.035682625805539034,0.10605877771168543,32.053333333333335,0.06858638979534229,0.16562848567618332,42.586666666666666,0.06191755505275961,0.08327738647404764,74.34777777777776,0.0022225835682082246,0.035806443941648496,0.4444444444444444,0.009753447765739089,0.10506895531478176,0.09111111111111111,0.08457404411632993,0.020433182803390106,0.24181722440574027
66,105,2012-02-23,7,2,2011-2012,Araraquara,Brasília,0,0.3895250157735888,0.09681331632387569,0.22485606464678,0.06785563480293313,0.12300349729192955,0.028973300626173537,0.09403019666575603,0.06675536871170433,0.06454504308195327,1.061111111111111,0.03227110544129189,0.08907657020385329,34.69666666666667,0.11242803232339,0.2226583646636919,50.58666666666667,0.06785563480293313,0.09231998866036156,73.41444444444444,0.0039052370483116296,0.03395055901382005,0.5355555555555556,0.010573684341758923,0.10678167157761906,0.09888888888888889,0.06454504308195327,0.015035367259016422,0.36776293109055674,0.43357750817066726,0.11502610486443618,0.22766325803773474,0.09088814526849633,0.16324902450737594,0.04544937258914216,0.11779965191823379,0.07100657470956988,0.07362333448593375,0.9589999999999999,0.03834203495481207,0.113680044709406,33.79899999999999,0.11383162901886737,0.19723557716512402,57.64200000000001,0.09088814526849633,0.10711342044694452,84.81199999999998,0.006500000000000001,0.03672007221047584,0.5109999999999999,0.01261087093759276,0.11273253575881684,0.11800000000000002,0.07362333448593375,0.016671606361283144,0.4685734829704491
97,83,2012-02-23,7,2,2011-2012,Flamengo,Joinville,1,0.4581006982038907,0.13706947749287782,0.2542127912399737,0.0668184294710392,0.15720275305714193,0.02793119155058587,0.12927156150655605,0.10024165912994701,0.059096640657504244,1.8766666666666667,0.04568982583095928,0.0939533380847684,45.52333333333333,0.12710639561998685,0.2002387228579933,63.35666666666667,0.0668184294710392,0.08565163089197476,75.42222222222223,0.006511666094050905,0.03250705833849463,0.6000000000000001,0.0072334455667789005,0.08341834029481007,0.09666666666666668,0.059096640657504244,0.01257392375051146,0.5559599327259979,0.36121948105621676,0.08711903901267985,0.1855076604418983,0.08859278160163858,0.1308600820349949,0.04362406933757393,0.08723601269742097,0.05006695817096332,0.058358615654407066,1.0555555555555556,0.029039679670893277,0.08742643663169479,33.62333333333333,0.09275383022094914,0.19348357448049633,48.46888888888889,0.08859278160163858,0.12125800943350594,75.7911111111111,0.007241774424554783,0.03315475802726539,0.6744444444444445,0.004808535777860675,0.11660221116779917,0.04000000000000001,0.058358615654407066,0.015313864619442098,0.329969470360678
78,55,2012-02-25,8,2,2011-2012,Paulistano,Espírito Santo,1,0.4427591279086231,0.11007002232916233,0.23570117871008917,0.09698792686937169,0.15351294359790793,0.04224584437860952,0.11126709921929838,0.061329884646664425,0.07162148921215641,1.015,0.036690007443054104,0.10111682230318883,35.173,0.11785058935504458,0.20189009214401166,58.56,0.09698792686937169,0.11976556121301521,78.63300000000001,0.007576828162261452,0.037333147881783754,0.595,0.011614429259108121,0.1178603870491903,0.10400000000000001,0.07162148921215641,0.01818182086485835,0.4661840920891856,0.30902439085405514,0.1053430896749554,0.1414555016316161,0.06222579954748364,0.12461956660718357,0.03922482391332144,0.08539474269386213,0.04000455295942363,0.08561663970469693,0.5229999999999999,0.03511436322498514,0.10545289994051688,31.848000000000003,0.07072775081580805,0.168565637108565,42.943,0.06222579954748364,0.08394964782664288,74.13499999999999,0.0025003252113874022,0.036225799547483645,0.442,0.00927810298916518,0.10706205978330359,0.08600000000000001,0.08561663970469693,0.020389864523051093,0.24813550196516626
91,89,2012-02-25,8,2,2011-2012,Tijuca,Joinville,1,0.3765198118871323,0.07350540324194517,0.2150120072043226,0.0880024014408645,0.13150930558335,0.03900300180108065,0.09250630378226934,0.05500420252151291,0.06950330198118873,0.8240000000000001,0.02450180108064839,0.08750630378226937,26.647000000000002,0.1075060036021613,0.20551290774464676,52.35,0.0880024014408645,0.11500300180108065,77.148,0.006500300180108065,0.03400090054032419,0.515,0.009500900540324198,0.10050480288172903,0.10700000000000001,0.06950330198118873,0.011500300180108065,0.35451981188713233,0.3665975329505951,0.08140713511141187,0.19895689439770847,0.08623350344147471,0.13127407383149542,0.042261662403816534,0.08901241142767888,0.05056026235386699,0.057522754088966364,1.06,0.02713571170380395,0.08518379296852532,31.798999999999996,0.09947844719885424,0.1996352170324467,49.897000000000006,0.08623350344147471,0.11963220849015535,74.402,0.009517596982099304,0.03183928222453885,0.647,0.005327682200074608,0.11544199005101925,0.046000000000000006,0.057522754088966364,0.014282478157497887,0.3409725233246102
96,80,2012-02-25,8,2,2011-2012,Uberlândia,Bauru Basket,1,0.43636182916240734,0.12920912939000814,0.2328682443869658,0.07428445538543337,0.14258350830512267,0.029655178621206955,0.11292832968391574,0.08475570709952845,0.05850249418572875,1.530909090909091,0.04306970979666938,0.11669196612323751,36.66818181818182,0.1164341221934829,0.20617817783939812,56.74818181818182,0.07428445538543337,0.09076364155162873,80.29909090909092,0.02090326518228431,0.03828318912779577,0.7045454545454546,0.01749792960425277,0.09349589753805199,0.21090909090909093,0.05850249418572875,0.010909933376746981,0.48295235279288135,0.402,0.11099999999999999,0.217,0.074,0.1675,0.05650000000000001,0.11099999999999999,0.06350000000000001,0.051000000000000004,1.569,0.037000000000000005,0.10700000000000001,35.507999999999996,0.1085,0.21150000000000002,52.057,0.074,0.0965,76.264,0.01,0.034,0.825,0.013000000000000001,0.0875,0.14100000000000001,0.051000000000000004,0.0115,0.43699999999999994
81,83,2012-02-25,8,2,2011-2012,Araraquara,Minas,0,0.38362539881161456,0.09464400392225734,0.22039930433594818,0.06858209055340905,0.11971757063965968,0.02958157953791516,0.09013599110174453,0.06659024850720055,0.06560255800452718,1.0419999999999998,0.03154800130741912,0.09268894523475,33.227000000000004,0.11019965216797409,0.21741977178706628,50.822,0.06858209055340905,0.09210241287124847,74.406,0.005017117189634312,0.03356031080474574,0.522,0.010017117189634312,0.10662033134293407,0.094,0.06560255800452718,0.014533433097217344,0.35853070849432156,0.3866194688122821,0.0933552241813088,0.21864438890590226,0.07461985572507096,0.14251542831549438,0.04683319283828478,0.09568223547720957,0.06349886301622457,0.0666352437888764,1.000909090909091,0.031118408060436264,0.09047842347419792,33.949999999999996,0.10932219445295113,0.20571523777396772,53.51090909090908,0.07461985572507096,0.09412123314989468,80.10363636363637,0.004900775705442231,0.03354596216641899,0.5227272727272728,0.014348440014981699,0.10593735364876755,0.14181818181818182,0.0666352437888764,0.013638137516658554,0.40136575510419603
79,85,2012-02-25,8,2,2011-2012,Flamengo,Coop/São José Basketball,0,0.46079062838350165,0.13236252974359003,0.26179151211597634,0.0666365865239353,0.15598247775142776,0.027638072395527284,0.12834440535590047,0.0987174932169523,0.05818697659175383,1.859,0.04412084324786335,0.09205800427629154,44.971,0.13089575605798817,0.204214850572194,63.896,0.0666365865239353,0.08758646780277729,74.07000000000001,0.006360499484645815,0.03275635250464517,0.6100000000000001,0.00751010101010101,0.08507650626532906,0.097,0.05818697659175383,0.013816531375460314,0.5618639394533981,0.4397483095962584,0.13086111463023734,0.20056316648708825,0.10832402847893281,0.1639101482118942,0.04160197458206788,0.1223081736298263,0.09731462411633708,0.06864527603821749,1.545,0.043620371543412445,0.12232159391449526,34.97,0.10028158324354412,0.1794923983827172,55.814,0.10832402847893281,0.12688565236880792,85.39399999999998,0.004520415052703508,0.03311861260216622,0.526,0.01854825012231735,0.09374167572987965,0.20500000000000002,0.06864527603821749,0.01001684626335509,0.5135210072106248
77,83,2012-02-25,8,2,2011-2012,Limeira,Brasília,0,0.4225925925925926,0.16092592592592592,0.18493827160493825,0.0767283950617284,0.14327160493827162,0.04135802469135803,0.10191358024691358,0.0728395061728395,0.05530864197530864,1.3944444444444446,0.053641975308641975,0.1232716049382716,43.16444444444445,0.09246913580246913,0.1867901234567901,49.44111111111111,0.0767283950617284,0.09413580246913579,82.24333333333334,0.00882716049382716,0.03864197530864198,0.7899999999999999,0.010987654320987656,0.10098765432098765,0.12666666666666668,0.05530864197530864,0.008209876543209878,0.45333333333333337,0.4415922011037686,0.11676568539341742,0.23497337404898525,0.08985314166136595,0.16557364735001426,0.0449313889714957,0.12064225837851858,0.07358587537120695,0.07460958132261622,0.9790909090909089,0.038921895131139146,0.11192821681656899,35.03272727272727,0.11748668702449262,0.19963256873848093,58.66454545454546,0.08985314166136595,0.10686200277785471,84.0281818181818,0.0072642574816487865,0.03744738354537894,0.5127272727272727,0.013271316888494832,0.11016340066160084,0.12909090909090912,0.07460958132261622,0.016511172355542555,0.4883135559471615
98,108,2012-02-29,9,2,2011-2012,Espírito Santo,Tijuca,0,0.3059312644127774,0.10122099061359582,0.1404140923923783,0.06429618140680331,0.1282905150974396,0.039295294466655854,0.08899522063078374,0.04045868450856693,0.0864696724588154,0.5181818181818181,0.03374033020453194,0.1054117272186517,30.684545454545457,0.07020704619618914,0.16960512464415,42.32181818181818,0.06429618140680331,0.08495422529694807,75.5290909090909,0.0027275683739885477,0.03611436322498513,0.4354545454545455,0.00979827544469562,0.10596550889391235,0.09272727272727273,0.0864696724588154,0.02035442229368281,0.2492140926956057,0.3836543744428475,0.08045945749267742,0.21364727927665692,0.08954763767351319,0.13364482325759092,0.03954818345552786,0.09409663980206305,0.05409472956501174,0.07091209271017157,0.7972727272727272,0.02681981916422581,0.09273300343842669,27.359090909090913,0.10682363963832846,0.2013753706769516,53.27272727272727,0.08954763767351319,0.11954818345552787,75.92,0.005909363800098241,0.035455364127567446,0.5218181818181818,0.00909172776393109,0.10364072989248094,0.10090909090909092,0.07091209271017157,0.011363909254643695,0.3659271017155748
99,91,2012-03-01,9,2,2011-2012,L. Sorocabana,Araraquara,1,0.3586080951916586,0.12073262443795857,0.15698806902044288,0.0808874017332571,0.15040607844469678,0.0526124783860768,0.09779360005861998,0.03960686016782774,0.06980666473704501,0.5688888888888888,0.04024420814598619,0.11508709260704267,35.53666666666666,0.07849403451022144,0.1711661150567596,45.33333333333333,0.0808874017332571,0.10882525699077321,74.47777777777777,0.002780116021422766,0.036309746558505884,0.5322222222222223,0.0045215603797573636,0.10167547421657391,0.04666666666666666,0.06980666473704501,0.013929785100190337,0.3286373001847351,0.3855685443741951,0.09558545811114305,0.2221811857599529,0.06780190050309914,0.12156142785423608,0.03007416321628651,0.09148726463794957,0.0696274986429096,0.06645687091320653,1.0681818181818181,0.03186181937038102,0.09471722294068184,32.972727272727276,0.11109059287997645,0.21401797435187844,52.26272727272727,0.06780190050309914,0.09054764806477134,74.91454545454546,0.004561015626940284,0.034145737095223394,0.5227272727272728,0.010924651990576649,0.1069275739481219,0.10181818181818182,0.06645687091320653,0.013666757361106676,0.3709370077221105
99,79,2012-03-01,9,2,2011-2012,Bauru Basket,Limeira,1,0.4018181818181819,0.11045454545454544,0.21727272727272728,0.07409090909090908,0.16181818181818183,0.0540909090909091,0.10772727272727271,0.062272727272727285,0.05090909090909091,1.517272727272727,0.03681818181818182,0.10954545454545456,34.63727272727272,0.10863636363636364,0.21090909090909093,52.20272727272727,0.07409090909090908,0.09545454545454546,77.35272727272728,0.009090909090909092,0.03363636363636364,0.8045454545454546,0.012727272727272728,0.08863636363636364,0.1372727272727273,0.05090909090909091,0.01090909090909091,0.4295454545454545,0.41883333333333334,0.16133333333333333,0.17944444444444443,0.07805555555555556,0.13944444444444445,0.03922222222222223,0.10022222222222221,0.07605555555555556,0.057277777777777775,1.395,0.05377777777777778,0.12394444444444445,43.079,0.08972222222222222,0.1806111111111111,49.697,0.07805555555555556,0.09522222222222221,82.59,0.009944444444444445,0.038277777777777786,0.7579999999999999,0.01038888888888889,0.10488888888888889,0.11800000000000002,0.057277777777777775,0.010388888888888888,0.4535
69,75,2012-03-01,9,2,2011-2012,Minas,Paulistano,0,0.3908046885165217,0.09610193795567341,0.21884507579532267,0.07585767476552557,0.14467423034183477,0.04863218115439263,0.09604204918744212,0.06478623846662691,0.06853844715734723,0.9908333333333333,0.0320339793185578,0.08820171274608495,36.67666666666667,0.10942253789766133,0.21050212585420724,52.551666666666655,0.07585767476552557,0.09592691986108766,79.8675,0.004930974221216782,0.03557502672272618,0.5333333333333334,0.0144685261540841,0.10588117066926499,0.1425,0.06853844715734723,0.0155718014955335,0.4122168544595481,0.4379628435532937,0.11370002029923847,0.23063743519099014,0.09362538806306517,0.1541026759980981,0.04067804034419047,0.11342463565390762,0.060754440587876754,0.06965589928377856,1.0227272727272725,0.037900006766412815,0.10283347482108075,35.763636363636365,0.11531871759549507,0.20080917467637424,57.54272727272728,0.09362538806306517,0.1170596011027411,77.54545454545455,0.007797116511146774,0.03893922534707614,0.640909090909091,0.011922208417371018,0.11396398822653664,0.11272727272727273,0.06965589928377856,0.018347109877143955,0.46698553826289596
102,86,2012-03-01,9,2,2011-2012,Coop/São José Basketball,Uberlândia,1,0.4384075541784167,0.13396464966385213,0.19596651498826204,0.10847638952630256,0.164463771101722,0.04145634052915262,0.12300743057256934,0.09392238556030642,0.07104116003474317,1.4618181818181817,0.04465488322128404,0.12347417628590479,35.49454545454545,0.09798325749413102,0.17544763489337925,55.790909090909096,0.10847638952630256,0.12807786578982538,84.77363636363634,0.004109468229730462,0.03374419327469656,0.5163636363636364,0.016862045565743045,0.0934015233907997,0.1863636363636364,0.07104116003474317,0.011833496603050083,0.5113827338278407,0.43999834339887345,0.1321917019408408,0.2326292240213853,0.07517741743664724,0.14403488261302913,0.030517247069439705,0.11351763554358944,0.08644273150790109,0.05779395300358469,1.5783333333333334,0.04406390064694693,0.11738430227963438,37.27916666666667,0.11631461201069265,0.2039966630194483,57.343333333333334,0.07517741743664724,0.09403333808899302,79.05583333333335,0.020827993083760616,0.03759292336714612,0.6958333333333333,0.018123102137231707,0.09153790607654766,0.22333333333333336,0.05779395300358469,0.010417438928684733,0.49437299006014124
86,75,2012-03-01,9,2,2011-2012,Brasília,Pinheiros,1,0.4393761843451212,0.11828521161063264,0.23039225954490317,0.09069871318958544,0.1634425100708464,0.04410377322387105,0.11933873684697537,0.0741203857569397,0.07422544954573153,0.9924999999999998,0.03942840387021088,0.11510086541518823,34.61333333333333,0.11519612977245158,0.19466318801027419,59.13333333333333,0.09069871318958544,0.10837350254636681,83.6925,0.007075569358178054,0.03641010158326403,0.5,0.013415373814453596,0.11056645060646743,0.12916666666666668,0.07422544954573153,0.016801907992580672,0.4867874262848981,0.44282640119740724,0.12274386023196698,0.23304745811934707,0.08703508284609324,0.1445126059425831,0.039651470380853086,0.10486113556173003,0.08243407205665383,0.06091607607683056,1.4045454545454545,0.040914620077322335,0.10349770441829712,38.3909090909091,0.11652372905967354,0.19906113224816624,58.33909090909091,0.08703508284609324,0.11456231480469699,74.73727272727274,0.0175259123363696,0.05141910168943849,0.8845454545454546,0.016770657609622607,0.09263727550363408,0.1781818181818182,0.06091607607683056,0.014951815980323711,0.5130354065671671
60,72,2012-03-03,10,2,2011-2012,Espírito Santo,Flamengo,0,0.3212703257117126,0.10653590806246284,0.14621291802634676,0.06852149962290303,0.1267663055059863,0.0389373532611012,0.08782895224488511,0.04500379413285302,0.08259719975391412,0.6733333333333332,0.03551196935415428,0.10537741661709739,32.4925,0.07310645901317338,0.17255469759047082,43.06333333333333,0.06852149962290303,0.09079137318886905,75.4175,0.0033336043428228352,0.0351881662895697,0.45166666666666666,0.008981752490970983,0.10963504981941964,0.085,0.08259719975391412,0.019074887102542577,0.2730295849709719,0.45480966216681973,0.13532957249417277,0.25435592010543306,0.06512416956721391,0.1522567979558434,0.027852793086842985,0.12440400486900041,0.09519772110632027,0.0592608878106853,1.768181818181818,0.04510985749805759,0.09278000388753777,45.88272727272727,0.12717796005271653,0.2038316823383582,62.17818181818182,0.06512416956721391,0.08553315254797936,74.32909090909091,0.005782272258768923,0.03250577500422289,0.5936363636363636,0.00773645546372819,0.08734227842302643,0.09636363636363637,0.0592608878106853,0.01301502852314574,0.5462399449576346
73,104,2012-03-03,10,2,2011-2012,Minas,Pinheiros,0,0.3872812509383277,0.09678640426677546,0.21508776227260554,0.0754070843989467,0.14316082800784746,0.048352782604054734,0.09480804540379273,0.06364883550765561,0.07018933583755128,0.9576923076923077,0.032262134755591816,0.08949388868869379,36.419230769230765,0.10754388113630277,0.20700196232696053,52.47230769230768,0.0754070843989467,0.09624023371792709,79.10846153846154,0.005320899281123183,0.035530793897901085,0.5223076923076924,0.013355562603769938,0.10389031138701384,0.13153846153846155,0.07018933583755128,0.018604739842030923,0.4089694041165059,0.43717420109762334,0.12251520521263641,0.23029350327606815,0.0843654926089188,0.1437198887807012,0.039680514515781994,0.1040393742649192,0.08014789938526602,0.060839736403761356,1.3641666666666667,0.04083840173754547,0.1057062290501057,37.755833333333335,0.11514675163803408,0.1958060378941524,58.685833333333335,0.0843654926089188,0.11334878857097225,73.09250000000002,0.017315419641672134,0.04838417654865195,0.8316666666666667,0.016206436142154057,0.09408416921166458,0.1708333333333333,0.060839736403761356,0.014955831315296736,0.5031991226865699
93,73,2012-03-03,10,2,2011-2012,Joinville,Uberlândia,1,0.3737250299550865,0.07809739555582897,0.20450626763428045,0.09112136676497701,0.1343400671195413,0.04341969309437867,0.0909203740251626,0.05141842032169727,0.05911159462633306,1.0363636363636364,0.02603246518527632,0.08243981178956848,31.38727272727272,0.10225313381714023,0.20466837912040606,49.99545454545455,0.09112136676497701,0.12330200771832303,75.59272727272727,0.009106906347363004,0.03303571111321713,0.6427272727272727,0.005297892909158734,0.11767453641001752,0.04545454545454546,0.05911159462633306,0.01434770741590717,0.3549750212041911,0.43922924006049857,0.12663849409923766,0.23319620678897104,0.07939453917228977,0.14333989164279612,0.03163130498717511,0.11170858665562103,0.08594713677652409,0.05680980277253971,1.5938461538461541,0.04221283136641255,0.11681627902735482,35.81,0.11659810339448552,0.20522768894102922,57.128461538461536,0.07939453917228977,0.09833846592830124,79.64153846153847,0.019995070538855957,0.037008852338904115,0.6938461538461538,0.016729017357444653,0.09257345176296707,0.20615384615384616,0.05680980277253971,0.010000712857247445,0.4905750677478227
74,73,2012-03-03,10,2,2011-2012,L. Sorocabana,Limeira,1,0.3674385099411818,0.11949359818051157,0.16295773449109632,0.08498717726957386,0.15342253091080854,0.05367120165617262,0.09975132925463592,0.04016043922869032,0.0727573814341603,0.5569999999999999,0.03983119939350386,0.11396119302492273,35.461,0.08147886724554816,0.17436369640048777,46.132999999999996,0.08498717726957386,0.11464551207898373,74.327,0.0038563839425740975,0.03583875745700705,0.511,0.0045208308495461634,0.10189073647350085,0.046,0.0727573814341603,0.014342512621229448,0.34227050046600876,0.41666666666666674,0.16030303030303028,0.17858585858585857,0.07777777777777778,0.13540404040404042,0.03792929292929293,0.09747474747474748,0.07414141414141415,0.05525252525252525,1.4109090909090911,0.05343434343434344,0.1226767676767677,43.29454545454546,0.08929292929292929,0.18146464646464644,49.24636363636364,0.07777777777777778,0.09429292929292928,83.10363636363637,0.009040404040404041,0.035252525252525264,0.7018181818181817,0.009444444444444446,0.10489898989898991,0.10727272727272728,0.05525252525252525,0.011262626262626264,0.4459090909090909
95,63,2012-03-03,10,2,2011-2012,Bauru Basket,Araraquara,1,0.4095977758882276,0.11500481418496472,0.2183400440154054,0.07625291768785741,0.16542264792677439,0.054585083946047795,0.11083756398072657,0.06500277180346456,0.05125160472832158,1.535,0.038334938061654916,0.11083698044315511,35.4175,0.1091700220077027,0.20875539772253626,53.0325,0.07625291768785741,0.09625306357225029,78.84333333333333,0.009166958435452408,0.032083770986511946,0.7599999999999999,0.012500291768785742,0.08875262591907168,0.13500000000000004,0.05125160472832158,0.01375131295953584,0.449602881841978,0.38714153604671586,0.09428666993521446,0.22292534620588278,0.06992951990561866,0.12106093849601272,0.029419834800114484,0.09164110369589822,0.07086224412637084,0.06758546500377265,1.0675,0.031428889978404824,0.09423152843636574,32.725,0.11146267310294139,0.213590550563296,52.517500000000005,0.06992951990561866,0.09189089961492929,75.96333333333334,0.0045513013617322975,0.03463359233728811,0.5208333333333334,0.010384634695065632,0.10912805389688951,0.09583333333333334,0.06758546500377265,0.01437971276619964,0.3763218867082309
95,88,2012-03-03,10,2,2011-2012,Coop/São José Basketball,Sesi Franca,1,0.4443735913302153,0.13280092885853112,0.20463597207257353,0.10693669039911069,0.1624251235099118,0.04050164548505656,0.12192347802485524,0.09901218676361423,0.07095439669851457,1.5241666666666667,0.04426697628617704,0.12026799492874606,36.458333333333336,0.10231798603628676,0.1783269986522643,57.09416666666667,0.10693669039911069,0.12615471030733993,84.85166666666665,0.004183679210586257,0.03384884383513851,0.515,0.017540208435264458,0.09520139644156639,0.1891666666666667,0.07095439669851457,0.012097371886129244,0.527517506008854,0.40344444444444444,0.1038333333333333,0.20455555555555555,0.09505555555555555,0.14322222222222222,0.04438888888888889,0.09883333333333333,0.07216666666666666,0.07,1.145,0.034611111111111106,0.09338888888888888,37.016999999999996,0.10227777777777777,0.21005555555555552,49.432,0.09505555555555555,0.1186666666666667,80.86600000000001,0.006944444444444445,0.03227777777777777,0.5069999999999999,0.009333333333333334,0.1073888888888889,0.08499999999999999,0.07,0.01238888888888889,0.40327777777777774
97,63,2012-03-03,10,2,2011-2012,Brasília,Paulistano,1,0.4386549393954965,0.12072481071750704,0.22805439342606448,0.08987573525192503,0.16317770160385822,0.044172713745111745,0.11900498785874648,0.07380343300640588,0.07120810727298296,1.0699999999999998,0.04024160357250235,0.11663156807555837,34.8,0.11402719671303224,0.19315063508640692,58.980000000000004,0.08987573525192503,0.10965246388895399,82.1776923076923,0.006531294792164358,0.035917016846089875,0.5276923076923077,0.013921883521034089,0.10975364671366225,0.13461538461538464,0.07120810727298296,0.015894068916228313,0.48934223964759826,0.43271593992385254,0.11422501860763527,0.2289176489250743,0.08957327239114306,0.1516774529982566,0.039788203648841274,0.11188924934941531,0.06152490387222035,0.07051790767679701,1.0108333333333333,0.03807500620254508,0.10343068525265736,35.81333333333334,0.11445882446253715,0.20032507678667635,57.23500000000001,0.08957327239114306,0.112721301010846,76.8525,0.007980690135217875,0.03819428990148646,0.6191666666666668,0.011345357715923434,0.11280032254099193,0.1075,0.07051790767679701,0.01973485072071529,0.46140341007432134
99,89,2012-03-06,3,2,2011-2012,Flamengo,Minas,1,0.44690885698625143,0.13280210811965837,0.25149292676331364,0.06261382210327941,0.15456873145952313,0.0296983936629394,0.1248703377965837,0.09184791101412691,0.05682248049312819,1.7733333333333334,0.044267369373219456,0.09254833689690962,45.300000000000004,0.12574646338165682,0.2068457088101617,60.81583333333334,0.06261382210327941,0.08298872316898108,73.43833333333333,0.005300416237204846,0.03313029375387098,0.655,0.007925084175084173,0.08506375522110755,0.1025,0.05682248049312819,0.012347109479550263,0.5369699495444983,0.38610289258924707,0.09531512833653413,0.2171388743944816,0.0736488898582313,0.14454473705389984,0.049978248500943956,0.09456648855295584,0.06454452877449428,0.06807823246795085,1.0235714285714288,0.03177170944551138,0.090357519615063,35.60357142857143,0.1085694371972408,0.20963063158781123,52.295714285714276,0.0736488898582313,0.09553357512444538,77.65928571428572,0.0053036376241067515,0.03408128778009954,0.5121428571428572,0.013852804155755837,0.10626524444780674,0.13285714285714284,0.06807823246795085,0.01727582985331443,0.40878151001043056
87,80,2012-03-07,7,2,2011-2012,Sesi Franca,Bauru Basket,1,0.40676767676767683,0.10666666666666665,0.2105050505050505,0.08959595959595959,0.14065656565656567,0.04262626262626263,0.09803030303030304,0.07651515151515151,0.07181818181818182,1.1618181818181819,0.035555555555555556,0.0948989898989899,37.37090909090909,0.10525252525252525,0.21005050505050502,50.78272727272727,0.08959595959595959,0.11151515151515155,81.46909090909092,0.006313131313131313,0.03207070707070707,0.49090909090909085,0.009393939393939394,0.10762626262626264,0.08545454545454545,0.07181818181818182,0.012626262626262626,0.41207070707070703,0.41462871620451774,0.11538905924765973,0.22231388678345115,0.07692577017340683,0.1665439827016379,0.05615546210404411,0.11038852059759376,0.06731025089550574,0.05230917359537378,1.5292307692307692,0.03846301974921992,0.1103879819475278,35.62384615384615,0.11115694339172558,0.20885113635926425,53.89846153846153,0.07692577017340683,0.09731052022053874,78.7223076923077,0.009615653940417608,0.03230809629524179,0.7430769230769231,0.011923346248109916,0.08923319315606616,0.1284615384615385,0.05230917359537378,0.013847365808802312,0.4611718909310566
90,75,2012-03-12,8,2,2011-2012,Sesi Franca,L. Sorocabana,1,0.40912037037037036,0.10652777777777776,0.21212962962962964,0.09046296296296297,0.1401851851851852,0.043240740740740746,0.09694444444444444,0.0772222222222222,0.07125,1.1741666666666668,0.03550925925925926,0.09532407407407407,37.173333333333325,0.10606481481481482,0.20712962962962958,52.02666666666667,0.09046296296296297,0.11138888888888893,82.25583333333334,0.00662037037037037,0.03189814814814815,0.4883333333333333,0.011111111111111112,0.10990740740740741,0.09666666666666666,0.07125,0.012824074074074076,0.4227314814814815,0.3676713726738017,0.12226690743682869,0.1626888495373603,0.0827156156996126,0.1576568462825532,0.05697381968742965,0.10068302659512357,0.04060039929880938,0.07205216494014573,0.5690909090909091,0.04075563581227623,0.11905563002265702,34.910909090909094,0.08134442476868015,0.17487608763680706,45.9790909090909,0.0827156156996126,0.11058682916271248,75.36181818181818,0.0035058035841582704,0.035762506779097314,0.5136363636363637,0.005018937135951058,0.10035521497590985,0.05272727272727273,0.07205216494014573,0.013947738746572225,0.34615500042364433
81,66,2012-03-13,11,2,2011-2012,Brasília,Espírito Santo,1,0.4419653008672468,0.1281730385233994,0.22533622246705987,0.08845603987678753,0.16223643720358263,0.042446091334746625,0.11979034586883601,0.0746031877916626,0.06862181389634132,1.167142857142857,0.042724346174466465,0.11901502749873276,35.885714285714286,0.11266811123352993,0.19042558972309215,59.144999999999996,0.08845603987678753,0.10932014503974298,81.07000000000001,0.006779059449866904,0.035494372785654885,0.5514285714285715,0.013998891840960223,0.11012838623411494,0.1342857142857143,0.06862181389634132,0.014758778279354862,0.49688922252991263,0.3196341468108116,0.1052639151345811,0.14804269356278163,0.06632753811344895,0.12970735892860275,0.03901909531793957,0.09068826361066318,0.04731119458417202,0.08085895361899764,0.7176923076923075,0.03508797171152703,0.10611761533885913,32.0,0.07402134678139081,0.17581972085274228,42.79153846153846,0.06632753811344895,0.08765357525126374,75.77,0.0034617886241441556,0.034404461190372035,0.4492307692307692,0.009060079222434753,0.10658619983331044,0.08923076923076924,0.08085895361899764,0.017992203479270073,0.27548884766551257
91,67,2012-03-13,12,2,2011-2012,Pinheiros,Bauru Basket,1,0.4439331385302779,0.12590629356523714,0.23354916643900017,0.08447767852604061,0.14392647369989417,0.039346571619638206,0.10457990208025597,0.08446795037079109,0.05887816105469608,1.5561538461538462,0.04196876452174571,0.10573019378453898,38.88076923076923,0.11677458321950009,0.1958894307788945,59.49692307692308,0.08447767852604061,0.1151149250037507,72.31307692307693,0.01637180776666343,0.04699237770639824,0.8338461538461538,0.016513161136314194,0.09461379506701187,0.17307692307692307,0.05887816105469608,0.0141937262346246,0.5196362723146317,0.4135838079041951,0.11357555501568405,0.2185771805846332,0.08143107230387778,0.16571941250866376,0.05857292909661239,0.10714648341205134,0.0653595186886839,0.05250137548141851,1.4721428571428572,0.03785851833856136,0.10893169752270439,35.46,0.1092885902923166,0.20857605519074537,53.01,0.08143107230387778,0.10357405449050026,78.505,0.010357392944673494,0.032857517988438806,0.7421428571428572,0.011428821516102066,0.08964510793063286,0.12285714285714289,0.05250137548141851,0.01392969682245929,0.45823104157883826
95,71,2012-03-15,11,2,2011-2012,Pinheiros,L. Sorocabana,1,0.444723628635258,0.1244129868820059,0.23758136883621445,0.08272927291703772,0.1450745827213303,0.03903610221823548,0.10603848050309483,0.08486309677287744,0.05895829240793208,1.5521428571428573,0.041470995627335305,0.10353517994278619,39.43714285714286,0.11879068441810722,0.19868304286611632,59.65428571428572,0.08272927291703772,0.11439243036062564,71.22928571428572,0.016273821497616043,0.04649292215594123,0.8221428571428572,0.01604793534086318,0.09356995256222532,0.16999999999999998,0.05895829240793208,0.013894174360722844,0.523590824292158,0.3682820916176515,0.11957799848375965,0.16329811207591358,0.08540598105797821,0.1545187757590071,0.056392668046810514,0.09812610771219661,0.040967032690575264,0.07313115119513358,0.5658333333333333,0.039859332827919876,0.12038432752076894,33.85333333333333,0.08164905603795679,0.1744697470004065,46.314166666666665,0.08540598105797821,0.11303792673248643,75.92666666666666,0.004880319952145082,0.03819896454750587,0.5341666666666667,0.005434025707955137,0.0999089470612507,0.057499999999999996,0.07313115119513358,0.01320209385102454,0.3460587503883406
91,80,2012-03-15,11,2,2011-2012,Sesi Franca,Flamengo,1,0.41226495726495727,0.10525641025641025,0.2165811965811966,0.09042735042735044,0.14324786324786326,0.04337606837606838,0.09987179487179487,0.07935897435897435,0.075,1.1515384615384616,0.03508547008547009,0.09299145299145299,37.86384615384615,0.1082905982905983,0.2081196581196581,52.744615384615386,0.09042735042735044,0.10974358974358979,83.62076923076924,0.00688034188034188,0.034444444444444444,0.4923076923076923,0.011025641025641027,0.11029914529914531,0.09615384615384616,0.075,0.014145299145299146,0.4363675213675213,0.45060817567961675,0.1329711767258385,0.2529165477815203,0.06472045117225791,0.15267882903955982,0.029721594150405598,0.1229572348891542,0.09285961016688637,0.05783613583981065,1.7523076923076923,0.0443237255752795,0.09273692636637812,45.45923076923077,0.12645827389076014,0.20670373120938004,61.20307692307693,0.06472045117225791,0.08545112907905947,73.80923076923077,0.005277307295881397,0.03442796346511167,0.6592307692307693,0.008853923853923853,0.08544346635794545,0.11153846153846153,0.05783613583981065,0.013320408750354088,0.54451072265646
73,72,2012-03-15,12,2,2011-2012,Minas,Espírito Santo,1,0.3900293664166306,0.09496078644743186,0.2186629494348495,0.07640563053434922,0.1429084212503065,0.04897969860088103,0.09392872264942545,0.06457489352286133,0.06687301697008746,1.0420000000000003,0.03165359548247729,0.09000035164072547,35.58266666666667,0.10933147471742476,0.21065525614862382,52.36466666666666,0.07640563053434922,0.09783133678281569,78.37933333333334,0.005283395115832968,0.033809201928092905,0.518,0.01392928387870545,0.10618089481795297,0.13333333333333333,0.06687301697008746,0.016124107863093467,0.41252940934306853,0.3203745648957536,0.10524506405353959,0.15032535830829724,0.06480414253391689,0.13044254757655968,0.039089159938086745,0.09135338763847296,0.0467889663995883,0.07972617121764067,0.7107142857142855,0.03508168801784652,0.1074663571003692,31.714285714285715,0.07516267915414862,0.1771897407918321,43.03142857142857,0.06480414253391689,0.08567831987617348,75.715,0.0032145180081338586,0.034804142533916886,0.4614285714285714,0.00912721642083227,0.10647289984521684,0.09000000000000001,0.07972617121764067,0.017064188945036494,0.277596787117976
88,66,2012-03-15,11,2,2011-2012,Uberlândia,Tijuca,1,0.43392715148474864,0.12723574452072067,0.22868219201833023,0.07800921494569765,0.14381561366831067,0.03330049748809118,0.11051511618021952,0.0826651984353438,0.05810910257450116,1.517857142857143,0.04241191484024023,0.11561511623968664,36.46642857142857,0.11434109600916512,0.20378285401666998,56.33,0.07800921494569765,0.09845714693342258,78.23857142857143,0.018923994071794816,0.035436791457553816,0.6585714285714285,0.015891230403341464,0.09274677663704085,0.195,0.05810910257450116,0.010357804796015486,0.4812482771944068,0.3966831765726102,0.08125450270162098,0.22084333933693548,0.09458533453405375,0.13417442131945834,0.038335834834233876,0.09583858648522446,0.053753502101260765,0.06958608498432393,0.8066666666666666,0.027084834233873662,0.09000525315189113,29.245833333333337,0.11042166966846774,0.2012607564538723,55.083333333333336,0.09458533453405375,0.1254191681675672,76.1725,0.005833583483423388,0.03500075045027016,0.5241666666666667,0.00916741711693683,0.10542066906810753,0.09916666666666668,0.06958608498432393,0.011250250150090055,0.3891831765726102
78,85,2012-03-15,11,2,2011-2012,Limeira,Joinville,0,0.4123611111111112,0.15819444444444444,0.17787037037037035,0.07629629629629629,0.1316203703703704,0.036018518518518526,0.09560185185185184,0.06921296296296296,0.05606481481481481,1.3125000000000002,0.05273148148148149,0.12245370370370372,42.81166666666667,0.08893518518518517,0.17967592592592593,49.57,0.07629629629629629,0.09143518518518517,84.51166666666667,0.008287037037037037,0.03273148148148149,0.6499999999999999,0.009074074074074076,0.10365740740740742,0.10333333333333335,0.05606481481481481,0.011990740740740741,0.43250000000000005,0.3813312774588293,0.0753392792595099,0.21746407866475706,0.08852791953456225,0.13522839485957952,0.04313471866984711,0.0920936761897324,0.05255021862822249,0.056268961740805305,1.1666666666666667,0.025113093086503294,0.08348649414043778,30.087499999999995,0.10873203933237853,0.2088626808603722,51.71166666666667,0.08852791953456225,0.12136017374179613,74.29333333333334,0.010014664151749422,0.034032735187115706,0.7391666666666667,0.005273068500062174,0.11536832504251605,0.04666666666666667,0.056268961740805305,0.013568731797914907,0.3712271027705085
80,82,2012-03-15,11,2,2011-2012,Araraquara,Coop/São José Basketball,0,0.38159218712004545,0.09049538763250566,0.2188541657285072,0.0722426337590326,0.11828702015016558,0.02946446289241337,0.08882255725775219,0.06848822534741923,0.06661735231117474,1.0415384615384615,0.03016512921083522,0.08929064163356838,34.05384615384616,0.1094270828642536,0.2133143543661194,51.59153846153846,0.0722426337590326,0.09289929195224242,77.44615384615385,0.0049704320262144285,0.034661777542112096,0.53,0.00997043202621443,0.10765666513559033,0.09307692307692308,0.06661735231117474,0.01481204255341505,0.37083558773067465,0.4467294689201987,0.13297008817710565,0.20581782037468327,0.10794156036840988,0.15839242170145706,0.039693826601590675,0.11869859509986638,0.09947278778179774,0.06972713541401346,1.5538461538461539,0.044323362725701886,0.1183243030111502,37.29769230769231,0.10290891018734163,0.17884030644824397,57.27615384615386,0.10794156036840988,0.12721973259139072,84.91769230769229,0.004631088502079621,0.03509124046320478,0.5453846153846154,0.01696019240178258,0.09287821209990743,0.18615384615384617,0.06972713541401346,0.011936035587196227,0.5315546209312498
88,106,2012-03-17,12,2,2011-2012,Araraquara,Joinville,0,0.3829184640418715,0.09260628988787548,0.22180058543480285,0.06851158871919318,0.1162690911684225,0.028074429943001,0.08819466122542145,0.07074192468020375,0.06686097080355383,1.0692857142857142,0.030868763295958494,0.09041573986022226,34.34285714285715,0.11090029271740143,0.21165447408369406,52.79357142857143,0.06851158871919318,0.0894792001844309,75.08857142857143,0.004972686938650549,0.03647336554652135,0.5535714285714286,0.009615544081507693,0.10818447608357408,0.0892857142857143,0.06686097080355383,0.015183182599691156,0.37864676552353593,0.3846904099619962,0.07992856547031682,0.21227453415208344,0.09248731033959594,0.13790313371653495,0.041739740310628104,0.09616339340590682,0.056200201810666914,0.05655596468382028,1.2053846153846153,0.02664285515677227,0.08514137920655794,31.069999999999997,0.10613726707604172,0.2043347823326513,51.580000000000005,0.09248731033959594,0.1258709296078118,74.56153846153846,0.00924430537084562,0.03218406324964527,0.6953846153846155,0.005252063230826622,0.1153399923469379,0.04615384615384616,0.05655596468382028,0.014832675505767605,0.38459424871123865
94,82,2012-03-17,12,2,2011-2012,Sesi Franca,Tijuca,1,0.41531746031746036,0.10630952380952381,0.21825396825396823,0.09075396825396827,0.14873015873015874,0.04563492063492064,0.1030952380952381,0.0826190476190476,0.0725,1.292857142857143,0.03543650793650794,0.09420634920634921,37.756428571428565,0.10912698412698411,0.21146825396825394,52.33857142857143,0.09075396825396827,0.11047619047619052,83.30285714285716,0.008888888888888889,0.034484126984126985,0.5199999999999999,0.013095238095238096,0.10920634920634921,0.11928571428571429,0.0725,0.013492063492063494,0.4505555555555555,0.3915537014516402,0.08308107941688089,0.2169323132340943,0.091540308800665,0.13539177352565385,0.040002309077754344,0.0953894644478995,0.053080155785779175,0.06923330921629903,0.7976923076923076,0.027693693138960307,0.09115869521713028,29.560000000000002,0.10846615661704714,0.20577915980357447,53.360769230769236,0.091540308800665,0.12154077061621588,75.95384615384616,0.006154077061621589,0.03730838503101861,0.5607692307692308,0.008462231184864766,0.10269600221671464,0.09153846153846155,0.06923330921629903,0.011538692446236974,0.38193831683625556
87,83,2012-03-17,12,2,2011-2012,Paulistano,L. Sorocabana,1,0.42366086762201777,0.11582309409935564,0.2182316759308378,0.08960609759182438,0.15116380276762148,0.0394198802912381,0.11174392247638337,0.060253757420511096,0.06970883785550494,0.9907692307692307,0.03860769803311854,0.10739755561783756,35.291538461538465,0.1091158379654189,0.19491545549539355,55.49538461538462,0.08960609759182438,0.1140504317023194,76.26615384615386,0.007751406278662655,0.03717934452444904,0.6038461538461539,0.011241868660852401,0.11412337465322331,0.1053846153846154,0.06970883785550494,0.019370631434506423,0.44898776314552735,0.36726039226244755,0.11730276783116275,0.16381364191622794,0.08614398251505681,0.14955579300831426,0.05282400127397894,0.09673179173433534,0.04089264556053101,0.07058260110320023,0.5992307692307692,0.039100922610387584,0.11843168694224825,33.67846153846154,0.08190682095811397,0.17566438184652905,46.19307692307692,0.08614398251505681,0.11395808621460286,75.93230769230769,0.004504910725056998,0.03679904419769773,0.5315384615384615,0.0057852544996508945,0.09606979728730834,0.06846153846153845,0.07058260110320023,0.012571163554791884,0.34328500035846826
71,83,2012-03-17,12,2,2011-2012,Limeira,Coop/São José Basketball,0,0.4087072619587355,0.15250246479126633,0.17858097588942382,0.07762382127804525,0.13085113860162978,0.035406804503071695,0.09544433409855807,0.06820677139930578,0.055710195720018896,1.2953846153846156,0.05083415493042213,0.12023065888488287,41.826153846153844,0.08929048794471191,0.1802476425560905,49.60307692307693,0.07762382127804525,0.0941169450501474,83.70846153846153,0.0076495726495726495,0.030933322298744705,0.6138461538461537,0.008376068376068378,0.10503917278966396,0.0953846153846154,0.055710195720018896,0.011788023153445551,0.4262175349208749,0.4441059354258988,0.13097222473588382,0.20683083320506304,0.10630287748495203,0.1595786772942101,0.04150141041576277,0.11807726687844736,0.09701044579738362,0.07117519717015534,1.4942857142857142,0.04365740824529461,0.11701542422463948,37.13357142857143,0.10341541660253152,0.17820885598765512,57.80714285714287,0.10630287748495203,0.12670403740629138,83.91142857142856,0.00572886789478822,0.035441866144404435,0.5378571428571429,0.01646303580165525,0.09231548266419976,0.18142857142857147,0.07117519717015534,0.011797747330967926,0.5289435765790177
96,98,2012-03-17,12,2,2011-2012,Uberlândia,Flamengo,0,0.4343320080524321,0.13375336155267264,0.22410337921710824,0.07647526728265114,0.14689457275708995,0.03341379765555176,0.11348077510153823,0.08282085187298754,0.05890182906953442,1.4973333333333336,0.044584453850890875,0.11657410849037418,37.88133333333334,0.11205168960855412,0.20219733041555868,55.53733333333333,0.07647526728265114,0.09622667047119442,78.664,0.018995727800341828,0.0350743386937169,0.6433333333333332,0.016165148376452033,0.09156365819457145,0.2,0.05890182906953442,0.010000617809614453,0.485498392048113,0.4469933059882156,0.13204466410256432,0.2512796515114117,0.0636689903742395,0.15355891267959126,0.02938433742537663,0.12417457525421462,0.09086963801210877,0.05727641185125275,1.7200000000000002,0.04401488803418811,0.09647000305449396,44.182857142857145,0.12563982575570584,0.20586775040871003,61.04357142857144,0.0636689903742395,0.08506176271626952,73.00142857142858,0.005614642489032725,0.03375453750331798,0.6478571428571429,0.008221500721500722,0.08612607590380648,0.10357142857142856,0.05727641185125275,0.013440379553900225,0.5366885281809985
92,89,2012-03-21,9,2,2011-2012,Joinville,Sesi Franca,1,0.3950696663932822,0.07957652507957991,0.21925492456979176,0.09623821674391052,0.13841005273678245,0.040901187431297524,0.0975088653054849,0.060400187395619274,0.05787339577783311,1.2285714285714284,0.026525508359859968,0.08263128069180381,32.42214285714285,0.10962746228489588,0.20688229788031906,52.508571428571436,0.09623821674391052,0.12973729177868237,74.99,0.008583997844356647,0.03309948730324203,0.6885714285714286,0.005234058714339006,0.11388713575072805,0.04642857142857144,0.05787339577783311,0.014487484398212777,0.40462323094615016,0.418962962962963,0.11022222222222222,0.21637037037037035,0.09237037037037038,0.15048148148148147,0.0455925925925926,0.10488888888888888,0.08344444444444443,0.072,1.304,0.03674074074074074,0.09725925925925928,37.85866666666666,0.10818518518518518,0.20803703703703702,52.808,0.09237037037037038,0.11344444444444449,82.69533333333335,0.00862962962962963,0.03385185185185185,0.5106666666666666,0.014222222222222223,0.11025925925925927,0.12733333333333333,0.072,0.013592592592592594,0.46018518518518514
93,74,2012-03-24,4,2,2011-2012,Brasília,Flamengo,1,0.439500947476097,0.1276281692885061,0.22431380763592254,0.08755897055166836,0.16408734139001044,0.04328301857909685,0.12080432281091362,0.07296297527221843,0.0690470263032519,1.1340000000000001,0.0425427230961687,0.11908069233215057,35.715333333333334,0.11215690381796127,0.190397217074886,58.885999999999996,0.08755897055166836,0.10803213537042679,81.22066666666666,0.0066604554865424435,0.036461414599944564,0.5593333333333333,0.01506563238489621,0.10911982715184061,0.14666666666666667,0.0690470263032519,0.014108193060731206,0.4964299410279185,0.4462307892927049,0.1312416864957267,0.2493424895587991,0.0656466132381791,0.15250683701947038,0.029795751967388557,0.1227110850520818,0.0901449954779682,0.05730983624635442,1.6973333333333334,0.04374722883190891,0.09655718803604622,43.964666666666666,0.12467124477939955,0.20606915964072195,60.52000000000001,0.0656466132381791,0.086502089646296,73.968,0.005240332989763877,0.033874605373467155,0.646,0.007673400673400673,0.08601396713984902,0.09666666666666666,0.05730983624635442,0.01313694684289947,0.5332055892652282
71,73,2012-03-28,13,2,2011-2012,Espírito Santo,Uberlândia,0,0.3230162605693701,0.10722872644997028,0.15030366775441076,0.0654838663649891,0.13007971107145572,0.03781654927554763,0.09226316179590809,0.04700303530628242,0.0790777598031313,0.7106666666666664,0.03574290881665676,0.10696859996034459,32.6,0.07515183387720538,0.17704375807237663,43.019999999999996,0.0654838663649891,0.08529976521776192,76.91733333333333,0.0030002168075916017,0.03515053303165576,0.4686666666666667,0.009185401992776787,0.10737470652220239,0.08933333333333335,0.0790777598031313,0.016926576348700727,0.28409033464344424,0.42877645249687646,0.1335311393304504,0.2163996755134045,0.07884563765302151,0.14593160979412698,0.035932316174070285,0.10999929362005674,0.07900603705817272,0.058420347588052944,1.4460000000000004,0.0445103797768168,0.11683336774963343,37.74333333333333,0.10819983775670225,0.2010121452303735,53.943999999999996,0.07884563765302151,0.09874518898971292,79.37066666666666,0.017588320392934422,0.0347780423974206,0.6433333333333331,0.016276259487563144,0.09474884337975663,0.18466666666666667,0.058420347588052944,0.009593210402207045,0.4743872809370019
90,78,2012-03-29,13,2,2011-2012,Tijuca,Araraquara,1,0.3928712942050945,0.08571814517281798,0.2135800051459447,0.09357314388633177,0.13500664684525,0.03928785842934333,0.09571878841590668,0.055003001801080656,0.06821664427227767,0.8442857142857142,0.028572715057606,0.09071878841590668,30.810000000000002,0.10679000257297235,0.20608064838903342,52.44071428571429,0.09357314388633177,0.1228592870007719,76.6507142857143,0.005714500128648618,0.037857786100231564,0.5792857142857143,0.008214928957374428,0.10428914491552074,0.08785714285714287,0.06821664427227767,0.011428785842934334,0.38715700849080875,0.38672389977241345,0.09343253722868378,0.223680546405816,0.06961081613791363,0.11318448509052767,0.026869467946800937,0.0863150171437267,0.06969246303485684,0.06640357274998357,1.0593333333333332,0.031144179076227928,0.09005469053620745,34.79866666666667,0.111840273202908,0.21287750914478112,52.897333333333336,0.06961081613791363,0.0905139201721355,75.47933333333334,0.00497450780940718,0.036041807843419926,0.55,0.009641174476073848,0.10897217767800248,0.08866666666666669,0.06640357274998357,0.015170970426378412,0.3804036478219669
97,96,2012-03-29,13,2,2011-2012,Flamengo,Limeira,1,0.4410462033940295,0.13010043579608802,0.24842863416776464,0.06251713343017692,0.15398516941995205,0.03374866840084231,0.12023650101910972,0.09006259923651228,0.056566658784050095,1.7099999999999997,0.04336681193202933,0.09979046879046878,42.556,0.12421431708388232,0.21052983570374875,59.24133333333335,0.06251713343017692,0.08300396383005079,73.54466666666666,0.004561895431460647,0.035184396923527365,0.674,0.007673400673400673,0.08691980000675655,0.09666666666666666,0.056566658784050095,0.01312517595126291,0.5256405864666733,0.4048710289616829,0.14589514587760447,0.1808251918973221,0.0781506911867563,0.12971891441579908,0.034306318467138004,0.09541259594866106,0.06654914487078394,0.05458803888287469,1.2835714285714288,0.048631715292534836,0.11807132610739124,40.425714285714285,0.09041259594866105,0.18237281094494118,49.63142857142857,0.0781506911867563,0.09382287754656544,84.47500000000001,0.008174603174603175,0.0312237992774058,0.6328571428571428,0.007777777777777779,0.10646494616183082,0.08857142857142859,0.05458803888287469,0.012017450071056581,0.4207734252836695
68,67,2012-03-29,13,2,2011-2012,Joinville,Paulistano,1,0.39599094789298933,0.08049364562983014,0.22004533700587975,0.09545196525727945,0.14192345662840436,0.042026293454396214,0.09989716317400814,0.05992906379146688,0.05757072494819979,1.2133333333333334,0.026831215209943374,0.08423363975679467,32.205333333333336,0.11002266850293987,0.20731236691052002,52.61933333333334,0.09545196525727945,0.13175480566010356,73.50933333333333,0.009196916506584722,0.03385581777932219,0.6980000000000001,0.0054777140593089985,0.11222058595993877,0.05000000000000001,0.05757072494819979,0.014114244697591184,0.4102409414756661,0.42447080564901646,0.12362144452083024,0.2133579847929208,0.08749137633526549,0.14965210256993422,0.03838988884186395,0.11126221372807028,0.06166420331904602,0.07044392086582602,0.9914285714285713,0.04120714817361006,0.10829773021656346,37.23500000000001,0.1066789923964604,0.19027863724572258,55.65214285714286,0.08749137633526549,0.11268968658072516,75.33000000000001,0.0075548772587581805,0.03702367705841697,0.5921428571428572,0.011153163756505801,0.11240027646370736,0.10571428571428573,0.07044392086582602,0.018701300617755965,0.4540600657779897
89,91,2012-03-29,13,2,2011-2012,L. Sorocabana,Brasília,0,0.3706703642437013,0.11749542727179398,0.16782695320792596,0.08534798376398132,0.14887323636486324,0.051908001182980446,0.09696523518188283,0.04582888516335022,0.06875527245297165,0.7307142857142858,0.03916514242393133,0.11961513787494481,33.38928571428571,0.08391347660396298,0.17597406885749128,47.25857142857143,0.08534798376398132,0.11224679434213124,76.46071428571429,0.004540274244695784,0.037384826755005034,0.5650000000000001,0.005372022035390117,0.09599338319535775,0.06357142857142857,0.06875527245297165,0.012387509015163892,0.3551932146185776,0.4401693341671769,0.13097001026947488,0.22122538358517257,0.08797394031252947,0.16694959147786118,0.04365717012619408,0.1232924213516671,0.07430056242936947,0.06864481801384392,1.1640000000000001,0.04365667008982496,0.11997950680994747,36.37466666666667,0.11061269179258629,0.19026372098655442,58.038666666666664,0.08797394031252947,0.10696751423816984,82.554,0.0066604554865424435,0.03365274419731089,0.5173333333333334,0.01599250360500385,0.10831541057302468,0.156,0.06864481801384392,0.013331833224225998,0.5004359148761495
76,77,2012-03-31,14,2,2011-2012,Tijuca,Limeira,0,0.3966798745914215,0.08900360216129678,0.21800800480288174,0.08966826762724298,0.1346728703889,0.039668667867387104,0.09500420252151291,0.05700280168100861,0.06833553465412583,0.8686666666666665,0.02966786738709893,0.09167086918817957,31.613333333333337,0.10900400240144087,0.20534193849643118,53.73066666666667,0.08966826762724298,0.11900200120072044,75.13066666666667,0.00566686678673871,0.03800060036021613,0.5786666666666667,0.008000600360216133,0.10266986858781936,0.08600000000000002,0.06833553465412583,0.011000200120072046,0.3966798745914215,0.40632660009517646,0.1441695139934241,0.1829936656363035,0.07916342046544879,0.12699743950980255,0.032611875841501145,0.09438556366830139,0.06596472948185189,0.05361574001545858,1.2940000000000003,0.04805650466447472,0.11731164763296659,40.23066666666667,0.09149683281815175,0.1817712063559724,50.425333333333334,0.07916342046544879,0.09556873021778768,84.02866666666667,0.0076296296296296294,0.031216471111515275,0.6426666666666666,0.007555581895345431,0.10825696216696055,0.08466666666666668,0.05361574001545858,0.012401577277330825,0.42294677247888096
91,79,2012-03-31,14,2,2011-2012,L. Sorocabana,Minas,1,0.3756256732941212,0.11866239878700771,0.16930515632739757,0.0876581181797159,0.14928168727387234,0.052447467770781755,0.09683421950309064,0.04710695948579355,0.0668382542894402,0.7906666666666666,0.039554132929002575,0.12030746201661516,33.471333333333334,0.08465257816369878,0.17790913093365854,47.19733333333333,0.0876581181797159,0.11576367471932249,76.212,0.004570922628382732,0.0375591716380047,0.594,0.005013887233030775,0.09759382431566722,0.05933333333333333,0.0668382542894402,0.011561675080819633,0.36284700031067246,0.39269603308329726,0.09796078644743188,0.2159962827681828,0.07873896386768256,0.14190842125030648,0.04997969860088103,0.09192872264942543,0.065241560189528,0.06353968363675414,1.1166666666666667,0.03265359548247729,0.09100035164072547,36.544000000000004,0.1079981413840914,0.21198858948195717,51.29066666666667,0.07873896386768256,0.10116467011614902,78.25133333333333,0.006283395115832968,0.03480920192809291,0.5860000000000001,0.014262617212038782,0.10684756148461963,0.136,0.06353968363675414,0.0154574411964268,0.41819607600973513
75,64,2012-03-31,14,2,2011-2012,Coop/São José Basketball,Paulistano,1,0.4421655397308389,0.1342407430868249,0.20370877765805886,0.10421601898595521,0.16294009880792942,0.04206798305471192,0.12087211575321753,0.09620974941089137,0.07076351735881166,1.4819999999999998,0.04474691436227497,0.11921439594299683,37.324666666666666,0.10185438882902943,0.17666159892181144,57.39400000000001,0.10421601898595521,0.12459043491253863,83.58066666666666,0.005680276701802339,0.03407907506811081,0.5173333333333334,0.01603216674821157,0.0921611171532531,0.1766666666666667,0.07076351735881166,0.012677897508903396,0.5290140048070833,0.41851502218051195,0.12038201568642835,0.2131397213809558,0.08499328511312788,0.14967929733257887,0.037831363239201075,0.1118479340933778,0.06122139035134437,0.07074966027509107,0.974,0.040127338562142775,0.10708028249584339,36.60466666666667,0.1065698606904779,0.18993166340346407,55.726000000000006,0.08499328511312788,0.11017904160899694,74.75266666666668,0.007384685494862309,0.036222765521295885,0.5746666666666668,0.010409619506072082,0.11291012597997242,0.09866666666666668,0.07074966027509107,0.019455347563366955,0.4487993987277243
85,86,2012-03-31,14,2,2011-2012,Joinville,Pinheiros,0,0.3950623740567403,0.08144874725790173,0.2172290090994517,0.09638461769938685,0.1421482855629107,0.04198513661346184,0.10016314894944886,0.05989164848152654,0.055507118921301224,1.2346666666666666,0.02714958241930058,0.08216255066790802,33.366,0.10861450454972585,0.20781440621344918,51.908,0.09638461769938685,0.1323204509899313,73.892,0.009185691913602622,0.03315547733370923,0.7053333333333334,0.006144380725975665,0.11180868047573073,0.05666666666666667,0.055507118921301224,0.014440094968936449,0.4160426403329822,0.44674205339290746,0.12511878775653884,0.24107594424713347,0.0805473213892352,0.1480696105399083,0.03910036207035312,0.10896924846955518,0.08753889032135229,0.05936107291406993,1.5766666666666667,0.04170626258551295,0.10329950127993379,39.808,0.12053797212356673,0.19977084000837522,60.17333333333334,0.0805473213892352,0.1114329350032506,71.24266666666668,0.01718890006444164,0.04572672734554515,0.8033333333333333,0.016644739651472302,0.09466528905807697,0.174,0.05936107291406993,0.013634562736674655,0.5333514360060142
66,85,2012-03-31,14,2,2011-2012,Espírito Santo,Sesi Franca,0,0.3210162605693701,0.10522872644997026,0.15163700108774408,0.06415053303165577,0.12841304440478904,0.036149882608880954,0.09226316179590807,0.04800303530628242,0.07974442646979796,0.7173333333333333,0.03507624214999008,0.10563526662701127,32.43333333333333,0.07581850054387204,0.17637709140571,43.495999999999995,0.06415053303165577,0.08329976521776192,77.28733333333334,0.0030002168075916017,0.03581719969832243,0.4733333333333334,0.009852068659443455,0.1103747065222024,0.09333333333333335,0.07974442646979796,0.016593243015367395,0.2870903346434442,0.4163333333333333,0.10844444444444443,0.2185925925925926,0.08929629629629628,0.14818518518518517,0.04551851851851852,0.10266666666666666,0.08174074074074072,0.07251851851851851,1.2620000000000002,0.036148148148148145,0.09870370370370372,36.66599999999999,0.1092962962962963,0.20796296296296296,53.35466666666668,0.08929629629629628,0.10955555555555557,82.796,0.008296296296296296,0.03385185185185185,0.5033333333333334,0.014481481481481482,0.11196296296296297,0.12866666666666665,0.07251851851851851,0.013222222222222222,0.4547407407407407
81,65,2012-03-31,14,2,2011-2012,Flamengo,Araraquara,1,0.44481481481481483,0.1282929292929293,0.24659932659932662,0.06992255892255894,0.15306060606060604,0.035222222222222224,0.11783838383838385,0.0861919191919192,0.05447474747474748,1.676,0.04276430976430976,0.09798989898989899,42.79466666666666,0.12329966329966331,0.2101919191919192,58.85466666666668,0.06992255892255894,0.09366666666666666,74.71133333333333,0.003966329966329967,0.034289562289562286,0.6699999999999999,0.008858585858585859,0.0877878787878788,0.108,0.05447474747474748,0.013121212121212122,0.5293973063973063,0.38938809313238865,0.09435957057128742,0.22545667531246616,0.06957184724863504,0.1110625072915301,0.026154023495202038,0.08490848379632804,0.06831515635441711,0.06668335719722586,1.0326666666666666,0.03145319019042915,0.08895229719185019,35.433333333333344,0.11272833765623308,0.21097199134794817,53.70733333333333,0.06957184724863504,0.09213204241053895,73.70133333333334,0.004631398917087203,0.03667444340530183,0.5573333333333335,0.00929806558375387,0.11091392436408662,0.08133333333333334,0.06668335719722586,0.01481811931173879,0.38545986120586234
82,87,2012-04-05,15,2,2011-2012,Pinheiros,Paulistano,0,0.438231104487798,0.11959324031128338,0.23451633354153736,0.08412153063497728,0.14755622854477446,0.03853345209468401,0.10902277645009044,0.08424691951843259,0.060531389215773106,1.5106666666666666,0.03986441343709446,0.10171555967409436,38.61933333333333,0.11725816677076868,0.19480733635874012,60.120000000000005,0.08412153063497728,0.11801930969911435,69.73666666666666,0.015826369650816335,0.04507222612900013,0.78,0.015615542571180334,0.0931397416128215,0.16533333333333333,0.060531389215773106,0.012546971495798745,0.5208526525510264,0.41380277574925733,0.12337149727921573,0.20777717024980963,0.08265410822023198,0.14666410407771618,0.0361594373689281,0.1105046667087881,0.06288338217036099,0.0717438167155285,0.9873333333333334,0.041123832426405244,0.10773409333147242,37.28666666666666,0.10388858512490481,0.18657378711996794,55.300000000000004,0.08265410822023198,0.1081714449815656,72.482,0.00705076780557272,0.03621925938555835,0.5653333333333335,0.010075117460826235,0.11023060348226812,0.09733333333333336,0.0717438167155285,0.018786927828831516,0.4437561563869614
76,83,2012-04-05,15,2,2011-2012,Tijuca,Flamengo,0,0.3983465412580882,0.08700360216129677,0.2186746714695484,0.09266826762724299,0.14133953705556665,0.04133533453405378,0.10000420252151292,0.055336135014341946,0.06600220132079247,0.8653333333333333,0.029001200720432264,0.0920042025215129,30.613333333333333,0.1093373357347742,0.20767527182976453,53.28600000000001,0.09266826762724299,0.12100200120072042,76.29933333333334,0.00566686678673871,0.03900060036021613,0.5993333333333334,0.008000600360216131,0.10433653525448602,0.0846666666666667,0.06600220132079247,0.011000200120072042,0.4080132079247549,0.4441481481481482,0.1252929292929293,0.24793265993265998,0.07092255892255891,0.15572727272727274,0.035888888888888894,0.11983838383838384,0.08385858585858587,0.05180808080808082,1.6766666666666665,0.04176430976430977,0.09765656565656564,41.79266666666667,0.12396632996632999,0.20985858585858586,59.30000000000002,0.07092255892255891,0.096,73.87466666666666,0.0042996632996633,0.032956228956228954,0.6786666666666666,0.008191919191919193,0.08878787878787879,0.098,0.05180808080808082,0.011454545454545459,0.531063973063973
93,82,2012-04-05,15,2,2011-2012,Coop/São José Basketball,Joinville,1,0.44449887306417224,0.1362407430868249,0.20504211099139222,0.1032160189859552,0.16594009880792945,0.04240131638804526,0.12353878241988421,0.09720974941089139,0.07243018402547834,1.4746666666666666,0.045413581028941635,0.1188810626096635,38.07066666666666,0.10252105549569611,0.17599493225514476,57.98200000000001,0.1032160189859552,0.1235904349125386,83.50666666666666,0.005680276701802339,0.031745741734777476,0.47266666666666673,0.01603216674821157,0.09249445048658643,0.17666666666666667,0.07243018402547834,0.012677897508903394,0.5346806714737499,0.396942240575094,0.07900825782519871,0.21798688822440537,0.09994709452548993,0.14701035452842792,0.04550793972803359,0.10150241480039436,0.05700473709850838,0.05347337772738205,1.2126666666666668,0.02633608594173291,0.080575231424304,32.92733333333334,0.10899344411220269,0.2135355778856776,50.28999999999999,0.09994709452548993,0.13647617957725056,73.312,0.009148984460877372,0.034085028687064804,0.7473333333333334,0.0067376324871918315,0.1138542867048742,0.062000000000000006,0.05347337772738205,0.013736720849544531,0.4191824252792188
80,68,2012-04-05,15,2,2011-2012,Uberlândia,Sesi Franca,1,0.4241097858302098,0.12753113933045043,0.21639967551340458,0.08017897098635483,0.14626494312746033,0.03759898284073695,0.10866596028672341,0.07400603705817273,0.05608701425471961,1.4033333333333335,0.042510379776816806,0.11316670108296675,36.782000000000004,0.10819983775670229,0.20534547856370683,52.64200000000001,0.08017897098635483,0.1004118556563796,79.37066666666666,0.01758832039293442,0.03411137573075394,0.6626666666666665,0.015276259487563145,0.09374884337975663,0.17466666666666666,0.05608701425471961,0.00992654373554038,0.4650539476036686,0.42166666666666663,0.11244444444444443,0.22125925925925927,0.08796296296296297,0.14118518518518516,0.041185185185185186,0.09999999999999999,0.08274074074074074,0.06651851851851852,1.3933333333333335,0.03748148148148148,0.1003703703703704,37.72,0.11062962962962963,0.20362962962962963,54.995333333333335,0.08796296296296297,0.10722222222222223,83.28599999999999,0.007962962962962963,0.03485185185185185,0.58,0.015481481481481481,0.11129629629629628,0.13933333333333336,0.06651851851851852,0.013555555555555553,0.47040740740740733
78,89,2012-04-05,15,2,2011-2012,Araraquara,Limeira,0,0.3841177758790205,0.0923828380469669,0.22148382070075887,0.07025111713129475,0.10841910810054292,0.02449026526299531,0.08392884283754758,0.06632388165779692,0.06769692989137223,0.9846666666666667,0.030794279348988974,0.08763835342158308,35.321999999999996,0.11074191035037943,0.20766968131552083,53.44933333333334,0.07025111713129475,0.0928151902058119,73.91066666666667,0.004631398917087203,0.03668122975237501,0.5479999999999999,0.007965701728573847,0.11026858621679278,0.07066666666666667,0.06769692989137223,0.015821997224352034,0.3778571800973143,0.4046599334285098,0.14216951399342412,0.1836603323029702,0.07883008713211546,0.12733077284313588,0.03194520917483448,0.0953855636683014,0.06629806281518523,0.052615740015458594,1.3433333333333337,0.04738983799780805,0.12131164763296658,38.55799999999999,0.0918301661514851,0.17677120635597238,51.90933333333333,0.07883008713211546,0.09623539688445436,82.95733333333334,0.008962962962962963,0.030216471111515274,0.6366666666666667,0.007222248562012098,0.11159029550029388,0.07866666666666669,0.052615740015458594,0.012068243943997492,0.4239467724788809
87,76,2012-04-06,15,2,2011-2012,Brasília,Minas,1,0.43511554023403265,0.1230635910892738,0.21845353517063276,0.0935984139741261,0.1659177963416577,0.04305289067272668,0.122864905668931,0.07247732620010078,0.06813411938017545,1.1493333333333333,0.041021197029757935,0.11511467910521257,35.294,0.10922676758531638,0.19101296907454957,57.06866666666666,0.0935984139741261,0.11398770844629907,82.32999999999998,0.0063271221532091105,0.03205886261271004,0.5013333333333334,0.016034095080470035,0.10991908849688822,0.154,0.06813411938017545,0.013019295628625758,0.4929338095225359,0.39566916885610276,0.10095618115134136,0.21264299315179067,0.08206999455297063,0.1392283224700425,0.04663984109808615,0.09258848137195637,0.06490515665880099,0.0625343107913152,1.1213333333333335,0.033652060383780456,0.09065934281390796,37.66666666666667,0.10632149657589533,0.20663376476686818,51.69533333333333,0.08206999455297063,0.10516159991875534,78.58466666666666,0.006616728449166302,0.03313946506403257,0.5660000000000001,0.012927365005334408,0.11184180486450651,0.116,0.0625343107913152,0.016124107863093467,0.42250484776391917
71,64,2012-04-06,15,2,2011-2012,L. Sorocabana,Bauru Basket,1,0.3838579835639676,0.11724597273631797,0.17380563755935133,0.09280637326829823,0.15205978587295263,0.052216119964843,0.09984366590810971,0.04934775369675139,0.06896337459742866,0.8073333333333335,0.03908199091210599,0.12027063886044648,32.932,0.08690281877967566,0.1812382222964361,47.28666666666666,0.09280637326829823,0.12115272401886264,77.28466666666667,0.004904255961716066,0.03844349773503532,0.5900000000000001,0.0056342843385096915,0.09993660405401965,0.06199999999999999,0.06896337459742866,0.012871873633559091,0.37705617579992495,0.4083448873772487,0.11400385134797177,0.21467203521232434,0.07966900081695258,0.16633811834141948,0.05933473382350489,0.10700338451791458,0.06433555077610499,0.05400128378265727,1.4186666666666667,0.038001283782657276,0.11066958435452409,35.071333333333335,0.10733601760616217,0.20800431817802903,52.14266666666666,0.07966900081695258,0.10233578419113358,77.58533333333334,0.00966690008169526,0.03166701678920955,0.706,0.011000233415028595,0.09000210073525734,0.11800000000000004,0.05400128378265727,0.014001050367628672,0.4480156388069157
76,75,2012-04-08,13,2,2011-2012,Bauru Basket,Minas,1,0.39934488737724866,0.1070038513479718,0.21133870187899098,0.08100233415028593,0.1626714516747528,0.06033473382350489,0.10233671785124793,0.06066888410943831,0.05200128378265726,1.3993333333333335,0.035667950449323936,0.10800291768785741,33.75866666666666,0.10566935093949549,0.21067098484469565,50.56933333333333,0.08100233415028593,0.10333578419113357,78.646,0.007666900081695261,0.03166701678920955,0.7173333333333333,0.010000233415028596,0.08933543406859067,0.1086666666666667,0.05200128378265726,0.014001050367628672,0.4296823054735824,0.40033583552276936,0.10195618115134136,0.21530965981845732,0.08306999455297065,0.13489498913670916,0.04397317443141949,0.09092181470528969,0.06423848999213434,0.06320097745798187,1.1020000000000003,0.0339853937171138,0.09132600948057462,37.78333333333334,0.10765482990922866,0.20896709810020153,51.876666666666665,0.08306999455297065,0.10416159991875534,80.33066666666667,0.005950061782499636,0.03413946506403257,0.5746666666666665,0.012260698338667742,0.11184180486450651,0.11066666666666668,0.06320097745798187,0.01712410786309347,0.4251715144305858
96,80,2012-04-10,14,2,2011-2012,Bauru Basket,Brasília,1,0.4019681537058367,0.11244553278012186,0.20755841227185465,0.0819642086538602,0.16644646644023622,0.06185191269969887,0.10459455374053735,0.060482777920154995,0.05437048196599366,1.3586666666666667,0.03748184426004062,0.11070469565571958,34.28066666666667,0.10377920613592732,0.2097053425970836,49.88533333333333,0.0819642086538602,0.10574160077328057,77.79066666666668,0.006333566748361927,0.030518282547544417,0.6706666666666664,0.010222204454314961,0.09255589801026191,0.10533333333333336,0.05437048196599366,0.01300105036762867,0.4317861322795538,0.4401155402340327,0.12106359108927381,0.21912020183729938,0.09993174730745943,0.170251129674991,0.044052890672726684,0.12619823900226432,0.07247732620010078,0.06846745271350879,1.1453333333333333,0.040354530363091265,0.11511467910521257,34.760666666666665,0.10956010091864969,0.18701296907454962,58.592666666666666,0.09993174730745943,0.12265437511296574,81.66666666666666,0.006660455486542443,0.03239219594604338,0.504,0.01703409508047004,0.11325242183022156,0.16066666666666668,0.06846745271350879,0.01301929562862576,0.5082671428558693
66,64,2012-04-10,13,2,2011-2012,Coop/São José Basketball,Pinheiros,1,0.4484988730641722,0.1322407430868249,0.21037544432472555,0.10588268565262188,0.16794009880792948,0.0447346497213786,0.12320544908655089,0.09720974941089139,0.06943018402547833,1.5586666666666664,0.044080247695608296,0.11921439594299683,37.035999999999994,0.10518772216236277,0.17866159892181147,58.727333333333355,0.10588268565262188,0.12792376824587193,82.73733333333332,0.006013610035135673,0.031079075068110806,0.48733333333333334,0.014698833414878237,0.09549445048658645,0.15399999999999997,0.06943018402547833,0.01201123084223673,0.54068067147375,0.4361570304137239,0.1195932403112834,0.23036818539338919,0.08619560470905135,0.15051919150773743,0.03853345209468401,0.11198573941305341,0.08424691951843258,0.06290175958614348,1.4579999999999997,0.03986441343709446,0.10319704115557585,38.07000000000001,0.11518409269669459,0.19332585487725865,59.406,0.08619560470905135,0.1227600504398551,68.66866666666667,0.014937480761927444,0.044775929832703835,0.748,0.016208135163772928,0.09965826013134002,0.16533333333333333,0.06290175958614348,0.013732156680983928,0.5202600599584337
77,69,2012-04-13,1,3,2011-2012,Limeira,Joinville,1,0.4013266000951764,0.1361695139934241,0.1836603323029702,0.08149675379878213,0.12333077284313587,0.03261187584150115,0.09071889700163474,0.06963139614851857,0.05561574001545858,1.3520000000000003,0.04538983799780805,0.11731164763296659,38.33866666666666,0.0918301661514851,0.1771045396893057,51.79666666666667,0.08149675379878213,0.09990206355112102,82.12400000000001,0.00862962962962963,0.03021647111151527,0.6093333333333334,0.006888915228678763,0.11425696216696053,0.066,0.05561574001545858,0.011734910610664161,0.41994677247888096,0.4031413717245597,0.07996991434409371,0.22258964908923037,0.10058180829123574,0.149963490273744,0.04816182523433192,0.1018016650394121,0.05965436221801725,0.046749195839057865,1.3453333333333335,0.026656638114697904,0.08087235146992705,33.16733333333333,0.11129482454461519,0.22147167208383592,49.672666666666665,0.10058180829123574,0.1381023725694175,72.77066666666666,0.008478057407421257,0.03407011733330174,0.7966666666666666,0.00640003876706905,0.1121279746231553,0.060000000000000005,0.046749195839057865,0.010717549108992025,0.4330865665764562
75,67,2012-04-14,1,3,2011-2012,Tijuca,Uberlândia,1,0.4026798745914215,0.08500360216129677,0.2286746714695484,0.08900160096057631,0.14233953705556665,0.04133533453405378,0.10100420252151292,0.0580028016810086,0.06466886798745915,0.9139999999999998,0.028334534053765594,0.08933753585484625,30.752,0.1143373357347742,0.21134193849643118,54.934666666666665,0.08900160096057631,0.11733533453405376,75.13533333333335,0.005666866786738709,0.03733393369354946,0.5820000000000001,0.006667267026882796,0.10733653525448604,0.06666666666666668,0.06466886798745915,0.011666866786738709,0.4193465412580882,0.4221903067238724,0.12379623699801215,0.2165106286715856,0.0818834410542746,0.14849715148492537,0.03977571461911144,0.10872143686581395,0.07560446805906779,0.054508713477240185,1.5300000000000002,0.04126541233267071,0.11213381177287006,35.88533333333333,0.1082553143357928,0.2043857390105381,52.90133333333335,0.0818834410542746,0.10495972416934052,77.92200000000001,0.017974673259780097,0.03355074813111196,0.6893333333333332,0.01634695219891294,0.09406696058083071,0.18533333333333332,0.054508713477240185,0.00892654373554038,0.470523278409755
76,82,2012-04-14,1,3,2011-2012,L. Sorocabana,Bauru Basket,0,0.38185798356396755,0.11624597273631797,0.17713897089268468,0.0884730399349649,0.14905978587295268,0.04754945329817633,0.10151033257477637,0.05034775369675139,0.06529670793076198,0.8826666666666667,0.038748657578772654,0.12093730552711314,32.339333333333336,0.08856948544634234,0.18123822229643607,48.239333333333335,0.0884730399349649,0.11548605735219596,76.70133333333335,0.005570922628382731,0.03777683106836865,0.6286666666666666,0.0053009510051763575,0.09926993738735297,0.05933333333333334,0.06529670793076198,0.012871873633559091,0.38072284246659166,0.4062718080567352,0.11956889236017432,0.2016659565211312,0.08503695917542962,0.1621922097607827,0.05955337309407264,0.10263883666671005,0.06019372751299435,0.057408438759855955,1.1033333333333337,0.03985629745339145,0.11277744617728899,35.696000000000005,0.1008329782605656,0.20315570937815905,49.908,0.08503695917542962,0.10916982609126967,78.23533333333334,0.005333566748361927,0.031213416809607812,0.5653333333333334,0.010561863919958678,0.09396830799747508,0.10733333333333335,0.057408438759855955,0.01468669543122649,0.4374674028899583
91,89,2012-04-14,1,3,2011-2012,Sesi Franca,Paulistano,1,0.4206666666666666,0.10844444444444447,0.22325925925925924,0.08896296296296295,0.14085185185185184,0.04018518518518519,0.10066666666666665,0.08107407407407408,0.06418518518518519,1.4220000000000002,0.03614814814814815,0.10037037037037039,35.942,0.11162962962962962,0.20196296296296296,55.81933333333334,0.08896296296296295,0.10788888888888888,83.83533333333331,0.007962962962962963,0.03518518518518519,0.604,0.015148148148148148,0.11162962962962965,0.1366666666666667,0.06418518518518519,0.013222222222222224,0.4727407407407407,0.41287956740468407,0.12466589526500836,0.20363209936289897,0.08458157277677665,0.1483537003370454,0.03552370317236304,0.11282999716468237,0.06721138025206827,0.07343874822648376,1.0293333333333334,0.04155529842166946,0.10832822455468374,37.556000000000004,0.10181604968144949,0.18446231632897195,54.85866666666666,0.08458157277677665,0.11299544162455334,71.18266666666666,0.00605076780557272,0.035317392047489224,0.5400000000000001,0.010341250602330295,0.11165673422590627,0.0986666666666667,0.07343874822648376,0.01868612754108761,0.44829534650775393
89,84,2012-04-17,2,3,2011-2012,Joinville,Limeira,1,0.4034443029315361,0.07769835586181087,0.22450507264341216,0.10124087442631315,0.15000412101333999,0.04917536881419723,0.10082875219914272,0.060369260155869096,0.049394718394269975,1.314,0.025899451953936954,0.08116339658035128,32.14333333333333,0.11225253632170608,0.2216645971685766,50.112,0.10124087442631315,0.13614300330901344,74.58066666666666,0.008179411765407789,0.03241699424650038,0.7393333333333333,0.006136080816375445,0.11169652126413844,0.058,0.049394718394269975,0.011786924491631752,0.4342507470181531,0.3983266000951764,0.13416951399342414,0.18566033230297016,0.07849675379878211,0.12599743950980255,0.03427854250816782,0.09171889700163474,0.0699647294818519,0.056949073348791936,1.313333333333333,0.04472317133114138,0.11497831429963326,38.63466666666667,0.09283016615148508,0.1791045396893057,51.78066666666667,0.07849675379878211,0.0955687302177877,82.48333333333333,0.009296296296296297,0.0245498044448486,0.45600000000000007,0.00655558189534543,0.11259029550029388,0.06400000000000002,0.056949073348791936,0.012734910610664158,0.4169467724788809
68,75,2012-04-17,2,3,2011-2012,Paulistano,Sesi Franca,0,0.4111705435558214,0.12965643249026246,0.1956059640802674,0.08590814698529146,0.14400459571246887,0.03318541314749614,0.11081918256497275,0.0705393062855468,0.07309955698497438,1.09,0.043218810830087495,0.1089854284466045,38.812,0.0978029820401337,0.17944068712955277,54.26533333333334,0.08590814698529146,0.11665354673311654,70.14133333333332,0.00571653325559692,0.03531513900588306,0.5426666666666667,0.009339898777366596,0.1106450184095542,0.09066666666666669,0.07309955698497438,0.019352343599433042,0.4492507362839517,0.4253333333333333,0.11044444444444444,0.22392592592592597,0.09096296296296297,0.14251851851851854,0.04051851851851852,0.10200000000000001,0.08174074074074072,0.06251851851851854,1.4579999999999997,0.03681481481481482,0.10203703703703706,35.97066666666667,0.11196296296296299,0.19962962962962963,56.57333333333334,0.09096296296296297,0.10888888888888888,84.61133333333333,0.008296296296296296,0.03518518518518519,0.6153333333333334,0.015148148148148148,0.11496296296296296,0.13466666666666666,0.06251851851851854,0.014222222222222223,0.4867407407407407
73,59,2012-04-18,2,3,2011-2012,Uberlândia,Tijuca,1,0.4109101946790545,0.12406140973377312,0.21042825498136883,0.07642052996391253,0.14861925958742567,0.04070081058342309,0.10791844900400256,0.07446140342580708,0.05661059126539249,1.492,0.041353803244591036,0.111909099665805,36.03333333333333,0.10521412749068441,0.1978816410750676,53.11600000000001,0.07642052996391253,0.10108183227184077,75.85933333333332,0.016648083364562753,0.03214925420020627,0.6579999999999999,0.016183657251304266,0.09351565857854832,0.184,0.05661059126539249,0.011259877068873714,0.46107987141732837,0.4016798745914215,0.08200360216129678,0.23134133813621507,0.08833493429390968,0.14533953705556665,0.042002001200720444,0.10333753585484624,0.05766946834767527,0.062002201320792476,0.9426666666666665,0.027334534053765593,0.08900420252151292,29.878666666666668,0.11567066906810754,0.2106752718297645,55.760666666666665,0.08833493429390968,0.11933533453405376,73.67266666666667,0.005000200120072043,0.0376672670268828,0.6213333333333332,0.0070006003602161295,0.10900320192115269,0.068,0.062002201320792476,0.011666866786738709,0.42801320792475483
83,71,2012-04-18,2,3,2011-2012,Bauru Basket,L. Sorocabana,1,0.41160514139006854,0.12156889236017432,0.20366595652113118,0.08637029250876296,0.1631922097607827,0.058886706427405976,0.10430550333337672,0.06319372751299435,0.05607510542652262,1.2586666666666668,0.04052296412005811,0.11277744617728899,36.22933333333334,0.10183297826056559,0.20215570937815902,50.72,0.08637029250876296,0.11050315942460301,78.60133333333333,0.006000233415028593,0.03254675014294115,0.654,0.010561863919958678,0.09696830799747508,0.10733333333333335,0.05607510542652262,0.015020028764559823,0.45446740288995824,0.38119131689730085,0.11424597273631797,0.17780563755935133,0.08913970660163156,0.14839311920628603,0.04588278663150966,0.10251033257477635,0.048014420363418055,0.06463004126409531,0.8513333333333332,0.038081990912105984,0.12293730552711316,31.279999999999998,0.08890281877967567,0.17957155562976942,48.92,0.08913970660163156,0.11515272401886263,77.74666666666667,0.005570922628382731,0.03511016440170198,0.5886666666666667,0.005967617671843024,0.09926993738735299,0.06533333333333334,0.06463004126409531,0.01187187363355909,0.37772284246659166
69,77,2012-04-19,3,3,2011-2012,Paulistano,Sesi Franca,0,0.40650387688915474,0.13165643249026246,0.1902726307469341,0.08457481365195814,0.14300459571246887,0.0328520798141628,0.11015251589830609,0.06920597295221347,0.07376622365164105,1.0346666666666668,0.04388547749675416,0.11265209511327118,38.71666666666667,0.09513631537346705,0.17410735379621942,54.55133333333334,0.08457481365195814,0.11532021339978323,69.908,0.00671653325559692,0.03431513900588305,0.5093333333333334,0.008339898777366593,0.11131168507622086,0.08066666666666668,0.07376622365164105,0.020685676932766375,0.4422507362839517,0.41866666666666663,0.10244444444444442,0.22592592592592595,0.09029629629629628,0.14385185185185187,0.04051851851851852,0.10333333333333333,0.08074074074074074,0.061851851851851866,1.4553333333333331,0.03414814814814815,0.09803703703703705,34.78,0.11296296296296297,0.19996296296296295,56.93399999999999,0.09029629629629628,0.11022222222222221,82.25866666666667,0.008296296296296296,0.03418518518518519,0.606,0.015148148148148148,0.1132962962962963,0.13533333333333333,0.061851851851851866,0.015555555555555555,0.484074074074074
88,69,2012-04-19,3,3,2011-2012,Joinville,Limeira,1,0.4109024141793152,0.07444825336078584,0.23232166414266048,0.10413249667586899,0.15549571592928915,0.0511086748139239,0.10438704111536522,0.06298590632233077,0.05166969447736414,1.3233333333333333,0.02481608445359529,0.07965499149630044,31.714,0.11616083207133024,0.2267311545008166,51.01466666666666,0.10413249667586899,0.13828459139156088,75.70133333333332,0.008171075015373622,0.03437531049632955,0.7446666666666666,0.006461077399674612,0.11082143584661759,0.06133333333333333,0.05166969447736414,0.011761914241529252,0.45350891293314555,0.3994038290779172,0.13079475402023896,0.19168042827582205,0.07692864678185621,0.12485933934808034,0.034501393439680166,0.09035794590840017,0.06663202485780868,0.0568467528055265,1.256,0.043598251340079656,0.11349934765531228,38.206,0.09584021413791102,0.18300599140178106,52.45,0.07692864678185621,0.09324544487088031,82.78066666666668,0.009000000000000001,0.02575068463785478,0.47800000000000004,0.00664472226795037,0.11217849849007165,0.06466666666666668,0.0568467528055265,0.012142318018071566,0.41618595848972045
93,77,2012-04-20,3,3,2011-2012,Uberlândia,Tijuca,1,0.40719163200477376,0.12104287544533951,0.2104072494544774,0.0757415071049568,0.14726924539450206,0.03802858363022634,0.10924066176427574,0.07345028285274692,0.05760688440770576,1.403333333333333,0.04034762514844651,0.10989303661582925,35.80266666666667,0.1052036247272387,0.19352174192831273,54.258666666666656,0.0757415071049568,0.09939972036481277,76.526,0.015978945459438273,0.031143076104061737,0.5986666666666667,0.016848470489127573,0.09350330238625926,0.19066666666666668,0.05760688440770576,0.011925925925925925,0.46169155302830867,0.39701320792475486,0.08300360216129678,0.2286746714695484,0.08533493429390968,0.14367287038889998,0.040335334534053774,0.10333753585484624,0.05700280168100861,0.06300220132079247,0.9233333333333335,0.027667867387098928,0.08833753585484624,30.533333333333335,0.1143373357347742,0.2106752718297645,55.10999999999999,0.08533493429390968,0.11500200120072045,74.06666666666666,0.004666866786738709,0.03733393369354946,0.6106666666666668,0.00800060036021613,0.10833653525448604,0.07866666666666666,0.06300220132079247,0.011666866786738712,0.4236798745914215
84,74,2012-04-20,3,3,2011-2012,Bauru Basket,L. Sorocabana,1,0.4152718080567352,0.12156889236017433,0.20699928985446453,0.08670362584209629,0.16652554309411605,0.05955337309407264,0.10697217000004337,0.06519372751299435,0.05540843875985597,1.2973333333333334,0.04052296412005812,0.11411077951062235,35.690666666666665,0.10349964492723226,0.20248904271149235,51.498,0.08670362584209629,0.10983649275793633,79.49000000000001,0.006000233415028593,0.03254675014294115,0.658,0.010561863919958682,0.09863497466414173,0.10600000000000002,0.05540843875985597,0.014686695431226493,0.4668007362232916,0.38652465023063415,0.11424597273631795,0.180472304226018,0.09180637326829826,0.14705978587295268,0.04388278663150966,0.10317699924144304,0.05268108703008471,0.06363004126409531,0.9493333333333334,0.038081990912105984,0.12027063886044648,31.974666666666664,0.090236152113009,0.18090488896310272,49.35933333333334,0.09180637326829826,0.11848605735219596,77.55466666666668,0.005904255961716065,0.035776831068368646,0.6099999999999999,0.005967617671843024,0.09726993738735298,0.06533333333333334,0.06363004126409531,0.012538540300225755,0.3927228424665916
102,74,2012-04-22,4,3,2011-2012,Limeira,Joinville,1,0.4049595637005334,0.12550976879327144,0.1982344617613624,0.08121533314589956,0.12291735707571932,0.03295873071248882,0.08995862636323051,0.06620369644881952,0.05677109697241699,1.2506666666666666,0.04183658959775715,0.1114430310647491,37.408,0.0991172308806812,0.1855503552660482,53.556666666666665,0.08121533314589956,0.09899913812900547,82.80666666666666,0.009000000000000001,0.024760354259127947,0.46466666666666673,0.006092389919485869,0.11357951917231715,0.059333333333333335,0.05677109697241699,0.013599655290880234,0.42238902053645694,0.41497805074153793,0.07832844996123639,0.22997024083731538,0.1066793599429862,0.15590680201025028,0.051020818987587625,0.10488598302266265,0.06458867784257105,0.051264479104301125,1.3726666666666667,0.02610948332041213,0.07812997272368798,33.325333333333326,0.11498512041865769,0.22472105142210816,50.937333333333335,0.1066793599429862,0.1434821475387382,74.46533333333333,0.008829754788736991,0.03398606890987313,0.7426666666666667,0.006445103613068018,0.11198704442058169,0.05999999999999999,0.051264479104301125,0.012745940454922658,0.4656005232819748
74,81,2012-04-23,4,3,2011-2012,Tijuca,Uberlândia,0,0.3943491081814472,0.08100390219129977,0.2253428049495631,0.08800240104058435,0.14100687045557336,0.040002201220722435,0.10100466923485091,0.05433636837101095,0.06100243467746148,0.9133333333333333,0.027001300730433265,0.08833823592485324,29.898666666666667,0.11267140247478155,0.21134327196311115,54.04,0.08800240104058435,0.11733626796072978,74.70133333333334,0.0050003001300730435,0.037667500383551794,0.6466666666666667,0.0076673003635497955,0.10967070200449439,0.07466666666666667,0.06100243467746148,0.011333533453405379,0.4163488414881112,0.40952496533810706,0.12304287544533951,0.20840724945447736,0.07807484043829015,0.14960257872783536,0.03902858363022634,0.11057399509760907,0.06945028285274693,0.056273551074372444,1.3733333333333333,0.04101429181511318,0.1105597032824959,36.136,0.10420362472723868,0.1931884085949794,53.84866666666666,0.07807484043829015,0.10139972036481278,77.35133333333333,0.013978945459438275,0.030809742770728402,0.6073333333333334,0.01751513715579424,0.09683663571959261,0.19466666666666665,0.056273551074372444,0.011592592592592595,0.4646915530283086
86,78,2012-04-24,5,3,2011-2012,Joinville,Limeira,1,0.41225023688872414,0.07722617723396367,0.22912824949532404,0.10589581015943643,0.15708429118773948,0.052300580892349534,0.10478371029538992,0.06552049602438922,0.05555885139867343,1.3099999999999998,0.025742059077987885,0.07770897705269228,33.08533333333333,0.11456412474766202,0.22753598648704323,50.19066666666666,0.10589581015943643,0.14467424710583776,73.39266666666667,0.008481811065793269,0.035633255057059283,0.738,0.007111770279734684,0.10986042104395831,0.06666666666666667,0.05555885139867343,0.01307440365838586,0.4621768219832735,0.41391061607449325,0.13225719904290437,0.20053630545527656,0.08111711157631232,0.12204021561708009,0.03190961992769522,0.09013059568938485,0.06873004658750445,0.05766585957643069,1.2726666666666664,0.04408573301430145,0.11292027041864043,38.85533333333333,0.10026815272763828,0.18396445218234783,54.70466666666667,0.08111711157631232,0.10150444078849316,80.64266666666666,0.008652635013868494,0.028328799356207406,0.51,0.006085374093086783,0.11438307603314275,0.059333333333333335,0.05766585957643069,0.014252290304748729,0.4401506455976415
96,80,2012-04-27,1,4,2011-2012,Joinville,Pinheiros,1,0.415139125777613,0.07878173278951923,0.2314986198656944,0.10485877312239938,0.159602809706258,0.05170798829975694,0.10789482140650103,0.06633531083920405,0.05785514769496972,1.2679999999999998,0.026260577596506404,0.07852379186750709,33.37866666666667,0.1157493099328472,0.22961006056111727,50.261333333333326,0.10485877312239938,0.14248906192065255,73.65733333333334,0.008815144399126602,0.037559180982985205,0.7366666666666665,0.006519177687142092,0.1106381988217361,0.06199999999999999,0.05785514769496972,0.012889218473200674,0.4713990442054958,0.43049036374705724,0.1165932403112834,0.22770151872672256,0.08619560470905135,0.14685252484107078,0.03653345209468401,0.11031907274638675,0.08324691951843259,0.06290175958614347,1.4446666666666665,0.038864413437094465,0.1018637078222425,37.56666666666667,0.11385075936336128,0.18965918821059197,59.70933333333334,0.08619560470905135,0.12176005043985509,69.58999999999999,0.013937480761927447,0.045442596499370505,0.7566666666666665,0.015541468497106258,0.09799159346467336,0.16,0.06290175958614347,0.012732156680983929,0.514593393291767
77,92,2012-04-27,1,4,2011-2012,Sesi Franca,Coop/São José Basketball,0,0.417,0.10544444444444444,0.2185925925925926,0.09296296296296294,0.1485185185185185,0.040851851851851854,0.10766666666666665,0.0804074074074074,0.06451851851851852,1.4160000000000001,0.03514814814814815,0.09937037037037037,35.36533333333333,0.1092962962962963,0.19696296296296295,55.66933333333332,0.09296296296296294,0.11355555555555555,82.29866666666666,0.008296296296296296,0.033518518518518524,0.5866666666666666,0.014814814814814814,0.11662962962962962,0.132,0.06451851851851852,0.01688888888888889,0.48540740740740734,0.44446242203272823,0.12922812542209425,0.20902435279658615,0.10620994381404787,0.16825941251378435,0.04506471180830029,0.12319470070548406,0.09753747489323333,0.07042410885357099,1.551333333333333,0.04307604180736476,0.11920318024101408,36.202666666666666,0.10451217639829308,0.17797951066491846,58.54466666666668,0.10620994381404787,0.12691535646938484,84.14466666666667,0.00667980938088639,0.03274480709294558,0.5066666666666667,0.013363630797881106,0.0954865060310153,0.138,0.07042410885357099,0.01067556090432365,0.53764375312139
108,110,2012-04-28,1,4,2011-2012,Uberlândia,Flamengo,0,0.40985829867144036,0.12604287544533951,0.20174058278781068,0.08207484043829014,0.14860257872783536,0.03769525029689302,0.1109073284309424,0.06878361618608024,0.0579402177410391,1.3406666666666667,0.04201429181511318,0.10755970328249591,38.723333333333336,0.10087029139390534,0.1881884085949794,53.66133333333334,0.08207484043829014,0.10706638703147944,76.89666666666668,0.012312278792771606,0.030476409437395068,0.594,0.01718180382246091,0.09750330238625926,0.19133333333333338,0.0579402177410391,0.011592592592592594,0.4686915530283087,0.4348235032247653,0.11211937474610888,0.24913865656110362,0.07356547191755286,0.15397618477895939,0.037224425858221624,0.11675175892073772,0.07978438868577596,0.05211662020110962,1.5786666666666664,0.03737312491536962,0.09156216646355377,40.57066666666666,0.12456932828055181,0.21276498073673414,58.70733333333333,0.07356547191755286,0.09997563386995952,73.03133333333334,0.004964615689962512,0.032263115622258205,0.6586666666666666,0.00751851851851852,0.089416221951405,0.08866666666666667,0.05211662020110962,0.011446097171443993,0.514977160462912
70,63,2012-05-01,2,4,2011-2012,Flamengo,Uberlândia,1,0.4371568365580987,0.11751937474610888,0.2407386565611036,0.07889880525088619,0.14984285144562606,0.03649109252488828,0.11335175892073773,0.08098438868577597,0.051783286867776286,1.6213333333333328,0.039173124915369624,0.09482883313022043,42.157999999999994,0.1203693282805518,0.20489831407006745,59.29866666666667,0.07889880525088619,0.10590896720329283,73.738,0.005097949023295845,0.03246311562225821,0.6679999999999999,0.007985185185185185,0.09128288861807167,0.09200000000000001,0.051783286867776286,0.011046097171443994,0.5188438271295787,0.40999163200477373,0.12464287544533952,0.20267391612114405,0.08267484043829014,0.14686924539450208,0.038961916963559676,0.1079073284309424,0.06798361618608026,0.05760688440770577,1.332,0.04154762514844652,0.10762636994916258,38.29333333333333,0.10133695806057202,0.18638840859497943,54.40599999999999,0.08267484043829014,0.10819972036481278,76.64200000000001,0.012912278792771605,0.030609742770728404,0.6026666666666667,0.017715137155794244,0.0974366357195926,0.1966666666666667,0.05760688440770577,0.011192592592592593,0.47062488636164196
68,74,2012-05-01,2,4,2011-2012,Pinheiros,Joinville,0,0.42315703041372393,0.11359324031128339,0.22436818539338924,0.08519560470905137,0.14651919150773743,0.03753345209468401,0.10898573941305341,0.07924691951843259,0.06190175958614348,1.404,0.03786441343709446,0.09953037448890917,37.7,0.11218409269669462,0.19265918821059197,58.14933333333334,0.08519560470905137,0.12242671710652178,68.31733333333334,0.012604147428594115,0.042109263166037164,0.7186666666666668,0.014208135163772926,0.09899159346467336,0.14733333333333334,0.06190175958614348,0.012732156680983927,0.499593393291767,0.42180579244427974,0.08078173278951922,0.23616528653236107,0.10485877312239938,0.16126947637292466,0.05004132163309027,0.11122815473983438,0.07000197750587071,0.059855147694969725,1.2846666666666664,0.02692724426317307,0.08085712520084044,33.339333333333336,0.11808264326618054,0.22861006056111732,51.525333333333336,0.10485877312239938,0.14215572858731923,73.836,0.0098151443991266,0.03722584764965187,0.7033333333333333,0.006852511020475425,0.11163819882173609,0.06466666666666666,0.059855147694969725,0.012889218473200677,0.48573237753882914
96,85,2012-05-01,2,4,2011-2012,Coop/São José Basketball,Sesi Franca,1,0.4458509463470476,0.1331513964973088,0.2102170164344795,0.10248253341525938,0.16748724357553763,0.04570580216670514,0.12178144140883254,0.09746074596844786,0.07138254735264553,1.5279999999999998,0.044383798832436275,0.12046617872662739,36.855333333333334,0.10510850821723974,0.17752149282880877,58.99466666666668,0.10248253341525938,0.12183543050606668,84.41133333333333,0.006340081970487603,0.030700048553487392,0.4680000000000001,0.013350842643750195,0.09610521711969106,0.136,0.07138254735264553,0.011005697199124255,0.5389523514723911,0.41600000000000004,0.10344444444444445,0.21992592592592597,0.09262962962962962,0.14618518518518522,0.04051851851851852,0.10566666666666667,0.08274074074074074,0.06251851851851853,1.4733333333333332,0.03448148148148148,0.09937037037037037,34.47666666666667,0.10996296296296298,0.1996296296296296,55.089999999999996,0.09262962962962962,0.11188888888888888,83.57733333333334,0.007296296296296297,0.035851851851851864,0.6353333333333334,0.015148148148148148,0.11362962962962962,0.1406666666666667,0.06251851851851853,0.015888888888888886,0.48907407407407394
80,69,2012-05-03,3,4,2011-2012,Pinheiros,Joinville,1,0.41048683006035525,0.10859234022127438,0.22169978522003855,0.08019470461904238,0.14251792471439143,0.037533118728014014,0.10498480598637742,0.07891305279842724,0.06123455953280481,1.4086666666666665,0.03619744674042479,0.09819637442223585,36.36666666666667,0.11084989261001928,0.19199108806724438,57.69533333333334,0.08019470461904238,0.11709228366317743,67.56866666666666,0.012270747421926782,0.04110896313603417,0.7100000000000001,0.01454136848710526,0.10032436007466768,0.14800000000000002,0.06123455953280481,0.013732123344316925,0.4849226595517263,0.4188057924442797,0.08378173278951921,0.23016528653236104,0.10485877312239937,0.16460280970625799,0.05237465496642361,0.1122281547398344,0.07000197750587071,0.06285514769496972,1.2499999999999996,0.027927244263173077,0.0835237918675071,33.90133333333334,0.11508264326618052,0.22527672722778394,51.082,0.10485877312239937,0.1408223952539859,74.80733333333335,0.008148477732459936,0.03722584764965187,0.6906666666666668,0.006185844353808758,0.11163819882173609,0.058,0.06285514769496972,0.015555885139867342,0.4837323775388292
94,80,2012-05-03,3,4,2011-2012,Coop/São José Basketball,Sesi Franca,1,0.4415606237664024,0.1260465577876314,0.2141202422409311,0.10139382373784002,0.16573993174758064,0.046684296790361055,0.11905563495721962,0.0940467674738242,0.07135835380425844,1.454,0.04201551926254381,0.11704951205996071,35.964000000000006,0.10706012112046555,0.17843547132343238,59.816,0.10139382373784002,0.12239994663509891,83.62200000000003,0.006334705626401579,0.03034520984380997,0.4606666666666667,0.014340089955578152,0.0970433891627018,0.14266666666666666,0.07135835380425844,0.010669675693747912,0.5339254697519611,0.41737037037037034,0.09922222222222224,0.22622222222222224,0.09192592592592592,0.1457037037037037,0.040259259259259265,0.10544444444444447,0.08262962962962962,0.06485185185185185,1.4199999999999997,0.03307407407407408,0.09511111111111112,34.81000000000001,0.11311111111111112,0.2029259259259259,55.702,0.09192592592592592,0.11177777777777778,83.15200000000002,0.007000000000000002,0.036666666666666674,0.6326666666666667,0.014592592592592593,0.11437037037037037,0.13666666666666666,0.06485185185185185,0.015296296296296297,0.49255555555555547
60,77,2012-05-04,3,4,2011-2012,Flamengo,Uberlândia,0,0.42949016989143196,0.11451937474610886,0.23673865656110363,0.07823213858421951,0.1485095181122927,0.03649109252488828,0.11201842558740441,0.07765105535244263,0.051783286867776286,1.5379999999999998,0.03817312491536962,0.09282883313022043,41.96733333333334,0.11836932828055181,0.20756498073673413,57.635999999999996,0.07823213858421951,0.10590896720329282,73.03666666666666,0.004431282356629178,0.0314631156222582,0.6433333333333332,0.008651851851851853,0.09328288861807167,0.09600000000000002,0.051783286867776286,0.011046097171443994,0.5045104937962452,0.3986582986714404,0.1216428754453395,0.1940072494544774,0.08300817377162348,0.1492025787278354,0.038961916963559676,0.11024066176427573,0.06631694951941358,0.05860688440770576,1.2833333333333334,0.0405476251484465,0.10629303661582924,37.84866666666667,0.0970036247272387,0.18338840859497946,52.96133333333333,0.08300817377162348,0.10853305369814611,76.68533333333335,0.01224561212610494,0.02994307610406174,0.584,0.018381803822460907,0.09710330238625926,0.20466666666666666,0.05860688440770576,0.011192592592592593,0.4592915530283087
76,80,2012-05-04,1,4,2011-2012,Bauru Basket,Brasília,0,0.4126051413900685,0.12656889236017432,0.20233262318779788,0.08370362584209629,0.16685887642744937,0.059220039760739314,0.10763883666671005,0.06352706084632767,0.056741772093189285,1.2239999999999998,0.04218963078672478,0.11677744617728901,36.214666666666666,0.10116631159389894,0.19882237604482567,51.37199999999999,0.08370362584209629,0.10616982609126965,79.18733333333333,0.00566690008169526,0.03054675014294115,0.6000000000000001,0.00956186391995868,0.09996830799747508,0.09533333333333334,0.056741772093189285,0.015020028764559825,0.4618007362232916,0.442448873567366,0.1210635910892738,0.2191202018372994,0.10226508064079276,0.16891779634165763,0.04438622400606002,0.12453157233559767,0.07114399286676742,0.06846745271350878,1.1226666666666667,0.040354530363091265,0.11411467910521257,35.13066666666667,0.1095601009186497,0.18634630240788294,58.79866666666667,0.10226508064079276,0.1253210417796324,81.52333333333333,0.0066604554865424435,0.03305886261271005,0.5153333333333333,0.016034095080470035,0.11358575516355486,0.15200000000000002,0.06846745271350878,0.013352628961959092,0.510933809522536
90,78,2012-05-07,2,4,2011-2012,Brasília,Bauru Basket,1,0.434448873567366,0.1180635910892738,0.21445353517063273,0.10193174730745944,0.16958446300832436,0.045719557339393355,0.123864905668931,0.06814399286676744,0.06646745271350879,1.1086666666666667,0.039354530363091264,0.11411467910521256,34.019999999999996,0.10722676758531637,0.1843463024078829,58.24066666666668,0.10193174730745944,0.1253210417796324,81.26666666666667,0.0069937888198757766,0.033725529279376706,0.5346666666666666,0.016034095080470035,0.11325242183022155,0.15266666666666664,0.06646745271350879,0.01301929562862576,0.5042671428558694,0.4099384747234018,0.13156889236017433,0.19699928985446455,0.08137029250876296,0.16452554309411604,0.05888670642740598,0.10563883666671005,0.06219372751299434,0.05740843875985595,1.1753333333333333,0.04385629745339145,0.11611077951062235,37.51733333333333,0.09849964492723227,0.20048904271149234,49.588,0.08137029250876296,0.10483649275793633,78.19533333333332,0.004666900081695261,0.031213416809607816,0.6066666666666668,0.008561863919958683,0.10030164133080838,0.08666666666666668,0.05740843875985595,0.015020028764559825,0.45446740288995824
71,77,2012-05-08,4,4,2011-2012,Joinville,Pinheiros,0,0.41213912577761297,0.0877817327895192,0.22349861986569441,0.10085877312239938,0.16293614303959134,0.05104132163309027,0.11189482140650106,0.07000197750587071,0.06185514769496973,1.2633333333333332,0.029260577596506413,0.0855237918675071,34.82866666666667,0.11174930993284721,0.22327672722778397,50.053999999999995,0.10085877312239938,0.1368223952539859,74.30733333333335,0.008148477732459936,0.03722584764965188,0.7006666666666668,0.006519177687142092,0.10897153215506944,0.06199999999999999,0.06185514769496973,0.015889218473200673,0.47506571087216254,0.4084868300603553,0.10659234022127438,0.22703311855337188,0.07486137128570905,0.1485179247143914,0.039866452061347334,0.10865147265304409,0.08124638613176056,0.0622345595328048,1.4286666666666668,0.03553078007375812,0.09786304108890251,35.84733333333334,0.11351655927668594,0.197657754733911,57.38133333333334,0.07486137128570905,0.11142561699651075,67.03999999999999,0.012270747421926782,0.036108963136034164,0.6233333333333333,0.013874701820438592,0.09999102674133434,0.14266666666666666,0.0622345595328048,0.012732123344316924,0.48358932621839296
87,78,2012-05-08,4,4,2011-2012,Uberlândia,Flamengo,1,0.3966582986714405,0.11964287544533952,0.19267391612114407,0.08434150710495679,0.15053591206116876,0.03996191696355968,0.11057399509760908,0.06565028285274692,0.05760688440770577,1.29,0.039880958481779846,0.10462636994916256,37.688,0.09633695806057203,0.18438840859497943,52.205333333333336,0.08434150710495679,0.1081997203648128,77.90133333333333,0.01124561212610494,0.030276409437395076,0.5986666666666667,0.017381803822460906,0.09510330238625928,0.19933333333333333,0.05760688440770577,0.011525925925925927,0.46162488636164206,0.42015683655809866,0.10951937474610887,0.2354053232277703,0.07523213858421952,0.146842851445626,0.03849109252488829,0.10835175892073774,0.07365105535244264,0.051783286867776286,1.438,0.03650645824870295,0.09382883313022043,39.974000000000004,0.11770266161388515,0.20956498073673416,56.78933333333334,0.07523213858421952,0.10190896720329283,73.27399999999999,0.004097949023295845,0.0314631156222582,0.6433333333333333,0.008651851851851853,0.09194955528473833,0.09666666666666668,0.051783286867776286,0.011046097171443994,0.48651049379624534
99,91,2012-05-08,3,4,2011-2012,Brasília,Bauru Basket,1,0.43212754503595346,0.12206759268991405,0.20845887063815308,0.10160108170788627,0.1662557982090713,0.043053690992854735,0.12320210721621658,0.06714612705377558,0.06713625356718358,1.0846666666666667,0.040689197563304684,0.11245081355899408,35.65599999999999,0.10422943531907654,0.18135123771533923,57.641333333333336,0.10160108170788627,0.12465744300678995,81.464,0.005994055593251793,0.032726196212816756,0.5173333333333333,0.01603462862722207,0.1142549561772937,0.15,0.06713625356718358,0.012686229068668443,0.500948215284841,0.4109384747234018,0.1335688923601743,0.19699928985446455,0.08037029250876296,0.16319220976078266,0.06055337309407264,0.10263883666671006,0.06186039417966101,0.058408438759855956,1.1520000000000001,0.04452296412005812,0.11844411284395567,37.20933333333333,0.09849964492723227,0.20315570937815902,49.14999999999999,0.08037029250876296,0.10283649275793634,78.86066666666666,0.004666900081695261,0.032546750142941144,0.6193333333333333,0.008228530586625349,0.10096830799747504,0.08200000000000003,0.058408438759855956,0.015020028764559823,0.4521340695566249
73,63,2012-05-11,5,4,2011-2012,Pinheiros,Joinville,1,0.40560285472081054,0.10380329836339648,0.2302074568466088,0.07159209951080524,0.15013587307576906,0.040455707148725074,0.10968016592704401,0.07709156297318272,0.06300774824091215,1.35,0.03460109945446548,0.09589131717475056,35.73533333333333,0.1151037284233044,0.1993847282656405,57.856,0.07159209951080524,0.10834027884233657,66.44733333333333,0.013122182085626776,0.03492044044563413,0.5966666666666666,0.012205949213012645,0.10109462846571203,0.12400000000000001,0.06300774824091215,0.012878602739857647,0.4779229840313999,0.40217616281464996,0.08744839945618588,0.21194306431013882,0.1027846990483253,0.16423243933588758,0.05400428459605323,0.11022815473983441,0.06952049602438923,0.06344774028756232,1.1686666666666667,0.0291494664853953,0.08541268075639598,34.72866666666667,0.10597153215506941,0.2210915420425988,48.148,0.1027846990483253,0.13904461747620814,74.75200000000001,0.007407736991719195,0.03689251431631855,0.6353333333333334,0.0073710295389939435,0.11008264326618054,0.06933333333333333,0.06344774028756232,0.016741070325052523,0.46210274790919953
77,62,2012-05-11,5,4,2011-2012,Flamengo,Uberlândia,1,0.41249016989143195,0.10751937474610887,0.22873865656110362,0.07623213858421951,0.14584285144562603,0.03782442585822162,0.1080184255874044,0.0693177220191093,0.048783286867776283,1.5326666666666668,0.0358397915820363,0.09649549979688708,38.33666666666667,0.11436932828055181,0.20656498073673416,56.010000000000005,0.07623213858421951,0.10190896720329283,74.45066666666666,0.004764615689962512,0.03279644895559154,0.7333333333333333,0.00831851851851852,0.09294955528473835,0.09266666666666667,0.048783286867776283,0.010712763838110661,0.47651049379624527,0.4043249653381071,0.11864287544533951,0.19734058278781072,0.08834150710495679,0.1512025787278354,0.03996191696355967,0.11124066176427573,0.06631694951941358,0.0559402177410391,1.328,0.0395476251484465,0.0999597032824959,39.24400000000001,0.09867029139390536,0.18772174192831279,52.66133333333333,0.08834150710495679,0.11286638703147946,78.536,0.011578945459438272,0.028276409437395074,0.5806666666666666,0.016048470489127574,0.09610330238625926,0.17933333333333332,0.0559402177410391,0.011525925925925927,0.4722915530283087
84,68,2012-05-15,1,5,2011-2012,Flamengo,Coop/São José Basketball,1,0.40382607014812427,0.10451987479611387,0.2274071900811223,0.07189900527088819,0.14584401822897106,0.03849129254489028,0.10735272568408075,0.06565145539244663,0.04745022022777896,1.5046666666666666,0.03483995826537129,0.09649606652022609,37.160000000000004,0.11370359504056116,0.2082331142167488,55.12466666666667,0.07189900527088819,0.09790930056996282,72.69333333333333,0.005097982359962846,0.03146318229559221,0.7166666666666667,0.007985251858519187,0.09528355535141168,0.08400000000000002,0.04745022022777896,0.011046163844777997,0.46218029410961,0.44012899554841517,0.13001646751681897,0.2120741038256853,0.0980384242059109,0.16404116879204741,0.04600960605147773,0.11803156274056967,0.09435803460856176,0.06834431167787929,1.6559999999999997,0.04333882250560631,0.12036077919469824,35.85066666666667,0.10603705191284266,0.17339234193526792,61.01200000000001,0.0980384242059109,0.11937587441844896,82.84400000000002,0.007668038959734913,0.028673528132007898,0.4366666666666667,0.014002744586136491,0.09702332898216018,0.13933333333333336,0.06834431167787929,0.009666666666666667,0.5348121297319007
107,99,2012-05-18,2,5,2011-2012,Coop/São José Basketball,Flamengo,1,0.4337956622150818,0.13001646751681897,0.208740770492352,0.09503842420591088,0.15704116879204738,0.0436762727181444,0.113364896073903,0.09135803460856179,0.06534431167787931,1.698666666666667,0.04333882250560632,0.12202744586136492,35.525999999999996,0.104370385246176,0.17072567526860125,60.79,0.09503842420591088,0.11637587441844896,82.394,0.007001372293068246,0.03034019479867457,0.5373333333333333,0.013002744586136494,0.09535666231549353,0.13333333333333333,0.06534431167787931,0.010333333333333335,0.5231454630652341,0.39949273681479097,0.10751987479611387,0.21674052341445563,0.07523233860422152,0.14717735156230435,0.03882462587822362,0.10835272568408075,0.06231812205911331,0.04778355356111229,1.434,0.03583995826537129,0.09716273318689275,38.02266666666667,0.10837026170722781,0.2028997808834155,54.08333333333334,0.07523233860422152,0.09924263390329617,74.7,0.005431315693296179,0.02946318229559221,0.676,0.007651918525185852,0.093616888684745,0.08200000000000002,0.04778355356111229,0.011046163844777995,0.4535136274429433
90,77,2012-05-18,1,5,2011-2012,Brasília,Pinheiros,1,0.4377942117026202,0.12506759268991405,0.21512553730481976,0.09760108170788627,0.16258913154240465,0.04138702432618808,0.12120210721621659,0.0704794603871089,0.0661362535671836,1.162,0.041689197563304685,0.11278414689232744,36.51333333333333,0.10756276865240988,0.18401790438200594,58.550666666666665,0.09760108170788627,0.12032410967345664,81.36866666666668,0.005994055593251794,0.032392862879483425,0.5233333333333333,0.016367961960555406,0.11425495617729368,0.15333333333333332,0.0661362535671836,0.01235289573533511,0.5102815486181743,0.4066028547208106,0.10380329836339648,0.2295407901799421,0.0732587661774719,0.15113587307576906,0.03878904048205842,0.11234683259371069,0.07742489630651606,0.0653410815742455,1.3126666666666666,0.03460109945446548,0.09555798384141721,35.81333333333334,0.11477039508997106,0.19738472826564055,58.17066666666667,0.0732587661774719,0.10900694550900324,67.59866666666666,0.013788848752293444,0.0355871071123008,0.5800000000000001,0.013539282546345977,0.10509462846571203,0.13133333333333333,0.0653410815742455,0.015878602739857646,0.4879229840313999
81,65,2012-05-20,2,5,2011-2012,Pinheiros,Brasília,1,0.3999361880541438,0.10480329836339648,0.2202074568466088,0.07492543284413856,0.15646920640910236,0.04145570714872509,0.11501349926037732,0.07509156297318273,0.06734108157424548,1.2193333333333336,0.03493443278779882,0.09722465050808388,35.788,0.1101037284233044,0.19538472826564052,56.55199999999999,0.07492543284413856,0.10934027884233655,68.556,0.011788848752293442,0.03292044044563413,0.506,0.01320594921301264,0.10776129513237871,0.12466666666666669,0.06734108157424548,0.016211936073190984,0.47892298403139993,0.4417942117026202,0.12906759268991405,0.21112553730481978,0.10160108170788629,0.16125579820907135,0.03905369099285474,0.12220210721621662,0.0724794603871089,0.0661362535671836,1.1953333333333334,0.04302253089663802,0.11378414689232744,37.294,0.10556276865240989,0.17868457104867258,58.870666666666665,0.10160108170788629,0.12565744300678994,80.75066666666666,0.005994055593251794,0.03405952954615009,0.5506666666666666,0.01703462862722207,0.11358828951062704,0.15866666666666665,0.0661362535671836,0.012686229068668443,0.5222815486181742
100,91,2012-05-20,3,5,2011-2012,Coop/São José Basketball,Flamengo,1,0.43403703703703694,0.13577777777777778,0.2066666666666667,0.09159259259259259,0.15796296296296297,0.04518518518518519,0.11277777777777778,0.08888888888888889,0.0677037037037037,1.5960000000000003,0.045259259259259256,0.12392592592592591,36.72133333333333,0.10333333333333335,0.17055555555555554,60.354000000000006,0.09159259259259259,0.11429629629629628,81.13466666666667,0.006962962962962963,0.030444444444444444,0.5186666666666667,0.01262962962962963,0.09766666666666665,0.128,0.0677037037037037,0.010925925925925927,0.519962962962963,0.402492736814791,0.10274209701833607,0.21955533822927045,0.08019530156718449,0.15047364785860065,0.03978758884118659,0.11068605901741406,0.06424404798503923,0.04637614615370487,1.498,0.0342473656727787,0.0976071776313372,36.30066666666667,0.10977766911463523,0.20438126236489698,54.416666666666664,0.08019530156718449,0.10468707834774063,75.22866666666667,0.005727611989592475,0.02924096007336999,0.684,0.007874140747408075,0.09457985164770795,0.08333333333333336,0.04637614615370487,0.011009126807740958,0.46099510892442486
74,76,2012-05-22,3,5,2011-2012,Pinheiros,Brasília,0,0.3979361880541438,0.1018032983633965,0.21820745684660883,0.07792543284413855,0.15780253974243572,0.04245570714872508,0.11534683259371065,0.07775822963984938,0.06667441490757882,1.2719999999999998,0.03393443278779883,0.09589131717475056,35.45466666666666,0.10910372842330442,0.19638472826564052,55.62599999999998,0.07792543284413855,0.11267361217566989,69.516,0.011788848752293442,0.034587107112300806,0.534,0.011539282546345977,0.10909462846571204,0.10600000000000001,0.06667441490757882,0.01621193607319098,0.47992298403139994,0.44074081956442873,0.12204168179932115,0.2144384559970799,0.10426068176802762,0.15589419844963665,0.037046624386329406,0.11884757406330726,0.07247082342357794,0.06478957219930241,1.2086666666666668,0.04068056059977373,0.11243196927492655,35.572,0.10721922799853995,0.17966101569358817,59.618666666666655,0.10426068176802762,0.12797978384108388,81.86133333333333,0.006327388926585128,0.033721485141799866,0.5526666666666666,0.017033843448719256,0.11523768225023176,0.158,0.06478957219930241,0.011348184664318221,0.5188932527896439
105,109,2012-05-25,4,5,2011-2012,Brasília,Pinheiros,0,0.4350741528977621,0.12304168179932115,0.21110512266374656,0.1009273484346943,0.15222753178297002,0.036379957719662744,0.11584757406330727,0.0721374900902446,0.06512290553263574,1.200666666666667,0.04101389393310706,0.11343196927492655,35.55733333333333,0.10555256133187328,0.17699434902692152,59.452,0.1009273484346943,0.1229797838410839,82.28866666666666,0.005327388926585128,0.03505481847513319,0.5686666666666667,0.016700510115385925,0.11223768225023177,0.15733333333333333,0.06512290553263574,0.013014851330984888,0.5152265861229772,0.3942695213874771,0.10780329836339649,0.21020745684660874,0.07625876617747189,0.15613587307576907,0.04178904048205842,0.11434683259371066,0.07842489630651607,0.0676744149075788,1.2653333333333334,0.03593443278779882,0.1005579838414172,35.89466666666667,0.10510372842330437,0.19105139493230716,54.933333333333316,0.07625876617747189,0.11034027884233658,69.578,0.010788848752293443,0.03292044044563413,0.5006666666666667,0.011539282546345977,0.11009462846571205,0.10466666666666666,0.0676744149075788,0.01754526940652432,0.47258965069806663
92,80,2012-05-25,4,5,2011-2012,Flamengo,Coop/São José Basketball,1,0.4088260701481243,0.10074209701833607,0.22355533822927043,0.08452863490051782,0.14714031452526732,0.038787588841186584,0.10835272568408073,0.06424404798503923,0.0487094794870382,1.4326666666666668,0.033580699006112026,0.0979405109646705,35.46266666666667,0.11177766911463521,0.2027145956982303,55.70266666666667,0.08452863490051782,0.10802041168107396,77.33533333333334,0.007060945322925809,0.029240960073369984,0.6366666666666666,0.007874140747408075,0.09724651831437463,0.07866666666666668,0.0487094794870382,0.011342460141074292,0.4646617755910915,0.4383703703703704,0.13777777777777775,0.21399999999999997,0.08659259259259257,0.15596296296296294,0.04451851851851852,0.11144444444444446,0.08955555555555554,0.06537037037037038,1.6486666666666667,0.04592592592592593,0.12425925925925926,37.17666666666666,0.10699999999999998,0.1738888888888889,61.12933333333333,0.08659259259259257,0.11096296296296296,79.02866666666667,0.006962962962962963,0.030444444444444444,0.53,0.0122962962962963,0.09733333333333331,0.12466666666666666,0.06537037037037038,0.009925925925925925,0.525962962962963
68,81,2012-05-27,5,5,2011-2012,Pinheiros,Brasília,0,0.3983361880541438,0.10700329836339648,0.21074079017994213,0.0805920995108052,0.15753587307576908,0.04178904048205843,0.11574683259371064,0.08009156297318272,0.06714108157424549,1.3066666666666664,0.03566776612113216,0.09882465050808388,36.15133333333333,0.10537039508997106,0.19238472826564051,54.618666666666655,0.0805920995108052,0.11514027884233655,70.56266666666667,0.009788848752293442,0.034853773778967465,0.5406666666666666,0.011405949213012644,0.11022796179904537,0.10333333333333333,0.06714108157424549,0.01787860273985765,0.4827896506980667,0.42829154420210985,0.1220975824204392,0.2023001537196472,0.10389380806202349,0.14897287339787685,0.03666318753332734,0.11230968586454951,0.06844556462440611,0.06375810222000634,1.1680000000000001,0.0406991941401464,0.11460464008237996,34.78,0.1011500768598236,0.1730208500621182,58.43666666666665,0.10389380806202349,0.12615659543528676,82.648,0.0043336001067093505,0.03367345201550587,0.5586666666666668,0.016975458355551556,0.11513954560426903,0.15399999999999997,0.06375810222000634,0.012821062511109111,0.49964563374202486
106,90,2012-05-27,5,5,2011-2012,Coop/São José Basketball,Flamengo,1,0.43537037037037035,0.14277777777777778,0.2086666666666667,0.08392592592592592,0.15329629629629632,0.04551851851851853,0.10777777777777778,0.08822222222222222,0.06503703703703705,1.6373333333333335,0.0475925925925926,0.12392592592592593,38.72266666666666,0.10433333333333335,0.17455555555555557,59.251999999999995,0.08392592592592592,0.10662962962962962,79.52333333333334,0.006962962962962963,0.03144444444444445,0.542,0.011962962962962965,0.09866666666666667,0.12066666666666667,0.06503703703703705,0.009592592592592592,0.5182962962962964,0.406492736814791,0.09774209701833607,0.2222220048959371,0.08652863490051782,0.14647364785860068,0.038787588841186584,0.10768605901741406,0.06357738131837257,0.04637614615370487,1.5133333333333334,0.032580699006112025,0.0976071776313372,34.526666666666664,0.11111100244796855,0.20138126236489695,55.81733333333333,0.08652863490051782,0.11002041168107396,77.63533333333334,0.007394278656259142,0.030574293406703316,0.7226666666666667,0.007874140747408075,0.09857985164770797,0.076,0.04637614615370487,0.010009126807740958,0.4633284422577582
62,78,2012-06-02,1,6,2011-2012,Coop/São José Basketball,Brasília,0,0.44237037037037036,0.1417777777777778,0.21666666666666667,0.08392592592592592,0.150962962962963,0.04418518518518519,0.10677777777777778,0.09055555555555556,0.0637037037037037,1.6800000000000002,0.04725925925925926,0.12025925925925926,40.173333333333325,0.10833333333333334,0.17955555555555558,59.833999999999996,0.08392592592592592,0.10562962962962961,80.152,0.007962962962962963,0.03044444444444445,0.5359999999999999,0.013629629629629632,0.10000000000000002,0.136,0.0637037037037037,0.00825925925925926,0.5282962962962963,0.42762487753544315,0.12409758242043918,0.20163348705298054,0.10189380806202349,0.15030620673121017,0.036663187533327334,0.11364301919788283,0.06911223129107277,0.06475810222000633,1.1626666666666665,0.041365860806813065,0.11193797341571331,36.11333333333334,0.10081674352649027,0.1730208500621182,58.19799999999999,0.10189380806202349,0.12482326210195344,81.75933333333334,0.0043336001067093505,0.0350067853488392,0.5700000000000001,0.01630879168888489,0.1154728789376024,0.14800000000000002,0.06475810222000633,0.013154395844442442,0.5039789670753582
77,70,2012-11-23,1,1,2012-2013,Minas,Tijuca,1,0.0,0.0,0.0,0.0,0.0,0.0,0.0,0.0,0.0,0.0,0.0,0.0,0.0,0.0,0.0,0.0,0.0,0.0,0.0,0.0,0.0,0.0,0.0,0.0,0.0,0.0,0.0,0.0,0.0,0.0,0.0,0.0,0.0,0.0,0.0,0.0,0.0,0.0,0.0,0.0,0.0,0.0,0.0,0.0,0.0,0.0,0.0,0.0,0.0,0.0,0.0,0.0,0.0,0.0,0.0,0.0
62,76,2012-11-24,1,1,2012-2013,Sesi Franca,Brasília,0,0.0,0.0,0.0,0.0,0.0,0.0,0.0,0.0,0.0,0.0,0.0,0.0,0.0,0.0,0.0,0.0,0.0,0.0,0.0,0.0,0.0,0.0,0.0,0.0,0.0,0.0,0.0,0.0,0.0,0.0,0.0,0.0,0.0,0.0,0.0,0.0,0.0,0.0,0.0,0.0,0.0,0.0,0.0,0.0,0.0,0.0,0.0,0.0,0.0,0.0,0.0,0.0,0.0,0.0,0.0,0.0
62,82,2012-11-24,1,1,2012-2013,Coop/São José Basketball,Bauru Basket,0,0.0,0.0,0.0,0.0,0.0,0.0,0.0,0.0,0.0,0.0,0.0,0.0,0.0,0.0,0.0,0.0,0.0,0.0,0.0,0.0,0.0,0.0,0.0,0.0,0.0,0.0,0.0,0.0,0.0,0.0,0.0,0.0,0.0,0.0,0.0,0.0,0.0,0.0,0.0,0.0,0.0,0.0,0.0,0.0,0.0,0.0,0.0,0.0,0.0,0.0,0.0,0.0,0.0,0.0,0.0,0.0
71,59,2012-11-24,1,1,2012-2013,Mogi,L. Sorocabana,1,0.0,0.0,0.0,0.0,0.0,0.0,0.0,0.0,0.0,0.0,0.0,0.0,0.0,0.0,0.0,0.0,0.0,0.0,0.0,0.0,0.0,0.0,0.0,0.0,0.0,0.0,0.0,0.0,0.0,0.0,0.0,0.0,0.0,0.0,0.0,0.0,0.0,0.0,0.0,0.0,0.0,0.0,0.0,0.0,0.0,0.0,0.0,0.0,0.0,0.0,0.0,0.0,0.0,0.0,0.0,0.0
86,82,2012-11-24,1,1,2012-2013,Paulistano,Limeira,1,0.0,0.0,0.0,0.0,0.0,0.0,0.0,0.0,0.0,0.0,0.0,0.0,0.0,0.0,0.0,0.0,0.0,0.0,0.0,0.0,0.0,0.0,0.0,0.0,0.0,0.0,0.0,0.0,0.0,0.0,0.0,0.0,0.0,0.0,0.0,0.0,0.0,0.0,0.0,0.0,0.0,0.0,0.0,0.0,0.0,0.0,0.0,0.0,0.0,0.0,0.0,0.0,0.0,0.0,0.0,0.0
88,87,2012-11-24,1,1,2012-2013,Pinheiros,Joinville,1,0.0,0.0,0.0,0.0,0.0,0.0,0.0,0.0,0.0,0.0,0.0,0.0,0.0,0.0,0.0,0.0,0.0,0.0,0.0,0.0,0.0,0.0,0.0,0.0,0.0,0.0,0.0,0.0,0.0,0.0,0.0,0.0,0.0,0.0,0.0,0.0,0.0,0.0,0.0,0.0,0.0,0.0,0.0,0.0,0.0,0.0,0.0,0.0,0.0,0.0,0.0,0.0,0.0,0.0,0.0,0.0
95,86,2012-11-24,1,1,2012-2013,Palmeiras,Suzano,1,0.0,0.0,0.0,0.0,0.0,0.0,0.0,0.0,0.0,0.0,0.0,0.0,0.0,0.0,0.0,0.0,0.0,0.0,0.0,0.0,0.0,0.0,0.0,0.0,0.0,0.0,0.0,0.0,0.0,0.0,0.0,0.0,0.0,0.0,0.0,0.0,0.0,0.0,0.0,0.0,0.0,0.0,0.0,0.0,0.0,0.0,0.0,0.0,0.0,0.0,0.0,0.0,0.0,0.0,0.0,0.0
84,71,2012-11-24,1,1,2012-2013,Uberlândia,Fortaleza B. C. / CFO,1,0.0,0.0,0.0,0.0,0.0,0.0,0.0,0.0,0.0,0.0,0.0,0.0,0.0,0.0,0.0,0.0,0.0,0.0,0.0,0.0,0.0,0.0,0.0,0.0,0.0,0.0,0.0,0.0,0.0,0.0,0.0,0.0,0.0,0.0,0.0,0.0,0.0,0.0,0.0,0.0,0.0,0.0,0.0,0.0,0.0,0.0,0.0,0.0,0.0,0.0,0.0,0.0,0.0,0.0,0.0,0.0
61,82,2012-11-24,1,1,2012-2013,Espírito Santo,Flamengo,0,0.0,0.0,0.0,0.0,0.0,0.0,0.0,0.0,0.0,0.0,0.0,0.0,0.0,0.0,0.0,0.0,0.0,0.0,0.0,0.0,0.0,0.0,0.0,0.0,0.0,0.0,0.0,0.0,0.0,0.0,0.0,0.0,0.0,0.0,0.0,0.0,0.0,0.0,0.0,0.0,0.0,0.0,0.0,0.0,0.0,0.0,0.0,0.0,0.0,0.0,0.0,0.0,0.0,0.0,0.0,0.0
90,68,2012-11-26,2,1,2012-2013,Sesi Franca,Fortaleza B. C. / CFO,1,0.31,0.3,0.2,0.05,0.165,0.055,0.11,0.06,0.1,0.6,0.02,0.075,26.67,0.1,0.235,42.55,0.05,0.065,76.92,0.005,0.055,0.55,0.015,0.075,0.2,0.1,0.02,0.335,0.355,0.285,0.19,0.09,0.14,0.06,0.08,0.06,0.04,1.5,0.025,0.09,27.78,0.095,0.245,38.78,0.09,0.13,69.23,0.0,0.07,1.75,0.015,0.1,0.15,0.04,0.0,0.385
73,80,2012-11-26,2,1,2012-2013,Mogi,Bauru Basket,0,0.355,0.225,0.15,0.1,0.205,0.06,0.145,0.085,0.075,1.13,0.035,0.085,41.18,0.075,0.17,44.12,0.1,0.125,80.0,0.005,0.02,0.27,0.01,0.105,0.1,0.075,0.02,0.475,0.41,0.315,0.21,0.065,0.195,0.075,0.12,0.06,0.055,1.09,0.045,0.165,27.27,0.105,0.17,61.76,0.065,0.105,61.9,0.005,0.01,0.18,0.005,0.06,0.08,0.055,0.015,0.455
58,56,2012-11-26,2,1,2012-2013,Espírito Santo,Tijuca,1,0.305,0.3,0.2,0.06,0.095,0.035,0.06,0.045,0.07,0.64,0.015,0.09,16.67,0.1,0.225,44.44,0.06,0.1,60.0,0.0,0.04,0.57,0.005,0.11,0.05,0.07,0.015,0.235,0.35,0.27,0.18,0.08,0.115,0.015,0.1,0.07,0.08,0.88,0.03,0.075,40.0,0.09,0.18,50.0,0.08,0.095,84.21,0.01,0.02,0.25,0.005,0.09,0.06,0.08,0.02,0.365
95,71,2012-11-26,2,1,2012-2013,Paulistano,Joinville,1,0.43,0.36,0.24,0.07,0.125,0.04,0.085,0.1,0.07,1.43,0.04,0.09,44.44,0.12,0.21,57.14,0.07,0.115,60.87,0.02,0.065,0.93,0.005,0.105,0.05,0.07,0.0,0.515,0.3879079721776351,0.32102728731942215,0.21401819154628143,0.10700909577314072,0.11146780809702157,0.031210986267166042,0.08025682182985554,0.05350454788657036,0.07133939718209381,0.75,0.022293561619404316,0.10255038344925985,21.74,0.10700909577314072,0.2051007668985197,52.17,0.10700909577314072,0.1560549313358302,68.57,0.0,0.049045835562689495,0.69,0.008917424647761726,0.1203852327447833,0.07,0.07133939718209381,0.035669698591046906,0.3968253968253968
77,73,2012-11-27,2,1,2012-2013,Coop/São José Basketball,L. Sorocabana,1,0.31,0.21,0.14,0.05,0.14,0.04,0.1,0.045,0.045,1.0,0.04,0.115,34.78,0.07,0.175,40.0,0.05,0.07,71.43,0.005,0.015,0.33,0.005,0.09,0.06,0.045,0.01,0.3,0.295,0.27,0.18,0.085,0.145,0.06,0.085,0.04,0.05,0.8,0.01,0.125,8.0,0.09,0.2,45.0,0.085,0.12,70.83,0.005,0.045,0.9,0.005,0.11,0.05,0.05,0.015,0.27
76,67,2012-11-29,3,1,2012-2013,Tijuca,Mogi,1,0.315,0.3075,0.20500000000000002,0.05,0.14250000000000002,0.0225,0.12000000000000001,0.0575,0.07250000000000001,0.7849999999999999,0.02,0.075,26.665,0.10250000000000001,0.20500000000000002,50.0,0.05,0.065,70.675,0.01,0.03,0.435,0.01,0.0725,0.165,0.07250000000000001,0.027500000000000004,0.35250000000000004,0.3397222222222222,0.2658333333333333,0.17722222222222223,0.07,0.1736111111111111,0.05666666666666667,0.11694444444444443,0.06472222222222222,0.07305555555555555,0.8799999999999999,0.030833333333333338,0.0825,37.254999999999995,0.08861111111111111,0.19166666666666668,46.019999999999996,0.07,0.09805555555555556,68.125,0.006944444444444444,0.025555555555555554,0.355,0.005,0.10138888888888889,0.05,0.07305555555555555,0.016666666666666666,0.39749999999999996
79,86,2012-11-29,3,1,2012-2013,Palmeiras,Paulistano,0,0.475,0.345,0.23,0.08,0.145,0.035,0.11,0.09,0.045,2.0,0.055,0.13,42.31,0.115,0.19,60.53,0.08,0.115,69.57,0.015,0.055,1.22,0.025,0.125,0.2,0.045,0.01,0.605,0.4525,0.36,0.24,0.1,0.1525,0.05,0.10250000000000001,0.10750000000000001,0.07750000000000001,1.3900000000000001,0.037500000000000006,0.0975,38.885,0.12,0.2025,59.34,0.1,0.15,65.57,0.03,0.07,0.905,0.0025,0.11249999999999999,0.025,0.07750000000000001,0.01,0.575
73,55,2012-11-29,3,1,2012-2013,Joinville,Minas,1,0.3714539860888175,0.28801364365971105,0.19200909577314074,0.08600454788657036,0.1382339040485108,0.04560549313358302,0.09262841091492777,0.05925227394328518,0.0906696985910469,0.6699999999999999,0.03114678080970216,0.10377519172462993,29.92,0.09600454788657037,0.20255038344925985,47.335,0.08600454788657036,0.1330274656679151,63.83,0.0025,0.042022917781344746,0.505,0.006958712323880864,0.13769261637239166,0.05,0.0906696985910469,0.017834849295523453,0.3659126984126984,0.3856362998948265,0.2554214453848851,0.1702809635899234,0.03505784544498423,0.1702809635899234,0.050082636349977463,0.12019832723994592,0.08013221815996395,0.0851404817949617,0.94,0.06009916361997296,0.14523964541493464,41.38,0.0851404817949617,0.1602644363199279,53.13,0.03505784544498423,0.040066109079981975,87.5,0.010016527269995494,0.025041318174988732,0.29,0.010016527269995494,0.12520659087494365,0.08,0.0851404817949617,0.01502479090499324,0.4407271998798017
88,87,2012-11-29,3,1,2012-2013,Limeira,Espírito Santo,1,0.41,0.285,0.19,0.055,0.14,0.04,0.1,0.095,0.09,1.06,0.055,0.105,52.38,0.095,0.195,48.72,0.055,0.075,73.33,0.005,0.045,0.5,0.005,0.115,0.04,0.09,0.01,0.465,0.2975,0.28500000000000003,0.19,0.04,0.14500000000000002,0.045,0.1,0.05,0.07500000000000001,0.665,0.0225,0.10250000000000001,21.380000000000003,0.095,0.22,43.15,0.04,0.065,63.335,0.0025,0.042499999999999996,0.565,0.0075,0.0875,0.1,0.07500000000000001,0.015,0.27749999999999997
59,80,2012-11-29,3,1,2012-2013,L. Sorocabana,Sesi Franca,0,0.32999999999999996,0.315,0.21,0.0675,0.16499999999999998,0.06,0.10500000000000001,0.0475,0.07250000000000001,0.69,0.0175,0.10250000000000001,19.625,0.105,0.21250000000000002,49.165,0.0675,0.1,66.66499999999999,0.0075,0.0375,0.61,0.005,0.10500000000000001,0.05,0.07250000000000001,0.0125,0.3325,0.38,0.315,0.21000000000000002,0.07250000000000001,0.1725,0.052500000000000005,0.12,0.0775,0.095,0.8300000000000001,0.0325,0.075,43.335,0.10500000000000001,0.245,42.845,0.07250000000000001,0.0975,75.0,0.0075,0.06,0.635,0.02,0.0975,0.20500000000000002,0.095,0.0325,0.46499999999999997
81,82,2012-11-29,3,1,2012-2013,Bauru Basket,Uberlândia,0,0.3827777777777778,0.3041666666666667,0.20277777777777778,0.06583333333333333,0.1663888888888889,0.05972222222222222,0.10666666666666666,0.06555555555555556,0.06305555555555556,1.045,0.03805555555555555,0.14472222222222222,26.134999999999998,0.10138888888888889,0.16722222222222222,60.61,0.06583333333333333,0.09472222222222222,70.425,0.004722222222222222,0.013888888888888888,0.215,0.006944444444444444,0.06333333333333332,0.10500000000000001,0.06305555555555556,0.014166666666666668,0.4141666666666667,0.42,0.24,0.16,0.08,0.13,0.025,0.105,0.09,0.08,1.13,0.06,0.14,42.86,0.08,0.145,55.17,0.08,0.095,84.21,0.015,0.05,0.63,0.01,0.11,0.09,0.08,0.005,0.48
99,80,2012-12-01,4,1,2012-2013,Joinville,Espírito Santo,1,0.36930265739254503,0.30700909577314067,0.20467273051542714,0.07733636525771358,0.15048926936567386,0.04540366208905535,0.10508560727661852,0.057834849295523454,0.09211313239403125,0.64,0.029097853873134776,0.09751679448308663,29.75,0.10233636525771357,0.2167002556328399,47.20333333333334,0.07733636525771358,0.11201831044527673,71.12333333333333,0.005,0.049681945187563165,0.5633333333333334,0.007972474882587241,0.12179507758159443,0.07,0.09211313239403125,0.020223232863682303,0.3806084656084656,0.3433333333333333,0.26,0.17333333333333334,0.06,0.13333333333333333,0.03666666666666667,0.09666666666666668,0.06333333333333334,0.08,0.7766666666666667,0.03666666666666667,0.11,31.58666666666667,0.08666666666666667,0.19499999999999998,44.85999999999999,0.06,0.08166666666666667,71.21,0.0033333333333333335,0.03833333333333333,0.48666666666666664,0.01,0.09166666666666667,0.11666666666666665,0.08,0.023333333333333334,0.3499999999999999
74,63,2012-12-01,4,1,2012-2013,L. Sorocabana,Uberlândia,1,0.3183333333333333,0.27999999999999997,0.18666666666666668,0.06666666666666667,0.13833333333333334,0.043333333333333335,0.09500000000000001,0.03666666666666667,0.06833333333333334,0.5433333333333333,0.021666666666666667,0.09666666666666668,24.846666666666664,0.09333333333333334,0.18500000000000003,50.72666666666667,0.06666666666666667,0.09833333333333334,67.25,0.011666666666666667,0.028333333333333332,0.4633333333333333,0.005,0.10333333333333335,0.05000000000000001,0.06833333333333334,0.015,0.3066666666666667,0.415,0.28500000000000003,0.19,0.07500000000000001,0.1225,0.0275,0.095,0.0975,0.065,1.615,0.05,0.125,39.61,0.095,0.15999999999999998,59.015,0.07500000000000001,0.0825,92.10499999999999,0.025,0.037500000000000006,0.565,0.0125,0.1125,0.11,0.065,0.0075,0.4875
84,72,2012-12-01,4,1,2012-2013,Paulistano,Suzano,1,0.4290740740740741,0.3511111111111111,0.23407407407407407,0.09333333333333334,0.17425925925925925,0.06296296296296296,0.1112962962962963,0.09537037037037038,0.07833333333333335,1.2233333333333334,0.03388888888888889,0.08870370370370372,38.42333333333333,0.11703703703703704,0.21944444444444447,54.18000000000001,0.09333333333333334,0.13999999999999999,65.93666666666667,0.024444444444444446,0.05407407407407408,0.6966666666666667,0.003148148148148148,0.11203703703703703,0.03,0.07833333333333335,0.018518518518518517,0.5388888888888889,0.43331485866881647,0.3023126920945231,0.20154179472968206,0.08061671789187283,0.1763490703884718,0.05542399355066257,0.12092507683780924,0.06046253841890462,0.10580944223308308,0.57,0.050385448682420515,0.11084798710132514,45.45,0.10077089736484103,0.22673451907089232,44.44,0.08061671789187283,0.11588653196956719,69.57,0.0,0.015115634604726156,0.14,0.010077089736484104,0.11588653196956719,0.09,0.10580944223308308,0.020154179472968207,0.42323776893233234
67,74,2012-12-01,4,1,2012-2013,Bauru Basket,Sesi Franca,0,0.3901851851851852,0.3027777777777778,0.20185185185185187,0.06722222222222222,0.16092592592592592,0.06648148148148147,0.09444444444444444,0.0787037037037037,0.0587037037037037,1.3966666666666665,0.04037037037037037,0.13148148148148148,31.709999999999997,0.10092592592592593,0.1848148148148148,55.55666666666667,0.06722222222222222,0.09814814814814815,69.17333333333333,0.008148148148148147,0.019259259259259257,0.3433333333333333,0.004629629629629629,0.06888888888888889,0.07,0.0587037037037037,0.012777777777777779,0.43277777777777776,0.3866666666666667,0.34500000000000003,0.23,0.06666666666666667,0.16166666666666665,0.04833333333333334,0.11333333333333333,0.065,0.085,0.7600000000000001,0.03,0.06833333333333333,44.04,0.115,0.25333333333333335,45.23,0.06666666666666667,0.09333333333333334,71.57,0.01,0.06333333333333334,0.7833333333333333,0.016666666666666666,0.09500000000000001,0.17333333333333334,0.085,0.024999999999999998,0.4566666666666666
85,87,2012-12-01,4,1,2012-2013,Limeira,Minas,0,0.425,0.3075,0.20500000000000002,0.07,0.13,0.0325,0.0975,0.09,0.0675,1.475,0.05,0.11249999999999999,44.94,0.10250000000000001,0.18,57.695,0.07,0.0875,79.16499999999999,0.0075,0.035,0.53,0.0075,0.12,0.06,0.0675,0.0075,0.48750000000000004,0.33031814994741326,0.23271072269244253,0.1551404817949617,0.06252892272249211,0.1451404817949617,0.04504131817498873,0.10009916361997295,0.04506610907998197,0.08257024089748086,0.5349999999999999,0.03754958180998648,0.13011982270746733,27.21,0.07757024089748085,0.15263221815996394,50.705,0.06252892272249211,0.07753305453999099,82.88,0.005008263634997747,0.022520659087494364,0.27,0.010008263634997747,0.10510329543747182,0.1,0.08257024089748086,0.02001239545249662,0.3228635999399008
101,75,2012-12-06,5,1,2012-2013,Sesi Franca,Tijuca,1,0.38250000000000006,0.36000000000000004,0.24000000000000002,0.0675,0.15125,0.046250000000000006,0.105,0.06625,0.06875,1.445,0.024999999999999998,0.0725,35.97,0.12000000000000001,0.245,49.2625,0.0675,0.09375,72.0975,0.01,0.0575,1.0875,0.0125,0.09000000000000001,0.13,0.06875,0.01875,0.44749999999999995,0.33666666666666667,0.315,0.21,0.06666666666666667,0.13,0.02666666666666667,0.10333333333333335,0.05000000000000001,0.06333333333333334,0.7833333333333332,0.02,0.08166666666666667,24.793333333333333,0.105,0.19499999999999998,54.28666666666667,0.06666666666666667,0.09000000000000001,70.92666666666666,0.006666666666666667,0.03833333333333333,0.6966666666666667,0.008333333333333333,0.085,0.12666666666666668,0.06333333333333334,0.026666666666666672,0.375
84,76,2012-12-06,5,1,2012-2013,Coop/São José Basketball,Limeira,1,0.34750000000000003,0.21,0.14,0.065,0.1325,0.037500000000000006,0.095,0.07,0.07,1.0,0.0475,0.135,35.129999999999995,0.07,0.155,45.925,0.065,0.0825,77.82,0.005,0.02,0.29500000000000004,0.01,0.095,0.105,0.07,0.015,0.35250000000000004,0.40925925925925927,0.27166666666666667,0.1811111111111111,0.07037037037037037,0.12814814814814815,0.029074074074074075,0.09907407407407408,0.08074074074074074,0.06722222222222222,1.2933333333333334,0.0525925925925926,0.12092592592592592,43.94,0.09055555555555556,0.16740740740740742,54.09,0.07037037037037037,0.08796296296296297,79.44333333333333,0.007962962962962963,0.029259259259259263,0.44333333333333336,0.006481481481481481,0.11555555555555556,0.05333333333333334,0.06722222222222222,0.009444444444444445,0.45092592592592595
68,70,2012-12-06,5,1,2012-2013,Mogi,Joinville,0,0.33814814814814814,0.2722222222222222,0.1814814814814815,0.07,0.17074074074074075,0.05611111111111111,0.11462962962962962,0.054814814814814816,0.07037037037037037,0.7666666666666666,0.02888888888888889,0.085,34.096666666666664,0.09074074074074075,0.18444444444444444,49.306666666666665,0.07,0.10037037037037037,67.64,0.004629629629629629,0.023703703703703703,0.34,0.0033333333333333335,0.11592592592592592,0.03333333333333333,0.07037037037037037,0.01611111111111111,0.38666666666666666,0.40072699304440873,0.3577568218298555,0.23850454788657038,0.08550227394328518,0.1691169520242554,0.05155274656679151,0.11756420545746388,0.06837613697164259,0.08783484929552345,0.8125,0.02557339040485108,0.09438759586231497,26.725,0.11925227394328519,0.22627519172462993,52.07000000000001,0.08550227394328518,0.12026373283395755,72.3075,0.00875,0.05226145889067237,0.6225,0.010979356161940432,0.11759630818619582,0.1,0.08783484929552345,0.023917424647761726,0.46170634920634923
68,59,2012-12-06,5,1,2012-2013,Espírito Santo,Palmeiras,1,0.35750000000000004,0.25125000000000003,0.1675,0.06625,0.12625,0.036250000000000004,0.09000000000000001,0.06125,0.08,0.755,0.04125,0.10875,36.785000000000004,0.08375,0.19124999999999998,44.0625,0.06625,0.09,71.88499999999999,0.005,0.033749999999999995,0.4275,0.008749999999999999,0.09125,0.1025,0.08,0.02125,0.35374999999999995,0.4130555555555555,0.2991666666666667,0.19944444444444445,0.07777777777777778,0.13472222222222222,0.03972222222222223,0.095,0.07166666666666667,0.04472222222222222,1.6,0.04527777777777778,0.125,35.97,0.09972222222222223,0.19277777777777777,51.855000000000004,0.07777777777777778,0.10861111111111112,71.74,0.009722222222222222,0.04527777777777778,1.01,0.016944444444444446,0.1225,0.135,0.04472222222222222,0.011666666666666667,0.47583333333333333
100,78,2012-12-06,5,1,2012-2013,Minas,Suzano,1,0.34910098885383106,0.2706960373505172,0.18046402490034485,0.07131557811129104,0.14861217304849297,0.044842360264807306,0.10376981278368567,0.058192220868136135,0.06986164207980206,0.9899999999999999,0.03244046194739839,0.11637617810127453,26.473333333333333,0.09023201245017243,0.17286592321775374,51.85999999999999,0.07131557811129104,0.09020722154517917,80.89333333333333,0.0048203239048133124,0.029828587539811057,0.5133333333333333,0.01259810168259109,0.09821701177312936,0.1366666666666667,0.06986164207980206,0.019267522894257007,0.3811683258858598,0.39665742933440823,0.29365634604726154,0.19577089736484105,0.06530835894593642,0.17317453519423592,0.06521199677533128,0.10796253841890463,0.06273126920945231,0.09540472111654155,0.665,0.04519272434121026,0.13042399355066256,36.06,0.09788544868242052,0.21836725953544617,44.84,0.06530835894593642,0.10044326598478359,64.195,0.0025,0.04505781730236308,0.51,0.010038544868242051,0.12794326598478362,0.08,0.09540472111654155,0.015077089736484105,0.40161888446616617
89,88,2012-12-06,5,1,2012-2013,Paulistano,Pinheiros,1,0.42680555555555555,0.3383333333333333,0.22555555555555556,0.10250000000000001,0.17944444444444446,0.05722222222222222,0.12222222222222223,0.0940277777777778,0.08750000000000001,1.1125,0.03291666666666667,0.08152777777777778,41.317499999999995,0.11277777777777778,0.21333333333333337,53.455000000000005,0.10250000000000001,0.1525,66.5575,0.023333333333333334,0.05055555555555556,0.61,0.007361111111111112,0.10652777777777778,0.0775,0.08750000000000001,0.016388888888888887,0.5379166666666667,0.39111111111111113,0.30666666666666664,0.20444444444444446,0.09333333333333334,0.1511111111111111,0.02666666666666667,0.12444444444444444,0.06666666666666667,0.09333333333333334,0.71,0.03111111111111111,0.1111111111111111,28.0,0.10222222222222223,0.14222222222222222,71.88,0.09333333333333334,0.12,77.78,0.013333333333333334,0.013333333333333334,0.14,0.0044444444444444444,0.1288888888888889,0.03,0.09333333333333334,0.0044444444444444444,0.4177777777777778
71,62,2012-12-06,5,1,2012-2013,Fortaleza B. C. / CFO,L. Sorocabana,1,0.34750000000000003,0.3075,0.20500000000000002,0.08249999999999999,0.14750000000000002,0.06,0.0875,0.065,0.08,1.04,0.02,0.09,22.225,0.10250000000000001,0.23249999999999998,44.39,0.08249999999999999,0.1175,70.33000000000001,0.0025,0.052500000000000005,1.02,0.0125,0.1125,0.11499999999999999,0.08,0.02,0.365,0.33124999999999993,0.285,0.19,0.0775,0.145,0.0475,0.0975,0.0375,0.061250000000000006,0.6575,0.02125,0.09625,23.897499999999997,0.095,0.18875000000000003,50.545,0.0775,0.10625000000000001,71.5925,0.00875,0.03125,0.5974999999999999,0.00375,0.09750000000000002,0.037500000000000006,0.061250000000000006,0.01125,0.33
72,89,2012-12-08,6,1,2012-2013,Mogi,Limeira,0,0.33861111111111114,0.27541666666666664,0.1836111111111111,0.07875,0.17055555555555557,0.05458333333333333,0.11597222222222221,0.04986111111111111,0.08027777777777778,0.6549999999999999,0.025416666666666667,0.0825,30.572499999999998,0.09180555555555556,0.19208333333333333,48.027499999999996,0.07875,0.11402777777777778,67.665,0.004722222222222222,0.03152777777777778,0.38,0.00625,0.11444444444444443,0.060000000000000005,0.08027777777777778,0.019583333333333335,0.37875,0.40194444444444444,0.26749999999999996,0.17833333333333334,0.06777777777777778,0.12486111111111112,0.026805555555555558,0.09805555555555556,0.08555555555555555,0.06916666666666667,1.3025000000000002,0.051944444444444446,0.11944444444444444,43.824999999999996,0.08916666666666667,0.17180555555555554,52.05500000000001,0.06777777777777778,0.08347222222222223,81.00999999999999,0.0059722222222222225,0.03194444444444445,0.465,0.006111111111111111,0.10666666666666667,0.055,0.06916666666666667,0.009583333333333334,0.44069444444444444
83,76,2012-12-08,6,1,2012-2013,Coop/São José Basketball,Joinville,1,0.37441456368425524,0.23176650522559264,0.15451100348372845,0.053529611691732516,0.14101410485172913,0.03519627835839919,0.10581782649332994,0.07555612201546436,0.08235364092106381,0.9366666666666666,0.05545798283626476,0.13078511343359675,42.86333333333332,0.07725550174186423,0.15941286430452883,48.79999999999999,0.053529611691732516,0.06859503781119891,76.88,0.0033333333333333335,0.02352961169173252,0.2933333333333334,0.008366046393066531,0.09392216840853089,0.09000000000000001,0.08235364092106381,0.013398759452799726,0.3964410740079871,0.3895471116769063,0.34236309293186473,0.2282420619545765,0.08810625265216508,0.1638649901908329,0.04912397065244799,0.11474101953838489,0.06258268297632885,0.08701664790932516,0.744,0.024399599023388254,0.10112584023665001,24.456,0.11412103097728825,0.2135324686506399,53.172000000000004,0.08810625265216508,0.12084152813908722,73.846,0.007000000000000001,0.04969094051155268,0.592,0.012724371629059737,0.11969281009575469,0.11000000000000001,0.08701664790932516,0.02208960474283992,0.4373453749315819
89,77,2012-12-08,6,1,2012-2013,Minas,Palmeiras,1,0.3868257416403733,0.29677202801288793,0.19784801867525864,0.07848668358346828,0.14520912978636974,0.04113177019860548,0.10407735958776425,0.0698941656511021,0.06864623155985154,1.1475,0.03683034646054879,0.1110321335759559,33.0125,0.09892400933762932,0.1808994424133153,54.13999999999999,0.07848668358346828,0.09640541615888437,82.41,0.006115242928609984,0.03737144065485829,0.615,0.01569857626194332,0.10241275882984702,0.1575,0.06864623155985154,0.018200642170692755,0.44837624441439483,0.37443180525006947,0.2901108424699318,0.19340722831328785,0.060246888706063643,0.12675297697334667,0.036555525706535634,0.09019745126681106,0.059530829373674286,0.04996290326492311,1.26,0.04025922941023933,0.11355546600849577,35.089999999999996,0.09670361415664393,0.20743186494810936,47.336666666666666,0.060246888706063643,0.09255549585751571,61.71666666666666,0.009839496223166197,0.0452962515227664,0.9233333333333333,0.011296296296296297,0.11524681408351382,0.09000000000000001,0.04996290326492311,0.007777777777777778,0.391098546539286
83,82,2012-12-08,6,1,2012-2013,Fortaleza B. C. / CFO,Bauru Basket,1,0.357272582528394,0.32706772104872095,0.21804514736581396,0.0673836818455224,0.1496371581219262,0.05238368184552241,0.09725347627640378,0.07340798924388776,0.07102430739836536,1.26,0.023947917772352546,0.08299826628454163,30.2,0.10902257368290698,0.22576389626012808,48.76,0.0673836818455224,0.09956250221137175,66.33,0.005204861479673071,0.04207638962601281,0.8133333333333334,0.013640625552842942,0.10861285072356085,0.13,0.07102430739836536,0.015102430739836534,0.4043211973251248,0.3763888888888889,0.29833333333333334,0.1988888888888889,0.06041666666666667,0.15694444444444444,0.057361111111111106,0.09958333333333333,0.07902777777777778,0.06652777777777777,1.2699999999999998,0.03902777777777777,0.12111111111111111,33.504999999999995,0.09944444444444445,0.1836111111111111,54.862500000000004,0.06041666666666667,0.08611111111111111,71.88,0.00986111111111111,0.020694444444444446,0.3275,0.004722222222222222,0.07916666666666666,0.065,0.06652777777777777,0.013333333333333334,0.41833333333333333
71,57,2012-12-08,6,1,2012-2013,Uberlândia,Tijuca,1,0.38166666666666665,0.28,0.18666666666666668,0.060000000000000005,0.12,0.024999999999999998,0.09500000000000001,0.09000000000000001,0.07,1.39,0.045000000000000005,0.11333333333333333,39.37,0.09333333333333334,0.16499999999999998,56.48666666666667,0.060000000000000005,0.07,83.62666666666667,0.023333333333333334,0.035,0.5033333333333333,0.008333333333333333,0.11166666666666668,0.07333333333333333,0.07,0.008333333333333333,0.43333333333333335,0.34625,0.27375,0.1825,0.07375000000000001,0.1225,0.02875,0.09375000000000001,0.05500000000000001,0.07375,0.7549999999999999,0.03,0.09875,28.595,0.09125,0.17875,50.330000000000005,0.07375000000000001,0.095,74.785,0.005,0.039999999999999994,0.63,0.01,0.08625,0.1375,0.07375,0.026250000000000002,0.37
86,89,2012-12-08,6,1,2012-2013,Espírito Santo,Suzano,0,0.35400000000000004,0.24300000000000002,0.162,0.063,0.13799999999999998,0.038,0.1,0.057999999999999996,0.074,0.784,0.043000000000000003,0.11000000000000001,38.124,0.081,0.186,43.734,0.063,0.091,68.03399999999999,0.005,0.030999999999999993,0.422,0.009,0.092,0.10400000000000001,0.074,0.019,0.363,0.3944382862229388,0.275770897364841,0.18384726490989403,0.06520557263062428,0.1571163567961573,0.06180799785022085,0.09530835894593642,0.06348751280630154,0.09026981407769437,0.7133333333333334,0.0484618162274735,0.13028266236710837,38.14333333333334,0.09192363245494702,0.20724483969029742,44.30666666666667,0.06520557263062428,0.10362884398985572,62.49333333333333,0.0016666666666666668,0.04170521153490872,0.48666666666666664,0.010025696578828035,0.11696217732318907,0.09000000000000001,0.09026981407769437,0.013384726490989403,0.3927459229774441
102,100,2012-12-10,2,1,2012-2013,Pinheiros,Limeira,1,0.41555555555555557,0.24333333333333332,0.1622222222222222,0.13166666666666668,0.13805555555555554,0.023333333333333334,0.11472222222222223,0.06583333333333333,0.08416666666666667,0.79,0.04055555555555555,0.10305555555555555,40.315,0.0811111111111111,0.15361111111111111,54.12,0.13166666666666668,0.16499999999999998,79.36500000000001,0.009166666666666667,0.03166666666666667,0.405,0.004722222222222222,0.12944444444444445,0.035,0.08416666666666667,0.012222222222222223,0.4488888888888889,0.4105555555555555,0.253,0.1686666666666667,0.06622222222222222,0.1358888888888889,0.030444444444444448,0.10544444444444445,0.08644444444444443,0.07033333333333333,1.2820000000000003,0.05855555555555556,0.12255555555555556,47.652,0.08433333333333334,0.17344444444444443,48.86600000000001,0.06622222222222222,0.08077777777777778,81.94999999999999,0.004777777777777778,0.030555555555555558,0.438,0.009888888888888888,0.10633333333333335,0.092,0.07033333333333333,0.010666666666666668,0.4605555555555556
95,89,2012-12-10,2,1,2012-2013,Uberlândia,Brasília,1,0.3751867672111434,0.28139993987373485,0.18759995991582323,0.05251578314460367,0.14010522096402445,0.02877104419280489,0.11133417677121957,0.08503682733740855,0.06627893576510673,1.3599999999999999,0.04502367471690551,0.11631576310251526,38.5275,0.09379997995791162,0.168844698867622,55.56,0.05251578314460367,0.0625210441928049,81.47,0.022510522096402447,0.032513152620503055,0.48999999999999994,0.007502630524100612,0.1050447189097104,0.07,0.06627893576510673,0.007502630524100612,0.4352314861208538,0.38,0.195,0.13,0.04,0.16,0.04,0.12,0.09,0.11,0.82,0.07,0.13,53.85,0.065,0.185,35.14,0.04,0.055,72.73,0.005,0.05,0.45,0.03,0.1,0.3,0.11,0.02,0.44
77,82,2012-12-10,6,1,2012-2013,Sesi Franca,Flamengo,0,0.40700000000000003,0.384,0.256,0.073,0.155,0.049,0.10600000000000001,0.081,0.07200000000000001,1.486,0.026000000000000002,0.073,36.775999999999996,0.128,0.244,52.74400000000001,0.073,0.10200000000000001,71.752,0.015000000000000003,0.05800000000000001,1.012,0.017,0.08900000000000001,0.186,0.07200000000000001,0.018,0.501,0.41,0.375,0.25,0.085,0.145,0.025,0.12,0.06,0.12,0.5,0.025,0.065,38.46,0.125,0.17,73.53,0.085,0.12,70.83,0.005,0.045,0.38,0.015,0.095,0.16,0.12,0.025,0.495
69,83,2012-12-13,7,1,2012-2013,Tijuca,Fortaleza B. C. / CFO,0,0.33399999999999996,0.258,0.172,0.06600000000000002,0.127,0.032,0.09500000000000001,0.05700000000000001,0.064,1.1239999999999999,0.032,0.10400000000000001,29.276,0.086,0.184,46.60600000000001,0.06600000000000002,0.08399999999999999,77.328,0.006,0.03899999999999999,0.784,0.009,0.08399999999999999,0.12400000000000003,0.064,0.022000000000000002,0.354,0.3601766591185177,0.328634124119874,0.21908941607991603,0.06387109471747514,0.15111675748033354,0.05150998360636403,0.0996067738739695,0.05616710304402694,0.06549045277099624,0.9675,0.02573871610704219,0.08558203304673956,30.982499999999998,0.10954470803995801,0.2215451444173183,49.8675,0.06387109471747514,0.0924496544363066,68.4975,0.0039036461097548035,0.039335069997287385,0.77,0.012452691386854429,0.10034852693155952,0.1275,0.06549045277099624,0.013549045277099624,0.3954631202160658
92,90,2012-12-13,7,1,2012-2013,Pinheiros,Espírito Santo,1,0.42814814814814817,0.24666666666666667,0.16444444444444442,0.1337037037037037,0.13796296296296295,0.022962962962962963,0.11499999999999999,0.06314814814814813,0.06648148148148149,1.1466666666666667,0.043333333333333335,0.12055555555555557,37.35333333333333,0.08222222222222221,0.14833333333333334,56.51,0.1337037037037037,0.1722222222222222,77.51333333333334,0.007592592592592593,0.032962962962962965,0.65,0.010555555555555556,0.11888888888888889,0.10000000000000002,0.06648148148148149,0.00962962962962963,0.4725925925925926,0.3666666666666667,0.2575,0.17166666666666666,0.0675,0.13833333333333334,0.041666666666666664,0.09666666666666666,0.056666666666666664,0.06666666666666667,0.9316666666666666,0.0425,0.11083333333333334,37.56666666666667,0.08583333333333333,0.18499999999999997,46.63,0.0675,0.09499999999999999,69.73833333333333,0.006666666666666667,0.030833333333333327,0.5183333333333333,0.009166666666666667,0.09499999999999999,0.10166666666666667,0.06666666666666667,0.01916666666666667,0.38666666666666666
92,78,2012-12-13,7,1,2012-2013,Paulistano,Minas,1,0.4304444444444444,0.3516666666666667,0.23444444444444446,0.096,0.18955555555555556,0.06577777777777778,0.12377777777777779,0.08922222222222223,0.08600000000000001,1.066,0.03333333333333334,0.08722222222222223,39.41799999999999,0.11722222222222223,0.22366666666666674,52.952,0.096,0.145,65.42,0.01966666666666667,0.04844444444444445,0.588,0.008888888888888889,0.11922222222222223,0.08,0.08600000000000001,0.01411111111111111,0.5343333333333333,0.39846059331229866,0.30341762241031034,0.2022784149402069,0.08678934686677461,0.14116730382909579,0.04290541615888438,0.0982618876702114,0.06691533252088168,0.06091698524788123,1.284,0.03646427716843904,0.10882570686076472,33.410000000000004,0.10113920747010345,0.17871955393065225,56.254,0.08678934686677461,0.1081243329271075,81.412,0.004892194342887987,0.03489715252388663,0.658,0.013558861009554658,0.10393020706387761,0.136,0.06091698524788123,0.015560513736554205,0.45970099553151583
78,77,2012-12-13,7,1,2012-2013,Suzano,Mogi,1,0.42870419988667263,0.3188018965231829,0.21253459768212193,0.07577787311286072,0.14471096123701047,0.05531389626762981,0.08939706496938066,0.05806651546468435,0.079646224398223,0.755,0.046797243030563325,0.12757165637521184,37.3575,0.10626729884106097,0.20320908512753197,52.7625,0.07577787311286072,0.11653919047223651,64.1775,0.00125,0.037250840571157656,0.49,0.009012255414115055,0.11608830961227834,0.08,0.079646224398223,0.010038544868242053,0.43042089341253964,0.3428888888888889,0.2743333333333333,0.18288888888888888,0.075,0.16844444444444445,0.05366666666666666,0.11477777777777778,0.05788888888888889,0.07922222222222222,0.7639999999999999,0.028333333333333332,0.087,32.077999999999996,0.09144444444444444,0.19966666666666666,46.248,0.075,0.10822222222222222,68.25,0.004777777777777778,0.030222222222222223,0.37,0.005,0.11355555555555555,0.048,0.07922222222222222,0.017666666666666667,0.376
75,66,2012-12-13,7,1,2012-2013,Palmeiras,Coop/São José Basketball,1,0.3770738539375521,0.28133313185244885,0.1875554212349659,0.06893516652954773,0.12506473273001,0.03991664427990173,0.0851480884501083,0.062148122030255715,0.04747217744869233,1.3825,0.0401944220576795,0.10891659950637184,36.845,0.09377771061748295,0.203073898711082,46.6875,0.06893516652954773,0.10066662189313678,65.2875,0.008629622167374647,0.0377221886420748,0.7875,0.008472222222222223,0.12018511056263537,0.0675,0.04747217744869233,0.009583333333333333,0.3945739099044645,0.3730659467717278,0.2505188145407488,0.1670125430271659,0.04792775296229041,0.14466329960625193,0.036400765589002126,0.1082625340172498,0.0777857114653596,0.08288385064455919,0.9525,0.05270855026075717,0.12587649290909406,42.147499999999994,0.08350627151358295,0.16624291338934274,50.28999999999999,0.04792775296229041,0.06256134149195779,75.16,0.00361150631335586,0.030985284529069707,0.37750000000000006,0.009609053734867477,0.08822572732009193,0.115,0.08288385064455919,0.011160575902955655,0.40848143684157634
50,59,2012-12-13,7,1,2012-2013,Joinville,Sesi Franca,0,0.3809188893603849,0.3430803552209984,0.22872023681399892,0.08008854387680424,0.1572948992331015,0.04612182739555851,0.11117307183754298,0.06326334692471848,0.08436572510962281,0.7766666666666667,0.02403670288986058,0.10056782982683797,24.168333333333333,0.11436011840699946,0.21424002017182955,53.153333333333336,0.08008854387680424,0.10884942159738749,75.175,0.008055555555555557,0.05029800598184945,0.6183333333333333,0.012825865246438669,0.11307734174646224,0.12000000000000001,0.08436572510962281,0.0184080039523666,0.4222322568874293,0.4004528812480102,0.3820821394460363,0.25472142629735756,0.06879258198026106,0.1522484877427571,0.04481295765679721,0.1074355300859599,0.0794388729703916,0.06955109837631328,1.4466666666666665,0.025646290990130532,0.07754775549188157,34.615,0.12736071314867878,0.2391499522445081,53.583333333333336,0.06879258198026106,0.10012257242916268,68.565,0.014091849729385549,0.05708850684495384,0.9966666666666666,0.01735036612543776,0.09167701368990767,0.18499999999999997,0.06955109837631328,0.016591849729385547,0.48992916268704234
77,87,2012-12-13,7,1,2012-2013,Limeira,Uberlândia,0,0.41620370370370363,0.26638888888888884,0.1775925925925926,0.06777777777777778,0.14731481481481482,0.03722222222222222,0.11009259259259259,0.08537037037037036,0.06898148148148149,1.2833333333333334,0.05694444444444444,0.12287037037037037,46.25833333333333,0.0887962962962963,0.18083333333333332,49.225,0.06777777777777778,0.0850925925925926,80.09666666666665,0.003981481481481482,0.028425925925925927,0.41333333333333333,0.008240740740740741,0.11231481481481483,0.07666666666666666,0.06898148148148149,0.011111111111111112,0.4697222222222222,0.39514941376891477,0.28211995189898786,0.18807996793265858,0.06901262651568293,0.14708417677121957,0.03001683535424391,0.11706734141697565,0.08902946186992684,0.06702314861208539,1.388,0.046018939773524406,0.12205261048201221,37.718,0.09403998396632929,0.1670757590940976,56.324,0.06901262651568293,0.08101683535424391,82.596,0.01900841767712196,0.029010522096402445,0.434,0.007002104419280489,0.11703577512776833,0.06200000000000001,0.06702314861208539,0.01100210441928049,0.46218518889668303
76,90,2012-12-13,7,1,2012-2013,L. Sorocabana,Bauru Basket,0,0.3266669982096677,0.27574219216232343,0.18382812810821564,0.07393554804058086,0.1418603540879252,0.042973145016908694,0.09888720907101652,0.0379570320270539,0.060935548040580864,0.6599999999999999,0.022967774020290432,0.09092480604734435,27.689999999999998,0.09191406405410782,0.18879590212850608,48.858000000000004,0.07393554804058086,0.10588720907101652,68.702,0.007994629003381739,0.03395166103043565,0.6279999999999999,0.003994629003381738,0.09590332206087131,0.042,0.060935548040580864,0.010989258006763477,0.32964551422319477,0.374,0.2946666666666667,0.19644444444444445,0.06255555555555556,0.154,0.05388888888888889,0.10011111111111111,0.06855555555555556,0.0621111111111111,1.1359999999999997,0.03833333333333333,0.12,32.958,0.09822222222222222,0.18333333333333335,54.134,0.06255555555555556,0.08666666666666667,73.50399999999999,0.007888888888888888,0.02366666666666667,0.42200000000000004,0.0064444444444444445,0.07844444444444444,0.088,0.0621111111111111,0.010666666666666668,0.40844444444444444
102,88,2012-12-13,7,1,2012-2013,Flamengo,Brasília,1,0.41,0.375,0.25,0.0925,0.155,0.035,0.12,0.06,0.10250000000000001,0.605,0.0225,0.07500000000000001,30.995,0.125,0.195,65.175,0.0925,0.1225,75.41499999999999,0.0025,0.045,0.455,0.0075,0.09,0.08,0.10250000000000001,0.0225,0.475,0.4125,0.2175,0.14500000000000002,0.08750000000000001,0.14,0.037500000000000006,0.10250000000000001,0.08249999999999999,0.075,1.3499999999999999,0.060000000000000005,0.14,43.59,0.07250000000000001,0.1725,42.57,0.08750000000000001,0.1125,76.07,0.005,0.0425,0.665,0.015,0.115,0.15,0.075,0.0175,0.45499999999999996
80,90,2012-12-15,8,1,2012-2013,Paulistano,Espírito Santo,0,0.43537037037037035,0.3530555555555555,0.23537037037037037,0.09166666666666667,0.18462962962962962,0.06148148148148148,0.12314814814814816,0.08851851851851854,0.08666666666666667,1.045,0.036111111111111115,0.08601851851851851,43.26499999999999,0.11768518518518518,0.22138888888888894,53.65,0.09166666666666667,0.13666666666666666,66.79666666666667,0.019722222222222224,0.04453703703703704,0.5366666666666666,0.009907407407407408,0.11685185185185186,0.09000000000000001,0.08666666666666667,0.014259259259259258,0.5369444444444444,0.3785714285714286,0.26571428571428574,0.17714285714285713,0.06857142857142857,0.14142857142857143,0.04428571428571428,0.09714285714285713,0.056428571428571425,0.06714285714285714,0.9114285714285714,0.04428571428571428,0.1142857142857143,38.019999999999996,0.08857142857142856,0.1857142857142857,47.862857142857145,0.06857142857142857,0.09428571428571428,71.67999999999999,0.0064285714285714285,0.03642857142857143,0.5871428571428571,0.008571428571428572,0.09714285714285713,0.09428571428571429,0.06714285714285714,0.018571428571428572,0.4057142857142857
91,77,2012-12-15,8,1,2012-2013,Pinheiros,Minas,1,0.4361111111111111,0.25625,0.17083333333333334,0.12277777777777779,0.13847222222222222,0.02347222222222222,0.11499999999999999,0.0636111111111111,0.07611111111111112,1.0150000000000001,0.0475,0.12916666666666668,37.6925,0.08541666666666667,0.14375,60.6525,0.12277777777777779,0.15791666666666665,77.7,0.008194444444444445,0.035972222222222225,0.595,0.009166666666666667,0.11416666666666667,0.08750000000000001,0.07611111111111112,0.008472222222222223,0.4756944444444444,0.39705049442691553,0.3028480186752586,0.2018986791168391,0.08399112238897884,0.13597275319091315,0.04075451346573698,0.09521823972517617,0.06826277710073474,0.05993082103990102,1.2966666666666666,0.03705356430703253,0.1090214223839706,33.90166666666667,0.10094933955841955,0.18143296160887687,55.42499999999999,0.08399112238897884,0.10760361077258958,78.955,0.004076828619073322,0.03574762710323886,0.6699999999999999,0.012132384174628882,0.10660850588656468,0.12000000000000001,0.05993082103990102,0.015467094780461836,0.45225082960959656
53,73,2012-12-15,8,1,2012-2013,Tijuca,Brasília,0,0.33583333333333326,0.2525,0.16833333333333333,0.07250000000000001,0.1225,0.030833333333333334,0.09166666666666667,0.053333333333333344,0.06083333333333333,1.0666666666666667,0.03166666666666667,0.10333333333333333,29.396666666666665,0.08416666666666667,0.17666666666666667,47.76666666666667,0.07250000000000001,0.09333333333333334,76.94,0.005833333333333333,0.03833333333333333,0.7833333333333333,0.0075,0.08333333333333333,0.10333333333333335,0.06083333333333333,0.022500000000000003,0.355,0.42166666666666663,0.23500000000000001,0.15666666666666668,0.10000000000000002,0.13833333333333334,0.043333333333333335,0.09500000000000001,0.075,0.05833333333333333,1.7,0.055,0.135,41.06,0.07833333333333334,0.17666666666666667,44.596666666666664,0.10000000000000002,0.135,73.86,0.006666666666666667,0.041666666666666664,0.9766666666666667,0.013333333333333334,0.12833333333333333,0.12,0.05833333333333333,0.015000000000000001,0.46833333333333327
80,100,2012-12-15,8,1,2012-2013,Suzano,Coop/São José Basketball,0,0.42096335990933814,0.2970415172185463,0.19802767814569755,0.08062229849028857,0.13776876898960838,0.048251117014103846,0.08951765197550451,0.05845321237174748,0.0817169795185784,0.738,0.04743779442445066,0.12905732510016948,37.294,0.09901383907284877,0.19256726810202557,51.544000000000004,0.08062229849028857,0.11723135237778921,68.008,0.003,0.03880067245692612,0.492,0.010209804331292044,0.11387064768982266,0.092,0.0817169795185784,0.015030835894593642,0.4243367147300317,0.36445275741738226,0.2514150516325991,0.16761003442173272,0.052342202369832336,0.14973063968500155,0.041120612471201703,0.10861002721379984,0.07522856917228768,0.08230708051564736,0.924,0.04816684020860574,0.12670119432727525,38.33399999999999,0.08380501721086636,0.1689943307114742,49.675999999999995,0.052342202369832336,0.06904907319356623,74.864,0.002889205050684688,0.029788227623255763,0.36400000000000005,0.009687242987893982,0.09758058185607354,0.10600000000000001,0.08230708051564736,0.009928460722364524,0.3927851494732611
71,62,2012-12-15,8,1,2012-2013,Joinville,Uberlândia,1,0.3622161908803299,0.32835459018942714,0.21890306012628477,0.07721875189440364,0.15625277077122984,0.05024728062476443,0.1060054901464654,0.06136858307833013,0.0830277643796767,0.7614285714285715,0.0220314596198805,0.10262956842300397,21.958571428571425,0.10945153006314239,0.2114914458615682,51.42142857142858,0.07721875189440364,0.11115664708347499,71.29285714285714,0.008333333333333335,0.04954114798444238,0.6157142857142857,0.013850741639804574,0.1162091500683962,0.1242857142857143,0.0830277643796767,0.01863543195917137,0.39619907733208226,0.4017911781407623,0.2925999599158232,0.19506663994388215,0.06667718876306912,0.14423681397601631,0.027514029461869927,0.11672278451414637,0.09085788489160569,0.07085262384340447,1.3416666666666666,0.046682449811270336,0.11837717540167685,39.765,0.09753331997194108,0.16506313257841468,59.30166666666667,0.06667718876306912,0.07668069612853659,85.49666666666667,0.017507014730934963,0.02584210174700204,0.37999999999999995,0.005835087016067074,0.10919647927314029,0.05166666666666667,0.07085262384340447,0.013335087016067074,0.4718209907472359
78,75,2012-12-15,8,1,2012-2013,Mogi,Palmeiras,1,0.3499074074074075,0.2786111111111111,0.18574074074074073,0.07333333333333333,0.17370370370370372,0.056388888888888884,0.11731481481481482,0.054907407407407405,0.08685185185185185,0.69,0.03027777777777778,0.09083333333333334,32.791666666666664,0.09287037037037037,0.20305555555555554,46.115,0.07333333333333333,0.10518518518518517,68.91166666666668,0.003981481481481482,0.028518518518518516,0.335,0.005,0.11296296296296295,0.04833333333333334,0.08685185185185185,0.018055555555555557,0.3725,0.3766590831500417,0.2700665054819591,0.18004433698797273,0.07014813322363819,0.135051786184008,0.04193331542392138,0.09311847076008664,0.05971849762420457,0.05297774195895386,1.24,0.042155537646143604,0.11713327960509748,36.141999999999996,0.09002216849398637,0.1924591189688656,47.35,0.07014813322363819,0.10553329751450943,64.22999999999999,0.006903697733899717,0.03917775091365984,0.75,0.0077777777777777776,0.1201480884501083,0.062,0.05297774195895386,0.012666666666666665,0.40065912792357156
72,58,2012-12-15,8,1,2012-2013,Limeira,Sesi Franca,1,0.41174603174603164,0.27119047619047615,0.18079365079365078,0.0630952380952381,0.14341269841269844,0.03976190476190476,0.10365079365079365,0.0853174603174603,0.06484126984126984,1.4042857142857146,0.055952380952380955,0.1296031746031746,43.85142857142858,0.09039682539682539,0.18142857142857144,49.91428571428572,0.0630952380952381,0.07936507936507937,79.76571428571427,0.006269841269841271,0.030793650793650793,0.5157142857142857,0.007063492063492063,0.10698412698412699,0.06571428571428571,0.06484126984126984,0.010952380952380951,0.45976190476190476,0.3853881839268659,0.3660704052394597,0.24404693682630646,0.07110792741165234,0.15335584663664892,0.04126824942011189,0.11208759721653705,0.07166189111747852,0.07675808432255425,1.27,0.023411106562969027,0.07289807613589849,32.84428571428571,0.12202346841315323,0.23141424478100697,52.878571428571426,0.07110792741165234,0.10581934779642517,67.44285714285714,0.014935871196616185,0.05393300586710329,0.8957142857142857,0.016300313821803792,0.09215172601992086,0.1742857142857143,0.07675808432255425,0.02136444262518761,0.4663678537317506
86,61,2012-12-15,8,1,2012-2013,Flamengo,Fortaleza B. C. / CFO,1,0.44333333333333336,0.38999999999999996,0.26,0.10333333333333333,0.17,0.05000000000000001,0.12,0.05499999999999999,0.08333333333333333,0.7366666666666667,0.02666666666666667,0.08666666666666667,31.27,0.13,0.20333333333333334,64.66333333333334,0.10333333333333333,0.145,72.20666666666666,0.0033333333333333335,0.03333333333333333,0.3766666666666667,0.005,0.11166666666666665,0.05333333333333334,0.08333333333333333,0.02,0.5099999999999999,0.3711413272948142,0.32890729929589924,0.21927153286393283,0.05709687577398011,0.15089340598426684,0.04720798688509122,0.10368541909917561,0.06293368243522154,0.06539236221679699,1.05,0.03159097288563375,0.08846562643739164,35.786,0.10963576643196642,0.21323611553385463,52.116,0.05709687577398011,0.08395972354904527,66.798,0.0061229168878038425,0.034468055997829906,0.662,0.012962153109483543,0.10727882154524762,0.124,0.06539236221679699,0.013839236221679698,0.4203704961728526
74,79,2012-12-17,4,1,2012-2013,Tijuca,Coop/São José Basketball,0,0.3257142857142857,0.26142857142857145,0.1742857142857143,0.06785714285714287,0.12285714285714286,0.03357142857142857,0.08928571428571429,0.05214285714285715,0.060714285714285714,1.0214285714285714,0.027857142857142858,0.09714285714285713,26.38714285714286,0.08714285714285715,0.18357142857142858,47.61000000000001,0.06785714285714287,0.09571428571428572,71.14285714285714,0.004999999999999999,0.03571428571428571,0.7185714285714286,0.007142857142857143,0.08428571428571428,0.09714285714285717,0.060714285714285714,0.020714285714285716,0.3378571428571428,0.38707731118648736,0.2870435554321279,0.19136237028808525,0.057790837575767307,0.15978953867307552,0.04677217906013507,0.11301735961294045,0.08519947791168031,0.08192790256389314,1.0516666666666667,0.04597470110754493,0.12392499820723651,37.24833333333333,0.09568118514404263,0.18167828212884288,51.94166666666666,0.057790837575767307,0.07421423032903895,76.55333333333333,0.0024076708755705733,0.032326524219859994,0.3966666666666667,0.010573702890071715,0.09799048754779505,0.11333333333333334,0.08192790256389314,0.009107384068690457,0.4381986423014805
72,91,2012-12-17,3,1,2012-2013,Suzano,Pinheiros,0,0.4174694665911151,0.2975345976821219,0.19835639845474795,0.07801858207524047,0.13397397415800696,0.042709264178419866,0.09126470997958709,0.06371101030978955,0.08393081626548199,0.7733333333333333,0.04703149535370888,0.12504777091680788,38.221666666666664,0.09917819922737398,0.19297272341835467,51.5,0.07801858207524047,0.113526126981491,68.07666666666667,0.0025,0.03900056038077177,0.48,0.011841503609410038,0.11072553974151889,0.11166666666666668,0.08393081626548199,0.0141923632454947,0.4244472622750264,0.4398888888888889,0.28300000000000003,0.18866666666666668,0.10722222222222225,0.14177777777777778,0.024777777777777777,0.11699999999999999,0.06688888888888889,0.0768888888888889,1.012,0.048,0.12533333333333335,39.24400000000001,0.09433333333333334,0.15699999999999997,60.902,0.10722222222222225,0.1393333333333333,76.006,0.008555555555555556,0.03777777777777778,0.588,0.010333333333333333,0.10933333333333332,0.10400000000000001,0.0768888888888889,0.0077777777777777776,0.4875555555555556
70,64,2012-12-17,4,1,2012-2013,Flamengo,Mogi,1,0.44,0.37124999999999997,0.2475,0.10250000000000001,0.18375,0.046250000000000006,0.1375,0.047499999999999994,0.07875,0.6475,0.03,0.09125,32.9775,0.12375,0.1975,63.08,0.10250000000000001,0.14,74.155,0.005,0.028749999999999998,0.34,0.005,0.11374999999999999,0.05,0.07875,0.015,0.50625,0.3556349206349207,0.2816666666666667,0.18777777777777777,0.07928571428571429,0.17031746031746034,0.05333333333333333,0.11698412698412698,0.057777777777777775,0.08515873015873014,0.7342857142857142,0.029523809523809525,0.08928571428571429,32.57142857142857,0.09388888888888888,0.20119047619047617,47.04571428571428,0.07928571428571429,0.11015873015873015,70.80142857142857,0.003412698412698413,0.026587301587301587,0.3157142857142858,0.0064285714285714285,0.11253968253968252,0.06142857142857144,0.08515873015873014,0.016190476190476193,0.3807142857142857
89,73,2012-12-19,9,1,2012-2013,Uberlândia,Palmeiras,1,0.38919789600017,0.29632809190680437,0.19755206127120292,0.06510123146217625,0.14675695230435437,0.033700815216608865,0.11305613708774552,0.08655021110036111,0.07012551315848499,1.2814285714285714,0.04218153442226363,0.1180875297742534,35.94714285714286,0.09877603063560146,0.17328010658539492,57.64857142857143,0.06510123146217625,0.07728900970120156,83.10428571428572,0.017174018639119024,0.025763716280340652,0.37999999999999995,0.0057241718274967015,0.10515968096800474,0.052857142857142866,0.07012551315848499,0.014320749268671471,0.44777811232112613,0.3763825692917014,0.26755542123496595,0.1783702808233106,0.06512344435303181,0.13420982182000668,0.04077776285326782,0.09343205896673885,0.058098748020170475,0.05831478496579489,1.1316666666666666,0.04429628137178634,0.12011106633758123,36.90833333333333,0.0891851404116553,0.18954926580738798,47.553333333333335,0.06512344435303181,0.10127774792875786,61.85833333333333,0.005753081444916431,0.04181479242804986,0.7333333333333334,0.00814814814814815,0.1201234070417569,0.065,0.05831478496579489,0.015555555555555553,0.39971593993630966
97,89,2012-12-20,9,1,2012-2013,Brasília,Limeira,1,0.4075,0.2475,0.165,0.09625000000000002,0.15625,0.0475,0.10875000000000001,0.07625,0.065,1.5099999999999998,0.04875,0.13125,37.045,0.0825,0.17125,48.769999999999996,0.09625000000000002,0.12625,76.645,0.00625,0.03875,0.8200000000000001,0.0125,0.12125,0.11499999999999999,0.065,0.0225,0.4774999999999999,0.4052777777777777,0.26541666666666663,0.17694444444444443,0.06083333333333333,0.14611111111111114,0.04041666666666666,0.10569444444444444,0.08652777777777776,0.0661111111111111,1.3875000000000002,0.05583333333333333,0.1334027777777778,42.667500000000004,0.08847222222222222,0.179375,49.35625,0.06083333333333333,0.07756944444444444,78.44874999999999,0.005486111111111112,0.030069444444444444,0.4925,0.0061805555555555555,0.10423611111111111,0.057499999999999996,0.0661111111111111,0.012083333333333333,0.45166666666666666
59,87,2012-12-20,9,1,2012-2013,L. Sorocabana,Flamengo,0,0.33555583184138976,0.28728516013526956,0.19152344009017971,0.07661295670048406,0.13821696173993767,0.04164428751409058,0.09657267422584709,0.03913086002254492,0.05661295670048405,0.765,0.022473145016908693,0.09243733837278695,26.40833333333333,0.09576172004508986,0.19482991844042175,49.23333333333334,0.07661295670048406,0.10823934089251376,69.75166666666667,0.007495524169484783,0.03495971752536304,0.7133333333333333,0.0066621908361514486,0.10075276838405943,0.06166666666666667,0.05661295670048405,0.009991048338969563,0.3388712618526623,0.422,0.36,0.24,0.101,0.183,0.045000000000000005,0.138,0.05299999999999999,0.068,1.1179999999999999,0.027000000000000003,0.091,29.715999999999998,0.12,0.20600000000000002,59.214,0.101,0.137,74.524,0.005,0.03,0.5519999999999999,0.004,0.10699999999999998,0.04,0.068,0.013999999999999999,0.488
81,68,2012-12-20,9,1,2012-2013,Bauru Basket,Tijuca,1,0.3870132610006028,0.29578661844484627,0.19719107896323085,0.07138487040385774,0.16098352421137233,0.04993051369633648,0.11105301051503584,0.06382710468153506,0.06347984060009376,1.0416666666666665,0.039479103877838054,0.11255776572232268,37.464999999999996,0.09859553948161542,0.18793952180028128,53.04833333333334,0.07138487040385774,0.09650056928537942,74.47166666666666,0.008248442837050432,0.021396590985198582,0.37500000000000006,0.006207554751858549,0.08546279552608665,0.08,0.06347984060009376,0.012237626414841605,0.4257631772821646,0.33125,0.271875,0.18125,0.07125000000000001,0.130625,0.036875,0.09375,0.051875000000000004,0.060625,0.9974999999999999,0.026250000000000002,0.09375,25.767500000000002,0.090625,0.19125000000000003,47.526250000000005,0.07125000000000001,0.098125,72.57625,0.004999999999999999,0.035625,0.70125,0.008125,0.090625,0.09875000000000002,0.060625,0.019375000000000003,0.34812499999999996
108,66,2012-12-20,9,1,2012-2013,Sesi Franca,Suzano,1,0.37346466093600766,0.3521866045845272,0.23479106972301814,0.0678444364851958,0.1573113658070678,0.044234718242597906,0.11307664756446992,0.0745791547277937,0.07778832378223496,1.2512500000000002,0.0236097182425979,0.07878581661891118,31.3425,0.11739553486150907,0.2262374641833811,51.86125,0.0678444364851958,0.10071692932187201,67.66624999999999,0.014318887297039161,0.04969138013371538,0.81375,0.01676277459407832,0.09188276026743075,0.18,0.07778832378223496,0.01931888729703916,0.4493218720152818,0.40925954279238436,0.3107439408703902,0.20716262724692683,0.07258735606449183,0.1348348349925774,0.04303651215293131,0.09179832283964608,0.06032372312267676,0.08122641394184171,0.7514285714285714,0.0431698531603219,0.12575523221440676,34.958571428571425,0.10358131362346341,0.202548048644304,51.285714285714285,0.07258735606449183,0.10587953741270659,67.87571428571428,0.002142857142857143,0.04414333746923294,0.5757142857142856,0.01443557452235146,0.1063361769213019,0.15,0.08122641394184171,0.015022025638995459,0.41524051052145117
93,77,2012-12-20,9,1,2012-2013,Coop/São José Basketball,Pinheiros,1,0.4018563940209364,0.2965983834781259,0.1977322556520839,0.07525904674632009,0.16179946886041857,0.046299690979561374,0.11549977788085719,0.0792373757094573,0.08086834811503964,0.9842857142857143,0.042955030540844166,0.12218807448232816,35.10142857142856,0.09886612782604196,0.18943160865844758,51.66428571428571,0.07525904674632009,0.09377142038138142,77.80142857142857,0.0020637178933462057,0.035691773055085564,0.4471428571428572,0.010837245844392867,0.10439367376363538,0.11,0.08086834811503964,0.007806329201734678,0.4465617138030962,0.4424074074074074,0.28583333333333333,0.19055555555555556,0.10185185185185186,0.15731481481481482,0.028148148148148144,0.12916666666666665,0.06824074074074074,0.07990740740740741,0.9750000000000001,0.049999999999999996,0.1252777777777778,40.70333333333334,0.09527777777777778,0.16333333333333333,59.298333333333325,0.10185185185185186,0.1336111111111111,75.24333333333334,0.00962962962962963,0.035648148148148144,0.5333333333333333,0.011944444444444445,0.10527777777777776,0.12666666666666668,0.07990740740740741,0.00814814814814815,0.500462962962963
77,73,2012-12-20,9,1,2012-2013,Mogi,Paulistano,1,0.3511805555555556,0.2783333333333333,0.18555555555555553,0.07875,0.17152777777777778,0.050416666666666665,0.12111111111111111,0.059305555555555556,0.08201388888888889,0.78875,0.028958333333333332,0.09125,31.47625,0.09277777777777776,0.19791666666666666,47.23625,0.07875,0.10763888888888888,72.3675,0.0029861111111111113,0.02451388888888889,0.29750000000000004,0.0062499999999999995,0.11347222222222221,0.058750000000000004,0.08201388888888889,0.01604166666666667,0.379375,0.43031746031746027,0.35619047619047617,0.23746031746031745,0.08285714285714287,0.1846825396825397,0.06412698412698413,0.12055555555555555,0.08515873015873018,0.08357142857142856,1.0385714285714285,0.03666666666666667,0.09158730158730158,41.65571428571428,0.11873015873015873,0.22333333333333336,53.58428571428571,0.08285714285714287,0.125,65.04714285714286,0.018333333333333337,0.04103174603174604,0.5042857142857142,0.009920634920634922,0.11730158730158731,0.08857142857142856,0.08357142857142856,0.012936507936507937,0.520952380952381
82,84,2012-12-20,9,1,2012-2013,Espírito Santo,Minas,0,0.38750000000000007,0.27187500000000003,0.18125,0.07125000000000001,0.141875,0.042499999999999996,0.09937499999999999,0.06125,0.06625,0.995,0.045,0.11125,40.2125,0.090625,0.188125,48.2825,0.07125000000000001,0.09687499999999999,72.5025,0.0062499999999999995,0.035625000000000004,0.5762499999999999,0.008125,0.09624999999999999,0.09,0.06625,0.02,0.424375,0.3953289952230704,0.311012587435936,0.20734172495729064,0.07770667633341044,0.1344052170207827,0.03921815439920313,0.09518706262157957,0.07208238037205834,0.06208356089134374,1.292857142857143,0.03676019797745646,0.10701836204340336,34.32142857142858,0.10367086247864532,0.18694253852189444,55.3,0.07770667633341044,0.10151738066221963,76.46714285714286,0.004208710244919991,0.037783680374204744,0.6699999999999999,0.012542043578253326,0.10495014790276971,0.12571428571428572,0.06208356089134374,0.01468608124039586,0.4512149968082256
78,62,2012-12-20,9,1,2012-2013,Fortaleza B. C. / CFO,Joinville,1,0.3633193406436322,0.3086363201458209,0.2057575467638806,0.05998218255325696,0.14966159241713087,0.047312351547656624,0.10234924086947422,0.05510218952160038,0.060694361551467596,0.9466666666666667,0.03252653710883156,0.09852426084770678,33.98833333333334,0.1028787733819403,0.21312948506375565,48.846666666666664,0.05998218255325696,0.08856861540328137,66.77666666666667,0.005988248792808455,0.034924106368995025,0.7183333333333334,0.012573430363846791,0.11065865122569908,0.11666666666666665,0.060694361551467596,0.014190151010315509,0.39282801335336265,0.3613141670202887,0.32293526641574877,0.21529017761049918,0.07694140790760318,0.16297117442482612,0.05521637054666888,0.10775480387815722,0.05744751019353886,0.0826492938322171,0.71375,0.023027527167395437,0.10042587237012847,23.624999999999996,0.10764508880524959,0.21505501512887218,49.941250000000004,0.07694140790760318,0.10913706619804062,72.25,0.007916666666666667,0.04647350448638709,0.5774999999999999,0.013369398934829002,0.11168300630984668,0.125,0.0826492938322171,0.01880600296427495,0.392924192665572
94,83,2012-12-22,10,1,2012-2013,Brasília,Joinville,1,0.42299999999999993,0.258,0.17200000000000001,0.09200000000000001,0.152,0.045,0.10700000000000001,0.081,0.061,1.652,0.053000000000000005,0.139,37.872,0.08600000000000001,0.166,52.80999999999999,0.09200000000000001,0.119,77.982,0.007000000000000001,0.037,0.79,0.012,0.11499999999999999,0.11399999999999999,0.061,0.019,0.4969999999999999,0.35561259290692326,0.3220535701473322,0.21470238009822148,0.0778368070289806,0.16152993282206765,0.05463677381926122,0.10689315900280642,0.05606445350536788,0.0829104834064152,0.6933333333333334,0.02102446859324039,0.0987118865512253,21.65333333333333,0.10735119004911074,0.21616001344788638,49.57777777777778,0.0778368070289806,0.11034405884270276,72.09222222222223,0.008148148148148147,0.04630978176567741,0.5722222222222222,0.013550576830959112,0.11205156116430816,0.12555555555555553,0.0829104834064152,0.017272002634911066,0.3809326157027307
68,76,2012-12-22,10,1,2012-2013,Coop/São José Basketball,Paulistano,0,0.40974934476831937,0.3045235855433601,0.2030157236955734,0.07897666590303007,0.16657453525286625,0.0467622296071162,0.11981230564575004,0.08245770374577513,0.08263480460065968,1.0,0.042585651723238645,0.12066456517203714,35.25874999999999,0.1015078618477867,0.19200265757614163,52.348749999999995,0.07897666590303007,0.09767499283370874,78.57625,0.0030557531566779298,0.03623030142319987,0.44375000000000003,0.011982590113843759,0.10571946454318096,0.11750000000000001,0.08263480460065968,0.008705538051517844,0.4644914995777092,0.4221527777777777,0.3491666666666666,0.23277777777777778,0.08000000000000002,0.17972222222222223,0.06173611111111111,0.11798611111111111,0.0838888888888889,0.08,1.0787499999999999,0.03645833333333333,0.09451388888888888,40.2525,0.11638888888888889,0.2235416666666667,52.44125,0.08000000000000002,0.12,65.74000000000001,0.018541666666666668,0.04027777777777779,0.52125,0.011180555555555556,0.11513888888888889,0.10250000000000001,0.08,0.012569444444444444,0.5045833333333333
72,67,2012-12-22,10,1,2012-2013,L. Sorocabana,Tijuca,1,0.32976214157833406,0.28910156583023106,0.19273437722015402,0.0706682486004149,0.13561453863423228,0.04140938929779192,0.09420514933644035,0.0406835943050385,0.05709682002898633,0.7742857142857142,0.022119838585921734,0.09566057574810309,25.119999999999997,0.09636718861007701,0.19771135866321865,48.84428571428572,0.0706682486004149,0.09920514933644038,70.89857142857143,0.006424735002415528,0.034965472164596896,0.6942857142857142,0.006424735002415527,0.09850237290062236,0.06142857142857143,0.05709682002898633,0.011420898576259626,0.32688965301656764,0.3322222222222222,0.2733333333333333,0.1822222222222222,0.06833333333333334,0.13444444444444445,0.03777777777777777,0.09666666666666666,0.052222222222222225,0.05888888888888889,1.0222222222222221,0.027222222222222224,0.09277777777777778,27.480000000000004,0.0911111111111111,0.19333333333333336,47.272222222222226,0.06833333333333334,0.09444444444444446,72.20444444444445,0.004999999999999999,0.033888888888888885,0.6722222222222223,0.007777777777777778,0.09222222222222222,0.09333333333333335,0.05888888888888889,0.020000000000000004,0.35388888888888886
97,102,2012-12-22,10,1,2012-2013,Bauru Basket,Flamengo,0,0.3922868527438045,0.2916625134524674,0.1944416756349783,0.07614041460376571,0.16415429784626534,0.05027427458280366,0.1138800232634617,0.0636809765673055,0.06039264507454971,1.107142857142857,0.04056825416835348,0.11367447515823308,37.70285714285715,0.09722083781748915,0.1865117694953072,52.612857142857145,0.07614041460376571,0.10140650220947048,75.26142857142857,0.007817763001780467,0.020582942554524787,0.3757142857142858,0.005320761215878757,0.08671186928277315,0.06857142857142857,0.06039264507454971,0.012732401494218807,0.43596843467975027,0.42416666666666664,0.35999999999999993,0.24,0.09666666666666666,0.17583333333333337,0.04166666666666668,0.13416666666666668,0.05416666666666666,0.07,1.0566666666666666,0.02916666666666667,0.085,36.885,0.12,0.20666666666666667,58.86833333333333,0.09666666666666666,0.12833333333333333,76.81,0.0075,0.030833333333333334,0.5333333333333333,0.004166666666666667,0.10249999999999998,0.043333333333333335,0.07,0.014166666666666666,0.4908333333333333
65,84,2012-12-22,10,1,2012-2013,Fortaleza B. C. / CFO,Limeira,0,0.3671308634088276,0.3009739886964179,0.20064932579761194,0.0656990136170774,0.15399565064325502,0.046982015612277106,0.10701363503097791,0.05794473387565747,0.05988088132982937,1.0057142857142858,0.03359417466471277,0.10087793786946296,34.10142857142857,0.10032466289880597,0.2069681300546477,49.01142857142857,0.0656990136170774,0.09377309891709831,68.66571428571429,0.005847070393835818,0.03564923403056717,0.7200000000000001,0.012920083169011536,0.11127884390774208,0.11857142857142856,0.05988088132982937,0.013591558008841863,0.4074240114457394,0.40969135802469125,0.27925925925925926,0.18617283950617283,0.06129629629629629,0.1470987654320988,0.04148148148148148,0.10561728395061727,0.08691358024691356,0.06432098765432098,1.4333333333333336,0.05407407407407407,0.1352469135802469,40.89000000000001,0.09308641975308642,0.18055555555555555,51.47444444444445,0.06129629629629629,0.0767283950617284,80.05,0.0054320987654320994,0.030617283950617285,0.5155555555555555,0.005493827160493827,0.10320987654320987,0.05111111111111111,0.06432098765432098,0.011851851851851851,0.45870370370370367
109,73,2012-12-22,10,1,2012-2013,Uberlândia,Suzano,1,0.39617315900014877,0.30053708041845384,0.20035805361230255,0.06633857752940422,0.15153733326631008,0.03448821331453276,0.11704911995177733,0.08823143471281597,0.07010982401367435,1.2999999999999998,0.04315884261948067,0.11832658855247172,36.6625,0.10017902680615128,0.17474509326222057,57.875,0.06633857752940422,0.07762788348855136,84.435,0.018777266309229147,0.02504325174529807,0.36874999999999997,0.008133650349059614,0.10263972084700414,0.0825,0.07010982401367435,0.014405655610087538,0.4636808482809853,0.3993520999433363,0.30377594826159143,0.20251729884106096,0.07226393655643035,0.13610548061850522,0.0457819481338149,0.09032353248469031,0.059033257732342165,0.0866981121991115,0.7075,0.04152362151528166,0.12003582818760591,35.27625,0.10125864942053048,0.201604542563766,50.323750000000004,0.07226393655643035,0.10764459523611826,66.6825,0.0025,0.04237542028557882,0.53375,0.013256127707057528,0.10054415480613915,0.14125000000000001,0.0866981121991115,0.016894272434121026,0.4014604467062698
82,61,2012-12-22,10,1,2012-2013,Sesi Franca,Palmeiras,1,0.39196858749867347,0.3697214262973575,0.246480950864905,0.06586172132017404,0.15705454738406027,0.04431974954897591,0.11273479783508439,0.0846259153135944,0.07636739891754218,1.3944444444444446,0.026541971771198134,0.0839207258834766,32.30444444444444,0.1232404754324525,0.22609996816300543,54.49444444444444,0.06586172132017404,0.09730393717499736,68.08444444444444,0.019950122041812585,0.053059004563302564,0.86,0.016011355194736284,0.09167356468216066,0.17222222222222222,0.07636739891754218,0.01939456648625703,0.48550833068025046,0.37475648796431543,0.26576178962997077,0.1771745264199805,0.06439152373117013,0.13075127584572002,0.03852379673137241,0.09222747911434759,0.06051321258871755,0.054984101399252756,1.2757142857142856,0.04439681260438828,0.12152377114649819,36.58142857142857,0.08858726320999025,0.191042227834904,46.83142857142857,0.06439152373117013,0.09895235536750673,63.105714285714285,0.00707406980992837,0.04155553636689988,0.7914285714285715,0.006984126984126984,0.11724863460722021,0.055714285714285716,0.054984101399252756,0.013333333333333332,0.39332794851683683
76,95,2012-12-22,10,1,2012-2013,Mogi,Pinheiros,0,0.3549382716049383,0.28074074074074074,0.18716049382716046,0.07888888888888888,0.17135802469135802,0.04981481481481481,0.12154320987654321,0.06104938271604938,0.08012345679012345,0.8288888888888888,0.02962962962962963,0.09166666666666666,32.07222222222222,0.09358024691358023,0.1975925925925926,47.68555555555555,0.07888888888888888,0.10734567901234567,72.79222222222224,0.002654320987654321,0.02623456790123457,0.33333333333333337,0.0061111111111111106,0.11253086419753086,0.05777777777777778,0.08012345679012345,0.014814814814814817,0.38833333333333336,0.4342063492063492,0.2835714285714286,0.18904761904761905,0.10373015873015874,0.1576984126984127,0.034126984126984124,0.12357142857142855,0.07134920634920636,0.07563492063492064,1.092857142857143,0.04714285714285714,0.13023809523809524,37.56714285714286,0.09452380952380952,0.16428571428571428,58.38999999999999,0.10373015873015874,0.13452380952380952,76.22857142857143,0.008253968253968255,0.035555555555555556,0.5571428571428572,0.013095238095238096,0.10738095238095237,0.13285714285714287,0.07563492063492064,0.006984126984126984,0.49039682539682544
51,77,2013-01-05,11,1,2012-2013,Paulistano,Sesi Franca,0,0.4174691358024691,0.35537037037037034,0.2369135802469136,0.07666666666666669,0.18030864197530866,0.060987654320987655,0.11932098765432099,0.0823456790123457,0.07611111111111112,1.1322222222222222,0.03462962962962963,0.09401234567901234,38.24888888888889,0.1184567901234568,0.22481481481481483,52.99777777777777,0.07666666666666669,0.11333333333333334,67.69444444444446,0.019814814814814816,0.0380246913580247,0.5122222222222222,0.011049382716049383,0.110679012345679,0.10555555555555557,0.07611111111111112,0.011728395061728396,0.499074074074074,0.39377172874880617,0.3702492836676218,0.24683285577841452,0.06477554918815664,0.15884909264565425,0.04538777459407832,0.11346131805157596,0.08666332378223496,0.07573065902578797,1.405,0.027387774594078318,0.08302865329512894,33.741,0.12341642788920726,0.2254899713467049,54.727,0.06477554918815664,0.10007354345749761,65.676,0.020455109837631328,0.0527531041069723,0.845,0.017910219675262656,0.09200620821394459,0.192,0.07573065902578797,0.01845510983763133,0.4949574976122254
70,94,2013-01-05,11,1,2012-2013,Tijuca,Flamengo,0,0.33249999999999996,0.27599999999999997,0.184,0.069,0.1355,0.0375,0.098,0.0485,0.061,0.9389999999999998,0.026500000000000003,0.0895,28.065000000000005,0.092,0.19650000000000004,46.989000000000004,0.069,0.0965,71.506,0.004499999999999999,0.0325,0.6300000000000001,0.0075000000000000015,0.0915,0.09000000000000001,0.061,0.0195,0.3475,0.4218571428571428,0.3428571428571428,0.22857142857142856,0.10114285714285713,0.17242857142857143,0.037428571428571436,0.135,0.05671428571428571,0.06685714285714286,1.1199999999999999,0.03071428571428572,0.086,37.82714285714286,0.11428571428571428,0.19942857142857143,57.784285714285716,0.10114285714285713,0.13285714285714287,77.26571428571428,0.0064285714285714285,0.029285714285714283,0.5171428571428571,0.0035714285714285718,0.10042857142857141,0.037142857142857144,0.06685714285714286,0.012714285714285714,0.48928571428571427
97,77,2013-01-05,11,1,2012-2013,Minas,Coop/São José Basketball,1,0.3984128708201866,0.307761014006444,0.2051740093376293,0.07424334179173414,0.13135456489318487,0.03681588509930274,0.09453867979388211,0.07119708282555104,0.06744811577992577,1.20875,0.0396651732302744,0.10676606678797794,37.173750000000005,0.10258700466881465,0.18357472120665763,55.809999999999995,0.07424334179173414,0.09882770807944218,74.72125,0.004932621464304992,0.03993572032742915,0.6512499999999999,0.010974288130971661,0.1049563794149235,0.11000000000000001,0.06744811577992577,0.016600321085346377,0.45293812220719737,0.40199941757183943,0.2990209649274312,0.1993473099516208,0.07575703635824896,0.16195514244699222,0.04489975965076995,0.11705538279622225,0.0799624033295779,0.07845315964503083,1.0366666666666666,0.04229835708732324,0.12336850237514413,34.40666666666666,0.0996736549758104,0.18789125117879257,52.62555555555556,0.07575703635824896,0.0934888825188522,79.10444444444445,0.00271622502815816,0.034982490153955444,0.4566666666666667,0.01231785787897223,0.10286174626060529,0.12555555555555556,0.07845315964503083,0.00884936715690475,0.4523257774024082
87,92,2013-01-05,11,1,2012-2013,Pinheiros,Uberlândia,0,0.43930555555555556,0.278125,0.18541666666666665,0.10201388888888889,0.1554861111111111,0.03111111111111111,0.12437499999999999,0.07555555555555556,0.07493055555555556,1.14375,0.050624999999999996,0.13270833333333334,39.12125,0.09270833333333332,0.15999999999999998,58.78375,0.10201388888888889,0.13395833333333332,75.35375,0.007847222222222222,0.03611111111111111,0.5587500000000001,0.013333333333333334,0.10958333333333332,0.13125,0.07493055555555556,0.006736111111111111,0.5022222222222222,0.4127094746667989,0.30881073814973675,0.20587382543315783,0.06841206891502598,0.15192207401449787,0.03510063405736245,0.1168214399571354,0.08898349752250308,0.0678753991232661,1.3666666666666665,0.046141193439538375,0.11740141204664153,39.66,0.10293691271657891,0.1769956384553072,58.56666666666667,0.06841206891502598,0.08122478532315676,83.63888888888889,0.018913125608203685,0.027260668218042725,0.42777777777777776,0.008341022532497433,0.10012419630844811,0.08777777777777779,0.0678753991232661,0.013360582764522256,0.4893829762497648
71,85,2013-01-05,11,1,2012-2013,Suzano,Fortaleza B. C. / CFO,0,0.3955351999496323,0.29502306512141463,0.1966820434142764,0.0697901658279381,0.1337604272164491,0.04625062056339102,0.08750980665305806,0.0580295624287486,0.08484276639921023,0.7077777777777778,0.04302099690247259,0.11947629172231637,36.67111111111111,0.0983410217071382,0.20087070450112535,49.00555555555556,0.0697901658279381,0.10290630687654957,67.82,0.0022222222222222222,0.04100037358718118,0.5222222222222221,0.01178322462849558,0.10103924871656814,0.12555555555555556,0.08484276639921023,0.015572686608107579,0.39185373040557314,0.3618645054827242,0.29897724010936566,0.19931816007291045,0.06311163691494273,0.15287119431284815,0.047359263660742466,0.10551193065210566,0.05445164214120028,0.0561457711636007,1.005,0.03314490283162368,0.10701819563578009,32.338750000000005,0.09965908003645522,0.20734711379781673,48.54,0.06311163691494273,0.09267646155246102,66.7,0.006366186594606341,0.03244307977674627,0.6712500000000001,0.012555072772885093,0.10674398841927431,0.12,0.0561457711636007,0.014392613257736631,0.390871010015022
78,88,2013-01-05,11,1,2012-2013,Palmeiras,Brasília,0,0.36603692696877604,0.2569165659262244,0.17127771061748293,0.06696758326477387,0.13065736636500502,0.03870832213995086,0.09194904422505414,0.05794906101512785,0.06123608872434616,1.16375,0.042597211028839746,0.12070829975318592,35.269999999999996,0.08563885530874146,0.18591194935554098,46.39375,0.06696758326477387,0.10033331094656839,64.87625,0.007439811083687324,0.04073609432103739,0.73375,0.00798611111111111,0.11884255528131768,0.06375,0.06123608872434616,0.017291666666666664,0.3810369549522322,0.43083333333333335,0.27,0.18000000000000002,0.09083333333333334,0.14833333333333334,0.04416666666666667,0.10416666666666667,0.08333333333333333,0.056666666666666664,1.8283333333333331,0.05333333333333334,0.1391666666666667,38.108333333333334,0.09000000000000001,0.1691666666666667,53.91833333333332,0.09083333333333334,0.11666666666666665,78.47666666666666,0.006666666666666667,0.03666666666666667,0.8250000000000001,0.015,0.10999999999999999,0.15333333333333332,0.056666666666666664,0.017499999999999998,0.5099999999999999
71,83,2013-01-05,11,1,2012-2013,Joinville,Bauru Basket,0,0.36155133361623093,0.32884821313259904,0.2192321420883993,0.07505312632608255,0.16087693953986087,0.0546730964373351,0.10620384310252577,0.05745800815483108,0.08211943506577367,0.717,0.02242202173391635,0.09884069789610277,22.987999999999996,0.10961607104419965,0.22054401210309776,49.620000000000005,0.07505312632608255,0.10630965295843249,72.026,0.008833333333333334,0.044678803589109674,0.5549999999999999,0.014195519147863201,0.11034640504787734,0.13399999999999998,0.08211943506577367,0.01804480237141996,0.38733935413245757,0.3917509961508289,0.289704699270909,0.193136466180606,0.074122862778295,0.16313501061548216,0.0489899902599532,0.11414502035552898,0.06622085449639231,0.05834356444023099,1.2074999999999998,0.0414972223973093,0.11346516576345395,38.347500000000004,0.096568233090303,0.1901977983083938,51.36,0.074122862778295,0.09823068943328667,75.7225,0.006840542626557908,0.02301007473520919,0.44250000000000006,0.004655666063893912,0.0903728856224265,0.06,0.05834356444023099,0.012640851307441456,0.4374723803447815
92,85,2013-01-05,11,1,2012-2013,Espírito Santo,Mogi,1,0.39000000000000007,0.2666666666666667,0.17777777777777776,0.0788888888888889,0.14055555555555557,0.04222222222222222,0.09833333333333333,0.05888888888888889,0.06722222222222222,0.9433333333333334,0.04444444444444444,0.11444444444444445,38.91888888888889,0.08888888888888888,0.1827777777777778,48.87,0.0788888888888889,0.105,73.59666666666666,0.007222222222222223,0.03777777777777778,0.5933333333333333,0.007222222222222223,0.09611111111111109,0.08,0.06722222222222222,0.018333333333333333,0.42166666666666663,0.35744444444444445,0.29016666666666663,0.19344444444444442,0.078,0.17022222222222222,0.048833333333333326,0.12138888888888891,0.06194444444444445,0.0776111111111111,0.8729999999999999,0.028666666666666667,0.093,30.77,0.09672222222222221,0.20183333333333336,48.12499999999999,0.078,0.10611111111111111,72.88100000000001,0.002888888888888889,0.029111111111111115,0.4,0.005999999999999999,0.11227777777777778,0.05700000000000001,0.0776111111111111,0.013833333333333336,0.3915
85,66,2013-01-05,11,1,2012-2013,Limeira,L. Sorocabana,1,0.41076005627286777,0.2858644113035065,0.19057627420233764,0.0576689186934908,0.1549091571303062,0.04233783738698162,0.11257131974332454,0.08723032951878912,0.06439474415863165,1.4280000000000002,0.05417162112567977,0.13173123032951878,42.301,0.09528813710116882,0.1850202682414173,51.438,0.0576689186934908,0.07406005960920384,77.04499999999999,0.006390240104983375,0.028056005960920383,0.472,0.005444894849809273,0.10139654578009097,0.052000000000000005,0.06439474415863165,0.012668468288125978,0.4673824275180996,0.3335418738810423,0.29796387010145214,0.19864258006763477,0.06933471752536305,0.13428772130495326,0.039358215635567934,0.09492950566938531,0.041848145016908686,0.05620971752536304,0.8025,0.021854858762681516,0.09620300377959021,24.479999999999997,0.09932129003381739,0.19987243883031633,49.715,0.06933471752536305,0.09555450566938534,72.75,0.007496643127113587,0.038094788144022285,0.7575,0.007496643127113586,0.09993957628804456,0.07125000000000001,0.05620971752536304,0.011868286254227173,0.3360284463894967
97,82,2013-01-07,12,1,2012-2013,Pinheiros,Sesi Franca,1,0.4388271604938272,0.2788888888888889,0.1859259259259259,0.0995679012345679,0.1504320987654321,0.03265432098765432,0.11777777777777776,0.07438271604938272,0.07327160493827162,1.1366666666666667,0.05111111111111111,0.1340740740740741,38.988888888888894,0.09296296296296296,0.16277777777777777,57.95777777777778,0.0995679012345679,0.1307407407407407,75.44666666666666,0.006975308641975309,0.035987654320987654,0.5611111111111112,0.012407407407407409,0.10685185185185184,0.12333333333333335,0.07327160493827162,0.008209876543209878,0.4941975308641975,0.3929742988625511,0.373408439697838,0.24893895979855865,0.06252322653468786,0.16077190240514022,0.04398888599461666,0.11678301641052359,0.08560302162021359,0.0743005991143527,1.3909090909090909,0.027170704176434836,0.08138968481375358,34.17,0.12446947989927933,0.22635451940609536,54.974545454545456,0.06252322653468786,0.09688503950681601,65.3,0.019050099852392116,0.05250282191542937,0.8436363636363636,0.018100199704784232,0.09273291655813144,0.19272727272727275,0.0743005991143527,0.018141008943301208,0.49768863419293224
76,88,2013-01-07,12,1,2012-2013,Paulistano,Uberlândia,0,0.40122222222222215,0.3423333333333333,0.22822222222222224,0.07200000000000002,0.17727777777777778,0.059888888888888894,0.1173888888888889,0.07611111111111113,0.077,1.043,0.033666666666666664,0.0956111111111111,36.697,0.11411111111111112,0.22233333333333336,51.448,0.07200000000000002,0.10800000000000001,65.92500000000001,0.017833333333333333,0.03722222222222223,0.496,0.010944444444444444,0.11111111111111112,0.10400000000000001,0.077,0.011055555555555556,0.4666666666666666,0.41743852720011904,0.31542966433476305,0.21028644288984202,0.06607086202352339,0.15372986661304805,0.0365905706516262,0.11713929596142188,0.09108514777025277,0.06958785921093949,1.359,0.047027074095584535,0.11966127084197739,39.623000000000005,0.10514322144492101,0.17679607460977648,59.852999999999994,0.06607086202352339,0.07960230679084108,82.19800000000001,0.018021813047383317,0.027534601396238458,0.41999999999999993,0.00850692027924769,0.10011177667760332,0.089,0.06958785921093949,0.01552452448807003,0.49994467862478825
86,93,2013-01-07,12,1,2012-2013,Espírito Santo,Coop/São José Basketball,0,0.3970000000000001,0.2595,0.173,0.08600000000000001,0.14500000000000002,0.042499999999999996,0.1025,0.06000000000000001,0.0715,0.913,0.046,0.11750000000000001,39.165,0.0865,0.18,48.177,0.08600000000000001,0.1135,74.132,0.007000000000000001,0.0395,0.584,0.0095,0.10149999999999999,0.092,0.0715,0.0205,0.43499999999999994,0.3999466147792331,0.30181641611861176,0.20121094407907453,0.07709884572713052,0.16111756726595414,0.04635479235549726,0.11476277491045686,0.08137909339047693,0.07754368712863277,1.069,0.04054560832434271,0.11994916514233618,33.74399999999999,0.10060547203953726,0.1874325694594766,53.309000000000005,0.07709884572713052,0.0975162637740267,77.861,0.002444602525342344,0.034952162862612414,0.461,0.012076906869375726,0.10050224986095051,0.12600000000000003,0.07754368712863277,0.007964430441214275,0.4536624342423011
84,86,2013-01-07,12,1,2012-2013,Minas,Mogi,0,0.40803366295127697,0.3085653457835058,0.20571023052233717,0.07654963714820812,0.1284262799050532,0.03661412008826911,0.0918121598167841,0.07495296251160093,0.06606499180437847,1.2866666666666666,0.04192459842691058,0.1087920593670915,38.37666666666667,0.10285511526116858,0.18206641885036234,56.47111111111111,0.07654963714820812,0.10006907384839304,76.01444444444445,0.004384552412715548,0.03883175140215925,0.6399999999999999,0.010866033894197031,0.10496122614659867,0.1088888888888889,0.06606499180437847,0.015866952075863448,0.46483388640639767,0.36358585858585857,0.29378787878787876,0.19585858585858584,0.08272727272727273,0.16838383838383836,0.04893939393939394,0.11944444444444446,0.059494949494949496,0.07691919191919191,0.839090909090909,0.028333333333333335,0.09499999999999999,29.94909090909091,0.09792929292929292,0.20712121212121212,47.596363636363634,0.08272727272727273,0.111010101010101,73.6418181818182,0.0026262626262626263,0.029191919191919193,0.4027272727272727,0.005454545454545454,0.11343434343434344,0.051818181818181826,0.07691919191919191,0.014393939393939396,0.3877272727272727
81,92,2013-01-07,12,1,2012-2013,Suzano,Brasília,0,0.3914816799546691,0.30152075860927313,0.20101383907284873,0.06981114924514428,0.13738438449480417,0.04862555850705192,0.08875882598775225,0.05772660618587374,0.0873584897592892,0.687,0.04021889721222533,0.11452866255008473,35.147,0.10050691953642436,0.2037836340510128,49.322,0.06981114924514428,0.10511567618889461,66.638,0.002,0.03890033622846306,0.4879999999999999,0.012104902165646022,0.10093532384491133,0.128,0.0873584897592892,0.015515417947296823,0.3881683573650158,0.4321428571428571,0.2785714285714286,0.18571428571428572,0.09214285714285715,0.15857142857142859,0.04642857142857143,0.11214285714285714,0.08,0.05928571428571428,1.6814285714285713,0.05142857142857143,0.13571428571428573,37.63285714285714,0.09285714285714286,0.17285714285714288,54.27428571428571,0.09214285714285715,0.11785714285714285,78.6942857142857,0.0064285714285714285,0.034999999999999996,0.7542857142857143,0.017142857142857144,0.11214285714285713,0.1657142857142857,0.05928571428571428,0.016428571428571428,0.5157142857142857
81,86,2013-01-07,12,1,2012-2013,Palmeiras,Fortaleza B. C. / CFO,0,0.36869949063891205,0.25503694748997724,0.17002463165998483,0.07174896290202121,0.13336210343556001,0.04274073079106743,0.09062137264449256,0.05651027645789143,0.05887652331052992,1.1600000000000001,0.042308632025635326,0.12285182200283194,34.52555555555555,0.08501231582999241,0.18858839942714753,45.47222222222222,0.07174896290202121,0.10696294306361635,65.30666666666667,0.008279832074388732,0.041209861618699904,0.7777777777777778,0.007654320987654321,0.1173044935833935,0.06222222222222223,0.05887652331052992,0.015370370370370368,0.37981062662420645,0.36887956042908815,0.30742421343054727,0.20494947562036483,0.06554367725772686,0.15144106161142057,0.04543045658732663,0.10601060502409393,0.060068126347733584,0.05712957436764506,1.0733333333333333,0.03279546918366549,0.10346061834291563,33.190000000000005,0.10247473781018242,0.20930854559805934,49.32,0.06554367725772686,0.09404574360218758,68.28333333333335,0.006769943639650081,0.034949404245996685,0.6911111111111112,0.013382286909231194,0.10543910081713272,0.13,0.05712957436764506,0.013348989562432561,0.4074408977911307
86,93,2013-01-07,12,1,2012-2013,Joinville,L. Sorocabana,0,0.3609557578329372,0.3262256483023627,0.21748376553490847,0.07277556938734776,0.16034267230896446,0.053339178579395546,0.10700349372956888,0.05814364377711916,0.08192675915070334,0.7254545454545455,0.02356547430356032,0.10121881626918433,23.44363636363636,0.10874188276745424,0.21731273827554343,50.02272727272727,0.07277556938734776,0.10255422996221135,72.47090909090909,0.008484848484848486,0.04425345780828152,0.5499999999999999,0.014723199225330181,0.10986036822534304,0.13909090909090907,0.08192675915070334,0.017313456701290874,0.3875812310295069,0.3331483323387043,0.2981901067568463,0.19879340450456423,0.06940863780032272,0.13270019671551403,0.03831841389828261,0.09438178281723138,0.04275390668169661,0.05774197113365603,0.7922222222222222,0.02164876334460579,0.09551378113741352,24.228888888888886,0.09939670225228212,0.19710883451583674,50.54,0.06940863780032272,0.09604844948389807,72.44444444444444,0.008330349446323188,0.03830647835024203,0.7366666666666667,0.007219238335212077,0.09772406781159516,0.07,0.05774197113365603,0.011660698892646376,0.33646973012399706
82,84,2013-01-07,12,1,2012-2013,Limeira,Bauru Basket,0,0.41205459661169797,0.2816949193668241,0.18779661291121605,0.05742628972135528,0.15446287011846016,0.043034397624528736,0.11142847249393141,0.0879366631988992,0.06490431287148332,1.4218181818181819,0.055610564659708886,0.1293011184813807,44.51636363636364,0.09389830645560802,0.18547297112856118,50.59,0.05742628972135528,0.0736909632810944,77.18363636363637,0.006718400095439431,0.02914182360083671,0.4809090909090909,0.005404449863462975,0.1008150416182645,0.051818181818181826,0.06490431287148332,0.012425880261932708,0.47125675228918146,0.39435267062591134,0.2975312946433691,0.1983541964289127,0.07200054566998682,0.16001490072583344,0.046881325209060715,0.11313357551677274,0.06386498257489108,0.05964183630292552,1.1444444444444444,0.041332642842337265,0.1103061488570082,39.31555555555556,0.09917709821445635,0.1896284906754439,52.86,0.07200054566998682,0.10009905931929514,72.62333333333333,0.007747815934824849,0.02545540056495052,0.4644444444444445,0.006361481301381313,0.08977967762053934,0.08,0.05964183630292552,0.014015201606792475,0.4449979026211761
77,82,2013-01-10,13,1,2012-2013,Tijuca,Limeira,0,0.33409090909090905,0.2768181818181818,0.18454545454545454,0.06909090909090909,0.13590909090909092,0.03772727272727273,0.09818181818181819,0.04772727272727273,0.05954545454545455,0.9345454545454545,0.02681818181818182,0.09272727272727273,27.69545454545455,0.09227272727272727,0.19590909090909092,47.26272727272728,0.06909090909090909,0.09681818181818183,71.36909090909091,0.00409090909090909,0.03090909090909091,0.6027272727272728,0.00681818181818182,0.09363636363636364,0.08181818181818183,0.05954545454545455,0.018181818181818184,0.3445454545454545,0.4118833802273898,0.2844703427529221,0.1896468951686147,0.05805743224457568,0.15075763094192182,0.041531531155818015,0.1092260997861038,0.08894194126565759,0.06574562013219304,1.4141666666666666,0.054726350938066486,0.12769269194126567,44.215833333333336,0.09482344758430734,0.1858502235345144,50.979166666666664,0.05805743224457568,0.07463338300766986,77.12416666666667,0.006158533420819478,0.030046671634100314,0.48500000000000004,0.0057874123748410606,0.10283045481674247,0.05416666666666667,0.06574562013219304,0.011807056906771649,0.469485356265083
96,99,2013-01-10,13,1,2012-2013,Brasília,Pinheiros,0,0.435625,0.27937500000000004,0.18625,0.09,0.16062500000000002,0.04875,0.111875,0.081875,0.0625,1.61125,0.053125,0.140625,37.57125,0.093125,0.17187500000000003,54.68749999999999,0.09,0.11374999999999999,79.88749999999999,0.0062499999999999995,0.03625,0.7262500000000001,0.016875,0.11124999999999999,0.16249999999999998,0.0625,0.015624999999999998,0.518125,0.4434444444444445,0.281,0.1873333333333333,0.09561111111111112,0.1478888888888889,0.033388888888888885,0.11449999999999998,0.08044444444444446,0.07144444444444445,1.268,0.05349999999999999,0.13516666666666668,40.262,0.09366666666666665,0.16749999999999998,56.924,0.09561111111111112,0.12616666666666665,74.961,0.008277777777777778,0.03788888888888889,0.6050000000000001,0.011666666666666669,0.10566666666666666,0.11600000000000002,0.07144444444444445,0.00788888888888889,0.5022777777777778
94,67,2013-01-10,13,1,2012-2013,Flamengo,Joinville,1,0.427875,0.34874999999999995,0.23249999999999998,0.101625,0.174625,0.04025000000000001,0.13437500000000002,0.058374999999999996,0.061625000000000006,1.33,0.03125,0.089,37.07625,0.11624999999999999,0.19949999999999998,58.68625,0.101625,0.13625,75.81125,0.006875,0.03,0.6275,0.004375,0.10099999999999998,0.045,0.061625000000000006,0.012374999999999999,0.505,0.36672378374915343,0.32530068181217986,0.2168671212081199,0.0737971064055223,0.1594857849506844,0.05306258103137936,0.10642320391930503,0.059134007729399383,0.08552036422214498,0.7116666666666668,0.025353185378503718,0.10070374951392584,25.4375,0.10843356060405995,0.21545984602028856,50.34166666666667,0.0737971064055223,0.10567937933277403,71.49083333333333,0.007777777777777778,0.043483503457778135,0.5275,0.0147467661566327,0.11070933914053804,0.1383333333333333,0.08552036422214498,0.017538002242956676,0.39321463451280897
93,73,2013-01-10,13,1,2012-2013,L. Sorocabana,Palmeiras,1,0.3463334991048338,0.3043710960811617,0.20291406405410778,0.07146777402029045,0.1324301770439626,0.039986572508454346,0.09244360453550823,0.042478516013526944,0.05746777402029043,0.7859999999999999,0.02398388701014521,0.09496240302367216,26.805999999999994,0.10145703202705389,0.19839795106425306,51.2,0.07146777402029045,0.10194360453550826,71.006,0.008997314501690869,0.041475830515217825,0.79,0.00799731450169087,0.09645166103043565,0.081,0.05746777402029043,0.011494629003381737,0.35682275711159733,0.37232954157502085,0.2655332527409795,0.17702216849398633,0.07057406661181909,0.13802589309200403,0.04446665771196069,0.0935592353800433,0.052859248812102286,0.05948887097947693,1.0750000000000002,0.04157776882307179,0.11806663980254875,35.739999999999995,0.08851108424699317,0.19672955948443277,45.369,0.07057406661181909,0.10376664875725472,66.776,0.007451848866949859,0.04108887545682991,0.762,0.007388888888888889,0.11457404422505416,0.06200000000000001,0.05948887097947693,0.014833333333333332,0.3823295639617858
85,44,2013-01-10,13,1,2012-2013,Bauru Basket,Suzano,1,0.39739098398502215,0.29963335049530865,0.1997555669968724,0.07238505903543492,0.16171073582895926,0.048766484896275185,0.11294425093268408,0.06860251728499059,0.06429604777805846,1.135,0.04175011931757161,0.10938829121456975,39.884,0.0998777834984362,0.1913967939565874,52.696000000000005,0.07238505903543492,0.10171882421711735,71.88300000000001,0.00848994792783172,0.025438049819271065,0.44200000000000006,0.007242246757732537,0.08990319137742156,0.089,0.06429604777805846,0.01665878434341818,0.45359008788618593,0.3927106181406082,0.30410978055388466,0.20273985370258976,0.06937377204104025,0.13762216772254926,0.049205053188229014,0.08841711453432023,0.058842369259885216,0.08941680887208109,0.6827272727272727,0.040198997465659386,0.11548060231825885,34.86090909090909,0.10136992685129488,0.2020760309554662,50.24363636363637,0.06937377204104025,0.10601425108081329,65.71818181818182,0.002727272727272727,0.04036394202587551,0.489090909090909,0.011913547423314567,0.09812302167719213,0.1290909090909091,0.08941680887208109,0.016377652679360748,0.39242577942274165
88,86,2013-01-10,13,1,2012-2013,Uberlândia,Minas,1,0.41948957018192645,0.3167542403043301,0.21116949353622003,0.06915532911229398,0.1524816969209528,0.03508233695602382,0.11739935996492899,0.09007740706386615,0.06735259928267226,1.3972727272727272,0.046388249177804125,0.12014660985634308,38.93,0.10558474676811001,0.17572370419070588,60.47272727272727,0.06915532911229398,0.08372936980985553,81.99818181818182,0.01774710277034847,0.027758728542034962,0.44272727272727264,0.007733563890225173,0.10237434243418483,0.08090909090909092,0.06735259928267226,0.015022294989154573,0.5013133442043529,0.4092302966561493,0.3107088112051552,0.20713920747010345,0.07839467343338731,0.1290836519145479,0.035952708079442196,0.0931309438351057,0.07345766626044084,0.06445849262394063,1.278,0.04123213858421952,0.10741285343038236,38.223,0.10356960373505172,0.1823597769653261,56.769999999999996,0.07839467343338731,0.10156216646355373,76.674,0.0039460971714439935,0.035948576261943324,0.5959999999999999,0.011279430504777328,0.1069651035319388,0.11000000000000001,0.06445849262394063,0.016780256868277103,0.46635049776575793
96,86,2013-01-10,13,1,2012-2013,Sesi Franca,Espírito Santo,1,0.39439310729067184,0.37104106972301815,0.24736071314867877,0.0648129576567972,0.1627909105380452,0.044906478828398606,0.11788443170964662,0.08305276981852913,0.07727554918815664,1.3166666666666667,0.0274064788283986,0.08127387774594078,34.4475,0.12368035657433939,0.2254083094555874,54.850833333333334,0.0648129576567972,0.09839461954791467,66.38,0.019129258198026106,0.050210920089143594,0.7925,0.017841849729385545,0.09208850684495383,0.19166666666666668,0.07727554918815664,0.017879258198026108,0.4932979146768546,0.4,0.2590909090909091,0.17272727272727273,0.08545454545454546,0.14136363636363639,0.04181818181818182,0.09954545454545455,0.05954545454545456,0.06863636363636363,0.9554545454545456,0.04727272727272727,0.12090909090909091,39.12363636363636,0.08636363636363636,0.1781818181818182,48.627272727272725,0.08545454545454546,0.11363636363636363,73.71727272727274,0.00681818181818182,0.03909090909090909,0.6109090909090908,0.008636363636363636,0.10272727272727272,0.08363636363636363,0.06863636363636363,0.020454545454545454,0.43499999999999994
105,67,2013-01-10,13,1,2012-2013,Coop/São José Basketball,Mogi,1,0.40586055889021194,0.30301492374419253,0.20200994916279502,0.07963531429739139,0.15965233387814012,0.04532253850499752,0.1143297953731426,0.07989008490043358,0.07367607920784798,1.1409090909090909,0.04140509847667519,0.11995378649303289,34.46454545454545,0.10100497458139751,0.18539324496316054,54.24818181818182,0.07963531429739139,0.10001478524911517,78.41909090909091,0.0022223659321294036,0.03313832987510219,0.4581818181818182,0.010979006244887023,0.1013656816917732,0.11454545454545456,0.07367607920784798,0.008149482219285704,0.461056758402092,0.3691203703703703,0.28805555555555556,0.192037037037037,0.08666666666666667,0.16560185185185183,0.04777777777777778,0.1178240740740741,0.061620370370370374,0.07342592592592592,0.9716666666666666,0.030138888888888892,0.09541666666666666,31.62,0.0960185185185185,0.20444444444444443,47.20166666666666,0.08666666666666667,0.11509259259259258,74.27583333333335,0.0024074074074074076,0.027592592592592596,0.3933333333333333,0.006249999999999999,0.11356481481481483,0.05833333333333334,0.07342592592592592,0.01402777777777778,0.3970833333333333
95,76,2013-01-10,13,1,2012-2013,Fortaleza B. C. / CFO,Paulistano,1,0.37499160438617934,0.32018179208749253,0.21345452805832835,0.06698930953195417,0.15279695545027852,0.044387410928593975,0.10840954452168453,0.06206131371296022,0.05841661693088056,1.08,0.031515922265298944,0.10261455650862408,31.976000000000006,0.10672726402916417,0.21187769103825338,50.558,0.06698930953195417,0.09414116924196882,69.876,0.006592949275685073,0.03595446382139701,0.686,0.013044058218308074,0.10339519073541945,0.129,0.05841661693088056,0.012514090606189304,0.4166968080120176,0.3992929292929292,0.33984848484848484,0.22656565656565658,0.07272727272727274,0.1825252525252525,0.06580808080808082,0.11671717171717173,0.07282828282828285,0.07454545454545455,1.020909090909091,0.03333333333333333,0.09828282828282826,35.54272727272728,0.11328282828282829,0.22712121212121214,50.24181818181818,0.07272727272727274,0.10954545454545456,65.75000000000001,0.017121212121212124,0.03611111111111112,0.49636363636363634,0.011313131313131313,0.11282828282828282,0.10545454545454547,0.07454545454545455,0.010505050505050505,0.4592424242424242
58,79,2013-01-12,14,1,2012-2013,Tijuca,Joinville,0,0.3383333333333333,0.27999999999999997,0.18666666666666665,0.07041666666666667,0.13416666666666668,0.0375,0.09666666666666668,0.049999999999999996,0.058750000000000004,0.9816666666666666,0.027083333333333338,0.09458333333333334,27.561666666666667,0.09333333333333332,0.19416666666666668,48.32416666666668,0.07041666666666667,0.0979166666666667,71.86083333333333,0.0037499999999999994,0.03125,0.6108333333333335,0.007083333333333334,0.09416666666666668,0.08333333333333336,0.058750000000000004,0.017083333333333336,0.35083333333333333,0.3642834926915262,0.3198929370573968,0.21326195803826453,0.07388963668202059,0.15721764764678559,0.05398084402896556,0.10323680361782002,0.058046776365599434,0.08624956697428768,0.6930769230769231,0.02571063265708036,0.10103423032054692,25.678461538461537,0.10663097901913227,0.21465524248026638,49.658461538461545,0.07388963668202059,0.1056271193840991,71.48615384615384,0.0071794871794871795,0.04206169549948751,0.5069230769230769,0.014381630298430184,0.1102701592066505,0.13538461538461538,0.08624956697428768,0.016958155916575395,0.38335197031951596
84,85,2013-01-12,14,1,2012-2013,Fortaleza B. C. / CFO,Pinheiros,0,0.3840832767147085,0.3224379928068114,0.21495866187120757,0.06544482684723107,0.14799723222752592,0.042170373571449066,0.10582685865607684,0.06778301246632747,0.05628783357352778,1.3063636363636364,0.03455992933208995,0.10374050591693097,34.20727272727273,0.10747933093560379,0.2098888100347758,51.46454545454546,0.06544482684723107,0.09103742658360801,71.09909090909092,0.005993590250622793,0.03723133074672456,0.7536363636363638,0.013221871107552796,0.10308653703219951,0.1309090909090909,0.05628783357352778,0.011830991460172096,0.4342698254654706,0.44813131313131316,0.2827272727272727,0.18848484848484848,0.09464646464646465,0.14671717171717172,0.03308080808080807,0.11363636363636362,0.0844949494949495,0.07358585858585859,1.2727272727272727,0.055,0.13515151515151516,41.31545454545455,0.09424242424242424,0.1677272727272727,57.09636363636364,0.09464646464646465,0.12378787878787878,75.87363636363636,0.009797979797979799,0.03717171717171717,0.5790909090909092,0.013333333333333334,0.1056060606060606,0.13181818181818183,0.07358585858585859,0.008535353535353537,0.5111616161616162
68,67,2013-01-12,14,1,2012-2013,Brasília,Paulistano,1,0.44055555555555553,0.29166666666666674,0.19444444444444445,0.0911111111111111,0.1577777777777778,0.04777777777777778,0.11,0.08611111111111111,0.06222222222222223,1.6544444444444446,0.051666666666666666,0.13666666666666666,37.63,0.09722222222222222,0.17833333333333334,54.8911111111111,0.0911111111111111,0.11444444444444442,80.27,0.006666666666666666,0.03722222222222222,0.7288888888888889,0.018333333333333333,0.10888888888888887,0.1811111111111111,0.06222222222222223,0.014999999999999998,0.5266666666666666,0.3976851851851851,0.3315277777777778,0.22101851851851853,0.07375000000000001,0.18106481481481482,0.06532407407407408,0.11574074074074076,0.07050925925925929,0.07416666666666667,0.9891666666666667,0.034305555555555554,0.09842592592592592,36.33083333333334,0.11050925925925927,0.2240277777777778,49.564166666666665,0.07375000000000001,0.11083333333333334,65.93750000000001,0.01652777777777778,0.03435185185185186,0.4725,0.010787037037037038,0.11134259259259259,0.10083333333333334,0.07416666666666667,0.011296296296296297,0.4538888888888888
98,81,2013-01-12,14,1,2012-2013,Flamengo,Limeira,1,0.4325555555555555,0.3516666666666666,0.23444444444444443,0.09811111111111111,0.1691111111111111,0.038555555555555565,0.1305555555555556,0.063,0.060888888888888895,1.3844444444444446,0.03333333333333333,0.09022222222222222,38.51222222222222,0.11722222222222221,0.1973333333333333,59.88111111111112,0.09811111111111111,0.1338888888888889,74.1511111111111,0.01,0.03333333333333333,0.6788888888888889,0.006666666666666667,0.10144444444444442,0.06666666666666667,0.060888888888888895,0.011555555555555555,0.5183333333333333,0.4117385048252829,0.28335723946423574,0.18890482630949051,0.059745322071916004,0.14916089010023553,0.040644490297678165,0.10851639980255735,0.0878694842452224,0.06607288012202435,1.3876923076923076,0.05436278548129214,0.12671633102270677,44.159230769230774,0.09445241315474526,0.18386174480109024,51.38461538461539,0.059745322071916004,0.07581543046861833,78.02923076923076,0.006069415465371827,0.03081231227763106,0.4915384615384616,0.005342226807545595,0.1022281121385315,0.05,0.06607288012202435,0.013206514067789214,0.47029417501392273
87,70,2013-01-12,14,1,2012-2013,L. Sorocabana,Suzano,1,0.3573081848394504,0.31779088284671153,0.21186058856447432,0.07455834381697758,0.1331745902561901,0.04000386390063292,0.09317072635555719,0.04637825572799173,0.058635191035648807,0.8245454545454546,0.02362975081933286,0.09135155452204975,27.674545454545452,0.10593029428223716,0.2009067168994214,52.60636363636363,0.07455834381697758,0.10545952433941343,71.3690909090909,0.010918702580338424,0.044097060576491896,0.8090909090909091,0.008639948790937789,0.09635785978478188,0.0881818181818182,0.058635191035648807,0.010449662730347033,0.3787142855658592,0.37831806662889084,0.29626729884106096,0.1975115325607073,0.06650929103762024,0.13782032041233683,0.04885463208920993,0.08896568832312689,0.056438838488228116,0.09029874146607435,0.6508333333333333,0.038099081010187774,0.11335721879173728,33.345,0.09875576628035365,0.198153028375844,49.82,0.06650929103762024,0.10217973015741218,65.1025,0.0025,0.03950028019038588,0.4733333333333332,0.011337418471371687,0.09619610320409278,0.12416666666666666,0.09029874146607435,0.017096181622747352,0.3755569644708465
91,67,2013-01-12,14,1,2012-2013,Bauru Basket,Palmeiras,1,0.39990089453183836,0.3010303186320988,0.20068687908806584,0.07171369003221356,0.16064612348087204,0.048878622632977445,0.11176750084789462,0.0723659248045369,0.06254186161641678,1.2536363636363637,0.042500108470519646,0.11035299201324524,40.046363636363644,0.10034343954403292,0.19217890359689765,52.67818181818182,0.07171369003221356,0.09928984019737941,73.22727272727273,0.007718134479847019,0.029943681653882784,0.5536363636363637,0.007038406143393216,0.08900290125220141,0.08636363636363636,0.06254186161641678,0.01559889485765289,0.4632637162601691,0.37166321961365534,0.26457568430998135,0.17638378953998757,0.06961278782892645,0.13547808462909458,0.044515143374509715,0.09096294125458483,0.054417498920092996,0.05953533725406994,1.0836363636363637,0.041888880748247086,0.11824239982049885,35.9,0.08819189476999378,0.19293596316766617,46.23,0.06961278782892645,0.10387877159750429,65.89999999999999,0.007228953515408963,0.04098988677893628,0.7536363636363638,0.007171717171717173,0.11597640384095831,0.06000000000000001,0.05953533725406994,0.014848484848484849,0.3839359672379871
73,64,2013-01-12,14,1,2012-2013,Uberlândia,Espírito Santo,1,0.4211987726667659,0.3141080536123026,0.20940536907486837,0.07547571835293615,0.1510248888442067,0.03632547554302184,0.1146994133011849,0.0904876231418773,0.06882321600911624,1.3741666666666665,0.045439228412987115,0.11805105903498116,38.755833333333335,0.10470268453743418,0.1752467288414804,60.089999999999996,0.07547571835293615,0.0892519223257009,83.22083333333333,0.016684844206152766,0.02794550116353205,0.4349999999999999,0.007505766899373076,0.10217648056466944,0.07833333333333334,0.06882321600911624,0.01418710374005836,0.5003705655206568,0.4025,0.2625,0.17500000000000002,0.08750000000000001,0.14250000000000002,0.0425,0.09999999999999999,0.06000000000000002,0.06916666666666667,0.9483333333333334,0.04666666666666667,0.12375000000000001,38.01416666666666,0.08750000000000001,0.18041666666666667,48.63999999999999,0.08750000000000001,0.11416666666666668,75.21333333333334,0.007083333333333334,0.04125,0.6325,0.008333333333333333,0.10416666666666667,0.08,0.06916666666666667,0.019583333333333335,0.4349999999999999
78,77,2013-01-12,14,1,2012-2013,Sesi Franca,Minas,1,0.40097825288369704,0.3713456028212475,0.24756373521416503,0.06828888399088973,0.16373007126588787,0.04414444199544487,0.11958562927044304,0.08358717214018073,0.07710050694291383,1.3076923076923077,0.028375211226214093,0.08232973330394534,35.03692307692308,0.12378186760708251,0.22345382411284992,55.439230769230775,0.06828888399088973,0.10351811035192124,66.40230769230769,0.019580853721254867,0.05019469546690178,0.783076923076923,0.018392476673278965,0.09000477554918815,0.20615384615384616,0.07710050694291383,0.016503930644331793,0.5026596135478658,0.4111184515055903,0.30973528291377744,0.20649018860918497,0.08126788493944301,0.12689422901322536,0.03495700734494745,0.0919372216682779,0.07359787841858258,0.062234993294491475,1.3327272727272728,0.041120125985654114,0.1062844122094385,38.57636363636364,0.10324509430459249,0.1821452517866601,56.66,0.08126788493944301,0.1032383331486852,78.03727272727272,0.003587361064949085,0.036316887510857564,0.6327272727272727,0.010708573186161209,0.10633191230176255,0.10454545454545455,0.062234993294491475,0.015254778971161002,0.4675913616052345
83,75,2013-01-14,3,1,2012-2013,Flamengo,Coop/São José Basketball,1,0.4383,0.3555,0.23700000000000002,0.0978,0.16570000000000001,0.03820000000000001,0.12750000000000003,0.0607,0.06080000000000001,1.3130000000000002,0.034499999999999996,0.09169999999999999,38.947,0.11850000000000001,0.19659999999999997,60.735,0.0978,0.133,74.336,0.0095,0.034499999999999996,0.6859999999999999,0.006500000000000001,0.09979999999999997,0.06599999999999999,0.06080000000000001,0.011899999999999999,0.5215,0.41578884564936097,0.31151368009884317,0.20767578673256212,0.0804990381059421,0.16426463938829514,0.04446232696291439,0.11980231242538071,0.08656591115873076,0.07378640594052731,1.2233333333333334,0.042538006936952255,0.1207909709519468,35.11833333333333,0.10383789336628106,0.18744380788289716,55.085,0.0804990381059421,0.09959688647835557,79.77916666666667,0.00328716877111862,0.03454346905217701,0.47583333333333333,0.012147422391146438,0.10125187488412545,0.12583333333333335,0.07378640594052731,0.008720358701011895,0.4863853618685843
92,77,2013-01-15,3,1,2012-2013,Brasília,Fortaleza B. C. / CFO,1,0.4329865589955465,0.29308432151097286,0.19538954767398187,0.08843880452862585,0.16131641358587756,0.04782910339646938,0.11348731018940816,0.0834022374845737,0.06243880452862586,1.581,0.04971940226431292,0.1358776090572517,36.367000000000004,0.09769477383699093,0.1819626817620862,54.152,0.08843880452862585,0.10997537157267798,81.474,0.006,0.036719402264312924,0.7060000000000001,0.018109701132156465,0.11034104201319954,0.176,0.06243880452862586,0.014573134088104307,0.5142425283039115,0.3870763369884828,0.3243181600729104,0.2162121067152736,0.06582442460996181,0.15233079620856543,0.044072842440494975,0.10825795376807044,0.06546776142746685,0.05493051410906714,1.2808333333333335,0.035013268554415784,0.1042621304238534,34.38666666666667,0.1081060533576368,0.20906474253187782,51.9675,0.06582442460996181,0.09178430770164069,71.00750000000001,0.005910791063070894,0.036212053184497515,0.7433333333333335,0.012536715181923397,0.10324599227951621,0.12416666666666666,0.05493051410906714,0.01251174217182442,0.44099734001001467
85,94,2013-01-15,4,1,2012-2013,Palmeiras,Pinheiros,0,0.3686079513125174,0.26252771061748287,0.1750184737449886,0.07214505550984925,0.13418824424333667,0.04372221475996724,0.09046602948336942,0.05404937401008525,0.06040739248289745,1.0525000000000002,0.04048147401922649,0.11630553316879061,35.10166666666667,0.0875092368724943,0.19060796623702733,46.4175,0.07214505550984925,0.10563887396437893,67.075,0.006626540722458216,0.03965739621402493,0.7208333333333333,0.006990740740740742,0.11381170352087845,0.06000000000000002,0.06040739248289745,0.014861111111111111,0.37902463663482155,0.4462037037037037,0.2866666666666667,0.19111111111111112,0.0925925925925926,0.14282407407407408,0.0311574074074074,0.11166666666666665,0.08370370370370371,0.07078703703703705,1.3233333333333333,0.05416666666666667,0.13180555555555556,41.82,0.09555555555555556,0.16874999999999998,57.43083333333334,0.0925925925925926,0.1226388888888889,74.85416666666667,0.008981481481481481,0.03449074074074074,0.5416666666666667,0.013055555555555556,0.10472222222222222,0.13000000000000003,0.07078703703703705,0.008240740740740741,0.5068981481481482
77,94,2013-01-17,15,1,2012-2013,Pinheiros,L. Sorocabana,0,0.44803418803418804,0.2853846153846154,0.19025641025641027,0.09393162393162394,0.14376068376068377,0.031068376068376067,0.11269230769230767,0.08111111111111112,0.07034188034188035,1.2807692307692307,0.054615384615384614,0.13012820512820514,42.79923076923077,0.09512820512820513,0.1673076923076923,57.62846153846154,0.09393162393162394,0.12435897435897436,74.93153846153847,0.00829059829059829,0.03337606837606837,0.5238461538461539,0.012435897435897438,0.10589743589743589,0.1230769230769231,0.07034188034188035,0.008376068376068376,0.509059829059829,0.3657507420947466,0.33216228924452335,0.22144152616301552,0.0753737902138847,0.13657328127200488,0.04150239975463482,0.09507088151737005,0.04734559226304707,0.05726324597350569,0.8708333333333332,0.022978475239282148,0.09076756669353418,26.93083333333333,0.11072076308150776,0.20525041563610202,53.604166666666664,0.0753737902138847,0.10765348332413198,70.755,0.0117659711273907,0.04261875606438484,0.7941666666666668,0.008798533272733213,0.09579596995822542,0.09083333333333334,0.05726324597350569,0.0100181476100049,0.39152306259456965
87,66,2013-01-17,15,1,2012-2013,Coop/São José Basketball,Sesi Franca,1,0.4211875205422898,0.3174570351224666,0.21163802341497776,0.08128485842559179,0.16309284378706318,0.041042147965767134,0.12205069582129606,0.08389445435581247,0.07359328529057065,1.1853846153846155,0.04275487956724008,0.12296330369197245,34.7576923076923,0.10581901170748888,0.18797802633059538,55.97615384615384,0.08128485842559179,0.09941207396859644,80.82153846153847,0.0035327420648863517,0.034876873705132226,0.4815384615384615,0.011711437714142799,0.1049272150139835,0.11923076923076925,0.07359328529057065,0.009046426737872386,0.4878488328039034,0.4001940919634329,0.37589234547687267,0.2505948969845818,0.06841110656296903,0.1613207804611816,0.04384841042434167,0.11747237003683997,0.08297380270159639,0.07623618501841999,1.2964285714285713,0.027062696138627374,0.08002046663937781,33.962857142857146,0.1252974484922909,0.22713569381907492,55.24571428571429,0.06841110656296903,0.10255253104106973,67.21499999999999,0.019253649884022377,0.0516093600764088,0.8042857142857143,0.017793014053759038,0.08893300586710327,0.2007142857142857,0.07623618501841999,0.016039364169736666,0.4988982125801611
83,81,2013-01-17,15,1,2012-2013,Mogi,Uberlândia,1,0.3664957264957265,0.2832051282051282,0.18880341880341878,0.08615384615384616,0.16286324786324785,0.04833333333333334,0.11452991452991455,0.061111111111111116,0.07354700854700855,0.9530769230769229,0.030512820512820518,0.09653846153846155,31.635384615384616,0.09440170940170939,0.20448717948717948,46.385384615384616,0.08615384615384616,0.11547008547008544,73.69076923076923,0.002606837606837607,0.027777777777777783,0.39384615384615385,0.005769230769230768,0.11213675213675214,0.05384615384615385,0.07354700854700855,0.013333333333333336,0.38769230769230767,0.41687579015393783,0.3141766648728947,0.2094511099152631,0.0735160477104026,0.15209989739465235,0.035454285116635544,0.11664561227801684,0.08968088290019444,0.07122143016226114,1.3299999999999998,0.04463621084275734,0.11781636218613646,38.11538461538462,0.10472555495763156,0.1736892881613665,60.678461538461534,0.0735160477104026,0.08777100522372391,82.31384615384614,0.01617062542106409,0.028488154920183435,0.42846153846153834,0.007697630984036684,0.09970136667507948,0.08307692307692308,0.07122143016226114,0.013480403452361563,0.49495744509599093
85,94,2013-01-17,15,1,2012-2013,Espírito Santo,Fortaleza B. C. / CFO,0,0.3961538461538462,0.2642307692307692,0.17615384615384616,0.08499999999999999,0.1423076923076923,0.04346153846153847,0.09884615384615383,0.05961538461538463,0.06884615384615385,0.9407692307692308,0.045000000000000005,0.12461538461538463,36.51461538461538,0.08807692307692308,0.18153846153846154,48.646153846153844,0.08499999999999999,0.11038461538461539,75.93692307692308,0.006923076923076924,0.04346153846153847,0.666923076923077,0.008076923076923077,0.10192307692307692,0.07923076923076923,0.06884615384615385,0.019230769230769232,0.42692307692307685,0.3869166187585995,0.32244753237499424,0.2149650215833295,0.06806869963996474,0.15484381188482962,0.04529800840661075,0.10954580347821886,0.0646625490099694,0.05724355148529274,1.2323076923076923,0.03462763251176842,0.10393427423740315,34.049230769230775,0.10748251079166475,0.20913668541404107,51.63307692307693,0.06806869963996474,0.09395474557074524,71.63538461538462,0.006225345596680825,0.03458035678569001,0.7000000000000001,0.011956967860236981,0.10261168518109189,0.11846153846153847,0.05724355148529274,0.013087762004761002,0.4378436984707828
86,90,2013-01-17,15,1,2012-2013,Minas,Brasília,0,0.41268586511779426,0.31742484685856737,0.21161656457237824,0.0810096129346718,0.12981310281916772,0.03343979162957425,0.09637331118959348,0.07165232657381794,0.06681982146355744,1.2575,0.040019895870248075,0.10533729782887345,37.81250000000001,0.10580828228618912,0.18371689956490744,57.494166666666665,0.0810096129346718,0.10207976927983654,78.82583333333334,0.0032884143095366614,0.03701279549839032,0.6116666666666666,0.00981619208731444,0.10770728663023561,0.09583333333333334,0.06681982146355744,0.016309994440296058,0.46724443583587966,0.4354423263595877,0.2964402922827026,0.1976268615218017,0.0872170950260235,0.16028764871443413,0.04802645763315399,0.11226119108128016,0.0849111249859761,0.060398913207841694,1.6645454545454548,0.05019945660392084,0.13943419005204702,35.91818181818182,0.09881343076090085,0.1822388016018965,54.63454545454545,0.0872170950260235,0.10725033779334363,82.59,0.005454545454545454,0.03747218387664811,0.7445454545454546,0.017372455574687695,0.11031003819381778,0.16818181818181818,0.060398913207841694,0.01415739462554937,0.5165841166399195
76,73,2013-01-17,15,1,2012-2013,Paulistano,Bauru Basket,1,0.3928632478632478,0.327948717948718,0.21863247863247864,0.07230769230769232,0.1802136752136752,0.06452991452991454,0.1156837606837607,0.06854700854700857,0.07346153846153847,0.9661538461538461,0.03397435897435897,0.09777777777777777,36.1,0.10931623931623932,0.22371794871794876,49.07307692307692,0.07230769230769232,0.11038461538461539,64.89461538461539,0.015256410256410259,0.03324786324786326,0.45999999999999996,0.01111111111111111,0.11047008547008547,0.10461538461538462,0.07346153846153847,0.012735042735042735,0.447051282051282,0.40450576213393646,0.3109567130350917,0.20730447535672777,0.07157292491102929,0.16018013560697836,0.04855671703976516,0.11162341856721324,0.07217080678565901,0.061498165325644095,1.2658333333333334,0.041876120622059775,0.10990997291772509,39.48666666666667,0.10365223767836389,0.19325330955726386,53.979166666666664,0.07157292491102929,0.09810150021560993,73.9875,0.007908581708645508,0.03161650035998793,0.5908333333333334,0.008535935053408135,0.09033905638676824,0.09916666666666667,0.061498165325644095,0.015132612054967557,0.47300866249472806
74,105,2013-01-17,15,1,2012-2013,Suzano,Flamengo,0,0.37973824691776925,0.30225498693610514,0.20150332462407008,0.06488137115898404,0.13593920588357047,0.04684067318293801,0.08909853270063246,0.053841479089724024,0.0872768862911662,0.6346153846153846,0.03778451704490505,0.11292185888171563,33.209230769230764,0.10075166231203504,0.19817127274632945,50.823076923076925,0.06488137115898404,0.09998804249145304,64.82846153846154,0.0027437147366860554,0.03820588681479273,0.4707692307692307,0.01046530935818925,0.09708082910850531,0.11461538461538462,0.0872768862911662,0.01621711315768361,0.37457340265945815,0.43621391364477985,0.34911295055342495,0.23274196703561667,0.09846266599336709,0.16291953160186157,0.038366729902235094,0.12455280169962654,0.061095936091132,0.058457252300819336,1.3627272727272728,0.03500309353859871,0.09428200788852342,38.43636363636364,0.11637098351780834,0.19646962645521418,59.64272727272728,0.09846266599336709,0.13182746243397797,75.53272727272727,0.008636363636363636,0.03500309353859871,0.7272727272727272,0.005909090909090909,0.0993709835178083,0.05999999999999999,0.058457252300819336,0.01127311396505211,0.5145798701623653
77,79,2013-01-17,15,1,2012-2013,Palmeiras,Tijuca,0,0.3729458012115545,0.27348711749306115,0.1823247449953741,0.07390312816293776,0.13463530237846463,0.04535896747073898,0.08927633490772562,0.05566096062469407,0.05999143921498226,1.0761538461538462,0.03890597601774753,0.11505126138657595,33.94,0.09116237249768705,0.19479196883417907,47.08538461538462,0.07390312816293776,0.10789742212096518,67.32846153846154,0.00688603758996143,0.03968375035140762,0.7215384615384616,0.006837606837606839,0.11582618786542626,0.05846153846153848,0.05999143921498226,0.014487179487179489,0.3844842799706045,0.33871201533271716,0.28304487369173403,0.18869658246115606,0.06818672864095128,0.13477208061512969,0.03689161935892124,0.09788046125620845,0.051161562589626744,0.06014897956396448,0.9715384615384615,0.027276234743536635,0.0941363965383022,28.005384615384614,0.09434829123057803,0.19880638802518427,47.82692307692309,0.06818672864095128,0.09630282571781065,70.47538461538463,0.003916785410245787,0.031577635538397805,0.5992307692307693,0.007448955435876191,0.09375178115368683,0.08692307692307695,0.06014897956396448,0.016224477717938095,0.34842948907634946
77,62,2013-01-17,15,1,2012-2013,Joinville,Limeira,1,0.36647752892784574,0.32811487012472557,0.21874324674981707,0.07182609120473339,0.15955924424344375,0.05333935516975374,0.10621988907369002,0.059614863768056615,0.08473174076183855,0.7314285714285715,0.02530273032443176,0.10060321386907929,25.347857142857144,0.10937162337490854,0.21539415373167592,50.714285714285715,0.07182609120473339,0.10236803942809203,71.73714285714286,0.007380952380952381,0.042271574392381266,0.5199999999999999,0.014425799562828027,0.10775086212046117,0.13999999999999999,0.08473174076183855,0.017175430493962866,0.39346968672526483,0.41125718305204845,0.2845460080739332,0.18969733871595548,0.06047779906677914,0.14636368366450442,0.03952702670498687,0.10683665695951754,0.08587880679913508,0.06421053154187975,1.3957142857142857,0.05369401508977128,0.124808021663942,44.21928571428572,0.09484866935797774,0.18465733445815521,51.37714285714286,0.06047779906677914,0.07647147114943131,78.33785714285715,0.005635885789273839,0.03111143282922884,0.5192857142857144,0.005317782035578053,0.1031403898429221,0.04928571428571429,0.06421053154187975,0.012620334491518557,0.468487448227214
59,95,2013-01-19,16,1,2012-2013,Mogi,Sesi Franca,0,0.36996031746031743,0.2854761904761905,0.19031746031746027,0.08714285714285716,0.16194444444444442,0.04845238095238096,0.11349206349206352,0.06138888888888889,0.07007936507936507,1.0707142857142855,0.03083333333333334,0.09714285714285716,31.756428571428568,0.09515873015873014,0.20773809523809522,46.07214285714286,0.08714285714285716,0.11579365079365078,74.37928571428573,0.002420634920634921,0.027936507936507943,0.45142857142857146,0.00607142857142857,0.11305555555555556,0.055714285714285716,0.07007936507936507,0.012380952380952383,0.3907142857142857,0.3955144858325374,0.37383285577841446,0.24922190385227636,0.06551703279210444,0.15989939509710283,0.04392518306271889,0.11597421203438397,0.08110888252148997,0.07615377268385864,1.2586666666666666,0.026925183062718884,0.0806857688634193,33.550666666666665,0.12461095192613818,0.22565998089780326,55.302666666666674,0.06551703279210444,0.09971569563833176,65.51199999999999,0.018303406558420887,0.05016873607131488,0.7773333333333333,0.017273479783508437,0.08833747214262973,0.196,0.07615377268385864,0.015303406558420888,0.48830499840815034
94,96,2013-01-19,16,1,2012-2013,Paulistano,L. Sorocabana,0,0.3919444444444444,0.3280952380952381,0.21873015873015875,0.07214285714285716,0.17841269841269838,0.0634920634920635,0.11492063492063494,0.06936507936507938,0.07428571428571429,0.9642857142857143,0.033690476190476194,0.09686507936507936,36.042142857142856,0.10936507936507937,0.2198809523809524,50.19,0.07214285714285716,0.11035714285714286,64.805,0.015238095238095242,0.03265873015873017,0.44785714285714284,0.011031746031746031,0.11007936507936508,0.1042857142857143,0.07428571428571429,0.012539682539682542,0.4479761904761904,0.3737699157797661,0.33199595930263687,0.22133063953509127,0.08188349865897049,0.1383753365587737,0.042925292081201376,0.09545004447757235,0.047165162088966525,0.056704534744774486,0.8730769230769231,0.02351859252856814,0.09147775387095464,27.166923076923073,0.11066531976754564,0.20676961443332495,53.24153846153846,0.08188349865897049,0.11283398460689106,72.34538461538462,0.011630127194514494,0.042801928674816775,0.8023076923076924,0.00850633840559989,0.09611935688451578,0.08769230769230771,0.056704534744774486,0.010401367024619908,0.40025205777960277
61,106,2013-01-19,16,1,2012-2013,Palmeiras,Flamengo,0,0.373813692129909,0.27860134278412046,0.185734228522747,0.07434004793710294,0.13895054950789915,0.0471202915354072,0.0918302579724919,0.05668642803550835,0.05927865806575363,1.0992857142857144,0.03791313855668633,0.11254902878762411,33.74785714285714,0.0928671142613735,0.19945432936417082,46.88142857142857,0.07434004793710294,0.10804957103209045,67.71428571428571,0.007465874257659502,0.038278125415615115,0.6985714285714286,0.00634920634920635,0.1161264606966012,0.054285714285714305,0.05927865806575363,0.01416684528274926,0.3877430833213985,0.44424520408561663,0.35679423460042475,0.23786282306694992,0.09871124381034557,0.1662505039345579,0.038973712402773746,0.1272767915317842,0.06403571806747545,0.057812714600630595,1.4075,0.035890379069440405,0.09530166388006016,38.805,0.11893141153347496,0.19954089754505885,59.92583333333334,0.09871124381034557,0.1314090905433453,75.905,0.009607426663285146,0.035890379069440405,0.7416666666666666,0.007530116662439766,0.0991211782085954,0.07666666666666666,0.057812714600630595,0.010333687801297769,0.5304521241979937
80,76,2013-01-19,16,1,2012-2013,Coop/São José Basketball,Uberlândia,1,0.4221741262178405,0.3215672468994333,0.2143781645996222,0.07905022568090667,0.16108621208798724,0.03989628025392662,0.12118993183406064,0.08754485047325444,0.07262233634124417,1.2614285714285713,0.04291524531243722,0.12132306771397441,35.489285714285714,0.1071890822998111,0.18705102444983854,57.07999999999999,0.07905022568090667,0.0983826401136967,79.25,0.003280403345965898,0.03559995415476564,0.5007142857142857,0.011946335020275454,0.10314669965584182,0.1242857142857143,0.07262233634124417,0.008400253399452929,0.4958596304607674,0.41602751942865657,0.31316404595340225,0.20877603063560146,0.07433633001680241,0.15444990472360573,0.036850407608304436,0.11759949711530135,0.08720367697875198,0.06934847086495678,1.322142857142857,0.04430505292541753,0.11725805060141244,37.99,0.10438801531780073,0.1762829104355546,59.74571428571428,0.07433633001680241,0.09150164770774362,80.77071428571428,0.0153727236052738,0.027524715283027475,0.4214285714285713,0.007862085913748349,0.09900841191257381,0.085,0.06934847086495678,0.01287466034862145,0.4917461990177059
76,74,2013-01-19,16,1,2012-2013,Minas,Fortaleza B. C. / CFO,1,0.4140177216471947,0.324161397100216,0.21610759806681068,0.08016271963200475,0.12559671029461636,0.03279057688883777,0.0928061334057786,0.0692175322219858,0.0678336813509761,1.1992307692307693,0.03924913464945977,0.10531135184203702,37.10153846153847,0.10805379903340534,0.1842002149829915,58.53692307692307,0.08016271963200475,0.09999671010446451,79.94153846153846,0.0034200747472646104,0.03647334969082184,0.5938461538461538,0.009061100388290253,0.10672980304329441,0.08846153846153847,0.0678336813509761,0.015824610252580976,0.46014871000235047,0.3928511459901281,0.3304869943482089,0.22032466289880598,0.06963522109425298,0.15378353960734178,0.04420529352042427,0.10957824608691753,0.0650437955092573,0.05958329780777183,1.2,0.03429708733235639,0.10329611179187435,33.87285714285714,0.11016233144940299,0.20776977931303814,53.396428571428565,0.06963522109425298,0.09545797802997771,72.10857142857144,0.0064949637683464805,0.03532461701528358,0.6857142857142858,0.012174327298791485,0.10242513623958534,0.1207142857142857,0.05958329780777183,0.013581493290135216,0.4465691485800126
73,74,2013-01-19,16,1,2012-2013,Pinheiros,Bauru Basket,0,0.443531746031746,0.2842857142857143,0.18952380952380957,0.09222222222222223,0.1427777777777778,0.03099206349206349,0.11178571428571428,0.08210317460317461,0.0713888888888889,1.2692857142857144,0.05392857142857143,0.12761904761904763,43.12571428571429,0.09476190476190478,0.1667857142857143,57.53000000000001,0.09222222222222223,0.12261904761904763,74.57928571428572,0.008412698412698412,0.03277777777777778,0.5071428571428572,0.012976190476190476,0.1069047619047619,0.12642857142857145,0.0713888888888889,0.009206349206349206,0.5062698412698412,0.4014668573544029,0.31011388895546926,0.2067425926369795,0.06952885376402704,0.15862781748336463,0.04905235419055246,0.10957546329281222,0.07161920626368525,0.06099830645444071,1.2592307692307694,0.0417318036511321,0.11107074423174623,38.91076923076923,0.10337129631848975,0.1945415165143974,53.49,0.06952885376402704,0.09517061558363994,74.06538461538462,0.0080694600387497,0.032646000332296546,0.6084615384615385,0.007879324664684433,0.09185143666470916,0.09153846153846154,0.06099830645444071,0.014737795743046976,0.4654695346105182
86,79,2013-01-19,16,1,2012-2013,Suzano,Tijuca,1,0.3790426578522143,0.3010224878692405,0.20068165857949366,0.06667555893334233,0.13658640546331544,0.04635205366987101,0.09023435179344443,0.05392423058331517,0.08711425155608289,0.6357142857142858,0.037228480113126114,0.11378458324730736,32.551428571428566,0.10034082928974683,0.19901618183587735,50.424285714285716,0.06667555893334233,0.10070318231349211,66.04214285714285,0.0025477351126370514,0.036905466328021816,0.45428571428571424,0.011503501546890017,0.09728934131504065,0.12428571428571429,0.08711425155608289,0.015773033646420496,0.3713895881837826,0.3427325856660945,0.27782738271375307,0.18521825514250206,0.07188767659516904,0.13693121771404898,0.03675650369042687,0.10017471402362212,0.05250716526179627,0.0604954810236813,0.9792857142857142,0.02854221797614116,0.09419808249985205,29.388571428571428,0.09260912757125103,0.197463074594814,47.188571428571436,0.07188767659516904,0.09942405245225275,71.56357142857144,0.0036370150237996597,0.03003637585708368,0.5671428571428573,0.009059744333313607,0.09491236821413777,0.10000000000000002,0.0604954810236813,0.015779872166656803,0.3560416684280388
94,85,2013-01-19,16,1,2012-2013,Espírito Santo,Brasília,1,0.39821428571428574,0.26571428571428574,0.17714285714285713,0.08607142857142858,0.14071428571428574,0.044642857142857144,0.09607142857142857,0.06000000000000002,0.07071428571428572,0.9221428571428572,0.045000000000000005,0.12535714285714286,36.287142857142854,0.08857142857142856,0.18321428571428572,48.48142857142857,0.08607142857142858,0.11035714285714286,77.00642857142859,0.006785714285714286,0.04357142857142858,0.6528571428571429,0.008571428571428572,0.10285714285714286,0.08285714285714287,0.07071428571428572,0.020714285714285713,0.4260714285714285,0.43665546582962206,0.2954869345924774,0.19699128972831823,0.08786567044052153,0.15693034465489797,0.04652425283039116,0.11040609182450682,0.08741853123714476,0.05994900377385489,1.7000000000000002,0.05059950188692744,0.13739800754770976,36.910833333333336,0.09849564486415911,0.1820522348017385,54.48,0.08786567044052153,0.10664614297723167,83.62416666666667,0.005,0.039349501886927436,0.7733333333333334,0.017591417610130385,0.10945086834433297,0.1708333333333333,0.05994900377385489,0.014227611740086923,0.5218687735865929
86,75,2013-01-21,6,1,2012-2013,Brasília,L. Sorocabana,1,0.44011588993101874,0.2949867540460305,0.19665783603068696,0.09026013068908173,0.15575563441329446,0.04730420604387038,0.1084514283694241,0.08592451910557555,0.05926040964856289,1.6715384615384619,0.05106597440375002,0.13990515572226,36.635384615384616,0.09832891801534348,0.18068856822901253,54.79846153846154,0.09026013068908173,0.11151881919566485,82.57615384615384,0.004615384615384615,0.039373736451312605,0.7738461538461539,0.017981728397216387,0.11410779645760451,0.16769230769230767,0.05926040964856289,0.015312551014142584,0.5240048181318184,0.37754825512883045,0.3263772003048295,0.21758480020321969,0.08206642335793292,0.1364278918839407,0.041763961694448896,0.0946639301894918,0.049827967971500665,0.05741611559633821,0.9014285714285714,0.025965677189225968,0.09288013653096582,28.940714285714282,0.10879240010160984,0.20533368959284934,52.67,0.08206642335793292,0.11175854126195439,73.34642857142856,0.010799403823477743,0.04355417186471082,0.8021428571428573,0.00885112375758085,0.09750765678959006,0.09000000000000001,0.05741611559633821,0.01061079318952801,0.40594833936677394
90,105,2013-01-21,2,1,2012-2013,Minas,Flamengo,0,0.41158788438668076,0.32243558302162917,0.2149570553477528,0.0840796682297187,0.12698265955928661,0.03330553568249221,0.09367712387679442,0.06820199420612967,0.0683455612544778,1.1657142857142857,0.03751705360306978,0.10350339813903439,35.79071428571429,0.1074785276738764,0.18818591391277778,57.33214285714285,0.0840796682297187,0.10356837366843132,80.66,0.0035329265510314237,0.03601096757004885,0.58,0.009842450360555236,0.10839195996877339,0.09285714285714286,0.0683455612544778,0.015765709520253766,0.4533523735736112,0.4508417268482615,0.36165621655423824,0.2411041443694922,0.10111807120954976,0.16730815747805347,0.03712958067948346,0.13017857679857003,0.06641758590843888,0.05644250578519748,1.4823076923076923,0.03620650375640652,0.09566307435082476,38.89692307692308,0.1205520721847461,0.20226852081082353,59.89846153846155,0.10111807120954976,0.1332237758861649,76.51769230769231,0.009253009227647827,0.03659111914102191,0.7715384615384614,0.007335492303790553,0.0988041645002419,0.07461538461538461,0.05644250578519748,0.009538788739659479,0.5404173454135326
64,73,2013-01-24,17,1,2012-2013,Tijuca,Pinheiros,0,0.3462170799550215,0.28030555719950284,0.18687037146633526,0.0754284981554911,0.13646913653311238,0.036639403444398415,0.09982973308871397,0.05434002091100985,0.06112911562210255,0.99,0.027972736777731752,0.09425154366652858,28.832666666666668,0.09343518573316763,0.19696553628849306,47.726666666666674,0.0754284981554911,0.10479578228876923,71.42200000000001,0.0037278806888796823,0.030700617466611433,0.5673333333333335,0.009122428044426034,0.09591821033319527,0.09933333333333336,0.06112911562210255,0.014727880688879683,0.3606388905328362,0.4382962962962963,0.2843333333333333,0.1895555555555556,0.08774074074074074,0.14225925925925928,0.030592592592592595,0.11166666666666666,0.08196296296296297,0.06996296296296298,1.2913333333333334,0.05366666666666667,0.12944444444444445,42.40133333333333,0.0947777777777778,0.16666666666666666,57.53333333333334,0.08774074074074074,0.11711111111111112,73.77400000000002,0.008851851851851852,0.03192592592592593,0.5000000000000001,0.012777777777777779,0.10477777777777778,0.12666666666666668,0.06996296296296298,0.008925925925925926,0.49851851851851847
94,67,2013-01-24,17,1,2012-2013,Brasília,Mogi,1,0.4393933263645174,0.2964162716141711,0.19761084774278073,0.08881297849700447,0.1614159462409163,0.049639619897879635,0.11177632634303668,0.08585848202660587,0.061456094673665536,1.6192857142857147,0.05098983337491074,0.13991193031352717,36.56928571428571,0.09880542387139037,0.18063938478408306,55.050714285714285,0.08881297849700447,0.10962461782454593,82.55999999999999,0.004285714285714286,0.03941846956193314,0.75,0.019197319225986647,0.11381438242491848,0.17857142857142855,0.061456094673665536,0.014575940227418113,0.5276473311224028,0.36496296296296293,0.28144444444444444,0.1876296296296296,0.08800000000000002,0.16114814814814812,0.0468888888888889,0.11425925925925928,0.06096296296296297,0.07407407407407408,1.0273333333333332,0.029777777777777785,0.09433333333333334,31.45733333333333,0.0938148148148148,0.2058888888888889,45.778666666666666,0.08800000000000002,0.11774074074074073,74.01866666666668,0.0022592592592592595,0.02807407407407408,0.4366666666666667,0.005666666666666665,0.11385185185185186,0.052000000000000005,0.07407407407407408,0.01288888888888889,0.383
75,60,2013-01-24,17,1,2012-2013,Joinville,Palmeiras,1,0.36771236033265603,0.32124054544974384,0.21416036363316257,0.0727043517910845,0.16158862796054752,0.05345006482510349,0.10813856313544402,0.06030720618351951,0.08241629137771599,0.7760000000000001,0.026949214969469646,0.10056299961114067,26.991333333333333,0.10708018181658129,0.21403454348289752,49.897333333333336,0.0727043517910845,0.1022101701328859,72.62133333333333,0.007555555555555555,0.04078680276622251,0.512,0.014797412925306157,0.1072341379790971,0.144,0.08241629137771599,0.017363735127698676,0.39957170761024724,0.3692261126545817,0.2760279199318458,0.18401861328789723,0.07405071140796275,0.1390205128740392,0.045978938766380054,0.09304157410765912,0.0555739994998078,0.06066008086137006,1.0593333333333335,0.037052262652907245,0.11071242686844918,33.458666666666666,0.09200930664394862,0.20182404073989274,46.025333333333336,0.07405071140796275,0.10751293296328443,67.86666666666666,0.006968149307148869,0.037726250387907445,0.6773333333333335,0.00625925925925926,0.11771802998349447,0.05333333333333335,0.06066008086137006,0.014222388930565977,0.37789354443330525
96,65,2013-01-24,17,1,2012-2013,Limeira,Suzano,1,0.4045149741565684,0.28658467756368217,0.19105645170912147,0.059113679555831265,0.14594317291413503,0.04022655879153449,0.10571661412260053,0.08215435333265413,0.06226409647923716,1.3599999999999999,0.05144828096387189,0.12349028800679406,42.541333333333334,0.09552822585456074,0.18635244773517456,51.285333333333334,0.059113679555831265,0.07770924075320805,75.92266666666666,0.006594026950074284,0.030704670907386957,0.532,0.005630196673248866,0.10326716497384215,0.05266666666666667,0.06226409647923716,0.01277937901881468,0.4575964216000349,0.3824398139954,0.30595432201129114,0.2039695480075274,0.06923052167111951,0.1381473117657611,0.04692858342521295,0.09121872834054813,0.055995948544427486,0.08630663478567736,0.6686666666666667,0.03641324810558437,0.11219894436415355,32.233333333333334,0.1019847740037637,0.20308176971348554,50.26800000000001,0.06923052167111951,0.10132297015925931,68.00266666666667,0.0037112194384612478,0.037111768572820364,0.4593333333333333,0.011736601443764016,0.09980338522737127,0.12333333333333334,0.08630663478567736,0.015721498069992464,0.377963615638197
94,70,2013-01-24,17,1,2012-2013,Flamengo,Paulistano,1,0.4561387463591,0.36475220108607836,0.24316813405738563,0.10032392326601049,0.16821471765819251,0.04054889634523464,0.1276658213129579,0.06774490120069324,0.056696612514826224,1.4778571428571428,0.03754889634523463,0.09704428332576585,39.535000000000004,0.12158406702869282,0.20424934075290757,59.81285714285715,0.10032392326601049,0.13192207760858168,76.64214285714286,0.008949222854244413,0.03540603920237749,0.7399999999999999,0.006811528567805514,0.0971038670359389,0.06928571428571428,0.056696612514826224,0.00992887525825523,0.5453875350268518,0.3936666666666666,0.3373333333333334,0.22488888888888894,0.07177777777777779,0.17718518518518517,0.06281481481481482,0.11437037037037039,0.06829629629629631,0.07496296296296297,0.9420000000000001,0.03233333333333333,0.09366666666666666,35.45733333333333,0.11244444444444447,0.22270370370370374,50.79866666666667,0.07177777777777779,0.10981481481481482,64.83266666666667,0.015703703703703706,0.03314814814814816,0.4493333333333333,0.011185185185185185,0.10896296296296296,0.10666666666666667,0.07496296296296297,0.012592592592592594,0.44951851851851843
82,84,2013-01-24,17,1,2012-2013,L. Sorocabana,Minas,0,0.37737837145357506,0.3206187202845075,0.21374581352300506,0.08192866180073739,0.1356660324250113,0.04231303091481897,0.09335300151019235,0.05050610344006728,0.05692170788991567,0.9213333333333332,0.02723463204327757,0.09568812742890143,29.23333333333333,0.10687290676150253,0.20597811028665938,51.63933333333333,0.08192866180073739,0.11230797184449078,72.90133333333333,0.010746110235245894,0.04531722707373009,0.8420000000000002,0.008594382173742126,0.0976738130036174,0.08733333333333335,0.05692170788991567,0.010570073643559476,0.40355178340898906,0.4141486920942354,0.3239398774868539,0.21595991832456926,0.08114102368107079,0.1261838155886675,0.0347518333036594,0.09143198228500812,0.06898852792572102,0.06678919050417928,1.2066666666666668,0.039015916696198465,0.10526983826309877,36.48133333333333,0.10797995916228463,0.1896401863185926,57.16066666666666,0.08114102368107079,0.09999714875720257,80.616,0.0032973981142959954,0.03627690306537893,0.6006666666666667,0.009852953669851554,0.10683249597085516,0.09466666666666666,0.06678919050417928,0.015714662218903514,0.4564622153353704
85,70,2013-01-24,17,1,2012-2013,Bauru Basket,Espírito Santo,1,0.3992192246862313,0.3072486111729358,0.20483240744862383,0.06956250706659653,0.15908297337741,0.04876290031979872,0.11032007305761134,0.0707892629591363,0.060212713136266374,1.2550000000000001,0.04160810339033695,0.10920854821519292,39.49285714285715,0.10241620372431191,0.19743140819194044,52.404999999999994,0.06956250706659653,0.09408700018480852,75.02499999999999,0.008564498607410435,0.032099857451418225,0.6007142857142858,0.00803080147434983,0.09064776261722993,0.09428571428571428,0.060212713136266374,0.014756524618543623,0.46115028213833836,0.40299999999999997,0.267,0.178,0.09000000000000001,0.14100000000000001,0.04566666666666667,0.09533333333333333,0.058333333333333355,0.06933333333333333,0.9073333333333333,0.04500000000000001,0.12433333333333335,36.59533333333333,0.089,0.18333333333333332,48.67266666666667,0.09000000000000001,0.11466666666666668,77.39666666666668,0.006333333333333334,0.04200000000000001,0.636,0.008,0.10566666666666666,0.07733333333333334,0.06933333333333333,0.02,0.42933333333333323
91,87,2013-01-24,17,1,2012-2013,Uberlândia,Sesi Franca,1,0.41362568480007944,0.3092864428898421,0.20619096192656136,0.07338057468234892,0.15315324440869868,0.03672704710108414,0.1164261973076146,0.08805676518016851,0.06839190614062633,1.3553333333333333,0.04468471606372303,0.11744084722798492,38.23533333333333,0.10309548096328068,0.1761973830731843,59.00066666666667,0.07338057468234892,0.09006820452722739,81.1,0.014681208698255547,0.028356400930825643,0.44199999999999995,0.008004613519498459,0.09807451778506888,0.08733333333333333,0.06839190614062633,0.012349682992046689,0.4892964524165255,0.40651448583253735,0.37783285577841447,0.25188857051894303,0.06885036612543777,0.15856606176376953,0.043925183062718885,0.11464087870105062,0.08244221585482331,0.0718204393505253,1.371333333333333,0.028591849729385548,0.08301910219675263,34.5,0.12594428525947152,0.22499331423113658,56.021333333333345,0.06885036612543777,0.10538236230499841,64.82866666666665,0.01863673989175422,0.04916873607131489,0.8166666666666667,0.016940146450175105,0.09233747214262973,0.1873333333333333,0.0718204393505253,0.014303406558420887,0.5026383317414836
73,63,2013-01-24,17,1,2012-2013,Fortaleza B. C. / CFO,Coop/São José Basketball,1,0.3913277362574529,0.3254545280583283,0.2169696853722189,0.07432620635463612,0.156531303633519,0.04459160728572932,0.11193969634778969,0.06604087580864014,0.06161107795392037,1.1793333333333333,0.033343948176865965,0.10074303767241606,33.666000000000004,0.10848484268610945,0.21025179402550226,52.14933333333333,0.07432620635463612,0.09942744616131254,73.32266666666668,0.0060619661837900485,0.03463630921426467,0.6586666666666667,0.013029372145538719,0.10393012715694631,0.126,0.06161107795392037,0.014342727070792868,0.4451312053413451,0.42069585113665114,0.32112943043947106,0.2140862869596474,0.07844687730217956,0.16201379794878806,0.04123652823699818,0.12077726971178993,0.08937519377503748,0.07211418058516122,1.2953333333333332,0.042720895624941406,0.12056819653304279,35.54733333333333,0.1070431434798237,0.18824762281984933,56.68933333333333,0.07844687730217956,0.09749046410611692,79.45666666666666,0.0033950431229015044,0.035559957211114594,0.5033333333333333,0.01181657935225709,0.10127025301211903,0.12466666666666668,0.07211418058516122,0.008173569839489402,0.4964689884300496
52,74,2013-01-26,18,1,2012-2013,Tijuca,Paulistano,0,0.34421707995502154,0.28330555719950284,0.18887037146633526,0.07642849815549109,0.14013580319977903,0.03863940344439842,0.10149639975538063,0.051673354244343175,0.059795782288769216,0.9646666666666667,0.02630607011106508,0.09358487699986191,26.67866666666667,0.09443518573316763,0.1986322029551597,47.808,0.07642849815549109,0.10746244895543589,70.49933333333335,0.0033945473555463492,0.030367284133278105,0.5673333333333335,0.009455761377759365,0.0952515436665286,0.10400000000000001,0.059795782288769216,0.013727880688879686,0.35830555719950286,0.3883333333333333,0.33533333333333337,0.2235555555555556,0.06977777777777779,0.17685185185185184,0.06281481481481484,0.11403703703703703,0.06629629629629631,0.07329629629629632,0.9506666666666668,0.03166666666666667,0.09366666666666669,34.71666666666667,0.1117777777777778,0.22370370370370374,50.248666666666665,0.06977777777777779,0.10714814814814816,64.33000000000001,0.015370370370370371,0.031814814814814824,0.45399999999999996,0.011518518518518518,0.1082962962962963,0.11066666666666666,0.07329629629629632,0.01325925925925926,0.44085185185185183
90,57,2013-01-26,18,1,2012-2013,Brasília,Coop/São José Basketball,1,0.44143377127354955,0.30265518683989306,0.20177012455992868,0.08689211326387085,0.1643215498248552,0.04799697857135433,0.11632457125350089,0.08680124989149882,0.06302568836208783,1.5900000000000003,0.050923844483250026,0.13991780162595868,36.51199999999999,0.10088506227996434,0.18059675913181086,56.19533333333334,0.08689211326387085,0.10798297663624286,81.76199999999999,0.004333333333333333,0.04012390492447093,0.7393333333333333,0.01825083127758754,0.11456009026325725,0.1693333333333333,0.06302568836208783,0.014937544212256905,0.5341375090475761,0.42102918446998455,0.3181294304394712,0.21208628695964737,0.07678021063551288,0.16268046461545477,0.04023652823699819,0.1224439363784566,0.09070852710837082,0.0757808472518279,1.2719999999999998,0.04405422895827473,0.12290152986637613,35.89533333333334,0.10604314347982369,0.184914289486516,56.955999999999996,0.07678021063551288,0.0964904641061169,77.72466666666668,0.003061709789568172,0.036559957211114595,0.5013333333333333,0.012816579352257095,0.10227025301211903,0.13333333333333333,0.0757808472518279,0.010173569839489404,0.5004689884300496
79,67,2013-01-26,18,1,2012-2013,Joinville,Suzano,1,0.366851828854147,0.32983872629511574,0.21989248419674381,0.06857041207287512,0.16749077408741275,0.0550359990739591,0.11245477501345366,0.06274023632441482,0.08366033156557642,0.7926666666666669,0.02612964419484269,0.09839297404785668,26.494666666666667,0.10994624209837191,0.2176944923563295,50.26533333333334,0.06857041207287512,0.09647317471049723,72.336,0.009222222222222222,0.04185041372870987,0.514,0.017202917948788712,0.10420845579611156,0.17933333333333332,0.08366033156557642,0.01731908855496222,0.4097833478218874,0.37521882341747886,0.3048001425383229,0.20320009502554862,0.06985607381166131,0.13505737373986296,0.04623365052183545,0.0888237232180275,0.05563177931650052,0.08691933863680516,0.6626666666666667,0.03405421819342301,0.11014241189073189,30.45333333333333,0.10160004751277431,0.20129946844209273,50.47200000000001,0.06985607381166131,0.10026386802795484,69.36466666666666,0.0037112194384612478,0.04010405959917196,0.48466666666666663,0.011731462127998409,0.09941094976273344,0.12333333333333335,0.08691933863680516,0.016044552771794583,0.3710810977093749
102,85,2013-01-26,18,1,2012-2013,Flamengo,Pinheiros,1,0.45706282993516,0.36843538768033984,0.24562359178689325,0.0983023283816098,0.16733373648097966,0.040512303255552336,0.12682143322542735,0.06656190778731369,0.05691683834717114,1.4346666666666663,0.037712303255552325,0.09757466443738146,39.43933333333334,0.12281179589344662,0.20429938470271375,60.37800000000001,0.0983023283816098,0.1297939391013429,76.19933333333333,0.008685941330628118,0.036712303255552324,0.7519999999999999,0.006690759996618481,0.0962969425668763,0.06866666666666667,0.05691683834717114,0.009600283574371548,0.5456950326917284,0.4365555555555556,0.2808888888888889,0.18725925925925926,0.08351851851851852,0.14285185185185187,0.031148148148148154,0.11170370370370371,0.0831851851851852,0.06707407407407408,1.3573333333333333,0.055259259259259265,0.13203703703703704,42.97933333333333,0.09362962962962963,0.16785185185185186,56.28333333333334,0.08351851851851852,0.11211111111111112,73.03333333333333,0.008296296296296296,0.03403703703703704,0.5506666666666667,0.012814814814814817,0.10451851851851852,0.12733333333333335,0.06707407407407408,0.009962962962962962,0.5013333333333333
82,76,2013-01-26,18,1,2012-2013,L. Sorocabana,Espírito Santo,1,0.38504503812024177,0.3256187202845075,0.2170791468563384,0.08326199513407072,0.13533269909167797,0.04097969758148564,0.09435300151019235,0.0515061034400673,0.05692170788991568,0.9413333333333331,0.02823463204327757,0.09635479409556809,29.93466666666666,0.1085395734281692,0.20731144361999268,52.124,0.08326199513407072,0.11197463851115744,74.266,0.01041277690191256,0.04565056040706342,0.8486666666666668,0.008261048840408793,0.0976738130036174,0.084,0.05692170788991568,0.009570073643559475,0.41155178340898907,0.40599999999999997,0.26199999999999996,0.17466666666666664,0.09233333333333334,0.14433333333333334,0.046333333333333344,0.098,0.05900000000000002,0.06933333333333333,0.9173333333333332,0.046333333333333344,0.12533333333333335,37.705999999999996,0.08733333333333332,0.18233333333333332,48.09066666666668,0.09233333333333334,0.11533333333333334,79.154,0.006666666666666668,0.04133333333333334,0.6266666666666667,0.008,0.10300000000000001,0.07866666666666666,0.06933333333333333,0.020333333333333335,0.4356666666666666
91,59,2013-01-26,18,1,2012-2013,Bauru Basket,Minas,1,0.4009379430404825,0.3117653704280734,0.20784358028538225,0.06759167326215677,0.15881077515224934,0.048512040298478804,0.11029873485377058,0.07306997876186054,0.060865198927181945,1.2713333333333334,0.04183422983098116,0.11092797833418007,39.08200000000001,0.10392179014269112,0.19626931431247777,53.54066666666666,0.06759167326215677,0.09148120017248794,74.872,0.008993532033583074,0.03295986695465701,0.6033333333333334,0.008828748042726509,0.09093791177608126,0.102,0.060865198927181945,0.014772756310640714,0.46707359666244913,0.4164396054345803,0.3239117811278615,0.21594118741857435,0.08747050065140517,0.12483175134933928,0.03307965754699423,0.09175209380234506,0.06797971338172343,0.06911315838451518,1.18,0.03767597245486694,0.10092052856876978,37.056000000000004,0.10797059370928717,0.18895589056393075,57.39666666666665,0.08747050065140517,0.10765940815187044,80.37400000000001,0.002962962962962963,0.03794081518704635,0.6093333333333334,0.010185185185185186,0.10615205657919226,0.09799999999999999,0.06911315838451518,0.01637967615857063,0.4604137353433836
75,65,2013-01-26,18,1,2012-2013,Limeira,Palmeiras,1,0.40918164082323505,0.2935846775636822,0.19572311837578812,0.062113679555831254,0.1476098395808017,0.041893225458201164,0.10571661412260054,0.08382101999932082,0.06193076314590384,1.383333333333333,0.0504482809638719,0.12182362134012739,42.382666666666665,0.09786155918789406,0.19001911440184122,51.504000000000005,0.062113679555831254,0.08237590741987472,75.632,0.007594026950074284,0.031038004240720295,0.5380000000000001,0.006630196673248866,0.10226716497384217,0.06333333333333332,0.06193076314590384,0.013446045685481347,0.4672630882667016,0.35756144618793506,0.2720298201218648,0.18135321341457658,0.07105094476463175,0.13768801295738084,0.045979172123049056,0.09170884083433178,0.05257429952981079,0.06232721424137473,0.9686666666666667,0.035052429336242245,0.10937982694178985,32.153333333333336,0.09067660670728829,0.20282540754323977,45.07933333333334,0.07105094476463175,0.10484676634662277,66.33999999999999,0.006634882647149534,0.036393150411243115,0.6293333333333334,0.005259325932593259,0.11471856337016646,0.04866666666666667,0.06232721424137473,0.01422245560389998,0.3548952779399892
71,74,2013-01-26,18,1,2012-2013,Fortaleza B. C. / CFO,Mogi,0,0.3919944029241196,0.32445452805832825,0.21630301870555224,0.07365953968796947,0.159531303633519,0.044924940619062666,0.11460636301445636,0.06537420914197349,0.0629444112872537,1.1346666666666667,0.034010614843532634,0.10340970433908273,33.608666666666664,0.10815150935277612,0.20591846069216893,52.897333333333336,0.07365953968796947,0.09876077949464589,73.15200000000002,0.0060619661837900485,0.032302975880931346,0.5806666666666666,0.012696038812205384,0.1029301271569463,0.12399999999999999,0.0629444112872537,0.0156760604041262,0.44746453867467834,0.3636296296296296,0.28744444444444445,0.1916296296296296,0.08566666666666668,0.1588148148148148,0.04688888888888889,0.11192592592592596,0.057629629629629635,0.0754074074074074,0.9766666666666666,0.028777777777777784,0.09499999999999999,30.115333333333332,0.0958148148148148,0.21122222222222223,45.63733333333333,0.08566666666666668,0.11707407407407407,72.45333333333333,0.001925925925925926,0.029407407407407413,0.4466666666666667,0.005,0.11385185185185184,0.04533333333333333,0.0754074074074074,0.01388888888888889,0.37133333333333335
80,60,2013-01-28,5,1,2012-2013,Brasília,Bauru Basket,1,0.4461004379402162,0.313655186839893,0.20910345789326204,0.08722544659720417,0.1659882164915219,0.05066364523802099,0.1153245712535009,0.08513458322483215,0.05835902169542117,1.6440000000000003,0.049923844483250025,0.1389178016259587,36.11066666666667,0.10455172894663102,0.1849300924651442,57.05266666666667,0.08722544659720417,0.10798297663624286,82.36799999999998,0.003999999999999999,0.04045723825780427,0.8013333333333333,0.016250831277587537,0.11422675692992391,0.14933333333333332,0.05835902169542117,0.013937544212256904,0.540137509047576,0.4039379430404824,0.30476537042807333,0.20317691361871557,0.06825833992882344,0.15481077515224934,0.0445120402984788,0.11029873485377056,0.07573664542852722,0.06119853226051529,1.3099999999999998,0.04416756316431448,0.10926131166751339,41.07333333333334,0.10158845680935778,0.19293598097914444,53.312,0.06825833992882344,0.09248120017248794,74.912,0.00966019870024974,0.03562653362132367,0.6466666666666667,0.008828748042726509,0.0932712451094146,0.09999999999999999,0.06119853226051529,0.014439422977307381,0.4757402633291158
78,87,2013-01-28,5,1,2012-2013,Uberlândia,Flamengo,0,0.41595901813341274,0.3142864428898421,0.20952429525989472,0.07638057468234892,0.15581991107536536,0.03872704710108414,0.11709286397428126,0.08672343184683519,0.06805857280729301,1.3419999999999999,0.04335138273038971,0.1141075138946516,38.34066666666668,0.10476214762994736,0.1795307164065176,58.91266666666666,0.07638057468234892,0.09373487119389406,81.04133333333333,0.014347875364922213,0.027023067597492303,0.4266666666666667,0.008004613519498459,0.10007451778506887,0.08600000000000002,0.06805857280729301,0.013016349658713355,0.4929631190831922,0.46372949660182666,0.36543538768033984,0.24362359178689325,0.09996899504827647,0.17066706981431298,0.042178969922219006,0.12848809989209403,0.06689524112064703,0.05425017168050447,1.455333333333333,0.04004563658888565,0.09990799777071481,40.87533333333334,0.12181179589344662,0.20663271803604707,59.053333333333335,0.09996899504827647,0.13146060576800958,76.53466666666667,0.008685941330628118,0.03604563658888566,0.7559999999999999,0.006024093329951814,0.09596360923354298,0.06200000000000001,0.05425017168050447,0.009600283574371548,0.5540283660250616
65,75,2013-01-31,1,2,2012-2013,Tijuca,Minas,0,0.34297347539151957,0.2733728537768763,0.18224856918458424,0.07978598923454824,0.13516858871183277,0.03730952121759705,0.09785906749423573,0.05202394311033638,0.06015327336782636,0.9660000000000001,0.026979638990795696,0.09294064252565308,27.84133333333333,0.09112428459229212,0.1936856951064053,47.27066666666666,0.07978598923454824,0.11183029335408894,71.35666666666665,0.0027278806888796827,0.029710970786207356,0.5546666666666668,0.008790820264358684,0.09661076029885173,0.09066666666666667,0.06015327336782636,0.01407501844834091,0.3540671292957987,0.41995569623930573,0.3310205468205623,0.22068036454704157,0.08702543899158961,0.12794162802970813,0.035967929220511986,0.09197369880919615,0.06953502205113053,0.06748311727797145,1.2113333333333334,0.03741663090022485,0.09991978791032441,36.92733333333334,0.11034018227352078,0.19595403891781735,56.99266666666665,0.08702543899158961,0.10776965516146199,79.91866666666667,0.0033332921856419244,0.03808879874442885,0.6193333333333334,0.01025917696387644,0.10863263281146275,0.09600000000000002,0.06748311727797145,0.014713009491903966,0.46489320058798606
93,77,2013-01-31,1,2,2012-2013,Brasília,Sesi Franca,1,0.4431004379402162,0.3156551868398931,0.21043679122659537,0.08589211326387083,0.17265488315818855,0.05366364523802099,0.11899123792016757,0.08380124989149881,0.05935902169542117,1.5853333333333335,0.04892384448325003,0.13958446829262533,35.34733333333333,0.10521839561329768,0.1859300924651442,57.147999999999996,0.08589211326387083,0.10531630996957618,82.97133333333333,0.004,0.0407905715911376,0.7913333333333334,0.017250831277587537,0.11156009026325724,0.16066666666666665,0.05935902169542117,0.012937544212256904,0.5398041757142428,0.40551448583253735,0.37883285577841447,0.2525552371856097,0.07118369945877111,0.15189939509710285,0.04225851639605222,0.10964087870105062,0.07977554918815663,0.06882043935052533,1.382,0.027258516396052212,0.08435243553008595,32.254666666666665,0.12627761859280484,0.22099331423113658,57.076666666666675,0.07118369945877111,0.10838236230499841,64.90933333333332,0.01897007322508755,0.049168736071314875,0.8646666666666667,0.015940146450175104,0.09267080547596306,0.17866666666666664,0.06882043935052533,0.011303406558420888,0.492971665074817
87,82,2013-01-31,1,2,2012-2013,Bauru Basket,Coop/São José Basketball,1,0.40023423933677876,0.3012098148725178,0.2008065432483452,0.06914722881771233,0.15695892330039746,0.04454907733551584,0.11240984596488168,0.07532923802111981,0.061124458186441216,1.3053333333333332,0.04342682242357374,0.10729834870455043,40.809999999999995,0.1004032716241726,0.19530635134951482,52.01466666666666,0.06914722881771233,0.09451823720952499,74.28666666666666,0.009697235737286777,0.037441348436138486,0.6726666666666667,0.008902822116800583,0.0961601339983035,0.09733333333333333,0.061124458186441216,0.014217200755085157,0.47318470777356014,0.4143625178033179,0.31912943043947106,0.21275295362631402,0.07444687730217954,0.16334713128212144,0.040236528236998186,0.12311060304512327,0.08804186044170415,0.07444751391849455,1.254,0.042387562291608075,0.12123486319970946,35.06866666666667,0.10637647681315701,0.18791428948651598,56.27733333333333,0.07444687730217954,0.09482379743945026,76.39666666666668,0.0027283764562348383,0.036893290544447926,0.5106666666666666,0.012816579352257091,0.10160358634545236,0.13466666666666663,0.07444751391849455,0.00984023650615607,0.49046898843004955
81,74,2013-01-31,1,2,2012-2013,L. Sorocabana,Mogi,1,0.3880450381202418,0.3226187202845076,0.21507914685633844,0.0842619951340707,0.13266603242501132,0.038313030914818975,0.09435300151019235,0.05183943677340062,0.056588374556582346,0.9473333333333332,0.0295679653766109,0.09868812742890141,30.459999999999997,0.10753957342816922,0.20497811028665938,52.25266666666666,0.0842619951340707,0.11230797184449076,75.19733333333333,0.01007944356857923,0.04565056040706343,0.8493333333333335,0.008261048840408793,0.09700714633695075,0.08466666666666668,0.056588374556582346,0.010236740310226143,0.41355178340898896,0.36666666666666664,0.28700000000000003,0.1913333333333333,0.08833333333333333,0.16199999999999998,0.04600000000000001,0.11600000000000002,0.05766666666666667,0.07466666666666667,0.9846666666666665,0.029000000000000005,0.09466666666666665,30.560000000000002,0.09566666666666665,0.2116666666666667,45.47266666666667,0.08833333333333333,0.11866666666666666,74.31733333333334,0.0013333333333333333,0.028000000000000008,0.4286666666666667,0.005,0.11499999999999999,0.04533333333333333,0.07466666666666667,0.013333333333333334,0.3763333333333333
89,68,2013-01-31,1,2,2012-2013,Limeira,Paulistano,1,0.40484830748990164,0.28858467756368217,0.19238978504245483,0.05911367955583126,0.150943172914135,0.0432265587915345,0.10771661412260053,0.0848210199993208,0.06226409647923716,1.390666666666667,0.05111494763053857,0.12149028800679407,43.071333333333335,0.09619489252122741,0.19335244773517454,49.69466666666666,0.05911367955583126,0.07970924075320805,74.41000000000001,0.008260693616740951,0.03203800424072029,0.554,0.006630196673248865,0.09893383164050883,0.06666666666666667,0.06226409647923716,0.014446045685481345,0.46492975493336824,0.3813333333333333,0.33433333333333337,0.22288888888888891,0.06444444444444446,0.17585185185185187,0.061814814814814836,0.11403703703703703,0.06162962962962965,0.07129629629629629,0.9153333333333334,0.03133333333333333,0.091,35.571333333333335,0.11144444444444446,0.22503703703703704,49.712,0.06444444444444446,0.10081481481481483,63.349333333333334,0.013037037037037036,0.028481481481481483,0.42533333333333334,0.011518518518518518,0.10762962962962962,0.11066666666666666,0.07129629629629629,0.01325925925925926,0.4275185185185185
79,87,2013-01-31,1,2,2012-2013,Suzano,Palmeiras,0,0.3735521567508123,0.3028001425383229,0.20186676169221526,0.07552274047832798,0.13605737373986296,0.04656698385516877,0.08949038988469418,0.05329844598316719,0.0872526719701385,0.634,0.03205421819342301,0.10480907855739854,29.628,0.10093338084610763,0.1979661351087594,50.99800000000001,0.07552274047832798,0.10759720136128818,70.05866666666667,0.0033778861051279147,0.03677072626583862,0.4446666666666667,0.01106479546133174,0.09707761642940012,0.11866666666666667,0.0872526719701385,0.01704455277179458,0.3707477643760416,0.3558207054471943,0.27014093123297594,0.1800939541553173,0.06968057439426138,0.1407250499944179,0.04568287582675276,0.09504217416766511,0.05335207730758858,0.06536425127841176,0.9366666666666668,0.03534872563253855,0.10971316027512318,32.31133333333334,0.09004697707765864,0.20212170383953607,44.903333333333336,0.06968057439426138,0.10236528486514128,67.054,0.006671919684186571,0.03535611337420608,0.5906666666666668,0.005000066673333999,0.11271856337016646,0.048,0.06536425127841176,0.014666900048344422,0.35311750016221144
60,72,2013-01-31,1,2,2012-2013,Fortaleza B. C. / CFO,Uberlândia,0,0.39299440292411963,0.32545452805832825,0.21696968537221892,0.07299287302130278,0.15686463696685235,0.04192494061906266,0.1149396963477897,0.06137420914197349,0.055944411287253706,1.140666666666667,0.034343948176865965,0.10540970433908271,33.608666666666664,0.10848484268610946,0.20391846069216896,53.599333333333334,0.07299287302130278,0.09776077949464589,73.20466666666668,0.0060619661837900485,0.031969642547598015,0.6946666666666665,0.01336270547887205,0.10193012715694631,0.13066666666666665,0.055944411287253706,0.013009393737459535,0.4471312053413451,0.4146256848000794,0.3102864428898421,0.20685762859322804,0.07571390801568226,0.1568199110753654,0.03872704710108414,0.11809286397428125,0.08572343184683519,0.067058572807293,1.3733333333333333,0.04401804939705637,0.11344084722798493,39.25,0.10342881429661402,0.18219738307318428,57.51266666666667,0.07571390801568226,0.09440153786056074,79.37466666666666,0.013014542031588883,0.026689734264158972,0.4313333333333334,0.00800461351949846,0.09907451778506887,0.08733333333333332,0.067058572807293,0.012683016325380025,0.4892964524165256
96,77,2013-01-31,1,2,2012-2013,Flamengo,Espírito Santo,1,0.46539616326849326,0.3644353876803399,0.24295692512022657,0.0983023283816098,0.1713337364809796,0.04251230325555234,0.12882143322542736,0.0675619077873137,0.049583505013837806,1.7193333333333327,0.04137896992221899,0.1009079977707148,41.973333333333336,0.12147846256011328,0.20729938470271375,58.74333333333333,0.0983023283816098,0.12912727243467625,76.75666666666666,0.009685941330628119,0.03404563658888566,0.7873333333333332,0.006690759996618481,0.09596360923354298,0.07000000000000002,0.049583505013837806,0.008600283574371549,0.5586950326917283,0.412,0.262,0.17466666666666666,0.09733333333333333,0.14100000000000001,0.04466666666666667,0.09633333333333334,0.058000000000000024,0.06866666666666667,0.9093333333333331,0.046666666666666676,0.12466666666666668,38.18866666666667,0.08733333333333333,0.18066666666666667,48.458000000000006,0.09733333333333333,0.12166666666666669,79.776,0.007333333333333334,0.04100000000000001,0.6273333333333333,0.007333333333333333,0.10566666666666666,0.06866666666666667,0.06866666666666667,0.020000000000000004,0.4393333333333333
63,71,2013-02-02,2,2,2012-2013,Joinville,Paulistano,0,0.3695184955208137,0.32983872629511574,0.21989248419674381,0.0702370787395418,0.1651574407540794,0.05470266574062577,0.11045477501345366,0.06474023632441482,0.07999366489890976,0.8686666666666667,0.02646297752817602,0.10072630738119003,26.097333333333335,0.10994624209837191,0.2156944923563295,50.76533333333334,0.0702370787395418,0.09680650804383055,73.61399999999999,0.009222222222222222,0.043517080395376544,0.5653333333333335,0.017869584615455382,0.10320845579611154,0.18466666666666667,0.07999366489890976,0.01831908855496222,0.4191166811552207,0.3785207854118744,0.3281127112711271,0.21874180751408476,0.06311151115111512,0.17166770010334365,0.06055602226889357,0.1111116778344501,0.06155602226889356,0.07196356302296897,0.9079999999999999,0.03222248891555822,0.09392669266926693,35.38999999999999,0.10937090375704238,0.21881588158815884,50.12133333333334,0.06311151115111512,0.0994821482148215,62.90466666666668,0.013814981498149815,0.028000100010001003,0.418,0.011888955562222891,0.10722292229222921,0.11466666666666667,0.07196356302296897,0.011888988898889888,0.42040980764743136
102,80,2013-02-02,2,2,2012-2013,Brasília,Uberlândia,1,0.4447671046068829,0.3166551868398931,0.21110345789326204,0.08289211326387085,0.1733215498248552,0.05233031190468765,0.12099123792016757,0.08646791655816548,0.06335902169542115,1.504,0.050257177816583364,0.139251134959292,36.55866666666666,0.10555172894663102,0.1845967591318108,57.74333333333333,0.08289211326387085,0.1013163099695762,82.78666666666668,0.003666666666666666,0.042457238257804265,0.7353333333333333,0.01658416461092087,0.10856009026325725,0.15666666666666665,0.06335902169542115,0.013604210878923573,0.5458041757142428,0.41762568480007933,0.31228644288984203,0.20819096192656136,0.07738057468234892,0.1598199110753654,0.03872704710108414,0.12109286397428125,0.08505676518016853,0.06572523947395965,1.3826666666666663,0.044018049397056364,0.11310751389465158,39.40266666666667,0.10409548096328068,0.18486404973985093,57.18466666666667,0.07738057468234892,0.09740153786056076,79.00399999999999,0.013347875364922214,0.0250230675974923,0.41133333333333333,0.008671280186165127,0.09874118445173555,0.094,0.06572523947395965,0.013683016325380024,0.4942964524165256
82,74,2013-02-02,2,2,2012-2013,Tijuca,Espírito Santo,1,0.33930680872485297,0.2703728537768763,0.1802485691845842,0.0771193225678816,0.13616858871183277,0.035976187884263724,0.10019240082756907,0.05335727644366971,0.06181994003449302,0.9666666666666667,0.02731297232412903,0.09360730919231973,28.02533333333333,0.0901242845922921,0.19368569510640526,46.699333333333335,0.0771193225678816,0.10816362668742226,71.30066666666669,0.0027278806888796827,0.029377637452874018,0.5206666666666667,0.008790820264358684,0.09594409363218506,0.09066666666666669,0.06181994003449302,0.014075018448340908,0.3494004626291321,0.4086666666666666,0.2700000000000001,0.18000000000000002,0.09466666666666668,0.1426666666666667,0.046000000000000006,0.09666666666666666,0.05366666666666668,0.06800000000000002,0.8633333333333332,0.044666666666666674,0.12433333333333335,36.66666666666666,0.09000000000000001,0.18366666666666667,49.098666666666674,0.09466666666666668,0.11900000000000001,79.31199999999998,0.007333333333333333,0.04033333333333334,0.622,0.006666666666666668,0.10633333333333335,0.06200000000000001,0.06800000000000002,0.01966666666666667,0.43033333333333335
66,65,2013-02-02,2,2,2012-2013,L. Sorocabana,Coop/São José Basketball,1,0.3953783714535752,0.32061872028450755,0.2137458135230051,0.08592866180073738,0.1356660324250113,0.04064636424815231,0.095019668176859,0.05517277010673395,0.05692170788991568,0.9973333333333333,0.03190129870994424,0.10235479409556808,31.202666666666666,0.10687290676150255,0.2043114436199927,51.996,0.08592866180073738,0.11330797184449075,76.09066666666666,0.009079443568579228,0.0463172270737301,0.8586666666666668,0.008261048840408793,0.0966738130036174,0.08466666666666668,0.05692170788991568,0.010570073643559476,0.426551783408989,0.41314627173313345,0.3177761293943525,0.21185075292956831,0.0794076216304997,0.16247764364510894,0.040530605898651685,0.12194703774645728,0.08859730270527795,0.07064345240094846,1.3266666666666667,0.04062929905768845,0.12107784051299013,33.68,0.10592537646478416,0.18836504995894357,55.87866666666667,0.0794076216304997,0.1004381232105438,76.99666666666668,0.0027283764562348383,0.036854034872768095,0.5313333333333333,0.012810036740310452,0.10115248599707952,0.13466666666666666,0.07064345240094846,0.009493817948929457,0.4898474402951188
87,84,2013-02-02,2,2,2012-2013,Bauru Basket,Mogi,1,0.4022342393367787,0.30420981487251775,0.2028065432483452,0.07114722881771232,0.15929225663373084,0.04354907733551583,0.11574317929821501,0.0733292380211198,0.0607911248531079,1.2766666666666666,0.04276015575690708,0.10663168203788377,40.40866666666667,0.1014032716241726,0.19630635134951482,52.24733333333332,0.07114722881771232,0.09451823720952499,76.19133333333333,0.008697235737286778,0.038108015102805155,0.6920000000000002,0.009902822116800583,0.09716013399830349,0.108,0.0607911248531079,0.014550534088418495,0.47785137444022685,0.369,0.281,0.18733333333333332,0.08966666666666669,0.156,0.044333333333333336,0.11166666666666666,0.05866666666666668,0.07433333333333333,1.004,0.03066666666666667,0.096,31.738,0.09366666666666666,0.2096666666666667,44.842666666666666,0.08966666666666669,0.11933333333333332,75.08999999999999,0.0013333333333333333,0.027666666666666673,0.42466666666666675,0.005666666666666666,0.11233333333333334,0.052,0.07433333333333333,0.014666666666666666,0.376
87,88,2013-02-02,2,2,2012-2013,Fortaleza B. C. / CFO,Sesi Franca,0,0.38787321975177413,0.31204098384858414,0.2080273225657228,0.07718280331886498,0.15993720534246714,0.04378153758329152,0.11615566775917562,0.06069261129319594,0.05573954980758064,1.1340000000000001,0.03422103128906213,0.10814338441550775,32.35,0.1040136612828614,0.20409901477347664,51.471333333333334,0.07718280331886498,0.10318161238570486,73.91399999999999,0.005687660554522102,0.03288769795572879,0.7146666666666666,0.013967913701636794,0.1008742236789008,0.13933333333333334,0.05573954980758064,0.01298890758949223,0.4386002992096534,0.40451448583253735,0.37183285577841446,0.247888570518943,0.07085036612543777,0.14889939509710287,0.04125851639605222,0.10764087870105062,0.08144221585482331,0.06982043935052532,1.3946666666666663,0.028591849729385548,0.08668576886341929,32.558,0.1239442852594715,0.2173266475644699,56.84400000000001,0.07085036612543777,0.10704902897166507,65.72333333333331,0.018303406558420887,0.047502069404648205,0.8300000000000001,0.015273479783508438,0.09467080547596307,0.17133333333333328,0.06982043935052532,0.010970073225087555,0.4873049984081503
90,77,2013-02-02,2,2,2012-2013,Flamengo,Minas,1,0.4633961632684933,0.36643538768033995,0.24429025845355987,0.09596899504827647,0.16700040314764628,0.03884563658888566,0.12815476655876068,0.07189524112064705,0.0505835050138378,1.774666666666666,0.041045636588885666,0.10057466443738147,41.75666666666667,0.12214512922677993,0.20596605136938043,59.50066666666667,0.09596899504827647,0.12412727243467625,77.588,0.009685941330628119,0.03571230325555232,0.8113333333333332,0.007024093329951814,0.09196360923354298,0.07333333333333335,0.0505835050138378,0.009933616907704883,0.5610283660250616,0.4191779184615279,0.3329094357094512,0.2219396238063008,0.08743284639899701,0.13223792432600442,0.038004966257549025,0.0942329580684554,0.06657205908816757,0.06885348764834182,1.1260000000000001,0.03660181608541004,0.09866052865106517,36.21333333333333,0.1109698119031504,0.19739848336226182,56.92733333333332,0.08743284639899701,0.10873261812442496,79.66266666666667,0.003036995889345628,0.037459169114799226,0.5886666666666666,0.009407325112024589,0.11000300318183309,0.08533333333333334,0.06885348764834182,0.013861157640052114,0.4613746820694676
83,69,2013-02-05,3,2,2012-2013,Paulistano,Palmeiras,1,0.3741874520785411,0.3271127112711271,0.21807514084741808,0.06044484448444845,0.16766770010334367,0.06222268893556023,0.10544501116778345,0.05788935560222689,0.06963022968963563,0.8853333333333333,0.03188915558222489,0.09392669266926694,34.83466666666666,0.10903757042370904,0.21914921492149217,49.86933333333333,0.06044484448444845,0.09814881488148815,61.872666666666674,0.012481648164816481,0.029333433343334332,0.44466666666666665,0.011555622228889555,0.1058895889588959,0.11400000000000002,0.06963022968963563,0.012222322232223222,0.41107647431409805,0.3650084184712544,0.2720076516278785,0.18133843441858566,0.07266823369008568,0.1460040842293782,0.04800140031507527,0.0980026839143029,0.05633480032174259,0.06633463358839009,0.9693333333333335,0.037000583454194394,0.11333540040675735,32.618,0.09066921720929283,0.19900570122028458,45.858666666666664,0.07266823369008568,0.10766900050845293,67.60933333333334,0.007000316735849628,0.03666723344002317,0.5986666666666666,0.006666733340000665,0.11466920055346372,0.06066666666666666,0.06633463358839009,0.015000233381677755,0.37467556863213214
72,64,2013-02-05,3,2,2012-2013,Espírito Santo,Limeira,1,0.4066666666666666,0.2780000000000001,0.18533333333333335,0.09433333333333334,0.14633333333333334,0.046000000000000006,0.10033333333333334,0.05300000000000001,0.06433333333333334,0.9373333333333334,0.04233333333333334,0.12533333333333335,34.285999999999994,0.09266666666666667,0.18466666666666667,50.252,0.09433333333333334,0.11833333333333336,79.464,0.007000000000000001,0.04166666666666667,0.712,0.006333333333333334,0.10700000000000001,0.05800000000000001,0.06433333333333334,0.019333333333333334,0.434,0.4093297889713832,0.2892513442303489,0.19283422948689924,0.05970627214842386,0.14864687661783874,0.04207841064338635,0.10656846597445238,0.08700620518450598,0.06115298536812606,1.4553333333333334,0.05226309577868671,0.12063843615494221,44.275333333333336,0.09641711474344962,0.19153763292035972,50.62733333333333,0.05970627214842386,0.07978331482728214,75.00266666666668,0.008001434357481692,0.03451948572220177,0.6093333333333334,0.008000567043619235,0.09982272052939774,0.07800000000000001,0.06115298536812606,0.014223823463259124,0.4780779030815165
68,83,2013-02-05,3,2,2012-2013,Mogi,Tijuca,0,0.37433333333333335,0.284,0.18933333333333335,0.08499999999999999,0.15466666666666665,0.043333333333333335,0.11133333333333333,0.06266666666666669,0.07133333333333333,1.0799999999999998,0.03333333333333334,0.09866666666666667,33.593333333333334,0.09466666666666668,0.20766666666666672,45.86066666666667,0.08499999999999999,0.11233333333333334,75.24066666666667,0.0013333333333333333,0.02666666666666667,0.4326666666666667,0.005000000000000001,0.111,0.04666666666666666,0.07133333333333333,0.013000000000000001,0.3866666666666667,0.34164014205818627,0.2803728537768764,0.1869152358512509,0.07278598923454825,0.1395019220451661,0.03497618788426372,0.10452573416090241,0.05169060977700305,0.058819940034493014,0.9719999999999999,0.02731297232412903,0.09194064252565307,28.558666666666667,0.09345761792562544,0.19635236177307194,48.056666666666665,0.07278598923454825,0.10416362668742227,69.54333333333334,0.0030612140222130158,0.02704430411954068,0.5033333333333333,0.00812415359769202,0.09694409363218505,0.08266666666666667,0.058819940034493014,0.01307501844834091,0.35473379596246535
82,84,2013-02-05,3,2,2012-2013,Coop/São José Basketball,Flamengo,0,0.41021159866419044,0.3133244132286047,0.20888294215240313,0.08033280984556875,0.16277025138712095,0.04019632407993096,0.12257392730718998,0.08663233738427494,0.06901182041327876,1.3213333333333332,0.04033194888873949,0.12133446509061772,33.332,0.10444147107620157,0.18691617924935794,55.46000000000001,0.08033280984556875,0.10214077304159484,76.61600000000001,0.0024319747726732756,0.034963881336696014,0.5173333333333333,0.012254165022959099,0.10241005906009451,0.12599999999999997,0.06901182041327876,0.00986408293203456,0.48420727193896257,0.46472949660182666,0.3684353876803399,0.24562359178689322,0.09596899504827647,0.1630004031476463,0.040178969922219,0.12282143322542735,0.07289524112064703,0.0505835050138378,1.7906666666666664,0.041045636588885666,0.10224133110404814,41.26800000000001,0.12281179589344661,0.20763271803604713,59.352,0.09596899504827647,0.12379393910134293,77.81,0.009352607997294786,0.03804563658888566,0.8473333333333333,0.0066907599966184814,0.09096360923354298,0.07066666666666668,0.0505835050138378,0.012600283574371549,0.561361699358395
85,64,2013-02-05,3,2,2012-2013,Sesi Franca,L. Sorocabana,1,0.40918115249920406,0.3648328557784145,0.24322190385227638,0.07518369945877108,0.14856606176376955,0.03959184972938555,0.10897421203438397,0.08077554918815663,0.07115377268385865,1.2613333333333332,0.030258516396052215,0.08501910219675263,35.66266666666666,0.12161095192613819,0.21732664756446993,55.78333333333334,0.07518369945877108,0.11071569563833174,66.81133333333332,0.017970073225087552,0.04683540273798154,0.7466666666666667,0.015940146450175104,0.09667080547596306,0.17799999999999996,0.07115377268385865,0.011636739891754223,0.49130499840815034,0.3927117047869085,0.3176187202845076,0.21174581352300506,0.08126199513407072,0.1356660324250113,0.039979697581485646,0.09568633484352568,0.056839436773400615,0.05825504122324901,1.0026666666666666,0.03323463204327757,0.1043547940955681,31.932666666666663,0.10587290676150253,0.20431144361999273,51.495999999999995,0.08126199513407072,0.10797463851115743,75.78266666666667,0.009412776901912561,0.04665056040706343,0.8420000000000001,0.00892771550707546,0.0976738130036174,0.09200000000000003,0.05825504122324901,0.012570073643559476,0.425551783408989
94,83,2013-02-05,3,2,2012-2013,Uberlândia,Bauru Basket,1,0.4205292950677741,0.31620627923796246,0.21080418615864166,0.0787038760342879,0.1554427963326421,0.03838402578301947,0.11705877054962262,0.08370778808069286,0.06670937086996448,1.3453333333333333,0.043673744291614865,0.11174441513403079,39.542666666666676,0.10540209307932083,0.1851505844133349,57.81000000000001,0.0787038760342879,0.09838952061869606,80.06466666666668,0.012344487158264889,0.024351146622508143,0.39533333333333337,0.008337245379738296,0.09871936006632938,0.09000000000000001,0.06670937086996448,0.014014483557053184,0.49185422199401424,0.40890090600344536,0.3042098148725178,0.2028065432483452,0.07181389548437898,0.15929225663373084,0.04554907733551583,0.11374317929821502,0.07366257135445313,0.059457791519774546,1.2979999999999998,0.044760155756907075,0.11163168203788378,40.442,0.1014032716241726,0.19597301801618147,52.348,0.07181389548437898,0.09551823720952499,75.986,0.007697235737286778,0.039774681769471826,0.7206666666666668,0.010569488783467251,0.0951601339983035,0.11733333333333333,0.059457791519774546,0.014883867421751826,0.4861847077735602
78,69,2013-02-05,3,2,2012-2013,Minas,Joinville,1,0.4115112517948613,0.3329094357094512,0.2219396238063008,0.08676617973233033,0.1342379243260044,0.039004966257549026,0.09523295806845541,0.061905392421500914,0.06918682098167514,1.0513333333333332,0.0342684827520767,0.09632719531773183,34.37133333333334,0.1109698119031504,0.19873181669559514,56.56599999999999,0.08676617973233033,0.10973261812442496,78.48066666666666,0.0023703292226789617,0.03512583578146589,0.5513333333333333,0.008073991778691256,0.1100030031818331,0.07333333333333333,0.06918682098167514,0.012861157640052114,0.4447080154028009,0.3661851621874803,0.32883872629511574,0.21922581753007717,0.06857041207287513,0.16382410742074607,0.055702665740625774,0.10812144168012032,0.06374023632441482,0.07966033156557643,0.8593333333333334,0.02612964419484269,0.1003929740478567,25.803333333333335,0.10961290876503858,0.21436115902299618,50.89533333333335,0.06857041207287513,0.09580650804383056,72.14266666666667,0.010222222222222221,0.04185041372870989,0.5493333333333333,0.018202917948788713,0.10587512246277822,0.18533333333333335,0.07966033156557643,0.01831908855496222,0.4134500144885541
87,82,2013-02-07,4,2,2012-2013,Pinheiros,Palmeiras,1,0.43555555555555553,0.28388888888888886,0.18925925925925924,0.07551851851851851,0.13951851851851854,0.03081481481481482,0.10870370370370372,0.08518518518518518,0.06540740740740741,1.4259999999999997,0.05692592592592593,0.13637037037037036,42.596,0.09462962962962962,0.16651851851851854,57.30733333333334,0.07551851851851851,0.10444444444444446,71.14533333333334,0.008296296296296296,0.0337037037037037,0.5660000000000001,0.012814814814814817,0.10218518518518517,0.128,0.06540740740740741,0.009296296296296297,0.4993333333333333,0.3623417518045878,0.2680076516278785,0.17867176775191898,0.07466823369008568,0.1460040842293782,0.04766806698174194,0.09833601724763624,0.05366813365507594,0.06900130025505676,0.8780000000000001,0.03633391678752772,0.11266873374009069,32.163333333333334,0.08933588387595949,0.19633903455361787,45.76466666666667,0.07466823369008568,0.11100233384178627,67.30466666666666,0.006666983402516296,0.03833390010668984,0.6066666666666667,0.007333400006667332,0.11300253388679704,0.06666666666666667,0.06900130025505676,0.01566690004834442,0.37100890196546543
85,87,2013-02-07,4,2,2012-2013,Suzano,Paulistano,0,0.3738854900841456,0.30580014253832294,0.20386676169221524,0.07385607381166132,0.13939070707319626,0.0459003171885021,0.09349038988469417,0.05296511264983385,0.08958600530347183,0.6146666666666667,0.032054218193423,0.10380907855739854,29.996000000000002,0.10193338084610762,0.19929946844209276,51.20466666666667,0.07385607381166132,0.1069305346946215,68.78600000000002,0.0037112194384612478,0.036104059599171956,0.43000000000000005,0.010731462127998408,0.09741094976273344,0.11466666666666668,0.08958600530347183,0.01771121943846125,0.372081097709375,0.3721874520785411,0.3181127112711271,0.21207514084741808,0.062444844484448446,0.16333436677001031,0.0598893556022269,0.10344501116778343,0.05755602226889357,0.06863022968963564,0.8933333333333332,0.03255582224889156,0.09326002600260025,35.71333333333334,0.10603757042370904,0.21414921492149214,49.63133333333334,0.062444844484448446,0.09948214821482146,62.75266666666668,0.013148314831483147,0.029000100010000994,0.4473333333333333,0.011222288895556225,0.10355625562556256,0.11266666666666669,0.06863022968963564,0.013222322232223221,0.4090764743140981
67,59,2013-02-07,4,2,2012-2013,Espírito Santo,Joinville,1,0.40800000000000003,0.28400000000000003,0.18933333333333335,0.09666666666666666,0.14800000000000002,0.045333333333333344,0.10266666666666667,0.05366666666666668,0.064,0.9586666666666669,0.04066666666666667,0.12433333333333335,33.053999999999995,0.09466666666666668,0.18666666666666665,50.84266666666667,0.09666666666666666,0.12033333333333335,80.48866666666666,0.007333333333333334,0.04266666666666667,0.7373333333333333,0.006666666666666667,0.10533333333333335,0.06466666666666666,0.064,0.01966666666666667,0.439,0.35618516218748036,0.3128387262951158,0.20855915086341048,0.06423707873954179,0.15782410742074607,0.05436933240729243,0.10345477501345364,0.06240690299108149,0.07899366489890977,0.8526666666666667,0.027796310861509355,0.10172630738119004,27.16666666666667,0.10427957543170524,0.21002782568966286,49.60866666666667,0.06423707873954179,0.09180650804383056,70.61466666666665,0.009222222222222222,0.04118374706204322,0.5473333333333332,0.01986958461545538,0.10520845579611154,0.204,0.07899366489890977,0.01665242188829555,0.395450014488554
81,61,2013-02-07,4,2,2012-2013,Minas,Limeira,1,0.4092130061808262,0.33196206728839855,0.22130804485893235,0.08367846043408472,0.1346765208172325,0.03918040485404026,0.09549611596319227,0.06139662049167636,0.07350261045535937,0.9626666666666666,0.034742166962603016,0.09492368654580201,35.59333333333334,0.11065402242946618,0.20073181669559517,55.760666666666665,0.08367846043408472,0.10571507426477583,78.50466666666667,0.0023703292226789617,0.03731881823760624,0.5366666666666667,0.009144167217287748,0.10933633651516646,0.084,0.07350261045535937,0.013580455885666148,0.4415676645256079,0.4053383257194157,0.2862569464712452,0.19083796431416347,0.05770707246855191,0.152651545151919,0.04407974451026643,0.10857180064165257,0.08300727227801004,0.05848725240827545,1.4426666666666665,0.05226442964556678,0.12197537092885179,43.846,0.09541898215708174,0.19254296838788007,49.897333333333336,0.05770707246855191,0.07878478208085023,72.92533333333334,0.008334901077503034,0.03352015265564182,0.6213333333333334,0.00866763387034993,0.10282605519659795,0.082,0.05848725240827545,0.013557156796592456,0.4724199065495704
81,65,2013-02-07,4,2,2012-2013,Coop/São José Basketball,Tijuca,1,0.4155449319975238,0.3213244132286048,0.21421627548573646,0.07933280984556876,0.1614369180537876,0.038862990746597624,0.12257392730719,0.08696567071760826,0.06634515374661208,1.3840000000000001,0.04066528222207282,0.11866779842395105,34.385999999999996,0.10710813774286823,0.19058284591602462,55.85800000000001,0.07933280984556876,0.1004741063749282,76.94200000000001,0.0027653081060066086,0.034297214670029344,0.522,0.011920831689625766,0.10074339239342785,0.12466666666666666,0.06634515374661208,0.00986408293203456,0.4922072719389626,0.3503068087248529,0.2793728537768763,0.18624856918458424,0.08111932256788158,0.1381685887118328,0.03330952121759706,0.10485906749423574,0.05235727644366971,0.06281994003449302,0.8573333333333334,0.027646305657462362,0.08960730919231974,29.758666666666667,0.09312428459229212,0.1930190284397386,48.52333333333333,0.08111932256788158,0.11449696002075561,69.18,0.0027278806888796827,0.028377637452874017,0.45333333333333337,0.00812415359769202,0.09827742696551839,0.08133333333333334,0.06281994003449302,0.014408351781674242,0.3670671292957987
80,82,2013-02-07,4,2,2012-2013,Sesi Franca,Bauru Basket,0,0.40384781916587076,0.3578328557784145,0.2385552371856097,0.07551703279210444,0.14723272843043617,0.03859184972938555,0.10864087870105063,0.0784422158548233,0.07282043935052532,1.2146666666666668,0.029925183062718883,0.08601910219675264,34.84799999999999,0.11927761859280485,0.21365998089780325,55.84333333333334,0.07551703279210444,0.10971569563833171,67.67533333333333,0.016970073225087555,0.04683540273798153,0.7360000000000001,0.013940146450175108,0.09767080547596306,0.15399999999999997,0.07282043935052532,0.011636739891754223,0.4786383317414837,0.4122712763738157,0.3055431482058511,0.2036954321372341,0.07240648807697157,0.15647744181891604,0.04454907733551583,0.1119283644834002,0.07788479357667535,0.05916149522347826,1.408,0.04538978538653671,0.11059464500084673,41.39066666666667,0.10184771606861705,0.19882486986803333,51.896,0.07240648807697157,0.09525897795026572,76.92733333333332,0.008363902403953443,0.04040431139910146,0.7426666666666667,0.010013933227911694,0.09612309696126647,0.10933333333333334,0.05916149522347826,0.01521720075508516,0.4909254485143009
84,81,2013-02-07,4,2,2012-2013,Uberlândia,L. Sorocabana,1,0.4201959617344408,0.3232062792379624,0.21547085282530834,0.07470387603428791,0.15477612966597543,0.03838402578301947,0.11639210388295593,0.08470778808069286,0.06670937086996448,1.3593333333333333,0.043340410958281526,0.10874441513403076,40.24400000000001,0.10773542641265417,0.18748391774666825,58.296,0.07470387603428791,0.09338952061869606,80.50800000000001,0.013011153824931555,0.024684479955841478,0.4006666666666668,0.00967057871307163,0.09338602673299602,0.10733333333333334,0.06670937086996448,0.013014483557053183,0.49518755532734754,0.39348937205035267,0.3197046562303998,0.21313643748693323,0.0806168124538771,0.13537924772903626,0.04132198257584941,0.09405726515318684,0.05885375943104932,0.06160985854305539,1.0006666666666666,0.03324537403651409,0.10837985874645331,30.613999999999997,0.10656821874346661,0.20137947624382407,52.82666666666667,0.0806168124538771,0.10701223548748526,75.67733333333332,0.009081233900785314,0.04766667339691821,0.8286666666666668,0.008929505839281548,0.09903937231666028,0.09133333333333335,0.06160985854305539,0.013573654307971651,0.42633661200125744
59,63,2013-02-14,5,2,2012-2013,Tijuca,Sesi Franca,0,0.34897347539151957,0.2793728537768763,0.18624856918458424,0.07678598923454824,0.1405019220451661,0.034309521217597054,0.10619240082756908,0.05435727644366971,0.06448660670115967,0.8673333333333333,0.028646305657462356,0.09194064252565307,29.980666666666664,0.09312428459229212,0.19168569510640526,49.11866666666667,0.07678598923454824,0.10949696002075561,68.28266666666667,0.002394547355546349,0.02737763745287402,0.42066666666666663,0.00912415359769202,0.09861076029885171,0.09333333333333334,0.06448660670115967,0.014075018448340908,0.3680671292957987,0.40599999999999997,0.35400000000000004,0.23600000000000004,0.076,0.14833333333333334,0.041,0.10733333333333334,0.07833333333333334,0.07233333333333333,1.2246666666666668,0.03133333333333334,0.08600000000000002,36.260666666666665,0.11800000000000002,0.21533333333333335,54.90800000000001,0.076,0.11199999999999997,67.1,0.017333333333333333,0.046333333333333344,0.7346666666666668,0.014000000000000004,0.09733333333333333,0.1553333333333333,0.07233333333333333,0.011333333333333332,0.4800000000000001
88,86,2013-02-14,5,2,2012-2013,Pinheiros,Paulistano,1,0.4343333333333333,0.284,0.18933333333333333,0.073,0.13766666666666666,0.03066666666666668,0.10700000000000003,0.087,0.06766666666666668,1.3893333333333333,0.05733333333333335,0.13566666666666666,43.02933333333333,0.09466666666666666,0.16566666666666666,57.75466666666667,0.073,0.09933333333333333,72.28533333333333,0.008666666666666666,0.03366666666666667,0.526,0.012000000000000002,0.10166666666666667,0.12000000000000002,0.06766666666666668,0.010333333333333333,0.498,0.37052078541187444,0.3111127112711271,0.20740847418075142,0.06344484448444845,0.16200103343667702,0.06122268893556024,0.10077834450111679,0.056222688935560226,0.06596356302296896,0.9173333333333332,0.03322248891555822,0.09826002600260025,34.12733333333333,0.10370423709037571,0.2128158815881588,48.80466666666666,0.06344484448444845,0.10214881488148814,62.03800000000001,0.011814981498149817,0.029000100010001004,0.46199999999999997,0.010555622228889557,0.10388958895889591,0.10666666666666669,0.06596356302296896,0.012555655565556554,0.40074314098076474
76,86,2013-02-14,5,2,2012-2013,L. Sorocabana,Fortaleza B. C. / CFO,0,0.39515603871701926,0.3157046562303998,0.21046977082026652,0.08095014578721042,0.13671258106236958,0.04465531590918274,0.09205726515318684,0.05985375943104933,0.06160985854305538,1.0286666666666666,0.03457870736984743,0.11004652541311997,31.413999999999998,0.10523488541013326,0.1987128095771574,52.842666666666666,0.08095014578721042,0.1063455688208186,76.43466666666664,0.009414567234118649,0.04633334006358488,0.7906666666666667,0.007596172505948214,0.09703937231666028,0.08066666666666668,0.06160985854305538,0.013906987641304986,0.4290032786679241,0.3922806271591815,0.3088187616263619,0.2058791744175746,0.07996058109664275,0.15756683497209678,0.04285561165736558,0.11471122331473116,0.06339631499689964,0.054480290548321375,1.2280000000000002,0.03548029054832138,0.10992116219328549,32.906,0.1029395872087873,0.2041730888475507,50.94133333333333,0.07996058109664275,0.10577420497829747,74.67133333333331,0.005687660554522102,0.03248029054832138,0.7273333333333333,0.01404198777571087,0.10350385330853043,0.13733333333333334,0.054480290548321375,0.01272964833023297,0.44234103995039414
79,83,2013-02-14,5,2,2012-2013,Limeira,Coop/São José Basketball,0,0.39600499238608244,0.2922569464712452,0.19483796431416348,0.056373739135218585,0.149651545151919,0.04474641117693311,0.10490513397498592,0.08100727227801005,0.05848725240827545,1.416,0.048264429645566785,0.12030870426218511,41.164,0.09741898215708174,0.19320963505454672,50.82333333333334,0.056373739135218585,0.0774514487475169,72.54466666666667,0.008334901077503034,0.03252015265564182,0.608,0.007667633870349927,0.10315938852993128,0.07200000000000001,0.05848725240827545,0.013557156796592454,0.455086573216237,0.4091982599953896,0.3123120082666199,0.20820800551107996,0.07899720893853929,0.1570979824795579,0.0358609899462775,0.12123699253328042,0.08429540261036537,0.06634301955960395,1.350666666666667,0.040664348515256764,0.11833153058348153,34.48666666666667,0.10410400275553998,0.18724297663497885,55.40066666666667,0.07899720893853929,0.10080477197450136,76.35466666666667,0.0027653081060066086,0.0326293475231706,0.5013333333333333,0.011253764862895073,0.10040739132633435,0.11800000000000001,0.06634301955960395,0.010863949545346552,0.4781895315094574
85,90,2013-02-14,5,2,2012-2013,Joinville,Mogi,0,0.3543811953175734,0.30920003367318816,0.2061333557821254,0.062336713992970486,0.15655867745924246,0.054973614436349225,0.1015850630228932,0.06265212503916846,0.07879664178915495,0.8566666666666667,0.028637041847492488,0.09821455926583485,28.998666666666672,0.1030666778910627,0.21355278650481038,48.10333333333333,0.062336713992970486,0.09257282694410235,68.74799999999999,0.009581282203192043,0.041788029091100014,0.5559999999999999,0.0189150156965894,0.10385106756657529,0.19733333333333333,0.07879664178915495,0.017462500118267808,0.3928972749006965,0.373,0.28300000000000003,0.18866666666666668,0.08433333333333334,0.15333333333333332,0.04200000000000001,0.11133333333333333,0.061333333333333344,0.07266666666666666,1.0493333333333335,0.03333333333333334,0.099,33.477333333333334,0.09433333333333334,0.2043333333333334,46.4,0.08433333333333334,0.11200000000000002,74.70133333333334,0.001,0.026000000000000002,0.42133333333333334,0.005000000000000001,0.11266666666666666,0.04666666666666666,0.07266666666666666,0.013000000000000003,0.3833333333333334
87,65,2013-02-14,5,2,2012-2013,Palmeiras,Espírito Santo,1,0.3646750851379211,0.2670076516278785,0.1780051010852523,0.07466823369008568,0.14367075089604484,0.048334733648408595,0.09533601724763623,0.0543348003217426,0.06866796692172342,0.8906666666666667,0.03733391678752772,0.11266873374009068,32.830000000000005,0.08900255054262615,0.19600570122028455,45.65,0.07466823369008568,0.10933566717511961,68.30466666666666,0.007333650069182962,0.03733390010668984,0.5953333333333333,0.007333400006667334,0.11333586722013037,0.06666666666666667,0.06866796692172342,0.01466690004834442,0.3710089019654654,0.4016666666666666,0.279,0.186,0.09666666666666668,0.14866666666666667,0.04433333333333334,0.10433333333333335,0.05366666666666668,0.06733333333333333,0.8893333333333334,0.03966666666666667,0.12200000000000004,32.818666666666665,0.093,0.18533333333333335,50.31066666666666,0.09666666666666668,0.12033333333333333,80.48866666666666,0.006666666666666667,0.04300000000000001,0.6999999999999998,0.007333333333333334,0.10466666666666669,0.07200000000000001,0.06733333333333333,0.01966666666666667,0.43200000000000005
76,97,2013-02-14,5,2,2012-2013,Suzano,Minas,0,0.3667853606922874,0.2969404829384424,0.19796032195896154,0.0730230888410233,0.1415577221025583,0.044844877753844985,0.0967128443487133,0.054511544420511655,0.09373430827948458,0.5953333333333333,0.03193398329743415,0.10217983599743038,30.470000000000006,0.09898016097948077,0.19689268034614368,50.51200000000001,0.0730230888410233,0.10524585269999624,69.04266666666666,0.0037112194384612478,0.03651154442051165,0.4146666666666667,0.010666666666666668,0.09817983599743038,0.11400000000000003,0.09373430827948458,0.019377886105127917,0.36751804406151994,0.41021300618082623,0.3339620672883986,0.22264137819226576,0.0843451271007514,0.13734318748389915,0.04018040485404026,0.09716278262985893,0.061729953825009676,0.0718359437886927,1.0499999999999998,0.034408833629269685,0.09392368654580201,35.62533333333333,0.11132068909613288,0.2003984833622618,56.20133333333333,0.0843451271007514,0.10571507426477583,79.13933333333333,0.003036995889345628,0.03765215157093958,0.588,0.009810833883954413,0.10700300318183312,0.09333333333333332,0.0718359437886927,0.013247122552332815,0.4495676645256079
86,91,2013-02-16,6,2,2012-2013,Flamengo,Sesi Franca,0,0.46939616326849326,0.3714353876803399,0.2476235917868932,0.09463566171494313,0.16033373648097968,0.04084563658888566,0.11948809989209402,0.0715619077873137,0.05058350501383779,1.737333333333333,0.042378969922219,0.10424133110404815,42.10133333333333,0.1238117958934466,0.20896605136938043,59.51199999999999,0.09463566171494313,0.12112727243467626,78.626,0.009019274663961453,0.03671230325555233,0.7939999999999999,0.008024093329951815,0.09129694256687632,0.08666666666666668,0.05058350501383779,0.011933616907704885,0.5603616993583951,0.40733333333333344,0.358,0.23866666666666672,0.07266666666666667,0.148,0.042,0.106,0.07866666666666668,0.06866666666666667,1.2413333333333334,0.032,0.08600000000000001,37.74199999999999,0.11933333333333336,0.217,55.156666666666666,0.07266666666666667,0.10899999999999997,65.50866666666667,0.017,0.046000000000000006,0.7460000000000002,0.013666666666666669,0.0976666666666667,0.15133333333333335,0.06866666666666667,0.010333333333333335,0.48366666666666663
70,100,2013-02-16,6,2,2012-2013,L. Sorocabana,Brasília,0,0.400822705383686,0.31970465623039973,0.21313643748693317,0.08195014578721042,0.13804591439570293,0.04598864924251607,0.09205726515318684,0.05885375943104933,0.05994319187638872,1.0399999999999998,0.035245374036514086,0.10804652541311999,32.60733333333333,0.10656821874346659,0.20137947624382407,52.879333333333335,0.08195014578721042,0.10734556882081862,76.80466666666665,0.009747900567451982,0.04600000673025155,0.8093333333333333,0.007596172505948215,0.09603937231666029,0.08133333333333335,0.05994319187638872,0.01357365430797165,0.43733661200125745,0.45443377127354956,0.31565518683989297,0.21043679122659537,0.08222544659720418,0.17065488315818858,0.05333031190468765,0.11732457125350088,0.0888012498914988,0.059692355028754494,1.6966666666666663,0.05392384448325003,0.14325113495929204,38.03999999999999,0.10521839561329768,0.18626342579847752,56.99066666666667,0.08222544659720418,0.1003163099695762,83.00266666666668,0.004333333333333333,0.044123904924470936,0.8340000000000001,0.016917497944254203,0.10756009026325725,0.16199999999999998,0.059692355028754494,0.010937544212256907,0.5558041757142427
95,84,2013-02-16,6,2,2012-2013,Bauru Basket,Fortaleza B. C. / CFO,1,0.4094659719735746,0.3064507230501348,0.20430048203342321,0.07003772510061367,0.1550840321343671,0.045539834819944204,0.1095441973144229,0.07987247022257986,0.06013992935381111,1.4246666666666665,0.04504258827984594,0.11123820537858432,40.528000000000006,0.10215024101671161,0.1977601722590319,52.31133333333333,0.07003772510061367,0.0932143057916695,76.27799999999999,0.008360821565429567,0.042067897227244244,0.7606666666666667,0.011345726141983087,0.09541946023231329,0.12200000000000001,0.06013992935381111,0.015877705744704075,0.49176832574958323,0.3932806271591814,0.3068187616263619,0.20454584108424131,0.08029391442997608,0.1592335016387634,0.04552227832403224,0.11371122331473114,0.06139631499689964,0.05248029054832138,1.25,0.03614695721498805,0.11025449552661885,33.366,0.10227292054212066,0.20583975551421738,50.11933333333333,0.08029391442997608,0.10577420497829748,75.338,0.004687660554522102,0.03148029054832138,0.712,0.013041987775710868,0.10017051997519709,0.13,0.05248029054832138,0.01272964833023297,0.44100770661706085
63,83,2013-02-16,6,2,2012-2013,Tijuca,Uberlândia,0,0.3509734753915196,0.2763728537768763,0.18424856918458424,0.07978598923454826,0.13950192204516612,0.03230952121759705,0.10719240082756908,0.054357276443669715,0.06315327336782636,0.8926666666666667,0.02897963899079569,0.09194064252565308,30.53666666666667,0.09212428459229212,0.18901902843973858,49.250666666666675,0.07978598923454826,0.10983029335408893,70.786,0.002394547355546349,0.027710970786207354,0.44066666666666665,0.008790820264358686,0.09927742696551838,0.08933333333333333,0.06315327336782636,0.013741685115007573,0.3720671292957987,0.41919876201446876,0.32620887949798844,0.2174725863319923,0.0767044427576269,0.15311016306931574,0.039717592473021805,0.11339257059629394,0.0860419214940342,0.06304293755996683,1.5140000000000002,0.041673910974949865,0.10674488184736877,39.29133333333334,0.10873629316599615,0.1898185178733476,57.91133333333333,0.0767044427576269,0.09705692069203672,78.99266666666668,0.014678053848267222,0.025351279969176143,0.4313333333333334,0.010670678723072629,0.09538669346633602,0.11733333333333333,0.06304293755996683,0.01168118356038685,0.4968578556907172
79,93,2013-02-16,6,2,2012-2013,Joinville,Coop/São José Basketball,0,0.3601960101323882,0.30408892256207715,0.20272594837471802,0.06900338065963715,0.1579290478296128,0.05623287369560849,0.10169617413400432,0.06154101392805735,0.07805590104841421,0.8493333333333334,0.029488893699344338,0.098362707413983,29.81666666666667,0.10136297418735901,0.21470093465295853,47.11933333333333,0.06900338065963715,0.10164690101817643,68.33866666666667,0.009025726647636487,0.04089914020221112,0.5506666666666666,0.020026126807700512,0.10818440089990862,0.2,0.07805590104841421,0.019129166784934475,0.3994528304562521,0.40545137240586215,0.3086017285107465,0.20573448567383104,0.07431866281323751,0.1563219613904131,0.03400991158834678,0.12231204980206635,0.08942147408672736,0.06591076552376629,1.4300000000000002,0.041799407972931205,0.11820643576729699,35.54533333333333,0.10286724283691552,0.18197859686401283,56.289333333333346,0.07431866281323751,0.0964984776961487,75.66866666666667,0.0027653081060066086,0.029950368927218578,0.4666666666666667,0.01147243710001766,0.09891026089852578,0.12066666666666667,0.06591076552376629,0.01225937951220509,0.4834478460772146
96,87,2013-02-16,6,2,2012-2013,Palmeiras,Minas,1,0.36867508513792113,0.2750076516278784,0.18333843441858563,0.07533490035675235,0.1476707508960448,0.05000140031507527,0.09766935058096958,0.05666813365507593,0.06533463358839009,1.0133333333333334,0.03666725012086104,0.11200206707342401,32.514,0.09166921720929282,0.20000570122028455,45.958000000000006,0.07533490035675235,0.11233566717511961,67.63799999999999,0.007666983402516296,0.03766723344002318,0.6660000000000001,0.007000066673334,0.11233586722013039,0.06466666666666666,0.06533463358839009,0.013666900048344418,0.3823422352987986,0.4168796728474929,0.33696206728839856,0.22464137819226573,0.08901179376741807,0.14067652081723248,0.04218040485404025,0.09849611596319226,0.061729953825009676,0.07216927712202605,1.0446666666666666,0.03440883362926969,0.09325701987913533,35.91466666666667,0.11232068909613287,0.20073181669559517,56.56466666666667,0.08901179376741807,0.11171507426477584,79.76800000000001,0.003370329222678962,0.037985484904272906,0.5893333333333334,0.009810833883954418,0.10833633651516644,0.09133333333333334,0.07216927712202605,0.014247122552332814,0.46190099785894123
71,79,2013-02-16,6,2,2012-2013,Limeira,Mogi,0,0.39366379108115057,0.2907601128500593,0.19384007523337282,0.057554318678492436,0.14673003296615814,0.04380532501304901,0.10292470795310911,0.08016443980823458,0.05710248940693214,1.4386666666666665,0.04742313238976175,0.12030256340630331,40.48933333333333,0.09692003761668641,0.19285346541340298,50.674,0.057554318678492436,0.07759422364676848,73.53666666666666,0.009025747364204244,0.03306208318720966,0.6306666666666667,0.007667633870349927,0.10265890877556548,0.07200000000000001,0.05710248940693214,0.012668267907703567,0.44904090060061624,0.37733333333333335,0.28099999999999997,0.18733333333333332,0.08900000000000001,0.14866666666666664,0.03833333333333334,0.11033333333333332,0.063,0.06866666666666667,1.0946666666666667,0.033666666666666664,0.09633333333333335,35.33933333333333,0.09366666666666666,0.20133333333333336,46.79866666666667,0.08900000000000001,0.11966666666666667,74.27666666666667,0.0013333333333333333,0.026000000000000002,0.4313333333333333,0.005000000000000001,0.11499999999999999,0.045333333333333344,0.06866666666666667,0.012666666666666666,0.39366666666666666
88,94,2013-02-16,6,2,2012-2013,Suzano,Espírito Santo,0,0.36611869402562064,0.2989404829384424,0.1992936552922949,0.07002308884102332,0.1435577221025583,0.046844877753844986,0.09671284434871331,0.05684487775384498,0.09306764161281791,0.63,0.032267316630767484,0.10151316933076372,30.934,0.09964682764614745,0.19922601367947704,50.28333333333333,0.07002308884102332,0.10324585269999624,67.56133333333334,0.003044552771794581,0.03517821108717833,0.4019999999999999,0.010000000000000002,0.09884650266409704,0.10733333333333335,0.09306764161281791,0.017377886105127915,0.3671847107281864,0.39333333333333337,0.26999999999999996,0.18000000000000002,0.09833333333333336,0.15066666666666664,0.042666666666666665,0.10800000000000001,0.05200000000000002,0.07033333333333334,0.8540000000000002,0.038333333333333344,0.12000000000000002,32.324666666666666,0.09000000000000001,0.18433333333333332,48.912666666666674,0.09833333333333336,0.12333333333333334,79.87133333333333,0.006333333333333333,0.03933333333333334,0.642,0.007,0.10533333333333333,0.06866666666666667,0.07033333333333334,0.020333333333333335,0.4163333333333334
91,65,2013-02-17,3,2,2012-2013,Pinheiros,Suzano,1,0.433,0.28500000000000003,0.18999999999999997,0.071,0.13900000000000004,0.03066666666666668,0.10833333333333335,0.08666666666666667,0.06433333333333334,1.4206666666666665,0.05733333333333334,0.13499999999999998,43.207333333333324,0.09499999999999999,0.16833333333333333,56.804,0.071,0.09766666666666667,71.51266666666668,0.008,0.03300000000000001,0.5400000000000001,0.012000000000000002,0.10133333333333333,0.12000000000000004,0.06433333333333334,0.010333333333333333,0.4986666666666667,0.3688220732496507,0.3009680173564649,0.2006453449043099,0.07236476593739379,0.14757232368787326,0.04851488192572651,0.09905744176214677,0.0571861376620636,0.09174056610176241,0.6513333333333332,0.03193732080264901,0.10319068288937865,30.127999999999997,0.10032267245215495,0.19857478297442904,50.82866666666668,0.07236476593739379,0.10592378344676302,67.93800000000002,0.003044552771794581,0.0341802970279376,0.3959999999999999,0.009667918231122235,0.10219193445383422,0.10000000000000003,0.09174056610176241,0.017378720481431627,0.37356143162931293
79,90,2013-02-18,5,2,2012-2013,Bauru Basket,Brasília,0,0.4128707450933736,0.3176561974835885,0.21177079832239235,0.06839281311373276,0.15420543615732554,0.04371737882650375,0.11048805733082177,0.0826855230304513,0.061348631225725425,1.4413333333333331,0.04423571121908287,0.1095465565936713,40.37533333333333,0.10588539916119617,0.20156382188133434,53.091333333333345,0.06839281311373276,0.0911581658080684,76.27799999999999,0.008678575966085523,0.04235449376254544,0.7573333333333332,0.01167905947531642,0.09447237277745382,0.126,0.061348631225725425,0.01516430228000527,0.49662166047856565,0.45543377127354956,0.31865518683989297,0.21243679122659534,0.08422544659720418,0.17532154982485523,0.05566364523802099,0.1196579045868342,0.08780124989149882,0.06002568836208784,1.6619999999999997,0.05292384448325003,0.13891780162595868,38.78666666666666,0.10621839561329767,0.19193009246514417,55.726,0.08422544659720418,0.10231630996957622,83.28066666666668,0.005333333333333333,0.044790571591137605,0.8426666666666667,0.01658416461092087,0.10889342359659059,0.158,0.06002568836208784,0.011604210878923575,0.5598041757142427
79,66,2013-02-18,5,2,2012-2013,Flamengo,Uberlândia,1,0.46906282993515996,0.36643538768033995,0.2442902584535599,0.09563566171494314,0.15966706981431297,0.04184563658888566,0.11782143322542736,0.0745619077873137,0.0505835050138378,1.7746666666666668,0.043045636588885654,0.10790799777071482,40.282666666666664,0.12214512922677995,0.20696605136938043,59.22133333333333,0.09563566171494314,0.12379393910134293,77.54333333333334,0.008685941330628118,0.03604563658888567,0.7853333333333333,0.008024093329951815,0.09329694256687632,0.08600000000000001,0.0505835050138378,0.012266950241038216,0.559361699358395,0.425956215137361,0.32796242057447567,0.2186416137163171,0.07832807691383897,0.15098497758435686,0.035662823823352306,0.11532215376100456,0.08799497693717462,0.06332541429003562,1.5386666666666668,0.0429955081690683,0.10365490478005458,41.75533333333335,0.10932080685815855,0.1879797211648625,58.660666666666664,0.07832807691383897,0.09866099461622398,79.48866666666667,0.01366631770905233,0.026331719737151326,0.44400000000000006,0.011333433343334332,0.09699076739052326,0.12266666666666666,0.06332541429003562,0.012332202041433659,0.5122897995730861
77,65,2013-02-19,7,2,2012-2013,Coop/São José Basketball,Palmeiras,1,0.40545137240586215,0.3086017285107465,0.20573448567383104,0.0723186628132375,0.15298862805707975,0.032009911588346776,0.120978716468733,0.09008814075339402,0.06324409885709964,1.4953333333333336,0.042466074639597874,0.11853976910063033,36.019999999999996,0.10286724283691552,0.17997859686401288,56.92466666666667,0.0723186628132375,0.09483181102948204,75.06866666666666,0.0020986414393399425,0.028950368927218577,0.4686666666666667,0.010805770433350992,0.09791026089852578,0.11600000000000002,0.06324409885709964,0.011926046178871755,0.4837811794105479,0.3763417518045878,0.28400765162787844,0.18933843441858567,0.07700156702341902,0.14967075089604484,0.05200140031507528,0.09766935058096958,0.05500146698840926,0.06666796692172343,0.9313333333333332,0.03666725012086105,0.11033540040675734,33.06333333333333,0.09466921720929283,0.2006723678869512,47.25133333333334,0.07700156702341902,0.11466900050845294,67.65400000000001,0.00800031673584963,0.03900056677335651,0.6626666666666666,0.008000066673334,0.11233586722013039,0.07466666666666666,0.06666796692172343,0.01500023338167775,0.39667556863213194
109,114,2013-02-20,7,2,2012-2013,Minas,Paulistano,0,0.4178796728474928,0.3419620672883986,0.22797471152559906,0.09267846043408473,0.1426765208172325,0.044180404854040255,0.09849611596319227,0.06172995382500968,0.07050261045535938,1.0573333333333332,0.03240883362926969,0.09259035321246865,34.210666666666675,0.11398735576279953,0.20473181669559518,56.24266666666666,0.09267846043408473,0.1143817409314425,81.43466666666667,0.003036995889345628,0.03531881823760625,0.5673333333333334,0.010144167217287751,0.10966966984849978,0.09400000000000001,0.07050261045535938,0.012913789218999482,0.4592343311922746,0.3725207854118745,0.30711271127112716,0.20474180751408474,0.0661115111511151,0.160001033436677,0.058222688935560235,0.10177834450111681,0.05822268893556023,0.06496356302296898,0.9773333333333333,0.03388915558222489,0.09759335933593359,34.89266666666666,0.10237090375704237,0.2108158815881588,48.67333333333333,0.0661115111511151,0.10414881488148814,63.891333333333336,0.01214831483148315,0.029333433343334336,0.4746666666666667,0.010555622228889557,0.10355625562556256,0.10733333333333335,0.06496356302296898,0.012555655565556554,0.406076474314098
74,78,2013-02-21,7,2,2012-2013,Espírito Santo,Pinheiros,0,0.39466666666666667,0.27099999999999996,0.18066666666666667,0.10000000000000002,0.152,0.043000000000000003,0.10899999999999999,0.05166666666666667,0.07066666666666667,0.8406666666666667,0.03800000000000001,0.12166666666666669,31.229333333333333,0.09033333333333333,0.18366666666666662,49.258666666666656,0.10000000000000002,0.12666666666666665,79.30066666666667,0.007000000000000001,0.04000000000000001,0.65,0.007,0.10700000000000001,0.06733333333333333,0.07066666666666667,0.019000000000000006,0.4166666666666667,0.433,0.27399999999999997,0.18266666666666664,0.07233333333333333,0.13966666666666666,0.031333333333333345,0.10833333333333335,0.08800000000000001,0.063,1.4653333333333332,0.059333333333333335,0.1396666666666667,43.13999999999999,0.09133333333333332,0.16266666666666663,56.67733333333334,0.07233333333333333,0.099,71.99533333333332,0.008,0.03266666666666667,0.5473333333333333,0.011333333333333336,0.10066666666666667,0.1126666666666667,0.063,0.011,0.501
86,65,2013-02-21,7,2,2012-2013,Mogi,Suzano,1,0.3776666666666666,0.279,0.186,0.09266666666666665,0.14633333333333332,0.037000000000000005,0.10933333333333332,0.061333333333333344,0.067,1.0946666666666667,0.033,0.09466666666666668,35.074,0.093,0.19833333333333333,47.428000000000004,0.09266666666666665,0.12466666666666669,74.07199999999999,0.0013333333333333333,0.027333333333333334,0.46466666666666673,0.004666666666666666,0.114,0.043333333333333335,0.067,0.013666666666666669,0.397,0.36648873991631736,0.2919680173564649,0.1946453449043099,0.07203143260406045,0.14723899035453994,0.04884821525905984,0.09839077509548008,0.05785280432873027,0.09274056610176241,0.6519999999999999,0.03327065413598233,0.10352401622271197,31.077999999999996,0.09732267245215495,0.19390811630776233,50.478,0.07203143260406045,0.10525711678009636,68.16000000000001,0.003044552771794581,0.031846963694604276,0.3526666666666667,0.007667918231122237,0.10285860112050088,0.07466666666666667,0.09274056610176241,0.017045387148098293,0.368561431629313
70,52,2013-02-21,7,2,2012-2013,Sesi Franca,Joinville,1,0.4183333333333334,0.37300000000000005,0.2486666666666667,0.07366666666666667,0.14533333333333334,0.04133333333333334,0.10400000000000002,0.07700000000000001,0.06666666666666667,1.2513333333333334,0.032,0.08400000000000002,38.20533333333333,0.12433333333333335,0.22033333333333338,56.61866666666666,0.07366666666666667,0.11233333333333331,64.37133333333334,0.018000000000000006,0.04733333333333334,0.7786666666666668,0.013666666666666667,0.09866666666666668,0.14933333333333332,0.06666666666666667,0.010666666666666668,0.49766666666666665,0.36986267679905477,0.3140889225620771,0.2093926150413847,0.07200338065963716,0.1589290478296128,0.05589954036227516,0.10302950746733766,0.060874347261390696,0.07472256771508086,0.9113333333333333,0.029488893699344338,0.09702937408064967,29.938666666666666,0.10469630752069235,0.2207009346529585,47.42466666666667,0.07200338065963716,0.10164690101817644,70.73866666666666,0.008692393314303156,0.040899140202211116,0.6306666666666667,0.01869279347436718,0.10551773423324193,0.18999999999999997,0.07472256771508086,0.01779583345160114,0.40878616378958543
86,96,2013-02-21,7,2,2012-2013,Uberlândia,Limeira,0,0.41828954847069433,0.3239624205744757,0.21597494704965045,0.07432807691383897,0.1519849775843569,0.035996157156685644,0.11598882042767124,0.08532831027050798,0.06365874762336894,1.4966666666666666,0.04266217483573497,0.10432157144672125,41.28533333333334,0.10798747352482523,0.18931305449819588,57.62333333333333,0.07432807691383897,0.0949943279495573,77.23866666666666,0.012332984375718996,0.026331719737151326,0.4426666666666667,0.010333433343334334,0.09799076739052327,0.11,0.06365874762336894,0.012998868708100325,0.4986231329064194,0.39166379108115057,0.2827601128500593,0.1885067419000395,0.05988765201182577,0.14606336629949146,0.04280532501304901,0.10325804128644242,0.0794977731415679,0.05943582274026547,1.3633333333333333,0.047756465723095096,0.11863589673963663,41.057333333333325,0.09425337095001975,0.18885346541340298,50.27066666666666,0.05988765201182577,0.08126089031343513,73.018,0.007692414030870909,0.03139541652054299,0.5733333333333334,0.008334300537016594,0.10732557544223216,0.07666666666666667,0.05943582274026547,0.012668267907703567,0.44570756726728283
92,86,2013-02-21,7,2,2012-2013,Fortaleza B. C. / CFO,Tijuca,1,0.3996666666666666,0.31599999999999995,0.21066666666666667,0.07899999999999999,0.15866666666666665,0.04566666666666667,0.113,0.066,0.052333333333333336,1.3833333333333333,0.036666666666666674,0.10833333333333334,34.199333333333335,0.10533333333333333,0.20866666666666667,50.95933333333333,0.07899999999999999,0.10266666666666668,76.53466666666667,0.004333333333333333,0.03133333333333334,0.712,0.014000000000000002,0.09766666666666667,0.14333333333333337,0.052333333333333336,0.012333333333333333,0.45466666666666666,0.3473068087248529,0.27137285377687637,0.18091523585125088,0.07945265590121492,0.13583525537849944,0.03164285455093038,0.10419240082756907,0.05302394311033638,0.06215327336782636,0.8819999999999999,0.028979638990795694,0.09294064252565307,30.284666666666666,0.09045761792562544,0.18735236177307196,48.84866666666667,0.07945265590121492,0.11016362668742226,70.27866666666665,0.002727880688879683,0.026710970786207353,0.4313333333333334,0.00812415359769202,0.09694409363218505,0.08533333333333334,0.06215327336782636,0.013075018448340909,0.3610671292957987
85,94,2013-02-21,7,2,2012-2013,Bauru Basket,L. Sorocabana,0,0.4133374117600403,0.3232561974835885,0.21550413165572568,0.0687261464470661,0.15313876949065888,0.043384045493170424,0.10975472399748844,0.08241885636378463,0.06074863122572542,1.4666666666666666,0.04303571121908287,0.10974655659367129,39.25733333333334,0.10775206582786284,0.20083048854800103,54.15466666666667,0.0687261464470661,0.09209149914140173,75.82933333333332,0.009345242632752191,0.04135449376254544,0.7439999999999998,0.012345726141983088,0.09307237277745381,0.13333333333333333,0.06074863122572542,0.015030968946671937,0.4970883271452323,0.4001560387170192,0.31770465623039973,0.21180310415359987,0.08261681245387709,0.14037924772903626,0.0493219825758494,0.09105726515318684,0.058520426097715995,0.060276525209722064,1.028,0.035245374036514086,0.10771319207978665,32.67733333333333,0.10590155207679994,0.2040461429104907,52.03466666666666,0.08261681245387709,0.10867890215415195,76.27600000000001,0.009414567234118649,0.04366667339691822,0.7593333333333334,0.00726283917261488,0.09670603898332694,0.07733333333333334,0.060276525209722064,0.01324032097463832,0.43233661200125745
82,70,2013-02-21,7,2,2012-2013,Brasília,Flamengo,1,0.45410043794021626,0.320655186839893,0.21377012455992872,0.0815587799305375,0.17698821649152185,0.053663645238021,0.12332457125350088,0.08780124989149882,0.06035902169542117,1.6399999999999997,0.05292384448325002,0.13758446829262536,39.22266666666667,0.10688506227996436,0.19193009246514417,56.086,0.0815587799305375,0.09931630996957622,82.884,0.005000000000000001,0.0437905715911376,0.8093333333333333,0.014917497944254206,0.10956009026325725,0.13799999999999996,0.06035902169542117,0.011604210878923575,0.559137509047576,0.4681961632684933,0.36943538768033984,0.2462902584535599,0.09276899504827645,0.16120040314764633,0.04371230325555233,0.11748809989209404,0.07176190778731371,0.05071683834717113,1.7146666666666668,0.04304563658888567,0.10977466443738146,39.606,0.12314512922677995,0.2098993847027138,58.96933333333333,0.09276899504827645,0.12146060576800959,76.74333333333334,0.009019274663961453,0.037378969922218994,0.8106666666666666,0.008690759996618481,0.09176360923354299,0.096,0.05071683834717113,0.013333616907704881,0.556361699358395
120,126,2013-02-23,8,2,2012-2013,Espírito Santo,Paulistano,0,0.39200000000000007,0.27399999999999997,0.18266666666666667,0.09333333333333334,0.15166666666666664,0.04300000000000001,0.10866666666666666,0.05166666666666667,0.06866666666666665,0.8646666666666668,0.038666666666666676,0.12066666666666669,31.991333333333333,0.09133333333333334,0.18766666666666668,48.68733333333332,0.09333333333333334,0.11899999999999998,78.65933333333334,0.006333333333333333,0.039666666666666676,0.6753333333333333,0.007,0.10633333333333336,0.06733333333333333,0.06866666666666665,0.019000000000000003,0.414,0.3758238157149048,0.30747634763476345,0.20498423175650898,0.06962666266626663,0.16100103343667702,0.05934390105677234,0.10165713237990467,0.056131779844651127,0.06396356302296898,0.9593333333333334,0.03373764043070973,0.09453275327532754,36.022000000000006,0.10249211587825449,0.20987648764876488,48.92933333333333,0.06962666266626663,0.11036093609360935,63.40333333333332,0.0112998299829983,0.028454645464546464,0.4686666666666667,0.009464713137980465,0.1031926192619262,0.09666666666666668,0.06396356302296898,0.012616261626162617,0.4113492015868253
101,75,2013-02-23,8,2,2012-2013,Minas,Pinheiros,1,0.4119705819384019,0.3449620672883987,0.2299747115255991,0.09167846043408473,0.14634318748389916,0.04499858667222208,0.10134460081167711,0.061275408370464225,0.07071473166748057,1.0426666666666666,0.03010580332623939,0.09031762593974138,32.87733333333333,0.11498735576279955,0.2074590894228679,55.91866666666667,0.09167846043408473,0.11359386214356372,81.10933333333332,0.0037642686166183556,0.03525821217700019,0.5640000000000001,0.009962349035469565,0.1101848213636513,0.09133333333333334,0.07071473166748057,0.013459243764454029,0.4548706948286381,0.42866666666666664,0.275,0.1833333333333333,0.07133333333333333,0.133,0.03000000000000001,0.10300000000000001,0.08666666666666667,0.06233333333333334,1.4559999999999997,0.058,0.1383333333333333,42.48,0.09166666666666665,0.16033333333333336,57.63400000000001,0.07133333333333333,0.09766666666666667,71.93933333333332,0.007333333333333334,0.03233333333333334,0.5459999999999999,0.011666666666666667,0.09933333333333333,0.12200000000000004,0.06233333333333334,0.011333333333333336,0.49233333333333335
99,73,2013-02-23,8,2,2012-2013,Uberlândia,Joinville,1,0.4106228818040277,0.3189624205744757,0.21264161371631712,0.07499474358050563,0.1489849775843569,0.03499615715668565,0.11398882042767121,0.0846616436038413,0.06399208095670227,1.4733333333333334,0.0409955081690683,0.10432157144672123,39.769999999999996,0.10632080685815856,0.1879797211648625,57.15933333333333,0.07499474358050563,0.09399432794955728,78.75399999999999,0.011666317709052331,0.024331719737151324,0.40066666666666667,0.010000100010001001,0.09865743405718994,0.10533333333333333,0.06399208095670227,0.013332202041433658,0.4829564662397527,0.3635293434657215,0.31108892256207704,0.20739261504138468,0.07167004732630383,0.15526238116294613,0.05323287369560849,0.10202950746733766,0.06154101392805736,0.0770559010484142,0.9093333333333332,0.028155560366011006,0.09602937408064965,28.538666666666668,0.10369630752069234,0.21703426798629183,47.66866666666667,0.07167004732630383,0.10298023435150977,69.53333333333333,0.009025726647636489,0.04256580686887779,0.6386666666666667,0.019359460141033846,0.10918440089990862,0.1913333333333333,0.0770559010484142,0.019462500118267802,0.4034528304562521
82,101,2013-02-23,8,2,2012-2013,Fortaleza B. C. / CFO,Flamengo,0,0.40433333333333327,0.323,0.2153333333333333,0.078,0.15866666666666668,0.045666666666666675,0.113,0.06766666666666668,0.04966666666666667,1.7373333333333334,0.03700000000000001,0.10600000000000002,35.63066666666667,0.10766666666666665,0.21233333333333332,51.181333333333335,0.078,0.10300000000000002,75.56,0.004,0.031000000000000014,0.8186666666666667,0.014000000000000002,0.09766666666666665,0.14333333333333337,0.04966666666666667,0.012333333333333337,0.4646666666666666,0.46019616326849333,0.3604353876803399,0.2402902584535599,0.09276899504827645,0.16253373648097966,0.04271230325555233,0.11982143322542736,0.07109524112064705,0.053383505013837804,1.5893333333333333,0.04237896992221899,0.10977466443738147,39.00000000000001,0.12014512922677995,0.21156605136938048,57.154666666666664,0.09276899504827645,0.11946060576800957,77.75266666666667,0.008685941330628118,0.03704563658888566,0.748,0.00869075999661848,0.092763609233543,0.09466666666666668,0.053383505013837804,0.012666950241038215,0.5400283660250617
90,79,2013-02-23,8,2,2012-2013,Brasília,Tijuca,1,0.4521004379402163,0.3226551868398931,0.21510345789326202,0.07922544659720417,0.17498821649152188,0.051663645238021,0.1233245712535009,0.08946791655816548,0.05869235502875451,1.6999999999999997,0.05259051114991668,0.139251134959292,38.57066666666667,0.10755172894663101,0.1932634257984775,56.04600000000001,0.07922544659720417,0.09698297663624289,82.36533333333335,0.006000000000000001,0.04545723825780427,0.854,0.014250831277587537,0.11122675692992391,0.13066666666666665,0.05869235502875451,0.011270877545590242,0.5564708423809093,0.3533068087248529,0.27637285377687637,0.1842485691845842,0.08111932256788161,0.13316858871183282,0.03097618788426372,0.1021924008275691,0.05235727644366972,0.0614866067011597,0.8866666666666667,0.029312972324129025,0.09427397585898639,30.079333333333338,0.0921242845922921,0.1876856951064053,49.55333333333333,0.08111932256788161,0.11283029335408894,70.10799999999999,0.002394547355546349,0.025710970786207352,0.4113333333333334,0.00812415359769202,0.09627742696551839,0.08533333333333334,0.0614866067011597,0.011741685115007576,0.3624004626291321
86,77,2013-02-23,8,2,2012-2013,Palmeiras,Mogi,1,0.3776750851379212,0.2900076516278785,0.19333843441858567,0.07633490035675235,0.1530040842293782,0.054668066981741946,0.09833601724763626,0.05766813365507593,0.06166796692172343,1.0839999999999999,0.036000583454194386,0.11166873374009066,32.31133333333334,0.09666921720929283,0.2046723678869512,47.37866666666666,0.07633490035675235,0.11366900050845294,67.766,0.008333650069182963,0.0380005667733565,0.6853333333333332,0.0073334000066673346,0.10933586722013038,0.07066666666666667,0.06166796692172343,0.012000233381677751,0.4003422352987986,0.385,0.28800000000000003,0.19200000000000006,0.093,0.14666666666666664,0.04066666666666667,0.10600000000000001,0.061000000000000006,0.067,1.0886666666666664,0.03333333333333333,0.09500000000000001,35.30466666666667,0.09600000000000003,0.20333333333333334,47.656666666666666,0.093,0.12533333333333335,73.85,0.0016666666666666668,0.030333333333333334,0.5146666666666667,0.004666666666666667,0.115,0.043333333333333335,0.067,0.012666666666666668,0.4043333333333333
75,62,2013-02-23,8,2,2012-2013,Sesi Franca,Limeira,1,0.40566666666666673,0.3630000000000001,0.242,0.07666666666666667,0.146,0.04133333333333334,0.10466666666666666,0.07133333333333335,0.06666666666666668,1.1640000000000004,0.02900000000000001,0.08,36.05133333333334,0.121,0.22000000000000008,55.217999999999996,0.07666666666666667,0.11799999999999998,63.69533333333334,0.015666666666666666,0.046,0.7580000000000002,0.014999999999999998,0.09933333333333334,0.16199999999999998,0.06666666666666668,0.010000000000000002,0.4773333333333334,0.3996637910811505,0.29276011285005926,0.19517340856670617,0.0632209853451591,0.14239669963282478,0.04113865834638234,0.10125804128644247,0.07716443980823458,0.0567691560735988,1.3926666666666667,0.04708979905642843,0.11396923007296997,42.09866666666666,0.09758670428335309,0.19118679874673633,51.40733333333333,0.0632209853451591,0.08426089031343516,74.16,0.008025747364204243,0.03206208318720966,0.618,0.008667633870349929,0.10799224210889882,0.08000000000000002,0.0567691560735988,0.012334934574370238,0.45604090060061614
100,104,2013-02-26,3,2,2012-2013,Fortaleza B. C. / CFO,Brasília,0,0.41,0.32399999999999995,0.21600000000000003,0.08199999999999999,0.15766666666666668,0.04433333333333334,0.11333333333333334,0.07,0.05266666666666667,1.7286666666666668,0.037333333333333336,0.10300000000000002,36.519333333333336,0.10800000000000001,0.20966666666666664,52.08666666666668,0.08199999999999999,0.106,77.41533333333334,0.004,0.032333333333333346,0.8233333333333335,0.014333333333333335,0.1,0.14400000000000004,0.05266666666666667,0.012333333333333335,0.47666666666666657,0.4514337712735496,0.3306551868398931,0.22043679122659537,0.07822544659720417,0.17465488315818853,0.05099697857135434,0.1236579045868342,0.08846791655816548,0.05702568836208784,1.714,0.05092384448325003,0.13491780162595868,38.518666666666675,0.11021839561329769,0.1972634257984775,56.207333333333324,0.07822544659720417,0.09698297663624289,81.18866666666666,0.006000000000000001,0.04612390492447094,0.8800000000000001,0.01458416461092087,0.11222675692992391,0.13266666666666665,0.05702568836208784,0.011270877545590245,0.5584708423809093
82,81,2013-02-27,2,2,2012-2013,Limeira,Pinheiros,1,0.3906637910811505,0.28076011285005925,0.18717340856670617,0.06622098534515909,0.14073003296615816,0.03947199167971568,0.10125804128644246,0.07383110647490125,0.058435822740265465,1.3080000000000003,0.0457564657230951,0.11096923007296997,41.59066666666666,0.09358670428335308,0.18752013208006968,50.30266666666667,0.06622098534515909,0.08792755698010182,73.836,0.007692414030870909,0.03206208318720966,0.6026666666666667,0.009334300537016595,0.10832557544223216,0.08666666666666668,0.058435822740265465,0.013001601241036904,0.4430409006006162,0.428,0.275,0.18333333333333332,0.06766666666666668,0.129,0.027333333333333334,0.10166666666666667,0.08366666666666665,0.06233333333333334,1.396,0.059000000000000004,0.1373333333333333,43.298666666666676,0.09166666666666666,0.161,57.438,0.06766666666666668,0.09300000000000001,72.17733333333332,0.007333333333333334,0.03133333333333334,0.526,0.010666666666666666,0.09866666666666668,0.11400000000000002,0.06233333333333334,0.011666666666666669,0.48433333333333334
89,74,2013-03-04,8,2,2012-2013,Coop/São José Basketball,Suzano,1,0.40845137240586216,0.3116017285107465,0.20773448567383107,0.0743186628132375,0.1546552947237464,0.03334324492168011,0.12131204980206635,0.09242147408672735,0.06357743219043296,1.5333333333333334,0.04213274130626454,0.11587310243396366,36.40266666666666,0.10386724283691554,0.1826452635306795,56.687333333333335,0.0743186628132375,0.09749847769614872,74.84666666666666,0.0020986414393399425,0.02761703559388524,0.438,0.011139103766684326,0.09957692756519244,0.11600000000000002,0.06357743219043296,0.011592712845538424,0.48978117941054783,0.36615540658298407,0.2889680173564649,0.1926453449043099,0.07369809927072711,0.14590565702120664,0.04684821525905985,0.09905744176214676,0.057519470995396935,0.09074056610176241,0.6566666666666666,0.03327065413598233,0.10619068288937863,30.244666666666664,0.09632267245215495,0.19057478297442904,50.79066666666667,0.07369809927072711,0.10759045011342969,68.35733333333334,0.0027112194384612477,0.03151363036127095,0.354,0.008334584897788903,0.10419193445383422,0.08200000000000002,0.09074056610176241,0.016378720481431623,0.36789476496264634
73,93,2013-03-04,1,2,2012-2013,Joinville,Pinheiros,0,0.3671960101323882,0.3110889225620771,0.20739261504138468,0.0743367139929705,0.15426238116294613,0.05456620702894182,0.09969617413400432,0.06154101392805736,0.07838923438174754,0.9026666666666666,0.028488893699344337,0.09602937408064965,28.93066666666667,0.10369630752069234,0.21703426798629186,47.66866666666667,0.0743367139929705,0.10764690101817642,69.19733333333335,0.008359059980969823,0.04423247353554444,0.648,0.018692793474367184,0.1068510675665753,0.18666666666666665,0.07838923438174754,0.02046250011826781,0.4071194971229188,0.4233333333333334,0.28099999999999997,0.18733333333333332,0.066,0.128,0.02866666666666667,0.09933333333333333,0.08166666666666665,0.06066666666666667,1.4073333333333333,0.05666666666666667,0.136,42.016666666666666,0.09366666666666666,0.16266666666666665,58.06666666666667,0.066,0.09000000000000001,72.66000000000001,0.008,0.030999999999999996,0.5399999999999999,0.010000000000000002,0.09666666666666666,0.10933333333333337,0.06066666666666667,0.012000000000000004,0.477
64,86,2013-03-04,4,2,2012-2013,Mogi,Flamengo,0,0.3821481481481482,0.2884444444444444,0.19229629629629633,0.09240740740740741,0.14570370370370364,0.04092592592592593,0.1047777777777778,0.05896296296296295,0.06711111111111111,1.0566666666666666,0.03248148148148148,0.09577777777777778,34.23733333333334,0.09614814814814816,0.20307407407407407,47.803999999999995,0.09240740740740741,0.12603703703703706,72.87333333333332,0.0019629629629629632,0.029444444444444443,0.5000000000000001,0.004333333333333333,0.11837037037037038,0.04,0.06711111111111111,0.01351851851851852,0.3967777777777778,0.4625294966018266,0.3564353876803399,0.23762359178689324,0.09476899504827645,0.16553373648097966,0.04404563658888567,0.12148809989209403,0.06976190778731371,0.05405017168050447,1.5500000000000003,0.04337896992221899,0.11144133110404814,39.13333333333333,0.11881179589344662,0.21256605136938048,56.115333333333325,0.09476899504827645,0.12112727243467626,78.45666666666668,0.0066859413306281186,0.03671230325555233,0.7320000000000001,0.007024093329951813,0.091763609233543,0.07866666666666668,0.05405017168050447,0.014000283574371549,0.5396950326917284
71,79,2013-03-07,9,2,2012-2013,Tijuca,Bauru Basket,0,0.35730680872485293,0.2733728537768763,0.1822485691845842,0.0811193225678816,0.13250192204516614,0.030642854550930396,0.10185906749423575,0.054357276443669715,0.06115327336782636,0.9140000000000001,0.031312972324129024,0.09694064252565307,31.19066666666667,0.0911242845922921,0.18568569510640526,49.49666666666666,0.0811193225678816,0.11249696002075563,70.30533333333332,0.0027278806888796827,0.026044304119540687,0.4166666666666667,0.008457486931025354,0.09794409363218506,0.08733333333333335,0.06115327336782636,0.01240835178167424,0.36973379596246553,0.41399300733160227,0.3252465936420519,0.2168310624280346,0.06805801252683133,0.153468501383416,0.044716578506375705,0.10875192287704029,0.08408432255025923,0.05941343047875998,1.5173333333333332,0.0430346441255788,0.11207762235330847,38.342,0.1084155312140173,0.2024922199072114,53.957333333333324,0.06805801252683133,0.08808843124757754,78.09533333333333,0.009344842472688164,0.04035329328235336,0.7413333333333333,0.011345192595231056,0.09307010520375766,0.12133333333333333,0.05941343047875998,0.01369696867989856,0.4944081884230768
77,82,2013-03-07,9,2,2012-2013,Pinheiros,Coop/São José Basketball,0,0.42533333333333334,0.294,0.196,0.06533333333333334,0.13,0.028000000000000004,0.10200000000000001,0.08166666666666664,0.059666666666666666,1.4313333333333336,0.054666666666666676,0.13333333333333333,41.075333333333326,0.098,0.16466666666666666,59.60466666666667,0.06533333333333334,0.08833333333333333,73.414,0.009000000000000001,0.03133333333333334,0.5606666666666666,0.010333333333333335,0.09733333333333333,0.11266666666666668,0.059666666666666666,0.011333333333333336,0.48499999999999993,0.41268661309614374,0.3118033633881307,0.2078689089254205,0.07437365414343321,0.15275000201463898,0.031046572475143905,0.12170342953949512,0.09381285382415613,0.06195353655836296,1.6133333333333333,0.043481350009096684,0.11859476043082602,36.858666666666664,0.10393445446271025,0.18142496793163732,57.168,0.07437365414343321,0.09724763135810892,75.01733333333333,0.0020986414393399425,0.027971754444516893,0.464,0.01147854724781718,0.10229247541425529,0.11600000000000002,0.06195353655836296,0.011926046178871757,0.4960683563571254
95,72,2013-03-07,9,2,2012-2013,Minas,Espírito Santo,1,0.4176372486050686,0.3429620672883987,0.22864137819226577,0.09567846043408473,0.15000985415056584,0.04633192000555541,0.10367793414501045,0.06160874170379756,0.07138139833414724,1.0346666666666666,0.031105803326239388,0.09065095927307472,33.754666666666665,0.11432068909613288,0.20679242275620122,55.763999999999996,0.09567846043408473,0.1165938621435637,82.06066666666666,0.0037642686166183556,0.03759154551033352,0.6006666666666668,0.010295682368802898,0.1081848213636513,0.09733333333333333,0.07138139833414724,0.012792577097787361,0.4665373614953048,0.3909607683381478,0.28692400562921266,0.19128267041947514,0.08901192504258944,0.1529125743772066,0.045431696417549315,0.10748087795965729,0.04996274350048145,0.06651813445917587,0.8600000000000001,0.03688872429202775,0.11964133520973758,30.946666666666662,0.09564133520973757,0.19264084141915414,49.654666666666664,0.08901192504258944,0.11324640150112338,78.87200000000001,0.006987581166827148,0.03772826704194752,0.664,0.005740685875120362,0.1047277732513641,0.060000000000000005,0.06651813445917587,0.01806160037528084,0.40909638792188235
102,64,2013-03-07,9,2,2012-2013,Flamengo,L. Sorocabana,1,0.45852949660182657,0.35643538768033983,0.23762359178689324,0.09276899504827645,0.17120040314764634,0.04504563658888567,0.1261547665587607,0.07209524112064704,0.0543835050138378,1.582,0.042712303255552315,0.11210799777071481,38.30466666666666,0.11881179589344662,0.2152327180360471,55.321999999999996,0.09276899504827645,0.1194606057680096,77.72333333333334,0.0066859413306281186,0.03504563658888567,0.7026666666666669,0.007357426663285146,0.09376360923354297,0.08066666666666668,0.0543835050138378,0.013333616907704881,0.5373616993583951,0.4094893720503526,0.31770465623039973,0.21180310415359987,0.08295014578721042,0.1390459143957029,0.0493219825758494,0.0897239318198535,0.05985375943104933,0.0586098585430554,1.0846666666666667,0.03824537403651408,0.1103798587464533,34.529333333333334,0.10590155207679994,0.2020461429104907,52.82333333333334,0.08295014578721042,0.10834556882081861,76.87266666666667,0.009081233900785314,0.043333340063584885,0.7733333333333333,0.007596172505948213,0.09570603898332693,0.08333333333333333,0.0586098585430554,0.012906987641304987,0.44533661200125746
77,80,2013-03-07,9,2,2012-2013,Limeira,Brasília,0,0.38997190171405355,0.28173939420327715,0.18782626280218478,0.06888615066060969,0.1347165208052133,0.03780232231061682,0.09691419849459647,0.07315903494385666,0.057431919227103626,1.322666666666667,0.04441982941708636,0.10996322466810558,40.669333333333334,0.09391313140109239,0.18450661991912484,51.339999999999996,0.06888615066060969,0.0915912209443363,74.62933333333334,0.007358179886807919,0.03372844958363311,0.6373333333333334,0.00966733360010671,0.1086538041814308,0.09000000000000002,0.057431919227103626,0.012000400160064028,0.440674837810772,0.4502485860883645,0.3224329646176708,0.21495530974511384,0.07807729844905603,0.1763215498248552,0.05129327486765063,0.1250282749572046,0.08491236100260993,0.05569235502875451,1.6920000000000002,0.052405325964731506,0.13710298681114386,38.98933333333333,0.10747765487255692,0.19200416653921826,56.36066666666667,0.07807729844905603,0.09787186552513177,80.52199999999998,0.005333333333333333,0.043123904924470935,0.8300000000000001,0.013176757203513462,0.1148193495225165,0.11533333333333334,0.05569235502875451,0.01119680347151617,0.5540634349735019
94,71,2013-03-07,9,2,2012-2013,Joinville,Fortaleza B. C. / CFO,1,0.3638626767990548,0.31108892256207704,0.20739261504138468,0.07500338065963716,0.15192904782961278,0.05356620702894181,0.098362840800671,0.0588743472613907,0.0790559010484142,0.864,0.027155560366011005,0.09436270741398299,27.93066666666667,0.10369630752069234,0.21470093465295853,48.18733333333333,0.07500338065963716,0.10898023435150977,68.88000000000001,0.007692393314303155,0.04489914020221112,0.6526666666666667,0.018026126807700514,0.10551773423324197,0.18133333333333332,0.0790559010484142,0.02079583345160114,0.4011194971229187,0.4119669423991758,0.3235432233433324,0.2156954822288883,0.08390840226646062,0.15802942156773628,0.04506035814925916,0.11296906341847711,0.06603002757325092,0.05075735539193407,1.704,0.03745435263460897,0.10436305790382693,36.074666666666666,0.10784774111444415,0.21011980729024635,51.912000000000006,0.08390840226646062,0.10869608823440294,77.22733333333332,0.0036363360906584243,0.030181680453292135,0.8086666666666668,0.013303002757325093,0.10245374662909432,0.132,0.05075735539193407,0.014424022058600735,0.4739969699724267
112,104,2013-03-07,9,2,2012-2013,Palmeiras,Uberlândia,1,0.3771565666194026,0.2873409849612118,0.19156065664080787,0.0784830485049005,0.15274482497011896,0.05233473364840861,0.10041009132171033,0.05911257809952038,0.06374204099579751,1.0713333333333332,0.035704287157898085,0.10885391892527586,32.830666666666666,0.09578032832040394,0.2010427382573216,47.696000000000005,0.0784830485049005,0.11515048198993443,68.38600000000001,0.007926242661775556,0.03677834455113428,0.6353333333333334,0.007592659265926593,0.10944697833124148,0.07266666666666667,0.06374204099579751,0.013481714863159234,0.404712605669169,0.41295621513736097,0.3229624205744757,0.21530828038298383,0.07766141024717228,0.14831831091769024,0.03466282382335231,0.1136554870943379,0.08399497693717463,0.0643254142900356,1.4613333333333334,0.03999550816906831,0.10132157144672126,39.958,0.10765414019149191,0.19031305449819585,57.00066666666666,0.07766141024717228,0.09599432794955728,80.10333333333332,0.015332984375718998,0.02633171973715132,0.422,0.011666766676667667,0.10165743405718994,0.11466666666666667,0.0643254142900356,0.011998868708100326,0.4869564662397527
75,71,2013-03-07,9,2,2012-2013,Suzano,Sesi Franca,1,0.3664887399163174,0.2919680173564649,0.19464534490430993,0.07503143260406045,0.14723899035453994,0.04651488192572652,0.10072410842881344,0.057519470995396935,0.09007389943509575,0.6646666666666667,0.03227065413598234,0.10585734955604532,29.48,0.09732267245215497,0.19124144964109568,51.15333333333333,0.07503143260406045,0.10925711678009636,68.41466666666666,0.003044552771794581,0.029846963694604274,0.33066666666666666,0.009001251564455571,0.10352526778716754,0.08933333333333335,0.09007389943509575,0.016045387148098292,0.368561431629313,0.4033333333333334,0.359,0.23933333333333331,0.07600000000000001,0.143,0.040333333333333346,0.10266666666666668,0.07133333333333335,0.06533333333333334,1.2040000000000002,0.029333333333333336,0.08133333333333331,35.74733333333333,0.11966666666666666,0.21800000000000003,55.11399999999999,0.07600000000000001,0.11499999999999999,64.512,0.016,0.045666666666666675,0.7706666666666667,0.014666666666666665,0.10033333333333336,0.15533333333333335,0.06533333333333334,0.010000000000000002,0.4723333333333333
67,77,2013-03-07,9,2,2012-2013,Paulistano,Mogi,0,0.3810359369270261,0.30302180218021807,0.202014534786812,0.0738084808480848,0.16006163949728308,0.06052571923859053,0.09953592025869255,0.05485905257192387,0.0633878054472114,0.9486666666666668,0.03507097376404307,0.09774487448744873,36.47066666666667,0.101007267393406,0.20802800280028003,48.72533333333333,0.0738084808480848,0.11823972397239725,62.065999999999995,0.010027102710271026,0.029545554555455555,0.506,0.009282894956162281,0.1044956495649565,0.09333333333333335,0.0633878054472114,0.013010201020102011,0.4147128379504617,0.3781481481481482,0.28044444444444444,0.18696296296296294,0.09374074074074075,0.14737037037037037,0.043259259259259254,0.10411111111111113,0.056962962962962965,0.06811111111111111,1.01,0.03248148148148148,0.0951111111111111,34.370666666666665,0.09348148148148147,0.20374074074074075,46.59866666666667,0.09374074074074075,0.1270370370370371,73.416,0.0019629629629629632,0.026777777777777782,0.4473333333333333,0.005666666666666666,0.11837037037037036,0.052000000000000005,0.06811111111111111,0.014185185185185186,0.38811111111111113
74,89,2013-03-09,10,2,2012-2013,Flamengo,Bauru Basket,0,0.4648392932623213,0.36241922394116155,0.24161281596077433,0.08909637331980726,0.17519274663961454,0.04604336799391327,0.12914937864570125,0.07742488798715023,0.05438151999323696,1.7340000000000002,0.04471003466057993,0.11476785865246429,38.999333333333325,0.12080640798038716,0.21355499196889002,56.976,0.08909637331980726,0.11712046664975909,75.81133333333334,0.007685941330628119,0.0343767013272466,0.6839999999999999,0.007357426663285146,0.09275822132048356,0.08066666666666668,0.05438151999323696,0.013999999999999997,0.5560031279059937,0.41201062038380093,0.3290098034312009,0.2193398689541339,0.06566830057186683,0.15500361793294323,0.044334383700962,0.1106692342319812,0.08066830057186683,0.05566783374180964,1.5273333333333332,0.04233415028593342,0.11300245085780024,37.37066666666666,0.10966993447706695,0.2020047850080862,54.70933333333333,0.06566830057186683,0.08566865069440972,77.08066666666666,0.009333566748361924,0.039667833741809634,0.7453333333333332,0.011000583537571487,0.0926691175244669,0.11800000000000004,0.05566783374180964,0.011666900081695263,0.49134687140499184
67,89,2013-03-09,10,2,2012-2013,Suzano,Uberlândia,0,0.36782207324965077,0.2889680173564649,0.1926453449043099,0.07536476593739377,0.14590565702120661,0.045181548592393185,0.10072410842881344,0.05651947099539694,0.09040723276842909,0.6546666666666667,0.03327065413598233,0.1068573495560453,30.404,0.09632267245215495,0.18957478297442906,51.09,0.07536476593739377,0.10725711678009636,69.94466666666668,0.003044552771794581,0.030846963694604282,0.3386666666666666,0.008334584897788903,0.10219193445383422,0.08333333333333334,0.09040723276842909,0.016378720481431627,0.368561431629313,0.40695958100743834,0.3171185969460677,0.21141239796404523,0.07615574436587531,0.1488581964781076,0.035573403874962314,0.11328479260314525,0.08314947037372797,0.06648641507540527,1.4006666666666667,0.039797146225839304,0.10151510897617261,39.75466666666667,0.10570619898202262,0.18985944740742955,55.96000000000001,0.07615574436587531,0.0946171261095483,79.716,0.014557375714213332,0.026351241783600328,0.4033333333333333,0.012115549353656335,0.10140218890965264,0.11866666666666667,0.06648641507540527,0.012454158733905329,0.4775305714792904
80,68,2013-03-09,10,2,2012-2013,Paulistano,Coop/São José Basketball,1,0.38636927026035933,0.305021802180218,0.20334786812014535,0.07680848084808481,0.16072830616394976,0.06119238590525719,0.09953592025869253,0.058192385905257195,0.0603878054472114,1.0493333333333335,0.03540430709737641,0.10141154115411541,36.16733333333333,0.10167393406007268,0.20636133613361338,49.46333333333334,0.07680848084808481,0.1219063906390639,63.08066666666666,0.010693769376937693,0.029212221222122223,0.5246666666666667,0.008616228289495617,0.10382898289828983,0.08733333333333333,0.0603878054472114,0.012676867686768678,0.4247128379504617,0.4090199464294771,0.31080336338813075,0.20720224225875386,0.07537365414343317,0.15575000201463898,0.03171323914181057,0.12403676287282846,0.09514618715748947,0.06462020322502962,1.5646666666666664,0.04214801667576335,0.1172614270974927,36.080666666666666,0.10360112112937693,0.18275830126497064,56.528666666666666,0.07537365414343317,0.09824763135810892,75.13133333333333,0.0020986414393399425,0.02930508777785023,0.4666666666666667,0.012145213914483846,0.10129247541425526,0.12333333333333335,0.06462020322502962,0.011926046178871757,0.49440168969045867
68,89,2013-03-09,10,2,2012-2013,Tijuca,L. Sorocabana,0,0.35764014205818634,0.2733728537768763,0.18224856918458418,0.07945265590121492,0.13183525537849947,0.029642854550930388,0.1021924008275691,0.052690609777003045,0.06015327336782637,0.8880000000000001,0.031979638990795686,0.09794064252565307,31.495333333333335,0.09112428459229209,0.1850190284397386,49.681999999999995,0.07945265590121492,0.11016362668742227,70.25399999999999,0.0030612140222130158,0.027044304119540685,0.4613333333333333,0.009124153597692022,0.09561076029885171,0.09600000000000003,0.06015327336782637,0.012741685115007574,0.3710671292957988,0.3998227053836859,0.3087046562303997,0.20580310415359987,0.07928347912054375,0.13771258106236958,0.04832198257584941,0.08939059848652019,0.05752042609771601,0.05894319187638873,1.0413333333333334,0.03824537403651409,0.11304652541311996,33.504,0.10290155207679993,0.19904614291049066,52.044,0.07928347912054375,0.10134556882081862,77.66866666666667,0.008081233900785315,0.040000006730251544,0.7106666666666666,0.006596172505948212,0.09503937231666026,0.07133333333333333,0.05894319187638873,0.013573654307971651,0.4253366120012575
86,96,2013-03-09,10,2,2012-2013,Joinville,Brasília,0,0.37152934346572153,0.32508892256207705,0.216725948374718,0.0773367139929705,0.1535957144962795,0.05723287369560848,0.09636284080067098,0.058541013928057356,0.07805590104841419,0.8713333333333332,0.025822227032677676,0.09169604074731631,27.240666666666666,0.108362974187359,0.22136760131962518,48.560666666666656,0.0773367139929705,0.1123135676848431,68.67933333333333,0.009692393314303155,0.04756580686887777,0.7013333333333333,0.01769279347436718,0.10518440089990862,0.17866666666666664,0.07805590104841419,0.021129166784934476,0.41311949712291884,0.4525908800913335,0.32204341694368893,0.21469561129579262,0.07711809542997214,0.1744439407676035,0.04974053927000436,0.12470340149759913,0.08697753601289414,0.05506648534300394,1.74,0.05359239112185623,0.13785124743964275,39.70333333333333,0.10734780564789631,0.1876957120311608,57.63866666666666,0.07711809542997214,0.09722161781001311,79.92333333333333,0.005333333333333333,0.04197763674826232,0.8146666666666668,0.012436956448742487,0.11425865484705013,0.10933333333333335,0.05506648534300394,0.011481380746113297,0.5602350827708942
87,77,2013-03-09,10,2,2012-2013,Palmeiras,Sesi Franca,1,0.37504545550829155,0.28067431829454514,0.1871162121963634,0.08181638183823384,0.15341149163678558,0.0523347336484086,0.10107675798837698,0.061557022543964814,0.06540870766246418,1.0926666666666667,0.03537095382456475,0.11140947448083142,31.483999999999998,0.0935581060981817,0.19548718270176602,47.82866666666666,0.08181638183823384,0.12037270421215666,67.83533333333334,0.008815131550664443,0.03722278899557872,0.6286666666666666,0.007925992599259926,0.10944697833124148,0.07600000000000003,0.06540870766246418,0.014370603752048126,0.40615705011361347,0.4013333333333333,0.35400000000000004,0.23600000000000004,0.07733333333333334,0.1413333333333333,0.043000000000000003,0.09833333333333333,0.07,0.06733333333333334,1.161333333333333,0.029333333333333336,0.08333333333333331,34.938,0.11800000000000002,0.21733333333333335,54.54333333333332,0.07733333333333334,0.11633333333333333,65.11533333333334,0.016333333333333335,0.045333333333333344,0.7486666666666667,0.01566666666666667,0.10033333333333336,0.16533333333333333,0.06733333333333334,0.009333333333333334,0.4623333333333334
118,82,2013-03-09,10,2,2012-2013,Pinheiros,Mogi,1,0.41866666666666663,0.293,0.1953333333333333,0.06433333333333334,0.13100000000000003,0.02766666666666667,0.10333333333333333,0.077,0.06000000000000001,1.34,0.053000000000000005,0.13533333333333333,39.532000000000004,0.09766666666666665,0.16099999999999998,60.516,0.06433333333333334,0.087,73.32333333333334,0.008333333333333333,0.029333333333333333,0.522,0.011000000000000003,0.09866666666666667,0.11800000000000004,0.06000000000000001,0.011333333333333336,0.4726666666666666,0.3731481481481481,0.2766262626262626,0.1844175084175084,0.08901346801346803,0.15009764309764312,0.04204713804713806,0.10805050505050509,0.05765993265993265,0.06859595959595959,1.016,0.033239057239057235,0.0932020202020202,35.72866666666666,0.0922087542087542,0.19852861952861953,47.11133333333333,0.08901346801346803,0.12182491582491585,72.81400000000001,0.0019629629629629632,0.0268989898989899,0.446,0.0059696969696969695,0.11700673400673402,0.05466666666666667,0.06859595959595959,0.013154882154882154,0.3920505050505051
90,72,2013-03-09,10,2,2012-2013,Limeira,Fortaleza B. C. / CFO,1,0.3873052350473868,0.2747393942032772,0.1831595961355181,0.06988615066060967,0.13504985413854662,0.037468988977283485,0.09758086516126314,0.07249236827718998,0.05643191922710363,1.335333333333334,0.04475316275041969,0.11329655800143892,39.45066666666666,0.09157979806775905,0.18250661991912484,50.407999999999994,0.06988615066060967,0.09492455427766962,73.28,0.006691513220141251,0.03306178291696645,0.636,0.010334000266773375,0.10798713751476412,0.09866666666666668,0.05643191922710363,0.013667066826730693,0.4370081711441053,0.40696694239917586,0.31754322334333235,0.2116954822288883,0.08390840226646064,0.15469608823440295,0.04506035814925916,0.10963573008514378,0.06536336090658425,0.053090688725267406,1.6726666666666667,0.03712101930127564,0.10469639123716026,35.67133333333333,0.10584774111444414,0.2064531406235797,52.058,0.08390840226646064,0.10869608823440295,77.22733333333333,0.003969669423991759,0.02918168045329213,0.7853333333333334,0.013303002757325093,0.10345374662909433,0.1306666666666667,0.053090688725267406,0.014757355391934068,0.4629969699724267
76,85,2013-03-14,11,2,2012-2013,Mogi,Espírito Santo,0,0.3718148148148149,0.2816262626262626,0.18775084175084172,0.08934680134680135,0.14943097643097641,0.04404713804713805,0.1053838383838384,0.05665993265993266,0.0725959595959596,0.9033333333333334,0.03157239057239057,0.0902020202020202,35.425333333333334,0.09387542087542086,0.20419528619528618,46.818,0.08934680134680135,0.12315824915824918,72.39733333333334,0.0019629629629629632,0.027565656565656568,0.4406666666666667,0.00496969696969697,0.11600673400673402,0.046000000000000006,0.0725959595959596,0.014488215488215488,0.3833838383838384,0.3862941016714811,0.2909240056292127,0.1939493370861418,0.08767859170925611,0.1559125743772066,0.04676502975088266,0.10914754462632396,0.04996274350048145,0.0668514677925092,0.8493333333333334,0.03488872429202775,0.11697466854307088,30.105333333333327,0.0969746685430709,0.1969741747524875,49.224,0.08767859170925611,0.11191306816779002,78.44466666666669,0.006654247833493816,0.03839493370861417,0.672,0.006074019208453696,0.10272777325136409,0.064,0.0668514677925092,0.017061600375280848,0.404763054588549
95,93,2013-03-14,11,2,2012-2013,Coop/São José Basketball,Minas,1,0.39668661309614367,0.3018033633881307,0.20120224225875383,0.07504032081009984,0.15175000201463898,0.03237990580847724,0.11937009620616178,0.0884795204908228,0.06462020322502962,1.4759999999999998,0.04014801667576335,0.11726142709749267,34.542,0.10060112112937691,0.181091634598304,55.48599999999999,0.07504032081009984,0.09858096469144227,74.482,0.001431974772673276,0.027971754444516893,0.44866666666666666,0.011478547247817184,0.09995914208092192,0.11933333333333335,0.06462020322502962,0.011259379512205092,0.46540168969045864,0.42063724860506857,0.3409620672883987,0.22730804485893244,0.09601179376741806,0.15434318748389916,0.0473319200055554,0.10701126747834376,0.061608741703797536,0.07271473166748058,0.9926666666666667,0.032439136659572716,0.09231762593974138,34.28066666666667,0.11365402242946622,0.20545908942286792,55.80999999999999,0.09601179376741806,0.1175938621435637,81.62866666666669,0.0037642686166183556,0.03725821217700019,0.5726666666666668,0.010295682368802898,0.10885148803031798,0.09733333333333334,0.07271473166748058,0.013125910431120694,0.47287069482863814
77,63,2013-03-14,11,2,2012-2013,Sesi Franca,Paulistano,1,0.3996666666666666,0.35700000000000004,0.23800000000000002,0.07666666666666667,0.13866666666666663,0.04300000000000001,0.09566666666666666,0.07233333333333335,0.06700000000000002,1.1853333333333331,0.028333333333333335,0.08299999999999999,33.77133333333334,0.11900000000000001,0.21866666666666668,54.66533333333333,0.07666666666666667,0.116,64.74666666666667,0.016666666666666666,0.04766666666666667,0.7713333333333334,0.01633333333333333,0.10133333333333336,0.16999999999999998,0.06700000000000002,0.010333333333333332,0.4636666666666666,0.38770260359369274,0.304021802180218,0.2026812014534787,0.07580848084808481,0.15606163949728308,0.055859052571923855,0.1002025869253592,0.06119238590525719,0.0603878054472114,1.1093333333333333,0.0364043070973764,0.10074487448744876,37.176,0.10134060072673935,0.20136133613361337,50.251333333333335,0.07580848084808481,0.1199063906390639,63.37533333333333,0.01136043604360436,0.030878887888788887,0.558,0.008282894956162282,0.10216231623162315,0.08600000000000002,0.0603878054472114,0.012676867686768678,0.432046171283795
114,91,2013-03-14,11,2,2012-2013,Bauru Basket,Joinville,1,0.41334395371713434,0.32800980343120084,0.21867320228746726,0.06466830057186682,0.15400361793294326,0.043334383700962015,0.1106692342319812,0.07900163390520015,0.05600116707514297,1.478,0.04333415028593342,0.11300245085780022,38.203999999999986,0.10933660114373363,0.20267145167475284,54.384,0.06466830057186682,0.08600198402774305,75.46933333333332,0.010000233415028592,0.03900116707514297,0.7206666666666667,0.010667250204238152,0.09233578419113356,0.11400000000000003,0.05600116707514297,0.011666900081695263,0.48868020473832513,0.37151787221055277,0.3310805192007325,0.22072034613382163,0.07633444641927435,0.15259171289563925,0.05689820649539507,0.09569350640024415,0.0582058131810919,0.07438589971454732,0.8959999999999998,0.0248210265524856,0.09402683973357749,25.62133333333333,0.11036017306691082,0.22269573257212621,49.15666666666666,0.07633444641927435,0.10997649952424553,69.07666666666665,0.01135905998096982,0.04856487316206172,0.73,0.016692393314303153,0.1058478662860631,0.16999999999999998,0.07438589971454732,0.021461966571515778,0.41310735893430994
81,79,2013-03-14,11,2,2012-2013,L. Sorocabana,Limeira,1,0.39838503850750784,0.29859409709023504,0.19906273139349004,0.0805950530960577,0.1370142100686866,0.046978332336131454,0.09003587773255516,0.05416461873264911,0.05725920476443728,1.0126666666666666,0.039575751339320044,0.11603766218828136,33.74666666666666,0.09953136569674502,0.19699416697440578,51.01800000000001,0.0805950530960577,0.10264940024980056,77.87733333333333,0.00640609541344187,0.03731491840696764,0.6886666666666665,0.006259153867942723,0.09468465642943878,0.068,0.05725920476443728,0.014574755519304117,0.41652877821199874,0.3899719017140535,0.27273939420327714,0.18182626280218478,0.06688615066060968,0.13704985413854665,0.038802322310616824,0.09824753182792981,0.0738257016105233,0.055765252560436955,1.3700000000000003,0.04708649608375302,0.11462989133477226,40.826,0.09091313140109239,0.1828399532524582,49.972,0.06688615066060968,0.09159122094433629,71.99133333333334,0.007691513220141251,0.033061782916966445,0.642,0.010334000266773375,0.10765380418143078,0.09866666666666668,0.055765252560436955,0.014667066826730692,0.44467483781077194
99,81,2013-03-14,11,2,2012-2013,Brasília,Palmeiras,1,0.4539242134246668,0.3200434169436889,0.21336227796245932,0.07978476209663879,0.17344394076760353,0.04807387260333771,0.1253700681642658,0.0866442026795608,0.0577331520096706,1.652666666666667,0.05359239112185623,0.1341845807729761,40.66333333333334,0.10668113898122966,0.18569571203116078,57.976000000000006,0.07978476209663879,0.1022216178100131,78.61933333333334,0.005666666666666667,0.039310970081595654,0.7433333333333334,0.013103623115409154,0.11425865484705011,0.11533333333333333,0.0577331520096706,0.011481380746113294,0.5605684161042276,0.37971212217495814,0.2826743182945452,0.18844954552969675,0.08414971517156716,0.15541149163678558,0.052001400315075275,0.10341009132171033,0.06222368921063149,0.06974204099579749,1.0573333333333335,0.03570428715789809,0.1100761411474981,32.31733333333333,0.09422477276484838,0.19782051603509934,47.506,0.08414971517156716,0.12103937087882333,69.53333333333333,0.009148464883997778,0.03822278899557873,0.6133333333333333,0.007925992599259928,0.10744697833124149,0.07666666666666667,0.06974204099579749,0.015703937085381457,0.41149038344694683
94,82,2013-03-16,12,2,2012-2013,Brasília,Suzano,1,0.4569522872874502,0.32306213285221114,0.21537475523480745,0.07778844856346895,0.17611968181415974,0.049076424772681655,0.1270432570414781,0.08531625725928689,0.05706903751234787,1.654,0.05459636116305792,0.1365264213374559,40.586000000000006,0.10768737761740373,0.1853723038008317,58.647999999999996,0.07778844856346895,0.10122643857432942,77.38400000000001,0.005666666666666667,0.03764628843552983,0.7226666666666666,0.012771140505190468,0.114597943242186,0.11133333333333335,0.05706903751234787,0.010481380746113293,0.5626030121775565,0.36907780874222834,0.2846805679637523,0.18978704530916823,0.07609216134899972,0.1471155085731634,0.04531042848443097,0.10180508008873246,0.05775698786449276,0.09108671994791626,0.6613333333333333,0.034399534028020116,0.10906720110800211,30.670666666666666,0.09489352265458412,0.1915801810850903,49.87133333333333,0.07609216134899972,0.10886845281248501,69.81333333333333,0.0023778861051279147,0.02971066140040725,0.32666666666666677,0.00851137302194545,0.10469463350916487,0.08200000000000003,0.09108671994791626,0.016820690791822985,0.3665519849356557
83,82,2013-03-16,12,2,2012-2013,Bauru Basket,Limeira,1,0.4210000000000001,0.32799999999999996,0.21866666666666668,0.06633333333333333,0.15533333333333335,0.04400000000000001,0.11133333333333335,0.08099999999999999,0.056000000000000015,1.5179999999999998,0.04533333333333333,0.11666666666666665,38.690666666666665,0.10933333333333334,0.20233333333333337,54.498000000000005,0.06633333333333333,0.08700000000000001,76.31266666666667,0.01,0.03800000000000001,0.7006666666666668,0.009333333333333334,0.09299999999999999,0.10066666666666668,0.056000000000000015,0.011666666666666669,0.49599999999999994,0.38897190171405355,0.27773939420327715,0.1851595961355181,0.06455281732727634,0.13738318747187997,0.03980232231061683,0.09758086516126314,0.07282570161052332,0.05443191922710362,1.378666666666667,0.04641982941708635,0.11329655800143891,40.734666666666676,0.09257979806775905,0.18717328658579152,49.629333333333335,0.06455281732727634,0.08925788761100292,71.52,0.008024846553474584,0.032395116250299776,0.6439999999999999,0.010334000266773375,0.10798713751476413,0.09866666666666668,0.05443191922710362,0.01333373349339736,0.4403415044774386
106,87,2013-03-16,12,2,2012-2013,Coop/São José Basketball,Espírito Santo,1,0.3924366532937962,0.29544043258328967,0.19696028838885984,0.0752148962148962,0.14981458224315367,0.03356509099366242,0.11624949124949127,0.09124594453165882,0.06312773998488283,1.5546666666666664,0.04008715623001337,0.11414082214082215,35.412000000000006,0.09848014419442992,0.17968794697366128,54.80199999999999,0.0752148962148962,0.10010134310134312,73.44533333333334,0.001,0.027750276178847608,0.46066666666666667,0.011935461364032793,0.09387557416128844,0.132,0.06312773998488283,0.01039542996685854,0.4651891389034246,0.38596076833814785,0.2929240056292127,0.19528267041947514,0.08801192504258945,0.15557924104387327,0.04643169641754932,0.10914754462632396,0.04896274350048145,0.06585146779250921,0.8466666666666668,0.03422205762536109,0.11430800187640422,30.12399999999999,0.09764133520973757,0.19764084141915414,49.382666666666665,0.08801192504258945,0.11257973483445669,78.23066666666666,0.005987581166827149,0.03606160037528085,0.6473333333333334,0.006074019208453696,0.10072777325136409,0.06533333333333333,0.06585146779250921,0.017061600375280848,0.4037630545885491
85,83,2013-03-16,12,2,2012-2013,Fortaleza B. C. / CFO,Palmeiras,1,0.3993002757325092,0.3105432233433324,0.20702881556222166,0.08690840226646063,0.15736275490106963,0.04672702481592583,0.11063573008514378,0.061363360906584244,0.056757355391934064,1.4826666666666666,0.03512101930127564,0.10536305790382693,33.769999999999996,0.10351440778111083,0.20445314062357972,51.356,0.08690840226646063,0.11169608823440291,77.704,0.004636336090658426,0.02851501378662546,0.7193333333333334,0.014636336090658428,0.10178707996242765,0.15200000000000002,0.056757355391934064,0.015424022058600736,0.44866363663909337,0.38437878884162485,0.28867431829454515,0.19244954552969679,0.08381638183823384,0.15541149163678564,0.05200140031507527,0.10341009132171033,0.06289035587729816,0.06807537432913086,1.098666666666667,0.03603762049123142,0.11007614114749811,32.668,0.09622477276484839,0.2001538493684327,47.94066666666666,0.08381638183823384,0.12170603754548999,68.89133333333334,0.010148464883997777,0.03822278899557874,0.6266666666666667,0.007925992599259928,0.10778031166457483,0.07600000000000001,0.06807537432913086,0.015037270418714792,0.4178237167802801
93,86,2013-03-16,12,2,2012-2013,L. Sorocabana,Joinville,1,0.39481044704730756,0.29091091311553824,0.1939406087436921,0.07930547305740017,0.13541695123895545,0.04611257939288774,0.08930437184606771,0.053965532456072066,0.05778108141177518,0.994,0.04052145508207176,0.11674808214962383,34.602000000000004,0.09697030437184605,0.19412542685843318,50.68066666666667,0.07930547305740017,0.09886359810606482,79.38866666666667,0.00533370040377749,0.037557757978220495,0.6866666666666666,0.005556289696443865,0.09371031097169848,0.05999999999999999,0.05778108141177518,0.01555665676688802,0.41170080421797306,0.3795178722105528,0.3440805192007325,0.2293870128004883,0.07866777975260769,0.1519250462289726,0.055231539828728395,0.09669350640024416,0.058539146514425246,0.07138589971454733,0.9313333333333331,0.023821026552485598,0.09136017306691083,25.25533333333333,0.11469350640024414,0.22536239923879287,50.474000000000004,0.07866777975260769,0.11264316619091219,69.37199999999999,0.012025726647636488,0.048898206495395065,0.7526666666666667,0.017025726647636488,0.1048478662860631,0.17466666666666664,0.07138589971454733,0.021461966571515775,0.4277740256009767
75,66,2013-03-16,12,2,2012-2013,Mogi,Minas,1,0.3748148148148148,0.2866262626262626,0.1910841750841751,0.08801346801346803,0.15276430976430977,0.044047138047138064,0.10871717171717174,0.05965993265993265,0.07492929292929294,0.9153333333333334,0.03190572390572391,0.09020202020202021,35.727999999999994,0.09554208754208755,0.20419528619528618,47.63066666666667,0.08801346801346803,0.1214915824915825,72.16333333333334,0.0016296296296296297,0.027232323232323233,0.4293333333333334,0.006636363636363636,0.11700673400673403,0.06133333333333334,0.07492929292929294,0.016154882154882155,0.39538383838383845,0.4195309765038216,0.33727250838275935,0.22484833892183959,0.09405981163453142,0.15391884354196728,0.04917818838448709,0.10474065515748017,0.06418458387762967,0.07052749920889134,1.034,0.033540941982483564,0.09369339366726792,34.884,0.11242416946091979,0.20539208774782602,55.21733333333332,0.09405981163453142,0.11519371325095247,81.90666666666667,0.004356861209210948,0.03605813773069458,0.5686666666666667,0.01088827496139549,0.1068846166363109,0.10400000000000002,0.07052749920889134,0.012449937976253767,0.4733828854111805
86,75,2013-03-16,12,2,2012-2013,Uberlândia,Paulistano,1,0.40729291434077175,0.32411859694606776,0.21607906463071191,0.06982241103254197,0.15185819647810758,0.034906737208295645,0.11695145926981194,0.08314947037372797,0.06415308174207196,1.4526666666666666,0.040463812892505974,0.10118177564283927,40.632,0.10803953231535596,0.1925261140740962,56.36133333333333,0.06982241103254197,0.08895045944288163,78.39933333333335,0.015224042380879998,0.026351241783600324,0.4199999999999999,0.013448882686989667,0.10240218890965264,0.13,0.06415308174207196,0.012120825400571996,0.48486390481262376,0.38757935429397283,0.3084299654455241,0.20561997696368278,0.07334309469362303,0.1530648407777953,0.05305953276400068,0.10000530801379458,0.06299430667356451,0.061323379676903274,1.1239999999999999,0.036205427545555675,0.10288172922934549,36.297333333333334,0.10280998848184139,0.20189995157979182,50.87866666666666,0.07334309469362303,0.11597481801001228,63.690666666666665,0.010693769376937695,0.03268000833696816,0.5773333333333334,0.009550201878931389,0.10303186405075081,0.09733333333333334,0.061323379676903274,0.011343534353435348,0.4301226018560239
77,82,2013-03-19,14,2,2012-2013,Paulistano,Brasília,0,0.3902485212106646,0.3084318656355431,0.20562124375702875,0.07401019473696069,0.15406607423447424,0.05205979945733669,0.10200627477713756,0.06532817339356983,0.06299064640357595,1.1373333333333333,0.03687236090555834,0.10254896261935116,37.21266666666667,0.10281062187851438,0.20090131838313885,51.089333333333336,0.07401019473696069,0.1159755180800193,64.32533333333332,0.012027236056939028,0.03334687502363683,0.5786666666666667,0.00855020187893139,0.10369926412409149,0.08733333333333333,0.06299064640357595,0.010343634363436346,0.4351255354827199,0.4561762220109315,0.3217964936862999,0.21453099579086668,0.07218887165201533,0.17834240771322288,0.048298848465640254,0.13004355924758265,0.0877831656908372,0.05933588550267728,1.648,0.05648545152268317,0.13752702574966502,41.42733333333333,0.10726549789543334,0.18475066584374492,58.610666666666674,0.07218887165201533,0.09322704298653857,77.38400000000001,0.006666666666666667,0.03833531835393418,0.7100000000000001,0.012926776649040574,0.10893188098772845,0.12200000000000001,0.05933588550267728,0.009925925925925925,0.5656271886659215
60,93,2013-03-19,13,2,2012-2013,Mogi,Coop/São José Basketball,0,0.3721481481481482,0.2846262626262626,0.18975084175084175,0.08868013468013469,0.1530976430976431,0.04304713804713805,0.11005050505050505,0.06032659932659932,0.0755959595959596,0.8846666666666667,0.031239057239057243,0.0882020202020202,35.727999999999994,0.09487542087542088,0.20152861952861953,47.84666666666667,0.08868013468013469,0.1214915824915825,72.71933333333331,0.0016296296296296297,0.02656565656565657,0.38733333333333336,0.0063030303030303025,0.11534006734006734,0.059333333333333335,0.0755959595959596,0.016821548821548817,0.3960505050505051,0.39876998662712954,0.2994404325832897,0.19962695505552652,0.07688156288156286,0.15181458224315367,0.034231757660329085,0.11758282458282461,0.09224594453165881,0.06479440665154951,1.522,0.04075382289668004,0.1158074888074888,35.345333333333336,0.09981347752776326,0.18168794697366128,54.75533333333332,0.07688156288156286,0.0997680097680098,75.77400000000002,0.0016666666666666668,0.027083609512180938,0.438,0.011935461364032791,0.09520890749462178,0.12933333333333336,0.06479440665154951,0.011062096633525207,0.4711891389034246
72,99,2013-03-21,13,2,2012-2013,Joinville,Flamengo,0,0.3818512055438861,0.3370805192007325,0.22472034613382164,0.0816677797526077,0.14892504622897254,0.05456487316206173,0.09436017306691084,0.05853914651442524,0.07338589971454731,0.9053333333333333,0.02515435988581893,0.09102683973357747,26.81466666666666,0.11236017306691082,0.2226957325721262,50.14200000000001,0.0816677797526077,0.1186431661909122,68.372,0.012692393314303156,0.047898206495395064,0.728,0.01635905998096982,0.1058478662860631,0.16533333333333333,0.07338589971454731,0.02112863323818244,0.42510735893431006,0.4539999999999999,0.356,0.23733333333333334,0.08566666666666668,0.1736666666666667,0.04700000000000001,0.12666666666666665,0.074,0.056666666666666664,1.6426666666666667,0.043666666666666666,0.11333333333333333,38.49466666666667,0.11866666666666667,0.21366666666666664,56.035999999999994,0.08566666666666668,0.11299999999999999,75.606,0.006666666666666668,0.03233333333333333,0.6359999999999999,0.006333333333333332,0.09133333333333332,0.07200000000000001,0.056666666666666664,0.014333333333333332,0.5333333333333333
87,82,2013-03-21,13,2,2012-2013,Suzano,Bauru Basket,1,0.38174447540889495,0.2936805679637523,0.19578704530916818,0.07675882801566639,0.14644884190649676,0.044643761817764305,0.10180508008873246,0.05909032119782609,0.0887533866145829,0.6926666666666665,0.03639953402802012,0.11073386777466879,32.168,0.09789352265458409,0.19724684775175697,50.05533333333332,0.07675882801566639,0.10853511947915168,71.37933333333332,0.0027112194384612477,0.03171066140040724,0.36800000000000005,0.009178039688612114,0.10369463350916487,0.09399999999999999,0.0887533866145829,0.015487357458489658,0.38121865160232243,0.4243333333333334,0.331,0.22066666666666668,0.06966666666666668,0.15433333333333332,0.04166666666666667,0.11266666666666666,0.08066666666666668,0.056333333333333346,1.5059999999999998,0.04466666666666666,0.11199999999999997,40.193999999999996,0.11033333333333334,0.20333333333333334,54.73066666666667,0.06966666666666668,0.09100000000000001,76.59066666666668,0.009666666666666665,0.038000000000000006,0.696,0.009333333333333334,0.09033333333333332,0.10066666666666668,0.056333333333333346,0.012333333333333335,0.5023333333333333
84,81,2013-03-21,17,2,2012-2013,Pinheiros,Tijuca,1,0.42499999999999993,0.296,0.1973333333333333,0.06666666666666668,0.13033333333333333,0.02800000000000001,0.10233333333333335,0.07766666666666668,0.05933333333333334,1.358,0.053666666666666675,0.13500000000000004,40.178,0.09866666666666665,0.16066666666666665,61.24133333333332,0.06666666666666668,0.089,73.81066666666668,0.007000000000000001,0.02966666666666667,0.528,0.010333333333333333,0.102,0.10733333333333335,0.05933333333333334,0.011666666666666667,0.48199999999999993,0.35464014205818634,0.2743728537768763,0.18291523585125086,0.07678598923454824,0.13450192204516614,0.030309521217597057,0.1041924008275691,0.05169060977700305,0.06015327336782637,0.8679999999999999,0.03164630565746236,0.09660730919231972,31.510666666666665,0.09145761792562543,0.18635236177307193,49.44266666666666,0.07678598923454824,0.10649696002075562,70.55733333333333,0.0037278806888796827,0.02671097078620736,0.4546666666666666,0.009124153597692022,0.09661076029885171,0.09533333333333335,0.06015327336782637,0.013741685115007573,0.3704004626291322
85,77,2013-03-21,13,2,2012-2013,Palmeiras,L. Sorocabana,1,0.38063804810088414,0.28211876273898967,0.1880791751593264,0.08311267813453013,0.15259667682197078,0.04974214105581601,0.10285453576615476,0.05996442995137223,0.06618648544024196,1.0859999999999999,0.03648206493567586,0.10933540040675735,33.33466666666667,0.0940395875796632,0.19922792344250678,47.215999999999994,0.08311267813453013,0.12011344495289739,69.26666666666667,0.009778094513627409,0.03911167788446763,0.7113333333333334,0.007592659265926593,0.10318771907198224,0.07333333333333333,0.06618648544024196,0.01466690004834442,0.4103422352987987,0.39579739729839797,0.28872011918341084,0.1924800794556072,0.07419928528697843,0.13274347298564088,0.04524034877202551,0.08750312421361536,0.05617848142130168,0.05827057731961026,1.0246666666666666,0.04303934418527077,0.11911719368935518,35.93533333333333,0.0962400397278036,0.19372168396107614,50.437333333333335,0.07419928528697843,0.09380000012868901,78.90733333333334,0.00536209359914144,0.04046576680548073,0.7300000000000001,0.006613076087171767,0.09573189258041453,0.06733333333333333,0.05827057731961026,0.01455665676688802,0.4145247803079138
79,86,2013-03-21,13,2,2012-2013,Paulistano,Fortaleza B. C. / CFO,0,0.3905818545439979,0.3064318656355432,0.20428791042369546,0.07367686140362736,0.15473274090114095,0.05205979945733669,0.10267294144380422,0.06232817339356985,0.06465731307024261,1.0959999999999999,0.03753902757222501,0.10354896261935116,37.526666666666664,0.10214395521184773,0.20323465171647218,50.02733333333334,0.07367686140362736,0.1149755180800193,64.64399999999999,0.011027236056939027,0.03468020835697016,0.5866666666666666,0.009550201878931389,0.10603259745742483,0.09266666666666666,0.06465731307024261,0.011676967696769678,0.43179220214938663,0.3964854609176944,0.3133210011211102,0.2088806674140735,0.0866861800442384,0.1529183104566252,0.04357887666777768,0.1093394337888475,0.06373373127695461,0.058831429466008146,1.4866666666666666,0.03363953781979416,0.10217787271864173,33.25066666666666,0.10444033370703674,0.20445314062357972,51.818666666666665,0.0866861800442384,0.11065905119736591,78.30066666666667,0.004895595349917684,0.02951501378662546,0.7146666666666667,0.016080780535102875,0.10189819107353877,0.16533333333333336,0.058831429466008146,0.0140906887252674,0.44544141441687113
67,90,2013-03-21,13,2,2012-2013,Minas,Uberlândia,0,0.41286430983715494,0.3262725083827593,0.21751500558850628,0.09272647830119808,0.15858551020863396,0.05051152171782044,0.10807398849081352,0.066517917210963,0.06752749920889133,1.1433333333333333,0.03420760864915024,0.0933600603339346,35.645999999999994,0.10875750279425314,0.20572542108115935,53.215999999999994,0.09272647830119808,0.11652704658428582,79.19333333333334,0.004356861209210948,0.03505813773069458,0.5719999999999998,0.011221608294728824,0.10855128330297757,0.10666666666666669,0.06752749920889133,0.012116604642920433,0.47271621874451386,0.41162624767410505,0.3211185969460677,0.21407906463071186,0.07215574436587531,0.14919152981144093,0.03424007054162898,0.11495145926981194,0.08381613704039464,0.060819748408738626,1.5193333333333332,0.041797146225839306,0.10251510897617262,41.31933333333334,0.10703953231535593,0.1925261140740962,55.716,0.07215574436587531,0.09161712610954832,78.78866666666667,0.015224042380879998,0.02635124178360033,0.44333333333333325,0.014115549353656333,0.1040688555763193,0.13466666666666666,0.060819748408738626,0.011787492067238663,0.48986390481262376
75,80,2013-03-23,14,2,2012-2013,Limeira,Flamengo,0,0.38930523504738684,0.27873939420327715,0.18582626280218478,0.06121948399394301,0.13904985413854662,0.040802322310616826,0.09824753182792981,0.07349236827718998,0.05609858589377029,1.3506666666666665,0.047419829417086355,0.11662989133477224,40.40133333333333,0.09291313140109239,0.1851732865857915,50.45333333333333,0.06121948399394301,0.0859245542776696,69.83933333333334,0.008358179886807917,0.03172844958363311,0.6106666666666666,0.010000666933440042,0.10798713751476412,0.09600000000000002,0.05609858589377029,0.014000400160064026,0.4400081711441054,0.4516831749207937,0.3340030015007504,0.24001067200266799,0.08266950141737535,0.1716716691679173,0.049335000833750205,0.12233666833416708,0.07200216775054194,0.05700150075037518,1.5799999999999998,0.043001000500250124,0.11266966816741704,38.05,0.12000533600133399,0.21367450391862597,56.604000000000006,0.08266950141737535,0.11033716858429216,74.94200000000001,0.007667333666833417,0.033001834250458564,0.6419999999999999,0.007000500250125062,0.09133650158412539,0.07933333333333333,0.05700150075037518,0.014666833416708352,0.5273523428380856
74,73,2013-03-23,14,2,2012-2013,Joinville,Tijuca,1,0.38018813941730045,0.32708126931324943,0.22938921313053778,0.080335096516789,0.14559311310567075,0.054898806585408556,0.09069430652026218,0.0568729299152687,0.07572008317539979,0.8473333333333333,0.023487943256657883,0.08902753983859323,25.86199999999999,0.11469460656526889,0.22436459956884233,50.91133333333334,0.080335096516789,0.11831078300010024,67.26666666666665,0.013025876670139862,0.04856517320706848,0.7246666666666665,0.016359260010974323,0.10684901645858896,0.1633333333333333,0.07572008317539979,0.020795449927352487,0.4144439427552165,0.3594756337270184,0.2610413240308109,0.18390015477241542,0.07858074486197374,0.13832283126778272,0.03327308714913606,0.10504974411864663,0.05266660716828479,0.05844159808291127,0.9153333333333333,0.032331578030876405,0.0990428419055827,31.41,0.09195007738620771,0.18533488039145365,49.82666666666667,0.07858074486197374,0.10706357829396548,72.30066666666667,0.0037130489263541605,0.0262422646180334,0.4613333333333333,0.009094490072640977,0.09752743064003136,0.09400000000000004,0.05844159808291127,0.01410656894550288,0.37947215287129554
89,83,2013-03-23,14,2,2012-2013,Palmeiras,Bauru Basket,1,0.38329829649631625,0.2621130113011301,0.19140867420075344,0.08444467780111345,0.15059342600926762,0.047740974097409745,0.10285245191185785,0.058963262992965955,0.06751898523185652,1.0453333333333332,0.03581498149814981,0.10966740007334065,32.428000000000004,0.09570433710037672,0.19522358902556922,48.934,0.08444467780111345,0.12477827782778278,68.122,0.010444511117778443,0.03977801113444678,0.7133333333333333,0.008925992599259925,0.10218571857185718,0.08600000000000001,0.06751898523185652,0.014000066673334002,0.40933506684001736,0.42943620934489896,0.3212122876353744,0.22714431384625916,0.06807960786326542,0.15428305018049923,0.04208845318140601,0.11219459699909325,0.08214152509024962,0.055395250560317556,1.5786666666666667,0.04473742921179147,0.11488779962018167,39.18999999999999,0.11357215692312958,0.20306470598299375,56.17733333333334,0.06807960786326542,0.09045716778730177,75.04333333333334,0.009351023969614534,0.03838640524217695,0.72,0.009351023969614536,0.09217690636281202,0.0986666666666667,0.055395250560317556,0.011675511984807268,0.508182483874831
87,69,2013-03-23,14,2,2012-2013,Pinheiros,Fortaleza B. C. / CFO,1,0.4246666666666667,0.28400000000000003,0.1953333333333333,0.06733333333333334,0.134,0.029333333333333343,0.10466666666666667,0.07866666666666668,0.05966666666666667,1.3659999999999999,0.05400000000000001,0.1366666666666667,39.797999999999995,0.09766666666666665,0.16033333333333333,60.786666666666655,0.06733333333333334,0.08899999999999998,74.41666666666669,0.008,0.030333333333333337,0.5413333333333334,0.01,0.10300000000000001,0.10333333333333336,0.05966666666666667,0.012000000000000002,0.48199999999999993,0.39948546091769427,0.30232100112111016,0.21021400074740682,0.08535284671090507,0.14991831045662515,0.04191221000111101,0.10800610045551416,0.06540039794362128,0.057164762799341476,1.5319999999999998,0.03463953781979416,0.10317787271864173,33.85933333333333,0.10510700037370341,0.2041198072902464,52.22133333333332,0.08535284671090507,0.10832571786403257,78.90533333333335,0.004562262016584352,0.033181680453292124,0.7806666666666666,0.01574744720176954,0.10456485774020544,0.162,0.057164762799341476,0.013424022058600734,0.4511080810835379
58,60,2013-03-23,14,2,2012-2013,Minas,Sesi Franca,0,0.40987212924061284,0.31127425899547373,0.21618587372568757,0.08906167895476015,0.15858889472654855,0.05251315562302059,0.10607573910352798,0.06718610107531552,0.06919650002584393,1.1380000000000001,0.034874858853388375,0.09369537769501096,36.35666666666666,0.10809293686284378,0.20339687275591214,53.36466666666666,0.08906167895476015,0.11352949744208606,78.27266666666668,0.004356977916725245,0.03505883797578036,0.5653333333333335,0.010555175043090753,0.10521981728987297,0.10533333333333333,0.06919650002584393,0.012116954765463322,0.4673895377394955,0.39333333333333326,0.357,0.23800000000000002,0.07233333333333333,0.13766666666666666,0.044000000000000004,0.09366666666666666,0.07333333333333333,0.06733333333333333,1.1926666666666665,0.02766666666666667,0.08233333333333333,33.31666666666667,0.11900000000000001,0.22033333333333335,54.202666666666666,0.07233333333333333,0.10833333333333335,66.302,0.017333333333333333,0.04833333333333334,0.7766666666666668,0.016,0.10133333333333334,0.16533333333333333,0.06733333333333333,0.011333333333333332,0.45666666666666667
79,90,2013-03-23,14,2,2012-2013,Suzano,L. Sorocabana,0,0.3826257813832743,0.27674008502530995,0.19449339001687332,0.07773573917464308,0.14689111980393846,0.04446555073058598,0.1024255690733525,0.06257877677731444,0.08835241166843168,0.7746666666666666,0.036798884063919304,0.10955403177723842,33.025333333333336,0.09724669500843666,0.19735416740561332,49.69799999999999,0.07773573917464308,0.10928926677915546,71.98266666666665,0.0026666666666666666,0.03153245031322892,0.36800000000000005,0.009178039688612114,0.10118146417840117,0.09399999999999999,0.08835241166843168,0.015776138020028408,0.38503394087413584,0.39301961952062026,0.2778312302945219,0.19588748686301463,0.07356965565734881,0.13400273224490014,0.0451292376609144,0.08887349458398573,0.052882185125005386,0.05949279954183247,0.9673333333333332,0.04118749233341892,0.11737645294861444,34.821333333333335,0.09794374343150732,0.1962772395166317,50.68066666666667,0.07356965565734881,0.09594814827683716,76.99600000000001,0.00536209359914144,0.04057687791659185,0.7200000000000002,0.006057520531616212,0.09702818887671083,0.062000000000000006,0.05949279954183247,0.014667767877999132,0.4025247803079138
66,84,2013-03-23,14,2,2012-2013,Espírito Santo,Uberlândia,0,0.3936274350048145,0.2989240056292127,0.19928267041947512,0.0906785917092561,0.15491257437720662,0.04643169641754933,0.1084808779596573,0.04996274350048145,0.06485146779250921,0.8833333333333334,0.03455539095869442,0.11130800187640423,31.111333333333327,0.09964133520973756,0.20297417475248747,49.16466666666667,0.0906785917092561,0.1155797348344567,78.34666666666665,0.005654247833493816,0.03439493370861418,0.6353333333333334,0.006074019208453696,0.10006110658469744,0.06599999999999999,0.06485146779250921,0.016061600375280847,0.4100963879218824,0.4146262476741051,0.30911859694606775,0.2167457312973785,0.07248907769920863,0.14452486314477428,0.03224007054162898,0.11228479260314529,0.08914947037372796,0.062153081742071965,1.5766666666666667,0.04179714622583931,0.10184844230950597,41.562000000000005,0.10837286564868925,0.19052611407409623,56.98599999999999,0.07248907769920863,0.08895045944288164,80.74133333333334,0.01655737571421333,0.029017908450266996,0.4779999999999999,0.014782216020323001,0.10306885557631928,0.14533333333333334,0.062153081742071965,0.012787492067238662,0.4985305714792904
64,87,2013-03-25,13,2,2012-2013,Espírito Santo,Sesi Franca,0,0.38734039889565186,0.28293031888705417,0.20064546562273528,0.08902244713899186,0.15726765337643833,0.044769940062537136,0.11249771331390121,0.049303793037843234,0.060522343297736855,0.9600000000000001,0.03255749537797491,0.10798659358566033,30.065999999999992,0.10032273281136764,0.20433907437502813,49.18666666666666,0.08902244713899186,0.1142590280168063,77.84133333333332,0.006323018919440971,0.031728968515041006,0.6153333333333334,0.005742088821307354,0.09640285759515271,0.06866666666666667,0.060522343297736855,0.01339493370861418,0.40380794886653276,0.3873333333333333,0.3309999999999999,0.2326666666666667,0.07066666666666667,0.14,0.043666666666666666,0.09633333333333335,0.07266666666666667,0.06899999999999999,1.164,0.028000000000000004,0.08399999999999999,33.31666666666667,0.11633333333333334,0.21933333333333332,53.37933333333333,0.07066666666666667,0.10633333333333335,66.11666666666666,0.017,0.048666666666666664,0.76,0.018333333333333333,0.1016666666666667,0.194,0.06899999999999999,0.011333333333333332,0.4486666666666666
67,62,2013-03-25,16,2,2012-2013,Bauru Basket,Pinheiros,1,0.42876954267823236,0.3052122876353744,0.22514431384625916,0.06941294119659876,0.1559497168471659,0.043755119848072684,0.11219459699909323,0.08247485842358296,0.052728583893650885,1.7233333333333334,0.044737429211791475,0.11488779962018165,39.190000000000005,0.11257215692312958,0.20739803931632708,54.541333333333334,0.06941294119659876,0.09312383445396842,74.40533333333335,0.009351023969614536,0.03705307190884362,0.7326666666666666,0.008684357302947868,0.09351023969614536,0.09066666666666667,0.052728583893650885,0.010675511984807267,0.5015158172081643,0.4218808551131236,0.27584397302751396,0.19580236583485092,0.06623451625075881,0.1331825072599301,0.02897399550458566,0.10420851175534446,0.08255224688684354,0.058614657675837976,1.4613333333333334,0.05328132434250464,0.1372085117553445,38.93933333333334,0.09790118291742546,0.15984917392659675,61.154666666666664,0.06623451625075881,0.086880379321094,74.86666666666666,0.008656264868500928,0.03064066217125232,0.554,0.010322931535167593,0.10057825138225789,0.10866666666666666,0.058614657675837976,0.011661465767583796,0.4814435037981329
73,78,2013-03-26,16,2,2012-2013,L. Sorocabana,Paulistano,0,0.39801961952062026,0.2708312302945219,0.19988748686301464,0.0745696556573488,0.1323360655782335,0.0421292376609144,0.09020682791731907,0.05388218512500539,0.060826132875165806,0.9586666666666666,0.041187492333418924,0.11537645294861446,35.45666666666667,0.09994374343150732,0.19194390618329835,53.08866666666667,0.0745696556573488,0.09461481494350382,78.88466666666666,0.005028760265808106,0.03957687791659185,0.6793333333333335,0.006057520531616212,0.0956948555433775,0.06266666666666668,0.060826132875165806,0.016001101211332462,0.41185811364124714,0.3888064826974273,0.28324272313363147,0.19609028664752043,0.07484381139069915,0.15396853499597352,0.050484736054080985,0.10348379894189251,0.0630636841679973,0.0646390778721292,1.1046666666666667,0.03929079488640259,0.10788158994390798,38.02733333333333,0.09804514332376021,0.19532554897110663,50.440666666666665,0.07484381139069915,0.118393246052087,63.95199999999999,0.01053600065160747,0.033994033842603334,0.5786666666666667,0.008661312990042502,0.10608193371748544,0.08333333333333333,0.0646390778721292,0.011118160833264097,0.4241507005695774
80,81,2013-03-26,17,2,2012-2013,Suzano,Limeira,0,0.38429244804994106,0.26574008502530994,0.19716005668353997,0.07473573917464306,0.14722445313727178,0.045465550730585974,0.10175890240668582,0.0642454434439811,0.08935241166843168,0.7846666666666666,0.037465550730585974,0.10922069844390508,33.64733333333333,0.09858002834176999,0.19835416740561335,50.08933333333333,0.07473573917464306,0.10562260011248878,71.98266666666667,0.0033333333333333335,0.03253245031322892,0.37533333333333335,0.007844706355278782,0.09951479751173448,0.08199999999999999,0.08935241166843168,0.01710947135336174,0.3873672742074692,0.3936302984060636,0.26273099084193263,0.18915399389462179,0.06121841690043894,0.13937945264461574,0.03980098844373674,0.09957846420087899,0.07549156795706194,0.056097652186954235,1.4073333333333333,0.04775262920366765,0.11562709021432409,40.983333333333334,0.09457699694731089,0.1871676843448951,50.73133333333333,0.06121841690043894,0.08325535326393077,71.88066666666666,0.007024313006722551,0.03139444931685974,0.6013333333333334,0.009667066826730693,0.10698433639431594,0.09333333333333334,0.056097652186954235,0.013333333333333334,0.4450000345561368
75,68,2013-03-28,15,2,2012-2013,Uberlândia,Mogi,1,0.41735324404964586,0.3051466071680451,0.21743825355356264,0.07149554159658798,0.1462145125576787,0.03224509801736849,0.11396941454031019,0.08949788613427985,0.060156672796171616,1.7353333333333332,0.042806482966498395,0.10453809172241037,41.492666666666665,0.10871912677678132,0.18954909682033397,57.498,0.07149554159658798,0.08762430821774761,81.02733333333335,0.016892145469186524,0.028021499504366644,0.49599999999999994,0.01478365244196286,0.10274701361610483,0.146,0.060156672796171616,0.012788210278058591,0.5032726502820497,0.3724814814814815,0.2866262626262626,0.1910841750841751,0.08568013468013468,0.1537643097643098,0.04504713804713805,0.10871717171717173,0.059326599326599325,0.0715959595959596,0.8946666666666668,0.03190572390572391,0.09086868686868686,35.66466666666667,0.09554208754208755,0.20486195286195288,47.532666666666664,0.08568013468013468,0.11782491582491583,72.19533333333332,0.0016296296296296297,0.025898989898989904,0.3913333333333334,0.0073030303030303025,0.1126734006734007,0.07133333333333333,0.0715959595959596,0.015821548821548823,0.3947171717171718
92,89,2013-03-28,13,2,2012-2013,Pinheiros,Brasília,1,0.41636990763177584,0.26662146364047534,0.19290494869273686,0.06384349529856362,0.1355689769206964,0.028924548974132644,0.10664442794656372,0.07914474375783069,0.056849097948265266,1.4366666666666668,0.053207154546825106,0.13965266903497256,38.00333333333334,0.09645247434636843,0.15958545909751404,60.32133333333333,0.06384349529856362,0.08411481959352131,74.08866666666667,0.00798959820183426,0.03157473346398163,0.5793333333333334,0.00898959820183426,0.09745463505612535,0.09733333333333333,0.056849097948265266,0.010653224679174962,0.46961570516026946,0.4548428886775982,0.3167964936863,0.21119766245753338,0.07618887165201534,0.1726757410465562,0.04529884846564025,0.127376892580916,0.08744983235750388,0.06033588550267728,1.636,0.05581878485601652,0.13552702574966505,41.470666666666666,0.10559883122876669,0.18341733251041162,58.05533333333333,0.07618887165201534,0.09889370965320521,76.992,0.007000000000000001,0.03866865168726752,0.7093333333333333,0.011260109982373907,0.10893188098772846,0.10666666666666669,0.06033588550267728,0.010259259259259258,0.5572938553325882
81,61,2013-03-28,16,2,2012-2013,Flamengo,Palmeiras,1,0.44334984158746044,0.3150030015007504,0.23667733866933469,0.08066950141737535,0.17133833583458397,0.04700166750041688,0.1243366683341671,0.07133550108387526,0.057334834083708514,1.5620000000000003,0.04200100050025013,0.1133363348340837,36.994666666666674,0.11833866933466734,0.21134117058529261,56.45133333333333,0.08066950141737535,0.1070038352509588,75.87866666666667,0.007667333666833418,0.033668500917125234,0.6506666666666667,0.007333833583458395,0.09133650158412539,0.084,0.057334834083708514,0.014000166750041688,0.5163523428380856,0.391784340146339,0.25485596836349655,0.1949897894134987,0.08560664917602441,0.1525935555345574,0.0473600402200702,0.10523351531448721,0.06180142114334483,0.065099970919312,1.1380000000000001,0.03706263385227195,0.11015318467278369,33.62533333333333,0.09749489470674935,0.1925094513401862,50.33133333333333,0.08560664917602441,0.12588312854988626,68.45533333333333,0.011739764015906802,0.038749450808043054,0.7100000000000001,0.009887912164054952,0.09932864972916565,0.09666666666666666,0.065099970919312,0.01332387989786609,0.42733545541588674
84,79,2013-03-30,18,2,2012-2013,Coop/São José Basketball,Brasília,1,0.40310331996046284,0.2974404325832897,0.19829362172219317,0.07654822954822954,0.15081458224315367,0.031231757660329092,0.1195828245828246,0.09291261119832547,0.06512773998488285,1.5233333333333334,0.04275382289668004,0.11714082214082214,36.51133333333333,0.09914681086109658,0.1790212803069946,55.17933333333333,0.07654822954822954,0.10043467643467643,74.84533333333334,0.0013333333333333333,0.027416942845514276,0.44,0.012602128030699458,0.0945422408279551,0.1413333333333333,0.06512773998488285,0.011395429966858541,0.4788558055700912,0.4531762220109316,0.29879649368630007,0.21186432912420006,0.075855538318682,0.16900907437988952,0.04696551513230692,0.12204355924758269,0.08544983235750388,0.05733588550267728,1.674,0.05515211818934985,0.13352702574966502,41.514,0.10593216456210003,0.1870839991770783,57.07066666666666,0.075855538318682,0.09722704298653854,78.39733333333335,0.006666666666666668,0.03733531835393418,0.72,0.011260109982373907,0.10893188098772846,0.10666666666666669,0.05733588550267728,0.00925925925925926,0.5479605219992548
66,64,2013-03-30,15,2,2012-2013,Bauru Basket,Paulistano,1,0.4207695426782323,0.2972122876353744,0.22981098051292587,0.06674627452993208,0.15894971684716594,0.04475511984807269,0.11419459699909325,0.07947485842358296,0.051728583893650884,1.6933333333333331,0.04140409587845815,0.11055446628684834,38.047333333333334,0.11490549025646293,0.21573137264966044,53.51,0.06674627452993208,0.0881238344539684,75.42399999999999,0.008351023969614535,0.03605307190884361,0.7293333333333332,0.00868435730294787,0.092176906362812,0.09200000000000003,0.051728583893650884,0.010008845318140601,0.48718248387483093,0.3915030837886822,0.27125423637385765,0.19277000165311017,0.07684918423613807,0.1523091600481168,0.04881922071143694,0.10348993933667985,0.06273533990542866,0.06430881473618953,1.1093333333333333,0.040627965966478,0.10788849788804374,39.50933333333334,0.09638500082655509,0.18966962799531778,51.22866666666667,0.07684918423613807,0.12106873953626046,64.45466666666667,0.009869717759615012,0.03299633649064858,0.5619999999999999,0.008328363431383377,0.1067566596523105,0.07933333333333333,0.06430881473618953,0.011452645490620056,0.4255151196515216
81,87,2013-03-30,15,2,2012-2013,L. Sorocabana,Pinheiros,0,0.39502570437516726,0.25283248060710006,0.19989132115492092,0.07157065590741132,0.13167156612003558,0.04146307111927899,0.0902084950007566,0.051882601895864765,0.06116038310438976,0.9153333333333332,0.0411879091042783,0.11204453663620303,36.18266666666667,0.09994566057746046,0.18928024026681925,53.86333333333334,0.07157065590741132,0.09228281527692049,77.798,0.005362176953313315,0.037577211333279355,0.6366666666666667,0.006057520531616212,0.09469643927264317,0.06266666666666668,0.06116038310438976,0.017334767961353303,0.4085304483916014,0.4227032409651092,0.25762146364047533,0.19357161535940354,0.0695101619652303,0.136235643587363,0.02959121564079931,0.10664442794656373,0.07914474375783069,0.0571824312815986,1.4266666666666665,0.05320715454682511,0.1369860023683059,38.75133333333334,0.09678580767970177,0.15991879243084736,60.403999999999996,0.0695101619652303,0.09078148626018798,75.16000000000001,0.007656264868500926,0.031241400130648297,0.5706666666666667,0.008656264868500928,0.09912130172279202,0.09200000000000001,0.0571824312815986,0.010319891345841629,0.4759490384936028
82,79,2013-03-30,15,2,2012-2013,Tijuca,Palmeiras,1,0.35720837270129313,0.25360479829652216,0.1884230448889171,0.07422711945403558,0.1342509429927002,0.03276294111183366,0.10148800188086655,0.05164631509367996,0.06067173901528925,0.8806666666666666,0.03151940278611351,0.09963762029716686,30.35733333333333,0.09421152244445855,0.18463864162684537,51.319999999999986,0.07422711945403558,0.10283516938951871,71.34866666666667,0.0037130489263541605,0.029586610002634756,0.492,0.007459127531847158,0.0952990217355846,0.08066666666666668,0.06067173901528925,0.014533814656454765,0.3710170670903332,0.3921258450321953,0.2388555689238527,0.1969958596219869,0.08594108315302225,0.15293039095229963,0.047360974113693007,0.1055694168386066,0.06213612194709204,0.06610233895668267,1.1346666666666667,0.03639630075239535,0.10848861935015172,33.28666666666667,0.09849792981099345,0.1915144210384233,51.101333333333336,0.08594108315302225,0.12555162966713154,69.15333333333335,0.011406530759281159,0.039083884785040886,0.7080000000000001,0.009221178824054287,0.09866378417641061,0.088,0.06610233895668267,0.014991647141490571,0.42734239291137055
79,71,2013-03-30,16,2,2012-2013,Sesi Franca,Mogi,1,0.39433768398593116,0.3110004500675101,0.23733633378340083,0.07500090013502025,0.13966801686919705,0.04200020003000451,0.09766781683919254,0.07333398343084796,0.0686673667716824,1.1773333333333331,0.02733348335583671,0.08033368338584121,34.321999999999996,0.11866816689170041,0.22133568368588621,53.89466666666667,0.07500090013502025,0.11000115017252589,68.556,0.019000350052507876,0.05133403343834908,0.8000000000000002,0.019666966711673412,0.1023342334683536,0.20733333333333334,0.0686673667716824,0.01166676668166892,0.46167201746928704,0.37281481481481477,0.2736262626262626,0.1850841750841751,0.08801346801346803,0.15509764309764312,0.044380471380471395,0.11071717171717174,0.06132659932659933,0.06792929292929294,0.9786666666666667,0.03323905723905724,0.09120202020202021,36.928,0.09254208754208755,0.20052861952861953,46.894666666666666,0.08801346801346803,0.11849158249158248,73.76066666666665,0.0016296296296296297,0.023898989898989906,0.38,0.0073030303030303025,0.11200673400673403,0.07133333333333333,0.06792929292929294,0.014488215488215491,0.39838383838383845
96,61,2013-03-31,11,2,2012-2013,Fortaleza B. C. / CFO,Suzano,1,0.39115212758436096,0.27732100112111013,0.20688066741407346,0.08235284671090506,0.1502516437899585,0.04357887666777769,0.10667276712218082,0.06506706461028795,0.05416476279934147,1.5760000000000003,0.03397287115312749,0.10351120605197507,33.08733333333333,0.10344033370703673,0.2061198072902464,50.77,0.08235284671090506,0.10499238453069924,78.30333333333334,0.004228928683251018,0.032515013786625455,0.7993333333333332,0.014747447201769539,0.10389819107353877,0.15200000000000002,0.05416476279934147,0.0130906887252674,0.43677474775020453,0.38229244804994106,0.24974008502530995,0.19382672335020662,0.0720690725079764,0.1475577864706051,0.04513221739725264,0.10242556907335248,0.06191211011064776,0.08935241166843168,0.754,0.0387988840639193,0.1115540317772384,34.19533333333334,0.09691336167510331,0.1936875007389466,50.392666666666656,0.0720690725079764,0.10528926677915545,69.74600000000001,0.002333333333333333,0.03286578364656225,0.38,0.006844706355278782,0.09718146417840115,0.07466666666666666,0.08935241166843168,0.017442804686695075,0.38103394087413595
93,91,2013-04-01,18,2,2012-2013,Pinheiros,Flamengo,1,0.4273771594447291,0.2506239642656316,0.19490811615126818,0.07384507902782929,0.134571227483337,0.029258382432497232,0.10531284505083979,0.07681224396621608,0.05851693157333819,1.3606666666666667,0.05287465475521054,0.13432116949342052,39.33666666666667,0.09745405807563409,0.1599214597643474,60.82066666666667,0.07384507902782929,0.09511665338530259,76.47266666666665,0.007989764910178011,0.029575066880669132,0.53,0.009323181597683222,0.09712288545205766,0.1,0.05851693157333819,0.009986808075023923,0.4749564570148998,0.4390192085241541,0.2970040016007604,0.2326788054826827,0.07833640144071104,0.17233946928126193,0.04800203420375388,0.12433743507750808,0.07333603447054728,0.05700186745371219,1.6033333333333333,0.04266800053358679,0.11433713491409171,37.23266666666666,0.11633940274134134,0.21134253738863965,55.476,0.07833640144071104,0.10600440197429781,73.95733333333334,0.0076673670035004166,0.032335400940460904,0.632,0.007667233590125729,0.09067033496746373,0.08866666666666667,0.05700186745371219,0.014000200086708688,0.5083552097914477
91,75,2013-04-04,13,2,2012-2013,Limeira,Tijuca,1,0.38865732543309073,0.24473899884994063,0.18450000657396776,0.060891423240111944,0.1397241306559604,0.038804325113740074,0.10091980554222031,0.0718292389613996,0.05476865652462524,1.3800000000000001,0.04775529853967032,0.11930276588999975,39.62533333333333,0.09225000328698388,0.18151202868923946,51.10333333333334,0.060891423240111944,0.08226402860593945,72.15466666666666,0.006691980674390218,0.03039678498586207,0.598,0.009001067494064692,0.10765834373498993,0.08600000000000001,0.05476865652462524,0.012333667000333667,0.43236139591749817,0.3551713356642561,0.24149368718541103,0.18746008192595412,0.06826415649107262,0.13417686891862615,0.0322073855562781,0.10196948336234803,0.04986853731590217,0.05719025753380777,1.0046666666666666,0.033149032415743136,0.10041539807494462,31.731999999999996,0.09373004096297706,0.18619419718240096,50.691333333333326,0.06826415649107262,0.09498331753766685,70.52866666666667,0.004268604481909717,0.029882906298931044,0.6206666666666666,0.00768134975406938,0.0935953180318809,0.08533333333333333,0.05719025753380777,0.01483011095275106,0.3681652152384814
92,86,2013-04-04,17,2,2012-2013,Palmeiras,Joinville,1,0.39389575128590354,0.22830555112392395,0.2000491407421958,0.0882077260864505,0.1543536732591704,0.04766096224707381,0.10669271101209658,0.06106610889381091,0.06395899019674439,1.1433333333333335,0.03521296148575242,0.10519859917689907,33.114000000000004,0.1000245703710979,0.19223436882529882,51.732,0.0882077260864505,0.12833826785391214,69.06733333333334,0.011369862905952571,0.038343882411717045,0.7033333333333334,0.0091845109707257,0.09830042829650079,0.08733333333333333,0.06395899019674439,0.01425164476816673,0.43122562537844067,0.3798585066390504,0.304082319470773,0.22205778008224725,0.08233584662930586,0.14192789665653668,0.05456597332708647,0.08736192332945023,0.05587368002778557,0.07572098331042004,0.8359999999999999,0.025154959975832426,0.09002838996611237,27.654666666666667,0.11102889004112362,0.2206999832097218,50.15466666666667,0.08233584662930586,0.11931163312761937,68.86333333333332,0.012359360025976571,0.04856582330458311,0.7246666666666666,0.014692793374312155,0.10751653325277478,0.13933333333333334,0.07572098331042004,0.018795499934853608,0.40544809337780996
93,94,2013-04-04,17,2,2012-2013,Paulistano,Flamengo,0,0.38817295093542087,0.25625543655388466,0.18943846858981736,0.07484938426614257,0.15231081029565396,0.04781952075644369,0.10449128953921023,0.0644027066771111,0.06397598147786746,1.148,0.04129503269315367,0.11155636473473741,38.65466666666667,0.09471923429490868,0.1880048616136939,50.82066666666666,0.07484938426614257,0.11773580626293614,64.08399999999999,0.009536384426281679,0.03266320318731975,0.5586666666666666,0.00966189679472121,0.10509084311316298,0.09533333333333333,0.06397598147786746,0.011119462179790096,0.4195185701690993,0.43535254185748745,0.2850040016007604,0.232012138816016,0.07733640144071102,0.17133946928126192,0.04833536753708721,0.12300410174417474,0.07366936780388061,0.05600186745371219,1.6213333333333333,0.04200133386692013,0.11633713491409171,35.79666666666667,0.116006069408008,0.21100920405530632,55.398666666666664,0.07733640144071102,0.10433773530763114,74.17800000000003,0.007334033670167083,0.032002067607127566,0.6333333333333334,0.00766723359012573,0.09067033496746373,0.08866666666666667,0.05600186745371219,0.012666866753375357,0.49868854312478106
78,76,2013-04-04,17,2,2012-2013,Minas,L. Sorocabana,1,0.3992054625739462,0.2922742589954737,0.21151920705902094,0.09106167895476015,0.16092222805988188,0.050513155623020584,0.11040907243686131,0.06685276774198219,0.07352983335917727,1.0646666666666667,0.03220819218672172,0.09169537769501096,34.61333333333334,0.10575960352951047,0.20206353942257882,52.52133333333333,0.09106167895476015,0.11619616410875272,78.12466666666666,0.004356977916725245,0.0363921713091137,0.5426666666666667,0.01122184170975742,0.1055531506232063,0.112,0.07352983335917727,0.012450288098796657,0.45238953773949553,0.39469642164942503,0.2418339808321338,0.19722635474329256,0.0729048393682638,0.12833918292922364,0.042130037830952406,0.08620914509827123,0.04888275191836814,0.05716068314939652,0.9039999999999999,0.04152174251262289,0.11104553678622553,36.907333333333334,0.09861317737164628,0.18961552389269645,53.08533333333334,0.0729048393682638,0.09395058210861194,77.85133333333333,0.005362226960814441,0.03857766140078948,0.7146666666666666,0.0060575705391173375,0.09636425611183569,0.061333333333333344,0.05716068314939652,0.016334817968854425,0.4035339489166802
79,88,2013-04-04,17,2,2012-2013,Espírito Santo,Bauru Basket,0,0.3773457335626519,0.2689315691996323,0.19798129958122493,0.08569069753492421,0.15727007064742274,0.04477094031259965,0.11249913033482312,0.05063804326706721,0.06552442715203376,0.9426666666666665,0.031224578815500958,0.10698817731492598,29.093333333333323,0.09899064979061246,0.2056758252294084,48.20266666666667,0.08569069753492421,0.11026094516275947,77.82466666666666,0.007990102356967019,0.032729551994244134,0.6073333333333333,0.006075505508812564,0.0920708579285694,0.07266666666666667,0.06552442715203376,0.01406193379196835,0.38647819976259007,0.42276954267823225,0.2882122876353745,0.23247764717959252,0.06307960786326543,0.1586163835138326,0.04342178651473935,0.11519459699909322,0.07947485842358294,0.04972858389365088,1.7399999999999998,0.04240409587845815,0.11088779962018168,38.97733333333334,0.11623882358979626,0.21606470598299374,54.09533333333333,0.06307960786326543,0.0821238344539684,77.45266666666664,0.008017690636281202,0.03505307190884361,0.7366666666666666,0.008351023969614535,0.09051023969614534,0.09000000000000001,0.04972858389365088,0.010008845318140603,0.49051581720816434
91,96,2013-04-04,17,2,2012-2013,Mogi,Brasília,0,0.37181481481481476,0.2586262626262626,0.1844175084175084,0.08868013468013469,0.15343097643097642,0.04504713804713805,0.10838383838383839,0.06232659932659933,0.06992929292929294,0.9733333333333333,0.03290572390572391,0.09120202020202021,36.48333333333334,0.0922087542087542,0.19986195286195285,46.88066666666667,0.08868013468013469,0.11815824915824914,74.81333333333332,0.0016296296296296297,0.024565656565656572,0.3833333333333334,0.0076363636363636364,0.11267340067340069,0.07400000000000001,0.06992929292929294,0.014488215488215491,0.39538383838383834,0.4495161403238431,0.28679949443648756,0.20786732987438758,0.07518945513121846,0.16567799160919688,0.044299515299015255,0.12137847631018166,0.08811824946177996,0.05933705246108354,1.6653333333333333,0.055486451772745686,0.13719652645817548,40.678,0.10393366493719379,0.18175349988558878,57.4,0.07518945513121846,0.09722795988242922,77.18533333333336,0.006666666666666668,0.03566915181229877,0.6566666666666666,0.012927193419899955,0.10993371477950974,0.12200000000000003,0.05933705246108354,0.009259342613431136,0.5399673570413487
76,87,2013-04-04,17,2,2012-2013,Coop/São José Basketball,Fortaleza B. C. / CFO,0,0.41010331996046284,0.2974404325832897,0.2009602883888598,0.08188156288156287,0.15248124890982032,0.03323175766032909,0.11924949124949127,0.09357927786499214,0.06346107331821617,1.5466666666666669,0.0424204895633467,0.11480748880748878,37.03333333333333,0.1004801441944299,0.18168794697366128,55.276,0.08188156288156287,0.10576800976800979,77.00066666666666,0.0016666666666666668,0.027750276178847608,0.45133333333333336,0.01260212803069946,0.09320890749462178,0.14466666666666667,0.06346107331821617,0.010062096633525204,0.4861891389034246,0.39852551098027256,0.272336019894577,0.21156735911202923,0.07702451963539401,0.14826541099896975,0.04291554750632586,0.10534986349264391,0.067409993271114,0.05116851749270818,1.6873333333333336,0.036644544077616435,0.10785538627725667,34.11266666666666,0.10578367955601461,0.20447149690226138,52.094,0.07702451963539401,0.09899780797667337,78.43599999999999,0.004896429726221398,0.03451960285629587,0.862,0.01341453105658806,0.10357487025585001,0.14133333333333334,0.05116851749270818,0.012425273623056305,0.448491476995094
91,87,2013-04-04,11,2,2012-2013,Uberlândia,Pinheiros,1,0.4133384705647176,0.29572677350134324,0.21466750575554883,0.06667134957637535,0.14540860316370738,0.0320875726638225,0.11332103049988489,0.08904218904335798,0.05726215758404403,1.8066666666666664,0.04399987174426447,0.1080127732678362,41.245999999999995,0.10733375287777441,0.1895329196788805,56.79066666666667,0.06667134957637535,0.08253710605611657,80.234,0.016225478802519858,0.027425156029614914,0.5139999999999999,0.014818814037920328,0.10148470530294905,0.14733333333333334,0.05726215758404403,0.012490038540682728,0.4942754575951002,0.4300438261113957,0.2476239642656316,0.1995747828179349,0.07484507902782926,0.13957122748333703,0.03125838243249723,0.10831284505083978,0.07647891063288277,0.05785026490667154,1.3840000000000001,0.051874654755210546,0.13298783616008716,39.06866666666667,0.09978739140896745,0.1645881264310141,60.78333333333333,0.07484507902782926,0.09444998671863591,78.06199999999998,0.007989764910178013,0.028241733547335803,0.512,0.009989848264349888,0.09778955211872434,0.10600000000000002,0.05785026490667154,0.00965347474169059,0.47828979034823316
72,67,2013-04-06,12,2,2012-2013,Sesi Franca,Pinheiros,1,0.3890043506525978,0.2910004500675101,0.23533633378340085,0.07666756680168692,0.13866801686919705,0.040333533363337844,0.09833448350585923,0.07333398343084797,0.07100070010501575,1.1006666666666667,0.025666816689170042,0.07733368338584119,33.646,0.11766816689170043,0.21933568368588616,53.929333333333346,0.07666756680168692,0.11166781683919255,68.87333333333335,0.01900035005250788,0.05300070010501575,0.786,0.019333633378340084,0.1003342334683536,0.206,0.07100070010501575,0.012000100015002254,0.45300535080262033,0.43004382611139574,0.2396239642656316,0.2029081161512682,0.07351174569449594,0.141571227483337,0.0329250490991639,0.10864617838417313,0.0768122439662161,0.05751693157333821,1.3966666666666667,0.05120798808854388,0.1316545028267538,38.940000000000005,0.1014540580756341,0.16892145976434741,60.10933333333333,0.07351174569449594,0.09344998671863589,77.61533333333334,0.008656431576844679,0.027575066880669137,0.504,0.009656514931016557,0.09712288545205766,0.10266666666666667,0.05751693157333821,0.009320141408357257,0.4756231236815665
84,65,2013-04-06,18,2,2012-2013,Paulistano,Tijuca,1,0.39650401737539825,0.25125383639386867,0.19543740181647334,0.0741823175594719,0.15330977685897693,0.04715238737643902,0.10615738948253789,0.06740223996377309,0.06330871475119478,1.192,0.04229476599981767,0.11222226465806306,39.26933333333333,0.09771870090823667,0.19200379484034988,51.275333333333336,0.0741823175594719,0.11640180619626282,64.25066666666666,0.008202884409613346,0.032663103177318756,0.5599999999999999,0.009995163454720542,0.10742347637648932,0.09600000000000002,0.06330871475119478,0.010452695503122429,0.42918283659574197,0.3588380023309228,0.22549368718541107,0.18412674859262076,0.07126415649107262,0.13384353558529277,0.030874052222944766,0.10296948336234803,0.05120187064923551,0.057856924200474426,1.0186666666666668,0.03448236574907647,0.10174873140827795,33.18,0.09206337429631038,0.18352753051573428,50.508666666666656,0.07126415649107262,0.09698331753766685,71.494,0.003935271148576383,0.029549572965597713,0.6133333333333333,0.007348016420736047,0.09492865136521425,0.08,0.057856924200474426,0.015496777619417727,0.37049854857181475
65,75,2013-04-06,18,2,2012-2013,Suzano,Joinville,0,0.3809713220410023,0.23574308682639059,0.19049899337889054,0.07207267466927318,0.14989772376631588,0.044133418117684904,0.10576430564863099,0.060580177617818726,0.0876893471630618,0.748,0.03946655133094619,0.11155723369839113,35.02866666666667,0.09524949668944527,0.19069370446118,50.236666666666665,0.07207267466927318,0.10729446990102857,68.36133333333333,0.0030004002401440863,0.03086698436699451,0.36733333333333323,0.006511573142017491,0.09318346537912156,0.07533333333333334,0.0876893471630618,0.016109671473433788,0.3777114140246928,0.3821918399723837,0.29708231947077307,0.2253911134155806,0.08033584662930586,0.14526122998987004,0.05456597332708648,0.09069525666278354,0.054207013361118904,0.07705431664375337,0.7826666666666665,0.02548829330916576,0.08802838996611238,28.541999999999994,0.1126955567077903,0.22369998320972181,50.232,0.08033584662930586,0.11797829979428603,67.85666666666665,0.012692693359309903,0.04523248997124977,0.6606666666666668,0.014359460040978822,0.1048498665861081,0.13866666666666663,0.07705431664375337,0.01912883326818694,0.4021147600444765
72,68,2013-04-06,18,2,2012-2013,Palmeiras,Limeira,1,0.3955624179525702,0.21930555112392394,0.2020491407421958,0.08787439275311716,0.15102033992583708,0.04532762891374047,0.1056927110120966,0.061399442227144246,0.06162565686341106,1.214,0.03521296148575242,0.10386526584356573,33.51866666666667,0.1010245703710979,0.19356770215863212,51.874,0.08787439275311716,0.12600493452057882,69.86066666666667,0.011369862905952573,0.036677215745050375,0.712,0.0091845109707257,0.09596709496316745,0.09200000000000001,0.06162565686341106,0.014584978101500064,0.42855895871177396,0.3939906587664241,0.23573899884994065,0.18916667324063444,0.06455808990677862,0.1400574639892937,0.03780432511374007,0.10225313887555365,0.06949590562806626,0.052768656524625236,1.4633333333333334,0.04675529853967032,0.11963609922333308,38.658666666666676,0.09458333662031722,0.18151202868923946,52.18866666666666,0.06455808990677862,0.08626402860593947,72.98800000000001,0.006358647341056885,0.030063451652528734,0.6613333333333332,0.008334400827398027,0.11132501040165661,0.07733333333333334,0.052768656524625236,0.011000333667000336,0.4346947292508315
88,82,2013-04-06,18,2,2012-2013,Espírito Santo,L. Sorocabana,1,0.38034573356265194,0.2589315691996323,0.20464796624789158,0.08402403086825755,0.15427007064742276,0.04443760697926631,0.10983246366815645,0.05097137660040055,0.06319109381870043,1.004,0.03055791214883429,0.10665484398159265,28.537999999999993,0.10232398312394579,0.20400915856274174,50.326666666666675,0.08402403086825755,0.10859427849609281,77.55733333333333,0.007990102356967019,0.03339621866091081,0.6546666666666667,0.006075505508812564,0.09173752459523607,0.07333333333333333,0.06319109381870043,0.012728600458635018,0.3921448664292567,0.3930297549827584,0.23883398083213384,0.20122635474329256,0.07123817270159713,0.12600584959589028,0.041130037830952405,0.0848758117649379,0.04821608525170148,0.05516068314939651,0.9420000000000001,0.040188409179289564,0.10804553678622555,36.970000000000006,0.10061317737164628,0.19461552389269643,52.82866666666667,0.07123817270159713,0.09195058210861194,77.81333333333333,0.005028893627481107,0.03924432806745615,0.7513333333333333,0.0067242372057840045,0.09769758944516904,0.06666666666666667,0.05516068314939651,0.01533481796885443,0.3982006155833469
80,86,2013-04-06,18,2,2012-2013,Mogi,Fortaleza B. C. / CFO,0,0.37748148148148153,0.25162626262626264,0.19041750841750843,0.09234680134680136,0.15709764309764307,0.04371380471380472,0.11338383838383838,0.06565993265993267,0.07126262626262626,1.0013333333333334,0.03157239057239058,0.08953535353535354,35.806000000000004,0.09520875420875421,0.20286195286195288,47.74933333333333,0.09234680134680136,0.12082491582491582,75.83266666666667,0.0019629629629629632,0.026898989898989905,0.4086666666666667,0.007636363636363637,0.11267340067340068,0.07400000000000001,0.07126262626262626,0.012821548821548822,0.4063838383838384,0.4031921776469392,0.26733601989457706,0.21156735911202926,0.07569118630206068,0.14193207766563642,0.04091554750632586,0.10101653015931057,0.069409993271114,0.049168517492708196,1.8099999999999998,0.038644544077616444,0.10618871961059001,36.44466666666666,0.10578367955601463,0.2058048302355947,51.76066666666666,0.07569118630206068,0.09566447464334003,79.70533333333334,0.004896429726221398,0.03518626952296255,0.9233333333333333,0.014081197723254725,0.10324153692251666,0.15,0.049168517492708196,0.012091940289722969,0.45249147699509407
81,86,2013-04-07,15,2,2012-2013,Brasília,Minas,0,0.4548494736571764,0.27879949443648755,0.21253399654105423,0.07285612179788514,0.16201132494253023,0.04229951529901525,0.11971180964351501,0.09011824946177996,0.06067038579441687,1.674,0.056486451772745694,0.13519652645817545,41.78333333333333,0.10626699827052712,0.1854201665522554,57.594666666666676,0.07285612179788514,0.09456129321576252,77.21400000000001,0.006666666666666668,0.036002485145632104,0.6479999999999999,0.012593860086566624,0.11226704811284309,0.116,0.06067038579441687,0.009259342613431136,0.5433006903746821,0.3972054625739461,0.2832742589954737,0.21018587372568756,0.09039501228809348,0.15858889472654855,0.05051315562302059,0.10807573910352798,0.0678527677419822,0.07019650002584395,1.1046666666666667,0.03220819218672171,0.0920287110283443,34.41733333333333,0.10509293686284378,0.2027302060892455,51.868666666666655,0.09039501228809348,0.11552949744208606,78.05066666666667,0.004023644583391912,0.03372550464244703,0.5239999999999999,0.012888508376424086,0.10455315062320632,0.13,0.07019650002584395,0.011450288098796656,0.4463895377394955
107,103,2013-04-08,11,2,2012-2013,Flamengo,Tijuca,1,0.4376858751908207,0.2700040016007603,0.2326788054826827,0.0780030681073777,0.1676728026145953,0.04633536753708722,0.1213374350775081,0.0756693678038806,0.05866853412037887,1.4313333333333333,0.042334667200253466,0.11433713491409171,37.416000000000004,0.11633940274134134,0.21034253738863967,55.70866666666666,0.0780030681073777,0.10633773530763116,73.34466666666665,0.006667367003500417,0.034335400940460906,0.6273333333333333,0.007000566923459063,0.09200366830079705,0.08066666666666666,0.05866853412037887,0.012666866753375357,0.49902187645811436,0.36308160689442487,0.21842639060803756,0.18674855087437178,0.07090666541201547,0.1371440834065724,0.031870601116412794,0.1052734822901596,0.052184615116575656,0.057832766454750634,1.0333333333333334,0.03514213020267919,0.10305963254915347,33.48133333333333,0.09337427543718589,0.18680737169782205,50.47666666666667,0.07090666541201547,0.0946154731390138,73.494,0.003935271148576383,0.0295392196460018,0.6133333333333333,0.007346290867470061,0.09723610139955778,0.07866666666666666,0.057832766454750634,0.013149639859956505,0.3737369764755188
76,53,2013-04-08,15,2,2012-2013,Sesi Franca,Coop/São José Basketball,1,0.3840043506525978,0.27200045006751006,0.2380030004500675,0.07000090013502026,0.1443346835358637,0.04066686669667117,0.10366781683919254,0.07433398343084795,0.07033403343834907,1.1526666666666665,0.025333483355836718,0.07566701671917454,33.79600000000001,0.11900150022503375,0.22200235035255286,53.82800000000001,0.07000090013502026,0.10366781683919253,67.55733333333335,0.019667016719174545,0.05166736677168242,0.776,0.02000030004500675,0.09733423346835358,0.21733333333333335,0.07033403343834907,0.012000100015002254,0.45300535080262033,0.41643665329379614,0.2894404325832898,0.2049602883888598,0.08321489621489621,0.152147915576487,0.03356509099366242,0.11858282458282461,0.09424594453165881,0.06346107331821615,1.5560000000000003,0.04275382289668004,0.11114082214082212,38.606,0.1024801441944299,0.18202128030699463,56.28200000000001,0.08321489621489621,0.10643467643467644,78.13133333333333,0.002,0.026416942845514272,0.43333333333333335,0.013268794697366125,0.09220890749462177,0.1553333333333333,0.06346107331821615,0.010062096633525204,0.49585580557009135
93,86,2013-04-08,15,2,2012-2013,Limeira,Joinville,1,0.38701902756075024,0.23175151449449635,0.18984585555185682,0.0618947607453268,0.1444037301553346,0.0388059938663475,0.1055977362889871,0.06750132907404041,0.05477533153505494,1.3906666666666667,0.04509280375452222,0.11931277840564429,37.436666666666675,0.09492292777592841,0.18485912923158404,51.16066666666667,0.0618947607453268,0.08360153382079137,72.39533333333333,0.006359064529208741,0.028733038636258403,0.6173333333333333,0.00733523520370174,0.11000002083136041,0.06999999999999999,0.05477533153505494,0.011001168043304048,0.4200576829429466,0.3861980915352745,0.2760825695332887,0.23006261462421612,0.08267034692104545,0.14526381396919819,0.0549003902646542,0.09036342370454399,0.05654159700703038,0.07672240033134194,0.8119999999999998,0.024488376663337637,0.08636264019533636,27.48133333333333,0.11503130731210806,0.2250374008974771,50.918,0.08267034692104545,0.12198021694023921,67.672,0.012359693442664075,0.04489974011711957,0.6586666666666666,0.015026543478504873,0.10318495035705083,0.14666666666666664,0.07672240033134194,0.01879583335154111,0.40612117831571104
88,52,2013-04-09,16,2,2012-2013,Fortaleza B. C. / CFO,Minas,1,0.40502625969411554,0.2487838249028055,0.21343220514384587,0.075212617309192,0.14167841934601716,0.04199118984349914,0.09968722950251802,0.07585981461761282,0.05172676149929093,1.898666666666667,0.03879381241369259,0.10411912628822793,37.0,0.10671610257192293,0.20677809892749527,51.92799999999999,0.075212617309192,0.09470532031933226,79.98866666666667,0.00485961672676996,0.036151472861781504,0.8453333333333333,0.013044384723803289,0.10302469160234881,0.1406666666666667,0.05172676149929093,0.012981501291368656,0.45888380304885307,0.4040227051025541,0.2681654933027729,0.21344669659722032,0.09017340728124239,0.15781235137951302,0.04795821728283616,0.10985413409667691,0.06929745907257509,0.07115987446572099,1.1173333333333335,0.03346753374136379,0.091362785020123,35.89866666666667,0.10672334829861016,0.19873205773535887,53.615333333333325,0.09017340728124239,0.11375258376582788,79.21466666666667,0.00365331536071295,0.03424418775173119,0.5259999999999999,0.013147849931066161,0.10173924105760251,0.1366666666666667,0.07115987446572099,0.011783621432129989,0.4605767391615598
89,56,2013-04-10,15,2,2012-2013,Flamengo,Suzano,1,0.43458097517596816,0.24648514552266257,0.2294217606142634,0.07767406903904214,0.17082494746816196,0.04790927283137166,0.1229156746367903,0.0707664634412606,0.058449201408155155,1.352,0.04249504850755421,0.11246804051893096,38.318666666666665,0.1147108803071317,0.21159177787958633,54.535999999999994,0.07767406903904214,0.10650245087992966,72.95466666666667,0.0071441766604048605,0.03281221059736534,0.6026666666666667,0.007207328916950915,0.09188143122595334,0.08333333333333334,0.058449201408155155,0.010603581083454614,0.4877271194334996,0.3803046553743357,0.2237430868263906,0.19249899337889056,0.06640600800260653,0.1442310570996492,0.04146675145101824,0.10276430564863098,0.06158017761781873,0.0876893471630618,0.7593333333333334,0.04046655133094619,0.11322390036505776,35.830666666666666,0.09624949668944528,0.19236037112784662,50.297999999999995,0.06640600800260653,0.09896113656769524,68.50800000000001,0.00433373357347742,0.031533651033661174,0.3746666666666666,0.007844906475350825,0.09318346537912156,0.08800000000000001,0.0876893471630618,0.015776338140100453,0.3700447473580262
88,63,2013-04-10,16,2,2012-2013,Uberlândia,Coop/São José Basketball,1,0.417671803898051,0.28972677350134324,0.2173341724222155,0.06633801624304202,0.14740860316370738,0.0340875726638225,0.11332103049988489,0.08870885571002464,0.057928824250710685,1.7613333333333332,0.044666538410931135,0.11101277326783618,40.67133333333334,0.10866708621110775,0.18853291967888053,57.66666666666666,0.06633801624304202,0.08120377272278323,81.34533333333334,0.01655881213585319,0.028758489362948243,0.5353333333333333,0.014485480704586997,0.10181803863628239,0.14400000000000002,0.057928824250710685,0.012490038540682728,0.4999421242617668,0.40676998662712943,0.27644043258328976,0.2049602883888598,0.07854822954822954,0.15048124890982034,0.03389842432699575,0.1165828245828246,0.09257927786499215,0.06812773998488283,1.468,0.041087156230013376,0.10780748880748882,38.01066666666667,0.1024801441944299,0.18268794697366128,56.107333333333344,0.07854822954822954,0.10243467643467644,76.12133333333331,0.0023333333333333335,0.027750276178847604,0.42133333333333334,0.013268794697366125,0.09220890749462177,0.15533333333333335,0.06812773998488283,0.011062096633525203,0.47818913890342457
103,66,2013-04-11,16,2,2012-2013,Tijuca,Suzano,1,0.36902184999604776,0.20666315336283195,0.1896275227180041,0.07173117391521172,0.13798901566243213,0.032746798867655774,0.1052422167947764,0.0509302027015071,0.054774269289149365,1.0806666666666667,0.03588771778761064,0.10195625405305998,34.62133333333334,0.09481376135900205,0.19041831529127679,50.24933333333333,0.07173117391521172,0.09564951272678636,73.58800000000001,0.00447132764893152,0.02915419706462172,0.6880000000000001,0.007280985784314298,0.09700211273715276,0.078,0.054774269289149365,0.011751001443467406,0.37801055291047503,0.3726566740596876,0.21275109483439858,0.1878403347202319,0.0664086773386092,0.14257440044299258,0.04180342145435491,0.10077097898863767,0.058247511618486056,0.08636235350273481,0.732,0.03946922066694885,0.11356524170639912,34.864,0.09392016736011595,0.1913730504738593,49.314,0.0664086773386092,0.09629847390503257,70.28600000000002,0.004000400240144086,0.03353732137066485,0.3986666666666666,0.007511573142017491,0.09385747271979557,0.08466666666666667,0.08636235350273481,0.017112340809436456,0.3550560920360375
64,77,2013-04-11,18,2,2012-2013,Minas,Bauru Basket,0,0.3963629745436639,0.24716709394302902,0.20478323121106587,0.08917554146825053,0.15581742007365737,0.0479602180831563,0.1078572019905011,0.06829812600601515,0.07316240881279315,1.0933333333333335,0.03413473395478249,0.09269851931384049,36.42733333333334,0.10239161560553293,0.1957371264295032,52.17466666666666,0.08917554146825053,0.11308911837967342,78.78733333333335,0.003986782080734292,0.034578588178568584,0.5179999999999999,0.014148383477818195,0.10074164201798667,0.14800000000000005,0.07316240881279315,0.01211722153883934,0.44424874129574676,0.4231102111786907,0.27821553844807756,0.23048098134646755,0.05941369138414563,0.15328480061810865,0.039421869868911226,0.11386293074919743,0.07914269204865589,0.05106300083121861,1.7006666666666665,0.04440517948269254,0.11222305009946817,40.289333333333325,0.11524049067323378,0.2094002898789677,55.77066666666666,0.05941369138414563,0.07979166807904134,75.38933333333333,0.008017690636281202,0.03405348867970299,0.7026666666666668,0.008017857344624955,0.08951157336289535,0.08800000000000002,0.05106300083121861,0.00934226200564581,0.48619040252115925
73,75,2013-04-12,17,2,2012-2013,Sesi Franca,Uberlândia,0,0.38367988709035106,0.25900290092531036,0.24200906924081092,0.06766791692422983,0.147337951346264,0.0423347004384808,0.1050032509077832,0.07500240071022907,0.06933555063603494,1.1753333333333333,0.02466763364177012,0.074668767331889,33.574,0.12100453462040546,0.22434151906160105,54.194,0.06766791692422983,0.101335183750945,65.76266666666668,0.0203340335083841,0.053002217302701604,0.8053333333333335,0.02133410020839727,0.0950028841627633,0.23333333333333334,0.06933555063603494,0.012000216722516551,0.4586822877305451,0.42300513723138433,0.2797267735013433,0.2193341724222155,0.06667134957637535,0.14807526983037403,0.03442090599715583,0.11365436383321821,0.09170885571002466,0.057262157584044036,1.8359999999999999,0.04566653841093114,0.11201277326783621,41.25933333333333,0.10966708621110775,0.18719958634554718,58.49733333333333,0.06667134957637535,0.08020377272278321,82.60466666666666,0.015892145469186526,0.030758489362948248,0.5766666666666665,0.014485480704586998,0.09981803863628239,0.146,0.057262157584044036,0.01182337187401606,0.5112754575951003
77,75,2013-04-13,15,2,2012-2013,Fortaleza B. C. / CFO,Espírito Santo,1,0.4143713310559936,0.24578702618331771,0.22277220781157964,0.07321448472282412,0.14135028809351619,0.04099252371037922,0.10035776438313694,0.07719581568470632,0.05206156208619237,1.9133333333333336,0.03946154617386332,0.10378859407534279,37.721999999999994,0.11138610390578982,0.2074507679951223,53.926666666666655,0.07321448472282412,0.09270838821315647,79.44866666666667,0.005193216833479311,0.03781974016870428,0.8713333333333334,0.012711584937221989,0.10369389261608766,0.13533333333333336,0.05206156208619237,0.013315101398078006,0.47189847558453396,0.38434573356265195,0.24693156919963227,0.20864796624789156,0.08502403086825755,0.15527007064742276,0.04477094031259965,0.11049913033482313,0.05297137660040055,0.06285776048536709,1.0379999999999998,0.030224578815500957,0.10565484398159267,28.537999999999997,0.10432398312394578,0.2043424918960751,51.27133333333333,0.08502403086825755,0.10992761182942613,77.54799999999999,0.007656769023633686,0.033729551994244135,0.6626666666666666,0.00674217217547923,0.09340419126190272,0.07866666666666668,0.06285776048536709,0.01306193379196835,0.39981153309592343
95,74,2013-04-16,1,3,2012-2013,Paulistano,Fortaleza B. C. / CFO,1,0.4008415513388261,0.2432554866414058,0.19410576873817825,0.0738498343536577,0.15564481044734854,0.045819504110615826,0.1098253063367327,0.07106980676546001,0.06197598150787494,1.2626666666666666,0.04429531608233005,0.1152233148155867,39.983333333333334,0.09705288436908913,0.19200579514039492,50.942,0.0738498343536577,0.11473658974712878,64.62933333333334,0.009203034432116721,0.031663553244828876,0.56,0.010328696818058378,0.1100912432081807,0.09400000000000001,0.06197598150787494,0.009786078843956889,0.43352077061917876,0.4110868572223765,0.23279844788455006,0.22613599901486586,0.07055479798468832,0.1443712278791088,0.04166490122766206,0.10270632665144673,0.07853739802448524,0.05306727293680854,1.9093333333333335,0.038132020074274096,0.10346985513802856,36.68333333333333,0.11306799950743293,0.20847932224820317,54.465999999999994,0.07055479798468832,0.09305631594250889,76.87999999999998,0.005193216833479311,0.03982672009723515,0.8973333333333334,0.012044918270555321,0.10304055126752537,0.12933333333333333,0.05306727293680854,0.01298176806474467,0.46861273267300213
102,76,2013-04-16,16,2,2012-2013,Brasília,Espírito Santo,1,0.4508494736571764,0.26879949443648754,0.21453399654105426,0.07085612179788513,0.16034465827586356,0.04363284863234859,0.11671180964351498,0.08911824946177994,0.060337052461083535,1.666,0.05515311843941236,0.13386319312484213,41.172000000000004,0.10726699827052713,0.18875349988558873,57.166666666666664,0.07085612179788513,0.09122795988242922,77.53133333333335,0.006666666666666668,0.03433581847896543,0.6306666666666666,0.013260526753233292,0.1096003814461764,0.12533333333333332,0.060337052461083535,0.010259342613431137,0.5309673570413488,0.38369407590138854,0.2309351713609291,0.20798970462425073,0.0860270326693382,0.1602784756904486,0.04644020854020288,0.11383826715024571,0.05430651101438226,0.06386156276673591,1.0486666666666666,0.02989244620259989,0.10465904650310558,28.497999999999994,0.10399485231212537,0.20568423027243424,50.745333333333335,0.0860270326693382,0.11159828089753368,77.21466666666667,0.007656969143705729,0.03406388592793768,0.6633333333333333,0.0064088388421458965,0.09174092663646079,0.07533333333333335,0.06386156276673591,0.011729200818851145,0.39949240828770516
69,72,2013-04-16,1,3,2012-2013,L. Sorocabana,Sesi Franca,0,0.39836308831609174,0.22783398083213383,0.20322635474329256,0.07657150603493047,0.12333918292922365,0.039463371164285756,0.0838758117649379,0.04854941858503481,0.05616068314939652,0.932,0.03952174251262289,0.10671220345289222,36.741333333333344,0.10161317737164628,0.1926155238926964,53.91666666666667,0.07657150603493047,0.09961724877527861,77.32866666666665,0.004695560294147774,0.03924432806745615,0.7413333333333333,0.0063909038724506715,0.09936425611183572,0.062000000000000006,0.05616068314939652,0.01433481796885443,0.3985339489166802,0.3786798870903511,0.24600290092531035,0.24334240257414427,0.06133458359089648,0.151337951346264,0.045668033771814144,0.10566991757444989,0.07700240071022907,0.07266888396936828,1.142,0.02466763364177012,0.07833543399855565,31.714000000000002,0.12167120128707214,0.22234151906160105,55.02333333333334,0.06133458359089648,0.09533518375094499,64.20733333333334,0.0213340335083841,0.05333555063603495,0.7813333333333332,0.02133410020839727,0.09500288416276328,0.23333333333333336,0.07266888396936828,0.01300021672251655,0.45368228773054514
70,68,2013-04-16,1,3,2012-2013,Minas,Coop/São José Basketball,1,0.3920296412103306,0.22716709394302903,0.20078323121106587,0.08684220813491718,0.15248408674032404,0.04796021808315629,0.10452386865716776,0.07196479267268181,0.07216240881279315,1.1693333333333333,0.03480140062144916,0.09503185264717381,36.51533333333334,0.10039161560553293,0.19507045976283655,51.416666666666664,0.08684220813491718,0.10875578504634009,79.81333333333335,0.004320115414067625,0.036578588178568586,0.5606666666666666,0.013815050144484862,0.09840830868465332,0.14533333333333334,0.07216240881279315,0.013783888205506006,0.43924874129574676,0.4061211851458704,0.27044893981443624,0.2043021289533396,0.07654908027134419,0.14915585565889036,0.034901260070711246,0.11425459558817914,0.09291601409078408,0.0684647597850463,1.4680000000000002,0.041756658640395544,0.11014932937196861,37.91400000000001,0.1021510644766698,0.18536624018956144,55.314666666666675,0.07654908027134419,0.0991024773988293,76.83533333333334,0.0026669502410382163,0.027751694050705357,0.4186666666666667,0.013936312087147438,0.09021231038708036,0.168,0.0684647597850463,0.010729046874563419,0.4712036011963736
88,74,2013-04-18,1,3,2012-2013,Limeira,Pinheiros,1,0.3966771574793843,0.22774591225359997,0.1945087873912592,0.06689396042519875,0.142065728287921,0.03947132666613407,0.10259440162178689,0.07050026198053634,0.056774397828238884,1.402,0.04509146988764214,0.11997584363173472,37.266000000000005,0.0972543936956296,0.18418712709739707,52.51133333333334,0.06689396042519875,0.08793339990055658,74.59200000000001,0.006358931142520733,0.030065705036151687,0.6159999999999999,0.0076681683769710485,0.10899668616416021,0.074,0.056774397828238884,0.01200116804330405,0.4313823461415594,0.4230438261113957,0.2236239642656316,0.2035747828179349,0.07384507902782927,0.14257122748333698,0.03425838243249723,0.1083128450508398,0.0758122439662161,0.057850264906671535,1.3739999999999999,0.04854132142187721,0.1266545028267538,38.086000000000006,0.10178739140896745,0.17158812643101404,59.52133333333334,0.07384507902782927,0.0934499867186359,77.98533333333333,0.008989764910178012,0.026575066880669136,0.48333333333333334,0.009989848264349892,0.09512288545205766,0.10933333333333334,0.057850264906671535,0.009320141408357257,0.46562312368156644
61,60,2013-04-19,2,3,2012-2013,Coop/São José Basketball,Minas,1,0.4014545184792037,0.24944893981443622,0.20096879562000627,0.07821574693801085,0.1494891889922237,0.03523459340404458,0.11425459558817916,0.0932493474241174,0.07046475978504631,1.422666666666667,0.040756658640395536,0.10948266270530196,36.98800000000001,0.10048439781000314,0.18303290685622814,55.10200000000001,0.07821574693801085,0.10043581073216262,77.52333333333334,0.0023336169077048823,0.028085027384038688,0.4126666666666666,0.014602978753814104,0.0885456437204137,0.1766666666666667,0.07046475978504631,0.011062380207896754,0.46553693452970696,0.38799455349103223,0.21111446236408174,0.19941481015843424,0.08759659409982948,0.1533788235824293,0.04778477948666507,0.10559404409576424,0.07347356460250638,0.07017995267244227,1.2079999999999997,0.03366104974425618,0.09510202808577031,35.04333333333334,0.09970740507921712,0.1957371264295032,50.92399999999999,0.08759659409982948,0.10943999557265588,80.02466666666668,0.004653448747400959,0.035385605722428236,0.5613333333333332,0.01341154137255504,0.09840830868465332,0.14133333333333334,0.07017995267244227,0.013731256626558637,0.43305575883960645
74,55,2013-04-19,2,3,2012-2013,Sesi Franca,L. Sorocabana,1,0.3743501542970988,0.22500350101532388,0.23934430285918706,0.06200235042258791,0.14733885148128426,0.04333480045348306,0.10400405102780123,0.07366961745940812,0.07000291740771734,1.1313333333333333,0.02433450033844129,0.07566926740690023,32.528666666666666,0.11967215142959353,0.22167660265747374,54.138000000000005,0.06200235042258791,0.09800345065764766,63.23533333333332,0.020667466856719684,0.05266938404437953,0.7920000000000001,0.022000916897567314,0.09500388431278581,0.23999999999999996,0.07000291740771734,0.012333600063351009,0.4413523549072884,0.4000320552127814,0.2148344808821388,0.20389428820330524,0.07857203942160246,0.12467348302589998,0.039463671194288744,0.08520981183161122,0.048216518628372486,0.05282774985606718,0.9613333333333334,0.039188575862624565,0.10437950351623186,36.957333333333345,0.10194714410165262,0.19461669067604145,53.398,0.07857203942160246,0.1026181488652876,77.57533333333335,0.005362293634148441,0.03824462809745914,0.7546666666666666,0.00639093720911767,0.10103182286851137,0.06133333333333335,0.05282774985606718,0.013001517972188098,0.39853621581003623
79,66,2013-04-19,2,3,2012-2013,Fortaleza B. C. / CFO,Paulistano,1,0.4070868572223765,0.21779844788455008,0.23080266568153254,0.06988813131802164,0.14237122787910877,0.040998234560995384,0.10137299331811338,0.07953739802448526,0.053733939603475195,1.9066666666666667,0.03546535340760744,0.10380318847136187,34.071999999999996,0.11540133284076627,0.2128126555815365,54.54733333333333,0.06988813131802164,0.09172298260917558,77.76866666666665,0.005526550166812644,0.042826720097235156,0.9640000000000001,0.012044918270555321,0.10337388460085871,0.12933333333333333,0.053733939603475195,0.012648434731411338,0.4596127326730021,0.40484155133882604,0.2392554866414058,0.19410576873817828,0.0728498343536577,0.15731147711401522,0.04381950411061583,0.11349197300339936,0.07140314009879335,0.06364264817454161,1.248,0.0459619827489967,0.11622331481558672,41.041333333333334,0.09705288436908914,0.19067246180706157,51.31333333333334,0.0728498343536577,0.11240325641379544,65.358,0.009203034432116721,0.03066355324482888,0.5386666666666666,0.010995363484725044,0.10709124320818073,0.10400000000000001,0.06364264817454161,0.010119412177290222,0.4371874372858454
67,64,2013-04-20,3,3,2012-2013,Coop/São José Basketball,Minas,1,0.394787851812537,0.23544893981443624,0.19430212895333962,0.07721574693801087,0.15315585565889037,0.0375679267373779,0.11558792892151248,0.09158268075745074,0.07179809311837965,1.3900000000000001,0.04108999197372887,0.1098159960386353,37.190000000000005,0.09715106447666981,0.18036624018956143,53.92200000000001,0.07721574693801087,0.09943581073216264,77.25866666666667,0.002666950241038216,0.02941836071737202,0.42266666666666663,0.016602978753814106,0.0875456437204137,0.20266666666666666,0.07179809311837965,0.010395713541230088,0.45920360119637366,0.38099455349103223,0.19511446236408173,0.19474814349176758,0.08626326076649612,0.15271215691576265,0.047784779486665076,0.10492737742909757,0.07314023126917304,0.07184661933910894,1.1206666666666665,0.033327716410922845,0.0951020280857703,34.69266666666667,0.09737407174588379,0.19807045976283655,49.28666666666667,0.08626326076649612,0.10810666223932254,79.65133333333333,0.004320115414067625,0.0360522723890949,0.5279999999999999,0.014078208039221706,0.09907497535132,0.14666666666666664,0.07184661933910894,0.013731256626558637,0.4173890921729397
72,70,2013-04-20,3,3,2012-2013,Sesi Franca,L. Sorocabana,1,0.37235015429709883,0.2120035010153239,0.23867763619252041,0.06166901708925457,0.1470055181479509,0.04100146712014973,0.10600405102780124,0.0746696174594081,0.06933625074105068,1.1800000000000002,0.024001167005107953,0.07533593407356691,32.336,0.11933881809626021,0.2180099359908071,54.82466666666666,0.06166901708925457,0.09367011732431434,65.85733333333333,0.020334133523386356,0.052669384044379534,0.8073333333333333,0.023000916897567315,0.09500388431278581,0.25000000000000006,0.06933625074105068,0.012666933396684342,0.44401902157395506,0.3913653885461147,0.20083448088213882,0.1998942882033052,0.07690537275493581,0.12467348302589996,0.03646367119428875,0.08820981183161122,0.046216518628372484,0.05416108318940052,0.884,0.03818857586262456,0.10204617018289854,36.67600000000001,0.0999471441016526,0.19461669067604145,52.31733333333333,0.07690537275493581,0.10161814886528761,76.73,0.005028960300815107,0.03791129476412581,0.7346666666666667,0.006724270542451004,0.1003651562018447,0.06533333333333334,0.05416108318940052,0.013001517972188098,0.3835362158100362
87,71,2013-04-20,3,3,2012-2013,Fortaleza B. C. / CFO,Paulistano,1,0.4054465502487362,0.20480845789456004,0.2268140103595439,0.07122646965636,0.1443822388901198,0.039333236229330396,0.10504900266078938,0.07787473536182257,0.054403609273144866,1.8333333333333333,0.03580202341094411,0.10314386247870257,34.602,0.11340700517977195,0.20648999959221384,55.08266666666667,0.07122646965636,0.0927283212811809,78.37733333333334,0.005860217167146312,0.04249538876590382,0.9420000000000001,0.010378251603888658,0.10404722460753206,0.11066666666666668,0.054403609273144866,0.012649102065412005,0.4599770970373664,0.39784925403476973,0.22825758737666316,0.19477663687535962,0.0711845681771626,0.15664784484272024,0.042820554478244496,0.11382729036447574,0.06907050701054579,0.06264346512714168,1.2186666666666668,0.04396268299408248,0.1128924323400536,40.36533333333333,0.09738831843767981,0.19201069685599534,51.188,0.0711845681771626,0.10973880718990041,65.37133333333334,0.009869934513811981,0.030997586823247995,0.5626666666666666,0.010662030151391713,0.10609346065095233,0.10066666666666667,0.06264346512714168,0.010119528884804522,0.4258600560357412
82,95,2013-04-21,2,3,2012-2013,Pinheiros,Limeira,0,0.41737715944472903,0.21562396426563163,0.20757478281793487,0.0731784123611626,0.14157122748333703,0.03392504909916389,0.10764617838417313,0.0758122439662161,0.05818359824000487,1.3653333333333333,0.04554132142187721,0.12332116949342051,36.918,0.10378739140896744,0.17525479309768072,59.41,0.0731784123611626,0.09244998671863593,78.12533333333333,0.008989764910178012,0.026241733547335812,0.4746666666666667,0.010323181597683225,0.09612288545205766,0.11266666666666668,0.05818359824000487,0.008986808075023923,0.4552897903482332,0.4056800911060804,0.21674671233360795,0.1985104542246092,0.06889442713853675,0.145066928407933,0.03947169336947108,0.1055952350384619,0.07283422871054267,0.05477469785824187,1.4893333333333332,0.04609173658097814,0.12030994370840906,38.06933333333334,0.0992552271123046,0.1865219605807454,52.882,0.06889442713853675,0.09026729995722893,74.74866666666667,0.0070256644825214,0.03239933839948802,0.6739999999999999,0.007668235050305047,0.1079973195608332,0.07533333333333332,0.05477469785824187,0.01133453471330438,0.44838591316492843
93,82,2013-04-22,3,3,2012-2013,Pinheiros,Limeira,1,0.4187104927780624,0.20662396426563162,0.20357478281793487,0.07451174569449594,0.14090456081667035,0.03525838243249722,0.10564617838417312,0.07614557729954943,0.05718359824000488,1.379333333333333,0.04687465475521055,0.1273211694934205,36.802,0.10178739140896743,0.17558812643101407,58.06466666666667,0.07451174569449594,0.09411665338530259,78.26800000000001,0.009323098243511347,0.02790840021400247,0.5013333333333333,0.009323181597683224,0.10012288545205766,0.09266666666666667,0.05718359824000488,0.00865347474169059,0.4499564570148998,0.41005832944804926,0.2050213237325717,0.1993601951572517,0.07067681055822585,0.14502547763073093,0.03800537212594776,0.10702010550478312,0.07301039451365149,0.05667797937810371,1.4473333333333331,0.04667377457752391,0.11868645493466122,39.12466666666667,0.09968009757862585,0.1840262783700373,53.82066666666667,0.07067681055822585,0.09234674728019956,74.74866666666667,0.00633481819582019,0.033338889349401664,0.67,0.009001568383638381,0.10701631783371747,0.08666666666666666,0.05667797937810371,0.012667868046637713,0.45706121541017886
59,75,2013-04-22,4,3,2012-2013,Minas,Coop/São José Basketball,0,0.36999455349103233,0.17911446236408166,0.18608147682510093,0.07992992743316281,0.149045490249096,0.04545144615333174,0.10359404409576424,0.07114023126917304,0.07017995267244229,1.12,0.034661049744256184,0.09810202808577027,34.768,0.09304073841255046,0.19240379309616987,48.620000000000005,0.07992992743316281,0.0987733289059892,81.58666666666664,0.003653448747400958,0.03371893905576157,0.506,0.013411541372555038,0.09807497535131998,0.1413333333333333,0.07017995267244229,0.012731256626558636,0.3973890921729397,0.38816601333355566,0.22056406278670207,0.19437887760151684,0.07388973961200354,0.15167460674907005,0.03885468759556734,0.11281991915350272,0.08755895844801415,0.07092961239275607,1.3446666666666667,0.03996579870667846,0.10948998871262797,36.23733333333333,0.09718943880075842,0.18123384877145574,53.62133333333335,0.07388973961200354,0.09466780096415287,77.592,0.003000283574371549,0.030038454908894785,0.43733333333333335,0.016223072945336873,0.08485525474431044,0.20266666666666666,0.07092961239275607,0.010666950241038217,0.44416261044109717
89,85,2013-04-23,4,3,2012-2013,Paulistano,Fortaleza B. C. / CFO,1,0.3907045867921622,0.21271386892079083,0.19108294645871188,0.07227730980707513,0.155408314082933,0.043215361916975,0.11219295216595805,0.06667782145908244,0.06597892034774218,1.1313333333333333,0.04244811017545838,0.11037892046506309,39.81933333333333,0.09554147322935594,0.18804408626777788,51.315333333333335,0.07227730980707513,0.11165030933452219,64.94800000000001,0.009476188018715057,0.03114968067129055,0.5473333333333333,0.009995363484725045,0.10509558253821948,0.09466666666666666,0.06597892034774218,0.012817463075986564,0.41219975503087597,0.4011435199457059,0.18899027607637822,0.22354128308681662,0.07101434844423878,0.13753375404163493,0.03633323622933039,0.10120051781230455,0.07635958384667108,0.0576460335155691,1.4693333333333334,0.035529296138216836,0.10265901399385408,34.602,0.11177064154340831,0.2017930298952441,55.64466666666667,0.07101434844423878,0.09194044249330212,78.63400000000001,0.005860217167146312,0.04288932815984321,0.8293333333333334,0.009984312209949263,0.10425934581965325,0.10733333333333334,0.0576460335155691,0.013194556610866553,0.44424982431009374
85,86,2013-04-24,4,3,2012-2013,Limeira,Pinheiros,0,0.4137249961147159,0.2020213237325717,0.20736019515725168,0.06834347722489252,0.14535881096406425,0.03767203879261443,0.10768677217144981,0.0733437278469848,0.054344646044770385,1.5139999999999998,0.04600710791085724,0.11668645493466122,39.20466666666666,0.10368009757862584,0.18869294503670395,54.723333333333336,0.06834347722489252,0.08934674728019956,74.32466666666667,0.00633481819582019,0.033672222682734995,0.6940000000000002,0.008334901716971713,0.1040163178337175,0.082,0.054344646044770385,0.013001201379971046,0.46206121541017886,0.42479130288433875,0.2046656727075807,0.20293765963098212,0.07418797054577593,0.14259295063018546,0.034929393728533584,0.10766355690165191,0.07916121796528033,0.05685808523953699,1.4526666666666666,0.0492218909025269,0.12968578415821566,37.696000000000005,0.10146882981549106,0.16993796935595226,60.696000000000005,0.07418797054577593,0.09646823416198863,76.04600000000002,0.009657300502718619,0.027577673658290957,0.49666666666666665,0.009324050523557162,0.09880519278445522,0.09333333333333335,0.05685808523953699,0.0089885459267718,0.46237581400975303
68,69,2013-04-26,5,3,2012-2013,Fortaleza B. C. / CFO,Paulistano,0,0.4021435199457059,0.17799027607637818,0.2222079497534833,0.0713476817775721,0.1372004207083016,0.03699990289599706,0.10020051781230453,0.07569291718000438,0.05797936684890243,1.4573333333333336,0.03619596280488349,0.10232568066052075,35.38,0.11110397487674165,0.20212636322857744,55.152,0.0713476817775721,0.09260710915996878,78.48733333333334,0.00586021716714631,0.04255599482650988,0.8233333333333335,0.009317645543282597,0.10659267915298659,0.10000000000000002,0.05797936684890243,0.013194556610866553,0.43958315764342704,0.3927348898224652,0.20235023255715448,0.19217385554962096,0.06976215829192363,0.15340831408293304,0.04242748312909621,0.11098083095383683,0.06810206388332488,0.06897892034774218,1.109333333333333,0.04359962532697354,0.11310619319233581,39.69133333333333,0.09608692777481048,0.18598348020717184,52.17066666666667,0.06976215829192363,0.10810485478906764,64.73,0.010658006200533237,0.03136180188341176,0.53,0.009752939242300803,0.10879255223518917,0.09200000000000001,0.06897892034774218,0.01442352368204717,0.4075936944248154
97,77,2013-04-26,5,3,2012-2013,Pinheiros,Limeira,1,0.4264579695510054,0.1966656727075807,0.19760432629764876,0.07518797054577593,0.14292628396351878,0.03426272706186692,0.1086635569016519,0.08182788463194698,0.058191418572870336,1.4593333333333331,0.05122189090252691,0.1303524508248823,38.978,0.09880216314882438,0.16727130268928558,60.02266666666667,0.07518797054577593,0.0971349008286553,76.56200000000003,0.009323967169385284,0.02657767365829095,0.4653333333333333,0.01032405052355716,0.1008051927844552,0.10066666666666668,0.058191418572870336,0.009321879260105135,0.4653758140097531,0.41005832944804926,0.18802132373257166,0.20136019515725176,0.06867681055822586,0.14769214429739758,0.040338705459281095,0.10735343883811647,0.0743437278469848,0.05401131271143706,1.5666666666666667,0.04667377457752391,0.12001978826799456,38.49066666666666,0.10068009757862588,0.18802627837003724,53.364000000000004,0.06867681055822586,0.08934674728019958,74.628,0.006668151529153524,0.03400555601606833,0.7160000000000001,0.008668235050305046,0.10534965116705082,0.08466666666666667,0.05401131271143706,0.012001201379971045,0.4560612154101788
72,69,2013-04-28,1,4,2012-2013,Sesi Franca,Bauru Basket,1,0.37535015429709884,0.19500350101532388,0.23667763619252039,0.06566901708925457,0.14900551814795096,0.04266813378681638,0.10633738436113456,0.07800295079274146,0.06800291740771737,1.2680000000000002,0.024334500338441287,0.07833593407356693,31.225333333333342,0.11833881809626019,0.22000993599080712,53.97133333333333,0.06566901708925457,0.09700345065764766,67.76933333333334,0.020667466856719687,0.052669384044379534,0.8213333333333332,0.024667583564233982,0.0940038843127858,0.26999999999999996,0.06800291740771737,0.01066693339668434,0.4440190215739551,0.41977687784535733,0.2702155384480776,0.23048098134646755,0.05808035805081229,0.1539514672847753,0.03742186986891123,0.11652959741586409,0.08080935871532255,0.05239633416455194,1.7013333333333331,0.04373851281602587,0.10955638343280152,40.59666666666667,0.11524049067323378,0.20640028987896772,57.02333333333333,0.05808035805081229,0.07912500141237468,73.89799999999998,0.008351023969614535,0.03205348867970299,0.6700000000000002,0.008684524011291623,0.0888449066962287,0.09933333333333332,0.05239633416455194,0.008675595338979143,0.4845237358544926
67,86,2013-04-29,1,4,2012-2013,Pinheiros,Uberlândia,0,0.42779130288433875,0.1796656727075807,0.18760432629764878,0.07652130387910927,0.14192628396351878,0.03326272706186692,0.1086635569016519,0.084827884631947,0.05885808523953699,1.4966666666666666,0.054555224235860234,0.133019117491549,40.83866666666667,0.09380216314882439,0.16093796935595225,59.78333333333334,0.07652130387910927,0.10046823416198863,75.34400000000001,0.008990633836051951,0.025244340324957617,0.42999999999999994,0.009990717190223828,0.10180519278445521,0.09666666666666668,0.05885808523953699,0.009655212593438467,0.46504248067641973,0.42138505570738466,0.2637669531868935,0.21536095887924903,0.07001050605254207,0.1474243256493575,0.034424982197139194,0.1129993434522183,0.09104801218619137,0.05727030998401076,1.8266666666666667,0.04533786359186451,0.11235833520111964,40.84066666666668,0.10768047943962451,0.1858877986406973,57.788000000000004,0.07001050605254207,0.08421017817989992,82.34133333333332,0.015559394450136528,0.03276023630579825,0.6053333333333334,0.015152147371253666,0.10016127131243246,0.15333333333333332,0.05727030998401076,0.011491203169249401,0.5079892917187172
91,100,2013-04-29,1,4,2012-2013,Paulistano,Flamengo,0,0.3852043950008311,0.18480803012557392,0.19181975872001505,0.06558250818602146,0.1556899304669159,0.041248049830785644,0.11444188063613031,0.06737652561678495,0.06955662919182416,1.0753333333333333,0.042600709364931544,0.11189927536241305,39.15,0.09590987936000753,0.18584085416691234,52.12199999999999,0.06558250818602146,0.10289706972877848,63.84533333333333,0.00993073347326051,0.029938209881944143,0.48533333333333334,0.009601640898377253,0.10715922390510796,0.09133333333333334,0.06955662919182416,0.013696250954774442,0.39557748388796643,0.4342550603639318,0.2314871460227876,0.2280919281561489,0.07867598618499529,0.17449528171839118,0.048910439789777924,0.12558484192861327,0.07243421371216166,0.06045078513742081,1.3560000000000003,0.04249571534092921,0.11280362441490496,38.242666666666665,0.11404596407807445,0.20959469527560198,54.796,0.07867598618499529,0.10983861825510677,71.90933333333332,0.007477676702081947,0.031479377389063264,0.5726666666666667,0.007540745604456125,0.09054951491354192,0.08733333333333335,0.06045078513742081,0.008937164479303577,0.4844012879756351
90,76,2013-04-29,1,4,2012-2013,Coop/São José Basketball,Brasília,1,0.38216601333355565,0.19956406278670205,0.19304554426818354,0.07622307294533688,0.15234127341573672,0.041521354262234016,0.11081991915350271,0.08522562511468082,0.07059627905942273,1.3119999999999998,0.03763246537334513,0.10915665537929464,34.248000000000005,0.09652277213409177,0.1829005154381224,52.754000000000005,0.07622307294533688,0.09666780096415287,78.23333333333333,0.0036669502410382154,0.03137178824222812,0.4673333333333334,0.016556406278670204,0.08485525474431044,0.20600000000000002,0.07059627905942273,0.010666950241038217,0.4321626104410972,0.4508494736571764,0.26479949443648754,0.2198673298743876,0.0685227884645518,0.16234465827586358,0.04063284863234859,0.121711809643515,0.09011824946177996,0.06467038579441688,1.5019999999999998,0.05415311843941237,0.13019652645817548,41.757333333333335,0.1099336649371938,0.19175349988558876,57.68533333333333,0.0685227884645518,0.0888946265490959,76.982,0.007666666666666667,0.03266915181229877,0.5299999999999999,0.014260526753233289,0.10960038144617641,0.1366666666666667,0.06467038579441688,0.01059267594676447,0.5303006903746822
100,79,2013-05-01,2,4,2012-2013,Brasília,Coop/São José Basketball,1,0.4428494736571764,0.2517994944364876,0.21720066320772088,0.06418945513121847,0.1566779916091969,0.03729951529901525,0.11937847631018166,0.08945158279511325,0.06533705246108354,1.472,0.05381978510607902,0.13319652645817548,40.48733333333334,0.10860033160386044,0.1870868332189221,58.31066666666666,0.06418945513121847,0.08522795988242922,75.25133333333333,0.006333333333333333,0.0320024851456321,0.51,0.014260526753233289,0.11026704811284309,0.136,0.06533705246108354,0.010259342613431137,0.5119673570413488,0.386499346666889,0.18756406278670204,0.1957122109348502,0.07688973961200356,0.15267460674907005,0.04185468759556735,0.11081991915350271,0.08555895844801416,0.07092961239275607,1.3066666666666669,0.03796579870667846,0.1098233220459613,34.34466666666666,0.0978561054674251,0.1842338487714557,53.056,0.07688973961200356,0.09833446763081953,77.7,0.0036669502410382154,0.03337178824222812,0.5033333333333333,0.0165564062786702,0.08285525474431042,0.21133333333333332,0.07092961239275607,0.010333616907704882,0.4358292771077638
86,79,2013-05-01,2,4,2012-2013,Bauru Basket,Sesi Franca,1,0.4159976287411355,0.2554084553094786,0.23030303739535019,0.05828613603630675,0.15767063434091072,0.03956334223393866,0.11810729210697209,0.08000227557672361,0.05838452893355369,1.5913333333333333,0.04246948510315955,0.10877502254238938,39.55733333333333,0.11515151869767509,0.20247851251662327,58.01933333333333,0.05828613603630675,0.08142080726652297,72.26133333333333,0.009069135132654815,0.031130655424263416,0.6106666666666668,0.008351190677958288,0.08976879584476345,0.09533333333333334,0.05838452893355369,0.009034650920499284,0.4770006533390437,0.36907455953633966,0.16901793565846743,0.23004625420909353,0.06501036966877877,0.1466898271562375,0.040672143409911814,0.10601768374632568,0.07868244825331348,0.0680117385785273,1.28,0.02467264521948913,0.07835036871671046,31.595333333333333,0.11502312710454676,0.21871188734071356,52.85999999999999,0.06501036966877877,0.09334640708641004,69.84666666666665,0.020003205963910278,0.05401234047314189,0.8453333333333332,0.024336656004757908,0.09502313050364385,0.266,0.0680117385785273,0.010334401987970091,0.4340815716942438
97,103,2013-05-02,2,4,2012-2013,Uberlândia,Pinheiros,0,0.41871838904071795,0.24976695318689357,0.21069429221258235,0.06901050605254207,0.14775765898269083,0.03475831553047253,0.1129993434522183,0.08738134551952469,0.05627030998401076,1.7913333333333334,0.04633786359186451,0.11435833520111964,40.91733333333333,0.10534714610629117,0.18422113197403062,57.068666666666665,0.06901050605254207,0.08354351151323328,81.80533333333332,0.014559394450136527,0.03242690297246492,0.6039999999999999,0.014485480704586998,0.09916127131243245,0.14800000000000002,0.05627030998401076,0.01182453650258274,0.4989892917187173,0.4244579695510054,0.16566567270758073,0.18827099296431543,0.07752130387910929,0.14125961729685213,0.03392939372853359,0.10733022356831858,0.08382788463194703,0.05819141857287033,1.4913333333333332,0.05288855756919356,0.131019117491549,40.083333333333336,0.09413549648215772,0.1636046360226189,59.11600000000001,0.07752130387910929,0.1011349008286553,76.062,0.008657300502718618,0.025244340324957617,0.43533333333333335,0.009990717190223826,0.09947185945112189,0.10066666666666667,0.05819141857287033,0.010321879260105134,0.45737581400975313
80,76,2013-05-02,2,4,2012-2013,Flamengo,Paulistano,1,0.43958839369726516,0.22448714602278758,0.2220919281561489,0.08000931951832861,0.17349528171839118,0.04724377312311125,0.12625150859527992,0.07443421371216165,0.0614507851374208,1.3513333333333333,0.04582904867426254,0.11347029108157164,40.656666666666666,0.11104596407807445,0.20326136194226865,54.74933333333333,0.08000931951832861,0.11183861825510677,71.534,0.008144343368748613,0.03247937738906326,0.5826666666666667,0.00620741227112279,0.09088284824687526,0.07133333333333333,0.0614507851374208,0.009603831145970245,0.49406795464230174,0.3932043950008311,0.17580803012557394,0.19848642538668174,0.06491584151935478,0.15602326380024928,0.041248049830785644,0.11477521396946365,0.06737652561678496,0.07188996252515749,1.0206666666666666,0.04326737603159822,0.10823260869574637,40.362,0.09924321269334087,0.18950752083357897,52.797333333333334,0.06491584151935478,0.10156373639544512,64.05866666666667,0.010597400139927176,0.02960487654861081,0.4613333333333333,0.011268307565043918,0.10915922390510797,0.10400000000000001,0.07188996252515749,0.015029584288107774,0.4049108172212998
87,78,2013-05-03,3,4,2012-2013,Bauru Basket,Sesi Franca,1,0.41733096207446885,0.24340845530947863,0.23096970406201686,0.05795280270297341,0.1563373010075774,0.03923000890060533,0.11710729210697206,0.08066894224339029,0.05638452893355368,1.633333333333333,0.04280281843649289,0.11177502254238939,38.727999999999994,0.11548485203100843,0.2004785125166233,58.874,0.05795280270297341,0.08042080726652297,72.6233333333333,0.009069135132654817,0.03046398875759675,0.6133333333333334,0.007017857344624954,0.08876879584476344,0.08333333333333333,0.05638452893355368,0.008034650920499284,0.4736673200057104,0.37207455953633967,0.15201793565846744,0.2280462542090935,0.06401036966877875,0.14602316048957084,0.04100547674324516,0.10501768374632568,0.07601578158664682,0.06801173857852731,1.2393333333333334,0.026672645219489134,0.07935036871671047,33.99933333333333,0.11402312710454675,0.21904522067404691,52.334666666666664,0.06401036966877875,0.08967974041974337,71.094,0.018003205963910276,0.05267900713980856,0.8253333333333333,0.023003322671424572,0.09568979717031052,0.25199999999999995,0.06801173857852731,0.011001068654636757,0.4287482383609104
91,76,2013-05-03,3,4,2012-2013,Brasília,Coop/São José Basketball,1,0.4461828069905098,0.24079949443648754,0.21386732987438753,0.06885612179788514,0.15967799160919693,0.03896618196568191,0.120711809643515,0.0887849161284466,0.06633705246108354,1.4166666666666667,0.05448645177274569,0.1365298597915088,39.981333333333346,0.10693366493719376,0.18542016655225543,57.94533333333334,0.06885612179788514,0.0902279598824292,75.93066666666667,0.006333333333333333,0.03233581847896543,0.5066666666666666,0.015593860086566621,0.11193371477950974,0.14666666666666667,0.06633705246108354,0.010926009280097801,0.5136340237080155,0.3831660133335557,0.17556406278670206,0.1897122109348502,0.07855640627867021,0.1550079400824034,0.04218802092890068,0.1128199191535027,0.0818922917813475,0.0712629457260894,1.216,0.03829913204001179,0.11048998871262797,34.41733333333333,0.0948561054674251,0.18523384877145574,51.018666666666675,0.07855640627867021,0.1010011342974862,77.59466666666667,0.0036669502410382154,0.03203845490889479,0.4706666666666667,0.016223072945336873,0.08285525474431044,0.20800000000000002,0.0712629457260894,0.010333616907704882,0.42082927710776385
70,91,2013-05-04,3,4,2012-2013,Uberlândia,Pinheiros,0,0.4165822554273566,0.23336435292686758,0.20509255870589838,0.06787660599586974,0.15115695891268383,0.03482474884047019,0.11633221007221364,0.08551387877285001,0.05580340996067509,1.782,0.04787103024186285,0.11769120182111496,41.20333333333333,0.10254627935294919,0.18515319851401793,55.38333333333333,0.06787660599586974,0.0836761114398926,80.70133333333334,0.01249249442680086,0.03296010295913026,0.6326666666666666,0.014285380694585998,0.0988939379124258,0.1466666666666667,0.05580340996067509,0.012024503165915738,0.4903856580220143,0.4125913028843387,0.15546567270758072,0.18253765963098212,0.07458797054577593,0.1425262839635188,0.033196060395200254,0.10933022356831858,0.08042788463194701,0.055991418572870336,1.4933333333333332,0.05182189090252689,0.13275245082488232,38.716,0.09126882981549106,0.16140463602261892,58.105999999999995,0.07458797054577593,0.09886823416198862,75.18600000000002,0.008323967169385283,0.023711006991624286,0.4233333333333334,0.009190717190223829,0.09580519278445523,0.09733333333333333,0.055991418572870336,0.009521879260105134,0.4371091473430865
84,64,2013-05-04,3,4,2012-2013,Flamengo,Paulistano,1,0.4377588091688429,0.21454466124444516,0.22016009434477998,0.0810540535796178,0.17321520321992592,0.04591896056335681,0.1272962426565691,0.07045338545271415,0.06081394117828025,1.3066666666666664,0.04551488708148171,0.11351715533625555,40.354000000000006,0.11008004717238999,0.20199619479756645,54.564,0.0810540535796178,0.11424011777707124,71.10933333333332,0.008150733948932783,0.034167345989677154,0.6093333333333334,0.006209542464517512,0.09327795718865556,0.06999999999999999,0.06081394117828025,0.008605961339364969,0.4852191983733271,0.3918938822059824,0.16281433580068155,0.19783116898925737,0.06625427944682284,0.1560331727182755,0.040249851452244946,0.11578332126603057,0.06604709579661347,0.07522930126335521,0.9506666666666665,0.042602811256634086,0.10590407968630454,40.67,0.09891558449462869,0.18918589803973118,52.712,0.06625427944682284,0.10423851035867872,63.69466666666666,0.0102649676173235,0.02894061204388989,0.42133333333333334,0.011268908105530356,0.11383640003028729,0.10133333333333333,0.07522930126335521,0.015029884558350992,0.3962660702823881
70,62,2013-05-06,4,4,2012-2013,Sesi Franca,Bauru Basket,1,0.37307455953633956,0.1400179356584674,0.2260462542090935,0.06601036966877875,0.14335649382290416,0.03900547674324516,0.10435101707965902,0.07201578158664682,0.06767840524519397,1.1659999999999997,0.027005978552822472,0.07835036871671044,34.94200000000001,0.11302312710454675,0.2190452206740469,51.80866666666667,0.06601036966877875,0.09134640708641004,72.106,0.01633653929724361,0.051679007139808567,0.8099999999999999,0.021336656004757905,0.09502313050364387,0.2373333333333333,0.06767840524519397,0.010667735321303424,0.41841490502757706,0.41466429540780214,0.22240845530947861,0.22763637072868353,0.05761946936964008,0.15900396767424405,0.041896675567271995,0.11710729210697209,0.07966894224339027,0.05671786226688701,1.6086666666666665,0.04313615176982622,0.11144168920905607,39.23466666666666,0.11381818536434177,0.19947851251662332,58.39733333333333,0.05761946936964008,0.08008747393318963,72.55333333333333,0.00940246846598815,0.031130655424263416,0.6220000000000001,0.006684524011291622,0.09143546251143012,0.07933333333333333,0.05671786226688701,0.009367984253832616,0.4710006533390437
84,70,2013-05-06,4,4,2012-2013,Coop/São José Basketball,Brasília,1,0.3811660133335558,0.16156406278670202,0.18837887760151686,0.07788973961200354,0.1550079400824034,0.04285468759556735,0.11215325248683604,0.08055895844801415,0.06826294572608942,1.2853333333333334,0.03829913204001179,0.11148998871262795,34.15666666666666,0.09418943880075843,0.18690051543812242,50.27266666666666,0.07788973961200354,0.10066780096415286,77.31266666666667,0.0036669502410382154,0.031038454908894786,0.48400000000000004,0.016223072945336873,0.08352192141097708,0.20733333333333334,0.06826294572608942,0.009666950241038216,0.41382927710776385,0.44918280699050966,0.23179949443648756,0.20786732987438758,0.06985612179788513,0.15901132494253023,0.03929951529901524,0.119711809643515,0.08811824946177994,0.06567038579441688,1.4286666666666668,0.05715311843941235,0.13919652645817546,41.092666666666666,0.10393366493719379,0.18108683321892208,57.55799999999999,0.06985612179788513,0.09022795988242921,77.042,0.005000000000000001,0.02933581847896544,0.4486666666666667,0.015927193419899958,0.10926704811284309,0.15333333333333335,0.06567038579441688,0.011592675946764467,0.5136340237080155
76,89,2013-05-07,4,4,2012-2013,Pinheiros,Uberlândia,0,0.4149367744062808,0.15847087478841304,0.18521046208529718,0.07125543753257066,0.14153001879078306,0.03353032743534965,0.10799969135543343,0.08109721903237384,0.0543252854529557,1.6933333333333331,0.052823624929471,0.13308911882541585,39.40466666666667,0.09260523104264859,0.16207623799674187,58.63066666666666,0.07125543753257066,0.09420263458882602,75.33733333333333,0.0076574338894066256,0.02471180731175234,0.5013333333333334,0.008857383856890496,0.0954746605715701,0.094,0.0543252854529557,0.008855212593438468,0.4441242200388314,0.41224892209402325,0.21836435292686757,0.19909255870589834,0.0685432726625364,0.15249029224601712,0.03782474884047019,0.11466554340554697,0.08318054543951667,0.055470076627341755,1.7526666666666668,0.048204363575196175,0.12035786848778166,40.294000000000004,0.09954627935294917,0.18348653184735128,54.197333333333326,0.0685432726625364,0.08400944477322596,81.07666666666665,0.013492494426800861,0.031293436292463596,0.61,0.013285380694586003,0.09522727124575914,0.13733333333333336,0.055470076627341755,0.011357836499249069,0.4757189913553476
81,98,2013-05-09,5,4,2012-2013,Brasília,Coop/São José Basketball,0,0.442516140323843,0.21079949443648754,0.20453399654105422,0.0685227884645518,0.15567799160919693,0.03863284863234859,0.1170451429768483,0.08778491612844659,0.06433705246108354,1.4653333333333332,0.056486451772745694,0.13919652645817543,40.486666666666665,0.10226699827052711,0.18075349988558878,56.89133333333333,0.0685227884645518,0.0882279598824292,77.18466666666667,0.005000000000000001,0.027335818478965438,0.42933333333333334,0.015593860086566621,0.10960038144617641,0.15000000000000002,0.06433705246108354,0.011259342613431134,0.49863402370801535,0.3864993466668892,0.148564062786702,0.1930455442681835,0.07855640627867021,0.1570079400824034,0.04385468759556734,0.11315325248683604,0.08289229178134748,0.06759627905942274,1.3293333333333333,0.0382991320400118,0.1088233220459613,34.72666666666666,0.09652277213409174,0.18823384877145574,51.09466666666667,0.07855640627867021,0.10266780096415286,76.518,0.0036669502410382154,0.031038454908894793,0.48799999999999993,0.01622307294533687,0.08485525474431044,0.20466666666666666,0.06759627905942274,0.010000283574371549,0.42516261044109716
92,85,2013-05-09,5,4,2012-2013,Uberlândia,Pinheiros,1,0.4199155887606899,0.21336435292686756,0.19909255870589837,0.07220993932920307,0.14815695891268377,0.036491415507136866,0.11166554340554698,0.08451387877285002,0.05447007662734175,1.788,0.04953769690852951,0.11935786848778163,41.754000000000005,0.09954627935294919,0.18048653184735128,55.02066666666667,0.07220993932920307,0.08767611143989264,82.91,0.013492494426800861,0.0322934362924636,0.6306666666666667,0.013285380694585998,0.09489393791242581,0.138,0.05447007662734175,0.011357836499249069,0.48538565802201433,0.41179244473813087,0.15765172001108713,0.18544302563959972,0.068697699087444,0.13903348128099913,0.03356092790302104,0.10547255337797816,0.07788933581228054,0.05438648638829847,1.6266666666666665,0.05255057333702904,0.13423875865359275,38.84866666666667,0.09272151281979986,0.16258797323702068,58.48466666666666,0.068697699087444,0.09200362904562122,74.41333333333334,0.008338179132044665,0.024408155251638988,0.4946666666666667,0.00853537151617431,0.09758421732836126,0.08866666666666667,0.05438648638829847,0.008861332686972746,0.4324117265189637
78,71,2013-05-10,5,4,2012-2013,Bauru Basket,Sesi Franca,1,0.4090369701564913,0.20241606977696686,0.22432714987572958,0.05729375050379497,0.16002363838192196,0.042235085212264156,0.11778855316965786,0.07734131976067313,0.059060079145623286,1.4986666666666664,0.042472023258988974,0.11012041211591242,38.89866666666667,0.11216357493786479,0.19917056074158407,57.66133333333333,0.05729375050379497,0.07909699201754992,73.07199999999999,0.008735801799321482,0.03180176386363155,0.6080000000000001,0.006685793089206327,0.09044561513474773,0.08066666666666666,0.059060079145623286,0.010037189076328694,0.46003745659857015,0.37274472672808506,0.12201853574848093,0.22738198790248085,0.06534420307712334,0.1446915774187769,0.037672643484923066,0.10701893393385381,0.07435001505500041,0.06567900533520749,1.225333333333333,0.026672845249493638,0.07801793551839738,34.66866666666667,0.11369099395124042,0.21971423769326645,51.95333333333333,0.06534420307712334,0.09034710719142579,72.162,0.01633663931224586,0.05067930718481531,0.8099999999999999,0.019003322671424572,0.09435736397199745,0.214,0.06567900533520749,0.010667785328804549,0.4187520389309959
75,89,2013-05-13,1,5,2012-2013,Bauru Basket,Uberlândia,0,0.40670363682315797,0.18341606977696687,0.22099381654239625,0.05929375050379497,0.16369030504858864,0.04223508521226415,0.12145521983632453,0.07800798642733979,0.06006007914562329,1.4873333333333334,0.042138689925655635,0.10845374544924574,39.13266666666666,0.11049690827119812,0.19783722740825077,57.21866666666666,0.05929375050379497,0.08276365868421659,72.16266666666667,0.008735801799321482,0.032135097196964876,0.6039999999999999,0.006685793089206327,0.09077894846808107,0.08066666666666666,0.06006007914562329,0.010370522409662027,0.4597041232652368,0.4219155887606899,0.20436435292686755,0.19975922537256502,0.07154327266253639,0.15149029224601715,0.03715808217380353,0.11433221007221363,0.08518054543951668,0.05447007662734174,1.8000000000000003,0.050204363575196184,0.1190245351544483,42.51866666666667,0.09987961268628251,0.18081986518068463,55.1,0.07154327266253639,0.08967611143989261,80.77666666666667,0.013825827760134194,0.03196010295913026,0.6246666666666667,0.013952047361252665,0.0968939379124258,0.14266666666666666,0.05447007662734174,0.0116911698325824,0.4893856580220143
80,72,2013-05-14,1,5,2012-2013,Coop/São José Basketball,Flamengo,1,0.39101786518540754,0.13900850723114647,0.1913418405644798,0.08366751738978132,0.15967460674907005,0.045669502410382166,0.1140051043386879,0.08133673622579193,0.06800368646683015,1.2866666666666666,0.03866950241038216,0.11200850723114648,34.05,0.0956709202822399,0.18834495988256686,50.572,0.08366751738978132,0.10833446763081953,76.86133333333333,0.0036669502410382154,0.03166808453852441,0.494,0.016334184056447983,0.08667006955912525,0.20133333333333334,0.06800368646683015,0.010333616907704882,0.42501446229294904,0.4394324775859472,0.20154616161953895,0.22549792880339464,0.07938838716301364,0.1735515373034468,0.04625304408423703,0.12729849321920977,0.07278780239028189,0.06081477471999901,1.3533333333333333,0.0448487205398463,0.11185207239885453,40.23733333333333,0.11274896440169732,0.20433344577697798,55.22733333333334,0.07938838716301364,0.11090803475631605,71.90933333333332,0.009484484053125497,0.035501679573073014,0.6359999999999999,0.006209709172861266,0.09427929085540558,0.06866666666666665,0.06081477471999901,0.00860629475605247,0.48989428381135325
93,65,2013-05-16,2,5,2012-2013,Uberlândia,Bauru Basket,1,0.4185822554273566,0.18636435292686757,0.19309255870589837,0.07187660599586973,0.15282362557935045,0.03582474884047019,0.1169988767388803,0.08418054543951667,0.05280340996067509,1.8133333333333335,0.051204363575196185,0.11869120182111496,43.785333333333334,0.09654627935294918,0.17881986518068466,54.015333333333324,0.07187660599586973,0.09034277810655927,80.52600000000001,0.009825827760134194,0.029626769625796932,0.6053333333333334,0.011952047361252664,0.0938939379124258,0.13000000000000003,0.05280340996067509,0.01135783649924907,0.48171899135534757,0.4053703034898246,0.16641606977696688,0.2163271498757296,0.0616270838371283,0.16002363838192196,0.04156841854559748,0.11845521983632452,0.07934131976067312,0.058726745812289954,1.5853333333333335,0.042472023258988974,0.11078707878257905,38.882,0.1081635749378648,0.19717056074158407,56.209999999999994,0.0616270838371283,0.08409699201754993,73.82933333333334,0.007735801799321482,0.033468430530298215,0.6619999999999998,0.006019126422539661,0.09277894846808107,0.07266666666666668,0.058726745812289954,0.009703855742995362,0.4520374565985702
100,84,2013-05-17,2,5,2012-2013,Flamengo,Coop/São José Basketball,1,0.440099144252614,0.18954616161953897,0.228831262136728,0.07672172049634698,0.16688487063678012,0.045919710750903696,0.12096515988587646,0.07245446905694855,0.06014810805333235,1.358666666666667,0.04484872053984631,0.11185207239885454,40.23733333333334,0.114415631068364,0.2050001124436446,55.82933333333334,0.07672172049634698,0.10890803475631607,70.85799999999999,0.009484484053125497,0.03783501290640635,0.6839999999999999,0.005876375839527933,0.09227929085540558,0.06733333333333333,0.06014810805333235,0.009939628089385803,0.4848942838113532,0.38235119851874094,0.11800850723114648,0.18534184056447983,0.08400085072311465,0.16367460674907003,0.046669502410382174,0.11700510433868788,0.07867006955912527,0.07167035313349683,1.222,0.03766950241038216,0.11067517389781314,33.656666666666666,0.09267092028223992,0.18567829321590018,49.897333333333336,0.08400085072311465,0.10933446763081951,76.22533333333334,0.0030002835743715493,0.03066808453852442,0.476,0.016334184056447983,0.0870034028924586,0.2006666666666667,0.07167035313349683,0.01200028357437155,0.4113477956262824
80,77,2013-05-18,3,5,2012-2013,Uberlândia,Bauru Basket,1,0.4262455562239459,0.18520817655527547,0.19298844112483696,0.07204893854383339,0.15595040668559976,0.037914168788860184,0.11803623789673962,0.08569271866963,0.050642409175305395,1.8886666666666665,0.05373605885175851,0.11916433095833028,45.55933333333334,0.09649422056241848,0.1796068056047843,53.748666666666665,0.07204893854383339,0.08971997994656825,81.194,0.010934769754973194,0.029273914246014592,0.6166666666666668,0.011836598017597328,0.09248251639329647,0.12933333333333336,0.050642409175305395,0.010569213140110733,0.4948115527824765,0.3973703034898247,0.1524160697769669,0.2156604832090629,0.061293750503794965,0.1593569717152553,0.04256841854559748,0.11678855316965783,0.07767465309400644,0.05939341247895664,1.538666666666667,0.040138689925655634,0.10978707878257905,37.175333333333334,0.10783024160453145,0.19683722740825074,56.12466666666666,0.061293750503794965,0.08309699201754993,74.278,0.007069135132654814,0.03113509719696488,0.6086666666666666,0.006352459755872995,0.09477894846808108,0.07600000000000003,0.05939341247895664,0.010370522409662027,0.4360374565985702
106,86,2013-05-19,3,5,2012-2013,Flamengo,Coop/São José Basketball,1,0.43976914458598065,0.17654696169954692,0.234833262336748,0.07538892054968566,0.1665526374134578,0.04725347746090803,0.11929915995254976,0.07345510245362157,0.05981517476000302,1.3820000000000003,0.043182320566515636,0.11051943913552821,39.31066666666667,0.117416631168374,0.20866844594366127,56.23933333333334,0.07538892054968566,0.10624203482298941,71.42933333333333,0.009151150719792164,0.03850211294974402,0.6993333333333334,0.0065431091795285995,0.09561355761541493,0.07200000000000001,0.05981517476000302,0.008272961422719138,0.4828982175380593,0.37935399879876897,0.11000960734115746,0.18067597397782115,0.0886684174797903,0.16467577353241503,0.0490031691103855,0.11567260442202955,0.07333703625579494,0.07333765319683651,1.134,0.03666986911371916,0.10934257397115381,33.4,0.09033798698891057,0.18434592664590985,48.81733333333334,0.0886684174797903,0.11366886773749686,77.28933333333335,0.0030002835743715493,0.030668351231860416,0.466,0.015667584063115317,0.08933740295913191,0.18666666666666668,0.07333765319683651,0.012667083587706216,0.3986839959129777
96,88,2013-05-23,4,5,2012-2013,Coop/São José Basketball,Flamengo,1,0.3800350059690208,0.10501260884190784,0.18401597731282196,0.09100641981429089,0.16201360911687393,0.04867150327746904,0.1133421058394049,0.07133853700617011,0.07200615411396173,1.1219999999999999,0.03500420294730262,0.1086794090553626,32.116,0.09200798865641098,0.18735293014766075,48.962,0.09100641981429089,0.1166748707389976,77.28933333333333,0.002666950241038216,0.031003018565527247,0.48333333333333334,0.014667750813157006,0.0906742380433407,0.17400000000000002,0.07200615411396173,0.012334250504497943,0.39236316883277095,0.4464446467948662,0.1605494623247032,0.23683809687871682,0.0770570875914461,0.16222188805945262,0.04658747762761637,0.11563441043183627,0.07345635276619972,0.060149675051742624,1.3766666666666665,0.0441831541082344,0.1088542728439553,40.986,0.11841904843935841,0.20900569692307283,56.58466666666668,0.0770570875914461,0.10691053528143736,72.55066666666667,0.009818067448974458,0.03850244636643152,0.698,0.007210109262882771,0.09694914151138892,0.076,0.060149675051742624,0.008606461464396224,0.48724121995533026
88,76,2013-05-25,5,5,2012-2013,Flamengo,Coop/São José Basketball,1,0.4417779801281995,0.1435494623247032,0.23483809687871685,0.08039042092477944,0.15788855472611926,0.04592081096094971,0.1119677437651696,0.06812301943286637,0.06314967505174261,1.1546666666666667,0.04218315410823441,0.10585427284395531,40.388,0.11741904843935842,0.2086723635897395,56.12733333333333,0.08039042092477944,0.10857720194810402,74.69000000000001,0.009151400782307794,0.03783577969976486,0.6573333333333333,0.007543442596216104,0.09894914151138894,0.07933333333333333,0.06314967505174261,0.00827312813106289,0.4682412199553303,0.3867016726356874,0.10701260884190784,0.18868264397948867,0.09100641981429089,0.16234694245020725,0.04900483661080237,0.11334210583940492,0.07567187033950346,0.07100615411396172,1.2086666666666666,0.03567086961396928,0.11134607572202924,31.61333333333333,0.09434132198974433,0.1896862634809941,49.42066666666667,0.09100641981429089,0.11634153740566429,77.65066666666668,0.0023336169077048823,0.033336351898860576,0.5246666666666667,0.013667750813157005,0.09234090471000737,0.15866666666666665,0.07100615411396172,0.012667583837831278,0.4043631688327709
77,70,2013-06-01,1,6,2012-2013,Flamengo,Uberlândia,1,0.44644464679486623,0.1325494623247032,0.2341714302120502,0.07972375425811278,0.15488855472611926,0.043587477627616375,0.11130107709850294,0.07112301943286638,0.060816341718409286,1.2393333333333336,0.0441831541082344,0.10952093951062197,40.89266666666666,0.1170857151060251,0.20600569692307286,56.62533333333332,0.07972375425811278,0.1072438686147707,75.48800000000001,0.009818067448974462,0.03983577969976486,0.7053333333333334,0.007210109262882771,0.10094914151138891,0.07400000000000001,0.060816341718409286,0.00827312813106289,0.47690788662199696,0.4232455562239459,0.1682081765552755,0.1883217744581703,0.07371560521050004,0.15228374001893308,0.03758083545552686,0.11470290456340627,0.08669271866963002,0.048975742508638724,2.055333333333333,0.0537360588517585,0.12216433095833025,44.44800000000001,0.09416088722908515,0.17527347227145093,53.989999999999995,0.07371560521050004,0.09171997994656825,81.32933333333335,0.011934769754973191,0.028940580912681264,0.6433333333333333,0.011169931350930662,0.08981584972662977,0.128,0.048975742508638724,0.0112358798067774,0.4874782194491431
84,82,2013-11-09,1,1,2013-2014,Flamengo,Brasília,1,0.0,0.0,0.0,0.0,0.0,0.0,0.0,0.0,0.0,0.0,0.0,0.0,0.0,0.0,0.0,0.0,0.0,0.0,0.0,0.0,0.0,0.0,0.0,0.0,0.0,0.0,0.0,0.0,0.0,0.0,0.0,0.0,0.0,0.0,0.0,0.0,0.0,0.0,0.0,0.0,0.0,0.0,0.0,0.0,0.0,0.0,0.0,0.0,0.0,0.0,0.0,0.0,0.0,0.0,0.0,0.0
53,91,2013-11-14,1,1,2013-2014,Pinheiros,Limeira,0,0.0,0.0,0.0,0.0,0.0,0.0,0.0,0.0,0.0,0.0,0.0,0.0,0.0,0.0,0.0,0.0,0.0,0.0,0.0,0.0,0.0,0.0,0.0,0.0,0.0,0.0,0.0,0.0,0.0,0.0,0.0,0.0,0.0,0.0,0.0,0.0,0.0,0.0,0.0,0.0,0.0,0.0,0.0,0.0,0.0,0.0,0.0,0.0,0.0,0.0,0.0,0.0,0.0,0.0,0.0,0.0
84,79,2013-11-14,1,1,2013-2014,Macaé Basquete,Goiânia,1,0.0,0.0,0.0,0.0,0.0,0.0,0.0,0.0,0.0,0.0,0.0,0.0,0.0,0.0,0.0,0.0,0.0,0.0,0.0,0.0,0.0,0.0,0.0,0.0,0.0,0.0,0.0,0.0,0.0,0.0,0.0,0.0,0.0,0.0,0.0,0.0,0.0,0.0,0.0,0.0,0.0,0.0,0.0,0.0,0.0,0.0,0.0,0.0,0.0,0.0,0.0,0.0,0.0,0.0,0.0,0.0
90,52,2013-11-14,1,1,2013-2014,Mogi,Sesi Franca,1,0.0,0.0,0.0,0.0,0.0,0.0,0.0,0.0,0.0,0.0,0.0,0.0,0.0,0.0,0.0,0.0,0.0,0.0,0.0,0.0,0.0,0.0,0.0,0.0,0.0,0.0,0.0,0.0,0.0,0.0,0.0,0.0,0.0,0.0,0.0,0.0,0.0,0.0,0.0,0.0,0.0,0.0,0.0,0.0,0.0,0.0,0.0,0.0,0.0,0.0,0.0,0.0,0.0,0.0,0.0,0.0
74,78,2013-11-14,1,1,2013-2014,Bauru Basket,Palmeiras,0,0.0,0.0,0.0,0.0,0.0,0.0,0.0,0.0,0.0,0.0,0.0,0.0,0.0,0.0,0.0,0.0,0.0,0.0,0.0,0.0,0.0,0.0,0.0,0.0,0.0,0.0,0.0,0.0,0.0,0.0,0.0,0.0,0.0,0.0,0.0,0.0,0.0,0.0,0.0,0.0,0.0,0.0,0.0,0.0,0.0,0.0,0.0,0.0,0.0,0.0,0.0,0.0,0.0,0.0,0.0,0.0
87,72,2013-11-14,1,1,2013-2014,Coop/São José Basketball,L. Sorocabana,1,0.0,0.0,0.0,0.0,0.0,0.0,0.0,0.0,0.0,0.0,0.0,0.0,0.0,0.0,0.0,0.0,0.0,0.0,0.0,0.0,0.0,0.0,0.0,0.0,0.0,0.0,0.0,0.0,0.0,0.0,0.0,0.0,0.0,0.0,0.0,0.0,0.0,0.0,0.0,0.0,0.0,0.0,0.0,0.0,0.0,0.0,0.0,0.0,0.0,0.0,0.0,0.0,0.0,0.0,0.0,0.0
86,96,2013-11-14,1,1,2013-2014,Fortaleza B. C. / CFO,Uberlândia,0,0.0,0.0,0.0,0.0,0.0,0.0,0.0,0.0,0.0,0.0,0.0,0.0,0.0,0.0,0.0,0.0,0.0,0.0,0.0,0.0,0.0,0.0,0.0,0.0,0.0,0.0,0.0,0.0,0.0,0.0,0.0,0.0,0.0,0.0,0.0,0.0,0.0,0.0,0.0,0.0,0.0,0.0,0.0,0.0,0.0,0.0,0.0,0.0,0.0,0.0,0.0,0.0,0.0,0.0,0.0,0.0
79,73,2013-11-16,2,1,2013-2014,Coop/São José Basketball,Paulistano,1,0.435,0.135,0.22,0.08,0.175,0.07,0.105,0.12,0.08,1.5,0.045,0.08,56.25,0.11,0.215,51.16,0.08,0.125,64.0,0.015,0.06,0.75,0.005,0.055,0.09,0.08,0.035,0.53,0.0,0.0,0.0,0.0,0.0,0.0,0.0,0.0,0.0,0.0,0.0,0.0,0.0,0.0,0.0,0.0,0.0,0.0,0.0,0.0,0.0,0.0,0.0,0.0,0.0,0.0,0.0,0.0
83,69,2013-11-16,2,1,2013-2014,Flamengo,Goiânia,1,0.43,0.135,0.19,0.105,0.205,0.05,0.155,0.055,0.06,0.92,0.045,0.115,39.13,0.095,0.18,52.78,0.105,0.135,77.78,0.005,0.025,0.42,0.0,0.08,0.0,0.06,0.015,0.47,0.395,0.21,0.13,0.055,0.155,0.035,0.12,0.07,0.075,0.93,0.07,0.14,50.0,0.065,0.16,40.63,0.055,0.09,61.11,0.0,0.04,0.53,0.005,0.11,0.05,0.075,0.005,0.39
91,97,2013-11-16,2,1,2013-2014,Bauru Basket,Pinheiros,0,0.37,0.15,0.18,0.04,0.185,0.04,0.145,0.06,0.06,1.0,0.05,0.12,41.67,0.09,0.185,48.65,0.04,0.065,61.54,0.0,0.035,0.58,0.0,0.095,0.0,0.06,0.02,0.4,0.265,0.105,0.1,0.06,0.175,0.05,0.125,0.035,0.075,0.47,0.035,0.12,29.17,0.05,0.19,26.32,0.06,0.085,70.59,0.0,0.05,0.67,0.04,0.09,0.44,0.075,0.01,0.24
67,85,2013-11-16,2,1,2013-2014,Palmeiras,Limeira,0,0.39,0.165,0.11,0.115,0.205,0.065,0.14,0.06,0.045,1.33,0.055,0.15,36.67,0.055,0.155,35.48,0.115,0.14,82.14,0.005,0.04,0.89,0.01,0.085,0.12,0.045,0.01,0.44,0.455,0.18,0.22,0.055,0.245,0.085,0.16,0.105,0.065,1.62,0.06,0.13,46.15,0.11,0.24,45.83,0.055,0.075,73.33,0.03,0.06,0.92,0.01,0.09,0.11,0.065,0.01,0.59
80,65,2013-11-16,2,1,2013-2014,Fortaleza B. C. / CFO,Sesi Franca,1,0.43,0.12,0.28,0.03,0.16,0.08,0.08,0.075,0.025,3.0,0.04,0.11,36.36,0.14,0.27,51.85,0.03,0.05,60.0,0.005,0.055,2.2,0.01,0.105,0.1,0.025,0.005,0.485,0.26,0.015,0.17,0.075,0.13,0.05,0.08,0.03,0.135,0.22,0.005,0.065,7.69,0.085,0.18,47.22,0.075,0.09,83.33,0.0,0.065,0.48,0.005,0.115,0.04,0.135,0.025,0.185
71,73,2013-11-16,2,1,2013-2014,Mogi,Uberlândia,0,0.45,0.105,0.23,0.115,0.21,0.095,0.115,0.095,0.08,1.19,0.035,0.115,30.43,0.115,0.195,58.97,0.115,0.14,82.14,0.01,0.11,1.38,0.0,0.09,0.0,0.08,0.02,0.6,0.48,0.12,0.26,0.1,0.155,0.04,0.115,0.09,0.06,1.5,0.04,0.085,47.06,0.13,0.2,65.0,0.1,0.115,86.96,0.015,0.02,0.33,0.01,0.075,0.13,0.06,0.005,0.565
68,67,2013-11-16,2,1,2013-2014,Espírito Santo,Minas,1,0.0,0.0,0.0,0.0,0.0,0.0,0.0,0.0,0.0,0.0,0.0,0.0,0.0,0.0,0.0,0.0,0.0,0.0,0.0,0.0,0.0,0.0,0.0,0.0,0.0,0.0,0.0,0.0,0.0,0.0,0.0,0.0,0.0,0.0,0.0,0.0,0.0,0.0,0.0,0.0,0.0,0.0,0.0,0.0,0.0,0.0,0.0,0.0,0.0,0.0,0.0,0.0,0.0,0.0,0.0,0.0
64,78,2013-11-21,3,1,2013-2014,Goiânia,Mogi,0,0.37,0.1575,0.14500000000000002,0.0675,0.15,0.030000000000000002,0.12,0.052500000000000005,0.08499999999999999,0.65,0.052500000000000005,0.12000000000000001,42.5,0.07250000000000001,0.155,46.980000000000004,0.0675,0.095,70.555,0.0,0.042499999999999996,0.5,0.0025,0.10250000000000001,0.025,0.08499999999999999,0.0075,0.355,0.40249999999999997,0.09,0.21500000000000002,0.0975,0.2125,0.08499999999999999,0.1275,0.075,0.0775,0.96,0.030000000000000002,0.10750000000000001,27.715,0.10750000000000001,0.2,53.875,0.0975,0.1275,75.85499999999999,0.005,0.07250000000000001,0.9249999999999999,0.0075,0.09,0.085,0.0775,0.01,0.4925
82,78,2013-11-21,3,1,2013-2014,Pinheiros,Macaé Basquete,1,0.375,0.1575,0.16999999999999998,0.0475,0.1725,0.05,0.1225,0.07250000000000001,0.06,1.455,0.052500000000000005,0.1275,40.510000000000005,0.08499999999999999,0.2,41.730000000000004,0.0475,0.0675,70.295,0.005,0.0475,0.835,0.025,0.08249999999999999,0.28500000000000003,0.06,0.0075,0.4225,0.42,0.165,0.16,0.095,0.19,0.045,0.145,0.08,0.05,1.6,0.055,0.15,36.67,0.08,0.155,51.61,0.095,0.13,73.08,0.005,0.065,1.3,0.0,0.085,0.0,0.05,0.0,0.5
87,90,2013-11-21,3,1,2013-2014,Minas,Coop/São José Basketball,0,0.335,0.03,0.22,0.085,0.15,0.03,0.12,0.03,0.035,0.86,0.01,0.055,18.18,0.11,0.205,53.66,0.085,0.105,80.95,0.01,0.02,0.57,0.01,0.11,0.09,0.035,0.015,0.35,0.41500000000000004,0.14250000000000002,0.21000000000000002,0.0625,0.1825,0.060000000000000005,0.1225,0.11,0.08,1.375,0.0475,0.0925,51.935,0.10500000000000001,0.2125,49.39,0.0625,0.0925,69.5,0.01,0.057499999999999996,0.72,0.0125,0.057499999999999996,0.21000000000000002,0.08,0.025,0.515
56,72,2013-11-21,3,1,2013-2014,Paulistano,Limeira,0,0.365,0.165,0.18,0.02,0.165,0.04,0.125,0.06,0.075,0.8,0.055,0.125,44.0,0.09,0.205,43.9,0.02,0.04,50.0,0.0,0.055,0.73,0.015,0.075,0.2,0.075,0.015,0.38,0.44,0.15,0.21000000000000002,0.08,0.22,0.0625,0.1575,0.0875,0.0575,1.51,0.05,0.10750000000000001,46.605000000000004,0.10500000000000001,0.22749999999999998,46.17,0.08,0.10999999999999999,72.87,0.017499999999999998,0.045,0.76,0.015,0.105,0.14,0.0575,0.01,0.54
72,85,2013-11-21,3,1,2013-2014,L. Sorocabana,Bauru Basket,0,0.36,0.165,0.16,0.035,0.12,0.025,0.095,0.085,0.075,1.13,0.055,0.125,44.0,0.08,0.14,57.14,0.035,0.05,70.0,0.005,0.045,0.6,0.015,0.12,0.13,0.075,0.01,0.405,0.4125,0.16499999999999998,0.19,0.057499999999999996,0.1825,0.0475,0.135,0.07250000000000001,0.055,1.35,0.055,0.13,42.265,0.095,0.1875,50.64,0.057499999999999996,0.0775,72.435,0.005,0.037500000000000006,0.69,0.005,0.0825,0.07,0.055,0.0125,0.4675
71,84,2013-11-21,3,1,2013-2014,Palmeiras,Flamengo,0,0.36250000000000004,0.12,0.145,0.0975,0.1875,0.06,0.1275,0.057499999999999996,0.042499999999999996,1.355,0.04,0.1325,29.205,0.0725,0.175,40.815,0.0975,0.1375,70.7,0.0075,0.037500000000000006,0.885,0.01,0.0975,0.105,0.042499999999999996,0.0075,0.3775,0.4225,0.15000000000000002,0.18,0.0925,0.19,0.0575,0.1325,0.07,0.0625,1.115,0.05,0.14,36.230000000000004,0.09,0.16999999999999998,52.955,0.0925,0.115,80.995,0.005,0.05500000000000001,0.865,0.0025,0.08,0.03,0.0625,0.0175,0.485
88,75,2013-11-21,3,1,2013-2014,Brasília,Fortaleza B. C. / CFO,1,0.41,0.15,0.23,0.03,0.165,0.05,0.115,0.075,0.03,2.5,0.05,0.16,31.25,0.115,0.215,53.49,0.03,0.03,100.0,0.0,0.03,1.0,0.005,0.115,0.04,0.03,0.005,0.445,0.41500000000000004,0.12,0.245,0.05,0.1775,0.0775,0.1,0.0775,0.05500000000000001,1.97,0.04,0.0975,41.71,0.1225,0.25,48.75,0.05,0.07250000000000001,66.84,0.005,0.06,1.48,0.015,0.1275,0.115,0.05500000000000001,0.02,0.4825
75,63,2013-11-23,4,1,2013-2014,Goiânia,Fortaleza B. C. / CFO,1,0.35333333333333333,0.125,0.16333333333333336,0.065,0.16666666666666666,0.04,0.12666666666666668,0.05666666666666667,0.075,0.8266666666666667,0.041666666666666664,0.125,33.27,0.08166666666666668,0.17,47.98666666666667,0.065,0.09000000000000001,72.03666666666668,0.0,0.043333333333333335,0.6066666666666666,0.006666666666666667,0.10666666666666667,0.06,0.075,0.016666666666666666,0.355,0.40166666666666667,0.09499999999999999,0.26,0.04666666666666667,0.17,0.065,0.105,0.06,0.04833333333333334,1.55,0.03166666666666667,0.08833333333333333,34.949999999999996,0.13,0.25833333333333336,50.07666666666666,0.04666666666666667,0.07,65.07333333333334,0.01,0.056666666666666664,1.4633333333333332,0.013333333333333334,0.11833333333333333,0.11,0.04833333333333334,0.016666666666666666,0.445
86,79,2013-11-23,4,1,2013-2014,Espírito Santo,Coop/São José Basketball,1,0.34,0.09,0.16,0.09,0.16,0.045,0.115,0.06,0.035,1.71,0.03,0.11,27.27,0.08,0.155,51.61,0.09,0.12,75.0,0.005,0.015,0.43,0.01,0.105,0.1,0.035,0.01,0.365,0.4266666666666667,0.11,0.21333333333333335,0.10333333333333333,0.21166666666666667,0.065,0.14666666666666667,0.09999999999999999,0.08,1.25,0.03666666666666667,0.10999999999999999,38.07,0.10666666666666667,0.21666666666666667,49.223333333333336,0.10333333333333333,0.1366666666666667,73.74,0.006666666666666667,0.056666666666666664,0.71,0.015,0.075,0.20000000000000004,0.08,0.023333333333333334,0.5133333333333333
74,62,2013-11-23,4,1,2013-2014,Pinheiros,Flamengo,1,0.38666666666666666,0.16,0.18000000000000002,0.04666666666666667,0.16833333333333333,0.051666666666666666,0.11666666666666665,0.07500000000000001,0.05833333333333333,1.4533333333333334,0.05333333333333334,0.12666666666666668,41.67333333333334,0.09000000000000001,0.20333333333333334,43.693333333333335,0.04666666666666667,0.08166666666666667,60.5,0.0033333333333333335,0.055,0.98,0.025000000000000005,0.08833333333333333,0.2733333333333334,0.05833333333333333,0.01,0.43,0.42166666666666663,0.135,0.18333333333333335,0.10333333333333333,0.19333333333333336,0.055,0.13833333333333334,0.06666666666666667,0.06833333333333334,0.9933333333333333,0.045000000000000005,0.125,36.43333333333334,0.09166666666666667,0.17833333333333332,51.54333333333333,0.10333333333333333,0.13166666666666668,79.25,0.008333333333333333,0.05666666666666667,0.8266666666666667,0.011666666666666665,0.08333333333333333,0.13,0.06833333333333334,0.013333333333333334,0.48666666666666664
87,66,2013-11-23,4,1,2013-2014,Paulistano,Bauru Basket,1,0.3225,0.1275,0.16,0.035,0.1675,0.065,0.10250000000000001,0.05,0.0525,1.065,0.042499999999999996,0.1325,32.715,0.08,0.2,39.9,0.035,0.05500000000000001,60.715,0.0025,0.042499999999999996,0.865,0.0125,0.08499999999999999,0.155,0.0525,0.0125,0.3125,0.4166666666666667,0.165,0.18000000000000002,0.07166666666666667,0.16166666666666665,0.041666666666666664,0.12,0.065,0.065,1.0966666666666667,0.055,0.11333333333333334,51.093333333333334,0.09000000000000001,0.16666666666666666,55.093333333333334,0.07166666666666667,0.09999999999999999,71.28,0.006666666666666667,0.03833333333333334,0.6166666666666666,0.008333333333333333,0.08666666666666667,0.10000000000000002,0.065,0.013333333333333334,0.46166666666666667
74,76,2013-11-23,4,1,2013-2014,L. Sorocabana,Limeira,0,0.36,0.10500000000000001,0.19,0.065,0.11249999999999999,0.0275,0.08499999999999999,0.07500000000000001,0.0625,1.2149999999999999,0.035,0.095,33.54,0.095,0.1575,60.0,0.065,0.08499999999999999,74.58500000000001,0.0075,0.055,0.95,0.01,0.1225,0.085,0.0625,0.0075,0.4075,0.41333333333333333,0.13499999999999998,0.2066666666666667,0.07166666666666667,0.21166666666666667,0.056666666666666664,0.155,0.08333333333333333,0.06,1.39,0.045000000000000005,0.10000000000000002,44.796666666666674,0.10333333333333335,0.21166666666666667,49.300000000000004,0.07166666666666667,0.09333333333333332,79.13666666666667,0.011666666666666665,0.034999999999999996,0.5833333333333334,0.018333333333333333,0.10666666666666667,0.17,0.06,0.016666666666666666,0.5166666666666667
92,85,2013-11-23,4,1,2013-2014,Palmeiras,Macaé Basquete,1,0.36000000000000004,0.105,0.16666666666666666,0.08833333333333333,0.19000000000000003,0.06333333333333334,0.12666666666666668,0.05499999999999999,0.05333333333333332,1.1266666666666667,0.035,0.11333333333333334,30.58,0.08333333333333333,0.20333333333333334,40.669999999999995,0.08833333333333333,0.135,65.08333333333333,0.011666666666666667,0.04833333333333334,0.9,0.015,0.10666666666666667,0.1366666666666667,0.05333333333333332,0.006666666666666667,0.36999999999999994,0.405,0.135,0.19,0.08,0.195,0.0475,0.1475,0.07500000000000001,0.0625,1.2650000000000001,0.045,0.125,35.835,0.095,0.18,52.635,0.08,0.10750000000000001,74.775,0.005,0.052500000000000005,0.915,0.005,0.0975,0.045,0.0625,0.0,0.47750000000000004
78,85,2013-11-23,4,1,2013-2014,Brasília,Mogi,0,0.425,0.135,0.23,0.06,0.1825,0.045,0.1375,0.0625,0.0475,1.635,0.045,0.1275,36.68,0.115,0.2175,52.88,0.06,0.0675,92.85499999999999,0.0,0.025,0.655,0.0025,0.10250000000000001,0.02,0.0475,0.005,0.4575,0.39833333333333326,0.105,0.19000000000000003,0.10333333333333333,0.20833333333333334,0.07333333333333332,0.135,0.065,0.075,0.8533333333333334,0.035,0.11833333333333335,29.189999999999998,0.09500000000000001,0.18666666666666668,50.5,0.10333333333333333,0.13333333333333333,77.00666666666666,0.0033333333333333335,0.05166666666666667,0.6633333333333332,0.008333333333333333,0.09000000000000001,0.09333333333333334,0.075,0.01,0.45166666666666666
92,75,2013-11-23,4,1,2013-2014,Sesi Franca,Uberlândia,1,0.2925,0.015,0.165,0.11249999999999999,0.14,0.0575,0.0825,0.042499999999999996,0.11000000000000001,0.435,0.005,0.055,9.4,0.0825,0.1875,44.125,0.11249999999999999,0.14250000000000002,80.125,0.0025,0.055,0.505,0.0125,0.10750000000000001,0.12000000000000001,0.11000000000000001,0.02,0.2475,0.4225,0.105,0.225,0.0925,0.1625,0.042499999999999996,0.12,0.08,0.057499999999999996,1.385,0.035,0.095,37.815,0.1125,0.20750000000000002,54.595,0.0925,0.10750000000000001,85.97999999999999,0.015,0.045000000000000005,0.8,0.015,0.0925,0.155,0.057499999999999996,0.01,0.49749999999999994
68,80,2013-11-28,5,1,2013-2014,Macaé Basquete,Paulistano,0,0.4116666666666667,0.13,0.18666666666666668,0.09500000000000001,0.18500000000000003,0.055,0.13,0.07333333333333335,0.065,1.1766666666666667,0.043333333333333335,0.12,36.01,0.09333333333333334,0.19166666666666665,49.04333333333333,0.09500000000000001,0.135,71.78000000000002,0.006666666666666667,0.05333333333333334,0.8733333333333334,0.005,0.105,0.043333333333333335,0.065,0.006666666666666667,0.4483333333333334,0.36000000000000004,0.135,0.17666666666666667,0.04833333333333334,0.17,0.05833333333333333,0.11166666666666668,0.05000000000000001,0.06833333333333334,0.8766666666666666,0.045000000000000005,0.12166666666666666,38.47666666666667,0.08833333333333333,0.19333333333333336,46.04333333333333,0.04833333333333334,0.06166666666666667,73.81,0.0033333333333333335,0.04,0.6933333333333334,0.01,0.09666666666666666,0.11666666666666665,0.06833333333333334,0.015,0.3666666666666667
93,97,2013-11-28,5,1,2013-2014,Uberlândia,Goiânia,0,0.4066666666666667,0.09499999999999999,0.22666666666666668,0.085,0.15333333333333335,0.041666666666666664,0.11166666666666665,0.075,0.06,1.2566666666666666,0.03166666666666667,0.08833333333333333,36.32,0.11333333333333334,0.215,53.06333333333333,0.085,0.09833333333333334,86.48666666666666,0.015,0.043333333333333335,0.7400000000000001,0.015,0.10166666666666667,0.14666666666666667,0.06,0.013333333333333334,0.4616666666666666,0.35875,0.11624999999999999,0.17500000000000002,0.0675,0.16999999999999998,0.0375,0.1325,0.053750000000000006,0.07874999999999999,0.745,0.03875,0.11,36.49,0.08750000000000001,0.17375000000000002,50.18,0.0675,0.09375,71.885,0.00125,0.04125,0.5525,0.00875,0.10500000000000001,0.08249999999999999,0.07874999999999999,0.0175,0.37
70,69,2013-11-28,5,1,2013-2014,Fortaleza B. C. / CFO,Palmeiras,1,0.38,0.08249999999999999,0.2475,0.05,0.16,0.06125,0.09875,0.056249999999999994,0.0475,1.4125,0.0275,0.0925,29.784999999999997,0.12375,0.2475,49.7675,0.05,0.07125000000000001,68.805,0.0075,0.057499999999999996,1.43,0.0125,0.11124999999999999,0.11,0.0475,0.015000000000000001,0.40875,0.385,0.1125,0.1725,0.1,0.18875000000000003,0.06,0.12875,0.05875,0.06249999999999999,1.04,0.037500000000000006,0.11375,32.7175,0.08625,0.18875,46.88249999999999,0.1,0.14750000000000002,67.055,0.011250000000000001,0.045000000000000005,0.7725000000000001,0.015,0.115,0.13,0.06249999999999999,0.01,0.40374999999999994
80,88,2013-11-28,5,1,2013-2014,Mogi,Pinheiros,0,0.40499999999999997,0.11624999999999999,0.1975,0.09125,0.19875,0.06499999999999999,0.13375,0.06375,0.07375000000000001,0.855,0.03875000000000001,0.11000000000000001,36.5975,0.09875,0.19875,49.5775,0.09125,0.11750000000000001,77.3975,0.0025,0.052500000000000005,0.695,0.00875,0.09625,0.0925,0.07375000000000001,0.01,0.4575,0.38249999999999995,0.15375,0.185,0.043750000000000004,0.16875,0.0475,0.12125,0.07500000000000001,0.05499999999999999,1.5075,0.051250000000000004,0.1275,39.910000000000004,0.0925,0.2,45.9275,0.043750000000000004,0.075,61.285,0.005,0.052500000000000005,0.985,0.025,0.08625000000000001,0.28250000000000003,0.05499999999999999,0.0075,0.43375
83,53,2013-11-28,5,1,2013-2014,Limeira,Espírito Santo,1,0.405,0.1275,0.21250000000000002,0.065,0.19125,0.04625,0.145,0.08499999999999999,0.0625,1.365,0.0425,0.09625000000000002,43.892500000000005,0.10625000000000001,0.20750000000000002,51.7175,0.065,0.08499999999999999,78.1025,0.008749999999999999,0.03875,0.615,0.0175,0.10625,0.1625,0.0625,0.015000000000000001,0.5,0.385,0.135,0.16999999999999998,0.08,0.1575,0.0475,0.11,0.065,0.035,1.855,0.045,0.1325,32.99,0.08499999999999999,0.16999999999999998,50.129999999999995,0.08,0.10250000000000001,78.675,0.015000000000000001,0.03,0.86,0.0075,0.11,0.07,0.035,0.005,0.41500000000000004
95,72,2013-11-28,5,1,2013-2014,Flamengo,L. Sorocabana,1,0.39375,0.1125,0.1925,0.08875,0.19625,0.058750000000000004,0.1375,0.0675,0.0675,1.0150000000000001,0.037500000000000006,0.12125,30.735000000000003,0.09625,0.19124999999999998,50.614999999999995,0.08875,0.11,84.4375,0.01375,0.051250000000000004,0.755,0.01125,0.0875,0.1225,0.0675,0.01375,0.4525,0.3633333333333333,0.10000000000000002,0.19999999999999998,0.06333333333333334,0.13333333333333333,0.03833333333333333,0.09499999999999999,0.06666666666666667,0.06333333333333334,1.0666666666666667,0.03333333333333333,0.10333333333333333,30.69333333333333,0.09999999999999999,0.16166666666666665,61.56999999999999,0.06333333333333334,0.09166666666666666,68.77,0.006666666666666667,0.056666666666666664,0.94,0.013333333333333334,0.11499999999999999,0.12333333333333334,0.06333333333333334,0.01,0.41
94,97,2013-11-30,6,1,2013-2014,Fortaleza B. C. / CFO,Pinheiros,0,0.374,0.07799999999999999,0.24,0.05600000000000001,0.155,0.056999999999999995,0.098,0.055999999999999994,0.053000000000000005,1.2760000000000002,0.026000000000000002,0.091,28.534,0.12,0.236,50.866,0.05600000000000001,0.078,70.28200000000001,0.008,0.061,1.3439999999999999,0.01,0.10399999999999998,0.088,0.053000000000000005,0.019,0.4,0.39399999999999996,0.15,0.188,0.05600000000000001,0.169,0.046,0.123,0.07600000000000001,0.05299999999999999,1.562,0.05,0.132,37.928000000000004,0.094,0.193,48.864,0.05600000000000001,0.087,64.58399999999999,0.006,0.054000000000000006,1.0539999999999998,0.025,0.09,0.274,0.05299999999999999,0.006,0.453
74,66,2013-11-30,6,1,2013-2014,Limeira,Minas,1,0.40700000000000003,0.129,0.21600000000000003,0.062,0.186,0.040999999999999995,0.145,0.087,0.057999999999999996,1.568,0.043000000000000003,0.09400000000000001,45.702000000000005,0.10800000000000001,0.203,53.806,0.062,0.08399999999999999,74.982,0.011,0.041999999999999996,0.768,0.017,0.10400000000000001,0.162,0.057999999999999996,0.013000000000000001,0.513,0.385,0.075,0.22999999999999998,0.08,0.1775,0.03,0.1475,0.0675,0.0575,1.085,0.025,0.0875,25.755,0.11499999999999999,0.235,49.47,0.08,0.1075,74.565,0.01,0.035,0.6,0.0175,0.1325,0.125,0.0575,0.0125,0.415
91,67,2013-11-30,6,1,2013-2014,Macaé Basquete,L. Sorocabana,1,0.39375000000000004,0.1125,0.2,0.08125,0.17500000000000002,0.053750000000000006,0.12125,0.06375,0.06,1.0775000000000001,0.0375,0.11249999999999999,32.5625,0.1,0.19874999999999998,50.42,0.08125,0.11125,78.83500000000001,0.005,0.04625,0.795,0.005,0.105,0.045,0.06,0.0075,0.42000000000000004,0.36249999999999993,0.08625000000000001,0.2125,0.06375,0.13124999999999998,0.0375,0.09375,0.058750000000000004,0.05375,1.15,0.02875,0.095,28.377499999999998,0.10625,0.175,60.71249999999999,0.06375,0.09749999999999999,65.7075,0.005,0.049999999999999996,1.005,0.01,0.11624999999999999,0.0925,0.05375,0.008749999999999999,0.39
80,58,2013-11-30,6,1,2013-2014,Flamengo,Paulistano,1,0.41,0.11400000000000002,0.198,0.098,0.193,0.05900000000000001,0.134,0.074,0.065,1.1760000000000002,0.038000000000000006,0.118,32.208000000000006,0.099,0.19099999999999998,52.06999999999999,0.098,0.123,82.978,0.015,0.043000000000000003,0.64,0.013000000000000001,0.097,0.128,0.065,0.014000000000000002,0.471,0.37,0.13125,0.1875,0.051250000000000004,0.1575,0.05125,0.10625000000000001,0.04875,0.060000000000000005,0.98,0.043750000000000004,0.12125,37.19,0.09375,0.19,49.81,0.051250000000000004,0.0675,73.005,0.0025,0.03875,0.77,0.007500000000000001,0.09999999999999999,0.0875,0.060000000000000005,0.01125,0.37250000000000005
61,63,2013-11-30,6,1,2013-2014,Sesi Franca,Goiânia,0,0.34833333333333333,0.04,0.19666666666666668,0.11166666666666665,0.16,0.06333333333333334,0.09666666666666668,0.06,0.09000000000000001,0.9233333333333333,0.013333333333333334,0.065,18.03,0.09833333333333334,0.20166666666666666,48.25666666666667,0.11166666666666665,0.15000000000000002,75.64,0.005,0.051666666666666666,0.6366666666666667,0.018333333333333333,0.09333333333333334,0.23333333333333336,0.09000000000000001,0.015,0.355,0.384,0.13499999999999998,0.17800000000000002,0.07100000000000001,0.16799999999999998,0.040999999999999995,0.127,0.06100000000000001,0.07199999999999998,0.9960000000000001,0.045,0.11600000000000002,39.192,0.08900000000000001,0.17,52.402,0.07100000000000001,0.099,71.674,0.002,0.039,0.576,0.007000000000000001,0.11000000000000001,0.06599999999999999,0.07199999999999998,0.015000000000000003,0.40700000000000003
89,69,2013-11-30,6,1,2013-2014,Mogi,Palmeiras,1,0.404,0.11099999999999999,0.20400000000000001,0.089,0.198,0.06399999999999999,0.134,0.064,0.07300000000000001,0.8699999999999999,0.037000000000000005,0.10800000000000001,35.278,0.10200000000000001,0.203,50.116,0.089,0.11800000000000002,75.252,0.007000000000000001,0.05,0.6699999999999999,0.007000000000000001,0.098,0.074,0.07300000000000001,0.01,0.449,0.377,0.11400000000000002,0.174,0.089,0.18200000000000002,0.056999999999999995,0.125,0.06499999999999999,0.072,0.9960000000000001,0.038000000000000006,0.11600000000000002,32.574,0.087,0.179,50.364,0.089,0.12800000000000003,71.644,0.014000000000000002,0.044000000000000004,0.6900000000000001,0.013000000000000001,0.11100000000000002,0.11400000000000002,0.072,0.015000000000000003,0.39999999999999997
75,70,2013-12-03,5,1,2013-2014,Sesi Franca,Brasília,1,0.33749999999999997,0.041249999999999995,0.2025,0.09374999999999999,0.17125,0.0625,0.10875000000000001,0.057499999999999996,0.08625000000000001,0.86,0.01375,0.07,17.935000000000002,0.10125,0.20875,48.150000000000006,0.09374999999999999,0.12625000000000003,74.91250000000001,0.00375,0.04875,0.6100000000000001,0.0175,0.09000000000000001,0.22250000000000003,0.08625000000000001,0.01625,0.35,0.41333333333333333,0.135,0.21333333333333335,0.065,0.17333333333333334,0.04,0.13333333333333333,0.06833333333333334,0.056666666666666664,1.4466666666666665,0.045000000000000005,0.13166666666666668,35.166666666666664,0.10666666666666667,0.19499999999999998,55.25333333333333,0.065,0.075,89.67999999999999,0.0033333333333333335,0.035,0.68,0.01,0.09666666666666668,0.10999999999999999,0.056666666666666664,0.01,0.4583333333333333
76,84,2013-12-05,7,1,2013-2014,Pinheiros,Uberlândia,0,0.4091666666666666,0.1525,0.19333333333333333,0.06333333333333334,0.1741666666666667,0.04416666666666667,0.13,0.07666666666666667,0.057499999999999996,1.4683333333333335,0.050833333333333335,0.13,39.245000000000005,0.09666666666666666,0.19333333333333336,50.12166666666667,0.06333333333333334,0.09166666666666667,68.31333333333332,0.008333333333333333,0.04833333333333334,0.9199999999999999,0.021666666666666667,0.08833333333333333,0.23833333333333337,0.057499999999999996,0.0075,0.4683333333333333,0.42125,0.11624999999999999,0.22000000000000003,0.085,0.14875,0.04375,0.105,0.085,0.05375,1.7650000000000001,0.03875,0.095,40.2825,0.11000000000000001,0.20375000000000001,54.5025,0.085,0.10625000000000001,81.21,0.012499999999999999,0.0425,0.8400000000000001,0.012499999999999999,0.1025,0.1225,0.05375,0.01125,0.485
76,82,2013-12-05,7,1,2013-2014,Coop/São José Basketball,Limeira,0,0.41875,0.1125,0.20500000000000002,0.10125,0.19875,0.0575,0.14125,0.08374999999999999,0.0775,1.0625,0.0375,0.10874999999999999,38.0775,0.10250000000000001,0.20625,49.775000000000006,0.10125,0.13,76.895,0.00625,0.05125,0.6575,0.01375,0.07625,0.18250000000000002,0.0775,0.02375,0.485,0.4008333333333334,0.13,0.20833333333333334,0.0625,0.17916666666666667,0.0425,0.13666666666666666,0.08666666666666666,0.056666666666666664,1.5899999999999999,0.043333333333333335,0.09333333333333334,46.41833333333333,0.10416666666666667,0.1991666666666667,52.708333333333336,0.0625,0.085,74.52166666666666,0.010833333333333332,0.04083333333333333,0.7566666666666667,0.014166666666666668,0.1025,0.135,0.056666666666666664,0.013333333333333334,0.4975
65,89,2013-12-05,7,1,2013-2014,Espírito Santo,Macaé Basquete,0,0.34500000000000003,0.125,0.14666666666666664,0.07333333333333333,0.155,0.04833333333333334,0.10666666666666667,0.06333333333333334,0.043333333333333335,1.57,0.041666666666666664,0.115,36.57666666666667,0.07333333333333332,0.17333333333333334,42.68,0.07333333333333333,0.09500000000000001,77.45,0.01,0.028333333333333332,0.7133333333333334,0.008333333333333333,0.105,0.08333333333333333,0.043333333333333335,0.005,0.36166666666666664,0.406,0.11699999999999999,0.20400000000000001,0.085,0.164,0.052000000000000005,0.11199999999999999,0.063,0.05500000000000001,1.2040000000000002,0.039,0.11299999999999999,33.876,0.10200000000000001,0.196,52.227999999999994,0.085,0.11000000000000001,82.11600000000001,0.004,0.051000000000000004,1.036,0.005,0.101,0.048,0.05500000000000001,0.006,0.441
84,66,2013-12-05,7,1,2013-2014,Minas,Flamengo,1,0.3666666666666667,0.085,0.20666666666666667,0.075,0.16166666666666665,0.028333333333333332,0.13333333333333333,0.07,0.05666666666666667,1.1766666666666667,0.028333333333333335,0.08166666666666667,33.836666666666666,0.10333333333333333,0.205,51.370000000000005,0.075,0.09999999999999999,75.2,0.006666666666666667,0.03166666666666667,0.5499999999999999,0.013333333333333334,0.12333333333333334,0.09999999999999999,0.05666666666666667,0.015,0.4066666666666667,0.40833333333333327,0.1125,0.19999999999999998,0.09583333333333333,0.19333333333333336,0.05666666666666667,0.1366666666666667,0.06999999999999999,0.0675,1.0850000000000002,0.037500000000000006,0.1175,31.911666666666672,0.09999999999999999,0.19166666666666665,52.36666666666667,0.09583333333333333,0.12083333333333333,82.02666666666666,0.012499999999999999,0.045000000000000005,0.6483333333333333,0.013333333333333334,0.09583333333333333,0.135,0.0675,0.012500000000000002,0.4658333333333333
93,89,2013-12-05,7,1,2013-2014,Paulistano,Mogi,1,0.354,0.129,0.174,0.051000000000000004,0.159,0.048,0.11100000000000002,0.048,0.06200000000000001,0.9119999999999999,0.043000000000000003,0.122,36.152,0.087,0.183,47.59,0.051000000000000004,0.07,70.904,0.002,0.044,0.8019999999999999,0.008,0.1,0.09,0.06200000000000001,0.011,0.35700000000000004,0.41083333333333333,0.11499999999999999,0.20333333333333334,0.09250000000000001,0.19666666666666666,0.06416666666666666,0.1325,0.07166666666666667,0.07416666666666667,0.955,0.03833333333333334,0.10833333333333334,36.21666666666666,0.10166666666666667,0.19833333333333336,51.28666666666667,0.09250000000000001,0.12166666666666669,75.80499999999999,0.008333333333333333,0.051666666666666666,0.6833333333333332,0.007500000000000001,0.10083333333333333,0.07666666666666666,0.07416666666666667,0.011666666666666667,0.4683333333333333
92,83,2013-12-05,7,1,2013-2014,L. Sorocabana,Fortaleza B. C. / CFO,1,0.35699999999999993,0.096,0.2,0.061,0.13299999999999998,0.040999999999999995,0.092,0.05500000000000001,0.062,1.004,0.032,0.098,30.883999999999997,0.1,0.16899999999999998,58.91399999999999,0.061,0.093,65.9,0.004,0.047,0.8779999999999999,0.009,0.11199999999999999,0.08399999999999999,0.062,0.012,0.372,0.38999999999999996,0.08999999999999998,0.24666666666666667,0.05333333333333334,0.15916666666666668,0.056666666666666664,0.1025,0.06333333333333334,0.05000000000000001,1.54,0.03,0.09666666666666668,30.444999999999997,0.12333333333333334,0.24250000000000002,50.873333333333335,0.05333333333333334,0.07583333333333334,68.825,0.010833333333333334,0.06,1.3816666666666666,0.008333333333333333,0.10499999999999998,0.07333333333333333,0.05000000000000001,0.018333333333333333,0.42250000000000004
89,84,2013-12-06,7,1,2013-2014,Palmeiras,Sesi Franca,1,0.37166666666666665,0.1075,0.17833333333333332,0.08583333333333333,0.18333333333333335,0.06666666666666667,0.11666666666666665,0.06583333333333333,0.07333333333333333,0.9766666666666667,0.035833333333333335,0.115,30.933333333333334,0.08916666666666666,0.19000000000000003,48.77333333333333,0.08583333333333333,0.12333333333333335,71.37,0.013333333333333334,0.04416666666666667,0.6683333333333333,0.012499999999999999,0.11166666666666668,0.11,0.07333333333333333,0.015000000000000001,0.38666666666666666,0.345,0.05399999999999999,0.198,0.093,0.179,0.062,0.11700000000000002,0.06,0.083,0.8879999999999999,0.018,0.077,21.014000000000003,0.099,0.209,47.092000000000006,0.093,0.12700000000000003,73.77600000000001,0.004,0.051000000000000004,0.66,0.016,0.09100000000000001,0.20000000000000004,0.083,0.013000000000000001,0.365
96,87,2013-12-07,8,1,2013-2014,Pinheiros,Sesi Franca,1,0.4049999999999999,0.1542857142857143,0.1871428571428571,0.06357142857142857,0.17071428571428574,0.04428571428571428,0.12642857142857142,0.07428571428571429,0.060714285714285714,1.3657142857142859,0.05142857142857143,0.13285714285714287,38.877142857142864,0.09357142857142856,0.18642857142857144,50.35000000000001,0.06357142857142857,0.09214285714285715,68.32857142857142,0.008571428571428572,0.04857142857142858,0.8785714285714284,0.02214285714285714,0.08642857142857142,0.25142857142857145,0.060714285714285714,0.01,0.4571428571428572,0.3575,0.06,0.20666666666666667,0.09083333333333332,0.17250000000000001,0.055,0.11750000000000001,0.065,0.08416666666666667,0.9066666666666666,0.02,0.07666666666666667,24.17833333333333,0.10333333333333333,0.21083333333333332,48.71333333333334,0.09083333333333332,0.12250000000000001,74.81333333333335,0.005,0.049999999999999996,0.6333333333333334,0.015833333333333335,0.09666666666666668,0.18666666666666668,0.08416666666666667,0.013333333333333334,0.38083333333333336
72,101,2013-12-07,8,1,2013-2014,Goiânia,Brasília,0,0.3725,0.12999999999999998,0.17666666666666667,0.06583333333333334,0.16916666666666666,0.03916666666666666,0.13,0.060000000000000005,0.06999999999999999,0.9833333333333334,0.043333333333333335,0.11916666666666668,36.98166666666667,0.08833333333333333,0.16666666666666666,53.11333333333334,0.06583333333333334,0.09333333333333334,69.985,0.0016666666666666668,0.041666666666666664,0.6333333333333333,0.006666666666666667,0.11,0.06333333333333332,0.06999999999999999,0.015833333333333335,0.3983333333333334,0.39749999999999996,0.13875,0.2,0.058750000000000004,0.17125,0.034999999999999996,0.13625,0.06375,0.065,1.225,0.04625,0.13625,34.707499999999996,0.1,0.18375,54.772499999999994,0.058750000000000004,0.07125000000000001,83.9275,0.005,0.0425,0.69,0.00875,0.0975,0.09499999999999999,0.065,0.01375,0.4325
78,88,2013-12-07,8,1,2013-2014,Coop/São José Basketball,Bauru Basket,0,0.41100000000000003,0.10800000000000001,0.20400000000000001,0.099,0.191,0.05700000000000001,0.13399999999999998,0.07499999999999998,0.076,0.9640000000000001,0.036,0.10799999999999998,36.176,0.10200000000000001,0.205,49.82000000000001,0.099,0.123,80.464,0.006,0.045,0.584,0.013000000000000001,0.075,0.17400000000000002,0.076,0.023,0.45999999999999996,0.395,0.14625,0.17750000000000002,0.07125000000000001,0.15125,0.04125,0.11,0.0625,0.06625,1.02,0.04875,0.115,44.57,0.08875000000000001,0.16625,54.2,0.07125000000000001,0.09875,71.88,0.00625,0.046250000000000006,0.7124999999999999,0.01125,0.08875,0.1275,0.06625,0.015,0.42875
67,65,2013-12-07,8,1,2013-2014,Minas,Macaé Basquete,1,0.38,0.09375,0.2175,0.06875,0.16,0.034999999999999996,0.125,0.07750000000000001,0.05500000000000001,1.3825,0.03125,0.08125,37.8775,0.10875,0.2125,51.825,0.06875,0.0975,70.28999999999999,0.01,0.04,0.7375,0.01625,0.12375,0.125,0.05500000000000001,0.01125,0.43625,0.41250000000000003,0.11499999999999999,0.21666666666666667,0.08083333333333334,0.17250000000000001,0.05333333333333334,0.11916666666666666,0.06583333333333334,0.05833333333333334,1.1816666666666669,0.03833333333333334,0.10749999999999998,35.52166666666667,0.10833333333333334,0.205,52.85666666666666,0.08083333333333334,0.10583333333333333,80.19500000000001,0.0033333333333333335,0.051666666666666666,0.985,0.005,0.09916666666666667,0.049999999999999996,0.05833333333333334,0.005833333333333333,0.4583333333333333
94,79,2013-12-07,8,1,2013-2014,Paulistano,Fortaleza B. C. / CFO,1,0.3725,0.13749999999999998,0.17333333333333334,0.06166666666666667,0.15916666666666668,0.043333333333333335,0.11583333333333334,0.05333333333333334,0.06083333333333334,1.0016666666666667,0.04583333333333334,0.12166666666666666,38.46,0.08666666666666667,0.18000000000000002,48.245000000000005,0.06166666666666667,0.0825,72.30499999999999,0.0016666666666666668,0.043333333333333335,0.79,0.0075,0.10666666666666667,0.08166666666666665,0.06083333333333334,0.01,0.385,0.39357142857142857,0.09428571428571428,0.24,0.05928571428571429,0.15714285714285717,0.05428571428571428,0.10285714285714286,0.06285714285714286,0.05428571428571429,1.4271428571428573,0.03142857142857143,0.09785714285714286,31.538571428571426,0.12,0.23357142857142857,51.542857142857144,0.05928571428571429,0.08285714285714287,69.85000000000001,0.01,0.05714285714285714,1.2557142857142856,0.008571428571428572,0.10642857142857141,0.07571428571428572,0.05428571428571429,0.017142857142857144,0.42142857142857143
81,79,2013-12-07,8,1,2013-2014,L. Sorocabana,Mogi,1,0.3741666666666666,0.09750000000000002,0.20666666666666667,0.06999999999999999,0.13833333333333334,0.043333333333333335,0.09500000000000001,0.0575,0.05833333333333333,1.1283333333333332,0.0325,0.09666666666666666,32.218333333333334,0.10333333333333333,0.18083333333333332,57.42833333333332,0.06999999999999999,0.09916666666666667,69.66,0.006666666666666667,0.049999999999999996,1.0033333333333332,0.010833333333333334,0.11166666666666665,0.09999999999999999,0.05833333333333333,0.01,0.40166666666666667,0.41571428571428565,0.1157142857142857,0.20142857142857143,0.09857142857142857,0.19285714285714284,0.05999999999999999,0.13285714285714287,0.07428571428571429,0.07142857142857144,1.0528571428571427,0.038571428571428576,0.10785714285714286,36.48571428571428,0.10071428571428571,0.19571428571428573,51.5,0.09857142857142857,0.13000000000000003,75.68999999999998,0.0071428571428571435,0.05071428571428571,0.7028571428571428,0.009285714285714286,0.10357142857142856,0.09,0.07142857142857144,0.010714285714285716,0.4757142857142857
68,64,2013-12-07,8,1,2013-2014,Palmeiras,Uberlândia,1,0.3821428571428571,0.10071428571428573,0.18999999999999997,0.09142857142857143,0.18500000000000003,0.06642857142857142,0.11857142857142856,0.06499999999999999,0.07142857142857142,0.9800000000000001,0.03357142857142857,0.115,28.99857142857143,0.09499999999999999,0.19214285714285717,50.86428571428571,0.09142857142857143,0.13000000000000003,71.67857142857143,0.015000000000000001,0.047142857142857146,0.7271428571428571,0.013571428571428571,0.115,0.11571428571428573,0.07142857142857142,0.012857142857142859,0.4042857142857143,0.421,0.11699999999999999,0.23000000000000004,0.074,0.158,0.047,0.11099999999999999,0.085,0.059,1.624,0.039,0.098,39.498000000000005,0.11500000000000002,0.21100000000000002,54.852,0.074,0.09200000000000001,82.10999999999999,0.016999999999999998,0.045,0.8100000000000002,0.012,0.097,0.124,0.059,0.015,0.489
60,77,2013-12-07,8,1,2013-2014,Espírito Santo,Flamengo,0,0.34,0.1275,0.1425,0.07,0.14625,0.04125,0.10500000000000001,0.0575,0.05,1.32,0.042499999999999996,0.125,34.69,0.07125,0.16125,45.01,0.07,0.09375,74.755,0.00875,0.0375,0.7675000000000001,0.00625,0.09875,0.0625,0.05,0.00625,0.34125,0.39714285714285713,0.10500000000000001,0.19285714285714284,0.09928571428571428,0.18714285714285714,0.055,0.13214285714285715,0.06785714285714285,0.07214285714285715,1.0085714285714287,0.035,0.10857142857142857,32.547142857142866,0.09642857142857142,0.18999999999999997,50.83857142857143,0.09928571428571428,0.12571428571428572,81.36857142857141,0.011428571428571429,0.045714285714285714,0.6271428571428572,0.014285714285714287,0.09928571428571428,0.14,0.07214285714285715,0.012142857142857144,0.44642857142857145
95,81,2013-12-09,6,1,2013-2014,Uberlândia,Brasília,1,0.4041666666666666,0.11249999999999999,0.21833333333333335,0.07333333333333333,0.1625,0.045000000000000005,0.1175,0.08333333333333333,0.05833333333333333,1.58,0.0375,0.09749999999999999,38.178333333333335,0.10916666666666668,0.21000000000000005,52.21333333333333,0.07333333333333333,0.09000000000000001,83.00833333333333,0.017499999999999998,0.04,0.7200000000000001,0.010833333333333334,0.09666666666666666,0.11166666666666668,0.05833333333333333,0.014166666666666666,0.465,0.41899999999999993,0.165,0.198,0.05600000000000001,0.164,0.031999999999999994,0.132,0.071,0.05800000000000001,1.6460000000000001,0.05500000000000001,0.136,41.1,0.099,0.172,59.017999999999994,0.05600000000000001,0.07100000000000001,80.0,0.004,0.039,0.718,0.008,0.09,0.092,0.05800000000000001,0.012,0.47400000000000003
80,73,2013-12-11,9,1,2013-2014,Sesi Franca,L. Sorocabana,1,0.3685714285714286,0.07285714285714286,0.2057142857142857,0.08999999999999998,0.17,0.055714285714285716,0.1142857142857143,0.06857142857142857,0.08428571428571428,0.9285714285714286,0.024285714285714282,0.08142857142857143,27.217142857142854,0.10285714285714286,0.20714285714285713,49.47571428571429,0.08999999999999998,0.12071428571428573,75.16428571428573,0.004285714285714286,0.04928571428571428,0.6185714285714285,0.015,0.095,0.17714285714285719,0.08428571428571428,0.014285714285714287,0.395,0.3785714285714285,0.10071428571428573,0.20142857142857143,0.07642857142857143,0.1442857142857143,0.045714285714285714,0.09857142857142857,0.05857142857142857,0.05785714285714285,1.1357142857142857,0.03357142857142857,0.09714285714285713,33.33,0.10071428571428571,0.1807142857142857,55.96999999999999,0.07642857142857143,0.10428571428571429,71.87857142857142,0.005714285714285714,0.04714285714285714,0.9385714285714285,0.010714285714285714,0.11642857142857142,0.09571428571428571,0.05785714285714285,0.010714285714285714,0.41000000000000003
81,77,2013-12-12,9,1,2013-2014,Goiânia,Palmeiras,1,0.37071428571428566,0.13285714285714284,0.17285714285714285,0.065,0.1557142857142857,0.03785714285714286,0.11785714285714287,0.06071428571428572,0.06428571428571428,1.1528571428571428,0.04428571428571428,0.11714285714285715,38.50142857142857,0.08642857142857142,0.16857142857142857,51.478571428571435,0.065,0.09000000000000001,72.23142857142857,0.004285714285714286,0.03928571428571429,0.6614285714285714,0.0064285714285714285,0.10857142857142857,0.06142857142857142,0.06428571428571428,0.014285714285714289,0.3885714285714286,0.37687499999999996,0.10687500000000001,0.1825,0.0875,0.186875,0.06375,0.123125,0.06624999999999999,0.066875,1.125,0.035625000000000004,0.115625,30.582500000000003,0.09125,0.19125000000000003,48.89874999999999,0.0875,0.12500000000000003,71.0525,0.013125000000000001,0.045625,0.76125,0.013125,0.1125,0.115,0.066875,0.013125000000000001,0.40437500000000004
82,85,2013-12-12,9,1,2013-2014,Macaé Basquete,Coop/São José Basketball,0,0.4,0.11142857142857142,0.2057142857142857,0.08285714285714287,0.1678571428571429,0.04785714285714286,0.12,0.06642857142857143,0.06214285714285715,1.1300000000000001,0.037142857142857144,0.10499999999999998,35.208571428571425,0.10285714285714286,0.19642857142857142,52.202857142857134,0.08285714285714287,0.10928571428571429,79.17857142857144,0.002857142857142857,0.05071428571428571,0.92,0.005,0.10142857142857142,0.048571428571428564,0.06214285714285715,0.007142857142857143,0.44,0.40750000000000003,0.1075,0.20666666666666667,0.09333333333333334,0.18666666666666668,0.055,0.13166666666666665,0.07583333333333332,0.075,0.9933333333333333,0.035833333333333335,0.11249999999999999,34.468333333333334,0.10333333333333333,0.20249999999999999,51.165,0.09333333333333334,0.11583333333333333,80.595,0.005833333333333334,0.04583333333333333,0.605,0.013333333333333334,0.0725,0.18666666666666668,0.075,0.02,0.4558333333333333
80,81,2013-12-12,9,1,2013-2014,Uberlândia,Paulistano,0,0.41428571428571426,0.12214285714285714,0.22,0.07214285714285715,0.16714285714285718,0.045714285714285714,0.12142857142857143,0.08428571428571428,0.05785714285714285,1.5885714285714287,0.04071428571428572,0.10071428571428571,39.86714285714286,0.11,0.21142857142857147,52.22142857142857,0.07214285714285715,0.09142857142857143,80.43571428571428,0.016428571428571428,0.04071428571428571,0.7342857142857143,0.010714285714285714,0.09785714285714285,0.11,0.05785714285714285,0.014285714285714285,0.4785714285714286,0.38642857142857145,0.13714285714285715,0.17857142857142858,0.07071428571428572,0.16,0.04642857142857143,0.11357142857142857,0.057857142857142864,0.06142857142857144,1.0457142857142858,0.045714285714285714,0.12214285714285714,38.10857142857143,0.08928571428571429,0.18071428571428574,49.46142857142858,0.07071428571428572,0.09071428571428572,74.73142857142857,0.0014285714285714286,0.04428571428571428,0.7871428571428571,0.007857142857142858,0.10428571428571429,0.08571428571428572,0.06142857142857144,0.009285714285714286,0.40714285714285714
94,76,2013-12-12,9,1,2013-2014,Mogi,Espírito Santo,1,0.41312499999999996,0.11062499999999999,0.20124999999999998,0.10125,0.188125,0.05937499999999999,0.12875,0.07250000000000001,0.06750000000000002,1.10875,0.036875000000000005,0.101875,37.13375,0.10062499999999999,0.19812500000000002,50.87625,0.10125,0.13437500000000002,75.32,0.006875,0.049374999999999995,0.74,0.009375,0.105625,0.08875,0.06750000000000002,0.010625,0.469375,0.332,0.123,0.13599999999999998,0.07300000000000001,0.149,0.047,0.10200000000000001,0.05,0.05,1.1360000000000001,0.040999999999999995,0.126,33.136,0.06799999999999999,0.16,43.104,0.07300000000000001,0.10400000000000001,71.52799999999999,0.008,0.039,0.794,0.005,0.094,0.05,0.05,0.009,0.317
84,82,2013-12-12,9,1,2013-2014,Brasília,Pinheiros,1,0.4166666666666667,0.1625,0.19666666666666666,0.0575,0.1625,0.030833333333333327,0.13166666666666668,0.07416666666666666,0.05833333333333334,1.6216666666666668,0.05416666666666667,0.1375,39.99666666666666,0.09833333333333333,0.17166666666666666,58.495,0.0575,0.07250000000000001,80.20833333333333,0.0033333333333333335,0.0375,0.6816666666666666,0.008333333333333333,0.09333333333333334,0.09166666666666666,0.05833333333333334,0.010833333333333334,0.4691666666666667,0.41437499999999994,0.155625,0.19624999999999998,0.0625,0.16625,0.044375,0.121875,0.075625,0.061875,1.34625,0.051875,0.12937500000000002,40.565000000000005,0.09812499999999999,0.18937500000000002,51.79375,0.0625,0.08937500000000001,69.60874999999999,0.01,0.05,0.87625,0.02,0.089375,0.22625000000000003,0.061875,0.011250000000000001,0.46875
60,71,2013-12-12,9,1,2013-2014,Fortaleza B. C. / CFO,Minas,0,0.39375,0.09562499999999999,0.24125,0.056875,0.15625,0.05437499999999999,0.101875,0.0625,0.05500000000000001,1.37375,0.031875,0.098125,31.971249999999998,0.120625,0.23125,52.3675,0.056875,0.07937500000000001,70.21000000000001,0.01,0.05437499999999999,1.17125,0.01,0.10999999999999999,0.085,0.05500000000000001,0.015625,0.42250000000000004,0.371,0.078,0.22000000000000003,0.073,0.16,0.031999999999999994,0.128,0.07400000000000001,0.06000000000000001,1.256,0.026000000000000002,0.078,31.839999999999996,0.11000000000000001,0.209,53.254,0.073,0.098,74.232,0.011,0.038,0.666,0.015,0.125,0.11599999999999999,0.06000000000000001,0.012,0.42200000000000004
70,60,2013-12-14,10,1,2013-2014,Mogi,Minas,1,0.4194444444444444,0.10666666666666665,0.21,0.10277777777777779,0.18888888888888888,0.05833333333333332,0.13055555555555556,0.07555555555555556,0.06555555555555558,1.2077777777777776,0.03555555555555556,0.09777777777777777,37.28111111111111,0.105,0.20333333333333334,51.57222222222222,0.10277777777777779,0.13333333333333336,77.17333333333333,0.006666666666666666,0.048333333333333325,0.7466666666666666,0.008888888888888889,0.10777777777777778,0.08333333333333333,0.06555555555555558,0.010000000000000002,0.4844444444444444,0.36833333333333335,0.07,0.22,0.07833333333333332,0.16166666666666668,0.03333333333333333,0.12833333333333333,0.07166666666666667,0.06083333333333334,1.2,0.023333333333333334,0.075,29.311666666666667,0.11,0.20833333333333334,53.32166666666666,0.07833333333333332,0.10916666666666668,72.46666666666665,0.011666666666666667,0.0425,0.7216666666666667,0.014166666666666666,0.12666666666666668,0.10833333333333332,0.06083333333333334,0.014166666666666666,0.41666666666666674
74,88,2013-12-14,10,1,2013-2014,Goiânia,Pinheiros,0,0.375,0.125625,0.18,0.069375,0.15874999999999997,0.04125,0.11750000000000001,0.06375,0.06437499999999999,1.1725,0.041875,0.115,36.81375,0.09,0.17375,51.88875,0.069375,0.09375000000000001,73.61875,0.0043749999999999995,0.035625000000000004,0.5975,0.005625,0.109375,0.05374999999999999,0.06437499999999999,0.01625,0.393125,0.41388888888888886,0.16166666666666668,0.1911111111111111,0.061111111111111116,0.16722222222222224,0.04388888888888889,0.12333333333333332,0.0761111111111111,0.06166666666666666,1.3444444444444443,0.05388888888888889,0.12944444444444445,42.04111111111112,0.09555555555555555,0.18944444444444444,50.42444444444445,0.061111111111111116,0.08666666666666667,70.42111111111109,0.011111111111111112,0.049444444444444444,0.8622222222222222,0.01888888888888889,0.08944444444444444,0.21333333333333337,0.06166666666666666,0.010555555555555558,0.46888888888888886
71,77,2013-12-14,10,1,2013-2014,Brasília,Palmeiras,0,0.41714285714285715,0.1692857142857143,0.19428571428571426,0.05357142857142857,0.16214285714285714,0.02928571428571428,0.13285714285714287,0.07499999999999998,0.057857142857142864,1.5971428571428572,0.05642857142857143,0.14071428571428574,40.53285714285715,0.09714285714285713,0.1692857142857143,58.43285714285714,0.05357142857142857,0.06857142857142857,78.27428571428571,0.005,0.03785714285714286,0.6885714285714286,0.009285714285714286,0.09071428571428572,0.10714285714285714,0.057857142857142864,0.010714285714285714,0.4721428571428571,0.3777777777777777,0.11000000000000001,0.1811111111111111,0.08666666666666666,0.18555555555555558,0.06388888888888888,0.12166666666666666,0.07055555555555554,0.06722222222222222,1.1666666666666667,0.03666666666666667,0.12111111111111111,30.214444444444446,0.09055555555555556,0.1888888888888889,49.021111111111104,0.08666666666666666,0.12444444444444445,70.56555555555555,0.012777777777777779,0.044444444444444446,0.7322222222222222,0.013888888888888888,0.11166666666666668,0.12333333333333335,0.06722222222222222,0.018333333333333333,0.4044444444444445
59,81,2013-12-14,10,1,2013-2014,Flamengo,Coop/São José Basketball,0,0.395625,0.10875000000000001,0.19499999999999998,0.091875,0.19,0.056875,0.133125,0.06874999999999999,0.07125000000000001,1.02625,0.036250000000000004,0.11125,32.806250000000006,0.09749999999999999,0.188125,51.98375,0.091875,0.120625,77.07999999999998,0.011875,0.04375,0.6062500000000001,0.015625,0.09874999999999999,0.15500000000000003,0.07125000000000001,0.013125000000000001,0.448125,0.41000000000000003,0.10714285714285714,0.20714285714285713,0.09571428571428572,0.19285714285714287,0.057857142857142864,0.13499999999999998,0.07428571428571429,0.07357142857142858,0.9942857142857143,0.03571428571428571,0.11357142857142856,33.71142857142858,0.10357142857142856,0.20142857142857143,51.548571428571435,0.09571428571428572,0.11928571428571429,80.30571428571429,0.005,0.039999999999999994,0.53,0.012142857142857144,0.07285714285714286,0.17,0.07357142857142858,0.019285714285714288,0.4564285714285714
71,90,2013-12-14,10,1,2013-2014,Bauru Basket,Limeira,0,0.404,0.144,0.192,0.068,0.16199999999999998,0.046,0.11600000000000002,0.067,0.067,1.058,0.048,0.11200000000000002,44.656,0.096,0.181,53.775999999999996,0.068,0.095,71.25399999999999,0.008,0.05,0.756,0.009999999999999998,0.089,0.11400000000000002,0.067,0.015,0.45,0.4021428571428572,0.13071428571428573,0.21,0.06142857142857143,0.17714285714285713,0.04285714285714286,0.13428571428571429,0.08642857142857141,0.05571428571428571,1.6057142857142854,0.04357142857142857,0.09357142857142857,46.55428571428571,0.105,0.20142857142857146,52.48714285714285,0.06142857142857143,0.08214285714285714,75.96428571428571,0.009285714285714284,0.04214285714285714,0.7914285714285715,0.013571428571428571,0.10142857142857142,0.13142857142857142,0.05571428571428571,0.014285714285714287,0.49857142857142855
83,84,2013-12-14,10,1,2013-2014,Sesi Franca,Paulistano,0,0.3725,0.07875,0.20375,0.08999999999999998,0.17062500000000003,0.054375,0.11625,0.06937499999999999,0.0875,0.8975,0.02625,0.08375,28.814999999999998,0.101875,0.20124999999999998,50.713750000000005,0.08999999999999998,0.12062500000000001,75.14375000000001,0.005625,0.049374999999999995,0.5975,0.015,0.09187500000000001,0.18125000000000002,0.0875,0.015000000000000001,0.40187500000000004,0.38875000000000004,0.133125,0.18875,0.066875,0.16187500000000002,0.050625,0.11125,0.058750000000000004,0.05750000000000001,1.18625,0.044375,0.125,36.3625,0.094375,0.18500000000000003,50.837500000000006,0.066875,0.08625000000000001,74.48125,0.00125,0.043125,0.835,0.008125,0.103125,0.08875,0.05750000000000001,0.01,0.41250000000000003
87,63,2013-12-14,10,1,2013-2014,Uberlândia,L. Sorocabana,1,0.4125,0.125625,0.215,0.071875,0.16812500000000002,0.048125,0.12,0.086875,0.057499999999999996,1.6287500000000001,0.041875,0.10124999999999999,40.83625,0.1075,0.20937500000000003,51.46249999999999,0.071875,0.0925,79.13125,0.01625,0.0375,0.67625,0.010624999999999999,0.09499999999999999,0.1125,0.057499999999999996,0.015,0.47625,0.37687499999999996,0.09562500000000002,0.2075,0.07375000000000001,0.144375,0.046875,0.0975,0.060000000000000005,0.057499999999999996,1.1524999999999999,0.031875,0.091875,33.70875,0.10375,0.193125,54.553749999999994,0.07375000000000001,0.09937499999999999,73.47125,0.0075,0.05125,1.0025,0.01,0.11562499999999999,0.09,0.057499999999999996,0.010624999999999999,0.41000000000000003
78,60,2013-12-14,10,1,2013-2014,Fortaleza B. C. / CFO,Espírito Santo,1,0.3833333333333333,0.09,0.23333333333333334,0.060000000000000005,0.15722222222222224,0.05277777777777777,0.10444444444444444,0.061111111111111116,0.05888888888888889,1.2833333333333334,0.030000000000000002,0.09277777777777779,31.75222222222222,0.11666666666666667,0.23055555555555557,50.74666666666667,0.060000000000000005,0.08444444444444446,69.96444444444445,0.01,0.051666666666666666,1.0777777777777777,0.01,0.11055555555555555,0.08555555555555555,0.05888888888888889,0.015555555555555557,0.4033333333333334,0.34,0.1275,0.13833333333333334,0.07416666666666667,0.145,0.04583333333333334,0.09916666666666667,0.055,0.0525,1.1516666666666666,0.0425,0.1275,33.78666666666667,0.06916666666666667,0.16083333333333336,43.495,0.07416666666666667,0.10333333333333333,72.94,0.009166666666666667,0.0375,0.7383333333333334,0.004166666666666667,0.09833333333333334,0.041666666666666664,0.0525,0.01,0.3233333333333333
78,91,2013-12-16,2,1,2013-2014,Macaé Basquete,Brasília,0,0.40125000000000005,0.11624999999999999,0.20375,0.08125000000000002,0.16562500000000002,0.046875,0.11875,0.066875,0.05562500000000001,1.86375,0.03875,0.10937499999999999,35.271249999999995,0.101875,0.1975,51.47,0.08125000000000002,0.105,80.94750000000002,0.003125,0.050624999999999996,1.4300000000000002,0.005625000000000001,0.10124999999999999,0.05499999999999999,0.05562500000000001,0.0062499999999999995,0.444375,0.409375,0.170625,0.1875,0.051250000000000004,0.16625,0.033749999999999995,0.1325,0.07374999999999998,0.058125,1.5325,0.056875,0.144375,39.877500000000005,0.09375,0.170625,55.989999999999995,0.051250000000000004,0.064375,80.99,0.005,0.037500000000000006,0.675,0.010625,0.091875,0.11875,0.058125,0.009375,0.461875
67,88,2013-12-19,11,1,2013-2014,Limeira,Flamengo,0,0.40812500000000007,0.133125,0.21375,0.06125,0.176875,0.040625,0.13624999999999998,0.08687499999999998,0.05437499999999999,1.6549999999999998,0.044375,0.095,46.6875,0.106875,0.2025,53.068749999999994,0.06125,0.08312499999999999,74.8025,0.008124999999999999,0.043125,0.83125,0.011875,0.104375,0.115,0.05437499999999999,0.0125,0.504375,0.3844444444444444,0.10666666666666667,0.19222222222222218,0.08555555555555555,0.185,0.05444444444444444,0.13055555555555556,0.06722222222222222,0.07388888888888889,0.9766666666666668,0.03555555555555556,0.11055555555555556,32.33555555555556,0.09611111111111109,0.1872222222222222,51.45444444444445,0.08555555555555555,0.11277777777777777,76.29333333333332,0.011111111111111112,0.04333333333333333,0.5855555555555556,0.014444444444444446,0.09555555555555555,0.14555555555555558,0.07388888888888889,0.013888888888888888,0.42722222222222217
90,86,2013-12-19,11,1,2013-2014,Bauru Basket,Macaé Basquete,1,0.3958333333333333,0.13499999999999998,0.18666666666666668,0.07416666666666667,0.16,0.045000000000000005,0.115,0.06583333333333334,0.06416666666666666,1.0816666666666668,0.045000000000000005,0.115,41.06,0.09333333333333334,0.17666666666666667,53.415,0.07416666666666667,0.10666666666666667,69.985,0.0075,0.049166666666666664,0.7799999999999999,0.008333333333333333,0.08833333333333332,0.09500000000000001,0.06416666666666666,0.012499999999999999,0.4291666666666667,0.4000000000000001,0.11333333333333334,0.20666666666666667,0.08000000000000002,0.16111111111111112,0.04555555555555556,0.11555555555555556,0.06944444444444445,0.052777777777777785,1.99,0.03777777777777777,0.11166666666666665,33.91666666666666,0.10333333333333333,0.2,51.55888888888889,0.08000000000000002,0.10388888888888888,80.14000000000003,0.002777777777777778,0.05055555555555555,1.4566666666666668,0.005555555555555556,0.10222222222222221,0.054444444444444434,0.052777777777777785,0.005555555555555555,0.43944444444444447
90,78,2013-12-19,11,1,2013-2014,Coop/São José Basketball,Mogi,1,0.40937500000000004,0.11624999999999999,0.20375,0.08937500000000001,0.18875,0.05625,0.1325,0.07625,0.071875,1.0575,0.03875,0.11312499999999999,36.316250000000004,0.101875,0.20124999999999998,50.730000000000004,0.08937500000000001,0.11125,80.495,0.005,0.043125,0.59875,0.011250000000000001,0.07250000000000001,0.15750000000000003,0.071875,0.018750000000000003,0.46125,0.4124999999999999,0.1035,0.202,0.10700000000000001,0.191,0.0595,0.1315,0.07,0.07000000000000002,1.105,0.03450000000000001,0.09799999999999999,36.053,0.101,0.1975,50.897999999999996,0.10700000000000001,0.138,77.51199999999999,0.006,0.048999999999999995,0.722,0.0085,0.1065,0.08,0.07000000000000002,0.013000000000000001,0.4699999999999999
59,65,2013-12-19,11,1,2013-2014,Minas,Sesi Franca,0,0.35857142857142854,0.06642857142857143,0.21428571428571427,0.07785714285714285,0.1535714285714286,0.032857142857142856,0.1207142857142857,0.07142857142857142,0.06142857142857144,1.182857142857143,0.022142857142857148,0.08071428571428572,26.987142857142857,0.10714285714285714,0.2007142857142857,53.998571428571424,0.07785714285714285,0.10785714285714286,72.82857142857142,0.012142857142857144,0.045,0.75,0.012142857142857141,0.12785714285714286,0.09285714285714285,0.06142857142857144,0.01357142857142857,0.3971428571428572,0.37722222222222224,0.08166666666666667,0.20555555555555555,0.08999999999999998,0.17111111111111113,0.05444444444444444,0.11666666666666667,0.06944444444444445,0.0861111111111111,0.9011111111111111,0.02722222222222222,0.08666666666666667,29.148888888888887,0.10277777777777777,0.19999999999999998,51.51111111111111,0.08999999999999998,0.12111111111111111,74.79444444444445,0.006666666666666666,0.048888888888888885,0.5977777777777777,0.014444444444444446,0.09277777777777779,0.17222222222222225,0.0861111111111111,0.013888888888888888,0.40722222222222226
96,74,2013-12-19,11,1,2013-2014,Paulistano,Brasília,1,0.39222222222222225,0.12666666666666665,0.19777777777777777,0.06777777777777777,0.16166666666666668,0.051666666666666666,0.11,0.05777777777777778,0.05777777777777778,1.1466666666666667,0.042222222222222223,0.12055555555555555,35.59,0.09888888888888889,0.18944444444444447,51.85555555555556,0.06777777777777777,0.08888888888888889,73.7811111111111,0.0016666666666666666,0.04555555555555555,0.8622222222222222,0.007222222222222223,0.10444444444444444,0.07888888888888888,0.05777777777777778,0.01,0.41666666666666674,0.41444444444444445,0.16833333333333333,0.18777777777777777,0.058333333333333334,0.1716666666666667,0.03611111111111111,0.13555555555555554,0.07277777777777776,0.05777777777777778,1.4933333333333332,0.05611111111111111,0.14277777777777778,39.72,0.09388888888888888,0.17055555555555554,55.977777777777774,0.058333333333333334,0.07222222222222223,81.45666666666665,0.005,0.036666666666666674,0.6611111111111111,0.009444444444444445,0.09222222222222222,0.10555555555555556,0.05777777777777778,0.008888888888888889,0.47
96,98,2013-12-19,11,1,2013-2014,L. Sorocabana,Goiânia,0,0.36999999999999994,0.09666666666666668,0.2011111111111111,0.07222222222222224,0.14277777777777778,0.04777777777777778,0.095,0.059444444444444446,0.05777777777777778,1.1266666666666665,0.03222222222222223,0.09388888888888888,33.49888888888889,0.10055555555555555,0.19055555555555553,53.39444444444444,0.07222222222222224,0.09944444444444443,71.97444444444444,0.008333333333333333,0.05333333333333333,1.021111111111111,0.01,0.11555555555555556,0.09,0.05777777777777778,0.010555555555555554,0.3988888888888889,0.37444444444444447,0.12333333333333332,0.18444444444444444,0.06666666666666668,0.15944444444444442,0.042777777777777776,0.11666666666666667,0.06777777777777777,0.06166666666666666,1.32,0.04111111111111111,0.11888888888888889,35.315555555555555,0.09222222222222222,0.17555555555555555,52.55555555555556,0.06666666666666668,0.0888888888888889,75.4388888888889,0.005,0.035,0.6144444444444445,0.006111111111111111,0.10833333333333334,0.05888888888888888,0.06166666666666666,0.016111111111111114,0.3977777777777778
98,91,2013-12-20,12,1,2013-2014,Pinheiros,Palmeiras,1,0.4165,0.1635,0.19199999999999998,0.06100000000000001,0.1645,0.041999999999999996,0.12249999999999998,0.07649999999999998,0.0595,1.41,0.05449999999999999,0.1285,42.837,0.09599999999999999,0.189,50.787000000000006,0.06100000000000001,0.08449999999999999,72.60999999999999,0.0115,0.047,0.8390000000000001,0.018000000000000002,0.087,0.20700000000000002,0.0595,0.010000000000000002,0.4725,0.37849999999999995,0.10950000000000001,0.187,0.08199999999999999,0.18950000000000003,0.06499999999999999,0.12449999999999999,0.06799999999999999,0.0675,1.114,0.0365,0.11750000000000001,31.311,0.0935,0.196,48.733999999999995,0.08199999999999999,0.11950000000000001,68.842,0.0115,0.0455,0.738,0.014499999999999999,0.10800000000000001,0.138,0.0675,0.0195,0.40750000000000003
83,91,2013-12-21,12,1,2013-2014,Minas,Uberlândia,0,0.35062499999999996,0.0675,0.2075,0.075625,0.150625,0.031249999999999997,0.119375,0.06875,0.06625,1.0975000000000001,0.022500000000000003,0.080625,27.52,0.10375,0.19625,53.308749999999996,0.075625,0.104375,73.1,0.010625,0.048125,0.74375,0.01125,0.125,0.0875,0.06625,0.013749999999999998,0.38375000000000004,0.415,0.12666666666666665,0.21444444444444444,0.07388888888888888,0.17111111111111113,0.04833333333333333,0.12277777777777778,0.08777777777777777,0.06055555555555555,1.5722222222222224,0.042222222222222223,0.10388888888888888,40.29888888888889,0.10722222222222222,0.2027777777777778,53.52222222222221,0.07388888888888888,0.095,79.03444444444443,0.016111111111111114,0.03888888888888889,0.6666666666666666,0.01111111111111111,0.09444444444444443,0.11888888888888889,0.06055555555555555,0.015000000000000001,0.48500000000000004
94,96,2013-12-21,12,1,2013-2014,Bauru Basket,Flamengo,0,0.4035714285714286,0.1392857142857143,0.17714285714285719,0.08714285714285715,0.15928571428571428,0.045,0.1142857142857143,0.0642857142857143,0.05928571428571429,1.1885714285714286,0.04642857142857143,0.11785714285714287,41.01428571428572,0.08857142857142859,0.1742857142857143,51.14142857142857,0.08714285714285715,0.11928571428571429,72.07571428571428,0.0064285714285714285,0.047857142857142855,0.8585714285714285,0.007857142857142856,0.0907142857142857,0.08857142857142859,0.05928571428571429,0.011428571428571429,0.4342857142857143,0.39,0.1125,0.19099999999999998,0.0865,0.1885,0.057999999999999996,0.1305,0.06849999999999999,0.07250000000000001,1.012,0.037500000000000006,0.1125,33.333000000000006,0.09549999999999999,0.188,50.924,0.0865,0.11299999999999999,76.92499999999998,0.011,0.043,0.5940000000000001,0.013500000000000002,0.09699999999999999,0.13600000000000004,0.07250000000000001,0.014000000000000002,0.437
54,71,2013-12-21,12,1,2013-2014,Coop/São José Basketball,Fortaleza B. C. / CFO,0,0.413888888888889,0.12166666666666666,0.20777777777777776,0.08444444444444446,0.18722222222222223,0.05722222222222222,0.13,0.07944444444444444,0.07222222222222222,1.0955555555555556,0.04055555555555555,0.11555555555555556,36.80777777777778,0.10388888888888888,0.19944444444444442,52.300000000000004,0.08444444444444446,0.10611111111111111,79.24333333333334,0.005,0.042777777777777776,0.5911111111111111,0.010555555555555558,0.07444444444444445,0.1466666666666667,0.07222222222222222,0.01777777777777778,0.4694444444444444,0.384,0.08549999999999999,0.23900000000000002,0.05950000000000001,0.1595,0.05349999999999999,0.10600000000000001,0.0625,0.0595,1.27,0.028500000000000004,0.092,30.341999999999995,0.11950000000000001,0.23150000000000004,51.714,0.05950000000000001,0.083,70.825,0.0115,0.055499999999999994,1.1079999999999999,0.010499999999999999,0.1075,0.096,0.0595,0.015500000000000003,0.4135000000000001
95,93,2013-12-21,12,1,2013-2014,Paulistano,Goiânia,1,0.40099999999999997,0.1305,0.201,0.06949999999999999,0.163,0.05,0.11299999999999999,0.05900000000000001,0.05750000000000001,1.159,0.0435,0.12250000000000001,35.96,0.1005,0.18750000000000003,53.435,0.06949999999999999,0.089,75.84700000000001,0.0015,0.0455,0.858,0.007000000000000001,0.1055,0.075,0.05750000000000001,0.0095,0.4325,0.386,0.12449999999999999,0.189,0.07250000000000001,0.15799999999999997,0.04,0.11800000000000002,0.071,0.06399999999999999,1.306,0.041499999999999995,0.11700000000000002,36.284,0.0945,0.1745,54.27,0.07250000000000001,0.09500000000000001,76.22800000000001,0.0055,0.037000000000000005,0.6180000000000001,0.006500000000000001,0.10800000000000001,0.06299999999999999,0.06399999999999999,0.017,0.4165
83,84,2013-12-21,12,1,2013-2014,L. Sorocabana,Brasília,0,0.38099999999999995,0.10500000000000001,0.202,0.07400000000000001,0.14350000000000002,0.0485,0.095,0.05900000000000001,0.058499999999999996,1.0989999999999998,0.035,0.0975,34.763999999999996,0.101,0.193,52.939,0.07400000000000001,0.101,72.603,0.008499999999999999,0.054000000000000006,1.011,0.011,0.11699999999999999,0.096,0.058499999999999996,0.010499999999999999,0.4085,0.41,0.16199999999999998,0.185,0.063,0.169,0.03699999999999999,0.132,0.06899999999999998,0.05800000000000001,1.402,0.054000000000000006,0.14100000000000001,38.548,0.0925,0.17049999999999998,55.08599999999999,0.063,0.077,82.06099999999999,0.0055,0.037500000000000006,0.67,0.0085,0.0925,0.095,0.05800000000000001,0.0085,0.45699999999999996
76,74,2013-12-21,12,1,2013-2014,Limeira,Macaé Basquete,1,0.4000000000000001,0.125,0.2111111111111111,0.06388888888888888,0.17444444444444446,0.041666666666666664,0.13277777777777777,0.08499999999999999,0.0561111111111111,1.582222222222222,0.041666666666666664,0.09111111111111111,45.20333333333333,0.10555555555555556,0.2038888888888889,52.082222222222214,0.06388888888888888,0.08777777777777777,74.04666666666667,0.007222222222222221,0.042777777777777776,0.8022222222222223,0.013333333333333332,0.10555555555555556,0.12666666666666668,0.0561111111111111,0.012222222222222223,0.48777777777777787,0.403,0.1125,0.21200000000000002,0.07850000000000001,0.16150000000000003,0.043000000000000003,0.11850000000000001,0.0725,0.05500000000000001,1.9240000000000002,0.0375,0.1095,34.413999999999994,0.10600000000000001,0.1995,53.06999999999999,0.07850000000000001,0.1035,78.62600000000002,0.0025,0.0475,1.338,0.006,0.1065,0.055999999999999994,0.05500000000000001,0.007999999999999998,0.445
75,68,2014-01-05,13,1,2013-2014,Palmeiras,Paulistano,1,0.3854545454545454,0.11045454545454549,0.19545454545454544,0.07954545454545454,0.18863636363636366,0.0668181818181818,0.12181818181818181,0.06727272727272728,0.065,1.1490909090909092,0.03681818181818181,0.11590909090909092,32.10090909090909,0.09772727272727272,0.20454545454545456,48.69272727272726,0.07954545454545454,0.11636363636363636,68.46636363636364,0.012272727272727274,0.04681818181818182,0.8072727272727271,0.013636363636363636,0.10909090909090911,0.12909090909090912,0.065,0.019090909090909092,0.41409090909090907,0.40772727272727266,0.12954545454545452,0.2,0.07818181818181819,0.16000000000000003,0.04818181818181819,0.11181818181818182,0.059090909090909104,0.05909090909090909,1.1263636363636365,0.04318181818181818,0.12090909090909091,36.154545454545456,0.1,0.18727272727272729,53.24545454545455,0.07818181818181819,0.09863636363636363,76.64454545454545,0.0018181818181818182,0.04909090909090908,0.8827272727272728,0.006363636363636364,0.10636363636363635,0.06818181818181818,0.05909090909090909,0.01,0.43772727272727274
53,62,2014-01-05,13,1,2013-2014,Goiânia,Minas,0,0.3931818181818182,0.11863636363636364,0.1990909090909091,0.07545454545454545,0.15727272727272726,0.03909090909090909,0.11818181818181821,0.07090909090909091,0.06818181818181818,1.2454545454545456,0.03954545454545454,0.11045454545454546,37.025454545454544,0.09954545454545455,0.17954545454545454,55.26545454545455,0.07545454545454545,0.09954545454545456,75.8809090909091,0.006363636363636364,0.03863636363636364,0.6072727272727273,0.006818181818181818,0.11136363636363637,0.06363636363636363,0.06818181818181818,0.01681818181818182,0.42363636363636364,0.35777777777777775,0.06666666666666668,0.21444444444444444,0.07666666666666666,0.1527777777777778,0.03555555555555555,0.11722222222222221,0.07055555555555555,0.0661111111111111,1.1211111111111114,0.022222222222222223,0.07944444444444446,27.636666666666667,0.10722222222222222,0.19944444444444445,54.05222222222222,0.07666666666666666,0.10722222222222222,72.24222222222221,0.012222222222222225,0.04666666666666667,0.7211111111111111,0.010555555555555556,0.12833333333333333,0.0811111111111111,0.0661111111111111,0.013888888888888888,0.39222222222222225
98,73,2014-01-05,13,1,2013-2014,Brasília,Espírito Santo,1,0.4109090909090909,0.16636363636363635,0.1818181818181818,0.06272727272727273,0.16954545454545455,0.035454545454545454,0.1340909090909091,0.06863636363636362,0.06090909090909091,1.34,0.055454545454545465,0.14272727272727273,39.02090909090909,0.0909090909090909,0.16909090909090907,54.47727272727272,0.06272727272727273,0.07727272727272727,81.4190909090909,0.005454545454545454,0.03954545454545455,0.67,0.009545454545454546,0.09454545454545454,0.10181818181818181,0.06090909090909091,0.009090909090909092,0.4572727272727272,0.33428571428571424,0.1285714285714286,0.13857142857142857,0.06714285714285716,0.1457142857142857,0.045714285714285714,0.09999999999999999,0.055714285714285716,0.06,1.0685714285714287,0.04285714285714286,0.12785714285714286,33.90571428571429,0.06928571428571428,0.15785714285714286,44.42428571428571,0.06714285714285716,0.09642857142857143,69.01285714285714,0.008571428571428572,0.038571428571428576,0.6942857142857143,0.004285714285714286,0.0942857142857143,0.045714285714285714,0.06,0.010714285714285714,0.3157142857142857
75,74,2014-01-05,13,1,2013-2014,Mogi,Bauru Basket,1,0.41045454545454535,0.10090909090909089,0.2072727272727273,0.10227272727272728,0.18500000000000003,0.05772727272727273,0.12727272727272726,0.07090909090909091,0.06863636363636366,1.1363636363636362,0.033636363636363645,0.09545454545454544,36.021818181818176,0.10363636363636365,0.1990909090909091,51.76818181818181,0.10227272727272728,0.135,75.22727272727272,0.005454545454545454,0.050454545454545446,0.7636363636363637,0.008636363636363636,0.10545454545454545,0.08272727272727273,0.06863636363636366,0.012272727272727274,0.46681818181818174,0.411875,0.144375,0.17500000000000002,0.0925,0.161875,0.04625,0.115625,0.07,0.05625000000000001,1.4325,0.048125,0.125,40.173750000000005,0.08750000000000001,0.171875,51.2,0.0925,0.12375,73.55,0.009375,0.049374999999999995,0.965,0.007499999999999999,0.09249999999999999,0.08375000000000002,0.05625000000000001,0.011875,0.451875
73,64,2014-01-05,13,1,2013-2014,Fortaleza B. C. / CFO,Limeira,1,0.3813636363636364,0.08727272727272727,0.23909090909090908,0.05500000000000001,0.16636363636363638,0.053636363636363635,0.11272727272727273,0.06545454545454545,0.060454545454545455,1.2781818181818183,0.029090909090909098,0.09363636363636364,30.476363636363633,0.11954545454545454,0.23,52.08636363636364,0.05500000000000001,0.07727272727272728,68.93181818181819,0.01227272727272727,0.05590909090909091,1.0854545454545452,0.01,0.10454545454545454,0.09363636363636364,0.060454545454545455,0.01681818181818182,0.42136363636363644,0.398,0.123,0.209,0.06599999999999999,0.17099999999999999,0.041,0.12999999999999998,0.08499999999999999,0.055999999999999994,1.579,0.041,0.0915,44.367,0.1045,0.20050000000000004,52.462,0.06599999999999999,0.092,73.17999999999999,0.006499999999999999,0.0435,0.8130000000000001,0.013000000000000001,0.10400000000000001,0.12500000000000003,0.055999999999999994,0.0115,0.48200000000000004
95,65,2014-01-05,13,1,2013-2014,Pinheiros,L. Sorocabana,1,0.4231818181818182,0.16090909090909092,0.19363636363636363,0.06863636363636365,0.16636363636363638,0.04318181818181818,0.12318181818181818,0.08045454545454545,0.060454545454545455,1.4372727272727273,0.053636363636363635,0.12772727272727274,42.35181818181819,0.09681818181818182,0.18681818181818183,51.95545454545456,0.06863636363636365,0.09227272727272727,73.76272727272726,0.012727272727272728,0.04454545454545455,0.7890909090909091,0.020454545454545458,0.08681818181818181,0.23636363636363641,0.060454545454545455,0.009545454545454548,0.48681818181818176,0.38409090909090904,0.10909090909090909,0.2009090909090909,0.0740909090909091,0.15000000000000002,0.05,0.09999999999999999,0.059090909090909104,0.05999999999999999,1.0718181818181818,0.03636363636363637,0.10136363636363636,34.849999999999994,0.10045454545454545,0.19409090909090906,52.33909090909091,0.0740909090909091,0.10090909090909092,72.82090909090908,0.007727272727272727,0.055454545454545465,1.0036363636363637,0.010454545454545454,0.11636363636363636,0.09181818181818181,0.05999999999999999,0.010454545454545452,0.41363636363636364
92,104,2014-01-05,13,1,2013-2014,Uberlândia,Coop/São José Basketball,0,0.41899999999999993,0.12449999999999999,0.213,0.08149999999999999,0.168,0.0485,0.11950000000000001,0.0865,0.0595,1.5650000000000002,0.0415,0.10049999999999999,41.269,0.1065,0.20050000000000004,53.726,0.08149999999999999,0.1045,79.026,0.015500000000000003,0.038,0.6599999999999999,0.0115,0.09699999999999999,0.12000000000000002,0.0595,0.014000000000000002,0.4875,0.3995000000000001,0.12,0.2,0.07950000000000002,0.185,0.057499999999999996,0.1275,0.0765,0.07149999999999998,1.0630000000000002,0.04,0.119,35.46,0.1,0.19549999999999998,51.133,0.07950000000000002,0.1015,77.15200000000002,0.0045,0.042499999999999996,0.5940000000000001,0.010000000000000002,0.07100000000000001,0.14500000000000002,0.07149999999999998,0.016500000000000004,0.4455
91,82,2014-01-07,14,1,2013-2014,Sesi Franca,Coop/São José Basketball,1,0.372,0.07949999999999999,0.207,0.08549999999999999,0.17300000000000001,0.05500000000000001,0.11800000000000002,0.0705,0.087,0.8949999999999999,0.026500000000000003,0.089,28.052,0.1035,0.19799999999999998,52.471000000000004,0.08549999999999999,0.11700000000000002,72.94000000000001,0.006999999999999999,0.051000000000000004,0.612,0.013500000000000002,0.093,0.16000000000000003,0.087,0.014000000000000002,0.4045000000000001,0.4104545454545455,0.12545454545454546,0.20363636363636364,0.08136363636363637,0.18409090909090908,0.054090909090909085,0.13,0.07863636363636363,0.06909090909090908,1.1681818181818182,0.04181818181818182,0.12090909090909091,36.13272727272727,0.10181818181818182,0.1959090909090909,51.939090909090915,0.08136363636363637,0.10318181818181821,77.71363636363638,0.00409090909090909,0.04227272727272727,0.620909090909091,0.009545454545454548,0.07045454545454546,0.13909090909090913,0.06909090909090908,0.015454545454545459,0.46090909090909093
82,83,2014-01-07,14,1,2013-2014,Goiânia,Espírito Santo,0,0.3825,0.11249999999999999,0.19666666666666666,0.07333333333333335,0.15916666666666665,0.03875000000000001,0.12041666666666669,0.07041666666666667,0.06791666666666667,1.225,0.0375,0.11041666666666668,35.07666666666666,0.09833333333333333,0.17916666666666667,54.70750000000001,0.07333333333333335,0.09666666666666668,75.9675,0.005833333333333334,0.037916666666666675,0.5950000000000001,0.0062499999999999995,0.11208333333333335,0.05833333333333333,0.06791666666666667,0.016666666666666666,0.41125000000000006,0.338125,0.1275,0.1475,0.06312500000000001,0.1525,0.04625,0.10625,0.05625,0.06125,1.0425,0.042499999999999996,0.12687500000000002,33.83375,0.07375,0.16625,44.705,0.06312500000000001,0.08937500000000001,71.32374999999999,0.0075,0.036250000000000004,0.64375,0.004375,0.09437500000000001,0.04625,0.06125,0.01125,0.323125
79,69,2014-01-07,13,1,2013-2014,Flamengo,Macaé Basquete,1,0.3981818181818182,0.11454545454545455,0.19363636363636363,0.09,0.19045454545454546,0.05772727272727273,0.13272727272727275,0.06999999999999999,0.07227272727272728,1.0300000000000002,0.038181818181818185,0.11454545454545455,33.332727272727276,0.09681818181818182,0.18818181818181817,51.557272727272725,0.09,0.11545454545454546,78.04909090909089,0.01,0.0409090909090909,0.5663636363636364,0.012727272727272728,0.10045454545454545,0.12727272727272732,0.07227272727272728,0.01363636363636364,0.44681818181818184,0.4,0.11454545454545455,0.20545454545454547,0.08000000000000002,0.15954545454545457,0.04272727272727273,0.11681818181818183,0.07454545454545454,0.05500000000000001,1.9063636363636365,0.03818181818181818,0.10954545454545456,35.00454545454545,0.10272727272727274,0.19454545454545455,52.634545454545446,0.08000000000000002,0.1040909090909091,79.32909090909094,0.004545454545454546,0.04681818181818182,1.282727272727273,0.005454545454545455,0.10636363636363635,0.050909090909090904,0.05500000000000001,0.007272727272727272,0.4440909090909091
69,71,2014-01-07,14,1,2013-2014,Palmeiras,L. Sorocabana,0,0.3845833333333333,0.10875000000000003,0.19833333333333333,0.0775,0.18833333333333335,0.06624999999999999,0.12208333333333332,0.06916666666666667,0.06333333333333334,1.22,0.03625,0.11583333333333334,31.599999999999998,0.09916666666666667,0.20541666666666666,49.092499999999994,0.0775,0.11541666666666667,67.12583333333333,0.012500000000000002,0.04833333333333334,0.8599999999999999,0.012916666666666667,0.10666666666666669,0.12333333333333335,0.06333333333333334,0.018750000000000003,0.41625,0.37916666666666665,0.1075,0.19499999999999998,0.07666666666666667,0.15208333333333335,0.05041666666666667,0.10166666666666664,0.05833333333333335,0.062083333333333324,1.0316666666666665,0.035833333333333335,0.1025,34.12,0.09749999999999999,0.19249999999999998,51.0725,0.07666666666666667,0.1025,74.04416666666667,0.007083333333333333,0.055000000000000014,0.9691666666666666,0.009583333333333334,0.11625,0.08416666666666667,0.062083333333333324,0.010416666666666664,0.4045833333333333
82,54,2014-01-07,14,1,2013-2014,Brasília,Minas,1,0.4175,0.16624999999999998,0.18833333333333332,0.06291666666666666,0.17333333333333334,0.03833333333333333,0.135,0.07208333333333332,0.058750000000000004,1.49,0.05541666666666668,0.14291666666666666,38.93,0.09416666666666666,0.1745833333333333,54.54749999999999,0.06291666666666666,0.07875,80.33583333333333,0.005833333333333333,0.04041666666666667,0.7333333333333334,0.010416666666666666,0.09291666666666666,0.11583333333333333,0.058750000000000004,0.009583333333333334,0.47124999999999995,0.353,0.06600000000000002,0.207,0.07999999999999999,0.156,0.0355,0.12049999999999998,0.0695,0.0645,1.129,0.022,0.0825,26.690999999999995,0.1035,0.1955,53.022000000000006,0.07999999999999999,0.11099999999999999,72.604,0.011500000000000002,0.046,0.729,0.010499999999999999,0.12350000000000001,0.086,0.0645,0.013499999999999998,0.387
67,78,2014-01-07,14,1,2013-2014,Mogi,Limeira,0,0.4074999999999999,0.1025,0.20583333333333334,0.09916666666666667,0.1929166666666667,0.06583333333333334,0.12708333333333333,0.07,0.07166666666666668,1.0891666666666666,0.03416666666666667,0.09999999999999998,35.2425,0.10291666666666667,0.20333333333333334,50.62083333333333,0.09916666666666667,0.13083333333333333,75.33083333333333,0.005833333333333333,0.05333333333333332,0.7675000000000001,0.008749999999999999,0.10375,0.08583333333333333,0.07166666666666668,0.01375,0.4629166666666666,0.390909090909091,0.12409090909090909,0.20454545454545456,0.062272727272727264,0.16999999999999998,0.04045454545454546,0.12954545454545452,0.08318181818181816,0.05727272727272726,1.5199999999999998,0.041363636363636366,0.09681818181818182,43.060909090909085,0.10227272727272728,0.1954545454545455,52.708181818181814,0.062272727272727264,0.08727272727272727,72.2090909090909,0.005909090909090908,0.04409090909090908,0.8036363636363636,0.012272727272727274,0.10363636363636365,0.11818181818181821,0.05727272727272726,0.01090909090909091,0.46954545454545454
84,80,2014-01-07,14,1,2013-2014,Fortaleza B. C. / CFO,Bauru Basket,1,0.38000000000000006,0.08750000000000001,0.23583333333333334,0.05666666666666667,0.17166666666666666,0.056666666666666664,0.11499999999999999,0.06541666666666666,0.060000000000000005,1.27,0.029166666666666674,0.09583333333333333,30.019999999999996,0.11791666666666667,0.22875,51.62166666666667,0.05666666666666667,0.08041666666666668,68.6225,0.012916666666666665,0.05541666666666667,1.070833333333333,0.01,0.10333333333333333,0.09500000000000001,0.060000000000000005,0.015833333333333335,0.42125000000000007,0.4072222222222222,0.14666666666666667,0.17000000000000004,0.09055555555555556,0.16,0.043888888888888894,0.11611111111111111,0.06944444444444445,0.060000000000000005,1.3533333333333335,0.04888888888888889,0.12333333333333335,41.26555555555556,0.08500000000000002,0.16944444444444443,50.32555555555555,0.09055555555555556,0.12166666666666666,73.31444444444443,0.008888888888888889,0.05222222222222222,0.9499999999999998,0.009444444444444443,0.09166666666666665,0.10666666666666669,0.060000000000000005,0.010555555555555556,0.44833333333333336
91,93,2014-01-08,14,1,2013-2014,Pinheiros,Paulistano,0,0.4275,0.16874999999999998,0.1875,0.07125000000000001,0.16833333333333333,0.0425,0.12583333333333332,0.08249999999999999,0.060000000000000005,1.4766666666666666,0.056249999999999994,0.13333333333333336,42.455000000000005,0.09375,0.18000000000000002,52.38750000000001,0.07125000000000001,0.09333333333333332,75.5525,0.011666666666666667,0.04666666666666667,0.8291666666666666,0.019583333333333338,0.08916666666666666,0.2241666666666667,0.060000000000000005,0.009166666666666668,0.4991666666666666,0.4020833333333333,0.12499999999999999,0.1975,0.07958333333333333,0.16333333333333336,0.04916666666666667,0.11416666666666668,0.05708333333333335,0.06,1.0741666666666667,0.041666666666666664,0.12125000000000001,34.80833333333334,0.09875,0.18583333333333332,52.975,0.07958333333333333,0.09875,78.17416666666666,0.0016666666666666668,0.047499999999999994,0.8450000000000001,0.006666666666666667,0.10666666666666667,0.06999999999999999,0.06,0.009166666666666667,0.43083333333333335
66,75,2014-01-11,15,1,2013-2014,Minas,Pinheiros,0,0.34545454545454546,0.06818181818181819,0.19999999999999998,0.07727272727272727,0.16,0.03818181818181818,0.12181818181818181,0.06727272727272728,0.06681818181818182,1.071818181818182,0.022727272727272728,0.08227272727272728,27.673636363636362,0.09999999999999999,0.19545454545454544,51.23181818181819,0.07727272727272727,0.11,70.5490909090909,0.010454545454545456,0.045,0.6981818181818181,0.010909090909090908,0.12090909090909091,0.09272727272727273,0.06681818181818182,0.014999999999999998,0.3740909090909091,0.4296153846153846,0.17076923076923076,0.18615384615384614,0.0726923076923077,0.1673076923076923,0.04115384615384616,0.12615384615384617,0.08307692307692306,0.06192307692307693,1.4446153846153844,0.05692307692307692,0.13461538461538464,42.5223076923077,0.09307692307692307,0.17653846153846153,53.20076923076924,0.0726923076923077,0.09576923076923076,75.27923076923076,0.011153846153846155,0.047307692307692314,0.8153846153846154,0.020384615384615386,0.09269230769230768,0.2238461538461539,0.06192307692307693,0.009615384615384618,0.5015384615384615
92,76,2014-01-11,15,1,2013-2014,Flamengo,Mogi,1,0.3979166666666667,0.11625,0.1925,0.08916666666666667,0.1929166666666667,0.06,0.13291666666666668,0.06833333333333333,0.07208333333333335,1.0033333333333336,0.03875,0.11791666666666667,32.97416666666667,0.09625,0.18833333333333332,51.208333333333336,0.08916666666666667,0.115,77.60583333333332,0.009166666666666667,0.04041666666666666,0.5608333333333334,0.012083333333333335,0.1025,0.12000000000000004,0.07208333333333335,0.013333333333333336,0.44250000000000006,0.4019230769230768,0.10384615384615385,0.2030769230769231,0.09499999999999999,0.18807692307692309,0.06576923076923077,0.1223076923076923,0.06846153846153848,0.07076923076923078,1.0692307692307692,0.03461538461538462,0.10307692307692307,34.72923076923077,0.10153846153846155,0.20076923076923076,50.57307692307692,0.09499999999999999,0.12615384615384617,74.48153846153845,0.005769230769230769,0.053461538461538456,0.7792307692307693,0.008076923076923077,0.1023076923076923,0.07923076923076923,0.07076923076923078,0.013076923076923078,0.45038461538461527
74,76,2014-01-11,15,1,2013-2014,Bauru Basket,Uberlândia,0,0.40650000000000003,0.14250000000000002,0.17300000000000001,0.091,0.16099999999999998,0.045,0.11599999999999999,0.068,0.05900000000000001,1.328,0.0475,0.12350000000000001,39.93900000000001,0.08650000000000001,0.17149999999999999,50.556,0.091,0.121,74.244,0.008,0.051500000000000004,0.945,0.009,0.09249999999999999,0.10100000000000002,0.05900000000000001,0.010499999999999999,0.446,0.4227272727272727,0.13227272727272726,0.2127272727272727,0.07772727272727273,0.17,0.04772727272727273,0.12227272727272727,0.09227272727272727,0.05999999999999999,1.6327272727272728,0.0440909090909091,0.10727272727272727,41.153636363636366,0.10636363636363635,0.19954545454545458,53.86545454545455,0.07772727272727273,0.09954545454545455,79.11454545454545,0.01681818181818182,0.03772727272727273,0.649090909090909,0.01227272727272727,0.09772727272727272,0.12636363636363637,0.05999999999999999,0.015000000000000001,0.4968181818181818
77,87,2014-01-11,15,1,2013-2014,Coop/São José Basketball,Brasília,0,0.4104166666666667,0.12999999999999998,0.20500000000000004,0.07541666666666667,0.18291666666666664,0.05458333333333334,0.12833333333333335,0.07958333333333333,0.06833333333333332,1.1958333333333335,0.043333333333333335,0.12083333333333335,37.288333333333334,0.10250000000000002,0.19916666666666663,51.51166666666668,0.07541666666666667,0.09541666666666669,79.57083333333334,0.00375,0.04208333333333333,0.625,0.009166666666666668,0.07,0.13416666666666668,0.06833333333333332,0.014583333333333337,0.46166666666666667,0.4169230769230769,0.165,0.18846153846153843,0.06346153846153846,0.17461538461538462,0.04,0.1346153846153846,0.07269230769230768,0.0576923076923077,1.5123076923076924,0.055000000000000014,0.14423076923076922,38.339230769230774,0.09423076923076922,0.1746153846153846,54.5276923076923,0.06346153846153846,0.07884615384615384,80.88692307692305,0.005769230769230769,0.04115384615384616,0.7623076923076924,0.011923076923076923,0.09346153846153847,0.13,0.0576923076923077,0.009230769230769232,0.47461538461538455
96,70,2014-01-11,15,1,2013-2014,Paulistano,L. Sorocabana,1,0.40692307692307683,0.12576923076923074,0.19692307692307692,0.08423076923076923,0.16615384615384615,0.05153846153846154,0.11461538461538463,0.05615384615384617,0.06115384615384615,1.0376923076923077,0.041923076923076924,0.12192307692307693,34.79384615384616,0.09846153846153846,0.18692307692307694,52.55384615384616,0.08423076923076923,0.10423076923076922,78.49538461538462,0.0019230769230769232,0.048846153846153845,0.8469230769230769,0.006538461538461539,0.10807692307692308,0.06769230769230769,0.06115384615384615,0.01,0.435,0.37730769230769223,0.10615384615384617,0.19692307692307692,0.07423076923076924,0.1553846153846154,0.05230769230769231,0.10307692307692307,0.05692307692307694,0.06192307692307692,1.0038461538461538,0.03538461538461539,0.09923076923076923,35.341538461538455,0.09846153846153846,0.19807692307692307,50.33692307692308,0.07423076923076924,0.0996153846153846,73.67384615384616,0.007307692307692307,0.05576923076923078,0.9776923076923076,0.01,0.11346153846153847,0.0923076923076923,0.06192307692307692,0.010384615384615383,0.4046153846153846
64,80,2014-01-11,15,1,2013-2014,Limeira,Sesi Franca,0,0.39083333333333337,0.125,0.2025,0.06333333333333332,0.17166666666666666,0.0425,0.12916666666666665,0.08208333333333333,0.05958333333333332,1.4616666666666667,0.041666666666666664,0.09791666666666667,42.88166666666666,0.10125,0.19208333333333336,53.15416666666666,0.06333333333333332,0.08625,74.52499999999999,0.005416666666666666,0.04416666666666666,0.7808333333333333,0.012083333333333335,0.10333333333333335,0.1166666666666667,0.05958333333333332,0.011250000000000001,0.47125,0.3795454545454545,0.08454545454545453,0.21181818181818182,0.08318181818181816,0.1722727272727273,0.05363636363636364,0.11863636363636365,0.07454545454545454,0.08272727272727272,1.0754545454545452,0.028181818181818183,0.09045454545454545,29.39818181818182,0.10590909090909091,0.2004545454545454,52.95363636363636,0.08318181818181816,0.11363636363636366,73.12727272727274,0.007727272727272727,0.05090909090909091,0.67,0.01363636363636364,0.0881818181818182,0.18000000000000005,0.08272727272727272,0.012727272727272728,0.42090909090909095
90,95,2014-01-11,15,1,2013-2014,Espírito Santo,Palmeiras,0,0.3466666666666667,0.13,0.15111111111111108,0.06555555555555556,0.15111111111111108,0.04777777777777778,0.10333333333333333,0.05777777777777778,0.058333333333333334,1.1488888888888888,0.04333333333333333,0.1277777777777778,34.190000000000005,0.07555555555555554,0.1688888888888889,45.00111111111111,0.06555555555555556,0.09277777777777779,71.26888888888888,0.007222222222222223,0.037222222222222226,0.7155555555555556,0.0044444444444444444,0.09500000000000001,0.04666666666666666,0.058333333333333334,0.012222222222222223,0.3338888888888889,0.3815384615384615,0.10730769230769234,0.19846153846153847,0.07576923076923078,0.18730769230769231,0.065,0.1223076923076923,0.07192307692307692,0.06423076923076923,1.2338461538461538,0.03576923076923077,0.11730769230769232,30.878461538461536,0.09923076923076923,0.20269230769230767,49.840769230769226,0.07576923076923078,0.1123076923076923,67.60307692307693,0.013461538461538462,0.04846153846153847,0.8453846153846153,0.012692307692307694,0.10384615384615387,0.12461538461538463,0.06423076923076923,0.01807692307692308,0.41615384615384615
80,74,2014-01-11,15,1,2013-2014,Macaé Basquete,Fortaleza B. C. / CFO,1,0.3954166666666667,0.1125,0.20083333333333334,0.08208333333333334,0.15875000000000003,0.04125,0.11750000000000001,0.07125,0.055833333333333346,1.7925000000000002,0.0375,0.10916666666666668,34.46833333333333,0.10041666666666667,0.19291666666666665,51.81999999999999,0.08208333333333334,0.10583333333333333,79.71833333333335,0.004166666666666667,0.04708333333333334,1.24,0.005416666666666667,0.10583333333333333,0.050833333333333335,0.055833333333333346,0.008333333333333333,0.43416666666666665,0.3830769230769231,0.09,0.2330769230769231,0.060000000000000005,0.17153846153846153,0.05615384615384615,0.11538461538461539,0.06384615384615384,0.0603846153846154,1.2253846153846153,0.030000000000000006,0.09499999999999999,31.330769230769228,0.11653846153846155,0.22692307692307695,51.403076923076924,0.060000000000000005,0.08461538461538462,69.04153846153847,0.011923076923076922,0.05384615384615385,1.0299999999999998,0.01,0.10346153846153847,0.0953846153846154,0.0603846153846154,0.01576923076923077,0.42192307692307696
79,74,2014-01-13,16,1,2013-2014,Macaé Basquete,Mogi,1,0.3957692307692308,0.11423076923076923,0.19846153846153847,0.08307692307692308,0.1588461538461539,0.04076923076923077,0.1180769230769231,0.07153846153846154,0.05384615384615386,1.8469230769230771,0.03807692307692307,0.11000000000000001,34.701538461538455,0.09923076923076923,0.19230769230769232,51.36846153846154,0.08307692307692308,0.10692307692307693,79.67615384615387,0.005,0.0476923076923077,1.2853846153846153,0.006153846153846154,0.105,0.05923076923076923,0.05384615384615386,0.008076923076923077,0.4373076923076923,0.40035714285714274,0.10285714285714287,0.20357142857142857,0.09392857142857143,0.18357142857142858,0.06357142857142857,0.12,0.0667857142857143,0.0692857142857143,1.0571428571428572,0.034285714285714294,0.10071428571428571,35.309999999999995,0.10178571428571428,0.2007142857142857,50.71071428571428,0.09392857142857143,0.12714285714285717,73.24285714285713,0.005714285714285714,0.05357142857142857,0.8021428571428572,0.007857142857142858,0.10285714285714286,0.07714285714285715,0.0692857142857143,0.013214285714285715,0.44428571428571423
87,72,2014-01-13,16,1,2013-2014,Bauru Basket,Sesi Franca,1,0.40318181818181825,0.14454545454545456,0.17,0.08863636363636362,0.15863636363636363,0.04772727272727273,0.1109090909090909,0.06863636363636363,0.060454545454545455,1.2981818181818183,0.04818181818181819,0.12272727272727274,40.656363636363636,0.085,0.17272727272727273,49.4,0.08863636363636362,0.11636363636363636,75.93636363636364,0.007727272727272728,0.05227272727272727,0.9318181818181818,0.00909090909090909,0.08999999999999998,0.10545454545454547,0.060454545454545455,0.010454545454545454,0.4413636363636364,0.38125000000000003,0.08749999999999998,0.21250000000000002,0.08124999999999999,0.17500000000000002,0.05208333333333334,0.12291666666666667,0.07458333333333332,0.08291666666666665,1.0591666666666666,0.029166666666666664,0.08916666666666667,31.3925,0.10625000000000001,0.19999999999999996,53.24166666666667,0.08124999999999999,0.11041666666666668,73.7,0.0075,0.04916666666666667,0.6433333333333333,0.012916666666666668,0.08833333333333333,0.17000000000000004,0.08291666666666665,0.012916666666666668,0.4270833333333334
69,81,2014-01-13,16,1,2013-2014,Limeira,Uberlândia,0,0.38538461538461544,0.12576923076923077,0.19846153846153847,0.06115384615384615,0.16615384615384615,0.04,0.12615384615384614,0.08076923076923076,0.05769230769230768,1.4923076923076921,0.041923076923076924,0.1,42.35230769230769,0.09923076923076923,0.19,52.56153846153846,0.06115384615384615,0.08384615384615383,73.6876923076923,0.004999999999999999,0.04538461538461537,0.8523076923076922,0.011923076923076925,0.10269230769230771,0.11615384615384619,0.05769230769230768,0.010384615384615384,0.4603846153846154,0.41916666666666663,0.13374999999999998,0.21,0.07541666666666667,0.16958333333333334,0.048749999999999995,0.12083333333333333,0.09083333333333332,0.06291666666666666,1.5625,0.044583333333333336,0.1075,41.51166666666666,0.105,0.19541666666666668,54.376666666666665,0.07541666666666667,0.09666666666666666,78.93166666666666,0.016666666666666666,0.04,0.6516666666666666,0.012083333333333333,0.09666666666666666,0.12583333333333335,0.06291666666666666,0.015833333333333335,0.49416666666666664
82,75,2014-01-13,16,1,2013-2014,Coop/São José Basketball,Goiânia,1,0.4084615384615385,0.13038461538461538,0.2061538461538462,0.07192307692307694,0.18615384615384614,0.05500000000000001,0.13115384615384618,0.07846153846153846,0.06807692307692306,1.1807692307692308,0.04346153846153847,0.12230769230769233,36.892307692307696,0.1030769230769231,0.20076923076923076,51.39538461538462,0.07192307692307694,0.09076923076923078,80.04307692307694,0.003846153846153846,0.0423076923076923,0.63,0.01153846153846154,0.06884615384615386,0.18000000000000002,0.06807692307692306,0.015000000000000003,0.4634615384615385,0.38461538461538464,0.11769230769230768,0.19615384615384615,0.07076923076923078,0.1576923076923077,0.03730769230769231,0.12038461538461541,0.07192307692307692,0.06769230769230769,1.236923076923077,0.03923076923076923,0.11000000000000001,36.77384615384615,0.09807692307692308,0.17730769230769228,55.21384615384616,0.07076923076923078,0.09307692307692308,76.2776923076923,0.005384615384615385,0.03615384615384616,0.566923076923077,0.006923076923076922,0.11230769230769232,0.06384615384615384,0.06769230769230769,0.016153846153846154,0.4173076923076924
50,97,2014-01-13,16,1,2013-2014,Espírito Santo,Pinheiros,0,0.35700000000000004,0.1365,0.15599999999999997,0.06450000000000002,0.148,0.048,0.1,0.058499999999999996,0.05900000000000001,1.134,0.0455,0.1285,35.586,0.07799999999999999,0.1705,45.906,0.06450000000000002,0.08900000000000001,74.142,0.007000000000000001,0.039,0.729,0.004,0.094,0.041999999999999996,0.05900000000000001,0.013000000000000001,0.3475,0.4257142857142857,0.16499999999999998,0.18928571428571428,0.07142857142857142,0.16928571428571426,0.04035714285714286,0.12892857142857145,0.08357142857142856,0.06321428571428571,1.422142857142857,0.055,0.1317857142857143,41.7407142857143,0.09464285714285714,0.1767857142857143,53.96428571428572,0.07142857142857142,0.09499999999999999,74.52428571428571,0.011785714285714287,0.04750000000000001,0.8021428571428572,0.020714285714285716,0.09107142857142857,0.2335714285714286,0.06321428571428571,0.009642857142857146,0.5010714285714285
85,75,2014-01-13,16,1,2013-2014,Minas,Palmeiras,1,0.3441666666666667,0.07250000000000001,0.19749999999999998,0.07416666666666667,0.15916666666666665,0.03875,0.12041666666666666,0.06958333333333334,0.06583333333333334,1.1266666666666667,0.024166666666666666,0.0825,29.289166666666663,0.09874999999999999,0.19916666666666663,49.91416666666667,0.07416666666666667,0.10625,69.79833333333333,0.009583333333333334,0.04666666666666667,0.7383333333333333,0.011666666666666665,0.11916666666666668,0.10166666666666667,0.06583333333333334,0.013749999999999998,0.3745833333333333,0.3882142857142856,0.10821428571428575,0.20357142857142857,0.07642857142857143,0.18357142857142858,0.06321428571428571,0.12035714285714284,0.06928571428571428,0.0642857142857143,1.1842857142857142,0.036071428571428574,0.11464285714285716,32.24428571428571,0.10178571428571428,0.20214285714285712,51.22571428571428,0.07642857142857143,0.11142857142857143,68.8457142857143,0.012857142857142859,0.04821428571428572,0.8342857142857142,0.0125,0.10214285714285717,0.125,0.0642857142857143,0.017500000000000005,0.42357142857142854
72,69,2014-01-13,16,1,2013-2014,Flamengo,Fortaleza B. C. / CFO,1,0.40269230769230774,0.12346153846153846,0.19076923076923077,0.08846153846153847,0.19115384615384617,0.05884615384615385,0.13230769230769232,0.07230769230769231,0.07230769230769232,1.0492307692307694,0.04115384615384616,0.11923076923076924,34.42615384615385,0.09538461538461539,0.185,51.77846153846154,0.08846153846153847,0.11576923076923078,76.55923076923077,0.010384615384615384,0.03923076923076923,0.5430769230769231,0.01153846153846154,0.10346153846153847,0.11384615384615387,0.07230769230769232,0.01307692307692308,0.44961538461538464,0.3821428571428572,0.08892857142857143,0.23142857142857146,0.061785714285714284,0.1742857142857143,0.05642857142857143,0.11785714285714285,0.06142857142857143,0.06071428571428572,1.1707142857142858,0.029642857142857148,0.09428571428571428,31.193571428571428,0.11571428571428573,0.22714285714285715,50.99214285714286,0.061785714285714284,0.08607142857142858,69.89214285714286,0.011071428571428569,0.051428571428571435,0.9785714285714284,0.01107142857142857,0.10428571428571429,0.1042857142857143,0.06071428571428572,0.015000000000000001,0.4192857142857143
65,67,2014-01-16,17,1,2013-2014,Goiânia,Limeira,0,0.38392857142857145,0.11999999999999998,0.19357142857142856,0.07035714285714287,0.1571428571428571,0.03857142857142858,0.11857142857142859,0.0732142857142857,0.06607142857142857,1.2914285714285716,0.04,0.10964285714285715,37.54857142857143,0.09678571428571428,0.1814285714285714,53.70142857142857,0.07035714285714287,0.09178571428571429,77.02,0.005,0.03892857142857143,0.6457142857142858,0.007142857142857143,0.11285714285714286,0.06499999999999999,0.06607142857142857,0.015714285714285715,0.4185714285714286,0.3825,0.12428571428571429,0.195,0.06321428571428571,0.16321428571428573,0.04035714285714286,0.12285714285714286,0.08071428571428571,0.056071428571428564,1.5492857142857142,0.04142857142857143,0.10071428571428573,41.6,0.0975,0.18964285714285717,51.702857142857134,0.06321428571428571,0.08642857142857142,73.78142857142858,0.004999999999999999,0.04464285714285714,0.8628571428571428,0.012142857142857146,0.1042857142857143,0.11642857142857145,0.056071428571428564,0.01,0.4525
80,66,2014-01-16,17,1,2013-2014,Paulistano,Minas,1,0.4121428571428571,0.1307142857142857,0.195,0.08642857142857142,0.16964285714285715,0.05285714285714286,0.1167857142857143,0.058214285714285725,0.06142857142857142,1.0571428571428572,0.04357142857142858,0.12178571428571429,36.17785714285715,0.0975,0.18571428571428572,52.371428571428574,0.08642857142857142,0.10678571428571429,78.75571428571429,0.0017857142857142859,0.047142857142857146,0.8135714285714286,0.006428571428571429,0.10892857142857142,0.06571428571428571,0.06142857142857142,0.010357142857142858,0.4453571428571429,0.35038461538461535,0.07615384615384616,0.19846153846153844,0.07576923076923077,0.1596153846153846,0.04038461538461538,0.11923076923076922,0.07192307692307692,0.06615384615384616,1.1500000000000001,0.02538461538461538,0.08192307692307692,31.138461538461534,0.09923076923076922,0.20038461538461536,49.831538461538464,0.07576923076923077,0.10692307692307691,70.78384615384616,0.009230769230769233,0.04653846153846154,0.7307692307692307,0.011538461538461537,0.11576923076923078,0.10384615384615385,0.06615384615384616,0.013846153846153845,0.385
75,67,2014-01-16,17,1,2013-2014,L. Sorocabana,Espírito Santo,1,0.3753571428571428,0.10285714285714287,0.19642857142857142,0.07607142857142858,0.15285714285714286,0.051428571428571435,0.10142857142857142,0.05714285714285716,0.05928571428571428,1.1035714285714284,0.034285714285714294,0.09892857142857144,34.32071428571428,0.09821428571428571,0.19785714285714281,50.221428571428575,0.07607142857142858,0.10178571428571427,73.9057142857143,0.007142857142857143,0.05500000000000001,1.0364285714285715,0.01,0.1142857142857143,0.09142857142857143,0.05928571428571428,0.009642857142857142,0.4010714285714286,0.3472727272727273,0.1309090909090909,0.1527272727272727,0.06363636363636366,0.14409090909090908,0.04681818181818182,0.09727272727272727,0.056363636363636366,0.060454545454545455,1.0736363636363637,0.04363636363636363,0.12636363636363637,34.515454545454546,0.07636363636363636,0.1690909090909091,45.25181818181818,0.06363636363636366,0.0872727272727273,74.54454545454546,0.006363636363636364,0.03863636363636364,0.7054545454545454,0.00409090909090909,0.09363636363636364,0.04363636363636363,0.060454545454545455,0.013181818181818183,0.3309090909090909
92,74,2014-01-16,17,1,2013-2014,Palmeiras,Coop/São José Basketball,1,0.38733333333333325,0.10400000000000004,0.20866666666666667,0.07466666666666667,0.18133333333333335,0.06233333333333334,0.119,0.06733333333333333,0.06633333333333334,1.1333333333333333,0.034666666666666665,0.11200000000000002,31.427999999999997,0.10433333333333333,0.20466666666666664,51.699333333333335,0.07466666666666667,0.10833333333333334,69.384,0.012000000000000002,0.04766666666666668,0.8066666666666665,0.012666666666666666,0.10200000000000004,0.12666666666666665,0.06633333333333334,0.019000000000000003,0.41866666666666663,0.40857142857142864,0.12964285714285714,0.20571428571428577,0.07321428571428572,0.18785714285714286,0.05500000000000001,0.13285714285714287,0.07821428571428571,0.07035714285714284,1.1500000000000001,0.04321428571428572,0.12035714285714287,37.265,0.10285714285714288,0.1992857142857143,51.69285714285714,0.07321428571428572,0.09321428571428572,79.46857142857144,0.0035714285714285713,0.04178571428571428,0.61,0.01142857142857143,0.07,0.17571428571428574,0.07035714285714284,0.015000000000000001,0.4639285714285714
82,72,2014-01-16,17,1,2013-2014,Brasília,Bauru Basket,1,0.4182142857142857,0.1692857142857143,0.18785714285714286,0.06107142857142857,0.17642857142857143,0.04071428571428572,0.1357142857142857,0.07357142857142855,0.056785714285714294,1.5392857142857144,0.05642857142857144,0.145,39.057142857142864,0.09392857142857143,0.17857142857142855,53.427857142857135,0.06107142857142857,0.07607142857142857,80.46642857142855,0.005357142857142857,0.04142857142857143,0.7792857142857142,0.012499999999999999,0.09107142857142858,0.1442857142857143,0.056785714285714294,0.008571428571428572,0.47714285714285704,0.4058333333333333,0.14,0.1775,0.08833333333333332,0.16166666666666665,0.048749999999999995,0.11291666666666667,0.06999999999999999,0.06083333333333333,1.2991666666666668,0.04666666666666667,0.11875000000000001,40.60166666666667,0.08875,0.17625,50.3225,0.08833333333333332,0.11458333333333333,77.06416666666667,0.008333333333333333,0.052083333333333336,0.9183333333333333,0.009166666666666665,0.09166666666666666,0.10416666666666669,0.06083333333333333,0.009583333333333333,0.45166666666666666
82,68,2014-01-16,17,1,2013-2014,Sesi Franca,Macaé Basquete,1,0.37961538461538463,0.09,0.2084615384615385,0.08115384615384615,0.17115384615384616,0.05153846153846155,0.11961538461538462,0.07384615384615384,0.08076923076923076,1.0684615384615384,0.029999999999999995,0.08884615384615385,32.597692307692306,0.10423076923076925,0.19923076923076918,52.385384615384616,0.08115384615384615,0.11000000000000001,73.89153846153847,0.006923076923076922,0.05000000000000001,0.6776923076923077,0.01230769230769231,0.08884615384615385,0.1607692307692308,0.08076923076923076,0.01230769230769231,0.42307692307692313,0.3957142857142858,0.11464285714285714,0.19642857142857142,0.08464285714285714,0.15857142857142859,0.04071428571428572,0.11785714285714287,0.07035714285714285,0.05464285714285715,1.775714285714286,0.03821428571428571,0.1092857142857143,35.08,0.09821428571428571,0.19107142857142856,51.16857142857143,0.08464285714285714,0.10857142857142857,79.75428571428573,0.005,0.0467857142857143,1.2321428571428572,0.006071428571428572,0.10607142857142857,0.057857142857142864,0.05464285714285715,0.008214285714285714,0.435
95,101,2014-01-16,17,1,2013-2014,Uberlândia,Flamengo,0,0.41807692307692307,0.13499999999999998,0.20846153846153845,0.07461538461538461,0.1703846153846154,0.04846153846153846,0.12192307692307693,0.09,0.06384615384615383,1.5246153846153847,0.045000000000000005,0.10653846153846154,42.36692307692307,0.10423076923076922,0.19346153846153846,54.49230769230769,0.07461538461538461,0.09653846153846153,78.12307692307692,0.01653846153846154,0.038461538461538464,0.6223076923076923,0.013076923076923076,0.09846153846153845,0.13230769230769232,0.06384615384615383,0.016538461538461537,0.49346153846153845,0.3996428571428572,0.12321428571428572,0.19142857142857145,0.085,0.1878571428571429,0.05714285714285715,0.13071428571428573,0.07428571428571429,0.07214285714285716,1.0764285714285715,0.04107142857142858,0.12107142857142858,33.93785714285715,0.09571428571428572,0.18285714285714283,52.68857142857143,0.085,0.1117857142857143,75.85285714285713,0.01107142857142857,0.04071428571428572,0.5657142857142857,0.011071428571428574,0.10178571428571428,0.11000000000000003,0.07214285714285716,0.012500000000000002,0.44750000000000006
77,95,2014-01-18,18,1,2013-2014,Pinheiros,Coop/São José Basketball,0,0.4296666666666667,0.15999999999999998,0.1993333333333333,0.07033333333333333,0.1703333333333333,0.04033333333333334,0.13,0.08433333333333333,0.062000000000000006,1.4679999999999997,0.05333333333333334,0.128,41.62466666666668,0.09966666666666665,0.18033333333333335,55.294000000000004,0.07033333333333333,0.09299999999999999,75.19733333333333,0.012333333333333333,0.048000000000000015,0.8300000000000001,0.021000000000000005,0.09066666666666666,0.23733333333333337,0.062000000000000006,0.009333333333333336,0.5133333333333333,0.406,0.129,0.20600000000000004,0.07100000000000001,0.18633333333333332,0.054666666666666676,0.13166666666666668,0.08133333333333333,0.06799999999999999,1.3113333333333335,0.04300000000000001,0.12100000000000002,36.832,0.10300000000000002,0.19866666666666666,51.93066666666667,0.07100000000000001,0.09133333333333334,78.27333333333334,0.004,0.04033333333333333,0.6073333333333333,0.011333333333333336,0.069,0.17600000000000005,0.06799999999999999,0.014333333333333335,0.4633333333333333
82,67,2014-01-18,18,1,2013-2014,Brasília,Limeira,1,0.41766666666666663,0.169,0.18933333333333333,0.059333333333333335,0.17733333333333334,0.04033333333333334,0.13699999999999998,0.07466666666666666,0.055333333333333345,1.608,0.056333333333333346,0.14466666666666667,39.07266666666667,0.09466666666666666,0.18033333333333332,53.28066666666666,0.059333333333333335,0.07366666666666667,80.93533333333332,0.005666666666666666,0.03966666666666667,0.756,0.012666666666666666,0.09200000000000001,0.14400000000000002,0.055333333333333345,0.008333333333333333,0.4783333333333333,0.37933333333333336,0.125,0.19066666666666665,0.06366666666666666,0.16666666666666666,0.04033333333333334,0.12633333333333333,0.07966666666666665,0.056,1.5246666666666664,0.04166666666666667,0.10233333333333335,41.22666666666667,0.09533333333333333,0.18800000000000003,50.88199999999999,0.06366666666666666,0.08733333333333333,73.52933333333334,0.004666666666666666,0.04233333333333333,0.8173333333333332,0.012666666666666668,0.10333333333333335,0.12333333333333335,0.056,0.009666666666666667,0.44766666666666666
98,86,2014-01-18,18,1,2013-2014,Uberlândia,Macaé Basquete,1,0.4221428571428571,0.1414285714285714,0.20642857142857143,0.07428571428571429,0.1675,0.04892857142857143,0.11857142857142856,0.09071428571428572,0.06428571428571428,1.5178571428571428,0.047142857142857146,0.10928571428571429,43.035000000000004,0.10321428571428572,0.19178571428571428,54.381428571428565,0.07428571428571429,0.09607142857142857,78.09857142857142,0.016785714285714286,0.03928571428571429,0.6285714285714287,0.012499999999999999,0.10071428571428569,0.12571428571428572,0.06428571428571428,0.015357142857142857,0.4953571428571429,0.39200000000000007,0.112,0.19733333333333333,0.08266666666666667,0.15666666666666668,0.04000000000000001,0.11666666666666668,0.07066666666666667,0.054666666666666676,1.7480000000000002,0.03733333333333333,0.10766666666666667,34.702,0.09866666666666667,0.1913333333333333,51.34733333333334,0.08266666666666667,0.10566666666666666,80.07866666666669,0.005000000000000001,0.047333333333333345,1.2166666666666666,0.006666666666666667,0.106,0.06333333333333334,0.054666666666666676,0.009333333333333332,0.4326666666666667
83,87,2014-01-18,18,1,2013-2014,Goiânia,Bauru Basket,0,0.38,0.11699999999999998,0.19133333333333333,0.07166666666666668,0.16066666666666665,0.04000000000000001,0.12066666666666669,0.07333333333333332,0.063,1.4553333333333334,0.03900000000000001,0.11033333333333335,36.434,0.09566666666666666,0.18366666666666662,52.602000000000004,0.07166666666666668,0.09433333333333334,76.50066666666666,0.005333333333333333,0.03966666666666667,0.7693333333333334,0.007333333333333332,0.11266666666666668,0.06666666666666667,0.063,0.015333333333333336,0.41600000000000004,0.40230769230769237,0.13384615384615386,0.18307692307692308,0.08538461538461538,0.16576923076923075,0.05076923076923076,0.115,0.06846153846153846,0.057692307692307696,1.3915384615384618,0.04461538461538462,0.12076923076923077,38.53923076923077,0.09153846153846154,0.17961538461538462,50.822307692307696,0.08538461538461538,0.11384615384615385,74.79923076923077,0.008461538461538461,0.05038461538461539,0.963076923076923,0.009615384615384614,0.08923076923076922,0.1153846153846154,0.057692307692307696,0.00923076923076923,0.44576923076923075
96,61,2014-01-18,18,1,2013-2014,Paulistano,Espírito Santo,1,0.41133333333333333,0.12699999999999997,0.19799999999999998,0.08633333333333333,0.17033333333333334,0.05366666666666666,0.11666666666666668,0.05766666666666668,0.06199999999999999,1.034,0.04233333333333334,0.12000000000000001,35.52066666666667,0.09899999999999999,0.18766666666666668,52.60066666666667,0.08633333333333333,0.10666666666666667,78.90200000000002,0.0036666666666666666,0.049,0.8306666666666668,0.007333333333333334,0.107,0.078,0.06199999999999999,0.011000000000000001,0.447,0.34625,0.1275,0.1558333333333333,0.06291666666666669,0.14375000000000002,0.04583333333333334,0.09791666666666667,0.05583333333333334,0.06291666666666666,1.0308333333333335,0.0425,0.12291666666666667,34.580000000000005,0.07791666666666665,0.1675,46.75833333333333,0.06291666666666669,0.08833333333333336,72.91583333333334,0.006250000000000001,0.037500000000000006,0.6699999999999999,0.004583333333333333,0.09541666666666666,0.047499999999999994,0.06291666666666666,0.014583333333333335,0.3295833333333333
79,76,2014-01-18,18,1,2013-2014,L. Sorocabana,Minas,1,0.37533333333333324,0.10300000000000001,0.19533333333333333,0.07700000000000001,0.1516666666666667,0.05166666666666667,0.1,0.057333333333333354,0.059666666666666666,1.0913333333333335,0.03433333333333334,0.099,34.366,0.09766666666666667,0.1963333333333333,50.302,0.07700000000000001,0.103,73.97866666666667,0.007333333333333332,0.05533333333333334,1.0286666666666666,0.009666666666666667,0.11400000000000002,0.08866666666666667,0.059666666666666666,0.011333333333333332,0.4003333333333333,0.3489285714285714,0.07607142857142858,0.19928571428571426,0.07357142857142858,0.1582142857142857,0.038928571428571423,0.11928571428571429,0.06964285714285715,0.0675,1.1014285714285716,0.025357142857142856,0.08035714285714286,31.890714285714285,0.09964285714285713,0.19999999999999996,50.118571428571435,0.07357142857142858,0.1025,72.87071428571429,0.008571428571428574,0.04642857142857144,0.7164285714285714,0.011785714285714285,0.115,0.10642857142857144,0.0675,0.013214285714285715,0.38321428571428573
70,80,2014-01-18,18,1,2013-2014,Sesi Franca,Flamengo,0,0.38178571428571434,0.09321428571428571,0.20928571428571432,0.07928571428571428,0.17250000000000001,0.05285714285714287,0.11964285714285716,0.07392857142857143,0.07999999999999999,1.0685714285714285,0.031071428571428566,0.09,33.330714285714286,0.10464285714285716,0.1996428571428571,52.47642857142857,0.07928571428571428,0.10785714285714287,73.52428571428572,0.007142857142857143,0.048571428571428585,0.66,0.012857142857142859,0.08964285714285715,0.16357142857142862,0.07999999999999999,0.012142857142857146,0.4267857142857143,0.4066666666666667,0.126,0.19266666666666668,0.08800000000000002,0.18633333333333335,0.05733333333333334,0.12900000000000003,0.075,0.07133333333333335,1.0993333333333335,0.04200000000000001,0.12200000000000001,34.391333333333336,0.09633333333333334,0.18099999999999997,53.692,0.08800000000000002,0.11600000000000002,75.74866666666665,0.010333333333333333,0.04266666666666667,0.606,0.010666666666666668,0.101,0.1066666666666667,0.07133333333333335,0.012333333333333337,0.45733333333333337
71,69,2014-01-18,18,1,2013-2014,Fortaleza B. C. / CFO,Mogi,1,0.3796666666666667,0.088,0.23,0.06166666666666667,0.1753333333333333,0.05666666666666667,0.11866666666666666,0.060000000000000005,0.06333333333333334,1.1193333333333333,0.02933333333333334,0.09366666666666665,31.074666666666666,0.115,0.22633333333333333,50.84866666666667,0.06166666666666667,0.08600000000000001,69.93866666666666,0.011666666666666664,0.052000000000000005,0.9533333333333331,0.010333333333333333,0.10266666666666667,0.09733333333333334,0.06333333333333334,0.016333333333333335,0.414,0.39833333333333326,0.10600000000000001,0.198,0.09433333333333334,0.1836666666666667,0.06433333333333333,0.11933333333333333,0.06566666666666668,0.069,1.0379999999999998,0.03533333333333334,0.10233333333333333,35.62266666666666,0.099,0.19833333333333333,49.754,0.09433333333333334,0.12766666666666668,73.29799999999999,0.005333333333333333,0.05333333333333334,0.8,0.007666666666666667,0.10433333333333333,0.07466666666666667,0.069,0.013666666666666666,0.4399999999999999
79,74,2014-01-20,6,1,2013-2014,Bauru Basket,Espírito Santo,1,0.40464285714285714,0.13714285714285715,0.18214285714285713,0.08535714285714284,0.1632142857142857,0.04928571428571428,0.11392857142857145,0.06928571428571428,0.05714285714285715,1.4064285714285718,0.04571428571428572,0.12250000000000001,38.742142857142866,0.09107142857142857,0.17785714285714285,51.10928571428572,0.08535714285714284,0.11214285714285714,76.20214285714285,0.009285714285714286,0.04857142857142858,0.9299999999999999,0.008928571428571428,0.08892857142857143,0.10714285714285716,0.05714285714285715,0.009285714285714286,0.4467857142857143,0.34307692307692306,0.12692307692307692,0.15615384615384614,0.06000000000000002,0.14346153846153847,0.04653846153846154,0.09692307692307692,0.05576923076923078,0.06423076923076923,1.0046153846153847,0.04230769230769231,0.12461538461538463,34.042307692307695,0.07807692307692307,0.16500000000000004,47.72,0.06000000000000002,0.08384615384615388,73.71692307692308,0.006153846153846155,0.03692307692307693,0.6476923076923077,0.004615384615384615,0.09576923076923077,0.047692307692307694,0.06423076923076923,0.014615384615384615,0.3265384615384615
76,83,2014-01-23,1,2,2013-2014,Uberlândia,Fortaleza B. C. / CFO,0,0.42666666666666664,0.15,0.20600000000000002,0.07066666666666667,0.16566666666666668,0.04866666666666667,0.11699999999999999,0.09333333333333332,0.06333333333333332,1.59,0.05,0.11233333333333334,44.03666666666666,0.10300000000000001,0.19166666666666668,54.26466666666666,0.07066666666666667,0.091,79.55866666666665,0.017,0.04033333333333334,0.66,0.012666666666666666,0.10166666666666664,0.126,0.06333333333333332,0.016,0.504,0.3746666666666666,0.08399999999999999,0.22533333333333333,0.06533333333333333,0.1743333333333333,0.05333333333333334,0.12099999999999998,0.059666666666666666,0.06500000000000002,1.0126666666666668,0.028000000000000008,0.093,29.984,0.11266666666666666,0.22066666666666665,51.176,0.06533333333333333,0.092,69.986,0.012666666666666663,0.05233333333333334,0.8866666666666665,0.011333333333333332,0.10166666666666667,0.10933333333333335,0.06500000000000002,0.016333333333333335,0.4076666666666666
74,78,2014-01-23,1,2,2013-2014,Sesi Franca,Mogi,0,0.3796666666666667,0.092,0.21000000000000005,0.07766666666666665,0.175,0.056000000000000015,0.11900000000000002,0.07266666666666666,0.07966666666666665,1.046,0.030666666666666665,0.09066666666666667,32.775333333333336,0.10500000000000002,0.20199999999999996,52.09866666666667,0.07766666666666665,0.10600000000000002,73.206,0.007333333333333332,0.048000000000000015,0.6513333333333333,0.013333333333333334,0.08933333333333333,0.1686666666666667,0.07966666666666665,0.012333333333333337,0.4233333333333334,0.39133333333333326,0.1,0.19866666666666663,0.09266666666666667,0.18466666666666667,0.063,0.12166666666666667,0.06300000000000001,0.06866666666666667,1.0073333333333332,0.03333333333333333,0.09933333333333332,34.07,0.09933333333333332,0.202,49.02266666666666,0.09266666666666667,0.12633333333333333,72.82199999999999,0.004666666666666667,0.04866666666666667,0.7433333333333331,0.008,0.10533333333333333,0.07800000000000001,0.06866666666666667,0.013000000000000003,0.42466666666666664
87,84,2014-01-23,1,2,2013-2014,Palmeiras,Bauru Basket,1,0.39199999999999996,0.10200000000000001,0.21933333333333335,0.07066666666666667,0.17933333333333332,0.060666666666666674,0.11866666666666667,0.06800000000000002,0.06600000000000002,1.1613333333333336,0.033999999999999996,0.10966666666666668,31.592,0.10966666666666668,0.2086666666666666,53.52,0.07066666666666667,0.10433333333333333,68.49133333333334,0.012333333333333335,0.047000000000000014,0.7973333333333332,0.012333333333333337,0.10233333333333335,0.12266666666666666,0.06600000000000002,0.019333333333333334,0.42433333333333334,0.404,0.134,0.18466666666666667,0.08533333333333332,0.16166666666666665,0.049,0.11266666666666668,0.07066666666666667,0.05566666666666667,1.4840000000000004,0.044666666666666674,0.12000000000000001,38.51200000000001,0.09233333333333334,0.17966666666666667,51.279333333333334,0.08533333333333332,0.11166666666666666,76.51866666666666,0.01,0.04866666666666667,0.9633333333333333,0.009,0.087,0.11133333333333334,0.05566666666666667,0.008666666666666666,0.44899999999999995
73,80,2014-01-23,1,2,2013-2014,L. Sorocabana,Coop/São José Basketball,0,0.3776666666666666,0.095,0.19866666666666666,0.08400000000000002,0.15433333333333335,0.05333333333333334,0.10100000000000002,0.054333333333333345,0.05766666666666667,1.0753333333333333,0.03166666666666667,0.09400000000000001,33.43266666666666,0.09933333333333333,0.20099999999999998,49.826,0.08400000000000002,0.11233333333333331,74.22399999999999,0.008,0.054333333333333345,1.0333333333333334,0.009666666666666667,0.11433333333333334,0.08800000000000002,0.05766666666666667,0.011333333333333332,0.4003333333333334,0.4086666666666667,0.13199999999999998,0.20533333333333334,0.07133333333333333,0.18733333333333332,0.053666666666666675,0.13366666666666668,0.07866666666666666,0.068,1.2779999999999998,0.04400000000000001,0.12266666666666669,36.891333333333336,0.10266666666666667,0.198,51.934666666666665,0.07133333333333333,0.08966666666666669,79.67333333333335,0.0030000000000000005,0.04033333333333333,0.6073333333333333,0.011333333333333338,0.07033333333333333,0.1746666666666667,0.068,0.013000000000000001,0.466
74,95,2014-01-23,2,2,2013-2014,Goiânia,Flamengo,0,0.3813333333333333,0.10999999999999997,0.19933333333333333,0.07200000000000002,0.16066666666666662,0.040333333333333346,0.12033333333333335,0.074,0.06066666666666667,1.5266666666666666,0.03666666666666667,0.10866666666666668,35.12933333333333,0.09966666666666667,0.18533333333333332,54.398,0.07200000000000002,0.09333333333333334,77.75999999999999,0.005666666666666667,0.03866666666666667,0.7760000000000001,0.007333333333333332,0.11299999999999999,0.06599999999999999,0.06066666666666667,0.015333333333333336,0.42233333333333334,0.40466666666666673,0.126,0.19399999999999998,0.08466666666666668,0.18366666666666667,0.05800000000000001,0.12566666666666668,0.07566666666666667,0.07066666666666668,1.1246666666666667,0.04200000000000001,0.12100000000000001,34.782666666666664,0.09699999999999999,0.18366666666666667,53.355333333333334,0.08466666666666668,0.11100000000000002,76.67466666666668,0.01,0.04433333333333335,0.6446666666666668,0.011000000000000003,0.101,0.1106666666666667,0.07066666666666668,0.012000000000000004,0.45666666666666667
96,71,2014-01-23,2,2,2013-2014,Brasília,Macaé Basquete,1,0.4176666666666667,0.16899999999999998,0.186,0.06266666666666666,0.1786666666666667,0.04000000000000001,0.13866666666666666,0.07666666666666667,0.05766666666666668,1.5493333333333335,0.056333333333333346,0.14466666666666667,39.07266666666666,0.093,0.176,53.714666666666666,0.06266666666666666,0.07833333333333334,79.60200000000002,0.006666666666666666,0.04133333333333334,0.7459999999999999,0.013666666666666666,0.09,0.15733333333333335,0.05766666666666668,0.008333333333333333,0.48333333333333334,0.3926666666666667,0.11299999999999999,0.19866666666666666,0.08099999999999999,0.15266666666666664,0.03900000000000001,0.11366666666666667,0.07200000000000001,0.05666666666666667,1.7246666666666668,0.03766666666666666,0.10533333333333335,35.73533333333333,0.09933333333333333,0.1913333333333333,51.77733333333334,0.08099999999999999,0.10299999999999998,80.392,0.004666666666666667,0.04466666666666667,1.1506666666666665,0.007333333333333333,0.10533333333333332,0.07200000000000001,0.05666666666666667,0.011,0.431
79,81,2014-01-25,1,2,2013-2014,Brasília,Flamengo,0,0.42033333333333334,0.173,0.18466666666666667,0.06266666666666668,0.1766666666666667,0.04000000000000001,0.13666666666666666,0.081,0.05566666666666667,1.7173333333333334,0.05766666666666668,0.14733333333333334,39.22799999999999,0.09233333333333334,0.174,53.913999999999994,0.06266666666666668,0.07833333333333334,79.60200000000002,0.007333333333333332,0.04400000000000001,0.8393333333333334,0.014666666666666665,0.09033333333333333,0.16800000000000004,0.05566666666666667,0.008,0.49399999999999994,0.40866666666666673,0.12700000000000003,0.19466666666666665,0.08699999999999998,0.18466666666666667,0.05733333333333335,0.12733333333333335,0.07733333333333334,0.07200000000000002,1.1233333333333335,0.042333333333333334,0.11966666666666667,35.31933333333334,0.09733333333333333,0.18466666666666665,53.24199999999999,0.08699999999999998,0.11400000000000003,76.53666666666666,0.011,0.04333333333333334,0.612,0.012000000000000002,0.10166666666666667,0.12133333333333336,0.07200000000000002,0.012333333333333335,0.4623333333333333
66,72,2014-01-25,1,2,2013-2014,Goiânia,Macaé Basquete,0,0.383,0.10899999999999999,0.20133333333333336,0.07266666666666667,0.16299999999999998,0.04200000000000001,0.121,0.07666666666666666,0.060333333333333336,1.5573333333333332,0.036333333333333336,0.10766666666666666,35.14866666666667,0.10066666666666668,0.189,53.931999999999995,0.07266666666666667,0.09466666666666666,77.42666666666666,0.006000000000000001,0.03933333333333334,0.7853333333333333,0.008666666666666665,0.115,0.07666666666666666,0.060333333333333336,0.015000000000000003,0.4286666666666667,0.39033333333333337,0.11299999999999999,0.19666666666666666,0.08066666666666666,0.149,0.03666666666666666,0.11233333333333334,0.07033333333333333,0.05766666666666667,1.6960000000000002,0.03766666666666667,0.10433333333333335,36.147333333333336,0.09833333333333333,0.1903333333333333,51.533333333333346,0.08066666666666666,0.10166666666666664,81.44800000000001,0.004666666666666667,0.04433333333333334,1.141333333333333,0.007000000000000001,0.10533333333333333,0.06933333333333333,0.05766666666666667,0.012333333333333332,0.42366666666666664
92,93,2014-01-25,2,2,2013-2014,Paulistano,Coop/São José Basketball,0,0.419,0.12699999999999997,0.2,0.092,0.17066666666666666,0.05566666666666666,0.11500000000000002,0.05933333333333334,0.059000000000000004,1.1693333333333333,0.04233333333333334,0.12000000000000001,35.52066666666667,0.1,0.187,53.263999999999996,0.092,0.11266666666666666,80.95333333333335,0.004,0.04966666666666667,0.9266666666666666,0.006333333333333334,0.10666666666666669,0.06466666666666668,0.059000000000000004,0.01,0.4606666666666667,0.40900000000000003,0.128,0.20333333333333334,0.07766666666666668,0.18633333333333332,0.05400000000000001,0.13233333333333336,0.07466666666666667,0.06733333333333333,1.2326666666666666,0.04266666666666667,0.12133333333333335,36.06933333333333,0.10166666666666667,0.19533333333333333,52.09333333333334,0.07766666666666668,0.09800000000000002,79.71866666666668,0.0026666666666666666,0.04000000000000001,0.6086666666666666,0.010333333333333337,0.07266666666666667,0.15600000000000003,0.06733333333333333,0.013000000000000001,0.46033333333333337
73,62,2014-01-25,2,2,2013-2014,Minas,Espírito Santo,1,0.351,0.07600000000000001,0.1993333333333333,0.07566666666666667,0.15666666666666665,0.03766666666666666,0.119,0.06933333333333333,0.06633333333333334,1.114666666666667,0.025333333333333333,0.08,31.986666666666665,0.09966666666666665,0.19866666666666663,50.48133333333333,0.07566666666666667,0.10499999999999998,73.01266666666668,0.008666666666666668,0.045333333333333344,0.7086666666666666,0.012,0.11766666666666667,0.10600000000000002,0.06633333333333334,0.013333333333333334,0.385,0.34500000000000003,0.1275,0.15999999999999998,0.057500000000000016,0.14500000000000002,0.04642857142857144,0.09857142857142856,0.057857142857142864,0.06571428571428571,1.0042857142857142,0.0425,0.12357142857142858,34.53285714285715,0.07999999999999999,0.16571428571428573,48.597142857142856,0.057500000000000016,0.08107142857142859,72.42,0.006428571428571429,0.036428571428571435,0.6264285714285714,0.004642857142857143,0.0967857142857143,0.04785714285714286,0.06571428571428571,0.015,0.3328571428571428
73,61,2014-01-25,2,2,2013-2014,Sesi Franca,Fortaleza B. C. / CFO,1,0.38700000000000007,0.09700000000000002,0.21400000000000005,0.07600000000000001,0.17666666666666664,0.056000000000000015,0.12066666666666669,0.07533333333333332,0.07600000000000001,1.09,0.03233333333333333,0.092,34.61533333333333,0.10700000000000003,0.20466666666666666,52.43533333333333,0.07600000000000001,0.10533333333333333,71.81733333333334,0.007333333333333332,0.04700000000000001,0.6613333333333333,0.014666666666666663,0.09099999999999998,0.17800000000000002,0.07600000000000001,0.011000000000000003,0.4376666666666667,0.3756666666666667,0.083,0.22866666666666666,0.064,0.17466666666666666,0.05233333333333334,0.12233333333333334,0.05866666666666667,0.06266666666666668,1.0366666666666666,0.02766666666666667,0.09200000000000001,30.180000000000003,0.11433333333333333,0.22433333333333336,51.173333333333325,0.064,0.09100000000000001,69.24066666666667,0.013666666666666664,0.051666666666666666,0.9093333333333332,0.01,0.09766666666666667,0.10066666666666667,0.06266666666666668,0.014333333333333337,0.40666666666666657
79,76,2014-01-25,2,2,2013-2014,Uberlândia,Mogi,1,0.42,0.146,0.20600000000000004,0.06800000000000002,0.16566666666666668,0.04766666666666667,0.11800000000000001,0.09366666666666666,0.06300000000000001,1.6053333333333335,0.048666666666666664,0.11533333333333333,41.92466666666667,0.10300000000000002,0.19066666666666665,54.61599999999999,0.06800000000000002,0.08833333333333333,79.09466666666665,0.017333333333333333,0.04200000000000001,0.6926666666666665,0.012666666666666666,0.10266666666666667,0.12466666666666666,0.06300000000000001,0.015666666666666666,0.4963333333333333,0.3936666666666666,0.09899999999999999,0.19933333333333333,0.09533333333333334,0.18133333333333335,0.06133333333333334,0.12000000000000001,0.06400000000000002,0.069,1.0173333333333334,0.033,0.09600000000000002,35.07,0.09966666666666667,0.20266666666666666,49.02666666666667,0.09533333333333334,0.12833333333333333,73.70133333333334,0.005000000000000001,0.05100000000000001,0.7706666666666666,0.007333333333333334,0.10666666666666667,0.07000000000000002,0.069,0.014000000000000002,0.4293333333333333
93,81,2014-01-25,2,2,2013-2014,Limeira,Palmeiras,1,0.37133333333333335,0.11900000000000001,0.188,0.06433333333333333,0.15966666666666668,0.036000000000000004,0.12366666666666666,0.07566666666666665,0.056666666666666664,1.4566666666666668,0.03966666666666666,0.1,40.25533333333333,0.094,0.18366666666666667,51.255333333333326,0.06433333333333333,0.08866666666666666,73.202,0.0026666666666666666,0.042333333333333334,0.8093333333333333,0.011999999999999999,0.10333333333333333,0.11600000000000003,0.056666666666666664,0.010333333333333333,0.42999999999999994,0.39866666666666656,0.106,0.22466666666666668,0.06800000000000002,0.1753333333333333,0.05833333333333335,0.117,0.07066666666666667,0.06633333333333334,1.21,0.035333333333333335,0.10800000000000001,33.476,0.11233333333333334,0.20999999999999996,54.474666666666664,0.06800000000000002,0.09899999999999999,69.38933333333334,0.013333333333333334,0.04800000000000002,0.8126666666666666,0.012000000000000004,0.10033333333333336,0.12066666666666667,0.06633333333333334,0.020000000000000004,0.43700000000000006
90,73,2014-01-27,8,2,2013-2014,Flamengo,Espírito Santo,1,0.4076666666666667,0.12899999999999998,0.19533333333333333,0.08333333333333331,0.186,0.05933333333333334,0.12666666666666665,0.07733333333333334,0.07000000000000002,1.1533333333333333,0.043,0.12133333333333335,35.36333333333334,0.09766666666666667,0.18699999999999997,52.89266666666666,0.08333333333333331,0.11,75.93066666666667,0.010333333333333333,0.043666666666666666,0.6486666666666667,0.010000000000000002,0.10100000000000003,0.09933333333333336,0.07000000000000002,0.012666666666666668,0.4603333333333333,0.3426666666666666,0.12199999999999998,0.16,0.06066666666666668,0.14600000000000002,0.04600000000000001,0.1,0.05600000000000001,0.068,0.9573333333333334,0.04066666666666667,0.12166666666666667,33.28333333333334,0.08,0.16566666666666668,48.589333333333336,0.06066666666666668,0.0836666666666667,73.42533333333334,0.006000000000000001,0.03600000000000001,0.6046666666666667,0.005333333333333333,0.10000000000000002,0.051333333333333335,0.068,0.016,0.32833333333333325
76,69,2014-01-28,5,1,2013-2014,Bauru Basket,Minas,1,0.40733333333333327,0.13499999999999998,0.18533333333333335,0.08699999999999998,0.15966666666666668,0.04900000000000001,0.11066666666666668,0.07166666666666667,0.056666666666666664,1.4840000000000004,0.04500000000000001,0.11966666666666667,38.92266666666667,0.09266666666666667,0.178,51.994666666666674,0.08699999999999998,0.11200000000000002,78.60666666666665,0.010333333333333333,0.048000000000000015,0.9466666666666668,0.009999999999999998,0.08600000000000002,0.12400000000000001,0.056666666666666664,0.008666666666666665,0.4546666666666666,0.353,0.08000000000000002,0.19533333333333333,0.07766666666666668,0.15733333333333335,0.038000000000000006,0.11933333333333332,0.07366666666666667,0.06766666666666668,1.1726666666666667,0.02666666666666667,0.08233333333333333,32.99666666666666,0.09766666666666667,0.19666666666666668,49.95133333333333,0.07766666666666668,0.10866666666666665,72.40799999999999,0.008,0.046666666666666676,0.7193333333333333,0.012666666666666668,0.11833333333333333,0.11133333333333335,0.06766666666666668,0.013333333333333334,0.38999999999999996
87,72,2014-01-28,5,2,2013-2014,Brasília,Sesi Franca,1,0.4206666666666667,0.177,0.184,0.05966666666666667,0.179,0.04133333333333334,0.13766666666666666,0.083,0.05566666666666667,1.744,0.059000000000000004,0.14766666666666667,40.074,0.092,0.177,52.82,0.05966666666666667,0.075,79.04666666666665,0.006666666666666666,0.043000000000000003,0.826,0.013999999999999997,0.09033333333333332,0.1606666666666667,0.05566666666666667,0.007333333333333334,0.4949999999999999,0.3896666666666667,0.10000000000000002,0.2166666666666667,0.07300000000000001,0.17633333333333334,0.053000000000000005,0.12333333333333335,0.07633333333333334,0.07333333333333333,1.1506666666666667,0.03333333333333333,0.09633333333333334,35.086666666666666,0.10833333333333335,0.20199999999999999,54.001333333333335,0.07300000000000001,0.10033333333333333,72.52266666666667,0.007666666666666666,0.048000000000000015,0.7146666666666667,0.014999999999999998,0.09066666666666667,0.18200000000000002,0.07333333333333333,0.010333333333333335,0.44766666666666666
79,72,2014-01-30,3,2,2013-2014,Coop/São José Basketball,Minas,1,0.41000000000000003,0.136,0.2046666666666667,0.06933333333333333,0.17766666666666667,0.05166666666666668,0.126,0.07533333333333332,0.06666666666666667,1.252,0.04533333333333334,0.11966666666666669,38.43533333333333,0.10233333333333335,0.19466666666666663,52.55466666666666,0.06933333333333333,0.08733333333333333,80.39133333333334,0.0026666666666666666,0.03866666666666666,0.5960000000000001,0.009999999999999998,0.07200000000000001,0.154,0.06666666666666667,0.014000000000000004,0.46033333333333337,0.34700000000000003,0.07699999999999999,0.19266666666666668,0.07733333333333334,0.1553333333333333,0.03966666666666667,0.11566666666666665,0.071,0.06533333333333334,1.1813333333333336,0.025666666666666667,0.08133333333333333,32.362,0.09633333333333334,0.19199999999999998,50.35133333333333,0.07733333333333334,0.10766666666666665,72.77466666666666,0.008,0.04633333333333334,0.7439999999999999,0.012,0.11600000000000002,0.10933333333333334,0.06533333333333334,0.013333333333333338,0.3846666666666667
87,78,2014-01-30,3,2,2013-2014,Limeira,Paulistano,1,0.37399999999999994,0.11900000000000001,0.18866666666666665,0.06633333333333333,0.158,0.036333333333333336,0.12166666666666667,0.077,0.057666666666666665,1.4553333333333334,0.03966666666666667,0.10266666666666667,39.25133333333334,0.09433333333333332,0.18166666666666667,51.93866666666666,0.06633333333333333,0.08933333333333333,74.18133333333334,0.002666666666666666,0.044000000000000004,0.8260000000000001,0.011,0.10366666666666667,0.10733333333333334,0.057666666666666665,0.011,0.433,0.43100000000000005,0.129,0.20799999999999993,0.094,0.17266666666666666,0.05533333333333334,0.11733333333333335,0.061000000000000006,0.061000000000000006,1.1526666666666665,0.04300000000000001,0.119,36.22533333333333,0.10399999999999997,0.18933333333333333,54.63866666666667,0.094,0.11533333333333334,81.03999999999999,0.004333333333333333,0.05000000000000001,0.8986666666666667,0.007333333333333334,0.10666666666666667,0.07466666666666667,0.061000000000000006,0.011,0.47833333333333333
110,93,2014-01-30,3,2,2013-2014,Bauru Basket,L. Sorocabana,1,0.40233333333333327,0.132,0.18266666666666667,0.08766666666666664,0.16066666666666665,0.04966666666666667,0.111,0.071,0.05666666666666668,1.4706666666666668,0.04400000000000001,0.11866666666666667,38.465333333333334,0.09133333333333334,0.17633333333333334,51.718,0.08766666666666664,0.114,77.77333333333333,0.010666666666666668,0.047333333333333345,0.9333333333333333,0.010333333333333332,0.08733333333333333,0.126,0.05666666666666668,0.008666666666666666,0.44866666666666666,0.378,0.10099999999999999,0.19533333333333333,0.08166666666666668,0.15333333333333332,0.05200000000000001,0.10133333333333334,0.055000000000000014,0.059000000000000004,1.06,0.03366666666666667,0.09566666666666669,35.227333333333334,0.09766666666666667,0.2,49.17733333333333,0.08166666666666668,0.11066666666666666,73.15666666666668,0.007999999999999998,0.052333333333333336,0.9800000000000001,0.010000000000000002,0.11466666666666668,0.09066666666666669,0.059000000000000004,0.011666666666666665,0.39633333333333337
84,76,2014-01-30,3,2,2013-2014,Flamengo,Palmeiras,1,0.41700000000000004,0.136,0.19266666666666668,0.08833333333333335,0.187,0.05866666666666667,0.12833333333333333,0.07866666666666668,0.07033333333333334,1.1673333333333331,0.04533333333333334,0.12133333333333333,37.484,0.09633333333333334,0.184,52.947333333333326,0.08833333333333335,0.11800000000000001,74.11266666666666,0.009333333333333334,0.044666666666666674,0.6600000000000001,0.009333333333333336,0.10233333333333335,0.09266666666666669,0.07033333333333334,0.012000000000000002,0.473,0.40199999999999997,0.10700000000000001,0.228,0.06700000000000002,0.1733333333333333,0.056333333333333346,0.117,0.07200000000000001,0.06633333333333333,1.2273333333333334,0.035666666666666666,0.10800000000000001,33.92066666666666,0.114,0.20766666666666664,55.634666666666675,0.06700000000000002,0.096,70.11333333333333,0.013000000000000001,0.045333333333333344,0.7773333333333332,0.010666666666666668,0.10100000000000002,0.11,0.06633333333333333,0.020000000000000004,0.442
82,76,2014-01-30,3,2,2013-2014,Mogi,Goiânia,1,0.39299999999999996,0.09899999999999998,0.1993333333333334,0.09466666666666669,0.17700000000000002,0.061000000000000006,0.11600000000000002,0.06433333333333335,0.06866666666666667,1.026,0.033,0.093,36.08533333333333,0.0996666666666667,0.20400000000000004,48.70266666666667,0.09466666666666669,0.12699999999999997,74.014,0.006000000000000001,0.055000000000000014,0.8333333333333333,0.006666666666666667,0.10800000000000001,0.06266666666666668,0.06866666666666667,0.014666666666666666,0.43066666666666664,0.38366666666666666,0.112,0.19933333333333333,0.07233333333333333,0.16166666666666665,0.04266666666666667,0.119,0.07566666666666667,0.062000000000000006,1.5206666666666666,0.037333333333333336,0.10666666666666667,36.105999999999995,0.09966666666666667,0.189,53.431999999999995,0.07233333333333333,0.094,77.66466666666665,0.006333333333333334,0.03933333333333334,0.7680000000000001,0.008,0.11433333333333333,0.07133333333333333,0.062000000000000006,0.014000000000000004,0.42600000000000005
88,77,2014-01-30,3,2,2013-2014,Fortaleza B. C. / CFO,Brasília,1,0.37100000000000005,0.08600000000000001,0.2193333333333333,0.06566666666666666,0.17633333333333334,0.05300000000000001,0.12333333333333331,0.059000000000000004,0.066,1.0126666666666668,0.02866666666666667,0.09233333333333334,31.418000000000003,0.10966666666666665,0.21933333333333335,50.158,0.06566666666666666,0.09266666666666669,69.95266666666666,0.013,0.05033333333333335,0.8373333333333333,0.009666666666666665,0.09833333333333334,0.09733333333333333,0.066,0.014666666666666668,0.4,0.42633333333333323,0.17700000000000002,0.18733333333333332,0.062000000000000006,0.18266666666666664,0.04400000000000001,0.13866666666666666,0.08633333333333335,0.052000000000000005,1.8973333333333333,0.059000000000000004,0.14933333333333332,39.756666666666675,0.09366666666666666,0.1796666666666667,52.94866666666667,0.062000000000000006,0.07633333333333334,80.852,0.007,0.04133333333333334,0.854,0.015333333333333334,0.08799999999999998,0.1826666666666667,0.052000000000000005,0.006000000000000001,0.5093333333333333
88,72,2014-02-01,4,2,2013-2014,Coop/São José Basketball,Espírito Santo,1,0.41000000000000003,0.13699999999999998,0.206,0.067,0.18133333333333332,0.054333333333333345,0.12700000000000003,0.078,0.06533333333333333,1.3186666666666667,0.04566666666666667,0.12200000000000004,38.038000000000004,0.103,0.19666666666666666,52.37800000000001,0.067,0.08466666666666667,80.348,0.0023333333333333335,0.03866666666666667,0.6093333333333334,0.010666666666666666,0.07033333333333333,0.1693333333333333,0.06533333333333333,0.012333333333333335,0.4656666666666666,0.3443333333333333,0.11800000000000001,0.16666666666666666,0.05966666666666667,0.14533333333333337,0.046333333333333344,0.09900000000000002,0.054666666666666676,0.07099999999999998,0.8766666666666667,0.03933333333333334,0.12133333333333333,32.1,0.08333333333333333,0.17066666666666666,48.916666666666664,0.05966666666666667,0.08300000000000002,72.97066666666667,0.006333333333333333,0.038333333333333344,0.6180000000000001,0.004666666666666667,0.101,0.04466666666666667,0.07099999999999998,0.017,0.3236666666666666
77,90,2014-02-01,4,2,2013-2014,Bauru Basket,Paulistano,0,0.4106666666666667,0.132,0.18933333333333338,0.08933333333333332,0.16066666666666668,0.04866666666666667,0.11199999999999997,0.07566666666666665,0.055,1.5646666666666669,0.04400000000000001,0.11966666666666666,37.74133333333334,0.09466666666666669,0.1786666666666667,52.868,0.08933333333333332,0.11433333333333333,78.73066666666665,0.010666666666666668,0.047000000000000014,0.9406666666666667,0.010333333333333332,0.09000000000000001,0.12266666666666666,0.055,0.008666666666666666,0.4643333333333333,0.428,0.12700000000000003,0.20866666666666664,0.09233333333333334,0.16933333333333334,0.055333333333333345,0.114,0.06333333333333332,0.057000000000000016,1.2613333333333332,0.04233333333333334,0.11866666666666666,35.699333333333335,0.10433333333333332,0.19233333333333333,54.00933333333334,0.09233333333333334,0.11633333333333334,78.07733333333334,0.004,0.05200000000000002,0.9840000000000001,0.007000000000000001,0.10633333333333334,0.07200000000000001,0.057000000000000016,0.010666666666666668,0.47433333333333333
69,71,2014-02-01,4,2,2013-2014,Limeira,L. Sorocabana,0,0.3789999999999999,0.12200000000000001,0.18866666666666665,0.06833333333333333,0.158,0.03666666666666667,0.12133333333333335,0.07766666666666668,0.059333333333333335,1.4413333333333334,0.04066666666666666,0.10366666666666667,39.83933333333333,0.09433333333333332,0.181,52.15599999999999,0.06833333333333333,0.09266666666666667,73.22133333333335,0.002666666666666666,0.04466666666666666,0.8293333333333334,0.010333333333333332,0.10333333333333333,0.10133333333333333,0.059333333333333335,0.010000000000000002,0.43633333333333335,0.38433333333333336,0.10400000000000001,0.19466666666666665,0.08566666666666668,0.14966666666666667,0.05100000000000001,0.09866666666666668,0.05600000000000001,0.05833333333333334,1.0873333333333335,0.034666666666666665,0.09600000000000002,35.96066666666666,0.09733333333333333,0.20133333333333334,48.547333333333334,0.08566666666666668,0.11433333333333333,74.34733333333334,0.007666666666666666,0.051000000000000004,0.9673333333333335,0.009333333333333334,0.11800000000000001,0.08200000000000002,0.05833333333333334,0.011666666666666665,0.39799999999999996
101,93,2014-02-01,4,2,2013-2014,Macaé Basquete,Palmeiras,1,0.386,0.11299999999999999,0.196,0.077,0.148,0.03333333333333333,0.11466666666666668,0.07,0.05733333333333334,1.6960000000000002,0.03766666666666666,0.10433333333333333,36.147333333333336,0.098,0.18533333333333332,52.790000000000006,0.077,0.096,81.50666666666667,0.004333333333333332,0.044666666666666674,1.15,0.007000000000000001,0.103,0.07066666666666667,0.05733333333333334,0.012333333333333332,0.4253333333333334,0.3966666666666666,0.10200000000000001,0.23333333333333336,0.06133333333333335,0.16999999999999998,0.05500000000000002,0.115,0.073,0.06566666666666666,1.246,0.034,0.10566666666666666,32.97866666666667,0.11666666666666668,0.21066666666666667,56.00333333333333,0.06133333333333335,0.089,69.41533333333334,0.012333333333333333,0.046666666666666676,0.7973333333333332,0.010333333333333335,0.099,0.10866666666666668,0.06566666666666666,0.019333333333333334,0.4376666666666667
102,85,2014-02-01,4,2,2013-2014,Fortaleza B. C. / CFO,Goiânia,1,0.3793333333333333,0.09299999999999999,0.22066666666666665,0.06566666666666668,0.182,0.05300000000000001,0.12899999999999998,0.063,0.066,1.1013333333333335,0.03100000000000001,0.09000000000000001,35.22733333333334,0.11033333333333332,0.22000000000000006,50.309333333333335,0.06566666666666668,0.09266666666666667,69.95266666666666,0.013666666666666666,0.05200000000000001,0.8746666666666666,0.009666666666666665,0.10033333333333336,0.09533333333333334,0.066,0.015000000000000003,0.4243333333333333,0.384,0.112,0.1993333333333333,0.07266666666666667,0.15933333333333335,0.04433333333333334,0.115,0.07899999999999999,0.06066666666666666,1.5779999999999998,0.03733333333333334,0.10799999999999997,35.382,0.09966666666666665,0.19066666666666668,52.981333333333325,0.07266666666666667,0.09499999999999999,77.34733333333334,0.006333333333333334,0.041666666666666664,0.8086666666666668,0.008333333333333333,0.11566666666666668,0.07266666666666667,0.06066666666666666,0.014000000000000002,0.42766666666666675
85,90,2014-02-01,4,2,2013-2014,Mogi,Brasília,0,0.392,0.09799999999999999,0.19866666666666666,0.09533333333333334,0.18033333333333337,0.065,0.11533333333333333,0.06600000000000002,0.07066666666666667,1.0253333333333334,0.03266666666666666,0.09633333333333335,34.386,0.09933333333333333,0.20033333333333336,49.47066666666667,0.09533333333333334,0.12933333333333333,72.90266666666668,0.006333333333333334,0.05366666666666668,0.8039999999999999,0.006000000000000001,0.10800000000000001,0.05666666666666668,0.07066666666666667,0.015333333333333332,0.4286666666666667,0.4183333333333333,0.16699999999999998,0.1833333333333333,0.068,0.188,0.046333333333333344,0.14166666666666666,0.082,0.05566666666666666,1.7026666666666666,0.05566666666666668,0.14899999999999997,37.36333333333333,0.09166666666666665,0.17866666666666664,51.821333333333335,0.068,0.08200000000000002,82.37266666666666,0.007666666666666666,0.04133333333333333,0.8179999999999998,0.01566666666666667,0.08899999999999998,0.186,0.05566666666666666,0.005666666666666667,0.49533333333333335
71,80,2014-02-01,4,2,2013-2014,Flamengo,Pinheiros,0,0.41333333333333333,0.14,0.1886666666666667,0.08466666666666667,0.1856666666666667,0.05866666666666667,0.127,0.07833333333333334,0.07100000000000001,1.1433333333333333,0.04666666666666666,0.12566666666666668,37.29666666666666,0.09433333333333335,0.18066666666666667,52.89733333333333,0.08466666666666667,0.11233333333333335,74.89599999999999,0.008666666666666666,0.048000000000000015,0.7093333333333333,0.008000000000000002,0.10033333333333336,0.0826666666666667,0.07100000000000001,0.011333333333333334,0.4693333333333333,0.43766666666666665,0.16399999999999998,0.20466666666666666,0.069,0.16833333333333333,0.04033333333333334,0.128,0.08566666666666665,0.062000000000000006,1.4853333333333332,0.054666666666666676,0.13033333333333333,42.045333333333346,0.10233333333333333,0.17866666666666667,57.176,0.069,0.09133333333333332,74.93599999999999,0.012333333333333333,0.04866666666666668,0.8386666666666668,0.019000000000000006,0.09066666666666667,0.21533333333333332,0.062000000000000006,0.009333333333333336,0.523
77,80,2014-02-03,3,2,2013-2014,Macaé Basquete,Pinheiros,0,0.397,0.11999999999999998,0.192,0.085,0.14699999999999996,0.03133333333333334,0.11566666666666667,0.07466666666666666,0.05999999999999999,1.7266666666666666,0.04000000000000001,0.10433333333333335,38.74,0.096,0.18166666666666667,52.790000000000006,0.085,0.10633333333333334,80.30999999999999,0.004666666666666666,0.04633333333333334,1.1520000000000001,0.008333333333333333,0.10466666666666666,0.08,0.05999999999999999,0.012333333333333333,0.442,0.43200000000000005,0.15899999999999997,0.2013333333333333,0.07166666666666667,0.169,0.040000000000000015,0.129,0.08266666666666665,0.06266666666666668,1.4013333333333335,0.05300000000000001,0.12866666666666665,41.316,0.10066666666666665,0.17833333333333334,56.456,0.07166666666666667,0.09433333333333332,75.53266666666667,0.012333333333333333,0.05033333333333334,0.8566666666666669,0.019333333333333334,0.09166666666666669,0.218,0.06266666666666668,0.010000000000000002,0.5146666666666667
90,59,2014-02-03,7,2,2013-2014,Flamengo,Minas,1,0.41033333333333327,0.142,0.18533333333333335,0.083,0.18333333333333338,0.057000000000000016,0.12633333333333333,0.08066666666666666,0.07100000000000001,1.172,0.04733333333333334,0.12566666666666668,37.876666666666665,0.09266666666666667,0.17866666666666667,52.539333333333325,0.083,0.111,74.18933333333334,0.008666666666666666,0.04633333333333334,0.6886666666666668,0.007000000000000001,0.1,0.07133333333333335,0.07100000000000001,0.011000000000000001,0.4643333333333334,0.34900000000000003,0.072,0.20199999999999999,0.07500000000000001,0.16133333333333333,0.044333333333333336,0.11699999999999999,0.06833333333333333,0.064,1.1573333333333335,0.024000000000000007,0.08299999999999999,29.730666666666664,0.10099999999999999,0.20266666666666666,49.952000000000005,0.07500000000000001,0.10433333333333332,73.39066666666668,0.009000000000000001,0.048000000000000015,0.8093333333333332,0.012333333333333333,0.11533333333333334,0.11333333333333336,0.064,0.012000000000000004,0.385
84,82,2014-02-06,5,2,2013-2014,Pinheiros,Mogi,1,0.4313333333333334,0.15699999999999997,0.19666666666666666,0.07766666666666668,0.17033333333333336,0.03933333333333334,0.131,0.08066666666666666,0.06366666666666668,1.352,0.05233333333333335,0.12833333333333333,40.882666666666665,0.09833333333333333,0.17500000000000002,55.989999999999995,0.07766666666666668,0.09766666666666665,78.43066666666667,0.013000000000000001,0.05033333333333334,0.8386666666666668,0.019333333333333334,0.09066666666666667,0.22066666666666668,0.06366666666666668,0.010000000000000002,0.5156666666666667,0.3936666666666666,0.102,0.19599999999999998,0.09566666666666666,0.1806666666666667,0.06599999999999999,0.11466666666666668,0.06633333333333336,0.06899999999999999,1.0673333333333332,0.033999999999999996,0.09800000000000002,35.05266666666667,0.09799999999999999,0.1996666666666667,49.002,0.09566666666666666,0.12933333333333333,73.18,0.005000000000000001,0.05466666666666668,0.8473333333333333,0.006000000000000001,0.107,0.05666666666666668,0.06899999999999999,0.014999999999999998,0.43299999999999994
75,94,2014-02-06,5,2,2013-2014,Goiânia,Uberlândia,0,0.38,0.10200000000000002,0.20066666666666663,0.07733333333333334,0.15899999999999997,0.043666666666666666,0.11533333333333334,0.076,0.06366666666666666,1.478,0.03400000000000001,0.103,34.1,0.10033333333333332,0.193,52.57933333333333,0.07733333333333334,0.10133333333333334,77.43133333333331,0.006000000000000002,0.043333333333333335,0.8046666666666666,0.008333333333333333,0.114,0.07266666666666667,0.06366666666666666,0.014333333333333335,0.41733333333333344,0.422,0.154,0.202,0.06600000000000002,0.16466666666666666,0.04800000000000001,0.11666666666666667,0.097,0.065,1.614666666666667,0.051333333333333335,0.11866666666666667,43.03066666666667,0.101,0.18466666666666665,55.136666666666656,0.06600000000000002,0.08666666666666667,78.31666666666666,0.01733333333333333,0.040333333333333346,0.6433333333333332,0.012000000000000004,0.10299999999999998,0.11866666666666668,0.065,0.015666666666666666,0.4993333333333334
69,85,2014-02-06,5,2,2013-2014,Palmeiras,Fortaleza B. C. / CFO,0,0.4046666666666667,0.101,0.24066666666666667,0.06300000000000001,0.17200000000000004,0.05766666666666668,0.11433333333333336,0.07100000000000001,0.06366666666666666,1.2413333333333334,0.033666666666666664,0.10433333333333333,33.06733333333333,0.12033333333333333,0.2193333333333333,55.297333333333334,0.06300000000000001,0.093,67.658,0.010666666666666668,0.048000000000000015,0.8233333333333331,0.010666666666666668,0.10233333333333335,0.11000000000000003,0.06366666666666666,0.018000000000000006,0.443,0.38999999999999996,0.09999999999999999,0.22199999999999998,0.068,0.18233333333333335,0.05233333333333334,0.13,0.068,0.065,1.1973333333333334,0.03333333333333334,0.092,36.84733333333334,0.11099999999999999,0.2193333333333334,50.88466666666667,0.068,0.09600000000000002,69.81933333333333,0.014666666666666666,0.052333333333333336,0.8966666666666666,0.009666666666666665,0.10466666666666669,0.09533333333333334,0.065,0.013000000000000005,0.44233333333333325
79,98,2014-02-06,5,2,2013-2014,L. Sorocabana,Flamengo,0,0.3840000000000001,0.10800000000000001,0.188,0.08800000000000002,0.15133333333333335,0.05133333333333334,0.10000000000000003,0.05533333333333333,0.05933333333333335,1.036,0.036000000000000004,0.09866666666666668,36.653333333333336,0.094,0.19766666666666666,47.79666666666667,0.08800000000000002,0.11466666666666668,76.13466666666666,0.008666666666666666,0.05166666666666668,0.9540000000000001,0.009333333333333334,0.11533333333333333,0.08200000000000002,0.05933333333333335,0.012000000000000004,0.39933333333333326,0.4183333333333333,0.148,0.18733333333333338,0.083,0.18633333333333335,0.05733333333333334,0.129,0.083,0.06766666666666668,1.2553333333333332,0.04933333333333334,0.12966666666666668,38.35133333333333,0.09366666666666669,0.17533333333333337,54.376666666666665,0.083,0.11033333333333335,74.54533333333333,0.009000000000000001,0.04533333333333334,0.702,0.006,0.09766666666666665,0.064,0.06766666666666668,0.010333333333333333,0.48200000000000004
110,93,2014-02-06,5,2,2013-2014,Paulistano,Macaé Basquete,1,0.4313333333333333,0.12700000000000003,0.208,0.09633333333333335,0.1703333333333333,0.056000000000000015,0.11433333333333334,0.06433333333333334,0.059333333333333356,1.2326666666666666,0.04233333333333334,0.11766666666666667,36.01733333333333,0.104,0.19099999999999998,54.31066666666666,0.09633333333333335,0.12166666666666667,78.22,0.004333333333333333,0.053666666666666675,0.9746666666666667,0.007333333333333334,0.10533333333333333,0.07533333333333334,0.059333333333333356,0.011666666666666669,0.47966666666666663,0.3923333333333333,0.121,0.18933333333333335,0.082,0.1503333333333333,0.031000000000000003,0.11933333333333336,0.077,0.06233333333333334,1.7033333333333334,0.04033333333333333,0.10533333333333333,38.69533333333334,0.09466666666666668,0.18166666666666667,52.06933333333334,0.082,0.10400000000000001,79.19866666666665,0.004666666666666666,0.04533333333333334,1.0713333333333332,0.009000000000000001,0.10833333333333334,0.08333333333333334,0.06233333333333334,0.012333333333333333,0.4376666666666667
71,77,2014-02-06,5,2,2013-2014,Minas,Bauru Basket,0,0.3406666666666666,0.06599999999999999,0.19866666666666669,0.07600000000000001,0.15799999999999997,0.04366666666666667,0.11433333333333333,0.06533333333333333,0.06366666666666669,1.1053333333333335,0.022000000000000006,0.08199999999999999,27.422666666666665,0.09933333333333334,0.202,49.36866666666666,0.07600000000000001,0.10366666666666666,75.10333333333332,0.008,0.04666666666666667,0.7893333333333332,0.011333333333333332,0.11466666666666668,0.10600000000000002,0.06366666666666669,0.01266666666666667,0.368,0.41433333333333333,0.134,0.19133333333333333,0.08899999999999998,0.16033333333333338,0.04833333333333334,0.11200000000000002,0.07833333333333332,0.05466666666666667,1.6093333333333333,0.044666666666666674,0.12033333333333332,38.126,0.09566666666666666,0.17700000000000005,54.19533333333334,0.08899999999999998,0.11366666666666667,78.91666666666667,0.011000000000000003,0.04500000000000001,0.9153333333333332,0.009666666666666667,0.09166666666666666,0.114,0.05466666666666667,0.007333333333333334,0.471
84,99,2014-02-06,5,2,2013-2014,Espírito Santo,Limeira,0,0.33966666666666673,0.10899999999999999,0.17199999999999996,0.05866666666666668,0.14700000000000005,0.04700000000000002,0.10000000000000003,0.054333333333333345,0.07166666666666664,0.8393333333333334,0.036333333333333336,0.12000000000000001,30.26,0.08599999999999998,0.17366666666666666,49.44133333333333,0.05866666666666668,0.082,72.71866666666666,0.005,0.039000000000000014,0.6133333333333333,0.004666666666666667,0.10066666666666667,0.04533333333333333,0.07166666666666664,0.017666666666666667,0.3183333333333333,0.3766666666666666,0.12200000000000001,0.18666666666666668,0.068,0.16066666666666665,0.03866666666666667,0.12200000000000001,0.07733333333333332,0.05733333333333333,1.4973333333333334,0.04066666666666666,0.10400000000000002,39.68666666666666,0.09333333333333334,0.18066666666666667,51.733333333333334,0.068,0.093,72.324,0.002666666666666666,0.04300000000000001,0.8240000000000001,0.009666666666666667,0.10300000000000001,0.09533333333333333,0.05733333333333333,0.009333333333333334,0.43433333333333335
93,73,2014-02-08,6,2,2013-2014,Pinheiros,Fortaleza B. C. / CFO,1,0.4346666666666667,0.15600000000000006,0.196,0.08266666666666667,0.17066666666666666,0.039666666666666676,0.13099999999999998,0.08199999999999999,0.06566666666666666,1.3253333333333335,0.05200000000000002,0.12733333333333333,40.89333333333333,0.098,0.17266666666666666,56.56733333333332,0.08266666666666667,0.10466666666666666,78.77133333333335,0.013000000000000001,0.05000000000000002,0.8073333333333333,0.019333333333333334,0.09266666666666667,0.21533333333333332,0.06566666666666666,0.011000000000000003,0.519,0.3869999999999999,0.09999999999999999,0.21599999999999994,0.071,0.18233333333333335,0.05066666666666668,0.13166666666666665,0.067,0.06666666666666668,1.1013333333333333,0.03333333333333334,0.091,37.210666666666675,0.10799999999999997,0.2146666666666667,50.580000000000005,0.071,0.09766666666666667,72.01266666666668,0.014000000000000002,0.054,0.8806666666666666,0.011333333333333332,0.103,0.11466666666666668,0.06666666666666668,0.013333333333333336,0.4439999999999999
83,78,2014-02-08,6,2,2013-2014,Goiânia,Sesi Franca,1,0.384,0.10300000000000002,0.20066666666666663,0.08033333333333333,0.1573333333333333,0.044333333333333336,0.11300000000000002,0.07733333333333331,0.06366666666666666,1.4999999999999998,0.03433333333333334,0.09966666666666664,35.50866666666666,0.10033333333333332,0.19433333333333333,52.134666666666675,0.08033333333333333,0.10600000000000002,77.52600000000001,0.006333333333333335,0.04100000000000001,0.7653333333333333,0.008000000000000002,0.11333333333333334,0.06933333333333333,0.06366666666666666,0.014999999999999998,0.4190000000000001,0.383,0.09800000000000002,0.21666666666666673,0.06833333333333334,0.177,0.05233333333333333,0.12466666666666669,0.07333333333333333,0.07366666666666667,1.0846666666666667,0.03266666666666666,0.09633333333333334,34.302666666666674,0.10833333333333336,0.2063333333333333,53.17133333333334,0.06833333333333334,0.09299999999999999,72.92666666666668,0.007333333333333333,0.04700000000000001,0.6913333333333334,0.013,0.09166666666666669,0.15133333333333338,0.07366666666666667,0.010333333333333335,0.43299999999999994
98,91,2014-02-08,6,2,2013-2014,Palmeiras,Mogi,1,0.4046666666666666,0.10099999999999999,0.242,0.06166666666666668,0.17133333333333337,0.053333333333333344,0.11800000000000001,0.07066666666666667,0.064,1.2333333333333336,0.033666666666666664,0.10433333333333335,33.06733333333333,0.121,0.217,56.068,0.06166666666666668,0.09200000000000001,66.91266666666667,0.011666666666666667,0.04766666666666667,0.8173333333333334,0.011000000000000003,0.10133333333333333,0.11400000000000002,0.064,0.017333333333333336,0.44433333333333336,0.39133333333333337,0.10200000000000001,0.19533333333333333,0.09399999999999999,0.1813333333333334,0.06666666666666667,0.11466666666666665,0.06633333333333334,0.068,1.088,0.034,0.099,34.72533333333333,0.09766666666666667,0.202,48.20866666666667,0.09399999999999999,0.12933333333333333,71.98933333333333,0.004333333333333333,0.05400000000000002,0.8486666666666666,0.005333333333333334,0.10800000000000001,0.05066666666666667,0.068,0.014666666666666668,0.42566666666666664
67,98,2014-02-08,6,2,2013-2014,Paulistano,Flamengo,0,0.4486666666666667,0.132,0.2153333333333333,0.10133333333333333,0.16866666666666666,0.05700000000000001,0.11166666666666668,0.06800000000000002,0.058666666666666686,1.301333333333333,0.04400000000000001,0.11866666666666666,36.97933333333334,0.10766666666666665,0.19333333333333333,55.765333333333324,0.10133333333333333,0.12566666666666668,80.00600000000001,0.004666666666666667,0.053666666666666675,0.9846666666666665,0.006666666666666667,0.10800000000000001,0.06866666666666667,0.058666666666666686,0.011333333333333336,0.502,0.42533333333333334,0.151,0.18533333333333338,0.089,0.18433333333333335,0.05566666666666667,0.12866666666666665,0.08266666666666667,0.06733333333333333,1.2566666666666668,0.05033333333333333,0.129,39.376666666666665,0.09266666666666669,0.174,54.24733333333334,0.089,0.1146666666666667,77.18599999999999,0.008333333333333333,0.04633333333333334,0.7213333333333334,0.004666666666666667,0.10066666666666665,0.04933333333333333,0.06733333333333333,0.009333333333333332,0.49033333333333334
64,62,2014-02-08,6,2,2013-2014,Minas,Limeira,1,0.3419999999999999,0.07499999999999998,0.194,0.073,0.15899999999999997,0.04766666666666667,0.11133333333333334,0.06633333333333333,0.06233333333333335,1.1386666666666667,0.025000000000000005,0.08533333333333332,29.808666666666667,0.097,0.20266666666666666,48.038666666666664,0.073,0.103,72.43666666666667,0.007333333333333333,0.04900000000000001,0.836,0.011000000000000003,0.11299999999999999,0.10400000000000002,0.06233333333333335,0.012000000000000004,0.36899999999999994,0.3819999999999999,0.12900000000000003,0.18400000000000002,0.06899999999999999,0.15933333333333335,0.04033333333333334,0.11900000000000001,0.07533333333333332,0.05833333333333335,1.4173333333333333,0.043,0.109,39.49066666666667,0.09200000000000001,0.18,51.208666666666666,0.06899999999999999,0.093,73.574,0.0013333333333333333,0.04300000000000001,0.7986666666666667,0.009000000000000001,0.10433333333333335,0.08733333333333335,0.05833333333333335,0.009666666666666667,0.4323333333333334
85,88,2014-02-08,6,2,2013-2014,Espírito Santo,Bauru Basket,0,0.35000000000000003,0.108,0.18133333333333332,0.06066666666666667,0.147,0.046000000000000006,0.10100000000000002,0.055000000000000014,0.07166666666666667,0.8506666666666667,0.036000000000000004,0.12166666666666667,29.248,0.09066666666666666,0.17333333333333334,52.16066666666666,0.06066666666666667,0.08466666666666667,72.71866666666666,0.005,0.039000000000000014,0.6133333333333333,0.004333333333333332,0.10066666666666668,0.04133333333333334,0.07166666666666667,0.01733333333333333,0.3313333333333333,0.4106666666666666,0.13399999999999998,0.18533333333333335,0.09133333333333332,0.15900000000000006,0.048000000000000015,0.111,0.07733333333333332,0.05566666666666666,1.5833333333333333,0.04466666666666667,0.12066666666666667,37.983333333333334,0.09266666666666667,0.17300000000000004,53.686,0.09133333333333332,0.11466666666666667,80.64933333333333,0.010000000000000002,0.044000000000000004,0.8926666666666666,0.011000000000000001,0.09266666666666665,0.126,0.05566666666666666,0.007333333333333333,0.46633333333333327
73,54,2014-02-08,6,2,2013-2014,L. Sorocabana,Macaé Basquete,1,0.388,0.105,0.1893333333333333,0.09366666666666666,0.15066666666666664,0.05166666666666667,0.09900000000000002,0.05633333333333333,0.05666666666666667,1.0746666666666667,0.03500000000000001,0.09866666666666668,35.744,0.09466666666666665,0.2006666666666667,47.33133333333333,0.09366666666666666,0.121,76.984,0.008666666666666666,0.05233333333333334,0.9840000000000001,0.009666666666666667,0.11766666666666667,0.08400000000000002,0.05666666666666667,0.010666666666666668,0.4033333333333334,0.3936666666666666,0.125,0.18333333333333332,0.08533333333333333,0.145,0.029000000000000005,0.11600000000000002,0.07633333333333334,0.06399999999999999,1.6786666666666668,0.04166666666666667,0.10800000000000001,38.83400000000001,0.09166666666666666,0.17400000000000002,53.02733333333334,0.08533333333333333,0.10733333333333334,79.92466666666665,0.005333333333333332,0.04400000000000001,1.046,0.009333333333333334,0.111,0.08466666666666668,0.06399999999999999,0.014,0.4336666666666667
94,87,2014-02-10,4,2,2013-2014,Uberlândia,Sesi Franca,1,0.42833333333333334,0.16699999999999998,0.19466666666666665,0.06666666666666668,0.16433333333333333,0.048000000000000015,0.11633333333333333,0.09733333333333331,0.06333333333333334,1.6646666666666667,0.055666666666666656,0.12433333333333335,44.55866666666666,0.09733333333333333,0.17899999999999996,54.562000000000005,0.06666666666666668,0.08733333333333333,78.40933333333332,0.017666666666666664,0.03966666666666667,0.6519999999999999,0.011333333333333336,0.10200000000000001,0.11333333333333333,0.06333333333333334,0.014999999999999998,0.5066666666666667,0.38866666666666666,0.10400000000000001,0.21533333333333335,0.06933333333333333,0.174,0.054000000000000006,0.12000000000000002,0.07466666666666667,0.07266666666666667,1.118,0.034666666666666665,0.09833333333333333,35.73466666666666,0.10766666666666667,0.20433333333333337,53.315999999999995,0.06933333333333333,0.09466666666666668,72.66133333333333,0.007666666666666667,0.04733333333333334,0.706,0.013000000000000001,0.09366666666666666,0.14800000000000002,0.07266666666666667,0.010000000000000002,0.43899999999999995
73,81,2014-02-11,2,2,2013-2014,Pinheiros,Bauru Basket,0,0.43633333333333335,0.155,0.19799999999999998,0.08333333333333333,0.1726666666666667,0.04133333333333334,0.13133333333333333,0.08366666666666668,0.06833333333333333,1.2893333333333332,0.05166666666666668,0.12533333333333332,41.11533333333333,0.09899999999999999,0.17566666666666667,56.17733333333332,0.08333333333333333,0.10566666666666664,78.69733333333333,0.013666666666666667,0.05033333333333334,0.7693333333333333,0.018666666666666668,0.092,0.21,0.06833333333333333,0.011666666666666669,0.5206666666666667,0.41633333333333333,0.13500000000000004,0.18733333333333332,0.094,0.1643333333333334,0.049000000000000016,0.11533333333333334,0.077,0.05766666666666666,1.5493333333333337,0.04500000000000001,0.11966666666666664,38.47333333333333,0.09366666666666666,0.1756666666666667,53.49333333333334,0.094,0.114,82.64333333333335,0.009666666666666667,0.04266666666666667,0.8533333333333333,0.012333333333333333,0.09433333333333335,0.13799999999999998,0.05766666666666666,0.008,0.478
85,67,2014-02-13,7,2,2013-2014,Macaé Basquete,Espírito Santo,1,0.38999999999999996,0.12399999999999997,0.18200000000000002,0.084,0.14500000000000002,0.030333333333333337,0.11466666666666668,0.07366666666666667,0.06366666666666668,1.6493333333333333,0.04133333333333334,0.10833333333333335,38.366666666666674,0.09100000000000001,0.174,52.56733333333333,0.084,0.10566666666666667,79.81466666666667,0.005999999999999999,0.04333333333333334,1.0399999999999998,0.009666666666666667,0.11,0.08866666666666669,0.06366666666666668,0.014999999999999998,0.42633333333333334,0.3566666666666667,0.11000000000000001,0.18533333333333332,0.06133333333333333,0.152,0.049666666666666665,0.10233333333333332,0.05766666666666667,0.06933333333333332,0.9653333333333334,0.036666666666666674,0.12199999999999998,29.604666666666663,0.09266666666666666,0.18066666666666667,51.38933333333332,0.06133333333333333,0.08466666666666668,73.45933333333333,0.005000000000000001,0.03866666666666667,0.6653333333333333,0.006333333333333332,0.10366666666666664,0.05733333333333334,0.06933333333333332,0.017333333333333333,0.3453333333333334
81,73,2014-02-13,7,2,2013-2014,Limeira,Coop/São José Basketball,1,0.37799999999999995,0.128,0.18066666666666667,0.06933333333333333,0.16100000000000003,0.04033333333333334,0.12066666666666667,0.073,0.06033333333333334,1.3459999999999999,0.04266666666666666,0.10966666666666668,38.82399999999999,0.09033333333333333,0.17733333333333334,50.918000000000006,0.06933333333333333,0.09533333333333334,72.49266666666666,0.0006666666666666666,0.04400000000000001,0.7940000000000002,0.009333333333333334,0.105,0.09066666666666669,0.06033333333333334,0.009000000000000001,0.42499999999999993,0.414,0.137,0.208,0.069,0.18566666666666667,0.055000000000000014,0.13066666666666668,0.08233333333333333,0.06566666666666668,1.3739999999999997,0.04566666666666667,0.12300000000000001,37.8,0.104,0.19533333333333333,53.304,0.069,0.08933333333333333,78.88066666666667,0.002,0.03966666666666667,0.6213333333333335,0.011333333333333332,0.07200000000000001,0.174,0.06566666666666668,0.011666666666666667,0.47833333333333333
66,79,2014-02-13,7,2,2013-2014,Mogi,Paulistano,0,0.39200000000000007,0.1,0.198,0.094,0.18200000000000005,0.06666666666666667,0.11533333333333333,0.06633333333333334,0.071,1.0386666666666668,0.03333333333333333,0.09966666666666667,33.92466666666666,0.099,0.20433333333333334,48.25600000000001,0.094,0.12833333333333335,72.444,0.004333333333333333,0.05566666666666668,0.8406666666666666,0.004333333333333332,0.10966666666666666,0.04133333333333333,0.071,0.015000000000000003,0.4233333333333334,0.4399999999999999,0.13,0.21466666666666664,0.09533333333333334,0.1693333333333333,0.06000000000000001,0.10933333333333335,0.06733333333333333,0.06033333333333334,1.2633333333333332,0.04333333333333334,0.12033333333333335,35.94466666666667,0.10733333333333332,0.19533333333333333,55.065999999999995,0.09533333333333334,0.11833333333333335,79.48066666666666,0.005000000000000001,0.05400000000000001,0.9733333333333334,0.006666666666666667,0.10566666666666666,0.06933333333333333,0.06033333333333334,0.012000000000000004,0.48866666666666664
76,77,2014-02-13,7,2,2013-2014,Uberlândia,Pinheiros,0,0.42866666666666664,0.167,0.196,0.06566666666666669,0.16599999999999998,0.047333333333333345,0.11866666666666666,0.096,0.065,1.550666666666667,0.05566666666666666,0.126,43.938,0.098,0.17833333333333332,55.224000000000004,0.06566666666666669,0.08466666666666668,79.236,0.019000000000000003,0.04066666666666667,0.6373333333333334,0.012000000000000004,0.10233333333333335,0.11933333333333333,0.065,0.014666666666666665,0.5086666666666667,0.4283333333333334,0.15200000000000002,0.1953333333333333,0.081,0.16966666666666666,0.04066666666666666,0.129,0.08433333333333334,0.069,1.2893333333333332,0.05066666666666668,0.12400000000000003,40.72666666666667,0.09766666666666665,0.17200000000000001,56.70266666666666,0.081,0.104,77.71466666666667,0.012666666666666668,0.05133333333333334,0.7786666666666666,0.019000000000000003,0.09400000000000001,0.212,0.069,0.011666666666666665,0.513
95,62,2014-02-13,7,2,2013-2014,Sesi Franca,Palmeiras,1,0.39266666666666666,0.10400000000000001,0.21800000000000005,0.07066666666666668,0.17099999999999999,0.054000000000000006,0.11699999999999999,0.07400000000000001,0.07200000000000001,1.118,0.03466666666666666,0.09766666666666665,35.96866666666667,0.10900000000000003,0.20533333333333337,53.717999999999996,0.07066666666666668,0.09533333333333331,73.284,0.007666666666666667,0.04733333333333333,0.7153333333333334,0.012666666666666666,0.093,0.14466666666666667,0.07200000000000001,0.010333333333333335,0.4413333333333333,0.4076666666666667,0.10400000000000001,0.2406666666666667,0.06300000000000001,0.17400000000000002,0.053666666666666675,0.12033333333333335,0.07266666666666667,0.06633333333333333,1.23,0.03466666666666667,0.10300000000000001,34.364000000000004,0.12033333333333335,0.22033333333333335,54.978,0.06300000000000001,0.093,67.236,0.010666666666666666,0.048,0.7946666666666666,0.010000000000000002,0.10233333333333333,0.10600000000000002,0.06633333333333333,0.018333333333333337,0.44766666666666666
92,87,2014-02-13,7,2,2013-2014,Fortaleza B. C. / CFO,L. Sorocabana,1,0.3836666666666667,0.096,0.21866666666666662,0.06899999999999999,0.18433333333333332,0.05266666666666668,0.13166666666666665,0.06566666666666666,0.06600000000000002,1.0893333333333333,0.032,0.091,35.940666666666665,0.10933333333333331,0.21933333333333335,50.07600000000001,0.06899999999999999,0.095,72.04400000000001,0.014000000000000002,0.05566666666666666,0.9093333333333332,0.011333333333333334,0.10333333333333335,0.11400000000000002,0.06600000000000002,0.013000000000000003,0.4396666666666666,0.38166666666666665,0.105,0.18466666666666665,0.09200000000000003,0.152,0.05166666666666668,0.10033333333333336,0.055,0.057666666666666686,1.0186666666666668,0.03500000000000001,0.09966666666666667,35.373333333333335,0.09233333333333332,0.19633333333333336,47.236000000000004,0.09200000000000003,0.11966666666666664,76.54133333333333,0.007333333333333333,0.05100000000000002,0.93,0.008666666666666665,0.11666666666666665,0.07533333333333334,0.057666666666666686,0.011666666666666669,0.3943333333333333
78,76,2014-02-15,8,2,2013-2014,Bauru Basket,Coop/São José Basketball,1,0.41333333333333333,0.132,0.19266666666666668,0.08866666666666667,0.16266666666666665,0.04833333333333334,0.11433333333333333,0.07866666666666666,0.05833333333333333,1.5606666666666669,0.044000000000000004,0.11766666666666666,38.29733333333333,0.09633333333333334,0.17733333333333334,54.59666666666667,0.08866666666666667,0.10866666666666665,81.92933333333333,0.011333333333333334,0.04400000000000001,0.8646666666666666,0.012,0.09499999999999999,0.13466666666666666,0.05833333333333333,0.008,0.47733333333333333,0.41233333333333344,0.137,0.20400000000000001,0.07133333333333333,0.18366666666666667,0.054000000000000006,0.12966666666666668,0.08033333333333333,0.066,1.3426666666666667,0.04566666666666667,0.1206666666666667,38.40466666666667,0.10200000000000001,0.19266666666666668,53.0,0.07133333333333333,0.09233333333333334,78.79733333333334,0.0016666666666666668,0.039333333333333345,0.6140000000000001,0.011000000000000001,0.07566666666666667,0.1633333333333333,0.066,0.012666666666666666,0.474
91,82,2014-02-15,8,2,2013-2014,Brasília,Goiânia,1,0.4213333333333332,0.175,0.1793333333333333,0.06699999999999999,0.18966666666666668,0.04766666666666667,0.142,0.08499999999999999,0.05599999999999999,1.7413333333333332,0.05833333333333334,0.15200000000000002,38.22266666666667,0.08966666666666664,0.176,51.42933333333334,0.06699999999999999,0.08133333333333333,81.718,0.007666666666666666,0.04166666666666667,0.8206666666666665,0.017666666666666667,0.08866666666666664,0.20533333333333334,0.05599999999999999,0.005666666666666667,0.505,0.3876666666666667,0.099,0.2053333333333333,0.08333333333333331,0.16099999999999998,0.044666666666666674,0.11633333333333336,0.07866666666666665,0.06533333333333333,1.4586666666666666,0.03300000000000001,0.09899999999999998,34.43933333333334,0.10266666666666666,0.19333333333333333,53.80133333333333,0.08333333333333331,0.10966666666666666,77.412,0.005666666666666667,0.04233333333333334,0.7646666666666667,0.008333333333333335,0.11333333333333334,0.07266666666666668,0.06533333333333333,0.014666666666666666,0.42966666666666675
85,69,2014-02-15,8,2,2013-2014,Macaé Basquete,Minas,1,0.39099999999999996,0.12299999999999998,0.18266666666666667,0.08533333333333336,0.14533333333333331,0.02866666666666667,0.11666666666666667,0.07400000000000001,0.068,1.2493333333333332,0.041,0.107,38.486000000000004,0.09133333333333334,0.1706666666666667,53.77933333333333,0.08533333333333336,0.10833333333333335,78.81,0.006999999999999998,0.044333333333333336,0.7646666666666665,0.009666666666666667,0.10899999999999999,0.09000000000000001,0.068,0.016,0.428,0.33966666666666673,0.07999999999999999,0.19,0.06966666666666668,0.15733333333333333,0.04733333333333334,0.11000000000000003,0.066,0.06233333333333334,1.1340000000000003,0.02666666666666667,0.08733333333333333,31.29,0.095,0.20033333333333336,47.59866666666665,0.06966666666666668,0.098,72.268,0.007,0.048333333333333346,0.826,0.011333333333333336,0.11166666666666666,0.10800000000000004,0.06233333333333334,0.011000000000000003,0.3659999999999999
54,77,2014-02-15,8,2,2013-2014,Fortaleza B. C. / CFO,Paulistano,0,0.388,0.098,0.21866666666666662,0.07133333333333333,0.1903333333333333,0.053666666666666675,0.1366666666666667,0.06766666666666667,0.06666666666666668,1.1086666666666667,0.03266666666666666,0.09166666666666669,36.334666666666664,0.10933333333333331,0.22200000000000003,49.467999999999996,0.07133333333333333,0.09933333333333334,71.36200000000001,0.014333333333333335,0.056333333333333326,0.9133333333333333,0.011000000000000003,0.10033333333333334,0.11533333333333334,0.06666666666666668,0.013333333333333336,0.44699999999999995,0.4349999999999999,0.129,0.21266666666666667,0.09333333333333331,0.16933333333333334,0.05833333333333335,0.11100000000000002,0.06533333333333334,0.06033333333333335,1.2326666666666666,0.043000000000000003,0.11866666666666666,36.211333333333336,0.10633333333333334,0.195,54.61533333333333,0.09333333333333331,0.11633333333333337,79.28533333333333,0.005333333333333334,0.05466666666666667,0.9833333333333332,0.006666666666666668,0.10700000000000001,0.068,0.06033333333333335,0.013000000000000003,0.483
89,61,2014-02-15,8,2,2013-2014,Mogi,L. Sorocabana,1,0.38766666666666666,0.101,0.19799999999999998,0.08866666666666666,0.18400000000000005,0.06733333333333333,0.1166666666666667,0.067,0.074,0.9933333333333335,0.033666666666666664,0.101,33.64666666666666,0.09899999999999999,0.2046666666666667,48.18533333333334,0.08866666666666666,0.12466666666666669,70.01933333333334,0.004666666666666666,0.056000000000000015,0.8093333333333332,0.0036666666666666657,0.10833333333333336,0.036000000000000004,0.074,0.015000000000000003,0.4153333333333333,0.38366666666666666,0.109,0.184,0.09066666666666666,0.1513333333333333,0.05000000000000002,0.10133333333333334,0.054000000000000006,0.05766666666666668,1.0006666666666668,0.03633333333333334,0.10300000000000001,35.373333333333335,0.092,0.19766666666666668,46.75466666666667,0.09066666666666666,0.11699999999999999,77.52866666666667,0.007666666666666667,0.05266666666666668,0.9600000000000001,0.009333333333333332,0.11499999999999998,0.082,0.05766666666666668,0.011333333333333336,0.39466666666666667
94,74,2014-02-15,8,2,2013-2014,Sesi Franca,Pinheiros,1,0.3963333333333333,0.11000000000000001,0.21066666666666667,0.07566666666666669,0.17433333333333334,0.05566666666666667,0.11866666666666667,0.07100000000000001,0.07333333333333333,1.0786666666666669,0.03666666666666667,0.10033333333333333,36.78,0.10533333333333333,0.20066666666666666,53.041333333333334,0.07566666666666669,0.10066666666666664,73.69133333333333,0.007,0.05,0.7333333333333333,0.013666666666666666,0.09266666666666667,0.15333333333333332,0.07333333333333333,0.011333333333333334,0.4476666666666666,0.4286666666666667,0.147,0.20133333333333336,0.08033333333333334,0.16999999999999998,0.04033333333333333,0.12966666666666668,0.08666666666666667,0.066,1.4200000000000002,0.049000000000000016,0.12233333333333334,39.882,0.10066666666666668,0.174,57.82599999999999,0.08033333333333334,0.10266666666666666,78.042,0.012666666666666668,0.05033333333333334,0.8033333333333332,0.017666666666666667,0.09533333333333334,0.19333333333333336,0.066,0.010666666666666668,0.5183333333333333
79,77,2014-02-15,8,2,2013-2014,Uberlândia,Palmeiras,1,0.426,0.166,0.19133333333333333,0.06866666666666668,0.16266666666666668,0.04533333333333334,0.1173333333333333,0.09766666666666667,0.062000000000000006,1.6893333333333331,0.05533333333333333,0.12499999999999999,43.970000000000006,0.09566666666666666,0.1743333333333333,55.178000000000004,0.06866666666666668,0.09000000000000001,77.86999999999999,0.016666666666666663,0.03866666666666667,0.6386666666666668,0.011666666666666669,0.10166666666666667,0.11600000000000002,0.062000000000000006,0.012666666666666666,0.505,0.4056666666666666,0.098,0.2426666666666667,0.06500000000000002,0.17099999999999999,0.054000000000000006,0.11699999999999999,0.07133333333333332,0.07233333333333333,1.116666666666667,0.03266666666666667,0.10066666666666667,33.154666666666664,0.12133333333333335,0.22166666666666668,55.236666666666665,0.06500000000000002,0.09466666666666666,68.00866666666667,0.010666666666666666,0.050666666666666665,0.768,0.010333333333333335,0.10433333333333333,0.10666666666666667,0.07233333333333333,0.020000000000000004,0.43866666666666665
72,79,2014-02-18,1,2,2013-2014,Limeira,Pinheiros,0,0.3776666666666666,0.12699999999999997,0.18,0.07066666666666667,0.16099999999999998,0.04100000000000001,0.12000000000000001,0.07266666666666667,0.062000000000000006,1.3039999999999998,0.042333333333333334,0.10966666666666668,38.473333333333336,0.09,0.1756666666666667,51.19133333333333,0.07066666666666667,0.098,71.61333333333333,0.0006666666666666666,0.04366666666666667,0.7673333333333333,0.009333333333333336,0.10733333333333332,0.08866666666666667,0.062000000000000006,0.009000000000000001,0.422,0.4213333333333333,0.14400000000000004,0.1953333333333333,0.082,0.172,0.03966666666666666,0.13233333333333336,0.08433333333333334,0.06533333333333333,1.3946666666666665,0.048000000000000015,0.12266666666666667,38.81399999999999,0.09766666666666665,0.1713333333333333,57.03266666666665,0.082,0.10533333333333333,77.65266666666666,0.012666666666666666,0.04900000000000001,0.7906666666666666,0.018333333333333333,0.096,0.19866666666666666,0.06533333333333333,0.009666666666666667,0.5080000000000001
84,75,2014-02-18,6,2,2013-2014,Brasília,Uberlândia,1,0.4236666666666667,0.17700000000000002,0.17866666666666664,0.068,0.18966666666666668,0.04833333333333334,0.14133333333333334,0.08266666666666665,0.05533333333333333,1.711333333333333,0.059000000000000004,0.15600000000000003,37.73,0.08933333333333332,0.17266666666666663,52.95533333333334,0.068,0.08266666666666667,81.88866666666668,0.007333333333333332,0.042,0.8386666666666666,0.018000000000000002,0.08933333333333332,0.20800000000000002,0.05533333333333333,0.005333333333333333,0.5056666666666667,0.431,0.169,0.19466666666666668,0.06733333333333334,0.159,0.04433333333333334,0.11466666666666668,0.09833333333333333,0.06033333333333334,1.787333333333333,0.05633333333333333,0.12733333333333335,44.17266666666667,0.09733333333333334,0.17133333333333337,56.952000000000005,0.06733333333333334,0.09000000000000001,76.20333333333333,0.01633333333333333,0.04066666666666667,0.7206666666666668,0.011666666666666669,0.10133333333333333,0.1166666666666667,0.06033333333333334,0.012666666666666666,0.5126666666666666
82,110,2014-02-25,9,2,2013-2014,Pinheiros,Brasília,0,0.42033333333333334,0.143,0.194,0.08333333333333333,0.16966666666666666,0.03966666666666667,0.13,0.083,0.06366666666666666,1.4199999999999997,0.04766666666666667,0.12333333333333334,38.319333333333326,0.097,0.16899999999999998,57.19733333333333,0.08333333333333333,0.10600000000000001,78.74666666666667,0.012,0.04966666666666668,0.8453333333333333,0.018333333333333333,0.09566666666666666,0.1993333333333333,0.06366666666666666,0.009333333333333334,0.507,0.428,0.17499999999999996,0.184,0.069,0.18933333333333333,0.04666666666666667,0.14266666666666666,0.08466666666666665,0.056333333333333326,1.7239999999999998,0.058333333333333334,0.155,37.528,0.092,0.17166666666666666,54.80733333333333,0.069,0.08366666666666668,81.88866666666668,0.007666666666666665,0.042333333333333334,0.8353333333333333,0.019000000000000003,0.08766666666666664,0.22599999999999998,0.056333333333333326,0.006,0.5159999999999999
79,86,2014-02-25,9,2,2013-2014,Limeira,Bauru Basket,0,0.3716666666666667,0.126,0.1753333333333333,0.07033333333333333,0.161,0.042666666666666665,0.11833333333333335,0.07233333333333333,0.06333333333333334,1.2579999999999998,0.04200000000000001,0.10933333333333334,38.29866666666666,0.08766666666666666,0.17300000000000001,50.715333333333334,0.07033333333333333,0.09699999999999999,72.05733333333333,0.001,0.04266666666666668,0.7293333333333334,0.009666666666666669,0.10466666666666666,0.09266666666666667,0.06333333333333334,0.009666666666666667,0.41466666666666663,0.40800000000000003,0.13099999999999998,0.194,0.08299999999999998,0.16433333333333336,0.04966666666666666,0.11466666666666668,0.07699999999999999,0.05999999999999999,1.4460000000000004,0.04366666666666667,0.11333333333333334,39.34466666666666,0.097,0.18266666666666664,53.70933333333334,0.08299999999999998,0.10266666666666666,80.95333333333335,0.010333333333333335,0.04300000000000001,0.8006666666666666,0.011666666666666665,0.09266666666666667,0.13133333333333333,0.05999999999999999,0.007666666666666667,0.4686666666666666
86,63,2014-02-25,9,2,2013-2014,Palmeiras,Goiânia,1,0.4056666666666666,0.098,0.2426666666666667,0.06499999999999999,0.17,0.05200000000000001,0.11800000000000001,0.06833333333333333,0.0713333333333333,1.0893333333333333,0.03266666666666667,0.096,34.49466666666667,0.12133333333333335,0.222,55.141333333333336,0.06499999999999999,0.09266666666666667,69.49000000000001,0.010333333333333335,0.04966666666666666,0.7586666666666667,0.009666666666666667,0.10333333333333333,0.10133333333333334,0.0713333333333333,0.01666666666666667,0.44033333333333324,0.388,0.102,0.20400000000000001,0.082,0.16199999999999998,0.04366666666666667,0.11833333333333336,0.07633333333333334,0.06533333333333333,1.4226666666666667,0.034,0.09833333333333333,35.73533333333333,0.10200000000000001,0.19466666666666665,53.193999999999996,0.082,0.10833333333333334,77.19,0.005666666666666667,0.04366666666666667,0.7853333333333334,0.009000000000000003,0.11033333333333334,0.08200000000000003,0.06533333333333333,0.014,0.4303333333333334
79,88,2014-02-25,9,2,2013-2014,L. Sorocabana,Sesi Franca,0,0.37966666666666665,0.10999999999999997,0.17933333333333332,0.09033333333333333,0.15066666666666664,0.04833333333333334,0.10233333333333333,0.05333333333333334,0.05833333333333335,0.9773333333333335,0.036666666666666674,0.10600000000000001,34.616,0.08966666666666666,0.19099999999999998,47.112,0.09033333333333333,0.11766666666666666,76.33200000000002,0.007,0.04966666666666668,0.8993333333333334,0.009,0.11366666666666665,0.07866666666666665,0.05833333333333335,0.011000000000000003,0.386,0.3986666666666666,0.111,0.21066666666666672,0.077,0.17733333333333334,0.057000000000000016,0.12033333333333335,0.07033333333333336,0.07200000000000001,1.09,0.037000000000000005,0.102,36.466,0.10533333333333336,0.20333333333333334,52.400666666666666,0.077,0.10166666666666667,74.14,0.008333333333333333,0.05066666666666667,0.7546666666666666,0.013999999999999997,0.09499999999999999,0.154,0.07200000000000001,0.010333333333333335,0.45099999999999996
90,79,2014-02-25,9,2,2013-2014,Paulistano,Uberlândia,1,0.4336666666666666,0.132,0.20600000000000002,0.09566666666666665,0.17466666666666664,0.05800000000000001,0.11666666666666668,0.06466666666666666,0.06400000000000002,1.1313333333333335,0.04400000000000001,0.11833333333333333,36.982666666666674,0.10300000000000001,0.19366666666666668,53.31933333333333,0.09566666666666665,0.11933333333333336,79.43666666666667,0.005666666666666668,0.056000000000000015,0.9486666666666667,0.006333333333333334,0.10800000000000001,0.064,0.06400000000000002,0.014000000000000002,0.48233333333333334,0.42433333333333334,0.16800000000000004,0.18933333333333335,0.067,0.15566666666666665,0.04333333333333334,0.11233333333333335,0.096,0.060666666666666674,1.7393333333333332,0.056,0.128,43.660000000000004,0.09466666666666668,0.1686666666666667,56.245333333333335,0.067,0.08800000000000001,77.58400000000002,0.01633333333333333,0.041666666666666664,0.7326666666666667,0.011666666666666669,0.099,0.11933333333333336,0.060666666666666674,0.013,0.5016666666666667
79,81,2014-02-25,9,2,2013-2014,Minas,Fortaleza B. C. / CFO,0,0.3426666666666666,0.08299999999999999,0.19000000000000003,0.06966666666666667,0.15666666666666668,0.04733333333333334,0.10933333333333334,0.064,0.060666666666666674,1.1286666666666667,0.02766666666666667,0.08600000000000001,32.525999999999996,0.09500000000000001,0.2016666666666667,47.15666666666665,0.06966666666666667,0.10000000000000003,71.114,0.006333333333333334,0.04633333333333333,0.8146666666666665,0.011666666666666669,0.11,0.11133333333333337,0.060666666666666674,0.010666666666666668,0.36533333333333323,0.38600000000000007,0.099,0.21666666666666665,0.07033333333333333,0.19200000000000003,0.055000000000000014,0.137,0.06799999999999999,0.06533333333333334,1.1239999999999999,0.033,0.09500000000000001,35.668,0.10833333333333332,0.22166666666666668,49.07066666666667,0.07033333333333333,0.09866666666666665,70.88666666666667,0.014666666666666668,0.05766666666666666,0.9386666666666668,0.012000000000000002,0.09933333333333333,0.126,0.06533333333333334,0.013333333333333334,0.4466666666666666
70,73,2014-02-25,9,2,2013-2014,Espírito Santo,Mogi,0,0.35900000000000004,0.108,0.1913333333333333,0.059666666666666666,0.15299999999999997,0.04833333333333333,0.10466666666666666,0.05833333333333334,0.07133333333333332,0.964,0.03600000000000001,0.12066666666666667,29.325333333333333,0.09566666666666665,0.18299999999999997,52.53266666666665,0.059666666666666666,0.08033333333333335,74.55133333333333,0.005000000000000001,0.039333333333333345,0.6513333333333332,0.006333333333333332,0.10666666666666667,0.05733333333333334,0.07133333333333332,0.016666666666666666,0.35200000000000004,0.38600000000000007,0.10700000000000001,0.194,0.08499999999999999,0.18100000000000002,0.065,0.116,0.06733333333333333,0.07366666666666667,1.0153333333333334,0.035666666666666666,0.10300000000000001,34.942,0.097,0.201,48.23533333333333,0.08499999999999999,0.12200000000000003,68.59200000000001,0.004666666666666666,0.05733333333333334,0.8446666666666666,0.004,0.10433333333333333,0.043333333333333335,0.07366666666666667,0.015333333333333336,0.41366666666666674
96,88,2014-02-25,9,2,2013-2014,Coop/São José Basketball,Macaé Basquete,1,0.4093333333333334,0.14,0.20333333333333334,0.066,0.17833333333333334,0.05066666666666666,0.12766666666666668,0.08166666666666665,0.06666666666666667,1.3513333333333333,0.046666666666666676,0.12333333333333335,38.54333333333333,0.10166666666666667,0.18933333333333335,54.00800000000001,0.066,0.08499999999999999,80.22599999999998,0.0016666666666666668,0.042000000000000016,0.6486666666666667,0.010666666666666666,0.07600000000000001,0.15866666666666665,0.06666666666666667,0.013000000000000001,0.47200000000000003,0.39333333333333326,0.126,0.18133333333333335,0.08600000000000003,0.14766666666666667,0.028000000000000004,0.11966666666666667,0.07266666666666667,0.06966666666666667,1.134,0.04200000000000001,0.10366666666666667,40.69733333333333,0.09066666666666667,0.16666666666666666,54.669999999999995,0.08600000000000003,0.109,78.97733333333333,0.008333333333333333,0.043333333333333335,0.696,0.009333333333333334,0.10866666666666666,0.08666666666666668,0.06966666666666667,0.017666666666666667,0.43599999999999994
96,86,2014-02-27,10,2,2013-2014,Paulistano,Sesi Franca,1,0.4356666666666666,0.13399999999999998,0.19933333333333333,0.10233333333333333,0.17666666666666667,0.058333333333333334,0.11833333333333333,0.06366666666666668,0.06666666666666668,1.0993333333333335,0.04466666666666667,0.11966666666666669,37.24400000000001,0.09966666666666667,0.19066666666666668,52.467333333333336,0.10233333333333333,0.12466666666666668,81.03199999999998,0.006000000000000001,0.05366666666666667,0.8966666666666667,0.006333333333333334,0.106,0.064,0.06666666666666668,0.014333333333333335,0.4806666666666667,0.4013333333333333,0.112,0.2146666666666667,0.07466666666666667,0.177,0.05800000000000001,0.119,0.07233333333333335,0.069,1.152666666666667,0.037333333333333336,0.10200000000000001,36.79933333333334,0.10733333333333335,0.20600000000000002,52.60866666666666,0.07466666666666667,0.09966666666666667,73.21399999999998,0.009333333333333334,0.05066666666666667,0.7759999999999999,0.013666666666666667,0.09533333333333333,0.14866666666666667,0.069,0.009666666666666667,0.4573333333333333
90,78,2014-02-27,10,2,2013-2014,Pinheiros,Goiânia,1,0.41833333333333333,0.14,0.192,0.08633333333333333,0.17,0.03966666666666666,0.13033333333333336,0.08066666666666666,0.064,1.353333333333333,0.04666666666666667,0.12399999999999999,37.294,0.096,0.16799999999999998,56.92733333333332,0.08633333333333333,0.11066666666666668,77.778,0.011000000000000001,0.05000000000000001,0.8480000000000001,0.018666666666666668,0.09800000000000002,0.1993333333333333,0.064,0.009000000000000001,0.5,0.38433333333333336,0.09999999999999999,0.20133333333333334,0.083,0.16066666666666665,0.04400000000000001,0.11666666666666668,0.074,0.06833333333333333,1.3066666666666669,0.03333333333333333,0.09533333333333333,35.76733333333333,0.10066666666666667,0.19499999999999998,52.411333333333324,0.083,0.111,75.63466666666667,0.005,0.04666666666666667,0.7940000000000002,0.009000000000000001,0.1096666666666667,0.0826666666666667,0.06833333333333333,0.013666666666666667,0.42199999999999993
82,94,2014-02-27,10,2,2013-2014,Palmeiras,Brasília,0,0.4086666666666666,0.10099999999999999,0.23933333333333334,0.06833333333333333,0.16833333333333336,0.05100000000000001,0.11733333333333335,0.071,0.073,1.106,0.03366666666666667,0.09933333333333332,34.218666666666664,0.11966666666666667,0.215,56.15066666666666,0.06833333333333333,0.09466666666666666,71.64866666666667,0.011333333333333336,0.051,0.7586666666666666,0.009333333333333332,0.10566666666666667,0.09266666666666667,0.073,0.015333333333333338,0.448,0.4343333333333333,0.182,0.18533333333333332,0.067,0.188,0.045666666666666675,0.1423333333333333,0.088,0.05533333333333333,1.837333333333333,0.06066666666666667,0.15866666666666668,38.02733333333334,0.09266666666666666,0.17099999999999999,55.45733333333333,0.067,0.08166666666666668,81.60600000000001,0.008333333333333333,0.04233333333333334,0.8486666666666666,0.020333333333333335,0.08866666666666666,0.238,0.05533333333333333,0.006333333333333333,0.5266666666666667
82,74,2014-02-27,10,2,2013-2014,Espírito Santo,Fortaleza B. C. / CFO,1,0.35700000000000004,0.10400000000000001,0.18933333333333335,0.06366666666666668,0.1533333333333333,0.047,0.10633333333333334,0.05500000000000001,0.072,0.9086666666666666,0.034666666666666665,0.11800000000000001,28.961333333333336,0.09466666666666668,0.18033333333333332,52.702666666666666,0.06366666666666668,0.08533333333333334,74.55133333333333,0.004666666666666666,0.041000000000000016,0.6693333333333332,0.006666666666666666,0.10800000000000001,0.06000000000000001,0.072,0.016666666666666666,0.3503333333333334,0.38700000000000007,0.10200000000000001,0.2146666666666667,0.07033333333333333,0.19233333333333333,0.054666666666666676,0.13766666666666666,0.06766666666666668,0.06533333333333334,1.1193333333333333,0.034,0.09366666666666669,37.568,0.10733333333333335,0.2206666666666667,48.89466666666667,0.07033333333333333,0.10099999999999999,69.14066666666668,0.013333333333333334,0.05333333333333334,0.872,0.012,0.10166666666666666,0.12200000000000001,0.06533333333333334,0.013333333333333334,0.44333333333333336
94,93,2014-02-27,10,2,2013-2014,Minas,Mogi,1,0.34933333333333333,0.08499999999999999,0.19200000000000003,0.07233333333333335,0.15733333333333335,0.049000000000000016,0.10833333333333334,0.06666666666666667,0.05733333333333334,1.2153333333333334,0.028333333333333335,0.08666666666666667,33.03533333333333,0.09600000000000002,0.20333333333333334,47.258,0.07233333333333335,0.10400000000000004,70.876,0.007333333333333334,0.04433333333333334,0.8213333333333334,0.012666666666666668,0.111,0.11933333333333335,0.05733333333333334,0.010666666666666668,0.37566666666666665,0.38700000000000007,0.10500000000000001,0.20000000000000004,0.082,0.18133333333333332,0.06666666666666667,0.11466666666666665,0.06933333333333333,0.07266666666666667,1.0386666666666666,0.035,0.10200000000000001,34.452,0.10000000000000002,0.20533333333333334,48.73866666666666,0.082,0.12100000000000001,67.262,0.004666666666666666,0.05733333333333335,0.8499999999999999,0.004666666666666667,0.10800000000000001,0.04666666666666666,0.07266666666666667,0.013666666666666667,0.4156666666666667
90,91,2014-03-06,11,2,2013-2014,Mogi,Coop/São José Basketball,0,0.392,0.109,0.19666666666666668,0.08633333333333333,0.185,0.06799999999999999,0.11699999999999999,0.07,0.07666666666666666,0.9939999999999999,0.03633333333333333,0.10533333333333333,34.57133333333333,0.09833333333333334,0.20333333333333334,48.49133333333334,0.08633333333333333,0.12466666666666668,68.77000000000001,0.004666666666666666,0.05533333333333334,0.7913333333333333,0.005000000000000001,0.11,0.04733333333333333,0.07666666666666666,0.014666666666666666,0.4183333333333333,0.41433333333333344,0.132,0.21000000000000002,0.07233333333333333,0.17933333333333332,0.050666666666666665,0.12866666666666668,0.08199999999999999,0.06866666666666667,1.3219999999999998,0.044000000000000004,0.12200000000000004,36.388,0.10500000000000001,0.19033333333333333,55.34933333333334,0.07233333333333333,0.09300000000000001,80.10466666666666,0.0016666666666666668,0.04233333333333335,0.6286666666666666,0.011000000000000001,0.079,0.16,0.06866666666666667,0.013666666666666666,0.47633333333333333
98,94,2014-03-06,11,2,2013-2014,Macaé Basquete,Bauru Basket,1,0.39399999999999996,0.12699999999999997,0.18000000000000002,0.08700000000000002,0.145,0.027333333333333334,0.11766666666666667,0.07266666666666667,0.06966666666666668,1.134,0.04233333333333334,0.10433333333333333,40.77133333333333,0.09000000000000001,0.167,54.225333333333325,0.08700000000000002,0.10900000000000001,79.97733333333333,0.009,0.045000000000000005,0.7179999999999999,0.009666666666666664,0.108,0.08933333333333333,0.06966666666666668,0.016,0.4356666666666667,0.412,0.12999999999999998,0.198,0.08399999999999999,0.16466666666666668,0.050333333333333334,0.11433333333333334,0.07666666666666666,0.05733333333333334,1.478,0.043333333333333335,0.11333333333333333,39.04133333333334,0.099,0.18366666666666667,54.65933333333333,0.08399999999999999,0.10233333333333333,82.19133333333335,0.010666666666666668,0.039666666666666676,0.7786666666666666,0.010333333333333333,0.09266666666666667,0.11600000000000002,0.05733333333333334,0.007666666666666667,0.4726666666666667
92,90,2014-03-06,11,2,2013-2014,Goiânia,L. Sorocabana,1,0.37766666666666665,0.09899999999999996,0.19866666666666666,0.08000000000000002,0.1623333333333333,0.04633333333333334,0.11600000000000002,0.07200000000000001,0.06733333333333333,1.2946666666666669,0.033,0.09733333333333333,34.818666666666665,0.09933333333333333,0.19766666666666666,50.854,0.08000000000000002,0.10733333333333334,75.69333333333334,0.004666666666666667,0.04700000000000001,0.808,0.008333333333333333,0.11033333333333335,0.07600000000000001,0.06733333333333333,0.012666666666666668,0.41,0.3849999999999999,0.112,0.18533333333333335,0.08766666666666666,0.15033333333333332,0.04700000000000001,0.10333333333333332,0.05600000000000001,0.05833333333333335,1.0213333333333334,0.037333333333333336,0.10700000000000001,34.894666666666666,0.09266666666666667,0.19166666666666668,48.615333333333325,0.08766666666666666,0.11333333333333331,76.14133333333334,0.007000000000000001,0.048333333333333346,0.8766666666666667,0.009000000000000001,0.11166666666666666,0.08066666666666666,0.05833333333333335,0.010666666666666668,0.396
84,65,2014-03-06,11,2,2013-2014,Sesi Franca,Minas,1,0.40233333333333327,0.109,0.21933333333333335,0.07400000000000001,0.175,0.057666666666666665,0.11733333333333332,0.07233333333333335,0.06800000000000002,1.1686666666666667,0.036333333333333336,0.10033333333333333,36.24666666666667,0.10966666666666668,0.20900000000000002,52.86266666666667,0.07400000000000001,0.09800000000000002,73.74733333333333,0.009333333333333334,0.05166666666666667,0.8026666666666665,0.013333333333333334,0.09499999999999999,0.14533333333333331,0.06800000000000002,0.010000000000000002,0.45899999999999996,0.3529999999999999,0.08800000000000001,0.19333333333333336,0.07166666666666668,0.155,0.046333333333333344,0.10866666666666668,0.069,0.05733333333333334,1.2513333333333334,0.029333333333333336,0.08733333333333335,34.04733333333333,0.09666666666666668,0.2043333333333333,47.285999999999994,0.07166666666666668,0.10233333333333335,71.27933333333334,0.006,0.04666666666666666,0.8573333333333333,0.014000000000000002,0.11000000000000003,0.12933333333333336,0.05733333333333334,0.01133333333333333,0.38400000000000006
100,77,2014-03-06,11,2,2013-2014,Brasília,Paulistano,1,0.441,0.18599999999999997,0.188,0.067,0.19099999999999998,0.045333333333333344,0.14566666666666664,0.092,0.05666666666666666,1.878,0.062000000000000006,0.159,38.98133333333333,0.094,0.17099999999999999,56.241333333333344,0.067,0.08233333333333333,81.15733333333334,0.007666666666666666,0.04300000000000001,0.8446666666666666,0.02166666666666667,0.08933333333333332,0.25066666666666665,0.05666666666666666,0.007333333333333332,0.5426666666666667,0.4356666666666667,0.13599999999999998,0.1973333333333334,0.10233333333333333,0.176,0.05966666666666667,0.11633333333333334,0.06433333333333334,0.06733333333333333,1.0966666666666667,0.04533333333333333,0.11933333333333335,37.834666666666664,0.0986666666666667,0.19099999999999998,51.76666666666666,0.10233333333333333,0.12466666666666669,81.03199999999998,0.007000000000000001,0.05400000000000001,0.8933333333333333,0.006000000000000001,0.10466666666666667,0.061333333333333344,0.06733333333333333,0.014333333333333335,0.4796666666666667
74,64,2014-03-08,12,2,2013-2014,Fortaleza B. C. / CFO,Coop/São José Basketball,1,0.388,0.09800000000000002,0.2166666666666667,0.07333333333333332,0.18900000000000003,0.05400000000000002,0.13499999999999998,0.06466666666666666,0.06400000000000002,1.0953333333333333,0.03266666666666666,0.09133333333333335,36.779999999999994,0.10833333333333335,0.223,48.774,0.07333333333333332,0.10566666666666666,69.88133333333333,0.01266666666666667,0.05200000000000002,0.8680000000000001,0.012333333333333333,0.10433333333333335,0.12333333333333335,0.06400000000000002,0.013000000000000003,0.43633333333333335,0.4146666666666667,0.128,0.21066666666666667,0.07600000000000001,0.1796666666666666,0.05033333333333334,0.12933333333333336,0.082,0.06766666666666667,1.3453333333333333,0.04266666666666667,0.12200000000000003,35.400666666666666,0.10533333333333333,0.192,54.99333333333334,0.07600000000000001,0.09800000000000002,80.25133333333335,0.0013333333333333333,0.044,0.6653333333333332,0.010666666666666668,0.07933333333333333,0.156,0.06766666666666667,0.013666666666666666,0.4753333333333333
74,76,2014-03-08,12,2,2013-2014,Goiânia,Paulistano,0,0.37733333333333335,0.10699999999999998,0.19133333333333333,0.079,0.16166666666666665,0.04800000000000001,0.11366666666666667,0.07466666666666667,0.06266666666666668,1.4353333333333333,0.03566666666666666,0.10133333333333333,35.665333333333336,0.09566666666666666,0.19499999999999995,49.83933333333333,0.079,0.10633333333333335,75.48133333333334,0.0036666666666666666,0.04466666666666666,0.808,0.008333333333333333,0.11000000000000003,0.07600000000000001,0.06266666666666668,0.012333333333333335,0.41166666666666657,0.4296666666666667,0.13499999999999998,0.19733333333333336,0.09733333333333334,0.18,0.06033333333333334,0.11966666666666666,0.06266666666666668,0.067,1.0766666666666667,0.045,0.12133333333333335,37.023333333333326,0.09866666666666668,0.1913333333333333,51.67666666666666,0.09733333333333334,0.11866666666666667,81.10466666666667,0.006666666666666666,0.05133333333333335,0.8606666666666668,0.006666666666666667,0.10633333333333335,0.06600000000000002,0.067,0.013666666666666667,0.4726666666666667
85,66,2014-03-08,12,2,2013-2014,Flamengo,Bauru Basket,1,0.43833333333333335,0.157,0.1926666666666667,0.08866666666666666,0.18766666666666668,0.057000000000000016,0.13066666666666665,0.08600000000000001,0.06466666666666668,1.345333333333333,0.05233333333333334,0.132,40.13866666666667,0.09633333333333335,0.17499999999999996,55.88533333333333,0.08866666666666666,0.11566666666666668,75.596,0.009000000000000001,0.04733333333333334,0.76,0.005666666666666667,0.10166666666666666,0.060666666666666674,0.06466666666666668,0.008333333333333333,0.515,0.41666666666666663,0.13899999999999998,0.19533333333333333,0.08233333333333334,0.16333333333333336,0.04966666666666667,0.11366666666666665,0.07833333333333334,0.05766666666666667,1.5013333333333336,0.04633333333333334,0.11699999999999999,40.137333333333345,0.09766666666666667,0.18133333333333332,54.59133333333334,0.08233333333333334,0.10099999999999999,81.596,0.011333333333333336,0.03966666666666667,0.7733333333333333,0.011,0.09366666666666666,0.12133333333333335,0.05766666666666667,0.008,0.4779999999999999
102,65,2014-03-08,12,2,2013-2014,Brasília,L. Sorocabana,1,0.4463333333333333,0.18499999999999997,0.19,0.07133333333333335,0.19199999999999998,0.046666666666666676,0.14533333333333334,0.093,0.05433333333333334,1.9266666666666665,0.06166666666666667,0.15933333333333335,38.690666666666665,0.095,0.17133333333333337,56.765333333333345,0.07133333333333335,0.08733333333333332,81.53400000000002,0.007666666666666666,0.04266666666666667,0.8666666666666667,0.02066666666666667,0.089,0.24266666666666664,0.05433333333333334,0.006666666666666666,0.5503333333333332,0.383,0.10899999999999999,0.18399999999999997,0.09000000000000001,0.14999999999999997,0.048000000000000015,0.10200000000000001,0.056000000000000015,0.057666666666666686,1.0313333333333334,0.036333333333333336,0.10633333333333335,34.318,0.09199999999999998,0.19,48.69266666666667,0.09000000000000001,0.11533333333333333,76.67133333333332,0.006666666666666667,0.04633333333333334,0.8520000000000002,0.009,0.11266666666666668,0.08000000000000002,0.057666666666666686,0.012000000000000002,0.39333333333333337
106,82,2014-03-08,12,2,2013-2014,Sesi Franca,Espírito Santo,1,0.4086666666666667,0.11,0.22133333333333335,0.07733333333333334,0.17433333333333334,0.05866666666666667,0.11566666666666668,0.07133333333333333,0.06466666666666668,1.2086666666666666,0.03666666666666667,0.09833333333333334,37.11800000000001,0.11066666666666668,0.2116666666666667,52.57666666666667,0.07733333333333334,0.10033333333333334,75.50466666666667,0.011333333333333334,0.04933333333333334,0.8053333333333332,0.014000000000000002,0.09233333333333334,0.15999999999999998,0.06466666666666668,0.009333333333333332,0.46699999999999997,0.36433333333333334,0.10200000000000002,0.19333333333333336,0.069,0.1563333333333333,0.04766666666666667,0.10866666666666666,0.054000000000000006,0.06866666666666665,0.9253333333333335,0.034,0.11533333333333333,29.246,0.09666666666666668,0.186,52.332,0.069,0.09066666666666667,76.70666666666666,0.004666666666666666,0.03933333333333334,0.6646666666666667,0.007333333333333333,0.11033333333333335,0.06466666666666666,0.06866666666666665,0.016333333333333335,0.36033333333333334
82,61,2014-03-08,12,2,2013-2014,Uberlândia,Minas,1,0.424,0.168,0.19066666666666668,0.06533333333333334,0.15366666666666667,0.042333333333333334,0.11133333333333335,0.09333333333333332,0.061000000000000006,1.684,0.056000000000000015,0.13266666666666665,42.39,0.09533333333333334,0.16699999999999998,57.09,0.06533333333333334,0.08533333333333333,77.91733333333333,0.016,0.045666666666666654,0.798,0.012000000000000004,0.10300000000000001,0.11800000000000005,0.061000000000000006,0.013000000000000001,0.4993333333333333,0.35400000000000004,0.089,0.19666666666666666,0.06833333333333333,0.15166666666666664,0.048000000000000015,0.10366666666666666,0.06866666666666668,0.059000000000000004,1.22,0.029666666666666678,0.08400000000000002,35.61333333333333,0.09833333333333333,0.20833333333333331,47.248,0.06833333333333333,0.09766666666666667,71.55533333333334,0.006000000000000001,0.046666666666666676,0.8393333333333334,0.014000000000000002,0.11200000000000003,0.12666666666666668,0.059000000000000004,0.012666666666666666,0.3823333333333334
62,76,2014-03-08,12,2,2013-2014,Macaé Basquete,Limeira,0,0.402,0.132,0.18266666666666664,0.08733333333333335,0.14599999999999996,0.02666666666666667,0.11933333333333333,0.07333333333333333,0.07066666666666666,1.1186666666666667,0.04400000000000001,0.10666666666666667,41.26266666666666,0.09133333333333332,0.16666666666666669,55.292666666666655,0.08733333333333335,0.111,78.98200000000001,0.007666666666666667,0.045000000000000005,0.7073333333333333,0.009999999999999998,0.108,0.09266666666666667,0.07066666666666666,0.017,0.444,0.37566666666666665,0.12899999999999998,0.17666666666666667,0.07,0.15966666666666665,0.041666666666666664,0.11800000000000002,0.07466666666666667,0.06100000000000001,1.391333333333333,0.04300000000000001,0.11266666666666668,38.198,0.08833333333333333,0.17066666666666666,51.658,0.07,0.09433333333333334,73.79866666666666,0.0013333333333333333,0.04333333333333334,0.7866666666666667,0.008333333333333335,0.10333333333333333,0.08133333333333334,0.06100000000000001,0.009666666666666667,0.4243333333333333
81,71,2014-03-10,11,2,2013-2014,Flamengo,Limeira,1,0.43733333333333335,0.156,0.19466666666666665,0.08666666666666667,0.18533333333333332,0.054666666666666676,0.13066666666666665,0.08733333333333333,0.06233333333333334,1.5233333333333334,0.052000000000000005,0.134,39.40133333333333,0.09733333333333333,0.1733333333333333,56.92600000000001,0.08666666666666667,0.11466666666666667,74.422,0.009000000000000001,0.048333333333333346,0.862,0.005333333333333333,0.101,0.05733333333333334,0.06233333333333334,0.007666666666666668,0.5153333333333333,0.3756666666666667,0.12999999999999998,0.176,0.06966666666666668,0.16199999999999998,0.04166666666666667,0.12033333333333335,0.071,0.06133333333333333,1.3213333333333332,0.04333333333333334,0.11433333333333336,37.964000000000006,0.088,0.17033333333333334,51.56933333333333,0.06966666666666668,0.09133333333333332,75.71466666666666,0.0013333333333333333,0.04333333333333334,0.7813333333333333,0.007666666666666668,0.104,0.07400000000000002,0.06133333333333333,0.010666666666666666,0.4233333333333333
91,80,2014-03-10,11,2,2013-2014,Uberlândia,Espírito Santo,1,0.4223333333333333,0.16799999999999998,0.18933333333333333,0.065,0.15033333333333335,0.04133333333333334,0.109,0.09133333333333332,0.05800000000000001,1.718,0.05600000000000002,0.13233333333333333,42.49,0.09466666666666666,0.16766666666666669,56.382,0.065,0.085,77.85133333333333,0.01566666666666667,0.04733333333333333,0.8840000000000001,0.011666666666666669,0.10333333333333333,0.11400000000000003,0.05800000000000001,0.012333333333333333,0.49566666666666664,0.36733333333333335,0.10000000000000002,0.1953333333333334,0.07200000000000002,0.153,0.04900000000000001,0.10400000000000001,0.05333333333333334,0.06933333333333333,0.91,0.03333333333333334,0.11366666666666665,29.129333333333328,0.0976666666666667,0.18633333333333332,52.69866666666666,0.07200000000000002,0.09566666666666666,75.51133333333333,0.005333333333333332,0.042333333333333334,0.6993333333333334,0.007666666666666666,0.11033333333333334,0.06866666666666667,0.06933333333333333,0.016000000000000004,0.3616666666666667
91,79,2014-03-13,13,2,2013-2014,Bauru Basket,Mogi,1,0.4139999999999999,0.13299999999999998,0.1966666666666667,0.08433333333333334,0.16599999999999998,0.04766666666666667,0.11833333333333333,0.07633333333333334,0.05733333333333334,1.4773333333333336,0.04433333333333333,0.11766666666666667,38.282000000000004,0.09833333333333336,0.17966666666666667,55.402,0.08433333333333334,0.10433333333333333,80.68333333333335,0.011666666666666669,0.037000000000000005,0.7393333333333333,0.011,0.095,0.11933333333333333,0.05733333333333334,0.008333333333333333,0.4719999999999999,0.397,0.11200000000000002,0.198,0.087,0.18000000000000002,0.060999999999999985,0.119,0.07166666666666668,0.07566666666666667,1.0186666666666666,0.037333333333333336,0.10500000000000001,35.321999999999996,0.099,0.2,49.458,0.087,0.12566666666666668,68.672,0.004666666666666666,0.05233333333333334,0.7666666666666665,0.004666666666666667,0.11333333333333333,0.042,0.07566666666666667,0.014000000000000002,0.42266666666666663
82,76,2014-03-13,13,2,2013-2014,L. Sorocabana,Pinheiros,1,0.37699999999999995,0.107,0.18133333333333332,0.08866666666666667,0.14533333333333331,0.04700000000000001,0.09833333333333333,0.05600000000000001,0.05800000000000001,1.028,0.035666666666666666,0.10466666666666667,34.25599999999999,0.09066666666666666,0.18966666666666668,48.10333333333333,0.08866666666666667,0.11333333333333333,76.90933333333332,0.007666666666666667,0.044666666666666674,0.8273333333333334,0.008666666666666666,0.11366666666666665,0.07666666666666669,0.05800000000000001,0.013000000000000001,0.38100000000000006,0.4156666666666667,0.14100000000000001,0.19066666666666662,0.08400000000000002,0.17033333333333334,0.03933333333333334,0.13100000000000006,0.078,0.06466666666666668,1.3059999999999998,0.047,0.12466666666666665,37.358,0.09533333333333331,0.168,56.52333333333333,0.08400000000000002,0.10933333333333334,76.98066666666666,0.009333333333333334,0.05266666666666667,0.8786666666666668,0.018000000000000002,0.09699999999999999,0.1973333333333333,0.06466666666666668,0.009999999999999998,0.4943333333333333
76,67,2014-03-13,13,2,2013-2014,Paulistano,Palmeiras,1,0.43233333333333335,0.141,0.19666666666666668,0.09466666666666668,0.17566666666666667,0.05866666666666667,0.11699999999999999,0.06533333333333334,0.06766666666666668,1.106,0.04700000000000001,0.12166666666666665,38.51066666666666,0.09833333333333334,0.18999999999999997,51.89866666666667,0.09466666666666668,0.11666666666666668,80.00933333333334,0.006666666666666666,0.053666666666666675,0.8860000000000002,0.006333333333333333,0.107,0.06266666666666668,0.06766666666666668,0.014666666666666668,0.477,0.4056666666666666,0.102,0.23533333333333334,0.06833333333333333,0.16666666666666666,0.048,0.11866666666666667,0.07266666666666667,0.07466666666666666,1.0933333333333333,0.03400000000000001,0.098,35.302,0.11766666666666667,0.21300000000000002,55.75266666666666,0.06833333333333333,0.09466666666666666,71.64866666666667,0.011000000000000003,0.05,0.7046666666666666,0.009999999999999998,0.107,0.09733333333333334,0.07466666666666666,0.01466666666666667,0.4446666666666666
75,74,2014-03-13,13,2,2013-2014,Minas,Goiânia,1,0.3563333333333333,0.087,0.2,0.06933333333333332,0.15033333333333335,0.04933333333333333,0.10099999999999999,0.069,0.05833333333333333,1.2286666666666666,0.029000000000000012,0.08366666666666665,34.891333333333336,0.1,0.21000000000000002,47.75333333333332,0.06933333333333332,0.09666666666666666,73.32000000000001,0.006333333333333334,0.04666666666666667,0.8426666666666666,0.013666666666666667,0.11266666666666668,0.12266666666666667,0.05833333333333333,0.011000000000000001,0.38566666666666666,0.3843333333333333,0.11299999999999999,0.18999999999999997,0.08133333333333333,0.161,0.05000000000000002,0.111,0.07533333333333334,0.06500000000000002,1.4186666666666667,0.03766666666666667,0.10266666666666664,37.06399999999999,0.09499999999999999,0.19433333333333333,49.63133333333334,0.08133333333333333,0.10933333333333335,75.50466666666667,0.0036666666666666666,0.04666666666666666,0.8173333333333335,0.008666666666666665,0.10866666666666669,0.07933333333333334,0.06500000000000002,0.012666666666666666,0.4186666666666666
66,110,2014-03-13,13,2,2013-2014,Espírito Santo,Brasília,0,0.36633333333333334,0.09700000000000002,0.19533333333333333,0.07400000000000001,0.15466666666666665,0.04866666666666667,0.10600000000000001,0.05200000000000002,0.07066666666666666,0.8373333333333336,0.03233333333333334,0.11233333333333334,28.688666666666666,0.09766666666666667,0.18733333333333332,52.467333333333315,0.07400000000000001,0.09833333333333333,75.58133333333332,0.005333333333333333,0.04233333333333334,0.6679999999999999,0.007666666666666666,0.11166666666666665,0.068,0.07066666666666666,0.015333333333333336,0.3583333333333333,0.4476666666666666,0.189,0.1846666666666667,0.07400000000000002,0.19,0.04433333333333334,0.14566666666666667,0.09466666666666668,0.05566666666666667,1.8806666666666665,0.06299999999999999,0.16,39.388,0.09233333333333335,0.16400000000000003,57.87733333333334,0.07400000000000002,0.09133333333333334,81.48866666666667,0.007666666666666666,0.04300000000000001,0.838,0.01966666666666667,0.09033333333333333,0.22799999999999992,0.05566666666666667,0.005666666666666667,0.5533333333333333
83,85,2014-03-13,13,2,2013-2014,Coop/São José Basketball,Uberlândia,0,0.418,0.129,0.21066666666666667,0.07833333333333334,0.18133333333333335,0.04833333333333334,0.13300000000000003,0.08266666666666667,0.06933333333333333,1.338666666666667,0.04300000000000001,0.11999999999999998,36.06733333333333,0.10533333333333333,0.192,54.99333333333334,0.07833333333333334,0.09966666666666667,81.85266666666666,0.0013333333333333333,0.044,0.6533333333333332,0.011000000000000003,0.08333333333333333,0.15399999999999997,0.06933333333333333,0.014666666666666665,0.4826666666666667,0.4223333333333333,0.16999999999999998,0.18666666666666668,0.06566666666666668,0.15700000000000003,0.043333333333333335,0.11366666666666667,0.09233333333333334,0.05766666666666667,1.7513333333333334,0.05666666666666668,0.13766666666666666,41.156666666666666,0.09333333333333334,0.16599999999999998,56.11866666666666,0.06566666666666668,0.085,78.20200000000001,0.016333333333333335,0.04733333333333333,0.8886666666666667,0.012333333333333335,0.10300000000000001,0.12000000000000004,0.05766666666666667,0.013000000000000001,0.5006666666666667
99,85,2014-03-13,13,2,2013-2014,Limeira,Fortaleza B. C. / CFO,1,0.378,0.129,0.178,0.07100000000000001,0.15766666666666665,0.04033333333333333,0.11733333333333335,0.07033333333333333,0.05966666666666666,1.3406666666666667,0.043000000000000003,0.112,38.282666666666664,0.089,0.17300000000000001,51.31466666666667,0.07100000000000001,0.09333333333333332,75.83399999999999,0.0016666666666666668,0.04366666666666667,0.8153333333333334,0.007333333333333335,0.10433333333333335,0.07066666666666668,0.05966666666666666,0.010666666666666666,0.42199999999999993,0.38833333333333336,0.09800000000000002,0.21800000000000003,0.07233333333333335,0.18766666666666668,0.05233333333333334,0.13533333333333333,0.06366666666666668,0.06400000000000002,1.077333333333333,0.03266666666666667,0.08966666666666666,37.218666666666664,0.10900000000000001,0.22566666666666665,48.54933333333334,0.07233333333333335,0.10300000000000001,70.86666666666666,0.011333333333333332,0.05333333333333335,0.892,0.012333333333333333,0.10433333333333335,0.12333333333333334,0.06400000000000002,0.013666666666666667,0.437
51,65,2014-03-15,14,2,2013-2014,Espírito Santo,Goiânia,0,0.35833333333333334,0.093,0.19066666666666665,0.07466666666666666,0.158,0.04966666666666667,0.10833333333333335,0.05100000000000002,0.07066666666666667,0.822,0.03100000000000001,0.11366666666666667,27.413999999999994,0.09533333333333333,0.188,51.08599999999999,0.07466666666666666,0.10033333333333332,74.01266666666666,0.005333333333333333,0.04033333333333334,0.6366666666666667,0.008333333333333333,0.11233333333333333,0.07533333333333334,0.07066666666666667,0.015000000000000006,0.3443333333333333,0.38166666666666665,0.10699999999999998,0.18999999999999997,0.08466666666666667,0.16133333333333333,0.051000000000000004,0.11033333333333334,0.073,0.06566666666666666,1.3753333333333333,0.035666666666666666,0.10033333333333332,36.111999999999995,0.09499999999999999,0.19733333333333333,48.712,0.08466666666666667,0.115,74.61600000000001,0.0036666666666666666,0.04933333333333334,0.8506666666666668,0.007999999999999998,0.10800000000000001,0.07400000000000001,0.06566666666666666,0.013333333333333334,0.4103333333333332
74,87,2014-03-15,10,2,2013-2014,L. Sorocabana,Uberlândia,0,0.38266666666666665,0.11000000000000001,0.18666666666666665,0.086,0.14266666666666664,0.045333333333333344,0.09733333333333334,0.058666666666666666,0.05666666666666667,1.0806666666666667,0.03666666666666667,0.10533333333333332,34.916666666666664,0.09333333333333332,0.189,49.87,0.086,0.11133333333333334,75.89066666666666,0.008333333333333333,0.04566666666666667,0.8546666666666667,0.008666666666666666,0.113,0.07666666666666669,0.05666666666666667,0.013666666666666666,0.392,0.42,0.16499999999999998,0.18866666666666668,0.06633333333333334,0.15666666666666668,0.04466666666666666,0.11200000000000002,0.08733333333333332,0.055333333333333345,1.7640000000000002,0.05500000000000003,0.13499999999999995,40.712,0.09433333333333334,0.1683333333333333,55.99,0.06633333333333334,0.08700000000000001,77.03533333333333,0.015333333333333332,0.04966666666666666,1.008,0.012,0.101,0.12066666666666667,0.055333333333333345,0.011333333333333332,0.49566666666666664
100,81,2014-03-15,14,2,2013-2014,Paulistano,Pinheiros,1,0.4266666666666667,0.141,0.19333333333333336,0.09233333333333332,0.176,0.058666666666666666,0.11733333333333333,0.06733333333333334,0.06733333333333333,1.1373333333333333,0.047000000000000014,0.12333333333333332,38.138,0.09666666666666668,0.18766666666666668,51.559999999999995,0.09233333333333332,0.11333333333333334,80.35266666666668,0.006333333333333332,0.053666666666666675,0.8900000000000001,0.007,0.105,0.07066666666666667,0.06733333333333333,0.014333333333333335,0.4746666666666667,0.4093333333333334,0.13099999999999998,0.19533333333333328,0.083,0.16899999999999998,0.03966666666666666,0.12933333333333336,0.07633333333333334,0.06666666666666668,1.2413333333333334,0.043666666666666666,0.12033333333333332,36.24666666666666,0.09766666666666664,0.17033333333333334,57.238000000000014,0.083,0.10900000000000001,76.298,0.010666666666666666,0.05100000000000002,0.8293333333333333,0.017666666666666667,0.09633333333333334,0.19466666666666665,0.06666666666666668,0.010333333333333333,0.48133333333333334
62,71,2014-03-15,14,2,2013-2014,Minas,Brasília,0,0.35933333333333334,0.08600000000000001,0.2,0.07333333333333332,0.1516666666666667,0.04900000000000001,0.10266666666666667,0.06766666666666668,0.06033333333333333,1.172,0.028666666666666677,0.08433333333333333,34.21,0.1,0.20566666666666666,48.629999999999995,0.07333333333333332,0.1,75.01466666666668,0.006666666666666668,0.04533333333333334,0.7993333333333332,0.014666666666666666,0.11366666666666667,0.12933333333333336,0.06033333333333333,0.013000000000000001,0.39033333333333337,0.45699999999999996,0.192,0.19000000000000003,0.075,0.1913333333333333,0.04400000000000001,0.1473333333333333,0.097,0.054666666666666676,2.017333333333333,0.064,0.15966666666666665,40.10066666666667,0.09500000000000001,0.16599999999999998,58.648,0.075,0.09233333333333332,81.62000000000002,0.008,0.04266666666666667,0.864,0.018666666666666668,0.08866666666666666,0.2213333333333333,0.054666666666666676,0.005333333333333334,0.568
86,77,2014-03-15,14,2,2013-2014,Coop/São José Basketball,Sesi Franca,1,0.411,0.13099999999999998,0.20733333333333331,0.07266666666666667,0.18233333333333332,0.05000000000000001,0.13233333333333333,0.08266666666666667,0.07133333333333332,1.2793333333333332,0.043666666666666666,0.12000000000000002,36.54333333333333,0.10366666666666666,0.19066666666666665,54.51200000000001,0.07266666666666667,0.09433333333333334,78.79733333333334,0.0013333333333333333,0.04300000000000001,0.6159999999999999,0.011000000000000003,0.08533333333333333,0.15199999999999997,0.07133333333333332,0.014666666666666665,0.4736666666666667,0.4136666666666667,0.11000000000000001,0.22666666666666666,0.077,0.1756666666666667,0.05966666666666667,0.11599999999999998,0.07,0.06733333333333333,1.096,0.03666666666666666,0.09733333333333334,37.59400000000001,0.11333333333333333,0.21300000000000002,53.350666666666676,0.077,0.10133333333333334,74.364,0.011666666666666665,0.05,0.7719999999999999,0.015000000000000005,0.09699999999999999,0.15266666666666664,0.06733333333333333,0.01,0.47200000000000003
83,77,2014-03-15,14,2,2013-2014,Bauru Basket,Fortaleza B. C. / CFO,1,0.4153333333333332,0.142,0.19266666666666668,0.08066666666666668,0.16466666666666666,0.046666666666666676,0.11800000000000001,0.07800000000000001,0.05833333333333334,1.482,0.04733333333333333,0.12233333333333335,39.06333333333334,0.09633333333333334,0.179,54.62266666666666,0.08066666666666668,0.10000000000000002,81.38533333333334,0.011333333333333336,0.03666666666666667,0.7253333333333333,0.011666666666666667,0.09466666666666666,0.126,0.05833333333333334,0.009000000000000001,0.471,0.38866666666666666,0.10000000000000002,0.21866666666666668,0.07,0.1886666666666667,0.05433333333333334,0.13433333333333333,0.06666666666666668,0.06566666666666668,1.0979999999999999,0.03333333333333334,0.091,37.25599999999999,0.10933333333333334,0.22433333333333336,49.08133333333333,0.07,0.09966666666666665,71.02666666666667,0.012,0.052666666666666674,0.8746666666666667,0.012333333333333333,0.10166666666666667,0.12666666666666665,0.06566666666666668,0.014333333333333333,0.441
81,67,2014-03-15,14,2,2013-2014,Limeira,Mogi,1,0.38499999999999995,0.13100000000000003,0.18466666666666665,0.06933333333333333,0.15133333333333338,0.038000000000000006,0.11333333333333334,0.07166666666666668,0.05533333333333333,1.5859999999999999,0.04366666666666667,0.11266666666666666,38.61066666666667,0.09233333333333332,0.17666666666666667,51.88866666666667,0.06933333333333333,0.09166666666666666,75.83400000000002,0.0023333333333333335,0.044666666666666674,0.98,0.007333333333333334,0.10466666666666667,0.07066666666666667,0.05533333333333333,0.009666666666666665,0.429,0.401,0.11200000000000002,0.19799999999999998,0.091,0.183,0.060666666666666674,0.12233333333333334,0.07366666666666669,0.07666666666666666,1.0346666666666666,0.037333333333333336,0.10300000000000001,35.841333333333324,0.09899999999999999,0.20166666666666666,49.03066666666667,0.091,0.13066666666666668,69.21333333333334,0.004666666666666667,0.05300000000000001,0.7633333333333333,0.005333333333333333,0.11299999999999999,0.050666666666666665,0.07666666666666666,0.014666666666666668,0.4313333333333333
103,95,2014-03-15,14,2,2013-2014,Macaé Basquete,Flamengo,1,0.39966666666666667,0.131,0.18400000000000002,0.08466666666666667,0.14533333333333331,0.02733333333333334,0.11800000000000001,0.07500000000000001,0.07033333333333333,1.1493333333333333,0.04366666666666667,0.10766666666666667,40.74666666666666,0.09200000000000001,0.16566666666666668,55.977333333333334,0.08466666666666667,0.10833333333333334,78.48000000000002,0.008,0.04400000000000002,0.6946666666666667,0.011,0.10800000000000001,0.10266666666666668,0.07033333333333333,0.015666666666666666,0.4433333333333334,0.43233333333333335,0.156,0.194,0.08233333333333334,0.186,0.055000000000000014,0.13099999999999998,0.08766666666666668,0.06366666666666666,1.5093333333333334,0.05200000000000001,0.13199999999999998,40.03666666666667,0.097,0.172,57.184,0.08233333333333334,0.111,73.17533333333333,0.010000000000000002,0.04933333333333335,0.8686666666666667,0.006333333333333333,0.09733333333333333,0.07133333333333333,0.06366666666666666,0.008666666666666668,0.5143333333333334
61,85,2014-03-17,12,1,2013-2014,Espírito Santo,Sesi Franca,0,0.35866666666666663,0.09,0.19466666666666665,0.074,0.16266666666666663,0.05233333333333334,0.11033333333333337,0.05200000000000002,0.06966666666666668,0.8460000000000001,0.03000000000000001,0.11266666666666668,26.567333333333334,0.09733333333333333,0.193,51.114000000000004,0.074,0.10033333333333333,73.06066666666666,0.006666666666666667,0.042333333333333334,0.6773333333333335,0.009000000000000001,0.11366666666666667,0.08066666666666666,0.06966666666666668,0.015000000000000006,0.35033333333333333,0.4126666666666667,0.10400000000000001,0.2326666666666667,0.076,0.171,0.059000000000000004,0.112,0.06933333333333332,0.066,1.104,0.034666666666666665,0.09700000000000002,34.99133333333334,0.11633333333333334,0.217,53.64200000000001,0.076,0.09933333333333333,75.69733333333333,0.011666666666666665,0.052000000000000005,0.8099999999999999,0.015333333333333338,0.09699999999999999,0.15599999999999997,0.066,0.009,0.4676666666666666
79,84,2014-03-17,14,2,2013-2014,L. Sorocabana,Palmeiras,0,0.38366666666666677,0.10899999999999999,0.18599999999999994,0.08866666666666666,0.138,0.04400000000000002,0.094,0.059333333333333335,0.05566666666666667,1.1099999999999999,0.036333333333333336,0.11033333333333332,32.818,0.09299999999999997,0.18366666666666667,50.88666666666666,0.08866666666666666,0.11300000000000002,77.57133333333333,0.008,0.04433333333333333,0.8493333333333335,0.008,0.116,0.06666666666666667,0.05566666666666667,0.013000000000000001,0.38866666666666666,0.4029999999999999,0.1,0.23533333333333337,0.06766666666666667,0.1673333333333333,0.048000000000000015,0.11933333333333333,0.07033333333333333,0.07733333333333332,1.0033333333333332,0.03333333333333333,0.09433333333333334,35.784666666666666,0.11766666666666668,0.2153333333333333,55.25333333333333,0.06766666666666667,0.09366666666666666,71.49000000000001,0.010000000000000002,0.04900000000000001,0.648,0.010666666666666668,0.10866666666666666,0.10266666666666667,0.07733333333333332,0.013666666666666669,0.4383333333333333
78,75,2014-03-20,15,2,2013-2014,Fortaleza B. C. / CFO,Macaé Basquete,1,0.38966666666666666,0.10400000000000001,0.21800000000000003,0.06766666666666668,0.18499999999999997,0.05366666666666667,0.13133333333333336,0.07,0.06500000000000002,1.164,0.034666666666666665,0.09266666666666666,38.02266666666666,0.10900000000000001,0.22266666666666668,49.28999999999999,0.06766666666666668,0.09766666666666665,70.07466666666667,0.012666666666666666,0.053666666666666675,0.8966666666666668,0.011666666666666669,0.10133333333333333,0.12133333333333335,0.06500000000000002,0.014666666666666666,0.44333333333333336,0.40733333333333327,0.13699999999999998,0.18666666666666665,0.08366666666666668,0.14400000000000002,0.02533333333333334,0.11866666666666667,0.077,0.07266666666666666,1.0906666666666667,0.04566666666666666,0.10833333333333334,42.09266666666667,0.09333333333333332,0.16433333333333336,57.15666666666666,0.08366666666666668,0.107,78.53533333333334,0.008,0.04266666666666667,0.6086666666666666,0.010333333333333332,0.10900000000000001,0.09533333333333334,0.07266666666666666,0.016,0.45166666666666677
70,85,2014-03-20,15,2,2013-2014,Uberlândia,Bauru Basket,0,0.4236666666666666,0.16199999999999995,0.19133333333333338,0.07033333333333334,0.15833333333333333,0.04499999999999999,0.11333333333333333,0.08733333333333332,0.054333333333333345,1.774,0.05400000000000002,0.13299999999999998,40.59866666666667,0.09566666666666669,0.17099999999999996,55.849333333333334,0.07033333333333334,0.092,77.14533333333334,0.016,0.04766666666666666,0.9919999999999998,0.012333333333333333,0.10133333333333332,0.12399999999999999,0.054333333333333345,0.011000000000000001,0.49899999999999994,0.4189999999999999,0.14800000000000002,0.18866666666666668,0.08233333333333333,0.16266666666666663,0.04566666666666667,0.11699999999999999,0.07966666666666668,0.061333333333333344,1.3919999999999997,0.04933333333333333,0.12033333333333335,41.042666666666676,0.09433333333333334,0.17633333333333337,54.35333333333333,0.08233333333333333,0.10033333333333336,82.75600000000001,0.011333333333333334,0.03766666666666667,0.6713333333333332,0.011333333333333334,0.09666666666666666,0.11666666666666668,0.061333333333333344,0.01,0.478
81,82,2014-03-20,15,2,2013-2014,Sesi Franca,Limeira,0,0.417,0.101,0.24133333333333332,0.07466666666666666,0.17533333333333337,0.060333333333333336,0.11499999999999999,0.06966666666666667,0.068,1.0799999999999998,0.033666666666666664,0.09600000000000003,34.23466666666666,0.12066666666666666,0.21966666666666665,55.03733333333333,0.07466666666666666,0.09866666666666667,74.82866666666668,0.013666666666666666,0.052000000000000005,0.7846666666666666,0.016333333333333335,0.09666666666666668,0.1673333333333333,0.068,0.011000000000000001,0.477,0.3906666666666666,0.13,0.18733333333333332,0.07333333333333333,0.15433333333333335,0.03933333333333334,0.11500000000000002,0.07100000000000001,0.05666666666666667,1.5286666666666666,0.04333333333333334,0.11066666666666666,39.018,0.09366666666666666,0.177,52.583999999999996,0.07333333333333333,0.09566666666666666,77.09866666666666,0.0026666666666666666,0.04366666666666667,0.9206666666666667,0.007666666666666667,0.10600000000000001,0.07200000000000001,0.05666666666666667,0.010333333333333333,0.43766666666666665
90,91,2014-03-20,15,2,2013-2014,Brasília,Coop/São José Basketball,0,0.45166666666666655,0.18699999999999997,0.18733333333333332,0.07733333333333332,0.193,0.04566666666666666,0.1473333333333333,0.09633333333333334,0.055333333333333345,1.9819999999999998,0.06233333333333334,0.15966666666666665,39.02533333333333,0.09366666666666666,0.16166666666666665,58.867333333333335,0.07733333333333332,0.095,82.03666666666666,0.008333333333333333,0.04133333333333334,0.8273333333333334,0.019999999999999997,0.09,0.23266666666666666,0.055333333333333345,0.006666666666666668,0.564,0.41233333333333333,0.12699999999999997,0.20666666666666667,0.07866666666666666,0.183,0.04966666666666667,0.13333333333333333,0.08499999999999999,0.07200000000000001,1.2986666666666664,0.042333333333333334,0.11833333333333335,36.01733333333333,0.10333333333333333,0.18933333333333335,54.64733333333333,0.07866666666666666,0.10100000000000002,78.19133333333335,0.0013333333333333333,0.044666666666666674,0.6333333333333332,0.011333333333333336,0.08666666666666667,0.15466666666666667,0.07200000000000001,0.014333333333333333,0.4799999999999999
100,85,2014-03-22,16,2,2013-2014,Goiânia,Coop/São José Basketball,1,0.3783333333333333,0.103,0.19133333333333333,0.08399999999999999,0.16566666666666663,0.05100000000000001,0.11466666666666665,0.07100000000000001,0.069,1.2839999999999998,0.034333333333333334,0.10000000000000002,34.93733333333333,0.09566666666666666,0.19266666666666668,50.07933333333333,0.08399999999999999,0.11633333333333336,72.69733333333333,0.004,0.047333333333333345,0.7706666666666667,0.007999999999999998,0.10566666666666666,0.07666666666666666,0.069,0.014,0.4063333333333333,0.417,0.125,0.20933333333333332,0.08266666666666667,0.18233333333333332,0.049000000000000016,0.13333333333333333,0.085,0.07266666666666666,1.2899999999999998,0.04166666666666667,0.116,36.09666666666667,0.10466666666666666,0.189,55.34533333333333,0.08266666666666667,0.10600000000000002,77.932,0.0013333333333333333,0.043333333333333335,0.6093333333333334,0.008666666666666666,0.08933333333333332,0.10600000000000002,0.07266666666666666,0.014000000000000002,0.48166666666666663
60,82,2014-03-22,16,2,2013-2014,L. Sorocabana,Paulistano,0,0.3866666666666667,0.11699999999999998,0.18466666666666665,0.08499999999999998,0.14266666666666666,0.04700000000000001,0.09566666666666666,0.06133333333333333,0.05899999999999999,1.03,0.039,0.113,34.37733333333334,0.09233333333333332,0.18333333333333338,50.62133333333334,0.08499999999999998,0.10800000000000001,77.898,0.007666666666666667,0.043666666666666666,0.7606666666666668,0.008333333333333333,0.11533333333333333,0.07,0.05899999999999999,0.014333333333333333,0.39566666666666667,0.428,0.13899999999999998,0.19733333333333333,0.09166666666666665,0.173,0.056,0.11699999999999999,0.06766666666666668,0.068,1.1300000000000001,0.04633333333333334,0.12333333333333331,37.582,0.09866666666666667,0.18799999999999997,52.60733333333334,0.09166666666666665,0.11233333333333334,80.47666666666667,0.006999999999999998,0.05600000000000001,0.9180000000000003,0.007,0.10433333333333336,0.07133333333333333,0.068,0.014000000000000005,0.47633333333333333
79,77,2014-03-22,16,2,2013-2014,Uberlândia,Limeira,1,0.41999999999999993,0.164,0.18666666666666668,0.06933333333333333,0.15533333333333335,0.04366666666666666,0.11166666666666666,0.08600000000000001,0.05333333333333334,1.7693333333333332,0.05466666666666667,0.13533333333333333,40.166666666666664,0.09333333333333334,0.1693333333333333,54.882666666666665,0.06933333333333333,0.08966666666666669,78.13933333333333,0.015000000000000001,0.048000000000000015,1.0019999999999998,0.011000000000000003,0.09866666666666667,0.114,0.05333333333333334,0.009333333333333334,0.49,0.3950000000000001,0.13,0.19399999999999998,0.071,0.15533333333333335,0.03966666666666667,0.11566666666666668,0.07100000000000001,0.057000000000000016,1.5093333333333334,0.043333333333333335,0.11033333333333331,39.11866666666666,0.09699999999999999,0.17899999999999996,53.75733333333333,0.071,0.092,77.74,0.002666666666666666,0.04566666666666667,0.9626666666666668,0.007,0.10366666666666667,0.068,0.057000000000000016,0.011,0.447
86,77,2014-03-22,16,2,2013-2014,Mogi,Macaé Basquete,1,0.39799999999999996,0.11499999999999999,0.19333333333333333,0.08966666666666666,0.18800000000000003,0.06433333333333333,0.12366666666666667,0.07433333333333333,0.07833333333333332,1.0233333333333332,0.03833333333333333,0.106,35.592666666666666,0.09666666666666666,0.2016666666666667,47.864000000000004,0.08966666666666666,0.127,70.10999999999999,0.004333333333333333,0.051000000000000004,0.712,0.005333333333333333,0.11233333333333334,0.05066666666666667,0.07833333333333332,0.015000000000000001,0.42833333333333334,0.4059999999999999,0.137,0.18866666666666668,0.08033333333333333,0.14666666666666667,0.02566666666666667,0.121,0.078,0.073,1.1006666666666667,0.04566666666666666,0.11033333333333332,41.47733333333334,0.09433333333333334,0.16566666666666666,57.337333333333326,0.08033333333333333,0.10533333333333333,76.64266666666668,0.009000000000000001,0.043666666666666666,0.62,0.010666666666666666,0.10800000000000001,0.09933333333333334,0.073,0.016666666666666666,0.451
77,76,2014-03-22,16,2,2013-2014,Sesi Franca,Bauru Basket,1,0.4166666666666667,0.10200000000000001,0.23866666666666667,0.076,0.17266666666666666,0.059000000000000004,0.11366666666666668,0.06866666666666667,0.06766666666666667,1.07,0.03400000000000001,0.09566666666666669,34.71066666666666,0.11933333333333333,0.21833333333333335,54.70333333333333,0.076,0.09866666666666667,76.49533333333333,0.014000000000000002,0.051666666666666666,0.7813333333333333,0.01566666666666667,0.09466666666666669,0.16333333333333336,0.06766666666666667,0.010333333333333332,0.4743333333333332,0.4183333333333333,0.143,0.19333333333333336,0.082,0.16633333333333333,0.04766666666666667,0.11866666666666666,0.07966666666666668,0.06000000000000001,1.4633333333333332,0.04766666666666667,0.11933333333333333,40.07866666666666,0.09666666666666668,0.17833333333333334,55.02133333333334,0.082,0.10133333333333333,81.53933333333333,0.010333333333333335,0.04000000000000001,0.7713333333333332,0.011666666666666667,0.096,0.12133333333333335,0.06000000000000001,0.009666666666666665,0.4833333333333333
70,79,2014-03-25,11,1,2013-2014,Espírito Santo,Uberlândia,0,0.35666666666666663,0.091,0.192,0.07366666666666667,0.16233333333333336,0.05366666666666667,0.1086666666666667,0.05266666666666668,0.06833333333333334,0.866,0.03033333333333333,0.11400000000000002,26.43666666666666,0.096,0.1953333333333333,49.594666666666654,0.07366666666666667,0.09799999999999999,74.522,0.006666666666666668,0.04400000000000001,0.706,0.009666666666666665,0.11266666666666666,0.08800000000000001,0.06833333333333334,0.013666666666666667,0.3496666666666666,0.4146666666666666,0.158,0.18733333333333338,0.06933333333333333,0.158,0.043333333333333335,0.11466666666666668,0.08566666666666665,0.05133333333333335,1.8326666666666667,0.052666666666666674,0.13433333333333333,39.026666666666664,0.09366666666666669,0.1693333333333333,55.07866666666667,0.06933333333333333,0.0896666666666667,78.13933333333333,0.014999999999999998,0.045666666666666675,0.9800000000000001,0.011666666666666669,0.09533333333333334,0.12399999999999999,0.05133333333333335,0.009666666666666667,0.4866666666666666
92,79,2014-03-25,17,2,2013-2014,Coop/São José Basketball,Palmeiras,1,0.418,0.126,0.20666666666666664,0.08533333333333334,0.17566666666666667,0.04766666666666668,0.128,0.084,0.06999999999999999,1.3066666666666669,0.04200000000000001,0.11666666666666668,36.14666666666666,0.10333333333333332,0.1873333333333333,55.082,0.08533333333333334,0.10700000000000003,79.32266666666666,0.0016666666666666668,0.044666666666666674,0.6473333333333333,0.008666666666666666,0.09133333333333332,0.10400000000000002,0.06999999999999999,0.014333333333333333,0.48066666666666663,0.408,0.102,0.23600000000000004,0.07,0.16366666666666668,0.047333333333333345,0.11633333333333334,0.067,0.075,1.002,0.034,0.09166666666666666,37.11066666666667,0.11800000000000002,0.21666666666666665,55.016,0.07,0.09633333333333334,71.81866666666669,0.008666666666666666,0.049,0.6866666666666666,0.010333333333333335,0.1096666666666667,0.09733333333333336,0.075,0.013000000000000003,0.44033333333333324
95,80,2014-03-27,17,2,2013-2014,Macaé Basquete,Sesi Franca,1,0.4089999999999999,0.142,0.186,0.08099999999999999,0.148,0.025000000000000005,0.12299999999999998,0.079,0.07466666666666667,1.0853333333333335,0.04733333333333334,0.11233333333333333,42.415333333333336,0.093,0.16466666666666666,56.89533333333332,0.08099999999999999,0.10666666666666667,76.09933333333335,0.009333333333333334,0.04266666666666667,0.5866666666666667,0.010333333333333333,0.10933333333333334,0.09533333333333334,0.07466666666666667,0.016666666666666666,0.452,0.419,0.104,0.2366666666666667,0.07833333333333334,0.173,0.05833333333333334,0.1146666666666667,0.07033333333333334,0.06733333333333333,1.0973333333333335,0.034666666666666665,0.09733333333333334,34.910666666666664,0.11833333333333335,0.21533333333333332,54.91599999999999,0.07833333333333334,0.10133333333333333,76.912,0.013333333333333334,0.05166666666666668,0.784,0.01566666666666667,0.09533333333333334,0.16133333333333336,0.06733333333333333,0.010000000000000002,0.47966666666666663
90,73,2014-03-27,12,2,2013-2014,Palmeiras,Pinheiros,1,0.40266666666666673,0.10000000000000002,0.23399999999999999,0.06866666666666667,0.1673333333333333,0.04900000000000001,0.11833333333333336,0.07033333333333334,0.07466666666666667,1.0606666666666666,0.03333333333333333,0.09366666666666669,35.59533333333333,0.11699999999999999,0.21999999999999995,53.666000000000004,0.06866666666666667,0.09566666666666669,70.96666666666667,0.008666666666666666,0.04966666666666668,0.702,0.010000000000000002,0.11033333333333337,0.09266666666666667,0.07466666666666667,0.013000000000000003,0.43499999999999994,0.406,0.125,0.19799999999999995,0.083,0.16766666666666666,0.04066666666666667,0.12700000000000003,0.07333333333333332,0.065,1.2206666666666666,0.04166666666666667,0.11833333333333333,35.30266666666667,0.09899999999999998,0.175,56.45533333333334,0.083,0.10766666666666666,77.21200000000002,0.011333333333333332,0.05166666666666669,0.858,0.016000000000000004,0.09433333333333334,0.1833333333333333,0.065,0.009333333333333334,0.4723333333333334
75,65,2014-03-27,17,2,2013-2014,Minas,Paulistano,1,0.3516666666666666,0.08099999999999999,0.19866666666666663,0.072,0.15233333333333335,0.04800000000000001,0.10433333333333333,0.06533333333333333,0.05833333333333333,1.1853333333333333,0.02700000000000001,0.08499999999999999,31.831333333333326,0.09933333333333332,0.20600000000000002,48.252666666666656,0.072,0.09799999999999999,75.39000000000001,0.006666666666666668,0.044333333333333336,0.8066666666666665,0.016,0.11533333333333336,0.1406666666666667,0.05833333333333333,0.012333333333333335,0.3806666666666667,0.42866666666666664,0.144,0.19066666666666665,0.09399999999999999,0.17266666666666666,0.054666666666666676,0.11800000000000001,0.06766666666666667,0.06866666666666667,1.1246666666666667,0.048000000000000015,0.12466666666666666,38.726,0.09533333333333333,0.18366666666666667,51.998,0.09399999999999999,0.11466666666666668,80.79400000000001,0.005,0.054333333333333345,0.8886666666666669,0.006333333333333333,0.1056666666666667,0.06133333333333334,0.06866666666666667,0.01466666666666667,0.4749999999999999
70,81,2014-03-27,17,2,2013-2014,Espírito Santo,L. Sorocabana,0,0.35966666666666663,0.088,0.19466666666666665,0.07699999999999999,0.1633333333333333,0.053333333333333344,0.11000000000000001,0.05233333333333334,0.06933333333333334,0.8553333333333334,0.029333333333333336,0.11100000000000002,26.264,0.09733333333333333,0.19766666666666666,49.565333333333335,0.07699999999999999,0.10233333333333332,74.23,0.006333333333333334,0.04333333333333334,0.6946666666666668,0.009666666666666665,0.11133333333333335,0.08866666666666667,0.06933333333333334,0.015333333333333338,0.3516666666666666,0.3816666666666667,0.11599999999999998,0.182,0.08366666666666668,0.14533333333333331,0.048000000000000015,0.09733333333333333,0.06033333333333334,0.059000000000000004,1.0146666666666664,0.03866666666666667,0.11466666666666667,33.644,0.091,0.182,50.20333333333333,0.08366666666666668,0.10733333333333335,77.14066666666668,0.007000000000000001,0.042333333333333334,0.7406666666666666,0.009000000000000001,0.11666666666666667,0.07466666666666667,0.059000000000000004,0.012666666666666666,0.38899999999999996
91,83,2014-03-27,17,2,2013-2014,Limeira,Goiânia,1,0.3983333333333333,0.12800000000000003,0.2,0.07033333333333334,0.15,0.039333333333333345,0.11066666666666668,0.07366666666666667,0.05466666666666668,1.7806666666666666,0.04266666666666667,0.107,39.83,0.1,0.182,54.62333333333333,0.07033333333333334,0.09166666666666665,77.284,0.0029999999999999996,0.04700000000000001,1.0506666666666669,0.005666666666666667,0.10466666666666667,0.05333333333333334,0.05466666666666668,0.010666666666666668,0.45233333333333337,0.39,0.11000000000000001,0.19533333333333333,0.08466666666666665,0.16233333333333333,0.05100000000000001,0.11133333333333333,0.07166666666666668,0.07233333333333335,1.114666666666667,0.03666666666666667,0.09866666666666668,37.54866666666667,0.09766666666666667,0.1916666666666667,51.26533333333334,0.08466666666666665,0.11466666666666667,74.43133333333331,0.003333333333333333,0.046333333333333344,0.6373333333333334,0.008333333333333333,0.10566666666666667,0.08000000000000002,0.07233333333333335,0.014333333333333332,0.4203333333333334
93,85,2014-03-27,17,2,2013-2014,Bauru Basket,Brasília,1,0.41733333333333333,0.14500000000000002,0.19066666666666665,0.08166666666666668,0.16766666666666669,0.04866666666666668,0.11900000000000001,0.079,0.06166666666666668,1.3806666666666663,0.04833333333333334,0.11900000000000001,41.059333333333335,0.09533333333333333,0.1796666666666667,54.11066666666667,0.08166666666666668,0.10133333333333333,81.22200000000001,0.009333333333333332,0.04066666666666667,0.7426666666666666,0.012,0.09866666666666667,0.12000000000000002,0.06166666666666668,0.010666666666666665,0.4803333333333332,0.45433333333333337,0.18899999999999997,0.18400000000000002,0.08133333333333333,0.189,0.04466666666666666,0.1443333333333333,0.09533333333333333,0.055000000000000014,1.9773333333333332,0.06299999999999999,0.16199999999999998,38.88199999999999,0.09200000000000001,0.1583333333333333,58.89333333333334,0.08133333333333333,0.09933333333333333,82.23533333333333,0.007666666666666667,0.044333333333333336,0.9319999999999999,0.01933333333333333,0.08933333333333332,0.22666666666666666,0.055000000000000014,0.006666666666666668,0.5640000000000001
82,77,2014-03-27,17,2,2013-2014,Flamengo,Uberlândia,1,0.4376666666666667,0.157,0.19599999999999998,0.08466666666666667,0.182,0.05266666666666668,0.12933333333333333,0.08900000000000001,0.062333333333333345,1.5553333333333335,0.05233333333333335,0.132,40.252,0.09799999999999999,0.1713333333333333,57.91466666666666,0.08466666666666667,0.11333333333333333,73.61399999999999,0.010666666666666668,0.05033333333333335,0.902,0.006333333333333333,0.09566666666666666,0.07200000000000001,0.062333333333333345,0.008666666666666668,0.5213333333333333,0.4083333333333332,0.148,0.18933333333333333,0.071,0.15833333333333333,0.04333333333333334,0.115,0.08199999999999999,0.051333333333333335,1.7593333333333334,0.04933333333333334,0.13133333333333333,37.58,0.09466666666666666,0.16966666666666666,55.50133333333334,0.071,0.09200000000000003,76.92733333333334,0.015999999999999997,0.04533333333333334,0.9733333333333333,0.011,0.09300000000000001,0.11933333333333333,0.051333333333333335,0.010000000000000002,0.47566666666666657
74,70,2014-03-29,18,2,2013-2014,Limeira,Brasília,1,0.4063333333333333,0.137,0.19866666666666669,0.07066666666666667,0.15066666666666667,0.040333333333333346,0.11033333333333334,0.07733333333333334,0.053333333333333344,1.8619999999999999,0.04566666666666666,0.10866666666666666,41.89133333333333,0.09933333333333334,0.18033333333333332,54.75,0.07066666666666667,0.09333333333333332,76.61133333333332,0.0029999999999999996,0.045000000000000005,1.034,0.005666666666666667,0.10533333333333333,0.05333333333333334,0.053333333333333344,0.010000000000000002,0.46499999999999997,0.4553333333333333,0.19099999999999998,0.18333333333333332,0.08099999999999999,0.18699999999999994,0.044000000000000004,0.143,0.09333333333333332,0.05366666666666668,1.9806666666666668,0.06366666666666668,0.16099999999999998,39.55733333333333,0.09166666666666666,0.16166666666666665,57.72666666666667,0.08099999999999999,0.099,82.16533333333335,0.007333333333333333,0.043,0.9273333333333332,0.01833333333333333,0.094,0.21266666666666664,0.05366666666666668,0.007000000000000001,0.558
79,70,2014-03-29,18,2,2013-2014,Coop/São José Basketball,Pinheiros,1,0.424,0.12900000000000003,0.206,0.08900000000000001,0.17833333333333332,0.04833333333333334,0.13,0.08399999999999999,0.072,1.1966666666666668,0.04300000000000001,0.11733333333333335,36.714666666666666,0.103,0.18733333333333327,54.906666666666666,0.08900000000000001,0.11100000000000003,80.28666666666666,0.0013333333333333333,0.046666666666666676,0.6606666666666666,0.009999999999999998,0.09333333333333332,0.11533333333333333,0.072,0.014666666666666666,0.49033333333333323,0.4053333333333334,0.128,0.19399999999999998,0.08333333333333334,0.16433333333333336,0.04133333333333334,0.12300000000000003,0.073,0.067,1.1966666666666665,0.042666666666666665,0.12033333333333332,35.59733333333334,0.09699999999999999,0.17133333333333337,56.72933333333334,0.08333333333333334,0.10933333333333334,76.53466666666667,0.011000000000000003,0.05233333333333334,0.8526666666666666,0.015000000000000005,0.09466666666666666,0.16799999999999998,0.067,0.011000000000000001,0.4650000000000001
85,78,2014-03-29,18,2,2013-2014,Bauru Basket,Goiânia,1,0.42033333333333334,0.13799999999999998,0.19466666666666668,0.08766666666666668,0.1743333333333333,0.05200000000000001,0.12233333333333334,0.07800000000000001,0.05966666666666667,1.4026666666666665,0.04600000000000001,0.11800000000000001,39.20399999999999,0.09733333333333334,0.1856666666666667,53.48533333333333,0.08766666666666668,0.11033333333333335,80.07199999999999,0.009,0.041,0.7653333333333332,0.012666666666666668,0.10066666666666667,0.12266666666666667,0.05966666666666667,0.010000000000000002,0.4836666666666666,0.39,0.115,0.18933333333333335,0.08566666666666665,0.16066666666666665,0.05033333333333334,0.11033333333333334,0.07100000000000001,0.07333333333333332,1.066,0.03833333333333333,0.10033333333333336,38.37733333333333,0.09466666666666668,0.1876666666666667,51.02733333333333,0.08566666666666665,0.11700000000000002,73.64333333333333,0.0029999999999999996,0.04700000000000001,0.638,0.008,0.106,0.07733333333333334,0.07333333333333332,0.014999999999999998,0.4169999999999999
84,99,2014-03-29,18,2,2013-2014,Espírito Santo,Paulistano,0,0.3583333333333333,0.08699999999999998,0.1886666666666667,0.08266666666666667,0.16399999999999998,0.054000000000000006,0.11000000000000003,0.05000000000000002,0.07,0.8239999999999998,0.029,0.11000000000000001,26.344,0.09433333333333335,0.196,48.232,0.08266666666666667,0.10899999999999999,75.58333333333331,0.005666666666666667,0.04366666666666667,0.696,0.009333333333333332,0.11233333333333334,0.08533333333333333,0.07,0.01633333333333333,0.3463333333333333,0.41833333333333333,0.138,0.18866666666666668,0.09166666666666665,0.17200000000000001,0.05300000000000001,0.119,0.06566666666666666,0.07166666666666667,0.9846666666666667,0.04600000000000001,0.12233333333333334,37.64466666666666,0.09433333333333334,0.18366666666666662,51.48466666666666,0.09166666666666665,0.11233333333333335,80.32133333333334,0.005000000000000001,0.05266666666666667,0.7793333333333334,0.006666666666666667,0.10700000000000001,0.06533333333333333,0.07166666666666667,0.016333333333333335,0.457
96,74,2014-03-29,18,2,2013-2014,Mogi,Fortaleza B. C. / CFO,1,0.402,0.114,0.1953333333333333,0.09266666666666667,0.18833333333333335,0.06233333333333334,0.12600000000000003,0.07466666666666666,0.07866666666666666,1.0246666666666668,0.038000000000000006,0.10366666666666667,36.25933333333332,0.09766666666666665,0.2036666666666667,48.004000000000005,0.09266666666666667,0.129,71.03066666666668,0.005,0.05133333333333335,0.7133333333333333,0.005666666666666666,0.111,0.05466666666666667,0.07866666666666666,0.015333333333333332,0.43533333333333335,0.3926666666666666,0.10600000000000001,0.21800000000000003,0.06866666666666667,0.18799999999999997,0.05433333333333333,0.13366666666666666,0.07233333333333333,0.06233333333333334,1.2206666666666668,0.035333333333333335,0.09366666666666666,38.39533333333333,0.10900000000000001,0.22433333333333336,48.95066666666666,0.06866666666666667,0.09899999999999999,70.13066666666667,0.011333333333333336,0.05300000000000001,0.9120000000000001,0.01266666666666667,0.10300000000000001,0.13066666666666668,0.06233333333333334,0.012666666666666668,0.45233333333333337
72,65,2014-03-29,18,2,2013-2014,Macaé Basquete,Uberlândia,1,0.41199999999999987,0.141,0.188,0.08299999999999999,0.1516666666666667,0.027000000000000003,0.12466666666666668,0.07666666666666667,0.07366666666666669,1.0686666666666667,0.04700000000000001,0.11266666666666664,41.992666666666665,0.094,0.168,56.43933333333333,0.08299999999999999,0.10933333333333334,76.042,0.009666666666666667,0.04566666666666667,0.6379999999999999,0.010000000000000002,0.11366666666666667,0.08933333333333335,0.07366666666666669,0.015333333333333332,0.45633333333333337,0.4086666666666666,0.153,0.1833333333333333,0.07233333333333335,0.158,0.04266666666666668,0.11533333333333334,0.08099999999999999,0.053000000000000005,1.7106666666666668,0.05100000000000001,0.13166666666666668,38.776666666666664,0.09166666666666665,0.16699999999999998,54.724666666666664,0.07233333333333335,0.09433333333333335,76.44266666666667,0.016,0.04600000000000001,0.9646666666666666,0.010333333333333335,0.09400000000000001,0.112,0.053000000000000005,0.010666666666666668,0.4729999999999999
75,77,2014-03-29,18,2,2013-2014,Minas,L. Sorocabana,0,0.35466666666666663,0.08299999999999999,0.1993333333333333,0.07233333333333333,0.15433333333333332,0.04866666666666667,0.10566666666666666,0.06866666666666667,0.057,1.246,0.027666666666666676,0.08766666666666666,31.386666666666663,0.09966666666666665,0.2056666666666667,48.522,0.07233333333333333,0.09999999999999999,73.16800000000002,0.007000000000000002,0.04433333333333334,0.8173333333333332,0.018333333333333333,0.11466666666666667,0.16666666666666666,0.057,0.013666666666666667,0.3896666666666667,0.3823333333333334,0.12299999999999998,0.178,0.08133333333333333,0.14566666666666667,0.04933333333333335,0.09633333333333334,0.06266666666666668,0.060333333333333336,1.0319999999999998,0.041,0.12100000000000001,33.94266666666667,0.089,0.17899999999999996,49.900000000000006,0.08133333333333333,0.10366666666666667,77.414,0.006333333333333333,0.04366666666666667,0.7473333333333333,0.008333333333333333,0.11800000000000001,0.06866666666666667,0.060333333333333336,0.013666666666666666,0.38999999999999996
92,89,2014-03-29,18,2,2013-2014,Flamengo,Sesi Franca,1,0.43433333333333335,0.15200000000000002,0.19666666666666666,0.08566666666666665,0.18233333333333332,0.05200000000000001,0.13033333333333333,0.08700000000000001,0.06166666666666668,1.5406666666666666,0.05066666666666668,0.13033333333333333,39.522666666666666,0.09833333333333333,0.17466666666666666,57.083333333333336,0.08566666666666665,0.112,75.37933333333334,0.009999999999999998,0.05200000000000002,0.9313333333333332,0.006333333333333334,0.09333333333333335,0.07333333333333333,0.06166666666666668,0.008666666666666666,0.518,0.42100000000000004,0.105,0.23466666666666666,0.08133333333333333,0.17266666666666666,0.05800000000000001,0.11466666666666667,0.06833333333333333,0.06766666666666667,1.07,0.035,0.0976666666666667,35.150666666666666,0.11733333333333333,0.21433333333333332,54.68333333333332,0.08133333333333333,0.10533333333333333,77.26933333333332,0.014000000000000002,0.05200000000000002,0.7853333333333334,0.015666666666666666,0.09400000000000001,0.16333333333333336,0.06766666666666667,0.010666666666666668,0.47833333333333333
74,94,2014-03-31,10,2,2013-2014,Coop/São José Basketball,Flamengo,0,0.41866666666666663,0.125,0.20466666666666666,0.08900000000000001,0.18,0.04766666666666668,0.13233333333333333,0.08600000000000002,0.07066666666666666,1.252,0.04166666666666667,0.11866666666666666,35.03866666666667,0.10233333333333333,0.18699999999999997,54.65866666666667,0.08900000000000001,0.11133333333333335,80.01666666666667,0.0013333333333333333,0.045333333333333344,0.6553333333333333,0.010333333333333332,0.09366666666666665,0.11933333333333333,0.07066666666666666,0.014333333333333333,0.4856666666666667,0.441,0.15200000000000002,0.198,0.09099999999999998,0.18433333333333332,0.05200000000000002,0.13233333333333336,0.08733333333333333,0.062333333333333345,1.5326666666666664,0.05066666666666668,0.12899999999999998,39.81666666666667,0.099,0.178,56.35933333333333,0.09099999999999998,0.11833333333333333,76.096,0.009333333333333334,0.05166666666666668,0.9199999999999999,0.006333333333333334,0.09500000000000001,0.07266666666666667,0.062333333333333345,0.01,0.5236666666666667
90,82,2014-04-01,15,2,2013-2014,Pinheiros,Minas,1,0.3963333333333333,0.12899999999999998,0.18399999999999997,0.08333333333333334,0.16466666666666666,0.04133333333333333,0.12333333333333332,0.07233333333333333,0.06733333333333333,1.1693333333333333,0.04300000000000001,0.12533333333333332,34.486000000000004,0.09199999999999998,0.16933333333333336,54.96866666666667,0.08333333333333334,0.10866666666666666,77.56,0.010000000000000002,0.05200000000000002,0.838,0.014333333333333335,0.09566666666666665,0.15866666666666662,0.06733333333333333,0.011333333333333334,0.4473333333333334,0.35433333333333333,0.08599999999999998,0.198,0.07033333333333333,0.153,0.05000000000000001,0.10299999999999998,0.07066666666666667,0.057666666666666665,1.2646666666666666,0.028666666666666674,0.08866666666666667,32.12733333333333,0.099,0.20633333333333334,47.976000000000006,0.07033333333333333,0.09766666666666665,72.93,0.006666666666666669,0.046000000000000006,0.8386666666666664,0.018333333333333337,0.11300000000000002,0.16800000000000004,0.057666666666666665,0.015000000000000001,0.39
94,90,2014-04-01,15,2,2013-2014,Mogi,Flamengo,1,0.4109999999999999,0.12399999999999999,0.196,0.091,0.18766666666666662,0.06266666666666668,0.125,0.07699999999999999,0.07733333333333332,1.0853333333333335,0.04133333333333334,0.10766666666666667,38.604,0.098,0.20266666666666663,48.35,0.091,0.126,71.80866666666667,0.005666666666666666,0.05233333333333335,0.7446666666666668,0.006333333333333333,0.111,0.06066666666666666,0.07733333333333332,0.015666666666666666,0.451,0.43866666666666665,0.15399999999999997,0.2006666666666667,0.08399999999999999,0.18433333333333335,0.05033333333333335,0.134,0.089,0.061666666666666675,1.5846666666666664,0.05133333333333335,0.12966666666666668,40.089333333333336,0.10033333333333334,0.1796666666666667,56.472666666666676,0.08399999999999999,0.11000000000000001,74.47666666666667,0.010000000000000002,0.05100000000000001,0.922,0.006666666666666668,0.09566666666666666,0.07533333333333334,0.061666666666666675,0.009666666666666665,0.5243333333333333
103,64,2014-04-01,15,2,2013-2014,Palmeiras,Espírito Santo,1,0.40766666666666673,0.108,0.2306666666666667,0.06899999999999999,0.16633333333333333,0.04833333333333334,0.11800000000000002,0.07433333333333335,0.07266666666666667,1.1353333333333333,0.036000000000000004,0.095,38.12133333333333,0.11533333333333334,0.21833333333333332,53.34333333333333,0.06899999999999999,0.09666666666666668,70.422,0.01,0.05133333333333335,0.7406666666666666,0.009000000000000001,0.10966666666666666,0.08266666666666668,0.07266666666666667,0.010666666666666668,0.44633333333333336,0.36566666666666664,0.09,0.1926666666666667,0.08300000000000002,0.16599999999999998,0.054666666666666676,0.11133333333333335,0.05200000000000002,0.06766666666666668,0.8653333333333333,0.029999999999999995,0.11066666666666668,27.196000000000005,0.09633333333333335,0.2,48.25933333333333,0.08300000000000002,0.10966666666666666,75.39133333333332,0.006666666666666667,0.04400000000000001,0.7120000000000002,0.009000000000000001,0.10800000000000001,0.08733333333333333,0.06766666666666668,0.014666666666666668,0.358
96,66,2014-04-03,16,2,2013-2014,Pinheiros,Espírito Santo,1,0.40066666666666667,0.12599999999999997,0.18866666666666665,0.08600000000000002,0.1633333333333333,0.04000000000000001,0.12333333333333334,0.07533333333333334,0.06733333333333333,1.2093333333333334,0.04200000000000001,0.12166666666666665,34.78733333333333,0.09433333333333332,0.16966666666666666,56.234,0.08600000000000002,0.11066666666666666,79.04133333333334,0.011666666666666667,0.05233333333333334,0.8426666666666666,0.013666666666666667,0.095,0.15133333333333335,0.06733333333333333,0.012333333333333335,0.45833333333333337,0.36266666666666664,0.096,0.1846666666666667,0.08200000000000002,0.16666666666666666,0.05400000000000001,0.11266666666666669,0.05300000000000002,0.06966666666666668,0.8653333333333333,0.031999999999999994,0.11333333333333333,28.400666666666663,0.09233333333333335,0.19466666666666668,47.602666666666664,0.08200000000000002,0.10733333333333334,76.17933333333333,0.006,0.04333333333333334,0.6940000000000001,0.009666666666666667,0.10333333333333336,0.10066666666666667,0.06966666666666668,0.014000000000000002,0.3566666666666667
81,88,2014-04-03,16,2,2013-2014,Fortaleza B. C. / CFO,Flamengo,0,0.3936666666666666,0.105,0.21933333333333332,0.06933333333333333,0.18833333333333332,0.05533333333333333,0.133,0.07333333333333333,0.064,1.2026666666666663,0.03500000000000001,0.09300000000000001,38.173333333333325,0.10966666666666666,0.22566666666666665,48.906666666666666,0.06933333333333333,0.09899999999999999,70.60733333333333,0.010333333333333335,0.05166666666666667,0.8673333333333333,0.011666666666666665,0.10300000000000001,0.11933333333333335,0.064,0.013666666666666667,0.45099999999999996,0.442,0.16,0.19533333333333333,0.08666666666666667,0.18199999999999997,0.04866666666666668,0.13333333333333336,0.09133333333333335,0.061333333333333344,1.6459999999999997,0.05333333333333334,0.13499999999999998,39.867333333333335,0.09766666666666667,0.17366666666666666,56.623999999999995,0.08666666666666667,0.113,74.39733333333334,0.010000000000000002,0.05033333333333334,0.9146666666666667,0.007000000000000001,0.097,0.07800000000000003,0.061333333333333344,0.009,0.5273333333333334
63,57,2014-04-03,16,2,2013-2014,Palmeiras,Minas,1,0.41133333333333333,0.11300000000000003,0.23066666666666666,0.06766666666666668,0.16899999999999996,0.05,0.119,0.07766666666666668,0.07333333333333333,1.1786666666666668,0.03766666666666666,0.09533333333333331,39.40133333333333,0.11533333333333333,0.22166666666666668,52.55333333333333,0.06766666666666668,0.09466666666666668,70.50533333333333,0.011000000000000001,0.055333333333333345,0.8106666666666666,0.01,0.10966666666666668,0.09333333333333334,0.07333333333333333,0.010000000000000002,0.45899999999999996,0.35733333333333334,0.09000000000000001,0.202,0.06533333333333333,0.15033333333333335,0.05066666666666668,0.09966666666666664,0.06933333333333333,0.059666666666666666,1.208,0.030000000000000006,0.09066666666666666,32.68333333333333,0.101,0.20666666666666667,49.00266666666667,0.06533333333333333,0.09066666666666666,72.98666666666666,0.006666666666666669,0.046333333333333344,0.8253333333333331,0.017666666666666667,0.11133333333333334,0.16400000000000003,0.059666666666666666,0.015000000000000003,0.38966666666666666
61,68,2014-04-06,1,3,2013-2014,Uberlândia,Sesi Franca,0,0.40399999999999997,0.14400000000000002,0.18666666666666665,0.07333333333333333,0.15666666666666665,0.04133333333333334,0.11533333333333334,0.07533333333333332,0.051333333333333335,1.6553333333333333,0.04800000000000001,0.12833333333333335,37.35333333333333,0.09333333333333332,0.1703333333333333,54.68666666666666,0.07333333333333333,0.09566666666666666,76.46600000000002,0.016,0.046666666666666676,0.9906666666666666,0.010000000000000002,0.09433333333333334,0.10866666666666668,0.051333333333333335,0.009666666666666667,0.46166666666666656,0.42633333333333334,0.107,0.2406666666666667,0.07866666666666666,0.17899999999999996,0.062000000000000006,0.11699999999999999,0.06833333333333333,0.07033333333333333,1.0206666666666668,0.03566666666666667,0.09533333333333334,36.605333333333334,0.12033333333333335,0.22366666666666662,53.65866666666666,0.07866666666666666,0.10566666666666666,74.90266666666666,0.013666666666666667,0.05100000000000002,0.7320000000000001,0.014,0.09633333333333333,0.14600000000000002,0.07033333333333333,0.012000000000000002,0.4783333333333333
78,77,2014-04-07,1,3,2013-2014,Coop/São José Basketball,Palmeiras,1,0.41666666666666663,0.126,0.20800000000000002,0.08266666666666665,0.17966666666666667,0.048,0.13166666666666668,0.09033333333333335,0.07033333333333333,1.322,0.042,0.12166666666666665,34.48066666666667,0.10400000000000001,0.18999999999999997,54.736,0.08266666666666665,0.1036666666666667,79.25733333333332,0.0016666666666666668,0.04500000000000001,0.654,0.011,0.09233333333333334,0.12933333333333333,0.07033333333333333,0.013666666666666669,0.48566666666666664,0.40333333333333343,0.10900000000000001,0.22466666666666668,0.06966666666666668,0.17466666666666664,0.052333333333333336,0.12233333333333334,0.07333333333333332,0.07433333333333335,1.0713333333333332,0.036333333333333336,0.09699999999999999,37.51733333333333,0.11233333333333334,0.22033333333333335,51.428,0.06966666666666668,0.09733333333333334,70.56866666666666,0.009666666666666667,0.05733333333333334,0.8253333333333334,0.01,0.10800000000000001,0.09533333333333334,0.07433333333333335,0.009666666666666665,0.44800000000000006
69,67,2014-04-08,2,3,2013-2014,Uberlândia,Sesi Franca,1,0.3929999999999999,0.13099999999999998,0.18933333333333333,0.07266666666666668,0.15899999999999997,0.04133333333333334,0.11766666666666666,0.07466666666666666,0.051000000000000004,1.6526666666666665,0.043666666666666666,0.12533333333333335,35.05266666666667,0.09466666666666666,0.17166666666666666,55.16,0.07266666666666668,0.0976666666666667,74.42866666666667,0.015333333333333332,0.04766666666666668,1.0266666666666666,0.010666666666666668,0.09266666666666667,0.11800000000000001,0.051000000000000004,0.010000000000000002,0.45033333333333325,0.425,0.112,0.23600000000000004,0.07699999999999999,0.17966666666666667,0.06166666666666667,0.11799999999999998,0.06933333333333333,0.07099999999999998,1.0266666666666666,0.03733333333333334,0.09733333333333334,37.64533333333333,0.11800000000000002,0.21733333333333332,53.88733333333332,0.07699999999999999,0.10366666666666667,74.054,0.013333333333333334,0.05000000000000002,0.7106666666666668,0.015333333333333332,0.09766666666666665,0.15933333333333338,0.07099999999999998,0.012333333333333335,0.4823333333333333
85,82,2014-04-09,1,3,2013-2014,Pinheiros,Mogi,1,0.4060000000000001,0.132,0.1873333333333333,0.08666666666666666,0.16766666666666669,0.041999999999999996,0.12566666666666665,0.078,0.07066666666666667,1.1973333333333331,0.04400000000000001,0.12499999999999999,35.18533333333334,0.09366666666666665,0.167,56.57933333333333,0.08666666666666666,0.11033333333333334,80.07400000000001,0.011000000000000001,0.052000000000000005,0.7993333333333333,0.014,0.09533333333333333,0.154,0.07066666666666667,0.012333333333333333,0.46900000000000003,0.4163333333333332,0.132,0.19666666666666668,0.08766666666666666,0.19066666666666665,0.06433333333333334,0.12633333333333335,0.07933333333333334,0.07666666666666666,1.1266666666666667,0.044,0.11333333333333333,38.9,0.09833333333333334,0.2023333333333333,48.586000000000006,0.08766666666666666,0.12233333333333334,71.47666666666667,0.006333333333333332,0.05033333333333335,0.724,0.007666666666666666,0.11066666666666666,0.07333333333333333,0.07666666666666666,0.01633333333333333,0.4596666666666667
79,56,2014-04-09,1,3,2013-2014,Bauru Basket,Fortaleza B. C. / CFO,1,0.4233333333333333,0.137,0.202,0.08433333333333333,0.17200000000000001,0.050666666666666665,0.12133333333333333,0.08033333333333334,0.06000000000000001,1.436,0.045666666666666675,0.117,39.227999999999994,0.101,0.187,55.118,0.08433333333333333,0.10566666666666667,80.01666666666667,0.008666666666666665,0.04133333333333333,0.768,0.011666666666666667,0.10066666666666668,0.11133333333333333,0.06000000000000001,0.011333333333333334,0.48999999999999994,0.39299999999999996,0.105,0.2206666666666667,0.06733333333333333,0.18899999999999997,0.05633333333333334,0.13266666666666665,0.075,0.06433333333333334,1.2253333333333332,0.03500000000000001,0.0976666666666667,36.50666666666666,0.11033333333333335,0.2233333333333333,49.599333333333334,0.06733333333333333,0.09599999999999999,70.25,0.009666666666666667,0.05200000000000002,0.8666666666666666,0.012333333333333333,0.10266666666666667,0.12733333333333335,0.06433333333333334,0.014333333333333335,0.45266666666666666
80,70,2014-04-09,2,3,2013-2014,Coop/São José Basketball,Palmeiras,1,0.41166666666666657,0.12000000000000001,0.21000000000000005,0.08166666666666665,0.184,0.049,0.13499999999999998,0.093,0.07066666666666666,1.3513333333333335,0.04000000000000001,0.12133333333333331,32.87466666666667,0.10500000000000002,0.192,54.68866666666667,0.08166666666666665,0.10333333333333333,78.10333333333332,0.0023333333333333335,0.046666666666666676,0.674,0.013333333333333334,0.09233333333333334,0.15266666666666667,0.07066666666666666,0.012000000000000002,0.48799999999999993,0.402,0.11,0.22066666666666665,0.07133333333333335,0.17866666666666664,0.055,0.12366666666666666,0.075,0.075,1.084,0.03666666666666667,0.09933333333333334,36.972,0.11033333333333332,0.22166666666666668,50.297333333333334,0.07133333333333335,0.09933333333333334,70.89266666666667,0.008666666666666668,0.059666666666666666,0.8493333333333334,0.010666666666666668,0.10466666666666667,0.10466666666666667,0.075,0.010666666666666665,0.44900000000000007
77,90,2014-04-11,2,3,2013-2014,Pinheiros,Mogi,0,0.4076666666666666,0.13399999999999998,0.19066666666666665,0.083,0.16666666666666666,0.04366666666666665,0.12299999999999997,0.07966666666666665,0.07166666666666667,1.2086666666666666,0.04466666666666667,0.125,35.74066666666667,0.09533333333333333,0.16733333333333336,57.50733333333333,0.083,0.10833333333333336,78.55133333333333,0.011000000000000001,0.05,0.7639999999999999,0.013000000000000003,0.09533333333333333,0.14266666666666666,0.07166666666666667,0.013333333333333332,0.4676666666666666,0.4183333333333333,0.132,0.2033333333333333,0.08299999999999999,0.19133333333333333,0.06566666666666668,0.12566666666666668,0.08166666666666668,0.07733333333333332,1.1506666666666665,0.044000000000000004,0.11566666666666668,38.050000000000004,0.10166666666666666,0.204,49.895999999999994,0.08299999999999999,0.11800000000000002,69.76533333333333,0.006,0.04866666666666668,0.6920000000000001,0.008333333333333333,0.11200000000000002,0.07866666666666668,0.07733333333333332,0.017,0.4620000000000001
97,78,2014-04-11,2,3,2013-2014,Bauru Basket,Fortaleza B. C. / CFO,1,0.41300000000000003,0.133,0.19866666666666663,0.08133333333333333,0.17966666666666667,0.05466666666666667,0.125,0.07833333333333334,0.061000000000000006,1.3826666666666665,0.04433333333333334,0.11966666666666669,37.09733333333333,0.09933333333333332,0.189,53.38533333333333,0.08133333333333333,0.10233333333333335,79.79466666666666,0.009000000000000001,0.043666666666666666,0.7913333333333333,0.011000000000000001,0.09733333333333334,0.10800000000000001,0.061000000000000006,0.011000000000000001,0.47866666666666663,0.39133333333333337,0.104,0.22066666666666668,0.06666666666666667,0.1873333333333333,0.05600000000000001,0.13133333333333336,0.07633333333333334,0.06466666666666666,1.2393333333333334,0.03466666666666667,0.10066666666666668,35.22866666666666,0.11033333333333334,0.22133333333333335,50.04066666666667,0.06666666666666667,0.096,69.50933333333333,0.009000000000000001,0.054333333333333345,0.8913333333333333,0.013333333333333336,0.10233333333333335,0.1366666666666667,0.06466666666666666,0.014000000000000002,0.4516666666666667
61,92,2014-04-12,3,3,2013-2014,Sesi Franca,Uberlândia,0,0.42133333333333334,0.108,0.23800000000000002,0.07533333333333332,0.18200000000000002,0.06000000000000001,0.12199999999999998,0.06866666666666667,0.07166666666666667,1.006,0.03600000000000001,0.09633333333333334,36.70333333333333,0.11900000000000001,0.21833333333333332,54.11999999999999,0.07533333333333332,0.10266666666666667,72.54733333333334,0.013666666666666667,0.04933333333333334,0.6940000000000001,0.014999999999999998,0.09766666666666667,0.15600000000000003,0.07166666666666667,0.012000000000000002,0.47766666666666663,0.38466666666666666,0.12699999999999997,0.18333333333333332,0.07433333333333335,0.15799999999999997,0.04100000000000001,0.11700000000000002,0.07266666666666666,0.050666666666666665,1.626,0.042333333333333334,0.12433333333333334,34.32866666666667,0.09166666666666666,0.1713333333333333,53.37266666666666,0.07433333333333335,0.09966666666666667,74.52133333333335,0.013666666666666667,0.047666666666666684,1.032,0.010333333333333335,0.09066666666666666,0.11733333333333332,0.050666666666666665,0.011333333333333334,0.4356666666666667
85,68,2014-04-13,3,3,2013-2014,Palmeiras,Coop/São José Basketball,1,0.4,0.11499999999999999,0.21333333333333335,0.07166666666666668,0.18166666666666667,0.05633333333333333,0.12533333333333332,0.075,0.07466666666666667,1.0886666666666664,0.03833333333333334,0.10200000000000002,37.80533333333334,0.10666666666666667,0.22199999999999998,48.29600000000001,0.07166666666666668,0.1,70.79999999999998,0.008666666666666668,0.060999999999999985,0.87,0.010000000000000002,0.10366666666666667,0.09866666666666667,0.07466666666666667,0.010333333333333333,0.44566666666666666,0.412,0.11999999999999998,0.2086666666666667,0.08333333333333331,0.18166666666666667,0.04633333333333334,0.13533333333333333,0.09366666666666669,0.07333333333333332,1.314,0.04,0.121,32.954,0.10433333333333335,0.18900000000000003,55.186666666666675,0.08333333333333331,0.10533333333333335,78.05600000000001,0.0026666666666666666,0.04833333333333334,0.672,0.012666666666666666,0.095,0.136,0.07333333333333332,0.013000000000000001,0.4873333333333333
78,79,2014-04-14,3,3,2013-2014,Fortaleza B. C. / CFO,Bauru Basket,0,0.388,0.103,0.22000000000000006,0.065,0.18699999999999997,0.057666666666666665,0.12933333333333336,0.07266666666666666,0.06566666666666668,1.139333333333333,0.03433333333333334,0.10566666666666666,32.535333333333334,0.11000000000000003,0.2206666666666667,50.044,0.065,0.09466666666666665,68.41866666666667,0.010333333333333332,0.050666666666666665,0.7986666666666667,0.013666666666666667,0.10133333333333333,0.1406666666666667,0.06566666666666668,0.013333333333333334,0.4346666666666667,0.41966666666666674,0.14100000000000001,0.196,0.08266666666666665,0.18566666666666667,0.05666666666666666,0.129,0.07833333333333332,0.06000000000000001,1.412,0.04700000000000001,0.1206666666666667,38.724000000000004,0.098,0.193,51.29,0.08266666666666665,0.10400000000000002,79.84800000000001,0.009333333333333334,0.04466666666666667,0.8233333333333334,0.011666666666666665,0.09533333333333334,0.11733333333333333,0.06000000000000001,0.011666666666666667,0.49
82,74,2014-04-14,4,3,2013-2014,Sesi Franca,Uberlândia,1,0.4126666666666666,0.105,0.2386666666666667,0.06899999999999999,0.184,0.06266666666666668,0.12133333333333332,0.068,0.07133333333333332,1.0,0.035,0.09800000000000002,35.358666666666664,0.11933333333333335,0.22066666666666665,53.809333333333335,0.06899999999999999,0.09733333333333333,68.97599999999998,0.013666666666666667,0.04766666666666668,0.67,0.01633333333333333,0.099,0.16800000000000004,0.07133333333333332,0.012000000000000002,0.4646666666666667,0.3899999999999999,0.12999999999999998,0.18266666666666664,0.07733333333333334,0.16366666666666665,0.043000000000000003,0.12066666666666667,0.071,0.05300000000000001,1.4973333333333334,0.043333333333333335,0.12599999999999997,34.650666666666666,0.09133333333333332,0.17166666666666666,53.092,0.07733333333333334,0.1016666666666667,75.69066666666667,0.014333333333333335,0.04933333333333335,1.032,0.011000000000000003,0.09233333333333334,0.12333333333333334,0.05300000000000001,0.012666666666666666,0.4446666666666667
85,81,2014-04-15,3,3,2013-2014,Mogi,Pinheiros,1,0.421,0.137,0.19866666666666666,0.08533333333333333,0.19,0.06333333333333332,0.12666666666666668,0.08166666666666665,0.074,1.2073333333333334,0.045666666666666654,0.11566666666666667,39.284666666666666,0.09933333333333333,0.2033333333333333,48.75266666666666,0.08533333333333333,0.11933333333333335,70.972,0.005666666666666667,0.04866666666666668,0.7153333333333333,0.008333333333333333,0.11166666666666666,0.07866666666666668,0.074,0.016666666666666666,0.4676666666666666,0.40533333333333327,0.137,0.18866666666666668,0.07966666666666668,0.16766666666666669,0.046,0.12166666666666665,0.07866666666666666,0.07033333333333333,1.2206666666666666,0.04566666666666667,0.12866666666666665,35.57866666666666,0.09433333333333334,0.16733333333333336,56.861999999999995,0.07966666666666668,0.1036666666666667,78.41266666666667,0.010666666666666668,0.049666666666666665,0.7713333333333332,0.012333333333333333,0.09466666666666668,0.13733333333333334,0.07033333333333333,0.01333333333333333,0.46333333333333326
83,69,2014-04-15,4,3,2013-2014,Palmeiras,Coop/São José Basketball,1,0.3973333333333333,0.11799999999999998,0.20666666666666667,0.07266666666666668,0.18000000000000002,0.05366666666666667,0.12633333333333333,0.07466666666666666,0.07333333333333333,1.1,0.03933333333333334,0.10166666666666666,38.916666666666664,0.10333333333333333,0.21666666666666665,48.04933333333334,0.07266666666666668,0.10099999999999999,71.09066666666668,0.009000000000000003,0.06233333333333332,0.9086666666666667,0.011000000000000001,0.10099999999999999,0.11000000000000001,0.07333333333333333,0.010333333333333332,0.448,0.4053333333333333,0.12000000000000001,0.20600000000000002,0.07933333333333333,0.17733333333333337,0.04600000000000001,0.13133333333333333,0.09100000000000001,0.07433333333333333,1.2686666666666666,0.04,0.11999999999999998,33.192,0.10300000000000001,0.18900000000000003,54.446000000000005,0.07933333333333333,0.10033333333333336,77.65200000000002,0.003,0.04866666666666668,0.6699999999999999,0.011666666666666665,0.09433333333333332,0.126,0.07433333333333333,0.013000000000000005,0.4726666666666667
86,68,2014-04-17,4,3,2013-2014,Mogi,Pinheiros,1,0.42100000000000004,0.136,0.20000000000000004,0.085,0.189,0.063,0.12600000000000003,0.08333333333333333,0.07666666666666666,1.1780000000000002,0.04533333333333334,0.115,39.22666666666667,0.10000000000000002,0.20166666666666666,49.520666666666656,0.085,0.117,72.52466666666666,0.006,0.048666666666666684,0.6773333333333333,0.009666666666666665,0.11166666666666668,0.09333333333333334,0.07666666666666666,0.018000000000000002,0.4716666666666666,0.4013333333333333,0.14,0.18533333333333335,0.07600000000000001,0.165,0.04699999999999999,0.11799999999999998,0.07866666666666666,0.069,1.246,0.046666666666666676,0.13366666666666663,35.23733333333334,0.09266666666666667,0.164,56.96133333333333,0.07600000000000001,0.09866666666666667,78.63466666666666,0.009666666666666667,0.04933333333333333,0.782,0.012,0.09466666666666666,0.13399999999999998,0.069,0.012666666666666666,0.4563333333333333
71,76,2014-04-18,5,3,2013-2014,Uberlândia,Sesi Franca,0,0.38833333333333336,0.13399999999999995,0.17600000000000002,0.07833333333333335,0.16499999999999998,0.045000000000000005,0.12000000000000001,0.07,0.05700000000000001,1.3606666666666667,0.044666666666666674,0.12666666666666665,35.437999999999995,0.08800000000000001,0.17033333333333334,51.33599999999999,0.07833333333333335,0.1016666666666667,76.94066666666666,0.014666666666666666,0.049666666666666685,0.9693333333333334,0.011000000000000003,0.09266666666666667,0.12266666666666667,0.05700000000000001,0.013666666666666666,0.4393333333333333,0.4083333333333333,0.09900000000000002,0.24533333333333338,0.06399999999999999,0.18299999999999997,0.06433333333333334,0.11866666666666666,0.06833333333333334,0.06766666666666668,1.0333333333333334,0.03300000000000001,0.097,33.88066666666666,0.12266666666666669,0.22566666666666668,54.25333333333333,0.06399999999999999,0.09133333333333332,69.16133333333333,0.014000000000000002,0.045333333333333344,0.6793333333333335,0.014999999999999998,0.09633333333333335,0.16000000000000003,0.06766666666666668,0.010333333333333335,0.458
64,60,2014-04-19,5,3,2013-2014,Coop/São José Basketball,Palmeiras,1,0.40399999999999997,0.11800000000000001,0.20733333333333334,0.07866666666666668,0.1796666666666667,0.04766666666666668,0.132,0.09266666666666666,0.076,1.274,0.03933333333333334,0.11899999999999998,32.81933333333334,0.10366666666666667,0.19133333333333338,54.134,0.07866666666666668,0.09933333333333336,77.77333333333333,0.003,0.04966666666666667,0.6699999999999999,0.011000000000000003,0.09466666666666666,0.12000000000000001,0.076,0.014666666666666668,0.473,0.40199999999999997,0.119,0.20733333333333334,0.07566666666666667,0.1776666666666667,0.054000000000000006,0.12366666666666666,0.075,0.07333333333333333,1.1039999999999996,0.039666666666666676,0.09933333333333333,40.068,0.10366666666666667,0.21733333333333332,48.042,0.07566666666666667,0.10366666666666666,72.236,0.008666666666666666,0.06299999999999999,0.9166666666666666,0.010666666666666666,0.103,0.10533333333333333,0.07333333333333333,0.010666666666666668,0.45366666666666666
97,82,2014-04-25,1,4,2013-2014,Limeira,Mogi,1,0.4,0.134,0.19866666666666669,0.06733333333333334,0.15400000000000003,0.041666666666666664,0.11233333333333334,0.07533333333333334,0.053666666666666675,1.8273333333333333,0.04466666666666667,0.10466666666666666,42.321999999999996,0.09933333333333334,0.1833333333333333,54.00933333333333,0.06733333333333334,0.08899999999999998,77.10066666666667,0.003,0.04266666666666667,0.9966666666666666,0.006,0.10500000000000001,0.056,0.053666666666666675,0.009333333333333334,0.4586666666666667,0.42233333333333334,0.13899999999999998,0.19866666666666666,0.08466666666666668,0.18900000000000003,0.062333333333333324,0.12666666666666668,0.083,0.07699999999999999,1.1653333333333333,0.046333333333333324,0.11533333333333333,39.90333333333333,0.09933333333333333,0.20033333333333334,49.487333333333325,0.08466666666666668,0.11500000000000002,73.326,0.006333333333333332,0.04966666666666667,0.6880000000000001,0.010666666666666665,0.10966666666666666,0.10333333333333333,0.07699999999999999,0.01866666666666667,0.47733333333333333
82,87,2014-04-26,1,4,2013-2014,Brasília,Coop/São José Basketball,0,0.4466666666666666,0.186,0.18066666666666667,0.07999999999999999,0.18599999999999997,0.04466666666666667,0.1413333333333333,0.08966666666666666,0.05366666666666668,1.8753333333333335,0.062000000000000006,0.16266666666666668,38.05333333333333,0.09033333333333333,0.1593333333333333,57.69866666666667,0.07999999999999999,0.09866666666666668,81.45133333333334,0.006666666666666666,0.043000000000000003,0.9273333333333333,0.019000000000000003,0.09433333333333334,0.21866666666666662,0.05366666666666668,0.008,0.5423333333333333,0.4,0.11900000000000001,0.20266666666666666,0.07833333333333334,0.18700000000000003,0.051000000000000004,0.136,0.093,0.07566666666666667,1.2846666666666666,0.03966666666666667,0.11966666666666666,32.89266666666667,0.10133333333333333,0.19266666666666668,52.162,0.07833333333333334,0.10000000000000003,75.27333333333333,0.0036666666666666666,0.048000000000000015,0.6493333333333332,0.012666666666666668,0.09433333333333332,0.142,0.07566666666666667,0.014000000000000002,0.4719999999999999
70,74,2014-04-26,1,4,2013-2014,Flamengo,Bauru Basket,0,0.4396666666666667,0.16299999999999998,0.194,0.08266666666666665,0.18166666666666664,0.04866666666666668,0.133,0.09133333333333335,0.06033333333333335,1.6646666666666663,0.05433333333333333,0.13766666666666666,39.81133333333333,0.097,0.1716666666666667,56.873333333333335,0.08266666666666665,0.10866666666666666,73.80999999999999,0.009666666666666664,0.04833333333333334,0.8979999999999999,0.006333333333333332,0.09533333333333333,0.07333333333333332,0.06033333333333335,0.008,0.523,0.42033333333333334,0.13900000000000004,0.1993333333333333,0.082,0.186,0.056333333333333326,0.12966666666666668,0.07766666666666665,0.05833333333333335,1.4239999999999997,0.04633333333333334,0.11966666666666671,38.45933333333333,0.09966666666666665,0.19433333333333336,51.82733333333333,0.082,0.10500000000000002,78.38066666666667,0.009666666666666667,0.044000000000000004,0.8286666666666667,0.010333333333333333,0.09300000000000001,0.106,0.05833333333333335,0.012666666666666668,0.48899999999999993
83,72,2014-04-27,2,4,2013-2014,Limeira,Mogi,1,0.4033333333333334,0.13,0.20400000000000004,0.06933333333333333,0.15,0.04066666666666668,0.10933333333333334,0.075,0.05033333333333334,1.898,0.043333333333333335,0.10266666666666666,41.846,0.10200000000000002,0.185,54.874,0.06933333333333333,0.09299999999999999,76.45933333333333,0.003,0.043333333333333335,1.0366666666666666,0.005666666666666666,0.10666666666666667,0.052000000000000005,0.05033333333333334,0.009333333333333334,0.461,0.41933333333333334,0.13499999999999998,0.2,0.08433333333333334,0.18500000000000003,0.06233333333333333,0.12266666666666667,0.08066666666666666,0.07433333333333333,1.166666666666667,0.045000000000000005,0.11166666666666665,39.275333333333336,0.1,0.19899999999999998,50.19466666666666,0.08433333333333334,0.115,73.12400000000001,0.006666666666666666,0.04666666666666667,0.6693333333333332,0.011,0.10966666666666666,0.10600000000000001,0.07433333333333333,0.019000000000000003,0.47200000000000003
82,72,2014-04-27,1,4,2013-2014,Paulistano,Sesi Franca,1,0.4206666666666667,0.143,0.1873333333333333,0.09033333333333335,0.17033333333333334,0.04966666666666667,0.12066666666666667,0.06766666666666668,0.07066666666666666,1.0533333333333332,0.04766666666666667,0.12366666666666666,38.50000000000001,0.09366666666666665,0.18199999999999997,51.61933333333333,0.09033333333333335,0.1116666666666667,79.47266666666668,0.005333333333333333,0.054333333333333345,0.8293333333333333,0.005333333333333333,0.10833333333333335,0.050666666666666665,0.07066666666666666,0.015000000000000003,0.4616666666666667,0.40233333333333327,0.098,0.24200000000000002,0.06233333333333334,0.1823333333333333,0.063,0.11933333333333333,0.06933333333333333,0.06766666666666668,1.0486666666666666,0.03266666666666667,0.09533333333333333,34.19466666666666,0.12100000000000001,0.2226666666666667,54.06866666666667,0.06233333333333334,0.08933333333333332,69.17533333333333,0.013000000000000005,0.04400000000000001,0.6586666666666668,0.015333333333333332,0.09566666666666669,0.1633333333333333,0.06766666666666668,0.010333333333333335,0.45433333333333337
82,95,2014-04-28,2,4,2013-2014,Brasília,Coop/São José Basketball,0,0.44766666666666666,0.183,0.18400000000000002,0.08066666666666666,0.1863333333333333,0.044333333333333336,0.142,0.08733333333333332,0.05100000000000002,1.9200000000000004,0.06100000000000001,0.16400000000000003,37.08466666666666,0.09200000000000001,0.15966666666666668,58.45933333333334,0.08066666666666666,0.09933333333333334,81.78466666666667,0.007,0.041666666666666664,0.9299999999999999,0.018666666666666668,0.09566666666666666,0.2133333333333333,0.05100000000000002,0.008,0.5413333333333334,0.39699999999999996,0.126,0.19533333333333333,0.07566666666666667,0.18966666666666665,0.052000000000000005,0.13766666666666666,0.089,0.07266666666666664,1.2660000000000002,0.04200000000000001,0.12166666666666665,34.466666666666676,0.09766666666666667,0.19266666666666668,50.455999999999996,0.07566666666666667,0.09700000000000003,75.068,0.003666666666666666,0.04500000000000001,0.6346666666666666,0.012333333333333335,0.09166666666666666,0.14066666666666666,0.07266666666666664,0.013333333333333334,0.4643333333333333
86,69,2014-04-28,2,4,2013-2014,Flamengo,Bauru Basket,1,0.436,0.16099999999999998,0.192,0.08299999999999999,0.18266666666666664,0.04933333333333334,0.13333333333333336,0.09200000000000001,0.06100000000000002,1.6626666666666665,0.05366666666666667,0.13933333333333336,38.92066666666666,0.096,0.17066666666666663,56.61,0.08299999999999999,0.10733333333333332,75.248,0.010666666666666665,0.04866666666666668,0.8893333333333333,0.006333333333333332,0.09533333333333334,0.07333333333333332,0.06100000000000002,0.007666666666666667,0.5200000000000001,0.4156666666666667,0.143,0.19666666666666666,0.07600000000000001,0.18366666666666667,0.05533333333333333,0.12833333333333333,0.08,0.05800000000000001,1.4579999999999997,0.04766666666666667,0.1206666666666667,39.251333333333335,0.09833333333333333,0.19266666666666668,51.52066666666667,0.07600000000000001,0.10000000000000003,76.72733333333333,0.009666666666666667,0.04600000000000001,0.8566666666666667,0.009333333333333334,0.09100000000000001,0.09800000000000002,0.05800000000000001,0.012333333333333335,0.48533333333333334
67,87,2014-04-29,2,4,2013-2014,Paulistano,Sesi Franca,0,0.42200000000000004,0.143,0.18466666666666667,0.09433333333333334,0.17600000000000002,0.051666666666666666,0.12433333333333334,0.068,0.07200000000000001,1.0113333333333334,0.04766666666666667,0.12599999999999997,37.74400000000001,0.09233333333333334,0.181,51.217333333333336,0.09433333333333334,0.11400000000000002,81.63533333333335,0.006333333333333333,0.052333333333333336,0.7593333333333334,0.005333333333333333,0.10900000000000001,0.050666666666666665,0.07200000000000001,0.015333333333333334,0.4646666666666668,0.39699999999999996,0.094,0.2386666666666667,0.06433333333333333,0.1813333333333333,0.061000000000000006,0.12033333333333332,0.065,0.06666666666666668,0.994,0.03133333333333334,0.09566666666666666,32.782000000000004,0.11933333333333335,0.2206666666666667,53.82333333333334,0.06433333333333333,0.09133333333333334,69.82333333333332,0.011000000000000003,0.04333333333333334,0.6606666666666666,0.016666666666666666,0.09866666666666667,0.1713333333333333,0.06666666666666668,0.010333333333333335,0.444
72,70,2014-05-02,3,4,2013-2014,Coop/São José Basketball,Brasília,1,0.3983333333333333,0.128,0.19133333333333333,0.079,0.19533333333333333,0.052000000000000005,0.14333333333333334,0.08433333333333333,0.07366666666666664,1.1806666666666668,0.04266666666666667,0.12066666666666667,35.23799999999999,0.09566666666666666,0.1913333333333333,49.82133333333333,0.079,0.09966666666666665,75.86133333333332,0.003666666666666666,0.041666666666666664,0.576,0.013333333333333334,0.09333333333333332,0.14933333333333332,0.07366666666666664,0.013666666666666667,0.465,0.44599999999999995,0.183,0.18200000000000002,0.08099999999999999,0.18166666666666664,0.04200000000000001,0.13966666666666666,0.08499999999999999,0.05133333333333335,1.8380000000000003,0.06100000000000001,0.1636666666666667,37.14066666666666,0.09100000000000001,0.15966666666666668,57.93333333333333,0.08099999999999999,0.101,80.614,0.006666666666666666,0.042333333333333334,0.9373333333333332,0.018000000000000002,0.10066666666666668,0.19533333333333328,0.05133333333333335,0.008666666666666666,0.5303333333333333
88,81,2014-05-02,3,4,2013-2014,Mogi,Limeira,1,0.42133333333333334,0.13799999999999998,0.19266666666666665,0.09066666666666667,0.18400000000000002,0.06133333333333334,0.12266666666666669,0.07966666666666665,0.07366666666666667,1.160666666666667,0.046000000000000006,0.11333333333333331,39.632666666666665,0.09633333333333333,0.1933333333333333,49.38666666666667,0.09066666666666667,0.11800000000000002,76.50666666666666,0.006333333333333333,0.04600000000000001,0.6653333333333333,0.011,0.11133333333333334,0.10600000000000001,0.07366666666666667,0.018333333333333333,0.4766666666666666,0.40800000000000003,0.133,0.2006666666666667,0.07433333333333333,0.14833333333333334,0.04033333333333334,0.10800000000000003,0.075,0.05100000000000001,1.8693333333333333,0.044333333333333336,0.10333333333333333,42.586666666666666,0.10033333333333334,0.18433333333333335,54.14333333333333,0.07433333333333333,0.09699999999999999,78.49000000000001,0.003,0.045333333333333344,1.068,0.005666666666666666,0.10933333333333334,0.051333333333333335,0.05100000000000001,0.010333333333333335,0.4656666666666667
73,92,2014-05-03,3,4,2013-2014,Bauru Basket,Flamengo,0,0.41166666666666674,0.141,0.19466666666666665,0.076,0.18366666666666667,0.05633333333333334,0.12733333333333335,0.07633333333333334,0.05866666666666667,1.3579999999999999,0.04700000000000001,0.12000000000000001,38.81666666666668,0.09733333333333333,0.19300000000000003,50.9,0.076,0.0996666666666667,76.95133333333334,0.008333333333333333,0.04700000000000001,0.8566666666666667,0.009333333333333334,0.09033333333333335,0.09800000000000002,0.05866666666666667,0.012333333333333335,0.47700000000000004,0.4346666666666667,0.16199999999999998,0.19333333333333333,0.07933333333333333,0.181,0.05,0.13100000000000003,0.09166666666666669,0.062333333333333345,1.6393333333333333,0.054000000000000006,0.14100000000000001,38.60666666666666,0.09666666666666666,0.16966666666666666,57.288,0.07933333333333333,0.10266666666666666,74.96066666666667,0.011,0.048,0.8713333333333332,0.006666666666666666,0.09433333333333334,0.07666666666666666,0.062333333333333345,0.008,0.5163333333333334
71,81,2014-05-04,3,4,2013-2014,Sesi Franca,Paulistano,0,0.39733333333333326,0.102,0.23466666666666663,0.06066666666666667,0.1853333333333333,0.061000000000000006,0.12433333333333334,0.06600000000000002,0.07000000000000002,0.9673333333333335,0.034,0.097,35.022666666666666,0.11733333333333332,0.2196666666666667,53.19466666666667,0.06066666666666667,0.08733333333333333,68.65666666666667,0.010666666666666668,0.04266666666666667,0.6240000000000001,0.018333333333333333,0.09733333333333334,0.19466666666666665,0.07000000000000002,0.011000000000000001,0.4476666666666666,0.4143333333333334,0.142,0.18266666666666667,0.08966666666666669,0.176,0.052333333333333336,0.12366666666666665,0.06699999999999999,0.07233333333333333,0.9939999999999999,0.04733333333333334,0.12733333333333335,37.07066666666667,0.09133333333333334,0.184,49.768666666666654,0.08966666666666669,0.10700000000000001,82.34200000000001,0.006,0.053333333333333344,0.7686666666666665,0.005333333333333333,0.10766666666666666,0.052000000000000005,0.07233333333333333,0.015333333333333332,0.4536666666666667
81,84,2014-05-05,4,4,2013-2014,Bauru Basket,Flamengo,0,0.41000000000000003,0.14,0.19466666666666665,0.07533333333333332,0.18,0.055000000000000014,0.12500000000000003,0.07633333333333334,0.05700000000000001,1.4253333333333333,0.04666666666666667,0.12200000000000001,37.864000000000004,0.09733333333333333,0.191,51.27333333333333,0.07533333333333332,0.09900000000000002,76.57866666666669,0.008333333333333333,0.046000000000000006,0.864,0.010000000000000002,0.09066666666666666,0.10666666666666667,0.05700000000000001,0.011666666666666665,0.47266666666666673,0.43733333333333335,0.16200000000000003,0.198,0.07733333333333332,0.18533333333333332,0.05000000000000002,0.13533333333333336,0.09166666666666666,0.06066666666666667,1.700666666666667,0.054000000000000006,0.13933333333333334,39.01266666666666,0.099,0.17266666666666666,57.62266666666665,0.07733333333333332,0.10099999999999999,74.16266666666667,0.011666666666666664,0.04600000000000001,0.8599999999999999,0.007333333333333332,0.09333333333333334,0.084,0.06066666666666667,0.008,0.5243333333333334
72,60,2014-05-05,4,4,2013-2014,Mogi,Limeira,1,0.4210000000000001,0.136,0.19266666666666668,0.09233333333333334,0.18633333333333332,0.06533333333333333,0.12100000000000001,0.07899999999999999,0.07433333333333333,1.1206666666666665,0.045333333333333344,0.11433333333333334,38.50066666666667,0.09633333333333334,0.194,49.194,0.09233333333333334,0.12066666666666667,76.334,0.007000000000000001,0.045333333333333344,0.6373333333333335,0.010666666666666668,0.11433333333333337,0.09933333333333333,0.07433333333333333,0.019333333333333334,0.47300000000000003,0.4020000000000001,0.125,0.1993333333333333,0.07766666666666668,0.14666666666666664,0.03933333333333334,0.10733333333333334,0.07633333333333334,0.05233333333333334,1.8659999999999999,0.04166666666666667,0.10033333333333333,41.571999999999996,0.09966666666666665,0.18299999999999997,54.18,0.07766666666666668,0.101,78.54933333333334,0.003,0.04366666666666667,1.028,0.006333333333333333,0.10966666666666666,0.05733333333333333,0.05233333333333334,0.010666666666666668,0.45733333333333337
97,87,2014-05-06,4,4,2013-2014,Sesi Franca,Paulistano,1,0.39299999999999996,0.10499999999999998,0.22866666666666666,0.05933333333333332,0.18499999999999997,0.06000000000000001,0.125,0.06633333333333334,0.07300000000000002,0.9233333333333333,0.03500000000000001,0.101,34.844,0.11433333333333333,0.21700000000000005,52.36933333333333,0.05933333333333332,0.08833333333333335,66.99533333333333,0.009000000000000001,0.04366666666666667,0.6093333333333334,0.018000000000000002,0.10333333333333333,0.18133333333333332,0.07300000000000002,0.011333333333333334,0.4353333333333333,0.4046666666666667,0.137,0.17800000000000002,0.08966666666666669,0.178,0.05166666666666667,0.12633333333333333,0.06433333333333334,0.07266666666666666,0.9440000000000001,0.045666666666666675,0.12533333333333335,36.399333333333324,0.08900000000000001,0.18266666666666664,48.870666666666665,0.08966666666666669,0.10800000000000001,81.766,0.006000000000000001,0.05366666666666666,0.7686666666666667,0.006,0.10666666666666667,0.05733333333333333,0.07266666666666666,0.015666666666666666,0.4423333333333333
86,77,2014-05-09,5,4,2013-2014,Paulistano,Sesi Franca,1,0.41133333333333333,0.137,0.18133333333333335,0.09300000000000001,0.177,0.049666666666666665,0.12733333333333335,0.06366666666666668,0.07166666666666664,0.9466666666666667,0.045666666666666675,0.12466666666666668,36.57000000000001,0.09066666666666667,0.182,49.919333333333334,0.09300000000000001,0.11200000000000002,82.26733333333335,0.005666666666666667,0.05333333333333334,0.7726666666666665,0.005666666666666667,0.108,0.05400000000000001,0.07166666666666664,0.015000000000000003,0.45000000000000007,0.39,0.105,0.222,0.06299999999999999,0.18166666666666664,0.05766666666666668,0.12400000000000001,0.06666666666666668,0.07066666666666667,0.9919999999999999,0.035,0.10266666666666666,34.11933333333333,0.111,0.21266666666666673,52.188,0.06299999999999999,0.09133333333333334,68.374,0.008333333333333333,0.043000000000000003,0.6333333333333333,0.017333333333333333,0.10133333333333332,0.18000000000000002,0.07066666666666667,0.011000000000000001,0.43033333333333335
70,75,2014-05-09,5,4,2013-2014,Limeira,Mogi,0,0.4013333333333334,0.12399999999999999,0.19999999999999998,0.07733333333333332,0.14266666666666664,0.038000000000000006,0.10466666666666667,0.07666666666666666,0.05166666666666667,1.8766666666666665,0.04133333333333334,0.09866666666666667,42.01666666666666,0.09999999999999999,0.186,53.66533333333333,0.07733333333333332,0.09866666666666668,79.63066666666667,0.003,0.04333333333333334,1.0286666666666668,0.007,0.11200000000000002,0.06133333333333334,0.05166666666666667,0.011333333333333332,0.45466666666666666,0.42066666666666674,0.13899999999999998,0.18933333333333333,0.09233333333333334,0.185,0.063,0.12200000000000001,0.07866666666666665,0.07366666666666667,1.1206666666666665,0.04633333333333334,0.11366666666666667,39.99066666666667,0.09466666666666666,0.19233333333333336,48.765333333333345,0.09233333333333334,0.11866666666666667,77.23133333333334,0.007000000000000001,0.04400000000000001,0.626,0.009666666666666667,0.11166666666666668,0.09266666666666667,0.07366666666666667,0.01966666666666667,0.47300000000000003
88,82,2014-05-12,1,5,2013-2014,Flamengo,Mogi,1,0.44166666666666665,0.166,0.198,0.07766666666666668,0.18333333333333332,0.05066666666666668,0.13266666666666668,0.09166666666666665,0.05966666666666668,1.7173333333333334,0.055333333333333325,0.14233333333333334,39.11266666666667,0.099,0.17066666666666663,58.34133333333333,0.07766666666666668,0.10099999999999999,74.53266666666667,0.011666666666666664,0.04866666666666668,0.9066666666666666,0.007666666666666666,0.09466666666666668,0.08733333333333333,0.05966666666666668,0.008333333333333333,0.5313333333333333,0.4146666666666667,0.14,0.18466666666666667,0.09000000000000001,0.184,0.06333333333333332,0.12066666666666667,0.07699999999999999,0.06966666666666668,1.1473333333333333,0.046666666666666676,0.11233333333333334,40.824,0.09233333333333334,0.1913333333333333,47.726666666666674,0.09000000000000001,0.11600000000000002,76.95333333333333,0.008333333333333333,0.045333333333333344,0.6726666666666666,0.009333333333333334,0.10933333333333335,0.09200000000000001,0.06966666666666668,0.019333333333333338,0.47000000000000003
88,71,2014-05-13,1,5,2013-2014,Paulistano,Coop/São José Basketball,1,0.4136666666666667,0.138,0.18400000000000002,0.09166666666666669,0.17666666666666667,0.05000000000000001,0.12666666666666668,0.06366666666666666,0.06999999999999999,0.982,0.04600000000000001,0.12500000000000003,36.76066666666667,0.09200000000000001,0.182,50.66,0.09166666666666669,0.11166666666666666,81.272,0.005333333333333333,0.051333333333333335,0.7613333333333332,0.005,0.10666666666666667,0.04800000000000001,0.06999999999999999,0.014000000000000002,0.45133333333333336,0.40099999999999997,0.125,0.19733333333333333,0.07866666666666666,0.20033333333333334,0.057,0.14333333333333337,0.08366666666666665,0.07200000000000001,1.1873333333333334,0.041666666666666664,0.121,34.349333333333334,0.09866666666666667,0.19566666666666668,50.37199999999999,0.07866666666666666,0.09966666666666665,75.46933333333332,0.003666666666666666,0.041666666666666664,0.5879999999999999,0.013000000000000001,0.092,0.14666666666666667,0.07200000000000001,0.013333333333333334,0.4703333333333334
65,69,2014-05-14,2,5,2013-2014,Flamengo,Mogi,0,0.441,0.167,0.19600000000000004,0.078,0.185,0.053666666666666675,0.13133333333333336,0.08966666666666666,0.06033333333333335,1.664,0.05566666666666667,0.14566666666666667,38.43600000000001,0.09800000000000002,0.1746666666666667,56.35733333333334,0.078,0.10033333333333334,75.188,0.011666666666666665,0.04800000000000001,0.8879999999999999,0.007999999999999998,0.097,0.08866666666666669,0.06033333333333335,0.009333333333333334,0.5223333333333333,0.4120000000000001,0.138,0.18400000000000002,0.09,0.18299999999999997,0.06366666666666666,0.11933333333333335,0.07566666666666667,0.068,1.1513333333333333,0.04600000000000001,0.11000000000000003,41.022666666666666,0.09200000000000001,0.1916666666666667,47.47866666666667,0.09,0.11600000000000002,76.95333333333333,0.007666666666666668,0.044666666666666674,0.674,0.009000000000000001,0.10866666666666668,0.08933333333333333,0.068,0.019000000000000003,0.4666666666666667
78,83,2014-05-15,2,5,2013-2014,Paulistano,Coop/São José Basketball,0,0.41733333333333333,0.13899999999999998,0.186,0.09233333333333332,0.17266666666666666,0.04933333333333335,0.12333333333333334,0.06333333333333334,0.06699999999999999,1.0219999999999998,0.046333333333333344,0.12566666666666665,36.824666666666666,0.093,0.182,51.17266666666667,0.09233333333333332,0.111,82.56800000000001,0.005333333333333334,0.05166666666666667,0.818,0.005,0.10633333333333334,0.04800000000000001,0.06699999999999999,0.012333333333333333,0.456,0.397,0.12000000000000001,0.194,0.083,0.2,0.05800000000000001,0.14200000000000002,0.07966666666666665,0.07166666666666668,1.1366666666666667,0.04000000000000001,0.11966666666666669,33.516,0.097,0.1953333333333333,49.519999999999996,0.083,0.104,78.04866666666666,0.003666666666666666,0.04200000000000001,0.5946666666666667,0.013000000000000001,0.09166666666666669,0.14733333333333337,0.07166666666666668,0.013333333333333338,0.461
78,80,2014-05-17,3,5,2013-2014,Mogi,Flamengo,0,0.40866666666666673,0.136,0.18533333333333335,0.08733333333333332,0.185,0.06333333333333334,0.12166666666666666,0.07433333333333335,0.06833333333333334,1.13,0.045333333333333344,0.10866666666666669,40.82066666666667,0.09266666666666667,0.19133333333333333,47.906,0.08733333333333332,0.11300000000000002,76.45933333333332,0.008333333333333333,0.04300000000000001,0.6493333333333334,0.008333333333333333,0.11000000000000001,0.08066666666666668,0.06833333333333334,0.019000000000000003,0.4633333333333333,0.43,0.161,0.19666666666666668,0.07233333333333333,0.18333333333333332,0.05300000000000002,0.13033333333333336,0.09033333333333333,0.06000000000000002,1.6826666666666668,0.05366666666666667,0.14733333333333334,36.482000000000006,0.09833333333333334,0.17533333333333337,56.32533333333333,0.07233333333333333,0.09433333333333334,74.41000000000001,0.011666666666666665,0.04866666666666668,0.9046666666666666,0.007999999999999998,0.096,0.08866666666666669,0.06000000000000002,0.009666666666666667,0.5076666666666667
74,80,2014-05-18,3,5,2013-2014,Coop/São José Basketball,Paulistano,0,0.396,0.12399999999999999,0.19200000000000003,0.08,0.2006666666666667,0.056666666666666664,0.144,0.078,0.07166666666666668,1.1126666666666667,0.04133333333333334,0.12033333333333335,34.518,0.09600000000000002,0.19266666666666665,49.69266666666666,0.08,0.10333333333333333,75.65466666666667,0.003666666666666666,0.03833333333333334,0.542,0.013333333333333334,0.09166666666666666,0.15133333333333338,0.07166666666666668,0.01466666666666667,0.4556666666666667,0.41333333333333333,0.13900000000000004,0.19133333333333333,0.08299999999999999,0.17200000000000001,0.04966666666666667,0.12233333333333335,0.065,0.063,1.0986666666666667,0.046333333333333344,0.12866666666666665,36.158,0.09566666666666666,0.185,51.72866666666667,0.08299999999999999,0.10200000000000001,80.67000000000002,0.004666666666666667,0.052666666666666674,0.8733333333333332,0.005333333333333333,0.10800000000000001,0.05133333333333334,0.063,0.013000000000000003,0.45466666666666666
71,79,2014-05-19,4,5,2013-2014,Mogi,Flamengo,0,0.41233333333333333,0.13799999999999998,0.18800000000000003,0.08633333333333333,0.18466666666666665,0.06233333333333334,0.12233333333333334,0.07733333333333334,0.06866666666666667,1.1646666666666665,0.04600000000000001,0.1096666666666667,41.032666666666664,0.09400000000000001,0.19133333333333333,48.57266666666666,0.08633333333333333,0.11166666666666665,76.36866666666668,0.01,0.04500000000000001,0.6733333333333333,0.008666666666666666,0.10933333333333337,0.08466666666666668,0.06866666666666667,0.019333333333333334,0.473,0.4240000000000001,0.16199999999999998,0.18933333333333333,0.07266666666666666,0.18133333333333332,0.052666666666666674,0.12866666666666668,0.089,0.060666666666666674,1.6426666666666665,0.05400000000000002,0.14733333333333334,36.704,0.09466666666666666,0.17366666666666666,54.87266666666667,0.07266666666666666,0.093,76.51866666666666,0.011000000000000001,0.04833333333333334,0.8893333333333333,0.007666666666666667,0.09533333333333333,0.08600000000000001,0.060666666666666674,0.009666666666666667,0.497
96,68,2014-05-20,4,5,2013-2014,Coop/São José Basketball,Paulistano,1,0.39033333333333337,0.121,0.18666666666666668,0.08266666666666665,0.19799999999999998,0.05800000000000001,0.14,0.078,0.07233333333333335,1.1053333333333335,0.04033333333333333,0.11966666666666667,33.69933333333333,0.09333333333333334,0.19033333333333333,48.99466666666665,0.08266666666666665,0.10766666666666666,75.15266666666666,0.0033333333333333335,0.04133333333333334,0.5746666666666667,0.013666666666666667,0.09366666666666666,0.15400000000000003,0.07233333333333335,0.015333333333333336,0.4476666666666667,0.40800000000000003,0.13499999999999998,0.188,0.08499999999999999,0.1716666666666667,0.049000000000000016,0.12266666666666669,0.06366666666666668,0.06433333333333334,1.064,0.04500000000000001,0.12666666666666665,35.80533333333334,0.094,0.18333333333333332,51.25266666666666,0.08499999999999999,0.106,79.48533333333334,0.003666666666666666,0.05300000000000001,0.8653333333333335,0.005666666666666667,0.11066666666666666,0.05400000000000001,0.06433333333333334,0.013666666666666667,0.4456666666666667
81,68,2014-05-23,5,5,2013-2014,Paulistano,Coop/São José Basketball,1,0.40499999999999997,0.13399999999999998,0.18866666666666668,0.08233333333333333,0.17033333333333334,0.05033333333333334,0.12000000000000004,0.06433333333333334,0.06466666666666666,1.0706666666666669,0.044666666666666674,0.12699999999999997,35.50533333333333,0.09433333333333334,0.183,51.52266666666666,0.08233333333333333,0.103,79.32666666666668,0.004333333333333332,0.05266666666666668,0.8580000000000001,0.005000000000000001,0.10866666666666669,0.04933333333333334,0.06466666666666666,0.014000000000000002,0.44100000000000006,0.394,0.125,0.1906666666666667,0.07833333333333332,0.2033333333333333,0.059000000000000004,0.14433333333333334,0.08066666666666666,0.07133333333333333,1.1866666666666668,0.041666666666666664,0.12300000000000001,33.638,0.09533333333333335,0.1913333333333333,49.86799999999999,0.07833333333333332,0.10466666666666667,73.52333333333334,0.003,0.04033333333333333,0.5726666666666667,0.01366666666666667,0.09233333333333332,0.15533333333333338,0.07133333333333333,0.014000000000000002,0.457
78,73,2014-05-31,1,6,2013-2014,Flamengo,Paulistano,1,0.4220000000000001,0.156,0.19133333333333327,0.07466666666666667,0.18000000000000002,0.05300000000000001,0.127,0.08766666666666666,0.06366666666666669,1.4519999999999997,0.05200000000000002,0.1436666666666667,35.89066666666667,0.09566666666666664,0.17366666666666666,55.46133333333334,0.07466666666666667,0.09433333333333334,77.46333333333334,0.012000000000000002,0.04766666666666668,0.7853333333333333,0.008333333333333333,0.09666666666666665,0.09133333333333334,0.06366666666666669,0.010333333333333335,0.49266666666666664,0.4066666666666667,0.13499999999999998,0.188,0.08366666666666665,0.174,0.054,0.12000000000000004,0.063,0.06200000000000001,1.1,0.045000000000000005,0.13,34.97066666666667,0.094,0.18500000000000003,50.74533333333333,0.08366666666666665,0.104,79.97133333333333,0.004666666666666666,0.05233333333333334,0.9039999999999999,0.005666666666666666,0.10866666666666669,0.055333333333333345,0.06200000000000001,0.013666666666666667,0.44333333333333336
91,99,2014-10-31,1,1,2014-2015,Paulistano,Flamengo,0,0.0,0.0,0.0,0.0,0.0,0.0,0.0,0.0,0.0,0.0,0.0,0.0,0.0,0.0,0.0,0.0,0.0,0.0,0.0,0.0,0.0,0.0,0.0,0.0,0.0,0.0,0.0,0.0,0.0,0.0,0.0,0.0,0.0,0.0,0.0,0.0,0.0,0.0,0.0,0.0,0.0,0.0,0.0,0.0,0.0,0.0,0.0,0.0,0.0,0.0,0.0,0.0,0.0,0.0,0.0,0.0
90,66,2014-11-04,1,1,2014-2015,Sesi Franca,Fortaleza B. C. / CFO,1,0.0,0.0,0.0,0.0,0.0,0.0,0.0,0.0,0.0,0.0,0.0,0.0,0.0,0.0,0.0,0.0,0.0,0.0,0.0,0.0,0.0,0.0,0.0,0.0,0.0,0.0,0.0,0.0,0.0,0.0,0.0,0.0,0.0,0.0,0.0,0.0,0.0,0.0,0.0,0.0,0.0,0.0,0.0,0.0,0.0,0.0,0.0,0.0,0.0,0.0,0.0,0.0,0.0,0.0,0.0,0.0
83,86,2014-11-04,1,1,2014-2015,Bauru Basket,Brasília,0,0.0,0.0,0.0,0.0,0.0,0.0,0.0,0.0,0.0,0.0,0.0,0.0,0.0,0.0,0.0,0.0,0.0,0.0,0.0,0.0,0.0,0.0,0.0,0.0,0.0,0.0,0.0,0.0,0.0,0.0,0.0,0.0,0.0,0.0,0.0,0.0,0.0,0.0,0.0,0.0,0.0,0.0,0.0,0.0,0.0,0.0,0.0,0.0,0.0,0.0,0.0,0.0,0.0,0.0,0.0,0.0
71,64,2014-11-04,1,1,2014-2015,Coop/São José Basketball,Minas,1,0.0,0.0,0.0,0.0,0.0,0.0,0.0,0.0,0.0,0.0,0.0,0.0,0.0,0.0,0.0,0.0,0.0,0.0,0.0,0.0,0.0,0.0,0.0,0.0,0.0,0.0,0.0,0.0,0.0,0.0,0.0,0.0,0.0,0.0,0.0,0.0,0.0,0.0,0.0,0.0,0.0,0.0,0.0,0.0,0.0,0.0,0.0,0.0,0.0,0.0,0.0,0.0,0.0,0.0,0.0,0.0
90,80,2014-11-04,1,1,2014-2015,Mogi,Uberlândia,1,0.0,0.0,0.0,0.0,0.0,0.0,0.0,0.0,0.0,0.0,0.0,0.0,0.0,0.0,0.0,0.0,0.0,0.0,0.0,0.0,0.0,0.0,0.0,0.0,0.0,0.0,0.0,0.0,0.0,0.0,0.0,0.0,0.0,0.0,0.0,0.0,0.0,0.0,0.0,0.0,0.0,0.0,0.0,0.0,0.0,0.0,0.0,0.0,0.0,0.0,0.0,0.0,0.0,0.0,0.0,0.0
72,75,2014-11-05,1,1,2014-2015,Rio Claro,Palmeiras,0,0.0,0.0,0.0,0.0,0.0,0.0,0.0,0.0,0.0,0.0,0.0,0.0,0.0,0.0,0.0,0.0,0.0,0.0,0.0,0.0,0.0,0.0,0.0,0.0,0.0,0.0,0.0,0.0,0.0,0.0,0.0,0.0,0.0,0.0,0.0,0.0,0.0,0.0,0.0,0.0,0.0,0.0,0.0,0.0,0.0,0.0,0.0,0.0,0.0,0.0,0.0,0.0,0.0,0.0,0.0,0.0
96,73,2014-11-05,1,1,2014-2015,L. Sorocabana,Macaé Basquete,1,0.0,0.0,0.0,0.0,0.0,0.0,0.0,0.0,0.0,0.0,0.0,0.0,0.0,0.0,0.0,0.0,0.0,0.0,0.0,0.0,0.0,0.0,0.0,0.0,0.0,0.0,0.0,0.0,0.0,0.0,0.0,0.0,0.0,0.0,0.0,0.0,0.0,0.0,0.0,0.0,0.0,0.0,0.0,0.0,0.0,0.0,0.0,0.0,0.0,0.0,0.0,0.0,0.0,0.0,0.0,0.0
81,73,2014-11-06,2,1,2014-2015,Sesi Franca,Brasília,1,0.45,0.165,0.21,0.075,0.18,0.015,0.165,0.095,0.08,1.19,0.055,0.11,50.0,0.105,0.175,60.0,0.075,0.13,57.69,0.015,0.07,0.88,0.04,0.12,0.33,0.08,0.01,0.575,0.43,0.075,0.28,0.075,0.165,0.03,0.135,0.135,0.075,1.8,0.025,0.08,31.25,0.14,0.225,62.22,0.075,0.09,83.33,0.02,0.07,0.93,0.015,0.135,0.11,0.075,0.02,0.585
60,61,2014-11-06,2,1,2014-2015,Mogi,Minas,0,0.45,0.105,0.28,0.065,0.25,0.075,0.175,0.09,0.07,1.29,0.035,0.075,46.67,0.14,0.275,50.91,0.065,0.085,76.47,0.01,0.03,0.43,0.01,0.11,0.09,0.07,0.01,0.565,0.32,0.09,0.17,0.06,0.18,0.08,0.1,0.08,0.08,1.0,0.03,0.115,26.09,0.085,0.205,41.46,0.06,0.09,66.67,0.01,0.06,0.75,0.01,0.095,0.11,0.08,0.02,0.335
80,52,2014-11-06,2,1,2014-2015,Coop/São José Basketball,Uberlândia,1,0.355,0.03,0.25,0.075,0.175,0.045,0.13,0.1,0.08,1.25,0.01,0.05,20.0,0.125,0.225,55.56,0.075,0.1,75.0,0.0,0.045,0.56,0.0,0.1,0.0,0.08,0.015,0.43,0.4,0.195,0.14,0.065,0.16,0.045,0.115,0.065,0.035,1.86,0.065,0.18,36.11,0.07,0.16,43.75,0.065,0.095,68.42,0.0,0.055,1.57,0.015,0.1,0.15,0.035,0.0,0.425
99,81,2014-11-07,2,1,2014-2015,Bauru Basket,Fortaleza B. C. / CFO,1,0.415,0.165,0.13,0.12,0.195,0.075,0.12,0.09,0.085,1.06,0.055,0.17,32.35,0.065,0.16,40.63,0.12,0.145,82.76,0.005,0.05,0.59,0.005,0.08,0.06,0.085,0.01,0.435,0.33,0.075,0.18,0.075,0.21,0.075,0.135,0.05,0.095,0.53,0.025,0.105,23.81,0.09,0.23,39.13,0.075,0.12,62.5,0.0,0.07,0.74,0.015,0.1,0.15,0.095,0.025,0.315
82,76,2014-11-07,2,1,2014-2015,Paulistano,Macaé Basquete,1,0.455,0.09,0.3,0.065,0.175,0.06,0.115,0.06,0.035,1.71,0.03,0.12,25.0,0.15,0.235,63.83,0.065,0.1,65.0,0.025,0.05,1.43,0.005,0.12,0.04,0.035,0.0,0.5,0.365,0.075,0.19,0.1,0.145,0.065,0.08,0.04,0.085,0.47,0.025,0.1,25.0,0.095,0.205,46.34,0.1,0.125,80.0,0.0,0.055,0.65,0.01,0.09,0.11,0.085,0.03,0.32
70,84,2014-11-07,2,1,2014-2015,Rio Claro,Pinheiros,0,0.36,0.12,0.17,0.07,0.14,0.045,0.095,0.08,0.05,1.6,0.04,0.12,33.33,0.085,0.175,48.57,0.07,0.095,73.68,0.0,0.04,0.8,0.0,0.105,0.0,0.05,0.01,0.375,0.0,0.0,0.0,0.0,0.0,0.0,0.0,0.0,0.0,0.0,0.0,0.0,0.0,0.0,0.0,0.0,0.0,0.0,0.0,0.0,0.0,0.0,0.0,0.0,0.0,0.0,0.0,0.0
92,97,2014-11-07,2,1,2014-2015,L. Sorocabana,Flamengo,0,0.48,0.15,0.27,0.06,0.15,0.035,0.115,0.095,0.095,1.0,0.05,0.075,66.67,0.135,0.225,60.0,0.06,0.075,80.0,0.025,0.05,0.53,0.01,0.11,0.09,0.095,0.03,0.56,0.495,0.21,0.21,0.075,0.185,0.06,0.125,0.115,0.06,1.92,0.07,0.135,51.85,0.105,0.205,51.22,0.075,0.105,71.43,0.015,0.035,0.58,0.01,0.095,0.11,0.06,0.0,0.585
71,65,2014-11-11,3,1,2014-2015,Fortaleza B. C. / CFO,Minas,1,0.36750000000000005,0.1275,0.16999999999999998,0.07,0.16999999999999998,0.0675,0.10250000000000001,0.060000000000000005,0.0775,0.85,0.042499999999999996,0.125,32.595,0.08499999999999999,0.2175,39.075,0.07,0.1,71.875,0.0025,0.065,0.87,0.0125,0.0975,0.13,0.0775,0.02,0.35250000000000004,0.3125,0.09,0.175,0.0475,0.16749999999999998,0.052500000000000005,0.115,0.07250000000000001,0.08,0.905,0.03,0.1175,25.545,0.0875,0.18,49.760000000000005,0.0475,0.07,68.33500000000001,0.0075,0.05,0.625,0.005,0.10500000000000001,0.055,0.08,0.0175,0.325
89,70,2014-11-11,3,1,2014-2015,Coop/São José Basketball,Pinheiros,1,0.3775,0.075,0.235,0.0675,0.1975,0.0475,0.15000000000000002,0.10500000000000001,0.08,1.315,0.025,0.0775,29.05,0.1175,0.23249999999999998,50.695,0.0675,0.1,67.5,0.0025,0.0575,0.72,0.0075,0.0975,0.08,0.08,0.01,0.46499999999999997,0.42,0.165,0.23,0.025,0.15,0.035,0.115,0.075,0.075,1.0,0.055,0.09,61.11,0.115,0.19,60.53,0.025,0.06,41.67,0.015,0.07,0.93,0.005,0.1,0.05,0.075,0.01,0.5
75,68,2014-11-12,3,1,2014-2015,L. Sorocabana,Rio Claro,1,0.47,0.14250000000000002,0.265,0.0625,0.16749999999999998,0.060000000000000005,0.10750000000000001,0.09,0.075,1.275,0.0475,0.11249999999999999,48.335,0.1325,0.255,52.805,0.0625,0.07250000000000001,86.43,0.015000000000000001,0.0675,1.04,0.0125,0.125,0.1,0.075,0.0225,0.535,0.355,0.0975,0.19,0.0675,0.14250000000000002,0.05,0.0925,0.08499999999999999,0.060000000000000005,1.445,0.0325,0.11,29.165,0.095,0.19,49.894999999999996,0.0675,0.09,75.075,0.0025,0.0475,0.795,0.0,0.10250000000000001,0.0,0.060000000000000005,0.005,0.375
84,85,2014-11-12,3,1,2014-2015,Paulistano,Limeira,0,0.4325,0.08249999999999999,0.26,0.09,0.1825,0.0625,0.12,0.0625,0.045,1.4449999999999998,0.0275,0.11,25.0,0.13,0.215,60.12,0.09,0.13,68.44,0.02,0.045,1.08,0.0025,0.11249999999999999,0.02,0.045,0.0025,0.47250000000000003,0.0,0.0,0.0,0.0,0.0,0.0,0.0,0.0,0.0,0.0,0.0,0.0,0.0,0.0,0.0,0.0,0.0,0.0,0.0,0.0,0.0,0.0,0.0,0.0,0.0,0.0,0.0,0.0
82,79,2014-11-12,3,1,2014-2015,Flamengo,Sesi Franca,1,0.49,0.1875,0.215,0.0875,0.185,0.042499999999999996,0.14250000000000002,0.10750000000000001,0.08499999999999999,1.415,0.0625,0.11750000000000001,53.425,0.1075,0.185,58.945,0.0875,0.1275,69.05000000000001,0.0125,0.0325,0.425,0.015,0.09,0.175,0.08499999999999999,0.0075,0.5725,0.4275,0.1575,0.2,0.07,0.16999999999999998,0.035,0.135,0.08499999999999999,0.0675,1.275,0.052500000000000005,0.1225,43.519999999999996,0.1,0.1925,52.620000000000005,0.07,0.115,61.345,0.015,0.065,0.9850000000000001,0.025,0.11249999999999999,0.21500000000000002,0.0675,0.005,0.49749999999999994
56,55,2014-11-13,4,1,2014-2015,Coop/São José Basketball,Palmeiras,1,0.39999999999999997,0.085,0.24333333333333332,0.07166666666666667,0.20166666666666666,0.049999999999999996,0.1516666666666667,0.10666666666666667,0.08333333333333333,1.2833333333333332,0.028333333333333335,0.08166666666666667,32.330000000000005,0.12166666666666666,0.2283333333333333,53.49333333333334,0.07166666666666667,0.09666666666666668,74.63,0.0016666666666666668,0.04833333333333334,0.59,0.01,0.08833333333333333,0.12333333333333334,0.08333333333333333,0.013333333333333334,0.4983333333333333,0.375,0.075,0.19,0.11,0.17,0.045,0.125,0.07,0.065,1.08,0.025,0.085,29.41,0.095,0.17,55.88,0.11,0.115,95.65,0.015,0.035,0.54,0.0,0.095,0.0,0.065,0.02,0.445
78,79,2014-11-14,4,1,2014-2015,Macaé Basquete,Sesi Franca,0,0.3725,0.08249999999999999,0.20500000000000002,0.085,0.14250000000000002,0.052500000000000005,0.09,0.052500000000000005,0.07,0.825,0.0275,0.10500000000000001,26.134999999999998,0.10250000000000001,0.2025,50.67,0.085,0.10250000000000001,83.75,0.0025,0.052500000000000005,0.78,0.0125,0.11,0.11499999999999999,0.07,0.02,0.3675,0.4166666666666667,0.135,0.20000000000000004,0.08166666666666667,0.17166666666666663,0.045000000000000005,0.12666666666666668,0.07666666666666666,0.07333333333333335,1.0866666666666667,0.045000000000000005,0.11499999999999999,39.01333333333333,0.10000000000000002,0.19333333333333336,52.17333333333334,0.08166666666666667,0.12666666666666668,64.23,0.011666666666666665,0.06166666666666667,0.8733333333333334,0.016666666666666666,0.12166666666666666,0.14333333333333334,0.07333333333333335,0.008333333333333333,0.4616666666666666
83,85,2014-11-14,4,1,2014-2015,L. Sorocabana,Limeira,0,0.4383333333333333,0.11,0.26,0.06833333333333334,0.17666666666666667,0.05666666666666667,0.12,0.07833333333333332,0.07333333333333333,1.1133333333333333,0.03666666666666667,0.09666666666666666,39.916666666666664,0.13,0.24666666666666667,53.32,0.06833333333333334,0.08,85.69,0.011666666666666667,0.06333333333333334,0.9566666666666667,0.011666666666666667,0.11666666666666665,0.10000000000000002,0.07333333333333333,0.018333333333333333,0.5066666666666667,0.425,0.135,0.18,0.11,0.135,0.02,0.115,0.08,0.085,0.94,0.045,0.105,42.86,0.09,0.14,64.29,0.11,0.155,70.97,0.01,0.04,0.47,0.02,0.105,0.19,0.085,0.025,0.46
94,89,2014-11-14,4,1,2014-2015,Paulistano,Rio Claro,1,0.4283333333333333,0.09499999999999999,0.23666666666666666,0.09666666666666666,0.17500000000000002,0.06166666666666667,0.11333333333333333,0.056666666666666664,0.05333333333333334,1.1766666666666665,0.03166666666666667,0.10666666666666667,30.0,0.11833333333333333,0.21833333333333335,54.15333333333333,0.09666666666666666,0.13,73.83333333333333,0.018333333333333333,0.04666666666666667,0.9566666666666667,0.0033333333333333335,0.12333333333333334,0.023333333333333334,0.05333333333333334,0.006666666666666667,0.4483333333333334,0.35000000000000003,0.085,0.20333333333333334,0.06166666666666667,0.14500000000000002,0.04666666666666667,0.09833333333333333,0.07833333333333332,0.06833333333333334,1.2166666666666668,0.028333333333333335,0.11166666666666668,25.24,0.10166666666666667,0.18666666666666668,54.56,0.06166666666666667,0.09000000000000001,68.57000000000001,0.0033333333333333335,0.049999999999999996,0.7466666666666667,0.0,0.10166666666666668,0.0,0.06833333333333334,0.01,0.35833333333333334
83,75,2014-11-16,4,1,2014-2015,Mogi,Pinheiros,1,0.375,0.075,0.22000000000000003,0.08,0.21000000000000002,0.055,0.155,0.055,0.07500000000000001,0.77,0.025,0.075,33.335,0.11000000000000001,0.23500000000000001,45.97,0.08,0.10750000000000001,74.775,0.0075,0.045,0.59,0.0125,0.095,0.14,0.07500000000000001,0.02,0.42,0.385,0.1125,0.245,0.0275,0.16,0.055,0.10500000000000001,0.07250000000000001,0.0675,1.085,0.0375,0.0975,40.08,0.1225,0.2325,53.900000000000006,0.0275,0.055,50.835,0.02,0.0675,1.0050000000000001,0.015000000000000001,0.0825,0.215,0.0675,0.0175,0.435
76,64,2014-11-17,2,1,2014-2015,Limeira,Palmeiras,1,0.425,0.10500000000000001,0.195,0.125,0.14500000000000002,0.035,0.11,0.0775,0.0825,0.94,0.035,0.095,36.135,0.0975,0.15500000000000003,63.025000000000006,0.125,0.15,83.75999999999999,0.0175,0.04,0.485,0.02,0.1175,0.16999999999999998,0.0825,0.0225,0.48250000000000004,0.325,0.0675,0.175,0.0825,0.1625,0.042499999999999996,0.12,0.07250000000000001,0.065,1.115,0.0225,0.07750000000000001,28.990000000000002,0.0875,0.18,48.995000000000005,0.0825,0.10250000000000001,78.38,0.02,0.04,0.615,0.0025,0.0875,0.03,0.065,0.015,0.37
81,74,2014-11-18,5,1,2014-2015,Bauru Basket,Paulistano,1,0.45499999999999996,0.1725,0.16999999999999998,0.11249999999999999,0.20500000000000002,0.065,0.14,0.09,0.07750000000000001,1.175,0.057499999999999996,0.1575,36.865,0.08499999999999999,0.155,55.315,0.11249999999999999,0.13,87.03,0.005,0.0475,0.615,0.0025,0.0975,0.03,0.07750000000000001,0.0075,0.535,0.43875,0.10124999999999999,0.24,0.0975,0.185,0.0725,0.11249999999999999,0.056249999999999994,0.06125,1.045,0.03375,0.1125,30.1925,0.12,0.22875,52.63499999999999,0.0975,0.13125,73.8925,0.015,0.04875,0.88,0.00375,0.1275,0.027500000000000004,0.06125,0.0125,0.45000000000000007
78,76,2014-11-18,5,1,2014-2015,Minas,Flamengo,1,0.31666666666666665,0.08,0.17333333333333334,0.06333333333333334,0.17,0.06333333333333334,0.10666666666666667,0.065,0.08,0.8133333333333334,0.02666666666666667,0.12666666666666668,21.626666666666665,0.08666666666666667,0.18000000000000002,48.913333333333334,0.06333333333333334,0.08833333333333333,70.89,0.005,0.05333333333333334,0.6666666666666666,0.0033333333333333335,0.11,0.03666666666666667,0.08,0.018333333333333337,0.31,0.4633333333333333,0.16,0.20333333333333334,0.09999999999999999,0.17500000000000002,0.04,0.135,0.09500000000000001,0.08666666666666667,1.2033333333333334,0.05333333333333334,0.11833333333333333,45.339999999999996,0.10166666666666667,0.17166666666666666,59.98666666666667,0.09999999999999999,0.14666666666666667,68.55666666666667,0.011666666666666667,0.045000000000000005,0.5433333333333333,0.011666666666666665,0.09833333333333333,0.12999999999999998,0.08666666666666667,0.016666666666666666,0.5216666666666666
81,80,2014-11-18,5,1,2014-2015,Uberlândia,Macaé Basquete,1,0.33,0.0975,0.18,0.052500000000000005,0.19,0.0525,0.1375,0.0575,0.060000000000000005,1.225,0.0325,0.1275,18.055,0.09,0.20750000000000002,43.445,0.052500000000000005,0.0825,62.78,0.0025,0.052500000000000005,1.08,0.01,0.10750000000000001,0.095,0.060000000000000005,0.01,0.3375,0.37833333333333335,0.10499999999999998,0.20000000000000004,0.07333333333333335,0.13833333333333334,0.05333333333333334,0.085,0.05333333333333334,0.05666666666666667,1.16,0.035,0.10833333333333334,31.916666666666668,0.10000000000000002,0.19666666666666668,50.89666666666667,0.07333333333333335,0.08666666666666667,86.13666666666666,0.0016666666666666668,0.043333333333333335,0.7966666666666667,0.008333333333333333,0.11166666666666668,0.07666666666666666,0.05666666666666667,0.018333333333333333,0.38166666666666665
82,55,2014-11-18,5,1,2014-2015,Sesi Franca,L. Sorocabana,1,0.41125,0.13875,0.18250000000000002,0.09,0.16124999999999998,0.04,0.12125,0.06749999999999999,0.06625,1.0374999999999999,0.04625,0.10625,44.885,0.09125000000000001,0.17875000000000002,51.167500000000004,0.09,0.12625,71.1725,0.01125,0.05,0.7375,0.01375,0.1125,0.12250000000000001,0.06625,0.01,0.45374999999999993,0.4325,0.10500000000000001,0.2525,0.07500000000000001,0.17250000000000001,0.06375,0.10875,0.0725,0.0675,1.1099999999999999,0.035,0.09375,38.76,0.12625,0.24375,52.225,0.07500000000000001,0.09,84.06,0.013750000000000002,0.05875,0.9425,0.00875,0.1225,0.07500000000000001,0.0675,0.015,0.48625
97,81,2014-11-19,5,1,2014-2015,Pinheiros,Fortaleza B. C. / CFO,1,0.38166666666666665,0.105,0.2233333333333333,0.05333333333333334,0.16333333333333333,0.055,0.10833333333333334,0.065,0.07,0.9466666666666667,0.034999999999999996,0.10666666666666667,34.72,0.11166666666666665,0.22,51.31666666666667,0.05333333333333334,0.08,60.81333333333333,0.015,0.07,1.0033333333333334,0.015,0.09500000000000001,0.18666666666666668,0.07,0.015000000000000001,0.4183333333333333,0.36333333333333334,0.11499999999999999,0.16333333333333333,0.085,0.17333333333333334,0.05666666666666667,0.11666666666666665,0.05333333333333334,0.07333333333333333,0.7733333333333333,0.03833333333333333,0.11166666666666668,33.49333333333333,0.08166666666666667,0.19499999999999998,42.71666666666667,0.085,0.11833333333333333,72.64666666666666,0.005,0.05666666666666667,0.7866666666666666,0.013333333333333334,0.09500000000000001,0.14333333333333334,0.07333333333333333,0.02,0.3666666666666667
86,70,2014-11-19,5,1,2014-2015,Palmeiras,Brasília,1,0.3233333333333333,0.065,0.18333333333333335,0.075,0.16333333333333333,0.04666666666666666,0.11666666666666665,0.07500000000000001,0.07166666666666667,1.0566666666666666,0.021666666666666667,0.085,25.993333333333336,0.09166666666666667,0.18166666666666664,50.68000000000001,0.075,0.09333333333333334,78.92,0.015,0.041666666666666664,0.5866666666666667,0.0033333333333333335,0.10166666666666667,0.03333333333333333,0.07166666666666667,0.015,0.3633333333333333,0.39749999999999996,0.08249999999999999,0.23,0.08499999999999999,0.16999999999999998,0.0325,0.1375,0.1,0.0775,1.3050000000000002,0.0275,0.0875,31.415,0.115,0.2025,56.11,0.08499999999999999,0.1,84.845,0.02,0.05500000000000001,0.7150000000000001,0.0125,0.1275,0.095,0.0775,0.015,0.495
79,66,2014-11-19,5,1,2014-2015,Rio Claro,Coop/São José Basketball,1,0.37375,0.08625,0.215,0.0725,0.15500000000000003,0.04875,0.10625,0.07625,0.07625000000000001,1.0875000000000001,0.02875,0.10625000000000001,27.2625,0.1075,0.195,55.125,0.0725,0.09875,72.42750000000001,0.0025,0.0475,0.66,0.00125,0.11000000000000001,0.01,0.07625000000000001,0.015,0.38625,0.37,0.0825,0.225,0.0625,0.1925,0.0475,0.14500000000000002,0.10250000000000001,0.07625,1.3724999999999998,0.027500000000000004,0.08625,30.497500000000002,0.1125,0.21499999999999997,52.2625,0.0625,0.08625000000000001,71.8825,0.00375,0.04875,0.67,0.008749999999999999,0.085,0.11,0.07625,0.0125,0.46124999999999994
82,72,2014-11-19,5,1,2014-2015,Limeira,Mogi,1,0.41,0.105,0.19000000000000003,0.11499999999999999,0.1516666666666667,0.03833333333333334,0.11333333333333333,0.08333333333333333,0.075,1.1533333333333333,0.035,0.09666666666666668,35.75666666666667,0.09500000000000001,0.16000000000000003,59.663333333333334,0.11499999999999999,0.13833333333333334,83.37666666666667,0.013333333333333334,0.043333333333333335,0.6,0.013333333333333334,0.10833333333333332,0.11333333333333333,0.075,0.02,0.47666666666666674,0.38833333333333336,0.105,0.20333333333333337,0.08,0.20833333333333334,0.056666666666666664,0.15166666666666664,0.06166666666666667,0.08,0.79,0.035,0.08833333333333333,38.166666666666664,0.10166666666666668,0.22,45.56,0.08,0.10666666666666667,75.24666666666667,0.01,0.049999999999999996,0.6166666666666667,0.013333333333333334,0.105,0.13333333333333333,0.08,0.015,0.44333333333333336
73,63,2014-11-20,6,1,2014-2015,Minas,Macaé Basquete,1,0.33499999999999996,0.075,0.185,0.075,0.185,0.07,0.115,0.06625,0.07875,0.8425,0.025,0.1225,20.765,0.0925,0.19,49.185,0.075,0.10375000000000001,71.5,0.005,0.0425,0.5325,0.00625,0.11375,0.057499999999999996,0.07875,0.018750000000000003,0.3325,0.38375000000000004,0.12,0.2,0.06375,0.135,0.0475,0.0875,0.05875,0.06125,1.12,0.04,0.1075,37.0325,0.1,0.19000000000000003,52.8775,0.06375,0.0775,82.10249999999999,0.00125,0.045,0.765,0.007500000000000001,0.10875000000000001,0.06999999999999999,0.06125,0.0175,0.3975
101,98,2014-11-20,6,1,2014-2015,Uberlândia,Flamengo,1,0.355,0.11,0.18666666666666668,0.05833333333333334,0.17333333333333334,0.05333333333333334,0.12000000000000001,0.06,0.06166666666666667,1.1500000000000001,0.03666666666666667,0.12,26.323333333333334,0.09333333333333334,0.19666666666666668,48.01,0.05833333333333334,0.08833333333333333,65.18666666666667,0.005,0.05333333333333334,1.0033333333333334,0.01,0.10166666666666668,0.09999999999999999,0.06166666666666667,0.008333333333333333,0.37333333333333335,0.4425,0.1425,0.195,0.105,0.17625000000000002,0.04375,0.1325,0.095,0.07375000000000001,1.58,0.0475,0.1175,40.527499999999996,0.0975,0.17625000000000002,56.175000000000004,0.105,0.1475,71.4175,0.01,0.045,0.73,0.013749999999999998,0.10999999999999999,0.1325,0.07375000000000001,0.0125,0.5075
76,81,2014-11-20,6,1,2014-2015,Sesi Franca,Paulistano,0,0.41100000000000003,0.14100000000000001,0.18400000000000002,0.086,0.179,0.052000000000000005,0.127,0.073,0.078,0.9819999999999999,0.047,0.10700000000000001,44.998000000000005,0.09200000000000001,0.184,50.202000000000005,0.086,0.119,72.494,0.014000000000000002,0.053000000000000005,0.6940000000000001,0.014000000000000002,0.10600000000000001,0.136,0.078,0.013000000000000001,0.46699999999999997,0.425,0.10800000000000001,0.22199999999999998,0.095,0.183,0.073,0.10999999999999999,0.056999999999999995,0.057999999999999996,1.1019999999999999,0.036,0.10900000000000001,33.628,0.11099999999999999,0.23200000000000004,48.23,0.095,0.127,74.568,0.018,0.049,0.9259999999999999,0.004,0.126,0.030000000000000006,0.057999999999999996,0.012,0.43400000000000005
97,80,2014-11-20,6,1,2014-2015,Bauru Basket,L. Sorocabana,1,0.4383333333333333,0.16,0.17,0.10833333333333332,0.20333333333333337,0.06,0.14333333333333334,0.085,0.07500000000000001,1.14,0.05333333333333332,0.15,35.68666666666667,0.085,0.15,57.11333333333334,0.10833333333333332,0.12666666666666668,85.79666666666667,0.01,0.043333333333333335,0.5766666666666667,0.006666666666666667,0.09333333333333334,0.08,0.07500000000000001,0.011666666666666667,0.5216666666666666,0.40099999999999997,0.093,0.24,0.068,0.162,0.06,0.10200000000000001,0.06999999999999999,0.07100000000000001,1.0299999999999998,0.031000000000000007,0.097,33.736000000000004,0.12,0.23500000000000001,51.279999999999994,0.068,0.08299999999999999,81.79400000000001,0.014000000000000002,0.06499999999999999,0.966,0.009000000000000001,0.11599999999999999,0.082,0.07100000000000001,0.015,0.44000000000000006
95,82,2014-11-21,6,1,2014-2015,Pinheiros,Brasília,1,0.4075,0.1125,0.23249999999999998,0.0625,0.165,0.052500000000000005,0.1125,0.07375000000000001,0.07,1.0675,0.0375,0.11624999999999999,33.7975,0.11624999999999999,0.21500000000000002,54.737500000000004,0.0625,0.08374999999999999,69.295,0.01625,0.07500000000000001,1.0750000000000002,0.01375,0.09250000000000001,0.17,0.07,0.013750000000000002,0.46624999999999994,0.38166666666666665,0.08999999999999998,0.22666666666666668,0.06499999999999999,0.18000000000000002,0.04666666666666667,0.13333333333333333,0.09666666666666668,0.08,1.2233333333333334,0.03,0.09000000000000001,33.223333333333336,0.11333333333333334,0.21833333333333335,52.07333333333333,0.06499999999999999,0.07666666666666667,84.33999999999999,0.02,0.04666666666666667,0.5933333333333334,0.016666666666666666,0.11499999999999999,0.15666666666666668,0.08,0.016666666666666666,0.465
94,87,2014-11-21,6,1,2014-2015,Palmeiras,Fortaleza B. C. / CFO,1,0.35,0.0825,0.195,0.07250000000000001,0.17625,0.05875,0.1175,0.08625000000000001,0.065,1.46,0.0275,0.09625,28.15,0.0975,0.20124999999999998,49.0675,0.07250000000000001,0.08875000000000001,80.8575,0.01625,0.04625,0.7725,0.00625,0.09375,0.0775,0.065,0.015,0.41125,0.37375,0.13124999999999998,0.16,0.0825,0.1775,0.060000000000000005,0.1175,0.06,0.08375,0.7549999999999999,0.04375,0.12375,34.495,0.08,0.18875,43.0675,0.0825,0.11374999999999999,73.235,0.005,0.0575,0.72,0.0125,0.095,0.135,0.08375,0.01875,0.3775
77,82,2014-11-21,6,1,2014-2015,Rio Claro,Mogi,0,0.378,0.08099999999999999,0.22599999999999998,0.071,0.162,0.051000000000000004,0.11099999999999999,0.08,0.07100000000000001,1.25,0.027000000000000003,0.101,26.810000000000002,0.11299999999999999,0.20700000000000002,54.688,0.071,0.094,75.27600000000001,0.009000000000000001,0.049,0.748,0.002,0.10100000000000002,0.024,0.07100000000000001,0.016,0.409,0.38125,0.12,0.18000000000000002,0.08125,0.2025,0.057499999999999996,0.145,0.05875,0.085,0.7175,0.04,0.08875,43.9025,0.09000000000000001,0.21000000000000002,41.81,0.08125,0.10250000000000001,80.045,0.0075,0.04375,0.525,0.01125,0.1,0.115,0.085,0.01625,0.4225
82,71,2014-11-21,6,1,2014-2015,Limeira,Coop/São José Basketball,1,0.41,0.11624999999999999,0.1925,0.10124999999999999,0.15250000000000002,0.0425,0.10999999999999999,0.09,0.06625,1.5525,0.03875000000000001,0.10625000000000001,36.0775,0.09625,0.16750000000000004,57.905,0.10124999999999999,0.1225,82.5325,0.01125,0.04875,0.8574999999999999,0.0125,0.10374999999999998,0.11249999999999999,0.06625,0.017499999999999998,0.48750000000000004,0.362,0.075,0.22999999999999998,0.05700000000000001,0.179,0.041999999999999996,0.137,0.096,0.076,1.2839999999999998,0.025,0.086,27.928000000000004,0.11499999999999999,0.21199999999999997,54.31,0.05700000000000001,0.079,71.506,0.003,0.045,0.616,0.009999999999999998,0.08700000000000001,0.12,0.076,0.013000000000000001,0.43599999999999994
87,90,2014-11-23,3,1,2014-2015,Brasília,Uberlândia,0,0.38875,0.10874999999999999,0.21000000000000002,0.06999999999999999,0.18,0.0475,0.1325,0.09250000000000001,0.08,1.1675,0.03625,0.09625,36.875,0.10500000000000001,0.21000000000000002,49.865,0.06999999999999999,0.08375,83.49249999999999,0.015,0.0425,0.54,0.015000000000000001,0.11374999999999999,0.14,0.08,0.0125,0.46,0.39249999999999996,0.14625,0.19,0.05625000000000001,0.16125,0.04875,0.11250000000000002,0.06875,0.06375,1.2025000000000001,0.04875,0.1325,32.2425,0.095,0.19000000000000003,50.7125,0.05625000000000001,0.08125,69.7225,0.005,0.04625,0.8425,0.01,0.11000000000000001,0.0925,0.06375,0.01,0.41125
77,72,2014-11-25,7,1,2014-2015,Macaé Basquete,Palmeiras,1,0.37,0.11699999999999999,0.186,0.067,0.139,0.045,0.094,0.055999999999999994,0.071,0.9780000000000001,0.039,0.10700000000000001,36.291999999999994,0.093,0.18200000000000002,50.967999999999996,0.067,0.08399999999999999,80.228,0.001,0.047,0.712,0.008,0.11800000000000002,0.06799999999999999,0.071,0.019,0.375,0.374,0.084,0.21400000000000002,0.076,0.185,0.063,0.122,0.08600000000000001,0.066,1.41,0.028000000000000004,0.096,28.836000000000002,0.10700000000000001,0.211,50.854,0.076,0.096,79.086,0.017,0.047,0.76,0.005,0.095,0.062,0.066,0.016,0.43900000000000006
79,78,2014-11-25,7,1,2014-2015,Brasília,Coop/São José Basketball,1,0.398,0.10499999999999998,0.21400000000000002,0.07899999999999999,0.178,0.052000000000000005,0.126,0.08900000000000001,0.077,1.1640000000000001,0.034999999999999996,0.099,34.954,0.10700000000000001,0.20600000000000002,51.998000000000005,0.07899999999999999,0.094,83.832,0.015,0.042,0.556,0.015000000000000003,0.11499999999999999,0.138,0.077,0.014000000000000002,0.46699999999999997,0.36083333333333334,0.0725,0.21999999999999997,0.06833333333333334,0.18166666666666667,0.04083333333333333,0.14083333333333334,0.08916666666666667,0.075,1.2016666666666664,0.024166666666666666,0.08166666666666667,28.828333333333337,0.10999999999999999,0.20666666666666664,53.12833333333333,0.06833333333333334,0.08833333333333333,75.02,0.0025,0.043333333333333335,0.5966666666666667,0.01,0.08916666666666667,0.11666666666666665,0.075,0.014166666666666668,0.4358333333333333
100,74,2014-11-26,7,1,2014-2015,Limeira,Sesi Franca,1,0.41,0.11699999999999999,0.198,0.095,0.14900000000000002,0.041,0.10799999999999998,0.089,0.065,1.526,0.03900000000000001,0.11500000000000002,34.196000000000005,0.099,0.17300000000000004,57.605999999999995,0.095,0.118,80.026,0.012,0.053000000000000005,0.9199999999999999,0.01,0.10799999999999998,0.09,0.065,0.015,0.47300000000000003,0.4058333333333333,0.135,0.18000000000000002,0.09083333333333334,0.17666666666666664,0.04833333333333334,0.12833333333333333,0.06999999999999999,0.07666666666666667,0.9499999999999998,0.045000000000000005,0.11333333333333334,41.52166666666667,0.09000000000000001,0.1775,51.03,0.09083333333333334,0.12416666666666666,73.19000000000001,0.013333333333333334,0.04666666666666667,0.6133333333333334,0.015833333333333335,0.11166666666666668,0.14333333333333334,0.07666666666666667,0.014166666666666668,0.44916666666666666
78,59,2014-11-26,7,1,2014-2015,Paulistano,Uberlândia,1,0.4216666666666667,0.1075,0.2183333333333333,0.09583333333333334,0.18666666666666668,0.07333333333333333,0.11333333333333333,0.05499999999999999,0.05416666666666666,1.1333333333333333,0.035833333333333335,0.11333333333333334,32.345,0.10916666666666665,0.22750000000000004,48.32166666666666,0.09583333333333334,0.12833333333333333,74.485,0.015833333333333335,0.047499999999999994,0.9616666666666666,0.004166666666666667,0.13,0.030000000000000002,0.05416666666666666,0.011666666666666667,0.43250000000000005,0.404,0.15299999999999997,0.184,0.067,0.156,0.049,0.10700000000000001,0.068,0.062,1.198,0.051000000000000004,0.134,34.366,0.092,0.18300000000000002,50.891999999999996,0.067,0.09,73.378,0.005,0.046,0.8380000000000001,0.009,0.11100000000000002,0.08199999999999999,0.062,0.011,0.42400000000000004
65,84,2014-11-26,7,1,2014-2015,L. Sorocabana,Minas,0,0.4008333333333333,0.09000000000000001,0.235,0.07583333333333334,0.16333333333333336,0.0625,0.10083333333333333,0.06916666666666667,0.07250000000000001,0.9933333333333332,0.030000000000000002,0.09583333333333333,32.74333333333333,0.1175,0.23083333333333333,51.06666666666666,0.07583333333333334,0.08916666666666666,84.13333333333334,0.012500000000000002,0.061666666666666654,0.8983333333333334,0.008333333333333333,0.12166666666666666,0.07333333333333335,0.07250000000000001,0.015,0.4383333333333334,0.34099999999999997,0.08099999999999999,0.174,0.086,0.181,0.066,0.11500000000000002,0.071,0.08399999999999999,0.8460000000000001,0.027000000000000003,0.11699999999999999,23.98,0.087,0.18,48.634,0.086,0.12000000000000002,71.25399999999999,0.007000000000000001,0.049,0.568,0.009,0.12,0.074,0.08399999999999999,0.019000000000000003,0.35
70,76,2014-11-27,8,1,2014-2015,Fortaleza B. C. / CFO,Coop/São José Basketball,0,0.386,0.14099999999999996,0.158,0.087,0.172,0.05900000000000001,0.11299999999999999,0.061,0.079,0.82,0.047,0.131,35.096,0.079,0.182,44.132000000000005,0.087,0.11699999999999999,74.74199999999999,0.004,0.05500000000000001,0.726,0.014000000000000002,0.1,0.14200000000000002,0.079,0.016,0.392,0.36500000000000005,0.07285714285714286,0.2214285714285714,0.07071428571428572,0.18214285714285716,0.04214285714285714,0.14,0.08499999999999999,0.07142857142857142,1.2014285714285713,0.024285714285714282,0.08785714285714286,27.567142857142862,0.1107142857142857,0.20785714285714282,53.18,0.07071428571428572,0.09142857142857143,75.34142857142857,0.002142857142857143,0.04214285714285715,0.6114285714285714,0.009285714285714286,0.09214285714285715,0.10714285714285714,0.07142857142857142,0.014285714285714287,0.43071428571428566
95,91,2014-11-27,8,1,2014-2015,Macaé Basquete,Pinheiros,1,0.37250000000000005,0.12,0.18000000000000002,0.07250000000000001,0.14583333333333334,0.045000000000000005,0.10083333333333333,0.059166666666666666,0.06916666666666667,1.0233333333333334,0.04,0.11,36.24333333333333,0.09000000000000001,0.1791666666666667,50.048333333333325,0.07250000000000001,0.08833333333333333,82.00833333333333,0.0016666666666666668,0.04583333333333333,0.7050000000000001,0.0075,0.11750000000000001,0.06333333333333332,0.06916666666666667,0.018333333333333333,0.38666666666666666,0.421,0.123,0.22799999999999998,0.06999999999999999,0.166,0.052000000000000005,0.11400000000000002,0.078,0.066,1.234,0.040999999999999995,0.119,35.5,0.11399999999999999,0.21600000000000003,53.336,0.06999999999999999,0.088,74.48400000000001,0.016,0.07600000000000001,1.1800000000000002,0.013000000000000001,0.098,0.152,0.066,0.012,0.48999999999999994
81,77,2014-11-27,8,1,2014-2015,Flamengo,Palmeiras,1,0.45199999999999996,0.13799999999999998,0.21200000000000002,0.10200000000000001,0.17800000000000002,0.05,0.128,0.091,0.07,1.536,0.046,0.11499999999999999,40.041999999999994,0.10600000000000001,0.188,56.854000000000006,0.10200000000000001,0.143,71.534,0.011,0.044,0.73,0.012999999999999998,0.10599999999999998,0.128,0.07,0.015000000000000003,0.516,0.37166666666666665,0.085,0.20833333333333334,0.07833333333333332,0.18499999999999997,0.06166666666666667,0.12333333333333334,0.08416666666666667,0.06416666666666666,1.4016666666666666,0.028333333333333335,0.10416666666666667,27.478333333333335,0.10416666666666667,0.20333333333333334,51.47,0.07833333333333332,0.09833333333333334,79.54166666666667,0.018333333333333337,0.04666666666666666,0.77,0.005,0.09666666666666666,0.06,0.06416666666666666,0.015833333333333335,0.4333333333333334
68,75,2014-11-28,8,1,2014-2015,Rio Claro,Sesi Franca,0,0.3791666666666667,0.09499999999999999,0.21499999999999997,0.06916666666666667,0.15333333333333335,0.04833333333333334,0.10499999999999998,0.085,0.06833333333333334,1.375,0.03166666666666667,0.10666666666666667,29.13166666666667,0.10749999999999998,0.2025,52.98,0.06916666666666667,0.08916666666666667,78.11500000000001,0.01,0.049999999999999996,0.79,0.0025,0.09750000000000002,0.03,0.06833333333333334,0.015,0.4116666666666666,0.40071428571428575,0.12214285714285715,0.18571428571428572,0.09285714285714286,0.17357142857142854,0.05,0.12357142857142857,0.06499999999999999,0.07571428571428572,0.8857142857142856,0.04071428571428572,0.11357142857142857,37.45285714285715,0.09285714285714286,0.17928571428571427,52.01,0.09285714285714286,0.12285714285714286,75.77714285714286,0.011428571428571429,0.047142857142857146,0.6271428571428572,0.014285714285714287,0.10857142857142857,0.13142857142857145,0.07571428571428572,0.015000000000000001,0.43571428571428567
70,82,2014-11-28,8,1,2014-2015,L. Sorocabana,Uberlândia,0,0.39,0.09857142857142857,0.21571428571428572,0.07571428571428572,0.16,0.05928571428571428,0.10071428571428571,0.06642857142857142,0.07714285714285715,0.9199999999999999,0.03285714285714286,0.09928571428571428,34.01857142857143,0.10785714285714286,0.22214285714285714,47.972857142857144,0.07571428571428572,0.09285714285714285,81.43142857142857,0.01142857142857143,0.05999999999999999,0.8385714285714287,0.007857142857142858,0.12428571428571429,0.06857142857142857,0.07714285714285715,0.014285714285714285,0.4092857142857143,0.3858333333333333,0.155,0.16666666666666666,0.06416666666666666,0.155,0.04833333333333333,0.10666666666666667,0.0675,0.06333333333333334,1.1533333333333333,0.051666666666666666,0.13833333333333334,34.36833333333333,0.08333333333333333,0.1741666666666667,47.53833333333333,0.06416666666666666,0.085,75.03666666666666,0.004166666666666667,0.04583333333333333,0.805,0.010833333333333334,0.11,0.09999999999999999,0.06333333333333334,0.011666666666666667,0.4033333333333333
62,83,2014-11-28,8,1,2014-2015,Paulistano,Minas,0,0.4171428571428572,0.11142857142857143,0.2171428571428571,0.08857142857142859,0.19500000000000003,0.07571428571428572,0.11928571428571429,0.056428571428571425,0.05428571428571428,1.14,0.037142857142857144,0.11571428571428573,32.67,0.10857142857142855,0.22571428571428576,48.395714285714284,0.08857142857142859,0.11714285714285715,76.70142857142856,0.015,0.04642857142857142,0.9285714285714286,0.004285714285714286,0.1207142857142857,0.037142857142857144,0.05428571428571428,0.011428571428571429,0.4407142857142857,0.3541666666666667,0.08749999999999998,0.18166666666666667,0.085,0.18416666666666667,0.0625,0.12166666666666669,0.06833333333333333,0.08583333333333333,0.8016666666666667,0.02916666666666667,0.11333333333333333,27.001666666666665,0.09083333333333334,0.18083333333333332,50.43833333333333,0.085,0.12166666666666669,69.635,0.01,0.05416666666666667,0.6133333333333333,0.0075,0.12083333333333333,0.06166666666666667,0.08583333333333333,0.020000000000000004,0.37166666666666665
75,77,2014-11-30,4,1,2014-2015,Brasília,Minas,0,0.39749999999999996,0.09999999999999998,0.21833333333333335,0.07916666666666666,0.1875,0.055,0.1325,0.08166666666666668,0.0725,1.12,0.03333333333333333,0.09583333333333333,34.336666666666666,0.10916666666666668,0.21583333333333332,50.87833333333333,0.07916666666666666,0.09500000000000001,83.19333333333333,0.014166666666666666,0.03916666666666667,0.5466666666666667,0.015000000000000001,0.11666666666666665,0.135,0.0725,0.013333333333333334,0.4633333333333333,0.3628571428571429,0.10071428571428569,0.1757142857142857,0.08642857142857142,0.18357142857142855,0.05857142857142857,0.12500000000000003,0.07071428571428572,0.08,0.9571428571428572,0.03357142857142857,0.1157142857142857,29.737142857142857,0.08785714285714286,0.18,48.94714285714286,0.08642857142857142,0.12000000000000001,72.02428571428571,0.011428571428571429,0.05642857142857143,0.7485714285714286,0.007142857142857143,0.11785714285714285,0.06,0.08,0.01785714285714286,0.39285714285714285
77,71,2014-12-03,8,1,2014-2015,Limeira,Bauru Basket,1,0.425,0.13749999999999998,0.19833333333333333,0.08916666666666666,0.15333333333333335,0.0425,0.11083333333333333,0.09416666666666666,0.06333333333333334,1.635,0.04583333333333334,0.12166666666666669,37.098333333333336,0.09916666666666667,0.17166666666666672,58.10666666666666,0.08916666666666666,0.11249999999999999,78.45333333333333,0.011666666666666665,0.051666666666666666,0.9033333333333333,0.010833333333333334,0.10666666666666665,0.09999999999999999,0.06333333333333334,0.013333333333333334,0.5,0.44999999999999996,0.16125,0.1675,0.12125,0.19375000000000003,0.0625,0.13125,0.08875,0.07250000000000001,1.24,0.05374999999999999,0.14750000000000002,36.5875,0.08375,0.14625,57.65,0.12125,0.15125,82.125,0.01,0.0475,0.6625,0.00625,0.09625,0.0725,0.07250000000000001,0.011250000000000001,0.5275
65,82,2014-12-05,7,1,2014-2015,Rio Claro,Bauru Basket,0,0.3735714285714286,0.09857142857142856,0.20857142857142855,0.06642857142857142,0.1542857142857143,0.04571428571428572,0.10857142857142855,0.08499999999999999,0.0692857142857143,1.3399999999999999,0.032857142857142856,0.11214285714285714,28.911428571428576,0.10428571428571427,0.19571428571428573,53.24571428571429,0.06642857142857142,0.0842857142857143,79.94285714285715,0.01,0.048571428571428564,0.7528571428571429,0.0035714285714285718,0.09428571428571429,0.04428571428571428,0.0692857142857143,0.017142857142857144,0.4071428571428571,0.43099999999999994,0.15,0.17200000000000001,0.10899999999999999,0.18000000000000002,0.05500000000000001,0.125,0.08299999999999999,0.067,1.258,0.049999999999999996,0.14300000000000002,34.87,0.08600000000000001,0.145,59.69199999999999,0.10899999999999999,0.13699999999999998,80.7,0.009,0.046,0.708,0.006,0.092,0.072,0.067,0.01,0.499
72,86,2014-12-07,1,1,2014-2015,Limeira,Pinheiros,0,0.4192857142857142,0.1457142857142857,0.19,0.08357142857142856,0.15714285714285717,0.045,0.11214285714285713,0.09142857142857141,0.06142857142857143,1.6157142857142859,0.04857142857142858,0.12142857142857144,39.53714285714286,0.095,0.17214285714285718,55.519999999999996,0.08357142857142856,0.10499999999999998,79.15,0.009999999999999998,0.04928571428571428,0.8742857142857143,0.01,0.10214285714285712,0.09571428571428571,0.06142857142857143,0.012857142857142857,0.4942857142857143,0.4266666666666667,0.13749999999999998,0.2183333333333333,0.07083333333333333,0.16416666666666668,0.0525,0.11166666666666668,0.0775,0.06083333333333333,1.385,0.04583333333333334,0.12583333333333332,36.875,0.10916666666666665,0.20583333333333334,53.586666666666666,0.07083333333333333,0.09249999999999999,72.94,0.015,0.06833333333333334,1.1266666666666667,0.010833333333333334,0.09833333333333334,0.12666666666666668,0.06083333333333333,0.010833333333333334,0.4883333333333333
85,84,2014-12-07,3,1,2014-2015,Mogi,Palmeiras,1,0.38699999999999996,0.126,0.18000000000000002,0.081,0.198,0.05499999999999999,0.143,0.06499999999999999,0.08800000000000001,0.754,0.042,0.086,48.456,0.09000000000000001,0.203,43.734,0.081,0.1,81.814,0.006999999999999999,0.043,0.5,0.009,0.097,0.092,0.08800000000000001,0.019,0.438,0.3735714285714286,0.09,0.21,0.07357142857142858,0.185,0.058571428571428566,0.12642857142857142,0.08285714285714285,0.06285714285714286,1.3957142857142857,0.030000000000000002,0.0992857142857143,31.715714285714284,0.105,0.20785714285714288,50.80428571428571,0.07357142857142858,0.09642857142857143,75.74142857142859,0.018571428571428572,0.04285714285714286,0.7114285714285715,0.004285714285714286,0.09642857142857142,0.05142857142857143,0.06285714285714286,0.014285714285714287,0.43071428571428577
67,70,2014-12-09,9,1,2014-2015,Uberlândia,Sesi Franca,0,0.3892857142857143,0.15214285714285714,0.17142857142857143,0.06571428571428571,0.16285714285714287,0.049999999999999996,0.11285714285714286,0.0692857142857143,0.06785714285714285,1.1085714285714285,0.05071428571428571,0.135,35.04857142857143,0.08571428571428572,0.17571428571428574,48.46857142857142,0.06571428571428571,0.08499999999999999,76.92285714285713,0.004285714285714286,0.04571428571428571,0.7571428571428571,0.011428571428571429,0.11214285714285714,0.10285714285714286,0.06785714285714285,0.014285714285714287,0.41714285714285715,0.3975,0.11812500000000001,0.1925,0.08687500000000001,0.18187499999999998,0.05500000000000001,0.126875,0.06562499999999999,0.07312500000000001,0.9337499999999999,0.03937500000000001,0.111875,36.52125,0.09625,0.190625,51.06375,0.08687500000000001,0.115625,74.95875000000001,0.0125,0.04625,0.6400000000000001,0.01375,0.105625,0.13,0.07312500000000001,0.014375,0.43624999999999997
88,96,2014-12-09,9,1,2014-2015,L. Sorocabana,Pinheiros,0,0.385,0.095625,0.21375,0.075625,0.15687500000000001,0.057499999999999996,0.09937499999999999,0.0625,0.07500000000000001,0.8775,0.03187500000000001,0.09874999999999999,33.05625,0.106875,0.223125,47.41125,0.075625,0.09499999999999999,79.775,0.010625000000000002,0.05749999999999999,0.8175000000000001,0.0075,0.120625,0.06625,0.07500000000000001,0.013749999999999998,0.39187500000000003,0.42714285714285716,0.13285714285714284,0.2257142857142857,0.06857142857142857,0.165,0.05071428571428571,0.1142857142857143,0.07857142857142858,0.06,1.4085714285714288,0.044285714285714296,0.12,37.49,0.11285714285714285,0.2092857142857143,54.317142857142855,0.06857142857142857,0.09142857142857141,71.7642857142857,0.015714285714285715,0.0642857142857143,1.07,0.011428571428571429,0.09857142857142857,0.13,0.06,0.012857142857142857,0.4914285714285714
73,68,2014-12-09,9,1,2014-2015,Palmeiras,Paulistano,1,0.379375,0.103125,0.20625,0.07,0.18187499999999998,0.06,0.121875,0.08374999999999999,0.06375,1.3824999999999998,0.034375,0.10500000000000001,33.355,0.103125,0.206875,50.07875,0.07,0.09062500000000001,77.52375,0.0175,0.04375,0.71125,0.004375,0.09312499999999999,0.05375,0.06375,0.014375,0.43437500000000007,0.40375000000000005,0.10500000000000001,0.21374999999999997,0.08500000000000002,0.19562500000000002,0.07187500000000001,0.12375,0.055624999999999994,0.058124999999999996,1.07125,0.035,0.115625,30.759999999999998,0.10687499999999998,0.22250000000000003,48.28375,0.08500000000000002,0.11125000000000002,77.8275,0.014374999999999999,0.04562499999999999,0.87125,0.005,0.12125,0.0425,0.058124999999999996,0.01125,0.425
79,84,2014-12-09,9,1,2014-2015,Minas,Bauru Basket,0,0.365625,0.10687499999999998,0.16999999999999998,0.08875,0.18875,0.061250000000000006,0.1275,0.0675,0.07875000000000001,0.9175,0.035625000000000004,0.11875,30.48375,0.08499999999999999,0.17875,47.60875,0.08875,0.12562500000000001,70.97625000000001,0.010625,0.053750000000000006,0.7175,0.006874999999999999,0.11624999999999999,0.05875,0.07875000000000001,0.0175,0.39,0.4275,0.1425,0.18666666666666668,0.09833333333333333,0.18750000000000003,0.0525,0.135,0.08166666666666667,0.07166666666666667,1.18,0.047499999999999994,0.1391666666666667,33.919999999999995,0.09333333333333334,0.1525,61.14666666666667,0.09833333333333333,0.12583333333333332,77.965,0.008333333333333333,0.04833333333333334,0.695,0.005833333333333334,0.09166666666666667,0.06999999999999999,0.07166666666666667,0.010833333333333334,0.5008333333333334
80,79,2014-12-10,9,1,2014-2015,Coop/São José Basketball,Macaé Basquete,1,0.366875,0.076875,0.22249999999999998,0.0675,0.18375000000000002,0.04375,0.14,0.08249999999999999,0.074375,1.1362499999999998,0.025625,0.088125,28.9825,0.11124999999999999,0.20937499999999998,53.06625,0.0675,0.0875,75.29875,0.0025,0.043125000000000004,0.6012500000000001,0.008125,0.09,0.09375,0.074375,0.015625,0.42937499999999995,0.3871428571428572,0.13071428571428573,0.17857142857142858,0.07785714285714286,0.15,0.045714285714285714,0.10428571428571429,0.06357142857142857,0.06642857142857142,1.1342857142857143,0.04357142857142857,0.10857142857142857,40.35142857142857,0.08928571428571429,0.18071428571428574,49.29,0.07785714285714286,0.09357142857142857,82.86428571428571,0.002142857142857143,0.04357142857142856,0.6900000000000001,0.0064285714285714285,0.115,0.05428571428571428,0.06642857142857142,0.018571428571428572,0.4121428571428571
68,60,2014-12-10,9,1,2014-2015,Fortaleza B. C. / CFO,Rio Claro,1,0.38000000000000006,0.13249999999999998,0.16833333333333333,0.07916666666666666,0.17,0.05833333333333334,0.11166666666666665,0.065,0.07666666666666667,0.9016666666666667,0.04416666666666667,0.12833333333333333,33.595,0.08416666666666667,0.18583333333333332,45.720000000000006,0.07916666666666666,0.11249999999999999,69.69166666666666,0.005,0.05666666666666667,0.7716666666666666,0.014166666666666668,0.09749999999999999,0.14833333333333334,0.07666666666666667,0.015833333333333335,0.38999999999999996,0.36750000000000005,0.09749999999999999,0.19999999999999996,0.06999999999999999,0.153125,0.04375000000000001,0.10937499999999999,0.08437499999999999,0.07062500000000001,1.2974999999999999,0.0325,0.115,28.075000000000003,0.09999999999999998,0.19187500000000002,51.892500000000005,0.06999999999999999,0.08812500000000001,80.27625,0.01,0.051875,0.7762500000000001,0.005,0.09062500000000001,0.0675,0.07062500000000001,0.017499999999999998,0.39874999999999994
83,87,2014-12-10,9,1,2014-2015,Brasília,Limeira,0,0.39428571428571424,0.09857142857142855,0.21428571428571427,0.08142857142857142,0.185,0.05357142857142857,0.13142857142857142,0.07857142857142858,0.06999999999999999,1.1157142857142859,0.032857142857142856,0.10071428571428571,32.728571428571435,0.10714285714285714,0.21,51.36571428571428,0.08142857142857142,0.1,81.74857142857142,0.01357142857142857,0.04,0.5857142857142857,0.015000000000000001,0.11785714285714285,0.13285714285714287,0.06999999999999999,0.012857142857142857,0.45357142857142857,0.41187499999999994,0.14250000000000002,0.19,0.079375,0.15500000000000003,0.043125,0.11187499999999999,0.0875,0.06125,1.53875,0.0475,0.12375000000000001,38.166250000000005,0.095,0.17250000000000004,55.36625,0.079375,0.09874999999999999,80.62,0.009375,0.045625,0.80625,0.009375000000000001,0.10312499999999998,0.09,0.06125,0.012499999999999999,0.475
94,98,2014-12-10,9,1,2014-2015,Mogi,Flamengo,0,0.3933333333333333,0.1325,0.19000000000000003,0.07083333333333335,0.18999999999999997,0.05249999999999999,0.13749999999999998,0.06749999999999999,0.08416666666666668,0.8333333333333334,0.04416666666666667,0.09166666666666667,48.01833333333334,0.09500000000000001,0.1975,48.21,0.07083333333333335,0.09083333333333334,75.585,0.009166666666666665,0.045000000000000005,0.5583333333333333,0.010833333333333334,0.09500000000000001,0.11666666666666665,0.08416666666666668,0.016666666666666666,0.45249999999999996,0.44416666666666665,0.13499999999999998,0.21,0.09916666666666667,0.18250000000000002,0.0525,0.13,0.08750000000000001,0.061666666666666675,1.8633333333333333,0.045000000000000005,0.11583333333333333,38.923333333333325,0.105,0.19500000000000003,54.62500000000001,0.09916666666666667,0.13583333333333333,73.77833333333334,0.010833333333333334,0.04416666666666667,0.9833333333333334,0.012499999999999997,0.10499999999999998,0.12333333333333334,0.061666666666666675,0.012500000000000002,0.5116666666666667
83,69,2014-12-11,10,1,2014-2015,Minas,Sesi Franca,1,0.3688888888888889,0.10833333333333332,0.17777777777777776,0.08277777777777778,0.1922222222222222,0.061666666666666675,0.13055555555555556,0.07,0.07666666666666669,0.9822222222222222,0.036111111111111115,0.12000000000000001,30.515555555555554,0.08888888888888888,0.18666666666666665,47.65222222222222,0.08277777777777778,0.11888888888888889,69.07333333333334,0.011111111111111112,0.05333333333333334,0.73,0.0061111111111111106,0.11444444444444445,0.05222222222222222,0.07666666666666669,0.018333333333333333,0.3961111111111111,0.39222222222222225,0.12333333333333335,0.18777777777777777,0.08111111111111112,0.18388888888888888,0.05666666666666667,0.12722222222222224,0.065,0.07555555555555556,0.8999999999999999,0.04111111111111112,0.11333333333333334,37.352222222222224,0.09388888888888888,0.18777777777777777,50.44,0.08111111111111112,0.1088888888888889,73.70111111111112,0.013333333333333334,0.04611111111111111,0.6211111111111112,0.013888888888888888,0.10444444444444444,0.13333333333333333,0.07555555555555556,0.016111111111111114,0.43166666666666664
89,93,2014-12-11,10,1,2014-2015,Pinheiros,Paulistano,0,0.43375,0.148125,0.21375,0.071875,0.1625,0.050624999999999996,0.111875,0.08,0.064375,1.35125,0.04937500000000001,0.12375,39.8875,0.106875,0.19937500000000002,53.777499999999996,0.071875,0.09312499999999999,74.10374999999999,0.014375,0.064375,1.02125,0.01125,0.0975,0.1275,0.064375,0.012499999999999999,0.49937499999999996,0.3966666666666667,0.10500000000000001,0.20777777777777773,0.0838888888888889,0.19333333333333336,0.07222222222222223,0.12111111111111111,0.05555555555555555,0.0611111111111111,1.0244444444444445,0.035,0.11444444444444445,31.045555555555552,0.10388888888888886,0.22111111111111115,47.15222222222222,0.0838888888888889,0.10944444444444446,77.95222222222223,0.012777777777777777,0.048333333333333325,0.8655555555555555,0.0044444444444444444,0.11944444444444444,0.03777777777777778,0.0611111111111111,0.013333333333333332,0.415
76,88,2014-12-11,10,1,2014-2015,Uberlândia,Bauru Basket,0,0.3825,0.15187499999999998,0.16749999999999998,0.063125,0.16375,0.053125,0.110625,0.068125,0.065625,1.1199999999999999,0.050624999999999996,0.139375,34.34375,0.08374999999999999,0.17187500000000003,48.44499999999999,0.063125,0.08374999999999999,74.80749999999999,0.004375,0.047499999999999994,0.8125,0.011875,0.109375,0.11125,0.065625,0.0125,0.410625,0.42642857142857143,0.14785714285714285,0.18285714285714286,0.09571428571428571,0.1878571428571429,0.049999999999999996,0.13785714285714287,0.07928571428571428,0.07142857142857142,1.1442857142857144,0.04928571428571428,0.14071428571428574,34.78857142857142,0.09142857142857143,0.15571428571428572,58.94142857142857,0.09571428571428571,0.12214285714285712,78.25571428571428,0.007142857142857143,0.04642857142857144,0.6671428571428571,0.007857142857142858,0.08785714285714286,0.10428571428571429,0.07142857142857142,0.012142857142857144,0.4942857142857143
83,78,2014-12-11,10,1,2014-2015,Palmeiras,L. Sorocabana,1,0.3777777777777778,0.105,0.2022222222222222,0.07055555555555555,0.18166666666666664,0.059444444444444446,0.12222222222222223,0.08444444444444443,0.06833333333333333,1.3244444444444443,0.035,0.10666666666666667,33.35222222222222,0.1011111111111111,0.20222222222222222,50.23888888888889,0.07055555555555555,0.09277777777777779,76.48555555555556,0.016111111111111114,0.04444444444444444,0.6855555555555556,0.006666666666666667,0.0922222222222222,0.08,0.06833333333333333,0.016111111111111114,0.43166666666666675,0.39111111111111113,0.10166666666666667,0.21444444444444444,0.07500000000000001,0.15333333333333335,0.05666666666666667,0.09666666666666665,0.065,0.07555555555555556,0.8977777777777778,0.03388888888888889,0.09999999999999999,34.43333333333333,0.10722222222222222,0.22055555555555553,48.254444444444445,0.07500000000000001,0.09388888888888887,80.06111111111112,0.010000000000000002,0.05944444444444444,0.8311111111111111,0.007222222222222223,0.11888888888888889,0.06444444444444446,0.07555555555555556,0.012222222222222221,0.40222222222222226
71,94,2014-12-12,10,1,2014-2015,Coop/São José Basketball,Flamengo,0,0.3705555555555555,0.08,0.22777777777777775,0.06277777777777778,0.18444444444444447,0.04555555555555555,0.1388888888888889,0.08555555555555555,0.07222222222222223,1.232222222222222,0.026666666666666665,0.09333333333333332,28.643333333333334,0.11388888888888887,0.20944444444444443,54.31333333333333,0.06277777777777778,0.08388888888888889,71.98222222222222,0.0044444444444444444,0.04111111111111112,0.5844444444444445,0.007777777777777778,0.0911111111111111,0.08888888888888889,0.07222222222222223,0.014444444444444446,0.4338888888888888,0.45071428571428573,0.1542857142857143,0.19999999999999998,0.09642857142857142,0.17357142857142863,0.049999999999999996,0.12357142857142857,0.09071428571428572,0.06642857142857143,1.762857142857143,0.05142857142857143,0.12714285714285714,39.95571428571428,0.09999999999999999,0.18500000000000003,54.82142857142858,0.09642857142857142,0.12857142857142856,76.6842857142857,0.010714285714285714,0.05,0.97,0.011428571428571427,0.10357142857142855,0.11285714285714286,0.06642857142857143,0.012142857142857144,0.5171428571428571
73,85,2014-12-12,10,1,2014-2015,Brasília,Rio Claro,0,0.396875,0.10687499999999998,0.2075,0.08249999999999999,0.18312499999999998,0.055625,0.1275,0.083125,0.068125,1.2375,0.035625,0.10124999999999999,35.185,0.10375,0.20875,49.945,0.08249999999999999,0.10187500000000001,81.3125,0.013749999999999998,0.04,0.60375,0.014375,0.11562499999999999,0.12875,0.068125,0.013125,0.459375,0.36000000000000004,0.09333333333333332,0.20111111111111107,0.06555555555555555,0.15388888888888888,0.04055555555555557,0.11333333333333331,0.08222222222222222,0.07388888888888889,1.2255555555555555,0.031111111111111114,0.1111111111111111,27.733333333333334,0.10055555555555554,0.1927777777777778,51.96000000000001,0.06555555555555555,0.08444444444444446,77.41777777777777,0.008888888888888889,0.05555555555555555,0.7844444444444445,0.0044444444444444444,0.08666666666666668,0.060000000000000005,0.07388888888888889,0.01833333333333333,0.3911111111111111
67,85,2014-12-12,10,1,2014-2015,Fortaleza B. C. / CFO,Limeira,0,0.3742857142857143,0.1307142857142857,0.17142857142857143,0.07214285714285715,0.18,0.06214285714285715,0.11785714285714285,0.06714285714285714,0.07857142857142858,0.9,0.04357142857142857,0.13428571428571429,32.15714285714286,0.08571428571428572,0.18785714285714286,45.97428571428572,0.07214285714285715,0.10071428571428571,74.02142857142857,0.004999999999999999,0.05928571428571429,0.78,0.014285714285714287,0.09142857142857143,0.16571428571428573,0.07857142857142858,0.014285714285714287,0.39499999999999996,0.4144444444444444,0.14,0.1988888888888889,0.07555555555555556,0.15611111111111114,0.045,0.1111111111111111,0.09,0.061111111111111116,1.5711111111111111,0.04666666666666666,0.12222222222222223,37.96555555555556,0.09944444444444445,0.1766666666666667,56.357777777777784,0.07555555555555556,0.09444444444444443,79.99555555555555,0.009444444444444443,0.045,0.7911111111111111,0.012222222222222225,0.10277777777777776,0.11888888888888888,0.061111111111111116,0.012777777777777777,0.48500000000000004
81,70,2014-12-12,10,1,2014-2015,Mogi,Macaé Basquete,1,0.4042857142857143,0.1392857142857143,0.19571428571428573,0.0692857142857143,0.19142857142857142,0.056428571428571425,0.13499999999999998,0.07071428571428572,0.08857142857142859,0.8257142857142857,0.04642857142857143,0.09714285714285716,47.75142857142857,0.09785714285714286,0.1985714285714286,49.33714285714286,0.0692857142857143,0.09,74.87142857142858,0.010714285714285714,0.04928571428571429,0.5714285714285714,0.011428571428571429,0.09714285714285716,0.12,0.08857142857142859,0.016428571428571428,0.46642857142857136,0.38812500000000005,0.1275,0.18375,0.076875,0.1525,0.04625,0.10625,0.06624999999999999,0.0625,1.2962500000000001,0.042499999999999996,0.109375,39.11125,0.091875,0.184375,49.676249999999996,0.076875,0.095625,80.46124999999999,0.0025,0.04437499999999999,0.7825,0.0062499999999999995,0.111875,0.05499999999999999,0.0625,0.0175,0.416875
89,71,2014-12-16,11,1,2014-2015,Paulistano,Coop/São José Basketball,1,0.4035,0.10200000000000001,0.213,0.08850000000000001,0.196,0.073,0.123,0.05349999999999999,0.061999999999999986,0.9720000000000001,0.03400000000000001,0.1125,30.572999999999997,0.1065,0.2245,47.535000000000004,0.08850000000000001,0.1145,78.28200000000001,0.012499999999999999,0.047999999999999994,0.843,0.0045,0.122,0.037,0.061999999999999986,0.013500000000000002,0.421,0.369,0.08249999999999999,0.225,0.06150000000000001,0.182,0.0485,0.1335,0.08349999999999999,0.0695,1.2529999999999997,0.027500000000000004,0.094,29.279000000000003,0.1125,0.21149999999999997,53.23,0.06150000000000001,0.08399999999999999,70.66600000000001,0.0045,0.0415,0.6260000000000001,0.007000000000000001,0.089,0.08,0.0695,0.014000000000000002,0.4254999999999999
85,87,2014-12-16,11,1,2014-2015,L. Sorocabana,Mogi,0,0.391,0.10500000000000001,0.21400000000000002,0.07200000000000001,0.15350000000000003,0.057499999999999996,0.09599999999999999,0.06799999999999999,0.07450000000000001,0.954,0.035,0.1045,34.092999999999996,0.10700000000000001,0.21749999999999997,48.955,0.07200000000000001,0.09049999999999998,79.555,0.010000000000000002,0.0605,0.8560000000000001,0.008,0.12000000000000002,0.07,0.07450000000000001,0.011999999999999999,0.40800000000000003,0.40437500000000004,0.12937500000000002,0.20625000000000002,0.06875,0.194375,0.06,0.134375,0.074375,0.085625,0.915,0.043125000000000004,0.0975,44.2825,0.10312500000000001,0.20500000000000002,50.17,0.06875,0.090625,74.065,0.011875,0.049375,0.59625,0.010625,0.09875,0.11125,0.085625,0.015625,0.469375
78,77,2014-12-16,11,1,2014-2015,Macaé Basquete,Fortaleza B. C. / CFO,1,0.38388888888888895,0.12666666666666668,0.17777777777777778,0.07944444444444444,0.15388888888888888,0.04666666666666666,0.10722222222222222,0.06333333333333332,0.06444444444444444,1.2077777777777778,0.04222222222222222,0.11222222222222222,38.05777777777777,0.08888888888888889,0.18000000000000002,49.13777777777777,0.07944444444444444,0.09888888888888889,80.41,0.002777777777777778,0.04444444444444443,0.7577777777777778,0.006666666666666666,0.11333333333333334,0.05777777777777777,0.06444444444444444,0.017777777777777778,0.4072222222222222,0.369375,0.13124999999999998,0.17124999999999999,0.066875,0.176875,0.05875000000000001,0.118125,0.066875,0.078125,0.89625,0.04375,0.13437500000000002,32.30375,0.08562499999999999,0.18562499999999998,46.477500000000006,0.066875,0.094375,72.26875,0.0043749999999999995,0.05625000000000001,0.74125,0.0125,0.09125,0.14500000000000002,0.078125,0.01375,0.38562499999999994
76,74,2014-12-16,11,1,2014-2015,Flamengo,Brasília,1,0.453125,0.15375,0.21,0.089375,0.17625000000000005,0.05125,0.125,0.090625,0.06500000000000002,1.7475,0.05125,0.126875,39.96124999999999,0.105,0.18812500000000001,56.30250000000001,0.089375,0.119375,76.19,0.010624999999999999,0.0475,0.9175,0.011249999999999998,0.10187499999999998,0.1125,0.06500000000000002,0.011875,0.525,0.3933333333333333,0.10333333333333332,0.21444444444444444,0.07555555555555554,0.18833333333333332,0.05777777777777778,0.13055555555555556,0.08166666666666668,0.06777777777777778,1.22,0.034444444444444444,0.1061111111111111,33.19111111111111,0.10722222222222222,0.2122222222222222,50.64555555555555,0.07555555555555554,0.09611111111111112,76.72222222222223,0.016666666666666666,0.03888888888888889,0.5877777777777777,0.015555555555555557,0.11499999999999999,0.14,0.06777777777777778,0.012777777777777777,0.4527777777777778
72,85,2014-12-17,11,1,2014-2015,Minas,Limeira,0,0.3735,0.11099999999999999,0.179,0.08349999999999999,0.1875,0.05900000000000001,0.1285,0.0735,0.07750000000000001,1.008,0.037,0.11700000000000002,32.464,0.0895,0.1865,48.022000000000006,0.08349999999999999,0.11950000000000001,69.36600000000001,0.011,0.05500000000000001,0.7390000000000001,0.006999999999999999,0.11600000000000002,0.059,0.07750000000000001,0.018,0.40599999999999997,0.4154999999999999,0.14400000000000002,0.198,0.07350000000000001,0.15800000000000003,0.044,0.11399999999999999,0.0895,0.0625,1.527,0.048,0.12400000000000003,38.455000000000005,0.099,0.17500000000000002,56.660000000000004,0.07350000000000001,0.092,79.853,0.008499999999999999,0.0465,0.792,0.0125,0.10149999999999999,0.12399999999999997,0.0625,0.013999999999999999,0.48900000000000005
116,55,2014-12-17,11,1,2014-2015,Bauru Basket,Pinheiros,1,0.428125,0.14812499999999998,0.18625,0.09374999999999999,0.18812500000000001,0.049999999999999996,0.138125,0.07874999999999999,0.070625,1.145,0.049374999999999995,0.13937500000000003,35.247499999999995,0.093125,0.15937500000000002,58.668749999999996,0.09374999999999999,0.11937499999999998,78.47375,0.006874999999999999,0.04750000000000001,0.69,0.007500000000000001,0.086875,0.09875,0.070625,0.0125,0.4975,0.435,0.14666666666666667,0.21333333333333332,0.075,0.16333333333333333,0.05055555555555555,0.1127777777777778,0.07777777777777778,0.06444444444444446,1.3033333333333335,0.0488888888888889,0.12555555555555553,39.02666666666667,0.10666666666666666,0.20055555555555557,53.35777777777778,0.075,0.09722222222222221,74.41666666666666,0.013333333333333334,0.061111111111111116,0.9677777777777778,0.013333333333333332,0.10333333333333333,0.13555555555555554,0.06444444444444446,0.012222222222222221,0.4933333333333333
84,94,2014-12-17,11,1,2014-2015,Uberlândia,Rio Claro,0,0.38222222222222224,0.14833333333333332,0.1711111111111111,0.06277777777777777,0.1622222222222222,0.05055555555555555,0.11166666666666665,0.06888888888888889,0.0661111111111111,1.1144444444444443,0.04944444444444444,0.14,33.593333333333334,0.08555555555555555,0.1727777777777778,49.23555555555555,0.06277777777777777,0.08222222222222222,76.01888888888888,0.005000000000000001,0.047222222222222214,0.7933333333333333,0.011666666666666665,0.10944444444444444,0.10888888888888888,0.0661111111111111,0.011666666666666667,0.4088888888888889,0.3665,0.09,0.209,0.06749999999999999,0.1595,0.04250000000000001,0.11699999999999997,0.08349999999999999,0.07100000000000001,1.3139999999999998,0.030000000000000006,0.1095,27.065000000000005,0.1045,0.201,51.855000000000004,0.06749999999999999,0.085,79.12,0.008,0.05500000000000001,0.817,0.005,0.08600000000000001,0.067,0.07100000000000001,0.017499999999999998,0.40499999999999997
80,74,2014-12-17,11,1,2014-2015,Sesi Franca,Palmeiras,1,0.3875,0.11700000000000002,0.185,0.0855,0.181,0.05550000000000001,0.1255,0.0635,0.079,0.8549999999999999,0.03900000000000001,0.11200000000000002,35.617000000000004,0.0925,0.1835,50.913,0.0855,0.1135,74.396,0.0125,0.048,0.6180000000000001,0.013500000000000002,0.10500000000000001,0.129,0.079,0.0175,0.4225,0.38150000000000006,0.1095,0.19799999999999998,0.074,0.184,0.062,0.12200000000000003,0.08349999999999999,0.071,1.2709999999999997,0.0365,0.10950000000000001,33.721,0.09899999999999999,0.198,50.214999999999996,0.074,0.099,75.61100000000002,0.015000000000000003,0.045,0.67,0.006500000000000001,0.09049999999999998,0.079,0.071,0.015500000000000003,0.4325000000000001
106,73,2014-12-18,12,1,2014-2015,Flamengo,Fortaleza B. C. / CFO,1,0.445,0.1383333333333333,0.21666666666666667,0.09,0.1794444444444445,0.055,0.12444444444444445,0.08722222222222221,0.06611111111111112,1.6422222222222222,0.04611111111111111,0.1211111111111111,36.26222222222222,0.10833333333333334,0.19444444444444445,56.1688888888889,0.09,0.11944444444444444,76.52111111111111,0.01111111111111111,0.04611111111111112,0.8677777777777778,0.011666666666666665,0.09944444444444442,0.12111111111111111,0.06611111111111112,0.011666666666666665,0.5127777777777778,0.3711111111111111,0.13666666666666663,0.16888888888888887,0.06555555555555556,0.17722222222222223,0.056111111111111125,0.1211111111111111,0.07,0.07666666666666666,0.9588888888888888,0.04555555555555555,0.13722222222222225,32.88111111111111,0.08444444444444443,0.17888888888888888,47.980000000000004,0.06555555555555556,0.09444444444444444,70.6711111111111,0.0038888888888888883,0.05222222222222223,0.6933333333333332,0.012222222222222223,0.08944444444444444,0.14333333333333334,0.07666666666666666,0.015555555555555557,0.3911111111111111
70,78,2014-12-18,12,1,2014-2015,L. Sorocabana,Coop/São José Basketball,0,0.3940909090909091,0.10363636363636365,0.21727272727272728,0.07318181818181818,0.15454545454545457,0.05863636363636364,0.0959090909090909,0.06818181818181818,0.07636363636363637,0.9345454545454545,0.034545454545454546,0.10227272727272728,34.40272727272727,0.10863636363636364,0.21954545454545454,49.23909090909091,0.07318181818181818,0.09363636363636361,78.50454545454546,0.010454545454545456,0.060454545454545455,0.8354545454545456,0.010454545454545454,0.1222727272727273,0.08545454545454546,0.07636363636363637,0.01227272727272727,0.4122727272727273,0.36772727272727274,0.07909090909090909,0.22727272727272727,0.06136363636363637,0.18,0.04727272727272727,0.13272727272727272,0.08136363636363636,0.07090909090909091,1.2036363636363634,0.026363636363636367,0.09272727272727273,28.321818181818184,0.11363636363636363,0.21136363636363634,53.80181818181818,0.06136363636363637,0.08499999999999999,69.98363636363636,0.005,0.040909090909090916,0.6063636363636364,0.007272727272727273,0.08954545454545454,0.08272727272727273,0.07090909090909091,0.014545454545454545,0.41863636363636353
74,76,2014-12-18,12,1,2014-2015,Paulistano,Mogi,0,0.4072727272727273,0.10227272727272728,0.21818181818181817,0.08681818181818182,0.19409090909090912,0.07,0.12409090909090909,0.05681818181818181,0.061363636363636356,1.032727272727273,0.0340909090909091,0.11227272727272729,30.686363636363634,0.10909090909090909,0.225,48.550000000000004,0.08681818181818182,0.11181818181818182,78.65181818181819,0.01227272727272727,0.04909090909090908,0.8654545454545454,0.005,0.12227272727272727,0.04090909090909091,0.061363636363636356,0.014090909090909091,0.4318181818181818,0.4077777777777778,0.12666666666666668,0.20777777777777778,0.07333333333333333,0.1922222222222222,0.06166666666666666,0.13055555555555556,0.07444444444444444,0.08777777777777779,0.8922222222222224,0.042222222222222223,0.09777777777777778,43.25111111111111,0.10388888888888889,0.20555555555555557,50.41555555555556,0.07333333333333333,0.09666666666666666,74.26444444444445,0.011666666666666665,0.052222222222222225,0.6088888888888888,0.012222222222222225,0.10222222222222223,0.12000000000000001,0.08777777777777779,0.01611111111111111,0.4705555555555555
68,86,2014-12-18,12,1,2014-2015,Macaé Basquete,Brasília,0,0.38450000000000006,0.12450000000000001,0.18,0.07999999999999999,0.157,0.0485,0.1085,0.0635,0.061,1.304,0.041499999999999995,0.1125,37.295,0.09,0.184,48.76899999999999,0.07999999999999999,0.1,80.09599999999999,0.003,0.0435,0.799,0.006500000000000001,0.1125,0.056999999999999995,0.061,0.017,0.409,0.391,0.1035,0.213,0.07449999999999998,0.182,0.05650000000000001,0.1255,0.07800000000000001,0.0675,1.167,0.034499999999999996,0.10600000000000001,33.205,0.1065,0.2105,50.709,0.07449999999999998,0.0945,77.175,0.016499999999999997,0.041499999999999995,0.629,0.014500000000000002,0.11399999999999999,0.131,0.0675,0.013999999999999999,0.44400000000000006
82,70,2014-12-19,12,1,2014-2015,Minas,Rio Claro,1,0.37227272727272726,0.10772727272727271,0.17818181818181816,0.08636363636363636,0.18181818181818182,0.055454545454545465,0.12636363636363637,0.07454545454545454,0.07772727272727274,1.0127272727272727,0.03590909090909091,0.11181818181818183,33.300909090909094,0.08909090909090908,0.18636363636363634,47.83363636363637,0.08636363636363636,0.12000000000000001,71.42363636363638,0.011818181818181818,0.05500000000000001,0.7345454545454545,0.00818181818181818,0.115,0.07090909090909091,0.07772727272727274,0.017272727272727273,0.40727272727272723,0.3759090909090909,0.08999999999999998,0.21636363636363634,0.06954545454545454,0.16272727272727272,0.04500000000000001,0.1177272727272727,0.08499999999999999,0.06818181818181819,1.4218181818181816,0.030000000000000006,0.10681818181818183,28.013636363636365,0.10818181818181817,0.2081818181818182,51.84909090909091,0.06954545454545454,0.08590909090909092,80.54,0.009090909090909092,0.05363636363636364,0.8336363636363636,0.004545454545454546,0.08590909090909092,0.06090909090909091,0.06818181818181819,0.01636363636363636,0.42045454545454547
81,68,2014-12-19,12,1,2014-2015,Sesi Franca,Pinheiros,1,0.38863636363636367,0.11454545454545456,0.19272727272727275,0.08136363636363637,0.17909090909090908,0.05636363636363637,0.12272727272727274,0.06227272727272728,0.07636363636363637,0.868181818181818,0.038181818181818185,0.11090909090909093,35.10636363636364,0.09636363636363637,0.18954545454545454,51.193636363636365,0.08136363636363637,0.10772727272727273,74.90545454545455,0.013636363636363636,0.05136363636363636,0.7163636363636364,0.014090909090909091,0.10227272727272728,0.14181818181818182,0.07636363636363637,0.016363636363636365,0.42681818181818176,0.41900000000000004,0.1395,0.209,0.0705,0.1635,0.05149999999999999,0.11200000000000002,0.075,0.066,1.2360000000000002,0.04650000000000001,0.12599999999999997,37.047000000000004,0.1045,0.201,52.16799999999999,0.0705,0.09449999999999999,71.261,0.0125,0.05850000000000001,0.915,0.0125,0.10200000000000001,0.128,0.066,0.011,0.4624999999999999
85,77,2014-12-19,12,1,2014-2015,Bauru Basket,Palmeiras,1,0.445,0.15499999999999997,0.20111111111111113,0.08888888888888888,0.19055555555555556,0.048888888888888885,0.14166666666666666,0.08333333333333331,0.06666666666666667,1.3988888888888888,0.051666666666666666,0.13944444444444448,36.88666666666666,0.10055555555555556,0.16611111111111113,60.231111111111105,0.08888888888888888,0.11499999999999999,76.69888888888889,0.007222222222222221,0.05111111111111112,0.8677777777777778,0.006666666666666667,0.08777777777777777,0.08777777777777779,0.06666666666666667,0.011111111111111112,0.5305555555555556,0.3804545454545455,0.11318181818181818,0.19727272727272727,0.07,0.18499999999999997,0.06272727272727273,0.1222727272727273,0.08363636363636362,0.07409090909090908,1.2290909090909088,0.03772727272727273,0.10954545454545457,34.78727272727272,0.09863636363636363,0.19727272727272727,50.195454545454545,0.07,0.09500000000000001,73.69636363636364,0.014545454545454549,0.04454545454545454,0.6436363636363637,0.006818181818181818,0.08818181818181815,0.08545454545454546,0.07409090909090908,0.015000000000000003,0.430909090909091
81,89,2014-12-19,12,1,2014-2015,Uberlândia,Limeira,0,0.386,0.15,0.176,0.06,0.16099999999999998,0.049499999999999995,0.1115,0.0725,0.0655,1.178,0.049999999999999996,0.139,34.464999999999996,0.088,0.17500000000000002,49.952999999999996,0.06,0.0785,76.195,0.006,0.0455,0.764,0.013500000000000002,0.10900000000000001,0.127,0.0655,0.0125,0.41850000000000004,0.41636363636363627,0.1431818181818182,0.1990909090909091,0.0740909090909091,0.1604545454545455,0.046363636363636364,0.11409090909090908,0.09181818181818181,0.06318181818181819,1.5372727272727273,0.04772727272727273,0.12409090909090911,38.23181818181819,0.09954545454545455,0.17681818181818185,56.404545454545456,0.0740909090909091,0.09272727272727273,79.86636363636363,0.009545454545454544,0.04818181818181819,0.8045454545454546,0.013181818181818182,0.10454545454545454,0.12636363636363634,0.06318181818181819,0.013181818181818182,0.49454545454545457
73,79,2014-12-21,13,1,2014-2015,Sesi Franca,Bauru Basket,0,0.39000000000000007,0.11375000000000002,0.19666666666666668,0.07958333333333334,0.17833333333333332,0.055000000000000014,0.12333333333333334,0.06375,0.07500000000000001,0.9066666666666666,0.037916666666666675,0.11208333333333335,34.51416666666667,0.09833333333333334,0.18916666666666668,52.3325,0.07958333333333334,0.10708333333333335,73.66333333333334,0.013749999999999998,0.054583333333333324,0.7816666666666667,0.015,0.10166666666666667,0.15166666666666667,0.07500000000000001,0.017083333333333336,0.4341666666666666,0.44299999999999995,0.16349999999999998,0.196,0.08349999999999999,0.188,0.047999999999999994,0.13999999999999999,0.086,0.0635,1.573,0.05449999999999999,0.14200000000000004,38.046,0.098,0.163,59.76399999999999,0.08349999999999999,0.11099999999999999,73.696,0.007499999999999998,0.04800000000000001,0.8379999999999999,0.006500000000000001,0.08349999999999999,0.09,0.0635,0.01,0.528
75,66,2014-12-22,13,1,2014-2015,Minas,Uberlândia,1,0.3754166666666667,0.10749999999999998,0.18333333333333332,0.08458333333333333,0.18375,0.054583333333333345,0.12916666666666668,0.07583333333333332,0.07875,1.0116666666666667,0.035833333333333335,0.11333333333333336,32.76916666666667,0.09166666666666666,0.1870833333333333,48.975833333333334,0.08458333333333333,0.11625,72.69416666666667,0.010833333333333334,0.05541666666666667,0.7291666666666666,0.009166666666666667,0.11541666666666668,0.07916666666666668,0.07875,0.016666666666666666,0.41624999999999995,0.3877272727272727,0.1431818181818182,0.18454545454545454,0.05999999999999999,0.15818181818181817,0.04863636363636363,0.10954545454545456,0.07318181818181818,0.06636363636363636,1.1681818181818182,0.04772727272727272,0.1340909090909091,34.00545454545455,0.09227272727272727,0.1790909090909091,50.99,0.05999999999999999,0.07772727272727273,77.06,0.006363636363636364,0.046363636363636364,0.7609090909090909,0.012727272727272728,0.10909090909090911,0.12000000000000001,0.06636363636363636,0.012272727272727274,0.42090909090909095
81,68,2014-12-22,13,1,2014-2015,Brasília,Fortaleza B. C. / CFO,1,0.39454545454545453,0.10636363636363635,0.21363636363636365,0.07454545454545453,0.18227272727272725,0.055454545454545465,0.12681818181818183,0.08136363636363637,0.06545454545454546,1.2936363636363637,0.035454545454545454,0.10545454545454547,34.27727272727273,0.10681818181818183,0.20772727272727273,51.654545454545456,0.07454545454545453,0.09363636363636364,78.1809090909091,0.017727272727272727,0.0409090909090909,0.6427272727272727,0.013181818181818183,0.11227272727272726,0.1190909090909091,0.06545454545454546,0.013181818181818182,0.45681818181818185,0.3705,0.13199999999999998,0.176,0.06250000000000001,0.17250000000000001,0.05400000000000001,0.11849999999999998,0.0675,0.072,1.013,0.044,0.1375,31.736,0.088,0.1825,48.763000000000005,0.06250000000000001,0.0895,71.38199999999999,0.0034999999999999996,0.04900000000000001,0.691,0.0115,0.0865,0.137,0.072,0.014000000000000002,0.38399999999999995
83,69,2014-12-22,13,1,2014-2015,Paulistano,L. Sorocabana,1,0.40416666666666673,0.105,0.21333333333333335,0.08583333333333333,0.19125000000000003,0.06916666666666667,0.12208333333333334,0.055833333333333325,0.06041666666666667,1.0216666666666667,0.03500000000000001,0.11291666666666667,31.254166666666663,0.10666666666666667,0.22041666666666668,48.425833333333344,0.08583333333333333,0.11333333333333333,76.90500000000002,0.011249999999999998,0.047499999999999994,0.8433333333333333,0.0062499999999999995,0.12291666666666667,0.049999999999999996,0.06041666666666667,0.013333333333333334,0.4254166666666667,0.39041666666666663,0.10125,0.21583333333333335,0.07333333333333333,0.15375000000000003,0.05666666666666667,0.09708333333333334,0.06708333333333334,0.07416666666666667,0.9483333333333333,0.03375,0.10041666666666667,34.13999999999999,0.10791666666666667,0.22083333333333333,48.681666666666665,0.07333333333333333,0.09624999999999999,76.9625,0.010833333333333334,0.06208333333333333,0.8991666666666668,0.010833333333333334,0.12000000000000001,0.09166666666666667,0.07416666666666667,0.012083333333333333,0.40750000000000003
86,84,2014-12-22,13,1,2014-2015,Macaé Basquete,Flamengo,1,0.3804545454545455,0.12272727272727274,0.18181818181818182,0.07590909090909091,0.15409090909090908,0.04818181818181819,0.10590909090909091,0.06136363636363637,0.05909090909090909,1.2763636363636364,0.0409090909090909,0.11181818181818182,36.93454545454545,0.09090909090909091,0.18681818181818183,48.563636363636355,0.07590909090909091,0.09454545454545454,80.7690909090909,0.0036363636363636364,0.043181818181818175,0.8172727272727273,0.006818181818181818,0.11045454545454546,0.061818181818181814,0.05909090909090909,0.01590909090909091,0.40136363636363637,0.4535,0.144,0.223,0.0865,0.18200000000000005,0.052500000000000005,0.1295,0.089,0.06250000000000001,1.828,0.048,0.12199999999999997,37.635999999999996,0.1115,0.1955,57.38100000000001,0.0865,0.11399999999999999,77.33099999999999,0.011,0.044500000000000005,0.8809999999999999,0.011999999999999999,0.09649999999999999,0.13,0.06250000000000001,0.0115,0.533
88,89,2014-12-22,13,1,2014-2015,Mogi,Coop/São José Basketball,0,0.4050000000000001,0.12000000000000002,0.20800000000000002,0.077,0.1935,0.06299999999999999,0.1305,0.072,0.084,0.9030000000000001,0.04,0.0965,41.278999999999996,0.10400000000000001,0.20750000000000002,50.041000000000004,0.077,0.10049999999999999,74.986,0.013500000000000002,0.0505,0.618,0.011500000000000002,0.1045,0.11200000000000002,0.084,0.0155,0.46499999999999997,0.3695833333333333,0.0825,0.225,0.062083333333333345,0.18375,0.04750000000000001,0.13625,0.08166666666666667,0.07333333333333333,1.1741666666666666,0.0275,0.09208333333333334,29.883333333333336,0.1125,0.21124999999999997,53.28666666666666,0.062083333333333345,0.085,71.01416666666667,0.005833333333333334,0.04083333333333334,0.5891666666666667,0.007083333333333334,0.09083333333333332,0.08,0.07333333333333333,0.015,0.4233333333333332
78,87,2014-12-22,13,1,2014-2015,Rio Claro,Limeira,0,0.37374999999999997,0.08499999999999998,0.21583333333333332,0.07291666666666666,0.16208333333333333,0.04375000000000001,0.1183333333333333,0.08333333333333333,0.06875,1.3758333333333332,0.02833333333333334,0.10541666666666667,26.605000000000004,0.10791666666666666,0.20750000000000002,51.903333333333336,0.07291666666666666,0.08958333333333335,80.88000000000001,0.008333333333333333,0.05458333333333334,0.8366666666666666,0.006666666666666667,0.08625000000000001,0.08333333333333333,0.06875,0.01625,0.4183333333333333,0.41874999999999996,0.14125000000000001,0.205,0.07250000000000001,0.15750000000000003,0.044583333333333336,0.11291666666666667,0.09250000000000001,0.06375000000000001,1.5283333333333333,0.04708333333333334,0.11916666666666668,40.17416666666667,0.1025,0.18083333333333337,56.70416666666667,0.07250000000000001,0.09041666666666666,80.2625,0.010416666666666666,0.04916666666666667,0.8091666666666666,0.012499999999999999,0.10375,0.11999999999999998,0.06375000000000001,0.012916666666666667,0.49833333333333335
65,79,2014-12-23,13,1,2014-2015,Pinheiros,Palmeiras,0,0.41181818181818186,0.13772727272727273,0.20454545454545456,0.06954545454545454,0.16636363636363638,0.05227272727272727,0.1140909090909091,0.075,0.06954545454545455,1.1881818181818182,0.04590909090909092,0.12545454545454546,36.70909090909091,0.10227272727272728,0.1981818181818182,51.70363636363636,0.06954545454545454,0.09409090909090909,70.84363636363635,0.011818181818181818,0.055454545454545465,0.8536363636363636,0.012272727272727274,0.1040909090909091,0.12363636363636364,0.06954545454545455,0.010454545454545454,0.45136363636363624,0.38083333333333336,0.12,0.19583333333333333,0.065,0.18125,0.059166666666666666,0.12208333333333336,0.08458333333333333,0.07166666666666667,1.3024999999999998,0.04,0.11083333333333335,36.221666666666664,0.09791666666666667,0.19499999999999998,50.42416666666666,0.065,0.08916666666666667,70.88833333333334,0.013333333333333336,0.04374999999999999,0.655,0.0062499999999999995,0.08791666666666664,0.07833333333333334,0.07166666666666667,0.015833333333333335,0.4329166666666668
107,86,2015-01-06,14,1,2014-2015,Pinheiros,Uberlândia,1,0.40458333333333335,0.1375,0.19999999999999998,0.06708333333333333,0.1679166666666667,0.052083333333333336,0.11583333333333334,0.07458333333333333,0.06958333333333333,1.1725,0.045833333333333344,0.12833333333333333,35.994166666666665,0.09999999999999999,0.19541666666666668,51.182500000000005,0.06708333333333333,0.09125,70.49583333333332,0.010833333333333334,0.054166666666666675,0.8300000000000001,0.012083333333333335,0.10291666666666667,0.12250000000000001,0.06958333333333333,0.010833333333333334,0.4416666666666666,0.3829166666666666,0.14375,0.18083333333333332,0.05833333333333333,0.15458333333333332,0.04624999999999999,0.10833333333333334,0.07208333333333333,0.06999999999999999,1.1166666666666667,0.04791666666666666,0.13083333333333333,35.5575,0.09041666666666666,0.17708333333333334,50.50416666666666,0.05833333333333333,0.07583333333333334,76.69916666666667,0.006250000000000001,0.04666666666666667,0.7349999999999999,0.012500000000000002,0.11000000000000003,0.11666666666666668,0.06999999999999999,0.012500000000000002,0.4116666666666667
94,83,2015-01-06,14,1,2014-2015,Coop/São José Basketball,Sesi Franca,1,0.37538461538461537,0.09115384615384615,0.21923076923076923,0.065,0.18,0.04576923076923078,0.13423076923076924,0.08230769230769232,0.07192307692307692,1.21,0.030384615384615385,0.09499999999999999,31.430769230769233,0.10961538461538461,0.20499999999999996,53.625384615384604,0.065,0.08769230769230771,71.96153846153847,0.00576923076923077,0.04038461538461539,0.5930769230769232,0.007307692307692308,0.09384615384615383,0.08,0.07192307692307692,0.013846153846153845,0.4307692307692306,0.38807692307692315,0.11192307692307694,0.1984615384615385,0.0776923076923077,0.17499999999999996,0.05307692307692309,0.12192307692307693,0.06576923076923077,0.07269230769230771,0.9907692307692307,0.03730769230769231,0.11153846153846156,34.05692307692308,0.09923076923076925,0.19115384615384615,52.24230769230769,0.0776923076923077,0.10461538461538462,73.63769230769232,0.013846153846153845,0.05538461538461538,0.8323076923076923,0.016153846153846154,0.10192307692307692,0.1623076923076923,0.07269230769230771,0.016153846153846154,0.43461538461538457
80,99,2015-01-06,14,1,2014-2015,Mogi,Bauru Basket,0,0.40818181818181826,0.12136363636363638,0.20636363636363636,0.08045454545454546,0.19272727272727275,0.06454545454545453,0.1281818181818182,0.07227272727272727,0.08045454545454546,0.9727272727272728,0.04045454545454546,0.09681818181818182,41.61727272727273,0.10318181818181818,0.2090909090909091,49.33,0.08045454545454546,0.1040909090909091,75.63636363636364,0.012272727272727274,0.04954545454545455,0.6427272727272727,0.010909090909090912,0.10363636363636362,0.10636363636363638,0.08045454545454546,0.014545454545454545,0.46727272727272723,0.43863636363636355,0.16227272727272724,0.19363636363636363,0.08272727272727272,0.18772727272727271,0.047272727272727265,0.14045454545454544,0.08636363636363635,0.06545454545454545,1.5263636363636364,0.054090909090909085,0.1422727272727273,37.72181818181818,0.09681818181818182,0.16045454545454546,60.05454545454545,0.08272727272727272,0.11,73.81454545454545,0.007727272727272725,0.04590909090909092,0.788181818181818,0.007272727272727273,0.08272727272727272,0.1,0.06545454545454545,0.01,0.5213636363636364
76,80,2015-01-06,14,1,2014-2015,Palmeiras,Minas,0,0.3819230769230769,0.1223076923076923,0.19461538461538463,0.065,0.18307692307692308,0.057692307692307696,0.1253846153846154,0.08269230769230769,0.07192307692307692,1.2638461538461536,0.04076923076923077,0.11230769230769234,36.39384615384615,0.09730769230769232,0.19384615384615383,50.39153846153845,0.065,0.08846153846153847,71.68538461538462,0.013461538461538466,0.04461538461538461,0.6607692307692308,0.006538461538461538,0.08615384615384612,0.08384615384615385,0.07192307692307692,0.01730769230769231,0.4353846153846155,0.37538461538461537,0.10615384615384614,0.1846153846153846,0.0846153846153846,0.18115384615384617,0.05307692307692309,0.1280769230769231,0.07692307692307691,0.07884615384615386,1.0207692307692307,0.03538461538461539,0.10961538461538464,33.79846153846154,0.0923076923076923,0.18692307692307691,49.36615384615384,0.0846153846153846,0.11730769230769231,72.13153846153847,0.011538461538461537,0.058076923076923075,0.7599999999999999,0.00923076923076923,0.11269230769230772,0.08307692307692308,0.07884615384615386,0.01730769230769231,0.4203846153846153
85,93,2015-01-07,14,1,2014-2015,Rio Claro,Flamengo,0,0.37499999999999994,0.08307692307692306,0.22076923076923077,0.07115384615384615,0.1623076923076923,0.04307692307692309,0.11923076923076922,0.08499999999999999,0.07,1.3653846153846152,0.0276923076923077,0.10307692307692308,26.610000000000007,0.11038461538461539,0.20807692307692308,52.92,0.07115384615384615,0.08769230769230771,80.57538461538462,0.007692307692307693,0.0526923076923077,0.7992307692307692,0.006538461538461539,0.08346153846153848,0.08461538461538462,0.07,0.016153846153846154,0.4219230769230769,0.45045454545454544,0.14863636363636365,0.21727272727272728,0.08454545454545453,0.17909090909090913,0.04954545454545455,0.12954545454545457,0.0909090909090909,0.06090909090909092,1.8836363636363638,0.04954545454545454,0.12181818181818181,39.1390909090909,0.10863636363636364,0.19090909090909092,57.18,0.08454545454545453,0.11272727272727273,76.21,0.011363636363636362,0.041818181818181824,0.8309090909090908,0.011363636363636362,0.09636363636363635,0.12272727272727274,0.06090909090909092,0.010454545454545454,0.53
87,66,2015-01-07,14,1,2014-2015,Limeira,Macaé Basquete,1,0.41999999999999993,0.14192307692307693,0.20846153846153845,0.06961538461538462,0.15538461538461543,0.04346153846153847,0.11192307692307693,0.09461538461538462,0.06346153846153847,1.5646153846153845,0.047307692307692314,0.11923076923076925,40.28923076923078,0.10423076923076922,0.1830769230769231,56.92076923076923,0.06961538461538462,0.08692307692307691,80.07153846153847,0.01076923076923077,0.05076923076923078,0.8369230769230769,0.011538461538461537,0.10192307692307692,0.11076923076923074,0.06346153846153847,0.01423076923076923,0.5007692307692309,0.38458333333333333,0.12625,0.1825,0.07583333333333332,0.15458333333333332,0.04750000000000001,0.10708333333333335,0.0625,0.05708333333333334,1.3483333333333334,0.042083333333333334,0.11375,37.251666666666665,0.09125,0.18625000000000003,48.91499999999999,0.07583333333333332,0.09458333333333334,80.61749999999999,0.00375,0.04333333333333333,0.8566666666666668,0.0062499999999999995,0.10958333333333335,0.056666666666666664,0.05708333333333334,0.01625,0.40875
84,76,2015-01-07,14,1,2014-2015,Brasília,L. Sorocabana,1,0.3954166666666667,0.10375,0.21916666666666665,0.0725,0.18833333333333332,0.0575,0.13083333333333333,0.08375,0.065,1.3383333333333336,0.034583333333333334,0.10458333333333335,33.61416666666667,0.10958333333333332,0.21208333333333332,51.837500000000006,0.0725,0.09083333333333334,78.61,0.017499999999999998,0.04,0.6308333333333334,0.012083333333333335,0.10958333333333332,0.10916666666666668,0.065,0.013749999999999998,0.46375000000000005,0.38692307692307687,0.09461538461538462,0.21692307692307694,0.07538461538461538,0.15423076923076925,0.05692307692307692,0.09730769230769232,0.06538461538461539,0.07423076923076924,0.9215384615384614,0.03153846153846154,0.10115384615384616,31.86384615384615,0.10846153846153847,0.22115384615384615,48.86846153846154,0.07538461538461538,0.09923076923076922,76.74000000000001,0.01,0.06269230769230769,0.9015384615384616,0.011153846153846155,0.12192307692307694,0.09230769230769233,0.07423076923076924,0.012307692307692306,0.4
69,77,2015-01-07,14,1,2014-2015,Fortaleza B. C. / CFO,Paulistano,0,0.36772727272727274,0.1336363636363636,0.17363636363636362,0.06045454545454547,0.17090909090909093,0.0531818181818182,0.11772727272727272,0.06681818181818183,0.06909090909090909,1.0572727272727271,0.04454545454545454,0.14272727272727273,31.181818181818183,0.08681818181818181,0.18045454545454545,48.59181818181819,0.06045454545454547,0.08545454545454546,72.97363636363636,0.0031818181818181815,0.047727272727272736,0.7081818181818181,0.012272727272727274,0.08636363636363636,0.14636363636363636,0.06909090909090909,0.012727272727272728,0.3795454545454545,0.405,0.105,0.21384615384615385,0.08615384615384616,0.1938461538461539,0.06884615384615385,0.125,0.05653846153846153,0.06346153846153846,0.9930769230769232,0.035,0.11307692307692307,31.190769230769227,0.10692307692307693,0.21807692307692308,49.15384615384616,0.08615384615384616,0.11653846153846154,75.45538461538462,0.010384615384615383,0.04692307692307692,0.8092307692307692,0.006538461538461538,0.125,0.05153846153846153,0.06346153846153846,0.013076923076923078,0.4257692307692308
80,82,2015-01-08,15,1,2014-2015,Mogi,Sesi Franca,0,0.40750000000000014,0.12125000000000001,0.205,0.08125,0.19166666666666668,0.06541666666666665,0.12625,0.07166666666666666,0.07958333333333334,0.9691666666666667,0.04041666666666666,0.09875,40.92666666666666,0.1025,0.2104166666666667,48.737500000000004,0.08125,0.10541666666666667,75.58333333333333,0.011250000000000001,0.050416666666666665,0.6608333333333333,0.010833333333333335,0.10375,0.10583333333333335,0.07958333333333334,0.014166666666666668,0.46208333333333335,0.39000000000000007,0.11250000000000002,0.20000000000000004,0.0775,0.17607142857142852,0.05464285714285715,0.12142857142857143,0.06714285714285714,0.0717857142857143,1.0214285714285714,0.03750000000000001,0.11321428571428573,33.74071428571428,0.10000000000000002,0.19392857142857142,51.92714285714286,0.0775,0.10678571428571429,72.34642857142858,0.014285714285714285,0.055,0.8321428571428572,0.01607142857142857,0.10285714285714286,0.15999999999999998,0.0717857142857143,0.016071428571428573,0.43357142857142855
71,90,2015-01-08,15,1,2014-2015,Coop/São José Basketball,Bauru Basket,0,0.3821428571428571,0.08892857142857144,0.22642857142857142,0.0667857142857143,0.18321428571428572,0.046785714285714285,0.13642857142857143,0.08642857142857142,0.0717857142857143,1.2664285714285712,0.029642857142857144,0.09464285714285714,30.772857142857145,0.11321428571428571,0.2089285714285714,54.19071428571427,0.0667857142857143,0.0892857142857143,72.6657142857143,0.005357142857142858,0.04,0.5864285714285715,0.0075,0.09535714285714283,0.08071428571428572,0.0717857142857143,0.013571428571428571,0.4442857142857141,0.4433333333333333,0.16999999999999996,0.1925,0.08083333333333333,0.18708333333333335,0.04833333333333332,0.13875,0.0895833333333333,0.06624999999999999,1.5383333333333333,0.056666666666666664,0.14625000000000002,38.306666666666665,0.09625,0.15875000000000003,60.40749999999999,0.08083333333333333,0.1075,73.91333333333333,0.007083333333333331,0.04625000000000001,0.7783333333333332,0.007083333333333334,0.085,0.09583333333333334,0.06624999999999999,0.01,0.5283333333333333
79,68,2015-01-08,15,1,2014-2015,Palmeiras,Uberlândia,1,0.3817857142857143,0.12,0.19571428571428573,0.06607142857142857,0.18107142857142855,0.05642857142857143,0.12464285714285717,0.08035714285714286,0.07035714285714285,1.2449999999999997,0.04,0.11285714285714289,35.58,0.09785714285714286,0.19249999999999998,51.077857142857134,0.06607142857142857,0.09000000000000001,71.76,0.013214285714285718,0.04357142857142857,0.6564285714285714,0.006785714285714285,0.08857142857142855,0.08357142857142859,0.07035714285714285,0.018214285714285714,0.43178571428571433,0.3865384615384615,0.1419230769230769,0.18384615384615385,0.06076923076923076,0.15230769230769228,0.045384615384615384,0.10692307692307693,0.07346153846153845,0.07307692307692307,1.093846153846154,0.04730769230769231,0.12730769230769232,36.44230769230769,0.09192307692307693,0.17961538461538462,50.64846153846153,0.06076923076923076,0.07884615384615386,76.81923076923077,0.006538461538461539,0.0476923076923077,0.7207692307692307,0.011923076923076925,0.11153846153846156,0.11076923076923079,0.07307692307692307,0.013076923076923078,0.41307692307692306
89,78,2015-01-08,15,1,2014-2015,Pinheiros,Minas,1,0.41461538461538466,0.14076923076923079,0.20307692307692304,0.07076923076923076,0.165,0.05,0.115,0.0776923076923077,0.07076923076923076,1.1861538461538461,0.04692307692307693,0.1273076923076923,37.23846153846154,0.10153846153846152,0.19461538461538463,52.23461538461539,0.07076923076923076,0.09499999999999999,71.39153846153845,0.011538461538461537,0.05615384615384616,0.8384615384615385,0.011923076923076925,0.10269230769230771,0.1207692307692308,0.07076923076923076,0.011538461538461537,0.4569230769230768,0.37714285714285717,0.10714285714285714,0.18714285714285714,0.08285714285714285,0.18142857142857144,0.05321428571428573,0.1282142857142857,0.07607142857142857,0.0767857142857143,1.0407142857142857,0.03571428571428572,0.10857142857142858,34.39214285714286,0.09357142857142857,0.1882142857142857,49.67285714285714,0.08285714285714285,0.11535714285714285,71.74142857142857,0.011428571428571429,0.054642857142857146,0.7199999999999999,0.009285714285714286,0.11214285714285717,0.0842857142857143,0.0767857142857143,0.017142857142857144,0.42178571428571426
78,73,2015-01-09,15,1,2014-2015,Limeira,Flamengo,1,0.4210714285714285,0.1457142857142857,0.20714285714285713,0.06821428571428573,0.15428571428571433,0.04357142857142858,0.11071428571428572,0.09607142857142857,0.06250000000000001,1.6171428571428572,0.048571428571428585,0.12000000000000001,40.98285714285715,0.10357142857142856,0.18214285714285716,56.846428571428575,0.06821428571428573,0.08607142857142856,79.11428571428573,0.011785714285714287,0.05035714285714287,0.8414285714285714,0.012142857142857141,0.10250000000000001,0.11571428571428569,0.06250000000000001,0.013928571428571429,0.5035714285714287,0.45166666666666666,0.145,0.2225,0.08416666666666667,0.17750000000000002,0.04875000000000001,0.12875000000000003,0.08833333333333332,0.06000000000000002,1.8266666666666669,0.04833333333333333,0.11958333333333332,38.9475,0.11125,0.19583333333333333,57.08166666666667,0.08416666666666667,0.11125,76.87666666666667,0.011249999999999998,0.04375000000000001,0.87,0.011249999999999998,0.09499999999999999,0.12333333333333334,0.06000000000000002,0.01,0.5295833333333334
85,105,2015-01-09,15,1,2014-2015,Rio Claro,Macaé Basquete,0,0.3785714285714285,0.0857142857142857,0.22500000000000003,0.06785714285714285,0.16142857142857142,0.041071428571428585,0.12035714285714284,0.08571428571428572,0.07071428571428572,1.3528571428571428,0.028571428571428577,0.10357142857142858,27.306428571428576,0.11250000000000002,0.20750000000000002,54.14,0.06785714285714285,0.08392857142857144,79.92214285714286,0.008571428571428572,0.05178571428571429,0.7778571428571428,0.006428571428571429,0.08392857142857145,0.08285714285714287,0.07071428571428572,0.015714285714285715,0.4271428571428571,0.38038461538461543,0.12461538461538463,0.18,0.07576923076923076,0.1553846153846154,0.04923076923076924,0.10615384615384617,0.060384615384615384,0.05807692307692309,1.283076923076923,0.04153846153846154,0.11115384615384616,37.75153846153846,0.09,0.18692307692307694,48.11076923076923,0.07576923076923076,0.09461538461538462,80.48923076923076,0.003461538461538461,0.04269230769230769,0.8292307692307693,0.005769230769230769,0.10846153846153847,0.052307692307692305,0.05807692307692309,0.016538461538461537,0.40115384615384614
86,94,2015-01-09,15,1,2014-2015,Brasília,Paulistano,0,0.3973076923076923,0.10846153846153846,0.21538461538461537,0.07346153846153845,0.18692307692307691,0.056538461538461544,0.13038461538461538,0.08500000000000002,0.065,1.353846153846154,0.036153846153846154,0.1053846153846154,34.707692307692305,0.10769230769230768,0.21,51.384615384615394,0.07346153846153845,0.09307692307692307,78.01153846153846,0.017307692307692305,0.04038461538461539,0.6353846153846153,0.014230769230769233,0.10884615384615384,0.13153846153846155,0.065,0.014230769230769229,0.4676923076923077,0.4035714285714286,0.10821428571428571,0.20785714285714288,0.08750000000000001,0.19892857142857148,0.07071428571428572,0.1282142857142857,0.05678571428571428,0.06392857142857143,0.9835714285714287,0.03607142857142858,0.11285714285714286,32.20928571428571,0.10392857142857144,0.2175,47.85357142857144,0.08750000000000001,0.11714285714285713,76.0657142857143,0.009642857142857142,0.04428571428571428,0.7614285714285715,0.0064285714285714285,0.12250000000000001,0.052142857142857144,0.06392857142857143,0.012857142857142859,0.42607142857142855
90,78,2015-01-09,15,1,2014-2015,Fortaleza B. C. / CFO,L. Sorocabana,1,0.3658333333333333,0.12999999999999998,0.1758333333333333,0.06000000000000002,0.16874999999999998,0.05125000000000002,0.1175,0.06458333333333334,0.065,1.1358333333333333,0.04333333333333333,0.1425,30.36916666666667,0.08791666666666666,0.18166666666666664,48.81583333333334,0.06000000000000002,0.08333333333333333,74.53166666666665,0.0033333333333333327,0.048750000000000016,0.8991666666666666,0.012500000000000002,0.08583333333333333,0.15,0.065,0.012500000000000002,0.37916666666666665,0.3864285714285714,0.09214285714285715,0.22071428571428572,0.07357142857142858,0.15750000000000003,0.057499999999999996,0.1,0.06357142857142858,0.07392857142857144,0.8964285714285714,0.03071428571428572,0.10035714285714288,31.174999999999994,0.11035714285714286,0.2225,49.395714285714284,0.07357142857142858,0.09785714285714285,75.72285714285715,0.009285714285714286,0.06142857142857143,0.8828571428571429,0.01142857142857143,0.12035714285714287,0.09642857142857143,0.07392857142857144,0.012857142857142855,0.4003571428571429
80,62,2015-01-12,4,1,2014-2015,Fortaleza B. C. / CFO,Uberlândia,1,0.3723076923076923,0.1292307692307692,0.1776923076923077,0.0653846153846154,0.16846153846153847,0.0503846153846154,0.11807692307692307,0.06730769230769232,0.06538461538461539,1.1584615384615384,0.043076923076923075,0.14076923076923079,30.596923076923076,0.08884615384615385,0.18,49.868461538461546,0.0653846153846154,0.08884615384615385,75.24999999999999,0.0034615384615384608,0.04846153846153848,0.8792307692307693,0.011923076923076925,0.08923076923076924,0.14153846153846156,0.06538461538461539,0.012692307692307695,0.39076923076923076,0.3832142857142857,0.1382142857142857,0.18285714285714286,0.06214285714285713,0.15107142857142855,0.045,0.10607142857142858,0.07178571428571427,0.07035714285714285,1.1178571428571429,0.046071428571428576,0.1282142857142857,35.37,0.09142857142857143,0.17857142857142858,50.71071428571428,0.06214285714285713,0.08035714285714288,77.04642857142858,0.0071428571428571435,0.04892857142857143,0.802142857142857,0.011785714285714288,0.11000000000000001,0.11071428571428574,0.07035714285714285,0.012857142857142859,0.4089285714285714
89,80,2015-01-13,3,2,2014-2015,Limeira,Paulistano,1,0.4189999999999999,0.147,0.20266666666666666,0.06933333333333334,0.15333333333333338,0.04400000000000001,0.10933333333333334,0.095,0.06266666666666668,1.5913333333333335,0.049000000000000016,0.12000000000000002,41.30600000000001,0.10133333333333333,0.1806666666666667,55.973333333333336,0.06933333333333334,0.087,79.50666666666667,0.012,0.05066666666666668,0.842,0.012666666666666665,0.10233333333333335,0.12133333333333331,0.06266666666666668,0.013666666666666667,0.5000000000000001,0.40800000000000003,0.114,0.20266666666666666,0.09133333333333334,0.19600000000000004,0.07,0.126,0.05799999999999999,0.06266666666666668,1.0293333333333334,0.038000000000000006,0.11566666666666667,32.858,0.10133333333333333,0.21166666666666664,47.99666666666668,0.09133333333333334,0.12066666666666666,76.68066666666667,0.009,0.044000000000000004,0.77,0.007,0.12100000000000001,0.058666666666666666,0.06266666666666668,0.012666666666666668,0.433
77,84,2015-01-13,4,1,2014-2015,Flamengo,Bauru Basket,0,0.445,0.1453846153846154,0.21769230769230768,0.08192307692307692,0.17730769230769233,0.04961538461538462,0.12769230769230772,0.08807692307692307,0.06076923076923079,1.7792307692307694,0.04846153846153846,0.11769230769230768,40.0,0.10884615384615384,0.195,56.01692307692308,0.08192307692307692,0.10807692307692308,77.00692307692307,0.011153846153846153,0.04423076923076925,0.8576923076923075,0.011153846153846153,0.0969230769230769,0.12000000000000001,0.06076923076923079,0.010384615384615384,0.5234615384615385,0.44384615384615383,0.17076923076923076,0.19461538461538463,0.07846153846153846,0.18923076923076923,0.0473076923076923,0.14192307692307693,0.09115384615384614,0.065,1.5892307692307692,0.05692307692307692,0.14653846153846156,38.43692307692308,0.09730769230769232,0.1603846153846154,60.46153846153845,0.07846153846153846,0.105,73.35615384615383,0.0069230769230769216,0.044615384615384626,0.7569230769230768,0.009230769230769232,0.08423076923076923,0.12461538461538463,0.065,0.009615384615384616,0.5338461538461539
80,91,2015-01-14,7,1,2014-2015,Fortaleza B. C. / CFO,Mogi,0,0.3742857142857143,0.13392857142857142,0.17714285714285713,0.06321428571428574,0.16714285714285712,0.05035714285714288,0.11678571428571428,0.06964285714285715,0.0642857142857143,1.2185714285714284,0.044642857142857144,0.14392857142857143,30.92142857142857,0.08857142857142856,0.1789285714285714,49.986428571428576,0.06321428571428574,0.08607142857142858,74.875,0.003214285714285714,0.05214285714285716,0.9592857142857143,0.011071428571428574,0.08821428571428572,0.13142857142857142,0.0642857142857143,0.012142857142857146,0.3975,0.40692307692307705,0.12000000000000001,0.20384615384615384,0.08307692307692308,0.19153846153846155,0.06769230769230768,0.12384615384615386,0.07076923076923076,0.07961538461538463,0.9523076923076924,0.04,0.09923076923076923,40.342307692307685,0.10192307692307692,0.21000000000000002,48.55307692307693,0.08307692307692308,0.10653846153846155,76.5,0.010384615384615384,0.05,0.6530769230769231,0.012692307692307695,0.10576923076923077,0.11846153846153848,0.07961538461538463,0.014615384615384615,0.46153846153846156
85,93,2015-01-15,3,1,2014-2015,Macaé Basquete,Bauru Basket,0,0.39071428571428574,0.1275,0.18357142857142855,0.07964285714285713,0.15535714285714283,0.04892857142857144,0.10642857142857144,0.061785714285714284,0.05928571428571429,1.2678571428571428,0.0425,0.11035714285714286,38.98357142857143,0.09178571428571428,0.1875,48.88642857142857,0.07964285714285713,0.09892857142857144,80.73071428571428,0.004285714285714286,0.04499999999999999,0.8414285714285715,0.005357142857142857,0.10821428571428572,0.048571428571428564,0.05928571428571429,0.016071428571428573,0.4160714285714286,0.4421428571428571,0.17035714285714285,0.19142857142857145,0.08035714285714286,0.18892857142857142,0.04607142857142856,0.14285714285714285,0.08857142857142855,0.06535714285714286,1.532142857142857,0.05678571428571429,0.14642857142857144,38.40071428571429,0.09571428571428572,0.15964285714285717,59.71428571428571,0.08035714285714286,0.10714285714285714,73.67214285714284,0.006428571428571428,0.04392857142857144,0.7385714285714284,0.009642857142857144,0.08642857142857142,0.125,0.06535714285714286,0.010357142857142856,0.5275
97,81,2015-01-15,1,2,2014-2015,Flamengo,Paulistano,1,0.4407142857142857,0.1425,0.2178571428571429,0.08035714285714286,0.1767857142857143,0.048214285714285716,0.1285714285714286,0.08642857142857141,0.06000000000000002,1.7450000000000003,0.0475,0.11999999999999998,38.809285714285714,0.10892857142857144,0.1942857142857143,56.26285714285715,0.08035714285714286,0.10714285714285714,76.01785714285714,0.01107142857142857,0.04464285714285716,0.8678571428571428,0.011428571428571427,0.09857142857142856,0.1207142857142857,0.06000000000000002,0.010714285714285716,0.515357142857143,0.4043333333333334,0.11499999999999999,0.196,0.09333333333333332,0.201,0.073,0.128,0.05666666666666667,0.06433333333333334,0.9600000000000001,0.03833333333333334,0.11600000000000003,33.058,0.098,0.21333333333333335,46.30533333333334,0.09333333333333332,0.12166666666666665,77.85466666666666,0.007333333333333332,0.04366666666666667,0.7246666666666667,0.006666666666666667,0.12200000000000001,0.056000000000000015,0.06433333333333334,0.013666666666666667,0.4266666666666667
86,88,2015-01-16,8,1,2014-2015,Brasília,Mogi,0,0.39964285714285713,0.11357142857142856,0.21357142857142855,0.0725,0.18535714285714283,0.05714285714285715,0.12821428571428573,0.08535714285714288,0.06464285714285714,1.3642857142857143,0.03785714285714286,0.10642857142857144,35.8,0.10678571428571428,0.2092857142857143,51.10714285714287,0.0725,0.0925,77.48142857142857,0.016785714285714286,0.03928571428571429,0.62,0.014642857142857143,0.11035714285714285,0.13285714285714284,0.06464285714285714,0.014285714285714282,0.4685714285714286,0.410357142857143,0.11571428571428573,0.2107142857142857,0.08392857142857144,0.19321428571428573,0.06642857142857142,0.1267857142857143,0.07142857142857142,0.08,0.9514285714285714,0.038571428571428576,0.09785714285714286,39.24642857142857,0.10535714285714284,0.2117857142857143,49.64428571428572,0.08392857142857144,0.10785714285714287,76.46428571428571,0.01107142857142857,0.05071428571428571,0.6571428571428571,0.012142857142857146,0.10714285714285714,0.11285714285714288,0.08,0.015,0.4682142857142857
98,73,2015-01-17,2,2,2014-2015,Flamengo,L. Sorocabana,1,0.4436666666666667,0.146,0.21600000000000003,0.08166666666666668,0.17833333333333334,0.04833333333333334,0.13,0.08833333333333332,0.059000000000000025,1.7993333333333335,0.048666666666666664,0.12333333333333331,38.77133333333334,0.10800000000000001,0.19333333333333336,56.03066666666667,0.08166666666666668,0.107,77.29933333333334,0.010333333333333333,0.04400000000000002,0.8619999999999999,0.011666666666666665,0.09733333333333333,0.12533333333333332,0.059000000000000025,0.010333333333333335,0.5216666666666667,0.3866666666666666,0.09200000000000001,0.21866666666666668,0.07600000000000001,0.15700000000000003,0.05633333333333333,0.10066666666666668,0.06333333333333334,0.07266666666666667,0.9093333333333332,0.030666666666666672,0.10000000000000002,31.201999999999995,0.10933333333333334,0.2196666666666667,49.62133333333333,0.07600000000000001,0.10266666666666666,74.98866666666667,0.009000000000000001,0.061000000000000006,0.8906666666666667,0.010666666666666668,0.12100000000000002,0.09000000000000001,0.07266666666666667,0.012666666666666665,0.39966666666666667
80,73,2015-01-19,1,2,2014-2015,Macaé Basquete,L. Sorocabana,1,0.393,0.129,0.18533333333333332,0.07866666666666665,0.15499999999999997,0.04766666666666668,0.10733333333333335,0.063,0.05866666666666667,1.29,0.04300000000000001,0.11066666666666668,39.28333333333333,0.09266666666666666,0.18766666666666668,49.31133333333333,0.07866666666666665,0.09866666666666667,79.91000000000001,0.004333333333333333,0.04433333333333333,0.8320000000000001,0.005333333333333333,0.10700000000000001,0.04933333333333333,0.05866666666666667,0.016,0.41933333333333334,0.37899999999999995,0.089,0.21466666666666667,0.07533333333333334,0.15866666666666665,0.058333333333333334,0.10033333333333334,0.05933333333333335,0.071,0.8760000000000001,0.02966666666666667,0.10200000000000002,28.97933333333333,0.10733333333333334,0.22,48.66466666666666,0.07533333333333334,0.10233333333333335,74.41733333333335,0.007333333333333332,0.06233333333333334,0.922,0.010000000000000002,0.12300000000000001,0.08399999999999999,0.071,0.011333333333333332,0.3863333333333333
74,85,2015-01-20,1,2,2014-2015,Brasília,Bauru Basket,0,0.4016666666666666,0.11499999999999999,0.21333333333333332,0.07333333333333332,0.18433333333333332,0.05566666666666667,0.12866666666666668,0.08666666666666668,0.06466666666666666,1.3813333333333335,0.03833333333333334,0.10700000000000001,36.022000000000006,0.10666666666666666,0.20833333333333334,51.290000000000006,0.07333333333333332,0.09266666666666666,78.28066666666668,0.015666666666666666,0.03866666666666667,0.6093333333333334,0.015333333333333334,0.11,0.13999999999999999,0.06466666666666666,0.013666666666666664,0.4723333333333334,0.4436666666666666,0.173,0.19266666666666668,0.078,0.187,0.045,0.142,0.09033333333333332,0.06433333333333334,1.5833333333333333,0.057666666666666665,0.1476666666666667,38.66866666666667,0.09633333333333334,0.1596666666666667,60.10866666666666,0.078,0.10366666666666666,74.21533333333332,0.006999999999999998,0.04333333333333335,0.7359999999999999,0.009333333333333334,0.08733333333333333,0.12000000000000001,0.06433333333333334,0.010666666666666665,0.5303333333333333
78,91,2015-01-20,1,2,2014-2015,Fortaleza B. C. / CFO,Sesi Franca,0,0.37600000000000006,0.13299999999999998,0.1753333333333333,0.06766666666666668,0.16499999999999998,0.049333333333333354,0.11566666666666667,0.06833333333333334,0.065,1.182,0.044333333333333336,0.14433333333333334,30.637999999999998,0.08766666666666666,0.17766666666666667,49.779333333333334,0.06766666666666668,0.09233333333333334,74.69800000000001,0.0029999999999999996,0.05300000000000001,0.9533333333333333,0.011000000000000003,0.09000000000000001,0.12866666666666668,0.065,0.012000000000000004,0.39366666666666666,0.3913333333333334,0.117,0.1953333333333334,0.079,0.17299999999999996,0.05400000000000001,0.119,0.06899999999999999,0.07200000000000001,1.0379999999999998,0.039000000000000014,0.11366666666666667,34.824666666666666,0.0976666666666667,0.18999999999999997,51.675333333333334,0.079,0.10933333333333334,72.12133333333334,0.013666666666666666,0.05466666666666667,0.8213333333333334,0.016,0.10366666666666666,0.15799999999999997,0.07200000000000001,0.016000000000000004,0.43466666666666665
61,73,2015-01-21,1,2,2014-2015,Pinheiros,Limeira,0,0.41678571428571437,0.13714285714285715,0.2071428571428571,0.0725,0.16785714285714287,0.04964285714285715,0.11821428571428572,0.07714285714285715,0.07107142857142856,1.167857142857143,0.04571428571428572,0.12607142857142856,36.526428571428575,0.10357142857142855,0.19535714285714287,53.03285714285715,0.0725,0.09821428571428571,71.1392857142857,0.011428571428571429,0.05500000000000001,0.8164285714285714,0.0125,0.10142857142857144,0.1292857142857143,0.07107142857142856,0.012499999999999999,0.46035714285714274,0.4203333333333333,0.146,0.206,0.06833333333333334,0.1556666666666667,0.044000000000000004,0.11166666666666666,0.09466666666666666,0.06100000000000002,1.6119999999999999,0.04866666666666667,0.12133333333333332,40.58200000000001,0.103,0.1846666666666667,55.52066666666666,0.06833333333333334,0.0836666666666667,80.80733333333333,0.011666666666666665,0.05100000000000002,0.8606666666666667,0.013333333333333332,0.10300000000000001,0.126,0.06100000000000002,0.012666666666666668,0.5043333333333334
76,69,2015-01-21,2,2,2014-2015,Macaé Basquete,Paulistano,1,0.39533333333333337,0.12699999999999997,0.18999999999999997,0.07833333333333334,0.16,0.04733333333333333,0.11266666666666668,0.06566666666666666,0.057333333333333326,1.340666666666667,0.04233333333333334,0.10833333333333335,39.15533333333334,0.09499999999999999,0.18999999999999997,49.833333333333336,0.07833333333333334,0.09866666666666667,79.64333333333335,0.005,0.041666666666666664,0.8039999999999999,0.005666666666666666,0.10766666666666667,0.052,0.057333333333333326,0.014666666666666668,0.42966666666666664,0.40399999999999997,0.11800000000000001,0.19600000000000004,0.09,0.19866666666666663,0.07066666666666667,0.128,0.056333333333333346,0.06400000000000002,0.9613333333333334,0.03933333333333334,0.11633333333333336,33.931333333333335,0.09800000000000002,0.215,45.87800000000001,0.09,0.11566666666666667,79.25333333333332,0.006333333333333332,0.04333333333333334,0.7226666666666667,0.006666666666666667,0.12266666666666667,0.056000000000000015,0.06400000000000002,0.014333333333333335,0.42533333333333334
91,76,2015-01-21,1,2,2014-2015,Minas,Coop/São José Basketball,1,0.378,0.10800000000000001,0.18666666666666668,0.08333333333333333,0.182,0.05333333333333335,0.12866666666666665,0.076,0.07566666666666669,1.0546666666666666,0.03600000000000001,0.10900000000000001,34.418,0.09333333333333334,0.19033333333333333,49.08866666666666,0.08333333333333333,0.11466666666666667,72.67266666666666,0.010666666666666666,0.05433333333333334,0.7273333333333333,0.009333333333333334,0.11200000000000003,0.08466666666666668,0.07566666666666669,0.017333333333333333,0.4226666666666666,0.38033333333333336,0.08900000000000001,0.22533333333333333,0.066,0.18166666666666667,0.04533333333333334,0.13633333333333333,0.087,0.06933333333333333,1.3626666666666665,0.02966666666666667,0.094,31.074000000000005,0.11266666666666666,0.21133333333333332,53.435333333333325,0.066,0.08833333333333335,72.71000000000001,0.006000000000000001,0.04000000000000001,0.6233333333333334,0.007666666666666666,0.09399999999999999,0.08400000000000002,0.06933333333333333,0.013333333333333334,0.4419999999999999
80,86,2015-01-21,1,2,2014-2015,Uberlândia,Mogi,0,0.37833333333333324,0.13199999999999998,0.18266666666666667,0.06366666666666666,0.1553333333333333,0.046,0.10933333333333334,0.07033333333333333,0.073,1.0733333333333335,0.044000000000000004,0.12633333333333333,34.012,0.09133333333333334,0.178,50.859333333333325,0.06366666666666666,0.08100000000000002,78.206,0.007000000000000001,0.04833333333333334,0.7726666666666665,0.012000000000000004,0.10700000000000001,0.11866666666666668,0.073,0.012666666666666668,0.40499999999999997,0.4123333333333335,0.11900000000000001,0.21,0.08333333333333333,0.19166666666666668,0.06533333333333333,0.12633333333333333,0.07333333333333332,0.07800000000000001,1.0213333333333334,0.03966666666666667,0.09866666666666668,39.96333333333333,0.105,0.21233333333333337,49.36466666666668,0.08333333333333333,0.10700000000000001,76.63000000000001,0.012333333333333333,0.051000000000000004,0.6866666666666666,0.012000000000000004,0.10800000000000001,0.11066666666666669,0.07800000000000001,0.014333333333333333,0.4723333333333333
101,98,2015-01-21,1,2,2014-2015,Palmeiras,Rio Claro,1,0.38266666666666665,0.11800000000000001,0.19866666666666669,0.066,0.1833333333333333,0.05633333333333334,0.12700000000000003,0.08033333333333334,0.07133333333333333,1.2246666666666666,0.03933333333333334,0.1126666666666667,35.025999999999996,0.09933333333333334,0.19233333333333333,51.883333333333326,0.066,0.08966666666666669,72.07400000000001,0.013666666666666669,0.042333333333333334,0.6319999999999999,0.006666666666666666,0.08833333333333332,0.08200000000000002,0.07133333333333333,0.018333333333333333,0.43400000000000005,0.3816666666666666,0.08699999999999998,0.22666666666666668,0.068,0.15866666666666665,0.040000000000000015,0.11866666666666666,0.08633333333333333,0.07200000000000001,1.333333333333333,0.029000000000000005,0.10300000000000001,27.942000000000007,0.11333333333333334,0.20666666666666667,54.804,0.068,0.08466666666666667,79.50600000000001,0.008,0.05233333333333334,0.7706666666666666,0.006333333333333334,0.08666666666666668,0.08000000000000002,0.07200000000000001,0.015000000000000003,0.4293333333333333
74,62,2015-01-22,2,2,2014-2015,Brasília,Sesi Franca,1,0.39766666666666667,0.11799999999999997,0.208,0.07166666666666667,0.18666666666666665,0.05600000000000001,0.13066666666666668,0.08233333333333334,0.06499999999999999,1.32,0.039333333333333345,0.11066666666666668,35.914,0.104,0.20533333333333337,50.846000000000004,0.07166666666666667,0.09200000000000001,76.89200000000001,0.014666666666666668,0.036333333333333336,0.5766666666666667,0.015000000000000001,0.10733333333333334,0.14,0.06499999999999999,0.013333333333333334,0.46,0.39166666666666666,0.115,0.19733333333333333,0.07933333333333335,0.17566666666666667,0.057,0.11866666666666666,0.06866666666666667,0.06933333333333333,1.108666666666667,0.03833333333333334,0.11566666666666668,33.63399999999999,0.09866666666666667,0.19266666666666665,51.396,0.07933333333333335,0.10833333333333334,72.91333333333334,0.012666666666666668,0.05333333333333334,0.846,0.014666666666666666,0.103,0.14800000000000002,0.06933333333333333,0.015333333333333336,0.43433333333333335
67,109,2015-01-22,2,2,2014-2015,Fortaleza B. C. / CFO,Bauru Basket,0,0.38,0.14,0.1713333333333333,0.06866666666666668,0.16500000000000004,0.04933333333333335,0.11566666666666668,0.06966666666666668,0.062333333333333345,1.2313333333333334,0.04666666666666666,0.14966666666666667,31.212666666666667,0.08566666666666665,0.17233333333333334,49.83733333333334,0.06866666666666668,0.09200000000000001,75.74866666666665,0.003666666666666666,0.05033333333333334,0.9406666666666667,0.010333333333333335,0.09,0.12200000000000003,0.062333333333333345,0.010666666666666668,0.4,0.44433333333333336,0.174,0.196,0.07433333333333332,0.18633333333333335,0.043000000000000003,0.14333333333333334,0.09066666666666666,0.062333333333333345,1.628,0.05800000000000001,0.148,38.798,0.098,0.16066666666666668,60.82866666666666,0.07433333333333332,0.09999999999999999,73.51266666666666,0.007666666666666666,0.04433333333333335,0.7753333333333333,0.009666666666666667,0.08733333333333333,0.12466666666666668,0.062333333333333345,0.010666666666666665,0.5346666666666666
66,76,2015-01-23,2,2,2014-2015,Minas,Mogi,0,0.38699999999999996,0.11200000000000002,0.19200000000000003,0.083,0.18366666666666667,0.053333333333333344,0.13033333333333333,0.07766666666666665,0.07466666666666665,1.096,0.037333333333333336,0.11066666666666668,35.05933333333334,0.09600000000000002,0.19133333333333338,50.11266666666666,0.083,0.11333333333333334,73.466,0.011333333333333334,0.05433333333333333,0.7386666666666666,0.009000000000000001,0.11400000000000002,0.08000000000000002,0.07466666666666665,0.017,0.438,0.4110000000000001,0.12100000000000001,0.20400000000000001,0.08600000000000001,0.186,0.063,0.12299999999999998,0.07200000000000001,0.077,1.02,0.04033333333333334,0.10266666666666667,39.074,0.10200000000000001,0.20400000000000001,50.19266666666668,0.08600000000000001,0.11033333333333335,76.71733333333333,0.012333333333333333,0.051333333333333335,0.7006666666666667,0.012333333333333337,0.10633333333333335,0.11666666666666668,0.077,0.014999999999999998,0.467
79,69,2015-01-23,2,2,2014-2015,Palmeiras,Limeira,1,0.39133333333333337,0.12000000000000001,0.20533333333333334,0.06599999999999999,0.18166666666666664,0.056000000000000015,0.12566666666666665,0.08166666666666668,0.07033333333333334,1.2726666666666668,0.04000000000000001,0.11233333333333338,35.982,0.10266666666666667,0.197,52.186,0.06599999999999999,0.09000000000000001,71.80866666666667,0.014000000000000002,0.04400000000000001,0.6759999999999999,0.006666666666666666,0.08799999999999998,0.08200000000000002,0.07033333333333334,0.018000000000000002,0.4443333333333333,0.4163333333333333,0.146,0.21000000000000002,0.060333333333333336,0.15666666666666668,0.04300000000000001,0.11366666666666667,0.09366666666666666,0.05800000000000002,1.6633333333333336,0.048666666666666664,0.11999999999999998,41.18533333333334,0.10500000000000001,0.1896666666666667,55.076666666666675,0.060333333333333336,0.07600000000000001,78.81533333333333,0.011000000000000003,0.05000000000000002,0.8746666666666667,0.013000000000000001,0.0996666666666667,0.12866666666666665,0.05800000000000002,0.012000000000000004,0.5000000000000001
90,84,2015-01-23,2,2,2014-2015,Uberlândia,Coop/São José Basketball,1,0.37833333333333324,0.12899999999999998,0.18533333333333338,0.064,0.15266666666666664,0.043666666666666666,0.10900000000000001,0.07066666666666667,0.07533333333333334,1.016,0.04300000000000001,0.12166666666666666,34.63466666666667,0.09266666666666669,0.17766666666666667,51.81333333333332,0.064,0.08033333333333334,79.13466666666666,0.007333333333333334,0.047,0.7013333333333331,0.012333333333333335,0.10866666666666668,0.11933333333333335,0.07533333333333334,0.014333333333333335,0.40566666666666656,0.38199999999999995,0.08900000000000001,0.22533333333333333,0.06766666666666668,0.18100000000000002,0.045333333333333344,0.13566666666666669,0.08566666666666668,0.07033333333333334,1.3353333333333333,0.02966666666666667,0.09533333333333334,30.69333333333334,0.11266666666666666,0.2116666666666667,53.35466666666668,0.06766666666666668,0.09000000000000001,73.04333333333334,0.006333333333333334,0.04033333333333334,0.6213333333333334,0.008333333333333333,0.09199999999999998,0.09333333333333335,0.07033333333333334,0.014000000000000002,0.44000000000000006
67,71,2015-01-23,2,2,2014-2015,Pinheiros,Rio Claro,0,0.4093333333333334,0.132,0.20666666666666664,0.07066666666666666,0.16766666666666669,0.04966666666666667,0.11800000000000001,0.07400000000000001,0.06833333333333333,1.1566666666666667,0.04400000000000001,0.12533333333333332,35.25066666666667,0.10333333333333332,0.19600000000000004,52.74933333333333,0.07066666666666666,0.09533333333333333,71.85133333333332,0.010666666666666666,0.05300000000000001,0.8173333333333334,0.012333333333333335,0.09966666666666667,0.12933333333333336,0.06833333333333333,0.012,0.44933333333333325,0.39033333333333325,0.093,0.22866666666666666,0.06866666666666667,0.15700000000000003,0.038666666666666676,0.11833333333333335,0.08733333333333332,0.073,1.324,0.031000000000000003,0.10366666666666667,29.310000000000006,0.11433333333333333,0.20666666666666667,55.37533333333333,0.06866666666666667,0.08399999999999999,80.86866666666668,0.008666666666666666,0.05133333333333334,0.7426666666666667,0.007000000000000001,0.08700000000000001,0.08600000000000002,0.073,0.014666666666666668,0.43966666666666665
89,90,2015-01-24,5,2,2014-2015,Paulistano,Bauru Basket,0,0.399,0.11699999999999999,0.19666666666666668,0.08533333333333332,0.1983333333333333,0.07,0.12833333333333333,0.05700000000000001,0.06266666666666668,0.9919999999999999,0.03900000000000001,0.11766666666666667,33.20933333333333,0.09833333333333334,0.2143333333333333,46.164,0.08533333333333332,0.11033333333333334,78.94533333333332,0.005666666666666666,0.04400000000000001,0.7553333333333332,0.006333333333333333,0.11933333333333333,0.05400000000000001,0.06266666666666668,0.014333333333333339,0.4223333333333334,0.44766666666666666,0.18299999999999997,0.194,0.07066666666666668,0.18533333333333335,0.04200000000000001,0.14333333333333337,0.09266666666666667,0.06100000000000001,1.7019999999999997,0.061000000000000006,0.15099999999999997,39.723333333333336,0.097,0.16033333333333333,60.3,0.07066666666666668,0.09733333333333331,71.87066666666666,0.007999999999999998,0.044666666666666674,0.7993333333333333,0.010000000000000002,0.085,0.12866666666666668,0.06100000000000001,0.010333333333333332,0.5393333333333333
90,63,2015-01-27,3,2,2014-2015,Minas,Fortaleza B. C. / CFO,1,0.38866666666666666,0.11299999999999999,0.19133333333333333,0.08433333333333333,0.18400000000000002,0.055333333333333345,0.12866666666666665,0.07933333333333333,0.07266666666666666,1.1620000000000001,0.03766666666666667,0.111,35.25933333333334,0.09566666666666666,0.19333333333333338,49.30533333333334,0.08433333333333333,0.11533333333333336,73.38266666666667,0.012333333333333333,0.054,0.7519999999999999,0.009666666666666667,0.116,0.08466666666666668,0.07266666666666666,0.017333333333333333,0.44099999999999995,0.3753333333333334,0.13500000000000004,0.17266666666666666,0.06766666666666668,0.16866666666666666,0.051000000000000004,0.11766666666666668,0.06766666666666668,0.06200000000000001,1.2020000000000002,0.045,0.15066666666666667,29.912666666666667,0.08633333333333333,0.173,50.026666666666664,0.06766666666666668,0.09166666666666666,74.77666666666667,0.0033333333333333335,0.04966666666666667,0.9346666666666668,0.010000000000000002,0.088,0.12000000000000004,0.06200000000000001,0.01,0.39299999999999996
68,84,2015-01-27,3,2,2014-2015,Palmeiras,Mogi,0,0.3993333333333334,0.126,0.20666666666666667,0.06666666666666667,0.18233333333333332,0.056000000000000015,0.12633333333333333,0.08133333333333334,0.07066666666666667,1.2626666666666668,0.04200000000000001,0.11433333333333337,37.41066666666666,0.10333333333333333,0.19666666666666666,52.621999999999986,0.06666666666666667,0.08933333333333335,73.15133333333333,0.012333333333333333,0.04533333333333333,0.6919999999999998,0.007,0.09000000000000001,0.08400000000000002,0.07066666666666667,0.018333333333333333,0.45633333333333326,0.4163333333333334,0.12300000000000001,0.206,0.08733333333333332,0.189,0.06466666666666666,0.12433333333333334,0.07600000000000001,0.07533333333333332,1.1,0.041000000000000016,0.10433333333333335,39.407333333333334,0.103,0.20266666666666666,51.076666666666675,0.08733333333333332,0.11166666666666665,76.95666666666668,0.013000000000000001,0.04933333333333335,0.6873333333333334,0.011333333333333336,0.10833333333333335,0.10400000000000002,0.07533333333333332,0.013666666666666666,0.47933333333333333
91,74,2015-01-27,3,2,2014-2015,Uberlândia,Brasília,1,0.39099999999999996,0.13799999999999998,0.18400000000000005,0.06899999999999999,0.14966666666666664,0.042666666666666665,0.107,0.073,0.07266666666666666,1.1026666666666667,0.04600000000000001,0.12400000000000003,37.361999999999995,0.09200000000000003,0.17499999999999996,52.038,0.06899999999999999,0.084,81.45866666666666,0.007666666666666667,0.047666666666666656,0.7506666666666665,0.013333333333333334,0.108,0.12933333333333336,0.07266666666666666,0.013666666666666667,0.4259999999999999,0.39799999999999996,0.11899999999999998,0.20800000000000002,0.071,0.19066666666666665,0.05933333333333334,0.13133333333333336,0.08233333333333333,0.06366666666666666,1.338,0.03966666666666667,0.11433333333333333,35.364,0.10400000000000001,0.206,50.67066666666667,0.071,0.09299999999999999,75.66799999999999,0.014666666666666666,0.035,0.5653333333333334,0.016,0.10766666666666666,0.14800000000000002,0.06366666666666666,0.013000000000000001,0.4596666666666668
72,70,2015-01-27,3,2,2014-2015,Pinheiros,Coop/São José Basketball,1,0.40366666666666673,0.129,0.20266666666666666,0.072,0.17133333333333337,0.05166666666666667,0.11966666666666666,0.07400000000000001,0.06966666666666667,1.1426666666666667,0.043000000000000003,0.129,33.016,0.10133333333333333,0.196,51.696666666666665,0.072,0.09566666666666665,73.68866666666666,0.010333333333333335,0.05200000000000001,0.794,0.014666666666666668,0.1,0.15133333333333335,0.06966666666666667,0.011666666666666665,0.44166666666666654,0.38333333333333325,0.089,0.22533333333333336,0.069,0.17733333333333334,0.044666666666666674,0.13266666666666668,0.08366666666666668,0.06933333333333333,1.3253333333333333,0.029666666666666668,0.09566666666666669,30.57733333333334,0.11266666666666668,0.21,53.71,0.069,0.089,75.318,0.006000000000000001,0.03766666666666667,0.5933333333333334,0.007999999999999998,0.09233333333333334,0.08933333333333335,0.06933333333333333,0.014000000000000002,0.43733333333333335
82,70,2015-01-28,3,2,2014-2015,Rio Claro,L. Sorocabana,1,0.3906666666666666,0.092,0.2286666666666667,0.07,0.16,0.038666666666666676,0.12133333333333332,0.08466666666666667,0.074,1.2773333333333332,0.03066666666666667,0.10200000000000001,29.42133333333334,0.11433333333333336,0.20833333333333331,55.004,0.07,0.08533333333333333,81.16733333333333,0.008666666666666666,0.053666666666666675,0.7606666666666668,0.007666666666666667,0.08700000000000001,0.09266666666666669,0.074,0.016333333333333335,0.442,0.37266666666666665,0.08600000000000001,0.21266666666666667,0.07400000000000001,0.15499999999999997,0.054666666666666655,0.10033333333333334,0.05600000000000002,0.06966666666666667,0.8393333333333334,0.028666666666666677,0.09833333333333333,29.08466666666666,0.10633333333333334,0.21633333333333332,48.957333333333324,0.07400000000000001,0.10266666666666667,72.22666666666667,0.007666666666666666,0.06000000000000001,0.914,0.009333333333333334,0.12100000000000001,0.08,0.06966666666666667,0.011333333333333332,0.375
85,69,2015-01-28,3,2,2014-2015,Bauru Basket,Macaé Basquete,1,0.45066666666666666,0.184,0.19466666666666668,0.07200000000000001,0.1866666666666667,0.04233333333333334,0.1443333333333333,0.09266666666666666,0.06200000000000002,1.6893333333333334,0.061333333333333344,0.15166666666666667,39.800000000000004,0.09733333333333334,0.16166666666666665,60.00266666666667,0.07200000000000001,0.09799999999999999,72.46933333333332,0.006666666666666667,0.04366666666666668,0.7819999999999999,0.010666666666666666,0.08633333333333335,0.13266666666666668,0.06200000000000002,0.010333333333333333,0.5416666666666666,0.39533333333333337,0.13099999999999998,0.18666666666666665,0.07766666666666668,0.16366666666666668,0.048,0.11566666666666667,0.06766666666666667,0.05966666666666666,1.3326666666666669,0.04366666666666667,0.10766666666666667,40.67066666666667,0.09333333333333332,0.18966666666666662,49.07266666666667,0.07766666666666668,0.09800000000000002,79.52400000000002,0.005,0.04,0.7619999999999999,0.005666666666666667,0.10433333333333335,0.05666666666666667,0.05966666666666666,0.015333333333333334,0.432
81,88,2015-01-29,4,2,2014-2015,Pinheiros,Mogi,0,0.4043333333333334,0.131,0.198,0.07533333333333332,0.17200000000000004,0.052666666666666674,0.11933333333333332,0.07200000000000001,0.06899999999999999,1.118,0.043666666666666666,0.13066666666666665,33.28466666666666,0.099,0.193,51.29866666666666,0.07533333333333332,0.099,75.02199999999999,0.009000000000000003,0.05200000000000002,0.8086666666666668,0.013000000000000001,0.10300000000000001,0.126,0.06899999999999999,0.011000000000000003,0.43966666666666665,0.4166666666666667,0.12100000000000001,0.21,0.08566666666666665,0.18866666666666668,0.06566666666666668,0.123,0.07766666666666669,0.07433333333333333,1.1333333333333333,0.04033333333333334,0.10366666666666667,39.076,0.105,0.20533333333333334,51.42733333333334,0.08566666666666665,0.10933333333333332,77.11533333333334,0.012666666666666666,0.05,0.7046666666666668,0.011666666666666667,0.10666666666666669,0.10933333333333334,0.07433333333333333,0.014666666666666665,0.483
79,87,2015-01-29,4,2,2014-2015,Minas,Brasília,0,0.397,0.12000000000000002,0.19600000000000004,0.08099999999999999,0.18733333333333332,0.054000000000000006,0.13333333333333333,0.08399999999999999,0.07066666666666667,1.28,0.040000000000000015,0.11033333333333334,37.056,0.09800000000000002,0.1956666666666667,49.87800000000001,0.08099999999999999,0.11133333333333333,72.93133333333334,0.013666666666666666,0.052666666666666674,0.7553333333333333,0.011000000000000001,0.11600000000000002,0.09600000000000002,0.07066666666666667,0.01633333333333333,0.463,0.39933333333333326,0.11999999999999998,0.20133333333333336,0.078,0.18866666666666668,0.057,0.13166666666666668,0.08,0.06199999999999999,1.3286666666666667,0.04000000000000001,0.11766666666666667,34.74733333333333,0.10066666666666668,0.19899999999999998,50.496,0.078,0.10133333333333333,75.704,0.013333333333333336,0.03533333333333334,0.5806666666666668,0.014666666666666666,0.10799999999999997,0.13266666666666665,0.06199999999999999,0.012333333333333337,0.4566666666666667
78,71,2015-01-29,4,2,2014-2015,Uberlândia,Fortaleza B. C. / CFO,1,0.39433333333333337,0.13799999999999996,0.18800000000000003,0.06833333333333333,0.15433333333333332,0.04333333333333334,0.111,0.07400000000000001,0.072,1.1326666666666667,0.04600000000000001,0.12433333333333337,37.232,0.09400000000000001,0.17966666666666667,51.765999999999984,0.06833333333333333,0.08266666666666668,81.79199999999999,0.007666666666666666,0.047333333333333345,0.7546666666666666,0.013333333333333334,0.111,0.12666666666666668,0.072,0.014333333333333335,0.43299999999999994,0.3726666666666667,0.13499999999999998,0.17266666666666666,0.065,0.16733333333333336,0.051333333333333335,0.11600000000000002,0.06900000000000002,0.06166666666666668,1.2273333333333334,0.045,0.15400000000000003,29.041333333333334,0.08633333333333333,0.17266666666666666,50.141333333333336,0.065,0.089,74.17866666666667,0.0026666666666666666,0.04966666666666667,0.9380000000000001,0.010333333333333333,0.08766666666666664,0.12466666666666668,0.06166666666666668,0.01,0.388
99,86,2015-01-29,4,2,2014-2015,Palmeiras,Coop/São José Basketball,1,0.40066666666666667,0.13,0.2033333333333333,0.06733333333333334,0.18266666666666664,0.056333333333333346,0.12633333333333333,0.08166666666666665,0.07133333333333333,1.2593333333333334,0.04333333333333334,0.11733333333333336,37.91666666666666,0.10166666666666666,0.19466666666666665,52.24466666666665,0.06733333333333334,0.08966666666666669,73.65133333333333,0.012333333333333333,0.045666666666666654,0.692,0.007666666666666666,0.08700000000000001,0.09333333333333334,0.07133333333333333,0.018666666666666668,0.4576666666666666,0.3769999999999999,0.087,0.22133333333333335,0.06866666666666667,0.17433333333333334,0.04266666666666667,0.13166666666666668,0.08133333333333333,0.06966666666666667,1.2966666666666666,0.02900000000000001,0.09333333333333332,31.014666666666674,0.11066666666666668,0.2086666666666667,53.104000000000006,0.06866666666666667,0.08933333333333332,74.65533333333335,0.006333333333333334,0.03766666666666667,0.5926666666666667,0.007999999999999998,0.09566666666666666,0.08400000000000002,0.06966666666666667,0.013333333333333334,0.4256666666666667
92,84,2015-01-30,4,2,2014-2015,Bauru Basket,Flamengo,1,0.4466666666666666,0.18299999999999997,0.19533333333333333,0.06833333333333334,0.18800000000000006,0.04200000000000001,0.146,0.09066666666666666,0.06166666666666668,1.6646666666666665,0.06100000000000002,0.15166666666666667,39.56133333333334,0.09766666666666667,0.16299999999999995,59.708,0.06833333333333334,0.09066666666666667,73.81533333333333,0.006333333333333333,0.04233333333333335,0.7653333333333333,0.010666666666666666,0.08533333333333333,0.13333333333333333,0.06166666666666668,0.010333333333333333,0.5383333333333334,0.44333333333333336,0.142,0.21933333333333332,0.08200000000000002,0.17866666666666667,0.04833333333333335,0.1303333333333333,0.08966666666666664,0.06066666666666668,1.7773333333333337,0.047333333333333345,0.12066666666666666,38.82333333333334,0.10966666666666666,0.19433333333333336,56.55533333333334,0.08200000000000002,0.109,76.488,0.011000000000000001,0.04533333333333335,0.8666666666666667,0.011666666666666669,0.09600000000000002,0.12666666666666665,0.06066666666666668,0.011000000000000003,0.523
85,73,2015-01-30,4,2,2014-2015,Limeira,L. Sorocabana,1,0.4139999999999999,0.146,0.21000000000000002,0.05800000000000001,0.15666666666666668,0.04366666666666667,0.11300000000000002,0.09200000000000001,0.05966666666666667,1.6126666666666667,0.04866666666666667,0.12000000000000002,41.18533333333334,0.10500000000000001,0.19100000000000003,54.705333333333336,0.05800000000000001,0.07433333333333333,77.75266666666668,0.011000000000000003,0.05000000000000002,0.8586666666666666,0.013333333333333334,0.09966666666666667,0.13266666666666665,0.05966666666666667,0.012000000000000004,0.4926666666666667,0.37099999999999994,0.09100000000000001,0.21,0.07,0.15366666666666665,0.05600000000000001,0.09766666666666667,0.05700000000000003,0.06933333333333333,0.8586666666666667,0.03033333333333334,0.10066666666666667,30.212666666666667,0.105,0.21466666666666667,48.74866666666666,0.07,0.09966666666666667,69.27933333333334,0.007333333333333332,0.05933333333333335,0.9073333333333333,0.008666666666666666,0.12300000000000004,0.07333333333333333,0.06933333333333333,0.011000000000000003,0.37066666666666664
74,66,2015-01-30,4,2,2014-2015,Sesi Franca,Macaé Basquete,1,0.38533333333333336,0.10500000000000001,0.19866666666666669,0.08166666666666669,0.17766666666666667,0.05633333333333334,0.12133333333333332,0.06699999999999999,0.06866666666666667,1.0919999999999999,0.03500000000000001,0.11233333333333334,31.164666666666665,0.09933333333333334,0.19299999999999998,51.636,0.08166666666666669,0.111,73.34200000000001,0.012333333333333335,0.05233333333333335,0.84,0.015333333333333332,0.10433333333333333,0.15200000000000002,0.06866666666666667,0.016333333333333335,0.4286666666666667,0.39233333333333337,0.126,0.18599999999999997,0.08033333333333334,0.1663333333333333,0.04900000000000001,0.11733333333333333,0.06766666666666667,0.06133333333333333,1.2773333333333334,0.04200000000000001,0.10666666666666669,39.43866666666667,0.09299999999999999,0.19099999999999998,48.57599999999999,0.08033333333333334,0.10266666666666667,78.26333333333334,0.005666666666666666,0.04166666666666667,0.7673333333333333,0.005666666666666667,0.10300000000000001,0.05666666666666667,0.06133333333333333,0.015333333333333332,0.4273333333333333
77,59,2015-02-03,5,2,2014-2015,Flamengo,Minas,1,0.439,0.13899999999999998,0.2166666666666667,0.08333333333333336,0.17933333333333332,0.05100000000000001,0.12833333333333333,0.08866666666666666,0.05799999999999999,1.7973333333333337,0.04633333333333335,0.12266666666666666,37.208,0.10833333333333335,0.1956666666666667,55.35400000000001,0.08333333333333336,0.10866666666666668,77.56066666666668,0.010333333333333333,0.04633333333333335,0.8913333333333334,0.010666666666666668,0.09666666666666665,0.11399999999999998,0.05799999999999999,0.010333333333333335,0.5170000000000001,0.39733333333333337,0.12399999999999999,0.19266666666666665,0.08066666666666666,0.182,0.052000000000000005,0.13,0.08433333333333333,0.06866666666666667,1.3293333333333337,0.04133333333333334,0.11200000000000002,37.81933333333333,0.09633333333333333,0.19366666666666668,49.52733333333334,0.08066666666666666,0.11066666666666668,73.04266666666668,0.014666666666666665,0.056333333333333346,0.8426666666666666,0.010333333333333333,0.11733333333333335,0.09000000000000001,0.06866666666666667,0.014999999999999996,0.46366666666666667
79,72,2015-02-03,5,2,2014-2015,Macaé Basquete,Uberlândia,1,0.3876666666666667,0.11899999999999998,0.18466666666666667,0.084,0.16866666666666666,0.04966666666666667,0.11900000000000001,0.06399999999999999,0.06133333333333333,1.2286666666666666,0.03966666666666667,0.10566666666666667,37.428000000000004,0.09233333333333334,0.19233333333333333,47.812666666666665,0.084,0.10633333333333334,79.31066666666668,0.005666666666666666,0.04200000000000001,0.7713333333333332,0.006666666666666667,0.10366666666666667,0.06533333333333333,0.06133333333333333,0.015666666666666666,0.4193333333333333,0.3866666666666667,0.12699999999999997,0.18866666666666668,0.071,0.1596666666666667,0.043333333333333335,0.11633333333333334,0.07300000000000001,0.07433333333333335,1.0926666666666667,0.04233333333333334,0.11933333333333336,36.004000000000005,0.09433333333333334,0.17966666666666667,51.96199999999999,0.071,0.08666666666666668,81.23666666666668,0.008333333333333333,0.04866666666666667,0.7593333333333334,0.014666666666666666,0.10833333333333332,0.14333333333333334,0.07433333333333335,0.013666666666666667,0.4303333333333333
88,67,2015-02-03,5,2,2014-2015,L. Sorocabana,Sesi Franca,1,0.36766666666666664,0.094,0.20466666666666666,0.069,0.15633333333333332,0.05633333333333334,0.10000000000000002,0.05700000000000002,0.07000000000000002,0.8466666666666666,0.03133333333333333,0.10400000000000001,30.081999999999994,0.10233333333333333,0.21166666666666664,48.117333333333335,0.069,0.098,69.61533333333335,0.006333333333333334,0.05966666666666669,0.9026666666666666,0.009000000000000001,0.12100000000000004,0.07666666666666667,0.07000000000000002,0.012000000000000002,0.36866666666666664,0.38366666666666666,0.104,0.2013333333333333,0.07833333333333334,0.1796666666666667,0.05666666666666667,0.123,0.06766666666666667,0.06866666666666667,1.0993333333333333,0.034666666666666665,0.114,30.497999999999998,0.10066666666666665,0.19366666666666668,52.120000000000005,0.07833333333333334,0.10666666666666667,72.98933333333335,0.013333333333333334,0.052000000000000025,0.836,0.016666666666666666,0.10233333333333335,0.16400000000000003,0.06866666666666667,0.017333333333333333,0.43033333333333335
76,75,2015-02-04,5,2,2014-2015,Coop/São José Basketball,Rio Claro,1,0.3869999999999999,0.08900000000000001,0.228,0.06999999999999999,0.17366666666666664,0.04400000000000001,0.12966666666666668,0.082,0.07000000000000002,1.2986666666666664,0.02966666666666667,0.093,31.804000000000006,0.114,0.21333333333333332,53.53933333333334,0.06999999999999999,0.09,76.054,0.006333333333333333,0.03833333333333333,0.5986666666666667,0.009,0.09566666666666669,0.09733333333333333,0.07000000000000002,0.014666666666666668,0.43733333333333335,0.3953333333333333,0.101,0.22000000000000003,0.07433333333333335,0.15900000000000006,0.03800000000000001,0.121,0.08533333333333333,0.07266666666666666,1.3033333333333332,0.033666666666666664,0.10433333333333332,31.150666666666673,0.11000000000000001,0.20299999999999999,54.077999999999996,0.07433333333333335,0.088,83.36066666666667,0.008333333333333333,0.05333333333333334,0.7686666666666667,0.008666666666666666,0.08633333333333335,0.10400000000000002,0.07266666666666666,0.015666666666666672,0.4516666666666667
98,82,2015-02-04,5,2,2014-2015,Mogi,Limeira,1,0.422,0.117,0.21533333333333332,0.08966666666666666,0.18833333333333335,0.065,0.12333333333333334,0.07833333333333335,0.07233333333333335,1.1573333333333333,0.03900000000000001,0.10266666666666667,38.11333333333333,0.10766666666666666,0.20600000000000002,52.72333333333334,0.08966666666666666,0.11466666666666667,76.50533333333333,0.013000000000000001,0.05033333333333334,0.7166666666666668,0.012000000000000002,0.11000000000000003,0.11000000000000001,0.07233333333333335,0.013666666666666666,0.49166666666666675,0.4149999999999999,0.147,0.20733333333333334,0.06066666666666667,0.15733333333333335,0.04266666666666667,0.11466666666666667,0.09200000000000001,0.060666666666666674,1.5626666666666666,0.04900000000000001,0.11966666666666666,41.53666666666666,0.10366666666666667,0.18833333333333335,54.752,0.06066666666666667,0.077,78.21666666666667,0.011666666666666669,0.048333333333333346,0.7986666666666667,0.014,0.10033333333333336,0.13866666666666666,0.060666666666666674,0.011666666666666669,0.4943333333333334
85,91,2015-02-04,5,2,2014-2015,Fortaleza B. C. / CFO,Pinheiros,0,0.3693333333333333,0.13100000000000003,0.17266666666666666,0.06566666666666666,0.16533333333333336,0.051,0.11433333333333334,0.06833333333333334,0.05866666666666667,1.2473333333333332,0.043666666666666666,0.15366666666666667,28.262,0.08633333333333333,0.17266666666666666,50.141333333333336,0.06566666666666666,0.09033333333333333,73.90066666666665,0.0023333333333333335,0.051666666666666666,0.9893333333333333,0.01,0.088,0.12066666666666667,0.05866666666666667,0.009666666666666667,0.38500000000000006,0.4063333333333334,0.13499999999999998,0.19599999999999998,0.07533333333333334,0.17000000000000004,0.052333333333333336,0.11766666666666667,0.07366666666666669,0.06699999999999999,1.184666666666667,0.04500000000000001,0.13266666666666665,33.83533333333333,0.09799999999999999,0.18966666666666668,51.66999999999999,0.07533333333333334,0.1,74.46466666666667,0.008666666666666668,0.05033333333333334,0.8160000000000001,0.013000000000000001,0.10466666666666667,0.12399999999999999,0.06699999999999999,0.011000000000000003,0.44233333333333325
89,62,2015-02-04,5,2,2014-2015,Brasília,Palmeiras,1,0.40099999999999997,0.11800000000000002,0.2026666666666667,0.08033333333333334,0.18866666666666668,0.056000000000000015,0.13266666666666668,0.08,0.06299999999999999,1.318,0.03933333333333334,0.11833333333333333,33.958666666666666,0.10133333333333334,0.19533333333333333,52.22866666666667,0.08033333333333334,0.10366666666666667,76.02133333333335,0.013666666666666669,0.03566666666666667,0.58,0.014999999999999998,0.11066666666666665,0.13333333333333333,0.06299999999999999,0.013333333333333338,0.461,0.405,0.13499999999999998,0.20466666666666664,0.06533333333333334,0.17933333333333337,0.05400000000000002,0.12533333333333332,0.081,0.07266666666666666,1.1940000000000002,0.045000000000000005,0.11733333333333335,39.19866666666667,0.10233333333333332,0.19133333333333333,53.26399999999999,0.06533333333333334,0.08833333333333333,72.116,0.012333333333333332,0.043666666666666666,0.634,0.007333333333333333,0.08633333333333333,0.09066666666666666,0.07266666666666666,0.017666666666666667,0.4593333333333333
85,87,2015-02-05,6,2,2014-2015,Macaé Basquete,Minas,0,0.39299999999999996,0.12099999999999998,0.18733333333333332,0.08466666666666668,0.16833333333333333,0.05133333333333335,0.117,0.06499999999999999,0.05800000000000001,1.268,0.04033333333333334,0.10633333333333335,37.81466666666667,0.09366666666666666,0.19399999999999998,48.162,0.08466666666666668,0.10666666666666667,79.67933333333333,0.006,0.040000000000000015,0.7659999999999999,0.006000000000000001,0.10133333333333333,0.06133333333333333,0.05800000000000001,0.015666666666666666,0.426,0.3926666666666667,0.11999999999999998,0.1993333333333333,0.07333333333333333,0.18000000000000002,0.051333333333333335,0.12866666666666668,0.08166666666666665,0.06433333333333334,1.3553333333333333,0.04000000000000001,0.11133333333333333,36.54,0.09966666666666665,0.19866666666666666,49.998000000000005,0.07333333333333333,0.10300000000000001,70.26266666666668,0.013999999999999997,0.05433333333333335,0.8706666666666666,0.009333333333333332,0.11400000000000002,0.084,0.06433333333333334,0.014999999999999998,0.45366666666666666
88,79,2015-02-05,6,2,2014-2015,Paulistano,Sesi Franca,1,0.39733333333333337,0.11599999999999998,0.19666666666666668,0.08466666666666667,0.1956666666666666,0.06766666666666668,0.128,0.056,0.05900000000000002,1.0373333333333332,0.03866666666666667,0.11833333333333336,32.824666666666666,0.09833333333333334,0.21433333333333332,46.164,0.08466666666666667,0.10866666666666668,79.46199999999999,0.005333333333333333,0.04466666666666666,0.8566666666666666,0.006333333333333333,0.11866666666666668,0.05400000000000001,0.05900000000000002,0.012333333333333337,0.4213333333333334,0.3796666666666667,0.09699999999999999,0.20666666666666664,0.076,0.17766666666666667,0.056666666666666664,0.121,0.06733333333333331,0.07,1.076,0.03233333333333334,0.114,27.58133333333333,0.10333333333333332,0.1966666666666667,52.79866666666667,0.076,0.10500000000000001,72.18933333333334,0.013666666666666667,0.05266666666666668,0.8393333333333334,0.01633333333333333,0.10333333333333335,0.16000000000000003,0.07,0.017,0.4196666666666667
91,58,2015-02-05,6,2,2014-2015,Flamengo,Uberlândia,1,0.4373333333333333,0.13899999999999998,0.21800000000000005,0.08033333333333334,0.18,0.05,0.12999999999999998,0.088,0.05600000000000001,1.8120000000000003,0.046333333333333344,0.12033333333333332,38.00866666666666,0.10900000000000003,0.19733333333333336,55.13733333333334,0.08033333333333334,0.103,78.38933333333334,0.010333333333333333,0.04300000000000001,0.8613333333333333,0.010666666666666668,0.09466666666666666,0.11533333333333332,0.05600000000000001,0.008333333333333333,0.5180000000000001,0.3806666666666667,0.11900000000000001,0.19066666666666665,0.071,0.1606666666666667,0.043000000000000003,0.11766666666666664,0.07233333333333333,0.07600000000000001,1.0599999999999998,0.03966666666666667,0.11766666666666668,34.306,0.09533333333333333,0.17866666666666667,53.04533333333333,0.071,0.08733333333333332,80.80199999999998,0.008333333333333333,0.047000000000000014,0.7213333333333334,0.015333333333333332,0.10833333333333332,0.14933333333333332,0.07600000000000001,0.015333333333333334,0.4223333333333333
73,77,2015-02-06,6,2,2014-2015,Coop/São José Basketball,Limeira,0,0.3903333333333333,0.093,0.22600000000000003,0.07133333333333332,0.179,0.04700000000000001,0.132,0.08499999999999999,0.07066666666666667,1.3266666666666667,0.031000000000000007,0.09566666666666665,32.49400000000001,0.11300000000000002,0.21333333333333335,53.03933333333334,0.07133333333333332,0.09133333333333332,76.62533333333333,0.006666666666666667,0.039333333333333345,0.6073333333333333,0.010666666666666666,0.09633333333333334,0.11200000000000002,0.07066666666666667,0.014000000000000002,0.4486666666666667,0.415,0.144,0.20666666666666667,0.06433333333333333,0.15766666666666668,0.04333333333333335,0.11433333333333334,0.09200000000000001,0.06166666666666667,1.5433333333333332,0.048000000000000015,0.11666666666666667,41.346000000000004,0.10333333333333333,0.18633333333333332,55.234,0.06433333333333333,0.08066666666666666,78.92666666666666,0.011333333333333336,0.047000000000000014,0.7653333333333335,0.015333333333333332,0.09833333333333334,0.15266666666666667,0.06166666666666667,0.012666666666666668,0.49733333333333346
93,80,2015-02-06,6,2,2014-2015,Mogi,Rio Claro,1,0.42733333333333334,0.119,0.22066666666666665,0.08766666666666666,0.18866666666666668,0.06666666666666668,0.12199999999999998,0.07766666666666668,0.07033333333333333,1.1733333333333331,0.03966666666666666,0.105,37.30533333333333,0.11033333333333332,0.21,52.982666666666674,0.08766666666666666,0.11366666666666665,75.02400000000002,0.012666666666666666,0.05133333333333334,0.7426666666666667,0.012333333333333335,0.11400000000000003,0.11200000000000002,0.07033333333333333,0.012000000000000002,0.4960000000000001,0.3906666666666666,0.101,0.2166666666666667,0.07300000000000001,0.15733333333333335,0.037000000000000005,0.12033333333333335,0.08533333333333333,0.06966666666666664,1.3413333333333333,0.033666666666666664,0.105,30.928666666666672,0.10833333333333335,0.20299999999999999,53.32000000000001,0.07300000000000001,0.08633333333333333,83.42733333333334,0.009000000000000001,0.05566666666666666,0.8326666666666667,0.008333333333333333,0.08366666666666668,0.10133333333333334,0.06966666666666664,0.014000000000000004,0.4483333333333333
106,105,2015-02-06,6,2,2014-2015,Brasília,Pinheiros,1,0.40166666666666667,0.121,0.2026666666666667,0.07800000000000001,0.189,0.05300000000000001,0.136,0.08166666666666668,0.06333333333333332,1.336666666666667,0.04033333333333334,0.11866666666666666,34.74933333333333,0.10133333333333334,0.1943333333333333,52.574000000000005,0.07800000000000001,0.10033333333333333,76.61666666666666,0.014333333333333335,0.03633333333333334,0.586,0.015333333333333334,0.10766666666666665,0.14266666666666666,0.06333333333333332,0.013000000000000005,0.46700000000000014,0.4043333333333334,0.13699999999999998,0.1913333333333333,0.07600000000000001,0.17000000000000004,0.05233333333333334,0.11766666666666667,0.074,0.06566666666666668,1.2293333333333336,0.045666666666666675,0.13166666666666668,34.587333333333326,0.09566666666666665,0.18833333333333335,50.85533333333333,0.07600000000000001,0.10133333333333333,73.94599999999998,0.007999999999999998,0.04633333333333334,0.77,0.013000000000000001,0.10566666666666667,0.12266666666666666,0.06566666666666668,0.012333333333333335,0.4379999999999999
83,65,2015-02-06,6,2,2014-2015,Fortaleza B. C. / CFO,Palmeiras,1,0.3686666666666667,0.128,0.17600000000000002,0.06466666666666666,0.16566666666666666,0.05,0.11566666666666668,0.06766666666666668,0.05833333333333334,1.2420000000000002,0.04266666666666667,0.15033333333333332,28.489333333333335,0.08800000000000001,0.17566666666666667,50.248666666666665,0.06466666666666666,0.08833333333333335,74.516,0.0023333333333333335,0.04966666666666667,0.9573333333333333,0.009333333333333334,0.08833333333333333,0.1146666666666667,0.05833333333333334,0.010666666666666666,0.38366666666666666,0.39433333333333326,0.134,0.19799999999999998,0.06233333333333335,0.175,0.05200000000000002,0.123,0.07800000000000001,0.07366666666666667,1.1446666666666667,0.04466666666666668,0.11900000000000004,38.482,0.09899999999999999,0.187,52.82066666666666,0.06233333333333335,0.08499999999999999,71.316,0.011666666666666665,0.04366666666666667,0.626,0.008,0.08533333333333333,0.09866666666666667,0.07366666666666667,0.01833333333333333,0.44033333333333324
72,80,2015-02-08,3,2,2014-2015,Sesi Franca,Flamengo,0,0.37866666666666665,0.09699999999999999,0.20600000000000002,0.07566666666666667,0.17066666666666666,0.05166666666666666,0.11899999999999998,0.06666666666666667,0.06733333333333333,1.0919999999999999,0.03233333333333333,0.11333333333333334,27.884666666666664,0.10300000000000001,0.195,53.042666666666676,0.07566666666666667,0.105,71.81866666666669,0.012333333333333333,0.05066666666666668,0.8320000000000001,0.01566666666666667,0.10566666666666667,0.15,0.06733333333333333,0.016000000000000004,0.4126666666666667,0.4423333333333333,0.14400000000000002,0.22000000000000008,0.07833333333333334,0.18599999999999997,0.052333333333333336,0.13366666666666666,0.08733333333333332,0.05733333333333333,1.7346666666666666,0.048000000000000015,0.12233333333333331,38.797999999999995,0.11000000000000004,0.19866666666666669,55.329333333333345,0.07833333333333334,0.10133333333333333,77.85600000000001,0.010333333333333333,0.04333333333333334,0.8360000000000001,0.009666666666666667,0.08966666666666666,0.11066666666666668,0.05733333333333333,0.008666666666666666,0.5253333333333333
68,89,2015-02-10,7,2,2014-2015,Pinheiros,Flamengo,0,0.40766666666666673,0.13900000000000004,0.19666666666666666,0.07200000000000001,0.17433333333333334,0.05466666666666667,0.11966666666666666,0.074,0.066,1.218,0.04633333333333334,0.13266666666666668,34.755333333333326,0.09833333333333333,0.19233333333333338,51.126,0.07200000000000001,0.09866666666666668,71.69933333333334,0.007666666666666665,0.04266666666666667,0.6933333333333332,0.013333333333333334,0.10566666666666666,0.12599999999999997,0.066,0.012666666666666668,0.43899999999999995,0.4363333333333334,0.15200000000000002,0.20800000000000007,0.07633333333333334,0.18399999999999997,0.052000000000000005,0.13199999999999998,0.08833333333333333,0.058333333333333334,1.73,0.050666666666666665,0.126,39.591333333333324,0.10400000000000004,0.191,54.135999999999996,0.07633333333333334,0.09833333333333334,78.05600000000001,0.010000000000000002,0.044000000000000004,0.8346666666666667,0.009,0.08966666666666666,0.10333333333333335,0.058333333333333334,0.008666666666666666,0.5189999999999999
83,67,2015-02-10,7,2,2014-2015,Palmeiras,Macaé Basquete,1,0.392,0.13099999999999998,0.2,0.06100000000000002,0.175,0.05333333333333334,0.12166666666666667,0.07566666666666669,0.07499999999999998,1.0893333333333335,0.04366666666666668,0.11666666666666668,38.01199999999999,0.1,0.19066666666666665,52.36599999999999,0.06100000000000002,0.08533333333333332,69.91933333333333,0.010000000000000002,0.04366666666666668,0.6113333333333333,0.008,0.08600000000000001,0.09799999999999999,0.07499999999999998,0.019000000000000003,0.43133333333333324,0.39566666666666667,0.11899999999999998,0.19066666666666668,0.08600000000000001,0.168,0.05066666666666667,0.11733333333333332,0.06366666666666666,0.060333333333333336,1.2233333333333332,0.03966666666666667,0.10533333333333335,37.53600000000001,0.09533333333333334,0.1943333333333333,49.05333333333333,0.08600000000000001,0.109,79.136,0.006,0.04033333333333334,0.7526666666666667,0.005666666666666667,0.102,0.05866666666666666,0.060333333333333336,0.017,0.4253333333333333
67,78,2015-02-10,7,2,2014-2015,Coop/São José Basketball,Brasília,0,0.39099999999999996,0.095,0.23133333333333336,0.06466666666666668,0.17766666666666667,0.047,0.13066666666666665,0.09000000000000001,0.071,1.3893333333333333,0.03166666666666667,0.09766666666666665,32.494,0.11566666666666668,0.21566666666666665,53.76733333333333,0.06466666666666668,0.085,74.61933333333333,0.006666666666666667,0.03900000000000001,0.6006666666666667,0.010666666666666666,0.09566666666666666,0.11266666666666668,0.071,0.014333333333333333,0.451,0.4106666666666667,0.12700000000000003,0.20533333333333334,0.07833333333333334,0.18466666666666667,0.05000000000000001,0.13466666666666666,0.08466666666666667,0.06266666666666666,1.4266666666666667,0.042333333333333334,0.12166666666666666,35.599333333333334,0.10266666666666667,0.192,53.613333333333344,0.07833333333333334,0.102,75.81666666666666,0.014666666666666668,0.03733333333333334,0.6193333333333334,0.014666666666666666,0.10566666666666664,0.138,0.06266666666666666,0.01266666666666667,0.4770000000000001
80,84,2015-02-10,7,2,2014-2015,Mogi,Fortaleza B. C. / CFO,0,0.43,0.11999999999999998,0.21866666666666662,0.09133333333333332,0.19,0.06866666666666668,0.12133333333333333,0.079,0.07033333333333333,1.1939999999999997,0.04000000000000001,0.10466666666666667,37.727999999999994,0.10933333333333331,0.211,52.06066666666666,0.09133333333333332,0.11800000000000001,76.60666666666667,0.012333333333333337,0.05066666666666668,0.7319999999999999,0.011666666666666667,0.11566666666666667,0.10200000000000001,0.07033333333333333,0.012666666666666666,0.49800000000000005,0.37300000000000005,0.13300000000000003,0.17200000000000001,0.068,0.16866666666666666,0.04966666666666667,0.119,0.06733333333333334,0.05866666666666667,1.2306666666666668,0.04433333333333334,0.15233333333333332,29.278666666666666,0.08600000000000001,0.172,50.226666666666674,0.068,0.09,76.77066666666666,0.0023333333333333335,0.04833333333333334,0.9333333333333333,0.009333333333333334,0.09033333333333333,0.11133333333333335,0.05866666666666667,0.010666666666666668,0.392
86,92,2015-02-11,7,2,2014-2015,Sesi Franca,Limeira,0,0.3773333333333334,0.09799999999999999,0.20733333333333334,0.072,0.17033333333333334,0.05466666666666667,0.11566666666666665,0.06733333333333333,0.06899999999999999,1.0846666666666667,0.03266666666666666,0.11233333333333334,28.326666666666664,0.10366666666666667,0.19633333333333336,53.001333333333335,0.072,0.10066666666666667,71.41333333333334,0.013333333333333332,0.05266666666666668,0.8493333333333335,0.015333333333333332,0.10300000000000002,0.15133333333333335,0.06899999999999999,0.017333333333333336,0.4130000000000001,0.40733333333333327,0.13499999999999998,0.2086666666666667,0.06366666666666666,0.15533333333333338,0.04166666666666668,0.11366666666666665,0.09000000000000001,0.06100000000000001,1.5313333333333332,0.045000000000000005,0.11166666666666665,40.821999999999996,0.10433333333333335,0.18966666666666665,54.75933333333334,0.06366666666666666,0.07999999999999999,78.66533333333334,0.010666666666666668,0.047333333333333345,0.7846666666666666,0.015999999999999997,0.09633333333333335,0.16666666666666666,0.06100000000000001,0.01333333333333333,0.48666666666666675
77,82,2015-02-11,7,2,2014-2015,Uberlândia,Paulistano,0,0.38033333333333336,0.113,0.19733333333333333,0.07,0.15966666666666665,0.04200000000000001,0.11766666666666664,0.07,0.07566666666666669,1.0286666666666666,0.03766666666666666,0.115,33.402666666666654,0.09866666666666667,0.18266666666666667,54.152,0.07,0.08766666666666664,78.83666666666667,0.008666666666666666,0.04700000000000001,0.7246666666666666,0.014333333333333335,0.10833333333333334,0.13999999999999999,0.07566666666666669,0.015000000000000001,0.4166666666666667,0.4020000000000001,0.115,0.20400000000000004,0.083,0.19799999999999995,0.06800000000000002,0.12999999999999998,0.05833333333333334,0.060666666666666674,1.0393333333333332,0.03833333333333334,0.12100000000000001,31.642000000000003,0.10200000000000002,0.21466666666666664,47.59,0.083,0.10666666666666667,79.31066666666666,0.004,0.045666666666666654,0.8446666666666666,0.007000000000000001,0.11766666666666667,0.060666666666666674,0.060666666666666674,0.01266666666666667,0.4313333333333334
89,80,2015-02-11,7,2,2014-2015,Minas,L. Sorocabana,1,0.39366666666666666,0.12599999999999997,0.194,0.07366666666666667,0.17666666666666667,0.05100000000000001,0.12566666666666668,0.08299999999999999,0.06300000000000001,1.3833333333333333,0.04200000000000001,0.11733333333333335,36.255333333333326,0.097,0.19499999999999998,49.624,0.07366666666666667,0.10300000000000002,70.51866666666668,0.013000000000000001,0.05233333333333335,0.8593333333333333,0.009333333333333332,0.115,0.084,0.06300000000000001,0.013999999999999997,0.4493333333333334,0.3786666666666667,0.10099999999999999,0.20733333333333331,0.07033333333333334,0.159,0.05666666666666668,0.10233333333333336,0.057333333333333354,0.06866666666666667,0.866,0.03366666666666667,0.10366666666666666,32.34733333333333,0.10366666666666666,0.21066666666666667,49.09466666666666,0.07033333333333334,0.09933333333333333,70.10000000000001,0.006,0.056666666666666685,0.878,0.008333333333333333,0.12266666666666669,0.06933333333333333,0.06866666666666667,0.013000000000000001,0.38533333333333336
99,69,2015-02-12,8,2,2014-2015,Pinheiros,Macaé Basquete,1,0.4000000000000001,0.131,0.19866666666666666,0.07033333333333333,0.1716666666666667,0.053000000000000005,0.11866666666666668,0.072,0.06833333333333334,1.1179999999999999,0.043666666666666666,0.12866666666666668,33.83866666666666,0.09933333333333333,0.19300000000000003,51.510666666666665,0.07033333333333333,0.09666666666666668,71.27266666666668,0.007999999999999998,0.04433333333333334,0.6886666666666665,0.014333333333333335,0.10866666666666666,0.13266666666666665,0.06833333333333334,0.013666666666666667,0.429,0.3863333333333333,0.11299999999999999,0.18733333333333332,0.08600000000000002,0.1673333333333333,0.04933333333333334,0.11799999999999998,0.061333333333333344,0.06233333333333333,1.1493333333333335,0.03766666666666667,0.10633333333333335,35.23133333333333,0.09366666666666666,0.19199999999999998,48.65133333333334,0.08600000000000002,0.10866666666666666,79.38066666666667,0.006000000000000001,0.04133333333333334,0.7500000000000001,0.006666666666666667,0.10033333333333334,0.072,0.06233333333333333,0.016666666666666663,0.4109999999999999
85,89,2015-02-12,8,2,2014-2015,Palmeiras,Flamengo,0,0.39399999999999996,0.13399999999999998,0.19866666666666666,0.06133333333333336,0.17600000000000002,0.05466666666666667,0.12133333333333335,0.07666666666666666,0.07499999999999998,1.108,0.04466666666666667,0.12233333333333336,36.568,0.09933333333333333,0.18800000000000003,52.664,0.06133333333333336,0.08399999999999999,71.518,0.009000000000000001,0.046666666666666676,0.666,0.008666666666666666,0.08499999999999999,0.10666666666666665,0.07499999999999998,0.019333333333333334,0.43799999999999994,0.439,0.14900000000000002,0.2113333333333334,0.07866666666666665,0.18266666666666664,0.05133333333333333,0.13133333333333333,0.08766666666666666,0.061000000000000006,1.5633333333333335,0.04966666666666667,0.12233333333333332,39.93333333333333,0.1056666666666667,0.18966666666666665,55.205333333333336,0.07866666666666665,0.10166666666666667,77.72266666666668,0.010666666666666665,0.04433333333333334,0.74,0.008666666666666666,0.09066666666666667,0.09933333333333334,0.061000000000000006,0.008666666666666666,0.5216666666666666
108,99,2015-02-12,8,2,2014-2015,Mogi,Brasília,1,0.4253333333333334,0.11599999999999998,0.21866666666666665,0.09066666666666666,0.1926666666666667,0.07100000000000001,0.12166666666666666,0.07866666666666666,0.06633333333333334,1.2453333333333334,0.03866666666666667,0.10466666666666666,36.702666666666666,0.10933333333333332,0.214,51.38733333333334,0.09066666666666666,0.11866666666666666,75.40933333333332,0.011000000000000003,0.04900000000000001,0.7493333333333333,0.011333333333333336,0.11400000000000002,0.10066666666666668,0.06633333333333334,0.012333333333333333,0.492,0.4116666666666667,0.126,0.2113333333333334,0.07433333333333333,0.18566666666666665,0.04833333333333334,0.13733333333333334,0.08766666666666666,0.06433333333333333,1.4413333333333334,0.042,0.11766666666666666,36.441333333333326,0.1056666666666667,0.1953333333333333,54.14200000000001,0.07433333333333333,0.09699999999999999,75.18733333333334,0.015000000000000003,0.03733333333333334,0.6020000000000001,0.014333333333333333,0.10299999999999998,0.138,0.06433333333333333,0.012333333333333337,0.4843333333333334
70,78,2015-02-12,8,2,2014-2015,Coop/São José Basketball,Fortaleza B. C. / CFO,0,0.3873333333333333,0.09400000000000001,0.23066666666666671,0.06266666666666668,0.1753333333333333,0.045666666666666675,0.12966666666666668,0.09333333333333334,0.07133333333333332,1.442666666666667,0.03133333333333334,0.09466666666666668,32.827333333333335,0.11533333333333336,0.217,53.32200000000001,0.06266666666666668,0.08233333333333334,74.70599999999999,0.007666666666666667,0.04133333333333334,0.6386666666666667,0.010333333333333335,0.09366666666666666,0.10933333333333332,0.07133333333333332,0.014000000000000002,0.4516666666666667,0.37833333333333335,0.136,0.17200000000000001,0.07033333333333333,0.16533333333333333,0.048000000000000015,0.11733333333333335,0.06800000000000002,0.057,1.2633333333333332,0.045333333333333344,0.15033333333333335,30.329333333333338,0.08600000000000001,0.1703333333333333,50.67933333333334,0.07033333333333333,0.09433333333333334,74.66533333333335,0.002333333333333333,0.04633333333333334,0.924,0.010333333333333333,0.09233333333333334,0.1166666666666667,0.057,0.011333333333333336,0.39799999999999996
90,89,2015-02-13,8,2,2014-2015,Bauru Basket,Limeira,1,0.45366666666666666,0.18499999999999997,0.2,0.06866666666666668,0.19300000000000003,0.044666666666666674,0.14833333333333332,0.09133333333333335,0.062333333333333345,1.6606666666666667,0.061666666666666675,0.15233333333333335,39.91666666666667,0.1,0.16833333333333333,59.123333333333335,0.06866666666666668,0.09166666666666666,73.37666666666668,0.006,0.043666666666666666,0.7786666666666666,0.010333333333333333,0.08766666666666666,0.12866666666666668,0.062333333333333345,0.010000000000000002,0.5476666666666667,0.41233333333333333,0.13499999999999998,0.21066666666666667,0.06666666666666667,0.15333333333333335,0.04066666666666667,0.11266666666666666,0.09066666666666667,0.06333333333333334,1.498,0.045000000000000005,0.11166666666666668,40.821999999999996,0.10533333333333333,0.1883333333333333,55.748666666666665,0.06666666666666667,0.08399999999999999,78.388,0.011333333333333336,0.04900000000000001,0.7853333333333334,0.016666666666666666,0.10133333333333333,0.16866666666666666,0.06333333333333334,0.013999999999999995,0.49166666666666675
72,61,2015-02-13,8,2,2014-2015,Sesi Franca,Rio Claro,1,0.3813333333333333,0.102,0.20533333333333337,0.07400000000000001,0.168,0.052333333333333336,0.11566666666666664,0.06933333333333333,0.07066666666666666,1.0966666666666667,0.034,0.11100000000000002,29.91333333333333,0.10266666666666668,0.1936666666666667,53.364000000000004,0.07400000000000001,0.10400000000000002,70.78133333333335,0.014333333333333332,0.052666666666666674,0.8373333333333334,0.01633333333333333,0.10600000000000001,0.1573333333333333,0.07066666666666666,0.01766666666666667,0.4190000000000001,0.391,0.10300000000000002,0.21400000000000002,0.07400000000000001,0.15166666666666667,0.035,0.11666666666666665,0.085,0.07033333333333333,1.3146666666666667,0.034333333333333334,0.106,31.367333333333338,0.10700000000000001,0.19766666666666666,54.17133333333334,0.07400000000000001,0.08866666666666667,82.498,0.007666666666666667,0.05433333333333333,0.7979999999999999,0.008,0.08700000000000001,0.09600000000000002,0.07033333333333333,0.013000000000000003,0.4426666666666667
72,69,2015-02-13,8,2,2014-2015,Minas,Paulistano,1,0.39566666666666667,0.123,0.19866666666666666,0.07400000000000002,0.1763333333333333,0.05266666666666668,0.12366666666666667,0.08366666666666665,0.066,1.3279999999999998,0.04100000000000001,0.11533333333333333,36.178666666666665,0.09933333333333333,0.19599999999999998,50.641333333333336,0.07400000000000002,0.10300000000000001,70.82200000000002,0.012333333333333335,0.04933333333333335,0.7739999999999999,0.009333333333333332,0.116,0.08333333333333333,0.066,0.015333333333333334,0.4483333333333333,0.4023333333333333,0.117,0.20333333333333334,0.08200000000000002,0.19866666666666663,0.06833333333333334,0.13033333333333333,0.06000000000000001,0.06133333333333335,1.0573333333333332,0.03900000000000001,0.12133333333333332,32.056000000000004,0.10166666666666667,0.21500000000000002,47.354000000000006,0.08200000000000002,0.10500000000000002,79.52399999999999,0.004333333333333333,0.045666666666666654,0.828,0.006666666666666667,0.11533333333333332,0.05866666666666667,0.06133333333333335,0.012333333333333337,0.43333333333333346
66,72,2015-02-13,8,2,2014-2015,Uberlândia,L. Sorocabana,0,0.37866666666666665,0.111,0.1953333333333333,0.07233333333333333,0.15600000000000003,0.04066666666666667,0.11533333333333332,0.06933333333333333,0.07333333333333333,1.0506666666666666,0.037,0.11433333333333336,33.016,0.09766666666666665,0.18133333333333335,53.983333333333334,0.07233333333333333,0.09166666666666665,78.01133333333333,0.008333333333333333,0.04633333333333334,0.732,0.013666666666666667,0.10933333333333331,0.13466666666666666,0.07333333333333333,0.013666666666666667,0.4103333333333333,0.3786666666666667,0.102,0.20733333333333331,0.06933333333333334,0.15633333333333335,0.05533333333333334,0.101,0.05666666666666668,0.06800000000000002,0.8646666666666666,0.033999999999999996,0.10366666666666666,32.717333333333336,0.10366666666666666,0.21066666666666667,49.09466666666667,0.06933333333333334,0.09899999999999999,69.50866666666667,0.006333333333333332,0.05766666666666668,0.8979999999999998,0.008666666666666666,0.11966666666666669,0.07400000000000001,0.06800000000000002,0.014666666666666666,0.3836666666666666
106,74,2015-02-15,7,2,2014-2015,Bauru Basket,Rio Claro,1,0.4563333333333333,0.193,0.19333333333333336,0.07,0.19033333333333335,0.045333333333333344,0.145,0.09233333333333335,0.06033333333333335,1.7,0.06433333333333334,0.15466666666666665,41.198,0.09666666666666668,0.16566666666666666,58.11733333333334,0.07,0.09166666666666666,75.28133333333334,0.005666666666666667,0.041666666666666664,0.7673333333333334,0.01,0.08833333333333335,0.12466666666666669,0.06033333333333335,0.009333333333333334,0.5493333333333333,0.38566666666666666,0.097,0.2146666666666667,0.074,0.154,0.036333333333333336,0.11766666666666667,0.08300000000000002,0.07166666666666664,1.2526666666666668,0.03233333333333334,0.10366666666666666,30.318,0.10733333333333335,0.198,54.272000000000006,0.074,0.09200000000000001,79.82200000000003,0.007333333333333332,0.054000000000000006,0.7759999999999999,0.008333333333333333,0.08966666666666669,0.09733333333333334,0.07166666666666664,0.013666666666666667,0.43333333333333335
87,90,2015-02-20,4,2,2014-2015,Rio Claro,Paulistano,0,0.38766666666666666,0.09400000000000001,0.21800000000000003,0.07566666666666665,0.15433333333333332,0.03666666666666667,0.11766666666666667,0.08200000000000002,0.07133333333333332,1.2439999999999998,0.03133333333333334,0.10233333333333335,29.812,0.10900000000000001,0.2006666666666667,54.37666666666667,0.07566666666666665,0.09333333333333334,80.42800000000001,0.007666666666666666,0.05333333333333334,0.7693333333333333,0.007666666666666666,0.09233333333333334,0.08866666666666666,0.07133333333333332,0.012333333333333335,0.43333333333333335,0.3993333333333334,0.11099999999999999,0.202,0.08633333333333335,0.19566666666666663,0.06633333333333334,0.12933333333333333,0.059000000000000004,0.06333333333333335,1.018,0.037000000000000005,0.11800000000000001,30.998,0.101,0.21366666666666664,47.346000000000004,0.08633333333333335,0.1126666666666667,77.96866666666666,0.005,0.04766666666666667,0.8340000000000001,0.007333333333333333,0.12033333333333332,0.06066666666666667,0.06333333333333335,0.013,0.42566666666666675
103,78,2015-02-23,11,2,2014-2015,Flamengo,Macaé Basquete,1,0.436,0.143,0.21466666666666667,0.07833333333333334,0.188,0.052333333333333336,0.13566666666666666,0.08666666666666667,0.062000000000000006,1.5433333333333334,0.04766666666666667,0.11733333333333332,40.190000000000005,0.10733333333333334,0.19266666666666665,55.19733333333333,0.07833333333333334,0.10133333333333333,77.698,0.010333333333333333,0.04133333333333333,0.7046666666666666,0.008666666666666666,0.08966666666666666,0.10000000000000003,0.062000000000000006,0.008333333333333335,0.5206666666666667,0.383,0.11000000000000001,0.18666666666666668,0.08633333333333333,0.16666666666666666,0.05033333333333334,0.11633333333333334,0.05900000000000002,0.06366666666666668,1.048,0.03666666666666667,0.103,35.254,0.09333333333333334,0.19466666666666665,47.95933333333334,0.08633333333333333,0.10733333333333334,80.69333333333334,0.006333333333333333,0.04033333333333334,0.6973333333333335,0.007,0.10166666666666666,0.074,0.06366666666666668,0.01733333333333333,0.4036666666666667
85,79,2015-02-24,9,2,2014-2015,Pinheiros,L. Sorocabana,1,0.4043333333333334,0.14,0.19333333333333333,0.071,0.171,0.05166666666666667,0.11933333333333333,0.073,0.06866666666666668,1.1260000000000001,0.046666666666666655,0.13033333333333336,35.942,0.09666666666666666,0.19,51.02066666666666,0.071,0.09599999999999999,72.73666666666668,0.006666666666666666,0.04400000000000001,0.6786666666666668,0.015333333333333334,0.10933333333333332,0.1406666666666667,0.06866666666666668,0.013333333333333332,0.43699999999999994,0.38100000000000006,0.09499999999999999,0.216,0.07000000000000002,0.16333333333333336,0.058333333333333334,0.105,0.05666666666666668,0.06600000000000002,0.8773333333333332,0.03166666666666666,0.101,31.18933333333333,0.108,0.21733333333333335,49.973333333333336,0.07000000000000002,0.1,69.51933333333334,0.006,0.05800000000000002,0.9146666666666665,0.009000000000000003,0.11733333333333335,0.07800000000000001,0.06600000000000002,0.015666666666666666,0.3933333333333333
92,73,2015-02-24,9,2,2014-2015,Paulistano,Palmeiras,1,0.4086666666666667,0.11600000000000002,0.20266666666666666,0.09000000000000001,0.19300000000000003,0.06633333333333334,0.12666666666666665,0.060333333333333336,0.06266666666666668,1.0406666666666666,0.03866666666666667,0.11833333333333336,32.33866666666667,0.10133333333333333,0.21099999999999997,48.346000000000004,0.09000000000000001,0.11766666666666671,77.542,0.005333333333333333,0.04833333333333334,0.8473333333333334,0.007000000000000001,0.11866666666666666,0.05866666666666667,0.06266666666666668,0.013000000000000003,0.4376666666666668,0.39433333333333326,0.12899999999999998,0.204,0.06133333333333335,0.1736666666666667,0.05266666666666667,0.12100000000000002,0.07833333333333332,0.07366666666666664,1.1753333333333336,0.04300000000000001,0.12100000000000002,35.71266666666667,0.102,0.18933333333333335,53.60333333333334,0.06133333333333335,0.08533333333333333,69.804,0.010333333333333333,0.04933333333333334,0.7386666666666667,0.008666666666666665,0.087,0.10533333333333332,0.07366666666666664,0.018666666666666668,0.44133333333333336
70,62,2015-02-24,9,2,2014-2015,Sesi Franca,Uberlândia,1,0.38033333333333336,0.103,0.202,0.07533333333333332,0.165,0.050666666666666665,0.11433333333333333,0.06866666666666667,0.075,1.0453333333333332,0.034333333333333334,0.11066666666666668,30.36933333333333,0.101,0.18766666666666673,53.919999999999995,0.07533333333333332,0.1056666666666667,70.98066666666668,0.014333333333333333,0.05333333333333335,0.8166666666666667,0.016999999999999998,0.10833333333333334,0.16066666666666665,0.075,0.020333333333333335,0.41600000000000004,0.37833333333333335,0.10300000000000001,0.19933333333333333,0.07600000000000001,0.15533333333333335,0.037333333333333336,0.11799999999999998,0.07133333333333333,0.075,1.0506666666666666,0.034333333333333334,0.10833333333333334,31.88866666666666,0.09966666666666667,0.18500000000000003,54.098,0.07600000000000001,0.09533333333333331,79.13933333333333,0.008,0.045666666666666675,0.6966666666666668,0.013666666666666667,0.11133333333333333,0.13200000000000003,0.075,0.014333333333333335,0.4106666666666667
92,83,2015-02-25,9,2,2014-2015,Rio Claro,Fortaleza B. C. / CFO,1,0.3949999999999999,0.10200000000000001,0.21866666666666668,0.07433333333333332,0.15233333333333332,0.03666666666666667,0.11566666666666665,0.08233333333333333,0.07033333333333333,1.2646666666666666,0.034,0.10333333333333333,31.442,0.10933333333333334,0.1996666666666667,54.882,0.07433333333333332,0.09166666666666666,80.47600000000001,0.007,0.05200000000000001,0.7633333333333332,0.006666666666666665,0.096,0.07333333333333333,0.07033333333333333,0.012000000000000004,0.441,0.38199999999999995,0.134,0.17733333333333332,0.07066666666666666,0.1673333333333333,0.05,0.11733333333333335,0.069,0.05533333333333334,1.312,0.044666666666666674,0.1476666666666667,30.563333333333336,0.08866666666666666,0.1743333333333333,50.96933333333334,0.07066666666666666,0.094,75.85066666666667,0.003333333333333333,0.04733333333333334,0.9593333333333333,0.012666666666666666,0.09099999999999998,0.15000000000000002,0.05533333333333334,0.011000000000000003,0.4109999999999999
86,69,2015-02-25,9,2,2014-2015,Limeira,Brasília,1,0.418,0.13799999999999998,0.21066666666666667,0.06933333333333333,0.15133333333333335,0.04000000000000001,0.11133333333333333,0.09400000000000001,0.062000000000000006,1.6146666666666667,0.04600000000000002,0.11066666666666668,41.85066666666666,0.10533333333333333,0.18799999999999997,55.85466666666667,0.06933333333333333,0.08766666666666668,77.782,0.012000000000000004,0.05133333333333334,0.8553333333333332,0.01633333333333333,0.09933333333333333,0.16533333333333333,0.062000000000000006,0.013999999999999995,0.5033333333333334,0.41700000000000004,0.13000000000000003,0.21000000000000005,0.07699999999999999,0.182,0.04433333333333334,0.13766666666666666,0.08800000000000002,0.066,1.402,0.04333333333333333,0.12166666666666666,35.97933333333333,0.10500000000000002,0.189,55.92,0.07699999999999999,0.10033333333333334,75.22266666666668,0.013999999999999997,0.03733333333333334,0.5866666666666667,0.014333333333333337,0.10899999999999999,0.13466666666666666,0.066,0.012333333333333337,0.487
84,68,2015-02-26,10,2,2014-2015,Paulistano,Pinheiros,1,0.4166666666666667,0.11899999999999998,0.20533333333333334,0.09233333333333334,0.19266666666666668,0.064,0.12866666666666668,0.060666666666666674,0.062000000000000006,1.0506666666666666,0.03966666666666667,0.11833333333333336,33.291333333333334,0.10266666666666667,0.20933333333333334,49.40933333333332,0.09233333333333334,0.12166666666666669,77.01,0.005666666666666667,0.04733333333333334,0.8413333333333334,0.007333333333333334,0.12033333333333332,0.061333333333333344,0.062000000000000006,0.012333333333333333,0.448,0.40066666666666667,0.13799999999999998,0.19466666666666665,0.068,0.1756666666666667,0.05433333333333334,0.12133333333333335,0.07266666666666666,0.06833333333333336,1.1253333333333333,0.04599999999999999,0.13066666666666668,35.39,0.09733333333333333,0.19366666666666668,50.38999999999999,0.068,0.09333333333333334,71.83266666666667,0.007,0.04333333333333334,0.6739999999999998,0.015333333333333338,0.10833333333333334,0.14200000000000002,0.06833333333333336,0.014,0.43299999999999994
102,81,2015-02-26,10,2,2014-2015,L. Sorocabana,Palmeiras,1,0.3840000000000001,0.09799999999999999,0.21733333333333332,0.06866666666666667,0.167,0.06133333333333334,0.10566666666666667,0.058666666666666686,0.06666666666666668,0.9006666666666666,0.03266666666666666,0.10300000000000001,31.567999999999998,0.10866666666666666,0.21833333333333332,50.068,0.06866666666666667,0.09800000000000002,69.55733333333335,0.006,0.06000000000000001,0.9366666666666666,0.009000000000000001,0.11633333333333334,0.07866666666666668,0.06666666666666668,0.016,0.4026666666666667,0.39433333333333326,0.12799999999999997,0.2053333333333333,0.06100000000000002,0.1736666666666667,0.053666666666666675,0.12000000000000004,0.077,0.071,1.1900000000000002,0.04266666666666667,0.12000000000000002,35.71266666666667,0.10266666666666666,0.19300000000000003,53.047333333333334,0.06100000000000002,0.088,68.36999999999999,0.010666666666666668,0.048999999999999995,0.7526666666666666,0.008,0.09133333333333334,0.09266666666666669,0.071,0.017333333333333333,0.43633333333333335
66,69,2015-02-26,10,2,2014-2015,Sesi Franca,Minas,0,0.38033333333333336,0.09899999999999999,0.20333333333333334,0.078,0.1633333333333333,0.049666666666666665,0.11366666666666667,0.06833333333333334,0.07433333333333332,1.0466666666666666,0.03300000000000001,0.10800000000000001,30.18133333333333,0.10166666666666667,0.18900000000000003,53.95333333333333,0.078,0.11000000000000003,70.90466666666667,0.013333333333333332,0.05366666666666668,0.8246666666666668,0.016333333333333328,0.10800000000000003,0.15399999999999997,0.07433333333333332,0.019000000000000003,0.4133333333333334,0.394,0.123,0.1973333333333333,0.07366666666666669,0.17466666666666664,0.05133333333333335,0.12333333333333334,0.08566666666666664,0.06766666666666668,1.338,0.04100000000000001,0.11666666666666667,35.88133333333333,0.09866666666666665,0.1933333333333333,50.912666666666674,0.07366666666666669,0.10200000000000001,71.02399999999999,0.012666666666666668,0.05033333333333334,0.7759999999999999,0.009333333333333334,0.119,0.082,0.06766666666666668,0.015000000000000001,0.4476666666666667
87,64,2015-02-26,10,2,2014-2015,Bauru Basket,Uberlândia,1,0.46366666666666667,0.19199999999999998,0.19933333333333333,0.07233333333333333,0.19133333333333338,0.04666666666666667,0.14466666666666667,0.09433333333333335,0.05766666666666668,1.8493333333333335,0.06400000000000002,0.1553333333333333,40.82333333333334,0.09966666666666667,0.16699999999999998,59.34333333333335,0.07233333333333333,0.09466666666666668,75.23533333333333,0.006333333333333333,0.04333333333333334,0.8673333333333334,0.009000000000000001,0.09000000000000001,0.10800000000000003,0.05766666666666668,0.008,0.5630000000000001,0.37366666666666665,0.101,0.19533333333333333,0.07733333333333334,0.15600000000000003,0.038000000000000006,0.11800000000000001,0.06999999999999999,0.07633333333333335,1.02,0.03366666666666667,0.10466666666666667,32.27133333333333,0.09766666666666667,0.18533333333333335,52.916666666666664,0.07733333333333334,0.096,80.09200000000001,0.007333333333333333,0.04733333333333333,0.706,0.014333333333333333,0.11166666666666666,0.13733333333333334,0.07633333333333335,0.016333333333333335,0.4076666666666667
89,98,2015-02-27,10,2,2014-2015,Rio Claro,Brasília,0,0.4056666666666667,0.105,0.22000000000000003,0.08066666666666665,0.153,0.039,0.114,0.08333333333333333,0.06733333333333333,1.3179999999999998,0.035,0.103,32.88666666666667,0.11000000000000001,0.20133333333333334,54.78933333333334,0.08066666666666665,0.09766666666666667,82.58666666666667,0.007333333333333333,0.05000000000000002,0.7733333333333333,0.0073333333333333315,0.09833333333333333,0.08066666666666668,0.06733333333333333,0.012333333333333335,0.45566666666666666,0.4156666666666667,0.13100000000000003,0.2026666666666667,0.08199999999999999,0.17633333333333334,0.04066666666666667,0.13566666666666669,0.09033333333333333,0.064,1.53,0.04366666666666666,0.11900000000000001,36.73466666666666,0.10133333333333334,0.185,55.132666666666665,0.08199999999999999,0.10499999999999998,77.83400000000002,0.011666666666666669,0.03900000000000001,0.6606666666666666,0.013666666666666667,0.10899999999999999,0.12866666666666668,0.064,0.011666666666666669,0.48899999999999993
89,84,2015-02-27,10,2,2014-2015,Limeira,Fortaleza B. C. / CFO,1,0.41766666666666663,0.14,0.206,0.07166666666666668,0.15433333333333332,0.03866666666666667,0.11566666666666665,0.09233333333333335,0.06199999999999999,1.5873333333333335,0.04666666666666667,0.11266666666666669,41.80733333333333,0.103,0.1853333333333333,55.49000000000001,0.07166666666666668,0.08966666666666669,78.708,0.012000000000000004,0.05033333333333334,0.8386666666666664,0.014333333333333332,0.1,0.14533333333333331,0.06199999999999999,0.013333333333333332,0.5006666666666667,0.384,0.13100000000000003,0.18266666666666664,0.07033333333333333,0.16733333333333336,0.05333333333333334,0.11400000000000002,0.066,0.05600000000000001,1.2593333333333336,0.04366666666666667,0.14666666666666667,30.132,0.09133333333333332,0.17933333333333332,50.802666666666674,0.07033333333333333,0.09433333333333332,75.32466666666667,0.003333333333333333,0.04766666666666667,0.9606666666666667,0.014000000000000002,0.09333333333333334,0.15933333333333335,0.05600000000000001,0.010000000000000002,0.40799999999999986
89,71,2015-02-28,9,2,2014-2015,Bauru Basket,Minas,1,0.4633333333333333,0.194,0.19866666666666669,0.07066666666666666,0.19066666666666668,0.04566666666666667,0.145,0.09766666666666667,0.05733333333333334,1.9113333333333329,0.06466666666666668,0.157,40.84,0.09933333333333334,0.16566666666666666,59.600000000000016,0.07066666666666666,0.09266666666666667,75.13999999999997,0.007666666666666666,0.044333333333333336,0.8886666666666668,0.010333333333333335,0.089,0.12933333333333336,0.05733333333333334,0.007,0.5683333333333334,0.39066666666666666,0.12299999999999998,0.192,0.07566666666666667,0.17099999999999999,0.04900000000000001,0.12200000000000003,0.08399999999999999,0.06833333333333334,1.2999999999999998,0.04100000000000001,0.11600000000000002,36.05200000000001,0.096,0.18733333333333332,51.045999999999985,0.07566666666666667,0.10366666666666667,72.24866666666667,0.01266666666666667,0.05033333333333335,0.7679999999999997,0.009333333333333334,0.11799999999999998,0.082,0.06833333333333334,0.015000000000000001,0.4426666666666667
71,110,2015-03-02,6,2,2014-2015,L. Sorocabana,Bauru Basket,0,0.38866666666666677,0.103,0.218,0.06766666666666667,0.1703333333333333,0.06133333333333334,0.109,0.059333333333333356,0.06633333333333334,0.9146666666666667,0.034333333333333334,0.10266666666666667,33.3,0.109,0.21866666666666668,50.141333333333336,0.06766666666666667,0.09666666666666668,69.70866666666667,0.006333333333333332,0.05933333333333334,0.9319999999999999,0.009333333333333334,0.11766666666666667,0.08066666666666668,0.06633333333333334,0.017,0.41366666666666674,0.4543333333333333,0.193,0.18800000000000003,0.07333333333333332,0.1886666666666667,0.04433333333333334,0.14433333333333334,0.09566666666666666,0.05966666666666668,1.7686666666666668,0.06433333333333334,0.15499999999999997,41.446000000000005,0.09400000000000001,0.16266666666666665,57.798666666666676,0.07333333333333332,0.09433333333333334,76.68733333333331,0.007333333333333334,0.043666666666666666,0.8026666666666666,0.010666666666666668,0.08633333333333333,0.13533333333333336,0.05966666666666668,0.007,0.553
67,74,2015-03-13,11,2,2014-2015,Palmeiras,Pinheiros,0,0.39366666666666666,0.12699999999999997,0.20733333333333334,0.059333333333333335,0.16800000000000004,0.051000000000000004,0.11700000000000002,0.07666666666666667,0.06933333333333333,1.2040000000000002,0.04233333333333334,0.11966666666666666,35.55133333333333,0.10366666666666667,0.194,53.33333333333333,0.059333333333333335,0.08466666666666667,68.93333333333334,0.010666666666666668,0.04933333333333334,0.77,0.008333333333333333,0.09233333333333334,0.09533333333333334,0.06933333333333333,0.017,0.4336666666666666,0.39366666666666666,0.13499999999999998,0.19466666666666663,0.064,0.17366666666666666,0.052,0.12166666666666665,0.07266666666666667,0.06733333333333334,1.144,0.04499999999999999,0.13100000000000003,34.62666666666667,0.09733333333333331,0.19233333333333336,50.74066666666666,0.064,0.08766666666666666,72.63066666666667,0.007333333333333332,0.04366666666666667,0.6913333333333332,0.014666666666666668,0.10433333333333335,0.14333333333333337,0.06733333333333334,0.013666666666666666,0.42633333333333323
95,90,2015-03-13,11,2,2014-2015,Limeira,Rio Claro,1,0.41899999999999993,0.138,0.206,0.075,0.15200000000000005,0.03933333333333333,0.11266666666666666,0.09433333333333334,0.059666666666666666,1.704,0.046000000000000006,0.11100000000000002,41.84866666666667,0.103,0.18599999999999997,55.256666666666675,0.075,0.09366666666666669,78.85466666666666,0.01266666666666667,0.04933333333333334,0.8606666666666667,0.014333333333333335,0.10066666666666667,0.144,0.059666666666666666,0.012333333333333335,0.5026666666666667,0.407,0.11,0.21666666666666667,0.08033333333333333,0.14966666666666667,0.041,0.10866666666666668,0.08466666666666667,0.06666666666666667,1.3966666666666667,0.036666666666666674,0.10499999999999998,33.88333333333333,0.10833333333333334,0.199,54.589999999999996,0.08033333333333333,0.09733333333333333,82.56533333333333,0.007333333333333333,0.05100000000000001,0.8233333333333334,0.006999999999999998,0.09966666666666665,0.07533333333333334,0.06666666666666667,0.012666666666666666,0.45666666666666667
56,75,2015-03-13,11,2,2014-2015,Uberlândia,Minas,0,0.367,0.092,0.19466666666666668,0.08033333333333335,0.157,0.038,0.11900000000000001,0.06766666666666668,0.07733333333333334,0.9653333333333333,0.030666666666666672,0.10133333333333334,30.283999999999995,0.09733333333333334,0.18666666666666668,52.412000000000006,0.08033333333333335,0.09866666666666667,81.18133333333331,0.006333333333333333,0.04933333333333335,0.7259999999999999,0.013333333333333334,0.11033333333333334,0.13000000000000003,0.07733333333333334,0.015333333333333336,0.39866666666666667,0.3866666666666667,0.121,0.19333333333333333,0.07233333333333333,0.17233333333333334,0.049000000000000016,0.12333333333333334,0.08466666666666665,0.06733333333333333,1.3266666666666667,0.04033333333333334,0.11966666666666666,34.328,0.09666666666666666,0.187,51.51133333333333,0.07233333333333333,0.099,72.29733333333334,0.012333333333333337,0.05033333333333334,0.7799999999999999,0.009333333333333334,0.11633333333333333,0.08333333333333333,0.06733333333333333,0.014000000000000002,0.43966666666666665
78,76,2015-03-13,11,2,2014-2015,L. Sorocabana,Paulistano,1,0.3863333333333333,0.10000000000000002,0.21533333333333332,0.07100000000000001,0.169,0.061000000000000006,0.108,0.05566666666666668,0.06666666666666668,0.8553333333333334,0.03333333333333333,0.099,33.45333333333333,0.10766666666666666,0.21933333333333332,49.29066666666667,0.07100000000000001,0.10033333333333334,70.216,0.006,0.05600000000000001,0.8793333333333332,0.009000000000000001,0.11699999999999999,0.07800000000000001,0.06666666666666668,0.017,0.4026666666666667,0.4136666666666666,0.119,0.2046666666666667,0.09000000000000001,0.19333333333333336,0.06233333333333334,0.131,0.06466666666666668,0.061000000000000006,1.1326666666666665,0.03966666666666667,0.11766666666666667,33.49733333333333,0.10233333333333335,0.209,49.344,0.09000000000000001,0.11833333333333337,77.35066666666667,0.005000000000000001,0.047333333333333345,0.8533333333333335,0.007000000000000001,0.11599999999999998,0.05933333333333334,0.061000000000000006,0.012000000000000002,0.452
96,84,2015-03-13,11,2,2014-2015,Fortaleza B. C. / CFO,Brasília,1,0.38766666666666666,0.13399999999999998,0.17933333333333332,0.07433333333333332,0.1706666666666667,0.05599999999999999,0.11466666666666667,0.06766666666666668,0.05800000000000001,1.2373333333333334,0.044666666666666674,0.14500000000000002,31.312000000000005,0.08966666666666666,0.17600000000000002,50.92066666666667,0.07433333333333332,0.10233333333333333,73.978,0.003333333333333333,0.048333333333333346,0.9493333333333333,0.014333333333333335,0.09566666666666669,0.16133333333333333,0.05800000000000001,0.011000000000000003,0.41600000000000004,0.4236666666666667,0.136,0.20400000000000004,0.08366666666666668,0.17633333333333334,0.038333333333333344,0.138,0.09333333333333334,0.06499999999999999,1.5593333333333335,0.04533333333333333,0.11933333333333335,38.149333333333324,0.10200000000000002,0.18133333333333337,56.952,0.08366666666666668,0.10633333333333335,78.41733333333333,0.011333333333333336,0.036000000000000004,0.6106666666666667,0.013666666666666667,0.10733333333333334,0.12933333333333336,0.06499999999999999,0.011000000000000003,0.502
79,89,2015-03-13,11,2,2014-2015,Coop/São José Basketball,Mogi,0,0.3853333333333333,0.09500000000000001,0.2286666666666667,0.061666666666666675,0.17566666666666667,0.04833333333333333,0.12733333333333335,0.09500000000000001,0.06866666666666667,1.5066666666666668,0.03166666666666667,0.09566666666666666,32.77466666666666,0.11433333333333336,0.219,52.50400000000001,0.061666666666666675,0.081,74.70599999999999,0.007666666666666668,0.04066666666666667,0.652,0.013333333333333334,0.09366666666666666,0.14933333333333332,0.06866666666666667,0.012666666666666668,0.45333333333333337,0.43433333333333335,0.12199999999999997,0.21466666666666664,0.09766666666666665,0.18933333333333333,0.06833333333333334,0.121,0.07833333333333332,0.06566666666666668,1.258,0.04066666666666667,0.10633333333333335,38.03600000000001,0.10733333333333332,0.209,51.84466666666667,0.09766666666666665,0.12633333333333333,76.24466666666667,0.009999999999999998,0.049333333333333354,0.7646666666666665,0.011333333333333336,0.11633333333333334,0.09933333333333333,0.06566666666666668,0.012000000000000004,0.501
77,88,2015-03-17,12,2,2014-2015,Coop/São José Basketball,Paulistano,0,0.385,0.09600000000000003,0.22333333333333336,0.06566666666666668,0.17433333333333334,0.04900000000000001,0.12533333333333335,0.09366666666666666,0.06933333333333333,1.4653333333333334,0.03200000000000001,0.096,32.95066666666666,0.11166666666666668,0.21766666666666667,51.55133333333333,0.06566666666666668,0.08366666666666668,77.64066666666666,0.006333333333333333,0.04066666666666668,0.6473333333333335,0.013000000000000001,0.09533333333333333,0.146,0.06933333333333333,0.012666666666666668,0.44933333333333336,0.4093333333333333,0.11800000000000001,0.20000000000000004,0.09133333333333334,0.19300000000000003,0.06366666666666668,0.12933333333333336,0.06266666666666668,0.06133333333333333,1.09,0.03933333333333334,0.11700000000000002,33.376,0.10000000000000002,0.2076666666666667,48.60533333333333,0.09133333333333334,0.12100000000000002,76.66066666666666,0.004333333333333333,0.04600000000000001,0.8253333333333334,0.006333333333333333,0.11466666666666668,0.05400000000000001,0.06133333333333333,0.012,0.441
89,82,2015-03-17,12,2,2014-2015,Mogi,L. Sorocabana,1,0.4350000000000001,0.12199999999999997,0.214,0.09899999999999999,0.19166666666666668,0.06866666666666667,0.12299999999999998,0.07766666666666665,0.061333333333333344,1.3193333333333332,0.04066666666666667,0.10700000000000001,37.824,0.107,0.209,51.68600000000001,0.09899999999999999,0.127,76.77866666666665,0.009333333333333334,0.048000000000000015,0.8093333333333333,0.010000000000000002,0.11566666666666665,0.08933333333333333,0.061333333333333344,0.011000000000000003,0.5046666666666667,0.38400000000000006,0.10200000000000002,0.21200000000000002,0.06999999999999999,0.17300000000000001,0.06333333333333334,0.10966666666666666,0.05533333333333334,0.064,0.8846666666666666,0.03400000000000001,0.10366666666666666,32.73133333333333,0.10600000000000001,0.21733333333333335,48.99333333333334,0.06999999999999999,0.09833333333333334,70.59466666666667,0.005333333333333333,0.05433333333333334,0.8799999999999998,0.007666666666666665,0.11566666666666665,0.06999999999999999,0.064,0.017000000000000005,0.40099999999999997
76,82,2015-03-17,12,2,2014-2015,Fortaleza B. C. / CFO,Macaé Basquete,0,0.397,0.133,0.1893333333333333,0.07466666666666666,0.17233333333333337,0.055,0.11733333333333333,0.06866666666666667,0.059666666666666666,1.214,0.04433333333333334,0.14100000000000001,31.824666666666662,0.09466666666666665,0.17833333333333334,52.92333333333333,0.07466666666666666,0.103,73.50666666666666,0.004666666666666666,0.05000000000000002,0.952,0.014000000000000002,0.09666666666666668,0.1553333333333333,0.059666666666666666,0.012000000000000004,0.43366666666666664,0.38566666666666655,0.11000000000000003,0.19133333333333338,0.08433333333333334,0.16433333333333333,0.04966666666666667,0.11466666666666667,0.06000000000000002,0.06533333333333333,1.0493333333333335,0.036666666666666674,0.10033333333333334,36.086,0.09566666666666669,0.19666666666666666,48.78000000000001,0.08433333333333334,0.10533333333333333,80.272,0.006000000000000001,0.03966666666666667,0.6820000000000002,0.006333333333333333,0.10233333333333333,0.06866666666666667,0.06533333333333333,0.017666666666666664,0.4049999999999999
91,100,2015-03-18,12,2,2014-2015,Rio Claro,Uberlândia,0,0.4056666666666667,0.11,0.21866666666666665,0.077,0.14866666666666667,0.03866666666666667,0.11000000000000001,0.08333333333333333,0.06933333333333333,1.2966666666666666,0.036666666666666674,0.10533333333333332,33.736000000000004,0.10933333333333332,0.19833333333333333,55.087999999999994,0.077,0.09433333333333334,81.58266666666668,0.007,0.05166666666666667,0.7986666666666667,0.007333333333333332,0.10099999999999999,0.07866666666666668,0.06933333333333333,0.013333333333333334,0.4523333333333333,0.35866666666666674,0.09,0.188,0.08066666666666666,0.16066666666666668,0.03866666666666667,0.12200000000000003,0.06566666666666669,0.077,0.9413333333333331,0.030000000000000006,0.10200000000000002,29.375999999999994,0.094,0.18633333333333332,50.95666666666667,0.08066666666666666,0.099,81.24533333333332,0.005666666666666667,0.04900000000000001,0.7246666666666667,0.013000000000000001,0.11066666666666668,0.12666666666666668,0.077,0.015000000000000005,0.38733333333333336
66,62,2015-03-18,12,2,2014-2015,Limeira,Minas,1,0.4223333333333333,0.13799999999999998,0.20800000000000002,0.07633333333333335,0.15,0.036000000000000004,0.114,0.09400000000000001,0.05999999999999999,1.6926666666666665,0.04600000000000001,0.11066666666666668,41.94866666666667,0.10400000000000001,0.18633333333333332,55.666666666666664,0.07633333333333335,0.09500000000000001,79.07666666666665,0.013000000000000003,0.04933333333333333,0.8566666666666664,0.014333333333333333,0.097,0.15066666666666667,0.05999999999999999,0.013000000000000001,0.5043333333333333,0.38766666666666677,0.12199999999999998,0.19466666666666665,0.071,0.177,0.04966666666666668,0.12733333333333335,0.08533333333333332,0.06633333333333333,1.3533333333333333,0.04066666666666667,0.12200000000000003,33.65533333333333,0.09733333333333333,0.18666666666666668,51.966666666666676,0.071,0.09933333333333332,71.036,0.012333333333333335,0.05033333333333335,0.7906666666666665,0.008333333333333335,0.11533333333333333,0.07466666666666669,0.06633333333333333,0.014000000000000002,0.4433333333333333
96,90,2015-03-18,12,2,2014-2015,Palmeiras,Sesi Franca,1,0.39133333333333337,0.12299999999999998,0.20733333333333331,0.061000000000000006,0.167,0.05066666666666668,0.11633333333333336,0.07600000000000001,0.06733333333333333,1.2166666666666666,0.04100000000000001,0.12033333333333335,34.187999999999995,0.10366666666666666,0.195,53.08933333333333,0.061000000000000006,0.087,69.37066666666666,0.011000000000000003,0.051666666666666666,0.8113333333333332,0.007666666666666667,0.09433333333333332,0.08533333333333334,0.06733333333333333,0.016666666666666666,0.4296666666666667,0.3793333333333333,0.10499999999999998,0.20333333333333334,0.071,0.16466666666666666,0.04933333333333334,0.11533333333333334,0.06766666666666668,0.07133333333333332,1.0579999999999998,0.03500000000000001,0.11033333333333334,31.317333333333334,0.10166666666666667,0.191,53.32266666666667,0.071,0.10200000000000001,69.33733333333335,0.013666666666666666,0.05166666666666667,0.8213333333333334,0.01633333333333333,0.10666666666666667,0.1553333333333333,0.07133333333333332,0.017666666666666667,0.41266666666666674
63,89,2015-03-19,13,2,2014-2015,Fortaleza B. C. / CFO,Flamengo,0,0.39933333333333326,0.136,0.18866666666666665,0.07466666666666666,0.1716666666666667,0.05466666666666666,0.11699999999999999,0.07200000000000001,0.06333333333333332,1.1606666666666667,0.045333333333333344,0.1413333333333333,32.464666666666666,0.09433333333333332,0.17600000000000002,53.46333333333334,0.07466666666666666,0.104,72.28399999999998,0.004666666666666667,0.05100000000000001,0.8186666666666668,0.014333333333333333,0.097,0.15866666666666665,0.06333333333333332,0.013000000000000003,0.438,0.439,0.145,0.21000000000000002,0.084,0.18566666666666667,0.05300000000000001,0.13266666666666665,0.08633333333333333,0.061666666666666675,1.5473333333333334,0.04833333333333334,0.11899999999999998,40.190000000000005,0.10500000000000001,0.19,54.87,0.084,0.10800000000000001,78.22600000000001,0.009666666666666665,0.04400000000000001,0.7613333333333334,0.009000000000000001,0.091,0.10200000000000002,0.061666666666666675,0.007666666666666668,0.5226666666666667
88,77,2015-03-19,13,2,2014-2015,Mogi,Paulistano,1,0.4393333333333334,0.12499999999999997,0.21200000000000002,0.10233333333333333,0.18933333333333333,0.068,0.12133333333333332,0.07966666666666665,0.061333333333333344,1.3593333333333333,0.04166666666666667,0.10866666666666669,38.37666666666667,0.10600000000000001,0.2063333333333333,51.818,0.10233333333333333,0.13166666666666668,76.54999999999998,0.007666666666666668,0.04866666666666668,0.8226666666666665,0.010666666666666668,0.11766666666666666,0.09333333333333334,0.061333333333333344,0.012000000000000002,0.5096666666666667,0.414,0.11399999999999998,0.21000000000000002,0.09,0.19666666666666668,0.06533333333333333,0.13133333333333336,0.06433333333333335,0.05933333333333333,1.2633333333333334,0.038000000000000006,0.11366666666666668,33.25666666666667,0.10500000000000001,0.21800000000000003,48.647333333333336,0.09,0.11866666666666667,76.67400000000002,0.004666666666666667,0.04600000000000001,0.8853333333333334,0.006000000000000001,0.11133333333333333,0.05666666666666667,0.05933333333333333,0.011666666666666665,0.45033333333333336
91,72,2015-03-19,13,2,2014-2015,Coop/São José Basketball,L. Sorocabana,1,0.38699999999999996,0.096,0.22666666666666668,0.06433333333333334,0.17800000000000002,0.048333333333333325,0.12966666666666668,0.09433333333333334,0.06999999999999999,1.46,0.03200000000000001,0.09566666666666669,33.07333333333334,0.11333333333333334,0.22033333333333335,51.73933333333333,0.06433333333333334,0.08066666666666668,78.71933333333332,0.006666666666666666,0.03866666666666667,0.5986666666666668,0.013333333333333334,0.09833333333333334,0.14866666666666667,0.06999999999999999,0.013666666666666667,0.45433333333333337,0.38799999999999996,0.10200000000000001,0.21066666666666667,0.07533333333333334,0.174,0.06433333333333334,0.10966666666666668,0.05533333333333333,0.06633333333333333,0.8546666666666667,0.034,0.106,32.09733333333333,0.10533333333333333,0.21233333333333337,49.906666666666666,0.07533333333333334,0.102,72.33533333333334,0.004666666666666667,0.05,0.7853333333333332,0.007333333333333332,0.12000000000000001,0.06333333333333331,0.06633333333333333,0.01766666666666667,0.4026666666666667
80,77,2015-03-19,13,2,2014-2015,Brasília,Macaé Basquete,1,0.423,0.13799999999999998,0.20066666666666672,0.08433333333333334,0.17400000000000002,0.03800000000000001,0.136,0.09133333333333332,0.06699999999999999,1.4639999999999997,0.046000000000000006,0.12033333333333335,38.338,0.10033333333333336,0.183,55.64199999999999,0.08433333333333334,0.10766666666666665,77.93133333333334,0.009666666666666667,0.03666666666666666,0.5986666666666667,0.014000000000000002,0.10633333333333335,0.13333333333333336,0.06699999999999999,0.011000000000000003,0.49166666666666653,0.38699999999999996,0.106,0.19866666666666666,0.08233333333333333,0.16366666666666665,0.048000000000000015,0.11566666666666668,0.06066666666666668,0.07033333333333333,0.9520000000000001,0.03533333333333334,0.09633333333333334,35.87533333333333,0.09933333333333333,0.19933333333333333,49.724666666666664,0.08233333333333333,0.10266666666666668,80.35866666666666,0.006666666666666667,0.04033333333333334,0.6326666666666667,0.006333333333333333,0.10233333333333333,0.06866666666666665,0.07033333333333333,0.018666666666666668,0.40633333333333327
87,67,2015-03-20,13,2,2014-2015,Pinheiros,Sesi Franca,1,0.4,0.138,0.19666666666666666,0.06533333333333334,0.17666666666666664,0.05266666666666667,0.12399999999999999,0.074,0.06800000000000002,1.1540000000000001,0.046,0.13000000000000003,35.663333333333334,0.09833333333333333,0.19299999999999998,51.07733333333333,0.06533333333333334,0.08733333333333332,74.90133333333334,0.007666666666666666,0.045333333333333344,0.7066666666666667,0.015333333333333336,0.10500000000000002,0.14933333333333335,0.06800000000000002,0.014666666666666665,0.4426666666666666,0.38266666666666665,0.11299999999999999,0.19399999999999998,0.07566666666666669,0.16533333333333333,0.048333333333333346,0.11699999999999999,0.06966666666666667,0.074,1.0506666666666666,0.03766666666666667,0.11366666666666665,32.428666666666665,0.09699999999999999,0.18466666666666667,52.51866666666667,0.07566666666666669,0.10866666666666665,68.89266666666667,0.012333333333333335,0.05166666666666667,0.7706666666666667,0.015333333333333332,0.11000000000000003,0.13999999999999999,0.074,0.018000000000000002,0.41400000000000003
73,68,2015-03-20,13,2,2014-2015,Rio Claro,Minas,1,0.4126666666666667,0.123,0.21133333333333332,0.07833333333333332,0.14566666666666664,0.03866666666666667,0.10700000000000001,0.085,0.07,1.3093333333333332,0.04100000000000001,0.10933333333333331,36.32866666666667,0.10566666666666666,0.1906666666666667,55.50933333333333,0.07833333333333332,0.09666666666666666,81.19399999999999,0.007333333333333333,0.05133333333333335,0.788,0.006333333333333334,0.10366666666666667,0.06466666666666668,0.07,0.014,0.4593333333333333,0.38099999999999995,0.119,0.19066666666666665,0.07133333333333333,0.1753333333333333,0.05033333333333334,0.125,0.08366666666666664,0.06599999999999999,1.3373333333333335,0.03966666666666667,0.11866666666666667,33.52733333333333,0.09533333333333333,0.1846666666666667,51.500666666666675,0.07133333333333333,0.101,69.92466666666665,0.012666666666666668,0.048333333333333346,0.7693333333333333,0.007000000000000002,0.11466666666666667,0.06333333333333334,0.06599999999999999,0.014666666666666666,0.4313333333333334
83,64,2015-03-20,13,2,2014-2015,Limeira,Uberlândia,1,0.41466666666666663,0.137,0.19866666666666663,0.079,0.151,0.03733333333333333,0.11366666666666667,0.09033333333333333,0.05833333333333334,1.664,0.045666666666666675,0.11333333333333331,40.068,0.09933333333333332,0.18200000000000002,54.37533333333333,0.079,0.0976666666666667,79.46733333333333,0.012000000000000002,0.04933333333333335,0.888,0.015333333333333332,0.09800000000000003,0.15933333333333335,0.05833333333333334,0.013000000000000001,0.4933333333333333,0.37,0.091,0.19333333333333333,0.08566666666666665,0.16033333333333333,0.03933333333333334,0.12100000000000001,0.06733333333333334,0.075,0.9753333333333334,0.03033333333333334,0.10133333333333334,30.181333333333328,0.09666666666666666,0.18766666666666668,52.13666666666667,0.08566666666666665,0.10466666666666666,81.87266666666667,0.005666666666666668,0.04900000000000001,0.7366666666666666,0.012666666666666666,0.111,0.12400000000000001,0.075,0.015000000000000003,0.4033333333333333
65,77,2015-03-20,13,2,2014-2015,Palmeiras,Bauru Basket,0,0.39766666666666667,0.11999999999999998,0.2106666666666666,0.067,0.17066666666666666,0.05400000000000002,0.11666666666666668,0.07666666666666667,0.07066666666666667,1.15,0.040000000000000015,0.12066666666666667,33.285333333333334,0.1053333333333333,0.19833333333333336,53.044666666666664,0.067,0.09366666666666666,72.03733333333334,0.013000000000000003,0.05433333333333333,0.8119999999999999,0.008,0.096,0.08866666666666669,0.07066666666666667,0.015333333333333336,0.43633333333333335,0.46266666666666667,0.18699999999999997,0.196,0.07966666666666665,0.187,0.04266666666666667,0.14433333333333334,0.09433333333333335,0.060000000000000026,1.7093333333333334,0.06233333333333334,0.15033333333333332,41.72266666666667,0.098,0.16499999999999998,59.38866666666668,0.07966666666666665,0.09866666666666667,79.76666666666665,0.008,0.046000000000000006,0.8566666666666668,0.011000000000000003,0.08933333333333332,0.13533333333333336,0.060000000000000026,0.007333333333333333,0.5670000000000001
95,106,2015-03-21,12,2,2014-2015,Brasília,Flamengo,0,0.42266666666666663,0.14100000000000001,0.19400000000000003,0.08766666666666668,0.17033333333333334,0.035666666666666666,0.13466666666666666,0.08966666666666666,0.06899999999999999,1.4046666666666667,0.047,0.12100000000000001,39.123333333333335,0.09700000000000002,0.1776666666666667,55.38533333333333,0.08766666666666668,0.11133333333333334,78.17333333333333,0.009000000000000001,0.036000000000000004,0.5800000000000001,0.015333333333333334,0.10966666666666666,0.14333333333333337,0.06899999999999999,0.011000000000000001,0.4866666666666666,0.44333333333333336,0.156,0.20533333333333334,0.082,0.18733333333333338,0.051000000000000004,0.13633333333333333,0.08866666666666666,0.062333333333333345,1.5686666666666667,0.052000000000000005,0.12466666666666666,42.24533333333333,0.10266666666666667,0.18499999999999997,55.118,0.082,0.10533333333333335,78.36466666666666,0.009666666666666667,0.04466666666666667,0.7653333333333332,0.009000000000000001,0.09066666666666667,0.10266666666666668,0.062333333333333345,0.008666666666666666,0.5323333333333334
82,70,2015-03-24,11,2,2014-2015,Bauru Basket,Sesi Franca,1,0.46199999999999997,0.189,0.19333333333333333,0.07966666666666668,0.1846666666666667,0.04266666666666667,0.14199999999999996,0.09433333333333335,0.05833333333333335,1.7386666666666666,0.063,0.153,41.58599999999999,0.09666666666666666,0.16266666666666665,59.524666666666675,0.07966666666666668,0.09833333333333333,80.02999999999999,0.007666666666666668,0.04900000000000001,0.9153333333333332,0.010333333333333335,0.089,0.1266666666666667,0.05833333333333335,0.007666666666666667,0.5673333333333335,0.378,0.11299999999999999,0.18866666666666668,0.07633333333333335,0.16333333333333336,0.049000000000000016,0.11433333333333334,0.06966666666666668,0.07466666666666667,1.038,0.03766666666666667,0.11333333333333331,32.506666666666675,0.09433333333333334,0.18299999999999997,51.528000000000006,0.07633333333333335,0.10966666666666663,68.95066666666666,0.012000000000000002,0.04800000000000001,0.7040000000000001,0.014,0.11133333333333334,0.12533333333333335,0.07466666666666667,0.016666666666666666,0.4006666666666667
103,105,2015-03-25,9,2,2014-2015,Macaé Basquete,Coop/São José Basketball,0,0.38999999999999996,0.106,0.19733333333333333,0.08666666666666667,0.16599999999999998,0.04800000000000001,0.11800000000000002,0.06200000000000001,0.072,0.9466666666666668,0.035333333333333335,0.09799999999999999,35.44799999999999,0.09866666666666667,0.19699999999999998,49.95733333333333,0.08666666666666667,0.10800000000000001,80.08066666666666,0.006666666666666666,0.04200000000000001,0.6326666666666666,0.005666666666666667,0.10400000000000001,0.06133333333333334,0.072,0.021333333333333333,0.41133333333333333,0.3936666666666666,0.105,0.22333333333333336,0.06533333333333334,0.17899999999999996,0.048,0.13100000000000003,0.09833333333333334,0.07066666666666667,1.4966666666666668,0.03500000000000001,0.09833333333333334,35.156666666666666,0.11166666666666668,0.21666666666666665,52.07266666666666,0.06533333333333334,0.08133333333333334,79.27066666666666,0.006333333333333333,0.04033333333333333,0.6133333333333335,0.014333333333333333,0.09733333333333333,0.162,0.07066666666666667,0.013333333333333334,0.4706666666666666
87,83,2015-03-25,9,2,2014-2015,Flamengo,Mogi,1,0.4433333333333334,0.153,0.20666666666666667,0.08366666666666665,0.18633333333333335,0.05200000000000002,0.13433333333333333,0.089,0.06366666666666668,1.4819999999999998,0.05100000000000001,0.12333333333333331,41.94200000000001,0.10333333333333333,0.188,54.565333333333335,0.08366666666666665,0.10733333333333334,78.33733333333333,0.009666666666666667,0.04466666666666667,0.7386666666666666,0.008333333333333335,0.09333333333333334,0.09200000000000003,0.06366666666666668,0.008,0.5273333333333333,0.4393333333333334,0.12499999999999999,0.21533333333333335,0.099,0.18966666666666665,0.06566666666666666,0.12399999999999999,0.082,0.06466666666666668,1.3253333333333335,0.04166666666666667,0.10933333333333335,38.104000000000006,0.10766666666666667,0.20466666666666666,53.00333333333333,0.099,0.12766666666666668,76.49066666666666,0.008000000000000002,0.048333333333333346,0.788,0.012000000000000002,0.11866666666666668,0.10533333333333335,0.06466666666666668,0.013000000000000001,0.5133333333333333
69,89,2015-03-27,12,2,2014-2015,Pinheiros,Bauru Basket,0,0.4063333333333333,0.14200000000000002,0.19866666666666666,0.06566666666666668,0.1743333333333333,0.051666666666666666,0.12266666666666667,0.07533333333333334,0.066,1.1913333333333334,0.04733333333333333,0.12933333333333336,37.077999999999996,0.09933333333333333,0.1933333333333333,51.55933333333333,0.06566666666666668,0.08699999999999998,75.55466666666666,0.008666666666666665,0.04633333333333334,0.7259999999999999,0.015333333333333336,0.10433333333333335,0.15,0.066,0.015666666666666666,0.45433333333333326,0.4563333333333333,0.181,0.19266666666666665,0.08266666666666667,0.18433333333333335,0.04133333333333334,0.14299999999999996,0.09333333333333335,0.05900000000000002,1.7133333333333332,0.06033333333333334,0.147,41.603333333333325,0.09633333333333333,0.16466666666666666,58.57200000000001,0.08266666666666667,0.10066666666666668,81.11666666666665,0.008333333333333335,0.04866666666666667,0.906,0.011000000000000003,0.08800000000000001,0.134,0.05900000000000002,0.008666666666666666,0.5616666666666668
89,95,2015-03-27,10,2,2014-2015,Macaé Basquete,Mogi,0,0.39566666666666667,0.11099999999999999,0.19666666666666668,0.088,0.16266666666666663,0.04866666666666667,0.11400000000000002,0.06500000000000002,0.07233333333333333,1.004,0.037,0.09733333333333333,36.998666666666665,0.09833333333333334,0.19799999999999998,49.515333333333324,0.088,0.11,79.88399999999999,0.007333333333333332,0.042000000000000016,0.6219999999999999,0.005666666666666667,0.10466666666666667,0.06133333333333334,0.07233333333333333,0.020666666666666667,0.41666666666666674,0.4403333333333334,0.12199999999999997,0.21933333333333332,0.09899999999999999,0.18899999999999997,0.064,0.125,0.08166666666666668,0.066,1.3080000000000003,0.04066666666666667,0.10866666666666669,37.397333333333336,0.10966666666666666,0.2023333333333333,54.57466666666666,0.09899999999999999,0.12833333333333335,76.106,0.008666666666666668,0.046333333333333344,0.7526666666666667,0.011666666666666667,0.12200000000000003,0.10066666666666668,0.066,0.014,0.513
93,88,2015-03-28,10,2,2014-2015,Flamengo,Coop/São José Basketball,1,0.44433333333333336,0.148,0.21,0.08633333333333333,0.1856666666666667,0.05200000000000002,0.13366666666666668,0.08633333333333333,0.064,1.4126666666666665,0.04933333333333335,0.12266666666666667,40.75466666666667,0.105,0.189,55.26266666666667,0.08633333333333333,0.11166666666666666,78.24666666666667,0.009666666666666667,0.047000000000000014,0.7833333333333333,0.008000000000000002,0.09500000000000001,0.08866666666666667,0.064,0.008666666666666666,0.5246666666666667,0.4026666666666666,0.10699999999999998,0.22800000000000004,0.06766666666666668,0.17466666666666666,0.048666666666666664,0.126,0.10200000000000002,0.06833333333333334,1.5833333333333333,0.035666666666666666,0.09866666666666665,35.72333333333333,0.11400000000000002,0.21699999999999997,53.08399999999999,0.06766666666666668,0.08400000000000002,79.38066666666667,0.005666666666666667,0.03933333333333333,0.6120000000000002,0.014333333333333333,0.098,0.16133333333333336,0.06833333333333334,0.013333333333333332,0.48233333333333334
97,75,2015-03-31,14,2,2014-2015,Bauru Basket,Mogi,1,0.456,0.17300000000000001,0.19933333333333328,0.08366666666666664,0.185,0.04233333333333334,0.14266666666666666,0.09133333333333335,0.05900000000000002,1.6733333333333333,0.05766666666666667,0.14233333333333334,40.603333333333325,0.09966666666666664,0.17033333333333334,58.52333333333333,0.08366666666666664,0.10166666666666667,81.48666666666666,0.009000000000000001,0.050333333333333334,0.9393333333333334,0.009333333333333334,0.09000000000000001,0.10933333333333334,0.05900000000000002,0.01,0.5596666666666666,0.4453333333333333,0.12199999999999997,0.22599999999999998,0.09733333333333333,0.18666666666666665,0.06100000000000001,0.12566666666666668,0.084,0.06366666666666668,1.398666666666667,0.04066666666666667,0.10866666666666669,37.397333333333336,0.11299999999999999,0.20400000000000001,55.68799999999999,0.09733333333333333,0.12933333333333336,74.22333333333333,0.011000000000000003,0.048000000000000015,0.8193333333333332,0.010000000000000002,0.12133333333333335,0.08800000000000002,0.06366666666666668,0.012666666666666666,0.5193333333333333
99,74,2015-04-01,14,2,2014-2015,Flamengo,Rio Claro,1,0.44433333333333336,0.15,0.20800000000000002,0.08633333333333335,0.18766666666666668,0.053666666666666675,0.134,0.08866666666666667,0.06233333333333334,1.5859999999999999,0.05000000000000001,0.12333333333333332,41.156,0.10400000000000001,0.18833333333333335,55.00133333333334,0.08633333333333335,0.11266666666666668,77.48133333333334,0.009000000000000001,0.044000000000000004,0.75,0.008333333333333333,0.09433333333333335,0.09400000000000003,0.06233333333333334,0.008666666666666665,0.5266666666666667,0.4110000000000001,0.128,0.2033333333333333,0.07966666666666668,0.14599999999999996,0.039333333333333345,0.10666666666666669,0.084,0.06966666666666667,1.3019999999999998,0.042666666666666665,0.11199999999999997,37.15933333333333,0.10166666666666666,0.18733333333333332,54.4,0.07966666666666668,0.09833333333333334,81.25133333333333,0.007333333333333333,0.05200000000000002,0.7979999999999999,0.007000000000000001,0.10833333333333336,0.06666666666666667,0.06966666666666667,0.015333333333333336,0.45666666666666667
79,81,2015-04-01,14,2,2014-2015,Macaé Basquete,Limeira,0,0.4033333333333333,0.11299999999999999,0.20266666666666666,0.08766666666666666,0.16466666666666666,0.04900000000000001,0.11566666666666668,0.068,0.07433333333333335,1.024,0.03766666666666667,0.10133333333333333,36.224666666666664,0.10133333333333333,0.19833333333333336,50.95133333333333,0.08766666666666666,0.10933333333333334,80.11066666666666,0.007999999999999998,0.04266666666666667,0.6186666666666666,0.006000000000000001,0.10766666666666667,0.064,0.07433333333333335,0.020333333333333335,0.428,0.41333333333333333,0.13799999999999998,0.1953333333333333,0.08,0.15300000000000002,0.03833333333333334,0.11466666666666667,0.09066666666666666,0.05766666666666667,1.6973333333333331,0.04600000000000002,0.111,41.604000000000006,0.09766666666666665,0.18300000000000002,53.37,0.08,0.10066666666666667,77.986,0.011333333333333332,0.04966666666666667,0.9099999999999999,0.016,0.0976666666666667,0.168,0.05766666666666667,0.011666666666666669,0.494
91,76,2015-04-01,14,2,2014-2015,L. Sorocabana,Brasília,1,0.38899999999999996,0.107,0.21200000000000002,0.07,0.17533333333333337,0.066,0.10933333333333334,0.05666666666666667,0.066,0.8766666666666667,0.035666666666666666,0.105,33.89933333333333,0.10600000000000001,0.21633333333333338,49.42333333333333,0.07,0.09499999999999999,71.842,0.005000000000000001,0.04966666666666666,0.7853333333333332,0.006333333333333333,0.11666666666666667,0.05666666666666666,0.066,0.017333333333333336,0.4063333333333334,0.4263333333333333,0.14200000000000002,0.20000000000000007,0.08433333333333333,0.16833333333333336,0.03433333333333334,0.134,0.09133333333333332,0.06833333333333333,1.4533333333333331,0.04733333333333333,0.12333333333333334,38.60133333333332,0.10000000000000003,0.17833333333333334,56.76666666666666,0.08433333333333333,0.10733333333333334,77.33999999999999,0.009666666666666667,0.035,0.5706666666666668,0.015000000000000003,0.11033333333333334,0.13799999999999998,0.06833333333333333,0.010333333333333333,0.49033333333333323
86,78,2015-04-01,14,2,2014-2015,Paulistano,Fortaleza B. C. / CFO,1,0.412,0.11399999999999998,0.20933333333333334,0.08866666666666666,0.1933333333333333,0.06566666666666669,0.12766666666666668,0.066,0.057333333333333326,1.306,0.038000000000000006,0.114,33.17266666666667,0.10466666666666667,0.22133333333333335,47.70466666666666,0.08866666666666666,0.11366666666666667,78.63666666666667,0.005333333333333333,0.04766666666666667,0.9206666666666666,0.005666666666666667,0.10800000000000001,0.05533333333333334,0.057333333333333326,0.013000000000000001,0.44966666666666666,0.39033333333333337,0.13499999999999998,0.188,0.06733333333333333,0.17066666666666666,0.055,0.11566666666666665,0.06766666666666667,0.06299999999999999,1.1013333333333333,0.04500000000000001,0.142,32.037333333333336,0.094,0.17899999999999996,52.385999999999996,0.06733333333333333,0.09733333333333333,69.11666666666666,0.005,0.051666666666666666,0.8326666666666667,0.014666666666666666,0.09400000000000001,0.164,0.06299999999999999,0.013000000000000001,0.42
80,65,2015-04-01,14,2,2014-2015,Sesi Franca,Coop/São José Basketball,1,0.37699999999999995,0.115,0.186,0.07600000000000001,0.16566666666666666,0.05166666666666667,0.11400000000000002,0.06833333333333333,0.07600000000000001,0.9766666666666667,0.03833333333333334,0.11433333333333333,32.824000000000005,0.093,0.1823333333333333,51.044,0.07600000000000001,0.11033333333333332,67.98333333333333,0.011000000000000003,0.04766666666666667,0.6693333333333332,0.012000000000000002,0.11033333333333335,0.10600000000000001,0.07600000000000001,0.017,0.3950000000000001,0.4023333333333334,0.09799999999999999,0.24133333333333337,0.063,0.17766666666666667,0.05166666666666667,0.12600000000000003,0.1016666666666667,0.06666666666666668,1.6626666666666665,0.03266666666666666,0.09433333333333332,34.44133333333334,0.12066666666666669,0.22966666666666663,52.884,0.063,0.07866666666666668,78.82533333333335,0.005333333333333333,0.03833333333333334,0.6140000000000002,0.013666666666666666,0.09533333333333333,0.15600000000000003,0.06666666666666668,0.014,0.48066666666666674
80,83,2015-04-01,14,2,2014-2015,Uberlândia,Pinheiros,0,0.3626666666666667,0.08900000000000001,0.19066666666666665,0.08299999999999999,0.1633333333333333,0.03966666666666666,0.12366666666666669,0.06666666666666668,0.074,0.9766666666666667,0.02966666666666667,0.10133333333333334,29.39666666666666,0.09533333333333333,0.18599999999999997,51.888000000000005,0.08299999999999999,0.10133333333333333,81.78333333333335,0.006000000000000001,0.04766666666666667,0.7280000000000001,0.013666666666666666,0.10733333333333332,0.13933333333333334,0.074,0.015000000000000005,0.3993333333333334,0.40766666666666657,0.14000000000000004,0.2006666666666667,0.067,0.17366666666666664,0.052000000000000005,0.12166666666666667,0.07533333333333334,0.06566666666666666,1.1966666666666668,0.04666666666666667,0.12466666666666669,37.79533333333333,0.10033333333333334,0.1983333333333333,51.02933333333332,0.067,0.08966666666666664,75.10999999999999,0.008666666666666665,0.044333333333333336,0.6980000000000001,0.014666666666666668,0.10500000000000001,0.14266666666666666,0.06566666666666666,0.015666666666666662,0.45133333333333325
68,73,2015-04-01,14,2,2014-2015,Minas,Palmeiras,0,0.3786666666666666,0.11800000000000001,0.18866666666666668,0.07200000000000001,0.175,0.05033333333333335,0.12466666666666669,0.08233333333333333,0.06499999999999999,1.3340000000000003,0.03933333333333334,0.12100000000000001,32.117333333333335,0.09433333333333334,0.18333333333333338,51.331999999999994,0.07200000000000001,0.0996666666666667,71.32333333333332,0.011333333333333334,0.044666666666666674,0.73,0.006666666666666668,0.11666666666666668,0.058000000000000024,0.06499999999999999,0.014000000000000002,0.42400000000000004,0.393,0.114,0.21399999999999997,0.065,0.16966666666666666,0.05600000000000002,0.11366666666666667,0.07666666666666667,0.07166666666666668,1.1413333333333335,0.038000000000000006,0.11966666666666667,31.880666666666663,0.10699999999999998,0.19933333333333333,53.64266666666666,0.065,0.091,72.454,0.012666666666666668,0.05366666666666667,0.7966666666666666,0.007666666666666667,0.09666666666666666,0.08333333333333336,0.07166666666666668,0.014000000000000002,0.42900000000000005
92,94,2015-04-03,15,2,2014-2015,Macaé Basquete,Rio Claro,0,0.39466666666666667,0.10699999999999998,0.19999999999999998,0.08766666666666666,0.16699999999999995,0.051000000000000004,0.116,0.06699999999999999,0.07200000000000001,1.0613333333333335,0.035666666666666666,0.10033333333333333,34.51866666666667,0.09999999999999999,0.19766666666666668,50.443333333333335,0.08766666666666666,0.10933333333333332,80.11066666666666,0.006999999999999998,0.03866666666666667,0.5773333333333334,0.006333333333333334,0.10700000000000001,0.06733333333333333,0.07200000000000001,0.02066666666666667,0.4176666666666667,0.40733333333333344,0.12400000000000001,0.20400000000000001,0.07933333333333333,0.14466666666666667,0.04066666666666668,0.10400000000000001,0.08066666666666666,0.06766666666666667,1.2826666666666664,0.04133333333333333,0.11133333333333331,36.06866666666667,0.10200000000000001,0.19166666666666668,53.38133333333334,0.07933333333333333,0.098,80.93400000000001,0.006333333333333334,0.052333333333333336,0.8246666666666667,0.007666666666666667,0.11000000000000001,0.07133333333333335,0.06766666666666667,0.015000000000000003,0.4466666666666666
86,70,2015-04-03,15,2,2014-2015,Flamengo,Limeira,1,0.453,0.14999999999999997,0.21533333333333332,0.08766666666666668,0.19,0.052666666666666674,0.13733333333333334,0.09133333333333334,0.06100000000000001,1.672,0.050000000000000024,0.12400000000000001,40.822,0.10766666666666666,0.18999999999999997,56.40466666666667,0.08766666666666668,0.11600000000000002,76.41,0.009333333333333334,0.04300000000000001,0.7493333333333333,0.008333333333333333,0.09100000000000001,0.09800000000000002,0.06100000000000001,0.008,0.5399999999999999,0.41133333333333333,0.13999999999999999,0.19133333333333333,0.08,0.154,0.04066666666666666,0.11333333333333331,0.08966666666666666,0.05666666666666667,1.7346666666666666,0.04666666666666667,0.11333333333333331,41.300666666666665,0.09566666666666666,0.182,52.44066666666667,0.08,0.102,77.05,0.01,0.04833333333333333,0.8973333333333334,0.015000000000000003,0.09833333333333334,0.15866666666666668,0.05666666666666667,0.012333333333333335,0.48666666666666664
89,81,2015-04-03,15,2,2014-2015,Paulistano,Brasília,1,0.415,0.11,0.21866666666666668,0.08633333333333335,0.18966666666666665,0.06400000000000002,0.12566666666666668,0.06666666666666667,0.057666666666666665,1.3106666666666666,0.03666666666666667,0.11200000000000002,32.64266666666666,0.10933333333333334,0.22433333333333336,49.17066666666666,0.08633333333333335,0.11166666666666666,77.94866666666667,0.006,0.05033333333333334,0.956,0.005666666666666667,0.10866666666666669,0.05466666666666667,0.057666666666666665,0.013333333333333334,0.454,0.42300000000000004,0.14400000000000002,0.19600000000000004,0.083,0.16733333333333336,0.03233333333333334,0.13500000000000004,0.09066666666666666,0.072,1.4,0.048000000000000015,0.12366666666666666,39.001333333333335,0.09800000000000002,0.1726666666666667,57.36799999999999,0.083,0.10533333333333333,77.48266666666667,0.009333333333333334,0.034,0.5486666666666667,0.015333333333333334,0.10800000000000001,0.14533333333333334,0.072,0.010333333333333335,0.4856666666666667
86,82,2015-04-03,15,2,2014-2015,L. Sorocabana,Fortaleza B. C. / CFO,1,0.394,0.11100000000000003,0.21133333333333332,0.07166666666666667,0.17366666666666666,0.06833333333333334,0.10533333333333332,0.059000000000000004,0.06266666666666666,1.0886666666666664,0.037000000000000005,0.10533333333333332,35.22533333333333,0.10566666666666666,0.22000000000000003,48.61133333333334,0.07166666666666667,0.09566666666666665,73.23066666666665,0.006000000000000001,0.05266666666666666,1.0426666666666664,0.006333333333333333,0.11566666666666665,0.05866666666666666,0.06266666666666666,0.016666666666666666,0.41633333333333333,0.38966666666666666,0.132,0.1893333333333333,0.06833333333333334,0.17066666666666663,0.05466666666666667,0.116,0.06533333333333333,0.06366666666666666,1.04,0.04400000000000001,0.13900000000000004,32.07533333333333,0.09466666666666665,0.17966666666666667,52.57066666666667,0.06833333333333334,0.10033333333333333,67.95866666666667,0.005,0.04833333333333333,0.7546666666666667,0.015666666666666666,0.09600000000000002,0.17333333333333334,0.06366666666666666,0.012666666666666666,0.41400000000000003
74,78,2015-04-03,15,2,2014-2015,Sesi Franca,Mogi,0,0.376,0.11699999999999999,0.18666666666666665,0.07233333333333333,0.16566666666666666,0.05066666666666668,0.115,0.068,0.07666666666666666,0.9580000000000001,0.039000000000000014,0.11200000000000002,34.182,0.09333333333333332,0.18166666666666667,51.34,0.07233333333333333,0.10533333333333333,66.50133333333333,0.011000000000000001,0.04733333333333334,0.6566666666666666,0.011666666666666669,0.10833333333333334,0.10533333333333333,0.07666666666666666,0.018000000000000002,0.3976666666666667,0.44,0.12399999999999997,0.22266666666666665,0.09333333333333334,0.1823333333333333,0.06000000000000001,0.12233333333333335,0.08299999999999999,0.061333333333333344,1.422666666666667,0.04133333333333334,0.10966666666666668,37.836000000000006,0.11133333333333333,0.20400000000000001,54.978666666666655,0.09333333333333334,0.12466666666666668,73.39933333333335,0.009666666666666667,0.04600000000000001,0.812,0.009666666666666667,0.11833333333333333,0.08533333333333334,0.061333333333333344,0.012333333333333333,0.507
104,96,2015-04-03,15,2,2014-2015,Bauru Basket,Coop/São José Basketball,1,0.46033333333333337,0.18100000000000002,0.19866666666666663,0.08066666666666666,0.18533333333333332,0.04300000000000001,0.14233333333333334,0.09500000000000001,0.05733333333333335,1.7833333333333334,0.06033333333333334,0.14533333333333334,41.407999999999994,0.09933333333333332,0.16833333333333336,59.07866666666667,0.08066666666666666,0.09833333333333333,81.00733333333334,0.009333333333333334,0.05033333333333334,0.958,0.009,0.08666666666666666,0.11066666666666668,0.05733333333333335,0.009333333333333334,0.571,0.3926666666666667,0.098,0.234,0.06066666666666667,0.17400000000000002,0.05100000000000001,0.12300000000000001,0.09666666666666668,0.06633333333333334,1.5959999999999999,0.03266666666666666,0.09466666666666666,34.36333333333334,0.117,0.22599999999999995,52.196000000000005,0.06066666666666667,0.07600000000000001,78.60866666666666,0.005333333333333333,0.038000000000000006,0.6113333333333334,0.013666666666666667,0.09366666666666669,0.15733333333333333,0.06633333333333334,0.014333333333333332,0.4623333333333334
87,110,2015-04-03,15,2,2014-2015,Minas,Pinheiros,0,0.37466666666666654,0.11499999999999999,0.18733333333333332,0.07233333333333333,0.17200000000000001,0.04866666666666667,0.12333333333333334,0.08366666666666665,0.06633333333333333,1.328,0.03833333333333334,0.12133333333333333,30.976666666666667,0.09366666666666666,0.18133333333333332,51.56399999999999,0.07233333333333333,0.09933333333333333,71.97666666666667,0.011000000000000001,0.046333333333333344,0.75,0.006333333333333333,0.11666666666666668,0.05466666666666667,0.06633333333333333,0.013000000000000001,0.419,0.3996666666666666,0.136,0.20000000000000004,0.06366666666666668,0.177,0.054333333333333345,0.12266666666666666,0.07333333333333333,0.064,1.2013333333333336,0.04533333333333334,0.12433333333333337,36.741333333333344,0.10000000000000002,0.2,50.356,0.06366666666666668,0.08600000000000001,74.732,0.008,0.042,0.6853333333333335,0.014666666666666668,0.1036666666666667,0.14466666666666667,0.064,0.015333333333333332,0.44133333333333336
82,78,2015-04-03,15,2,2014-2015,Uberlândia,Palmeiras,1,0.36666666666666675,0.09200000000000001,0.19333333333333333,0.08133333333333333,0.16399999999999998,0.03966666666666667,0.12433333333333335,0.06966666666666668,0.07533333333333332,0.9966666666666667,0.03066666666666667,0.10066666666666665,30.275999999999996,0.09666666666666666,0.18633333333333332,52.57066666666666,0.08133333333333333,0.09899999999999999,82.09133333333332,0.005666666666666665,0.046333333333333344,0.6586666666666668,0.013666666666666666,0.10733333333333332,0.13933333333333336,0.07533333333333332,0.014666666666666666,0.4076666666666667,0.392,0.115,0.21266666666666664,0.06433333333333334,0.17033333333333334,0.05600000000000002,0.11433333333333333,0.07933333333333334,0.07366666666666669,1.15,0.03833333333333334,0.11766666666666667,32.80666666666666,0.10633333333333332,0.19899999999999998,53.368,0.06433333333333334,0.09033333333333336,72.27199999999999,0.012666666666666668,0.05633333333333333,0.8153333333333332,0.008,0.09533333333333334,0.08800000000000001,0.07366666666666669,0.013666666666666669,0.43433333333333335
75,76,2015-04-07,1,3,2014-2015,Paulistano,Coop/São José Basketball,0,0.41333333333333333,0.109,0.22266666666666668,0.08166666666666668,0.18999999999999997,0.06366666666666668,0.12633333333333333,0.06533333333333334,0.060000000000000005,1.2453333333333336,0.03633333333333334,0.11066666666666669,32.809333333333335,0.11133333333333334,0.22800000000000004,49.260666666666665,0.08166666666666668,0.10633333333333335,77.818,0.006333333333333333,0.05233333333333334,0.9553333333333335,0.004666666666666667,0.10666666666666669,0.044666666666666674,0.060000000000000005,0.013333333333333334,0.45,0.401,0.10099999999999999,0.23866666666666667,0.06133333333333333,0.17300000000000001,0.05200000000000002,0.121,0.098,0.06800000000000002,1.5433333333333332,0.03366666666666667,0.09466666666666666,35.53999999999999,0.11933333333333333,0.22499999999999998,53.39666666666666,0.06133333333333333,0.07566666666666669,79.91066666666666,0.004666666666666667,0.03766666666666667,0.5740000000000001,0.014000000000000002,0.09400000000000001,0.16133333333333333,0.06800000000000002,0.014333333333333335,0.4746666666666666
79,74,2015-04-08,1,3,2014-2015,Sesi Franca,Palmeiras,1,0.37333333333333335,0.11499999999999998,0.18866666666666668,0.06966666666666667,0.16933333333333334,0.05266666666666667,0.11666666666666668,0.06766666666666667,0.07866666666666666,0.9306666666666668,0.03833333333333334,0.111,34.02333333333333,0.09433333333333334,0.18633333333333335,50.731333333333325,0.06966666666666667,0.10099999999999999,66.90333333333334,0.011666666666666665,0.04700000000000001,0.6406666666666666,0.013000000000000003,0.11033333333333334,0.11266666666666668,0.07866666666666666,0.019000000000000003,0.39566666666666667,0.39166666666666666,0.119,0.20733333333333331,0.06533333333333334,0.16699999999999998,0.055000000000000014,0.11199999999999997,0.07966666666666668,0.07366666666666667,1.154,0.03966666666666666,0.11700000000000002,34.321999999999996,0.10366666666666666,0.19633333333333333,52.71266666666668,0.06533333333333334,0.09366666666666669,71.12466666666667,0.012000000000000002,0.05833333333333333,0.8393333333333334,0.008333333333333333,0.09733333333333334,0.09000000000000001,0.07366666666666667,0.014000000000000002,0.43300000000000005
91,95,2015-04-09,1,3,2014-2015,Pinheiros,Brasília,0,0.40666666666666657,0.152,0.19200000000000003,0.06266666666666668,0.17533333333333337,0.05333333333333335,0.12200000000000001,0.07466666666666667,0.063,1.2393333333333332,0.05066666666666668,0.12733333333333335,39.654666666666664,0.09600000000000002,0.19566666666666668,49.462,0.06266666666666668,0.08333333333333333,75.54133333333333,0.008333333333333333,0.04066666666666666,0.672,0.013333333333333334,0.10566666666666667,0.12866666666666665,0.063,0.014000000000000002,0.45066666666666666,0.42133333333333334,0.14500000000000002,0.19599999999999998,0.08033333333333333,0.16666666666666666,0.033,0.13366666666666668,0.08966666666666666,0.07300000000000001,1.3673333333333333,0.04833333333333334,0.12399999999999999,39.17066666666667,0.09799999999999999,0.17233333333333337,57.461999999999996,0.08033333333333333,0.10233333333333335,77.518,0.011000000000000001,0.03633333333333333,0.572,0.014999999999999998,0.10600000000000001,0.14733333333333334,0.07300000000000001,0.010666666666666668,0.484
72,67,2015-04-09,2,3,2014-2015,Paulistano,Coop/São José Basketball,1,0.4116666666666667,0.10800000000000001,0.22466666666666668,0.079,0.18599999999999997,0.060666666666666674,0.12533333333333332,0.067,0.058666666666666666,1.3093333333333335,0.036000000000000004,0.1096666666666667,32.760666666666665,0.11233333333333334,0.22666666666666668,49.89133333333333,0.079,0.10433333333333335,76.62466666666667,0.006666666666666667,0.05200000000000002,0.972,0.005000000000000001,0.10300000000000002,0.04866666666666668,0.058666666666666666,0.012333333333333333,0.44966666666666666,0.4010000000000001,0.10899999999999999,0.23533333333333334,0.05666666666666667,0.1733333333333333,0.05033333333333334,0.12300000000000001,0.098,0.066,1.5693333333333335,0.036333333333333336,0.09499999999999999,39.032,0.11766666666666667,0.22466666666666665,52.736,0.05666666666666667,0.07,79.57733333333333,0.004666666666666667,0.03600000000000001,0.564,0.014333333333333335,0.09433333333333334,0.16533333333333333,0.066,0.013666666666666667,0.4776666666666667
90,78,2015-04-10,1,3,2014-2015,Minas,Macaé Basquete,1,0.3776666666666666,0.115,0.19000000000000003,0.07266666666666667,0.168,0.047333333333333345,0.12066666666666669,0.08366666666666665,0.06466666666666668,1.3873333333333335,0.03833333333333334,0.12033333333333336,31.324666666666666,0.09500000000000001,0.18199999999999997,52.025333333333336,0.07266666666666667,0.10000000000000002,71.77,0.012,0.04600000000000001,0.7806666666666665,0.007000000000000001,0.11600000000000002,0.06200000000000001,0.06466666666666668,0.012666666666666666,0.4213333333333333,0.3970000000000001,0.10500000000000001,0.2033333333333334,0.08866666666666667,0.168,0.052000000000000005,0.11599999999999998,0.06799999999999999,0.07299999999999998,1.052,0.035,0.09800000000000002,34.95333333333333,0.1016666666666667,0.20133333333333336,50.29666666666667,0.08866666666666667,0.11000000000000001,80.62866666666666,0.007333333333333332,0.03866666666666666,0.5666666666666667,0.007000000000000001,0.11033333333333332,0.07066666666666667,0.07299999999999998,0.021000000000000005,0.42166666666666675
81,64,2015-04-10,2,3,2014-2015,Sesi Franca,Palmeiras,1,0.3693333333333334,0.11999999999999998,0.17933333333333332,0.07,0.16666666666666666,0.050666666666666665,0.11600000000000003,0.06599999999999999,0.08266666666666667,0.8240000000000001,0.04000000000000001,0.10933333333333332,35.93866666666667,0.08966666666666666,0.182,49.23266666666667,0.07,0.09966666666666667,68.23,0.012,0.04633333333333334,0.584,0.013666666666666667,0.109,0.12266666666666667,0.08266666666666667,0.020333333333333335,0.38800000000000007,0.3826666666666666,0.11999999999999998,0.20066666666666666,0.06199999999999999,0.16599999999999998,0.053333333333333344,0.11266666666666665,0.079,0.07433333333333333,1.1226666666666665,0.04,0.11800000000000002,34.212666666666664,0.10033333333333333,0.19366666666666665,51.851333333333336,0.06199999999999999,0.09166666666666669,69.458,0.011333333333333336,0.059333333333333335,0.8426666666666667,0.009000000000000001,0.09800000000000002,0.09666666666666668,0.07433333333333333,0.014000000000000002,0.42066666666666663
96,90,2015-04-11,2,3,2014-2015,Pinheiros,Brasília,1,0.41666666666666663,0.156,0.19333333333333336,0.06733333333333333,0.17633333333333337,0.05566666666666668,0.12066666666666666,0.07800000000000001,0.064,1.2913333333333332,0.05200000000000001,0.12600000000000003,41.30266666666667,0.09666666666666668,0.19933333333333333,49.03066666666667,0.06733333333333333,0.08966666666666666,75.19800000000001,0.008333333333333333,0.042,0.6833333333333333,0.013333333333333334,0.10933333333333334,0.12533333333333332,0.064,0.014333333333333335,0.4633333333333333,0.4283333333333334,0.14500000000000002,0.19866666666666669,0.08466666666666665,0.16699999999999998,0.035333333333333335,0.13166666666666668,0.08866666666666667,0.07233333333333333,1.3613333333333333,0.04833333333333334,0.12200000000000001,39.73533333333333,0.09933333333333334,0.17533333333333337,57.31333333333334,0.08466666666666665,0.10533333333333333,79.48466666666667,0.011333333333333334,0.035333333333333335,0.5619999999999998,0.015000000000000001,0.108,0.14533333333333334,0.07233333333333333,0.010666666666666668,0.49166666666666664
80,81,2015-04-12,2,3,2014-2015,Minas,Macaé Basquete,0,0.3773333333333333,0.11100000000000002,0.19000000000000003,0.07633333333333334,0.16566666666666666,0.04533333333333335,0.12033333333333335,0.08466666666666667,0.06366666666666666,1.4393333333333336,0.03700000000000001,0.11633333333333336,31.444,0.09500000000000001,0.18099999999999997,52.30266666666667,0.07633333333333334,0.10733333333333334,70.60600000000001,0.011666666666666665,0.045333333333333344,0.7859999999999999,0.007333333333333333,0.11766666666666668,0.06400000000000002,0.06366666666666666,0.011666666666666665,0.42033333333333334,0.39633333333333337,0.108,0.19733333333333333,0.09099999999999998,0.165,0.052000000000000005,0.11299999999999998,0.06733333333333331,0.07266666666666667,1.048,0.03600000000000001,0.0996666666666667,35.63666666666667,0.09866666666666667,0.19766666666666668,49.748666666666665,0.09099999999999998,0.11233333333333331,80.97866666666665,0.007,0.04066666666666667,0.6013333333333333,0.006333333333333334,0.11366666666666667,0.06266666666666668,0.07266666666666667,0.02066666666666667,0.41899999999999993
85,74,2015-04-13,3,3,2014-2015,Coop/São José Basketball,Paulistano,1,0.3953333333333333,0.106,0.23600000000000004,0.05333333333333335,0.1753333333333333,0.05166666666666667,0.12366666666666667,0.09566666666666665,0.066,1.5333333333333334,0.035333333333333335,0.09566666666666666,37.99666666666667,0.11800000000000002,0.22466666666666665,52.89133333333333,0.05333333333333335,0.069,76.15999999999998,0.004666666666666667,0.03700000000000001,0.5793333333333333,0.014666666666666668,0.09400000000000001,0.16933333333333336,0.066,0.014333333333333335,0.4693333333333333,0.4086666666666667,0.105,0.2233333333333333,0.08033333333333333,0.18933333333333333,0.06200000000000001,0.12733333333333333,0.06633333333333334,0.05999999999999999,1.2766666666666666,0.03500000000000001,0.10833333333333334,32.181333333333335,0.11166666666666665,0.2273333333333333,49.45666666666668,0.08033333333333333,0.10566666666666667,76.73,0.008,0.05300000000000001,0.9726666666666667,0.005000000000000001,0.10233333333333335,0.04866666666666668,0.05999999999999999,0.012333333333333333,0.44800000000000006
80,73,2015-04-14,3,3,2014-2015,Palmeiras,Sesi Franca,1,0.37766666666666665,0.11800000000000001,0.19733333333333333,0.06233333333333334,0.16699999999999998,0.05633333333333334,0.11066666666666668,0.07900000000000001,0.07333333333333332,1.1406666666666667,0.03933333333333334,0.12066666666666667,32.784,0.09866666666666667,0.19433333333333333,50.83000000000001,0.06233333333333334,0.09200000000000001,69.53133333333334,0.012666666666666668,0.05899999999999998,0.8533333333333334,0.008666666666666666,0.09833333333333334,0.09333333333333334,0.07333333333333332,0.014000000000000002,0.41133333333333333,0.3756666666666667,0.128,0.1793333333333333,0.06833333333333334,0.16533333333333333,0.04933333333333334,0.11600000000000003,0.06766666666666664,0.08533333333333333,0.8086666666666669,0.04266666666666667,0.11066666666666666,38.47866666666667,0.08966666666666664,0.17733333333333334,50.80399999999999,0.06833333333333334,0.09733333333333334,68.23,0.012,0.044666666666666674,0.5333333333333333,0.014333333333333335,0.10800000000000003,0.13,0.08533333333333333,0.01966666666666667,0.39766666666666667
82,76,2015-04-14,3,3,2014-2015,Brasília,Pinheiros,1,0.43366666666666664,0.143,0.204,0.08666666666666666,0.16233333333333333,0.03200000000000001,0.13033333333333333,0.08833333333333335,0.073,1.3466666666666665,0.04766666666666666,0.11766666666666667,40.14066666666667,0.102,0.1776666666666667,58.00733333333333,0.08666666666666666,0.10533333333333335,81.08466666666666,0.010666666666666668,0.037000000000000005,0.5826666666666666,0.014666666666666666,0.10966666666666665,0.1406666666666667,0.073,0.011000000000000003,0.49866666666666665,0.4263333333333333,0.154,0.19733333333333333,0.075,0.17500000000000002,0.05533333333333334,0.11966666666666664,0.07866666666666668,0.061333333333333344,1.3419999999999999,0.05133333333333334,0.12266666666666669,41.56866666666667,0.09866666666666667,0.20166666666666672,49.455333333333336,0.075,0.09833333333333334,76.05266666666667,0.008333333333333333,0.04133333333333334,0.6993333333333334,0.011000000000000003,0.111,0.10266666666666667,0.061333333333333344,0.014000000000000002,0.4733333333333334
91,62,2015-04-15,3,3,2014-2015,Macaé Basquete,Minas,1,0.39799999999999996,0.106,0.19733333333333333,0.09466666666666668,0.16533333333333333,0.051666666666666666,0.11366666666666667,0.06366666666666668,0.07400000000000002,1.0013333333333334,0.035333333333333335,0.10000000000000002,34.843333333333334,0.09866666666666667,0.19600000000000004,50.17600000000001,0.09466666666666668,0.11599999999999998,81.398,0.006666666666666667,0.04200000000000001,0.61,0.006333333333333333,0.11866666666666667,0.05666666666666667,0.07400000000000002,0.02166666666666667,0.418,0.38199999999999995,0.11200000000000002,0.19200000000000003,0.07800000000000001,0.16833333333333333,0.04766666666666667,0.12066666666666669,0.08333333333333334,0.06533333333333334,1.3813333333333335,0.037333333333333336,0.11766666666666668,31.416666666666664,0.09600000000000002,0.18366666666666667,52.202,0.07800000000000001,0.11066666666666668,70.12533333333334,0.011333333333333336,0.047333333333333345,0.7973333333333332,0.006666666666666667,0.11800000000000001,0.05933333333333334,0.06533333333333334,0.011333333333333336,0.4216666666666667
74,65,2015-04-15,4,3,2014-2015,Coop/São José Basketball,Paulistano,1,0.4003333333333333,0.107,0.23733333333333337,0.05600000000000001,0.17433333333333328,0.05266666666666668,0.12166666666666667,0.096,0.063,1.5873333333333335,0.035666666666666666,0.09833333333333333,37.072,0.11866666666666668,0.22433333333333333,53.31866666666667,0.05600000000000001,0.07166666666666668,76.57600000000001,0.004666666666666666,0.03733333333333334,0.6046666666666666,0.01566666666666667,0.09366666666666666,0.17800000000000005,0.063,0.014333333333333339,0.4766666666666667,0.4103333333333333,0.105,0.22333333333333333,0.08199999999999999,0.19033333333333335,0.062333333333333345,0.128,0.06633333333333334,0.06333333333333332,1.24,0.03500000000000001,0.106,32.982,0.11166666666666666,0.22633333333333333,49.68933333333333,0.08199999999999999,0.10866666666666668,75.95800000000001,0.007666666666666667,0.05166666666666667,0.9193333333333334,0.005333333333333334,0.10433333333333335,0.05133333333333335,0.06333333333333332,0.014333333333333335,0.4483333333333334
93,81,2015-04-16,4,3,2014-2015,Brasília,Pinheiros,1,0.4363333333333334,0.14400000000000002,0.208,0.08433333333333334,0.16299999999999998,0.034,0.12900000000000003,0.08766666666666666,0.07333333333333333,1.3313333333333333,0.048000000000000015,0.11733333333333332,40.443999999999996,0.104,0.17933333333333337,58.77799999999999,0.08433333333333334,0.10266666666666667,81.00066666666666,0.011333333333333336,0.03833333333333334,0.6006666666666666,0.015666666666666666,0.11133333333333333,0.14866666666666667,0.07333333333333333,0.011333333333333336,0.5046666666666667,0.4276666666666667,0.15499999999999997,0.198,0.07466666666666666,0.17200000000000001,0.051000000000000004,0.12100000000000002,0.07833333333333332,0.063,1.3199999999999998,0.05166666666666667,0.11900000000000002,43.141333333333336,0.099,0.19933333333333333,50.12066666666667,0.07466666666666666,0.09833333333333334,75.71933333333332,0.008666666666666666,0.03966666666666667,0.648,0.012000000000000004,0.11133333333333331,0.11133333333333333,0.063,0.014333333333333333,0.4753333333333334
63,56,2015-04-16,4,3,2014-2015,Palmeiras,Sesi Franca,1,0.3816666666666667,0.11699999999999999,0.19866666666666666,0.066,0.16866666666666666,0.05666666666666667,0.11199999999999997,0.07833333333333332,0.07133333333333332,1.1580000000000001,0.03900000000000001,0.11800000000000001,33.166666666666664,0.09933333333333333,0.19666666666666666,50.58666666666668,0.066,0.09666666666666666,69.25333333333333,0.013666666666666667,0.058,0.8540000000000002,0.008333333333333333,0.099,0.08866666666666669,0.07133333333333332,0.013666666666666667,0.4166666666666667,0.37533333333333346,0.12999999999999998,0.178,0.06733333333333333,0.16166666666666665,0.04700000000000001,0.11466666666666668,0.06833333333333333,0.085,0.8206666666666667,0.043333333333333335,0.10966666666666666,39.26666666666667,0.089,0.1756666666666667,50.97533333333333,0.06733333333333333,0.09600000000000002,68.01866666666668,0.013000000000000003,0.04400000000000001,0.5273333333333333,0.014333333333333333,0.10933333333333334,0.128,0.085,0.01966666666666667,0.3970000000000001
92,86,2015-04-17,4,3,2014-2015,Macaé Basquete,Minas,1,0.4053333333333334,0.10999999999999997,0.20000000000000004,0.09533333333333333,0.168,0.050333333333333334,0.11766666666666666,0.06666666666666668,0.07666666666666667,1.0046666666666668,0.03666666666666667,0.10066666666666668,35.904,0.10000000000000002,0.19433333333333333,51.32333333333334,0.09533333333333333,0.11466666666666667,82.94733333333333,0.006333333333333333,0.04233333333333334,0.588,0.007,0.12133333333333332,0.061333333333333344,0.07666666666666667,0.02166666666666667,0.43499999999999994,0.37266666666666665,0.10599999999999997,0.18733333333333332,0.07933333333333333,0.16233333333333336,0.046666666666666676,0.11566666666666667,0.07833333333333334,0.068,1.2546666666666666,0.035333333333333335,0.11500000000000003,30.45533333333333,0.09366666666666666,0.18333333333333338,51.18,0.07933333333333333,0.11366666666666665,69.44933333333333,0.011000000000000003,0.04900000000000001,0.7919999999999999,0.005999999999999999,0.11666666666666667,0.05466666666666666,0.068,0.012000000000000004,0.39666666666666667
73,64,2015-04-19,5,3,2014-2015,Sesi Franca,Palmeiras,1,0.37166666666666676,0.13299999999999998,0.17266666666666666,0.06600000000000002,0.16599999999999998,0.04966666666666666,0.11633333333333334,0.06833333333333333,0.08600000000000002,0.814,0.044333333333333336,0.11433333333333334,39.35,0.08633333333333333,0.17200000000000004,50.55333333333333,0.06600000000000002,0.09666666666666666,66.32199999999999,0.013000000000000001,0.04700000000000001,0.5606666666666666,0.015000000000000001,0.11033333333333334,0.134,0.08600000000000002,0.021333333333333336,0.39566666666666667,0.3696666666666667,0.108,0.19333333333333333,0.06833333333333334,0.16933333333333334,0.05566666666666667,0.11366666666666664,0.07533333333333332,0.07366666666666669,1.0886666666666664,0.036000000000000004,0.11600000000000002,31.243333333333332,0.09666666666666666,0.19366666666666668,50.053333333333335,0.06833333333333334,0.09966666666666665,69.67733333333334,0.01333333333333333,0.059000000000000004,0.8533333333333334,0.007666666666666666,0.103,0.07733333333333335,0.07366666666666669,0.015333333333333334,0.3990000000000001
93,76,2015-04-22,1,4,2014-2015,Limeira,Brasília,1,0.4086666666666667,0.13499999999999998,0.19666666666666666,0.077,0.158,0.041666666666666664,0.11633333333333333,0.088,0.056333333333333346,1.714,0.045000000000000005,0.11333333333333334,39.912000000000006,0.09833333333333333,0.18566666666666665,52.93466666666667,0.077,0.09833333333333334,77.30933333333334,0.009666666666666667,0.04666666666666667,0.874,0.014000000000000002,0.098,0.14866666666666664,0.056333333333333346,0.012000000000000002,0.48200000000000004,0.43833333333333335,0.146,0.21066666666666667,0.08166666666666668,0.1633333333333333,0.035666666666666666,0.12766666666666665,0.08733333333333332,0.07200000000000001,1.3419999999999999,0.04866666666666668,0.11633333333333333,41.37733333333334,0.10533333333333333,0.18400000000000002,57.829333333333324,0.08166666666666668,0.09966666666666665,80.90066666666667,0.011333333333333336,0.03833333333333334,0.6073333333333333,0.01733333333333333,0.109,0.16533333333333333,0.07200000000000001,0.011000000000000003,0.5083333333333333
85,62,2015-04-23,1,4,2014-2015,Flamengo,Coop/São José Basketball,1,0.4559999999999999,0.154,0.21666666666666667,0.08533333333333333,0.18966666666666668,0.053333333333333344,0.13633333333333336,0.09300000000000001,0.06033333333333335,1.7353333333333332,0.05133333333333335,0.12233333333333335,42.2,0.10833333333333334,0.192,56.16133333333334,0.08533333333333333,0.113,75.53266666666667,0.009333333333333334,0.04300000000000001,0.7660000000000001,0.008333333333333333,0.08900000000000001,0.10066666666666668,0.06033333333333335,0.007333333333333334,0.5473333333333332,0.39633333333333337,0.10800000000000001,0.23,0.05833333333333334,0.17799999999999996,0.05300000000000001,0.125,0.09366666666666665,0.06266666666666668,1.5546666666666666,0.036000000000000004,0.09899999999999998,37.156,0.115,0.222,52.18533333333333,0.05833333333333334,0.07633333333333335,75.37933333333334,0.004333333333333332,0.03500000000000001,0.5679999999999998,0.01666666666666667,0.09566666666666665,0.18200000000000002,0.06266666666666668,0.01266666666666667,0.469
84,72,2015-04-23,1,4,2014-2015,Mogi,Macaé Basquete,1,0.43666666666666665,0.12000000000000001,0.21866666666666665,0.09800000000000002,0.1833333333333333,0.062000000000000006,0.12133333333333333,0.08133333333333331,0.06433333333333334,1.3419999999999999,0.04000000000000001,0.10933333333333335,36.724666666666664,0.10933333333333332,0.20199999999999999,54.40466666666667,0.09800000000000002,0.13,73.66,0.007666666666666667,0.04700000000000001,0.788,0.010000000000000002,0.11766666666666668,0.08933333333333335,0.06433333333333334,0.014666666666666666,0.49966666666666676,0.41400000000000003,0.11899999999999998,0.1993333333333333,0.09566666666666666,0.16800000000000004,0.05033333333333335,0.11766666666666664,0.07100000000000001,0.07633333333333335,1.0673333333333335,0.03966666666666666,0.10333333333333335,37.756,0.09966666666666665,0.18966666666666668,52.887333333333345,0.09566666666666666,0.11599999999999998,82.3,0.006666666666666667,0.04000000000000001,0.5586666666666666,0.006333333333333332,0.12200000000000001,0.05466666666666666,0.07633333333333335,0.021000000000000005,0.4489999999999999
82,55,2015-04-24,1,4,2014-2015,Bauru Basket,Sesi Franca,1,0.4640000000000001,0.17900000000000002,0.20066666666666666,0.08433333333333334,0.18499999999999997,0.045000000000000005,0.14000000000000004,0.09566666666666669,0.05666666666666668,1.8386666666666664,0.059666666666666666,0.14400000000000004,41.33866666666667,0.10033333333333333,0.17033333333333334,58.914,0.08433333333333334,0.10233333333333335,81.35,0.008666666666666666,0.05133333333333335,0.9946666666666665,0.009000000000000001,0.08499999999999999,0.11200000000000002,0.05666666666666668,0.008666666666666665,0.5760000000000001,0.36966666666666675,0.13,0.17133333333333337,0.06833333333333334,0.16766666666666666,0.051666666666666666,0.116,0.06733333333333333,0.08700000000000002,0.794,0.04333333333333334,0.11366666666666667,38.60933333333333,0.08566666666666668,0.17066666666666666,50.55333333333333,0.06833333333333334,0.09933333333333334,66.63533333333332,0.012666666666666666,0.048999999999999995,0.5766666666666667,0.016666666666666666,0.11033333333333332,0.1486666666666667,0.08700000000000002,0.022333333333333337,0.397
85,93,2015-04-24,2,4,2014-2015,Limeira,Brasília,0,0.41,0.134,0.19933333333333333,0.07666666666666666,0.15733333333333335,0.044333333333333336,0.113,0.09,0.05666666666666667,1.7386666666666668,0.04466666666666667,0.11066666666666668,40.523999999999994,0.09966666666666667,0.1866666666666666,53.28733333333332,0.07666666666666666,0.09766666666666665,77.59333333333333,0.010333333333333335,0.04833333333333334,0.896,0.013333333333333332,0.09766666666666665,0.14333333333333334,0.05666666666666667,0.012000000000000002,0.48833333333333334,0.434,0.142,0.21066666666666664,0.08133333333333333,0.16,0.037333333333333336,0.12266666666666669,0.086,0.07333333333333333,1.306,0.047333333333333345,0.11366666666666667,40.99066666666668,0.10533333333333332,0.18533333333333332,57.38,0.08133333333333333,0.10066666666666668,79.626,0.01,0.03833333333333334,0.5973333333333333,0.017333333333333333,0.11099999999999999,0.16,0.07333333333333333,0.010666666666666666,0.49666666666666676
76,82,2015-04-25,2,4,2014-2015,Flamengo,Coop/São José Basketball,0,0.4519999999999999,0.15199999999999997,0.21666666666666665,0.08333333333333331,0.19,0.054000000000000006,0.136,0.09066666666666667,0.06000000000000002,1.698,0.05066666666666668,0.12033333333333335,42.269999999999996,0.10833333333333332,0.1933333333333333,55.80933333333333,0.08333333333333331,0.11233333333333334,74.09533333333334,0.010666666666666666,0.04400000000000001,0.7973333333333332,0.008,0.09033333333333335,0.09466666666666666,0.06000000000000002,0.007333333333333334,0.541,0.3916666666666666,0.10700000000000001,0.22733333333333336,0.05733333333333333,0.17666666666666664,0.05233333333333335,0.12433333333333332,0.09166666666666666,0.062000000000000006,1.54,0.03566666666666667,0.09799999999999999,37.10733333333333,0.11366666666666668,0.22233333333333333,51.44533333333333,0.05733333333333333,0.07533333333333334,74.99000000000001,0.004333333333333332,0.03333333333333334,0.5506666666666666,0.014333333333333335,0.09499999999999999,0.16,0.062000000000000006,0.013333333333333338,0.4566666666666667
84,89,2015-04-25,2,4,2014-2015,Mogi,Macaé Basquete,0,0.43599999999999994,0.121,0.21933333333333335,0.09566666666666669,0.18299999999999997,0.062000000000000006,0.121,0.08233333333333333,0.06666666666666667,1.32,0.04033333333333334,0.10766666666666667,37.532666666666664,0.10966666666666668,0.20533333333333334,53.51599999999999,0.09566666666666669,0.12766666666666668,73.14133333333332,0.007333333333333333,0.04966666666666667,0.8006666666666666,0.010000000000000002,0.11900000000000002,0.08666666666666668,0.06666666666666667,0.014333333333333335,0.499,0.41166666666666674,0.121,0.1953333333333333,0.09533333333333334,0.168,0.048333333333333346,0.11966666666666666,0.07200000000000001,0.07966666666666669,1.046,0.04033333333333334,0.10366666666666667,38.20266666666667,0.09766666666666665,0.1876666666666667,52.178000000000004,0.09533333333333334,0.11433333333333333,83.37866666666667,0.006666666666666668,0.042333333333333334,0.5673333333333335,0.006666666666666666,0.12166666666666666,0.05733333333333333,0.07966666666666669,0.021000000000000005,0.44866666666666666
71,74,2015-04-26,2,4,2014-2015,Bauru Basket,Sesi Franca,0,0.463,0.174,0.20333333333333334,0.08566666666666668,0.1873333333333333,0.04500000000000001,0.1423333333333333,0.09466666666666668,0.057,1.812,0.058,0.13833333333333334,41.64533333333332,0.10166666666666667,0.1713333333333333,59.34466666666666,0.08566666666666668,0.10333333333333333,81.93200000000002,0.008,0.04866666666666668,0.9439999999999998,0.009000000000000001,0.08499999999999999,0.11200000000000002,0.057,0.009,0.578,0.3640000000000001,0.12499999999999999,0.17066666666666666,0.06833333333333333,0.166,0.04933333333333334,0.11666666666666667,0.067,0.084,0.8286666666666667,0.04166666666666667,0.11300000000000002,37.391333333333336,0.08533333333333333,0.17300000000000001,49.75,0.06833333333333333,0.09800000000000002,68.08333333333333,0.011000000000000003,0.048666666666666664,0.5986666666666667,0.016,0.11100000000000002,0.14133333333333334,0.084,0.021000000000000005,0.389
83,98,2015-04-27,3,4,2014-2015,Brasília,Limeira,0,0.42966666666666664,0.142,0.20400000000000004,0.08366666666666665,0.15833333333333333,0.037333333333333336,0.12100000000000002,0.08533333333333332,0.07600000000000001,1.2226666666666663,0.047333333333333345,0.11166666666666666,41.916666666666664,0.10200000000000002,0.1806666666666667,57.071999999999996,0.08366666666666665,0.101,81.24666666666667,0.009333333333333332,0.03900000000000001,0.5726666666666667,0.018000000000000002,0.11366666666666667,0.164,0.07600000000000001,0.011333333333333332,0.494,0.4139999999999999,0.13500000000000004,0.19666666666666668,0.08233333333333334,0.15433333333333335,0.044666666666666674,0.10966666666666666,0.08966666666666666,0.05866666666666666,1.6813333333333336,0.045000000000000005,0.11333333333333334,39.86466666666667,0.09833333333333334,0.18299999999999994,53.649333333333324,0.08233333333333334,0.10366666666666664,78.982,0.009333333333333334,0.049666666666666665,0.8946666666666665,0.012333333333333333,0.102,0.13066666666666665,0.05866666666666666,0.012,0.487
68,86,2015-04-28,3,4,2014-2015,Coop/São José Basketball,Flamengo,0,0.39466666666666667,0.108,0.22733333333333336,0.059333333333333335,0.17566666666666667,0.05166666666666667,0.12400000000000001,0.089,0.05966666666666666,1.5746666666666667,0.036000000000000004,0.09899999999999999,37.10733333333334,0.11366666666666668,0.222,51.537333333333336,0.059333333333333335,0.07733333333333334,76.06133333333332,0.004666666666666666,0.03266666666666667,0.5573333333333333,0.013666666666666667,0.09566666666666666,0.15266666666666664,0.05966666666666666,0.011666666666666669,0.4566666666666667,0.4446666666666666,0.14699999999999996,0.21333333333333332,0.08433333333333333,0.188,0.051666666666666666,0.13633333333333333,0.08600000000000001,0.05666666666666668,1.716,0.049000000000000016,0.12366666666666666,39.91066666666667,0.10666666666666666,0.18966666666666665,56.11266666666666,0.08433333333333333,0.11166666666666668,75.21133333333334,0.009666666666666665,0.04300000000000001,0.83,0.007666666666666666,0.09066666666666667,0.09000000000000001,0.05666666666666668,0.007666666666666668,0.5276666666666666
76,89,2015-04-29,4,4,2014-2015,Brasília,Limeira,0,0.4313333333333333,0.14699999999999996,0.1993333333333334,0.085,0.15433333333333332,0.03900000000000001,0.11533333333333333,0.0836666666666667,0.07566666666666665,1.2066666666666663,0.04900000000000001,0.11333333333333334,43.04466666666667,0.0996666666666667,0.17900000000000002,56.42399999999999,0.085,0.10166666666666666,82.64533333333333,0.009333333333333334,0.03833333333333334,0.5666666666666667,0.018000000000000002,0.11600000000000002,0.16133333333333333,0.07566666666666665,0.011666666666666665,0.48966666666666664,0.42366666666666664,0.14000000000000004,0.198,0.08566666666666668,0.152,0.043333333333333335,0.10866666666666668,0.09,0.057333333333333326,1.7033333333333334,0.04666666666666666,0.11433333333333334,41.00933333333333,0.099,0.18233333333333332,54.19533333333334,0.08566666666666668,0.10533333333333332,80.91400000000002,0.010000000000000002,0.05033333333333334,0.9166666666666665,0.013000000000000001,0.103,0.136,0.057333333333333326,0.013000000000000001,0.501
78,69,2015-04-29,3,4,2014-2015,Macaé Basquete,Mogi,1,0.41300000000000003,0.12399999999999999,0.196,0.093,0.16566666666666668,0.049000000000000016,0.11666666666666668,0.07366666666666669,0.07866666666666668,1.074,0.04133333333333333,0.10400000000000002,38.980000000000004,0.098,0.1876666666666667,52.374,0.093,0.11166666666666666,83.25800000000001,0.006666666666666668,0.04333333333333334,0.5860000000000001,0.006666666666666666,0.12033333333333333,0.05733333333333333,0.07866666666666668,0.02033333333333334,0.4526666666666666,0.4386666666666666,0.12200000000000001,0.22466666666666668,0.09200000000000001,0.18066666666666667,0.06433333333333334,0.11633333333333332,0.08066666666666665,0.068,1.272,0.04066666666666668,0.10766666666666666,37.86599999999999,0.11233333333333334,0.21066666666666667,53.425999999999995,0.09200000000000001,0.12300000000000003,73.03,0.007,0.05100000000000001,0.8086666666666668,0.010666666666666668,0.11933333333333333,0.09266666666666669,0.068,0.013666666666666667,0.497
81,76,2015-04-30,4,4,2014-2015,Coop/São José Basketball,Flamengo,1,0.39499999999999996,0.10899999999999999,0.22800000000000004,0.05800000000000001,0.1756666666666667,0.05300000000000001,0.12266666666666667,0.08700000000000001,0.06133333333333333,1.5079999999999998,0.03633333333333333,0.10033333333333334,37.10733333333334,0.11400000000000002,0.21966666666666665,52.24999999999999,0.05800000000000001,0.07666666666666667,74.712,0.003999999999999999,0.03133333333333334,0.5146666666666666,0.014333333333333335,0.09533333333333333,0.1613333333333333,0.06133333333333333,0.011666666666666669,0.4536666666666667,0.44533333333333325,0.14999999999999997,0.21600000000000003,0.07933333333333331,0.18633333333333332,0.05033333333333334,0.136,0.08733333333333333,0.05600000000000002,1.7519999999999998,0.05000000000000002,0.12400000000000001,40.57533333333334,0.10800000000000001,0.18933333333333335,56.94333333333334,0.07933333333333331,0.10533333333333332,75.694,0.011,0.044666666666666674,0.8653333333333333,0.007666666666666667,0.09000000000000002,0.09066666666666669,0.05600000000000002,0.007666666666666668,0.534
67,75,2015-04-30,3,4,2014-2015,Sesi Franca,Bauru Basket,0,0.3600000000000001,0.12699999999999997,0.17066666666666666,0.06233333333333333,0.1706666666666666,0.05133333333333335,0.11933333333333333,0.06833333333333334,0.08033333333333334,0.9253333333333332,0.04233333333333334,0.11400000000000002,37.66266666666666,0.08533333333333333,0.1766666666666667,48.617333333333335,0.06233333333333333,0.09233333333333335,66.37866666666666,0.010000000000000002,0.048666666666666664,0.6466666666666667,0.015000000000000001,0.10866666666666668,0.13466666666666666,0.08033333333333334,0.020000000000000004,0.3893333333333333,0.45033333333333336,0.166,0.19799999999999998,0.08633333333333335,0.185,0.04433333333333333,0.1406666666666667,0.09200000000000001,0.05766666666666668,1.7406666666666666,0.05533333333333334,0.13700000000000004,40.51066666666667,0.09899999999999999,0.16833333333333336,58.54,0.08633333333333335,0.10366666666666667,82.48733333333334,0.007666666666666668,0.047000000000000014,0.9053333333333332,0.009333333333333334,0.08600000000000001,0.11533333333333334,0.05766666666666668,0.009666666666666665,0.5576666666666666
73,91,2015-05-01,4,4,2014-2015,Macaé Basquete,Mogi,0,0.4166666666666667,0.12699999999999997,0.19799999999999998,0.09166666666666666,0.16533333333333333,0.04866666666666668,0.11666666666666667,0.07466666666666666,0.079,1.0826666666666667,0.042333333333333334,0.10466666666666667,39.618,0.09899999999999999,0.18533333333333335,53.96,0.09166666666666666,0.11066666666666666,82.86066666666667,0.007333333333333335,0.042666666666666665,0.5760000000000001,0.005666666666666666,0.12233333333333332,0.044000000000000004,0.079,0.02033333333333334,0.45833333333333326,0.43366666666666653,0.12000000000000001,0.22266666666666668,0.091,0.17800000000000002,0.06366666666666668,0.11433333333333331,0.07766666666666665,0.06733333333333333,1.24,0.040000000000000015,0.109,36.87533333333333,0.11133333333333334,0.20966666666666664,53.19333333333332,0.091,0.12166666666666667,73.12533333333334,0.006666666666666668,0.05033333333333334,0.8079999999999999,0.009333333333333334,0.12166666666666669,0.07933333333333334,0.06733333333333333,0.012666666666666666,0.4833333333333333
78,67,2015-05-02,4,4,2014-2015,Sesi Franca,Bauru Basket,1,0.3583333333333334,0.13099999999999998,0.16733333333333336,0.060000000000000005,0.16766666666666666,0.049333333333333354,0.11833333333333333,0.06833333333333334,0.076,0.9646666666666666,0.04366666666666667,0.11766666666666666,37.65133333333333,0.08366666666666668,0.17533333333333337,48.01533333333334,0.060000000000000005,0.08933333333333332,66.00866666666667,0.008666666666666666,0.048666666666666664,0.6793333333333335,0.014000000000000002,0.10933333333333334,0.126,0.076,0.017333333333333333,0.386,0.4453333333333334,0.164,0.196,0.08533333333333333,0.18333333333333332,0.043333333333333335,0.14,0.09066666666666667,0.055666666666666684,1.7486666666666664,0.05466666666666667,0.13533333333333336,40.434000000000005,0.098,0.16666666666666666,58.49399999999999,0.08533333333333333,0.105,81.0,0.007666666666666668,0.048333333333333346,0.9380000000000001,0.008,0.08366666666666665,0.10400000000000001,0.055666666666666684,0.008666666666666666,0.5510000000000002
91,84,2015-05-04,5,4,2014-2015,Mogi,Macaé Basquete,1,0.4346666666666666,0.12000000000000001,0.22800000000000004,0.08666666666666667,0.18166666666666667,0.06533333333333333,0.11633333333333334,0.07766666666666665,0.06633333333333333,1.2553333333333334,0.040000000000000015,0.11166666666666666,35.792666666666655,0.11400000000000002,0.21099999999999997,54.146,0.08666666666666667,0.11800000000000002,72.07733333333334,0.006666666666666668,0.05133333333333334,0.834,0.009666666666666667,0.12133333333333335,0.08266666666666668,0.06633333333333333,0.012666666666666666,0.48800000000000004,0.41800000000000004,0.13199999999999998,0.19199999999999998,0.09400000000000001,0.16533333333333336,0.04833333333333334,0.11699999999999999,0.077,0.07899999999999999,1.1253333333333333,0.044000000000000004,0.11266666666666668,39.188,0.09599999999999999,0.178,54.01733333333333,0.09400000000000001,0.11233333333333334,83.68200000000002,0.007333333333333334,0.04266666666666667,0.5760000000000001,0.005666666666666666,0.12366666666666666,0.043333333333333335,0.07899999999999999,0.019333333333333334,0.4606666666666666
78,72,2015-05-05,5,4,2014-2015,Bauru Basket,Sesi Franca,1,0.4393333333333334,0.162,0.19333333333333333,0.084,0.18133333333333332,0.041666666666666664,0.1396666666666667,0.09033333333333332,0.05566666666666668,1.7426666666666661,0.054000000000000006,0.13500000000000004,40.02866666666667,0.09666666666666666,0.1653333333333333,58.047999999999995,0.084,0.10466666666666667,80.06466666666667,0.008333333333333333,0.047333333333333345,0.9213333333333332,0.008,0.08433333333333334,0.10333333333333333,0.05566666666666668,0.008333333333333333,0.5403333333333333,0.36100000000000004,0.13499999999999998,0.16800000000000004,0.05800000000000001,0.168,0.04866666666666668,0.11933333333333333,0.07066666666666668,0.07433333333333333,1.0213333333333334,0.04500000000000002,0.12033333333333333,37.83933333333333,0.08400000000000002,0.17366666666666666,48.702000000000005,0.05800000000000001,0.08666666666666667,65.592,0.009333333333333334,0.049000000000000016,0.7013333333333335,0.014333333333333335,0.11033333333333335,0.12866666666666668,0.07433333333333333,0.018333333333333333,0.39499999999999996
98,64,2015-05-05,5,4,2014-2015,Flamengo,Coop/São José Basketball,1,0.445,0.15,0.21666666666666667,0.07833333333333332,0.18533333333333335,0.05233333333333334,0.13300000000000003,0.08766666666666664,0.05366666666666668,1.858666666666667,0.05000000000000002,0.12566666666666668,39.95133333333334,0.10833333333333334,0.19366666666666668,56.00066666666666,0.07833333333333332,0.10400000000000002,75.77733333333335,0.011000000000000001,0.047,0.9900000000000001,0.008,0.09100000000000003,0.09333333333333335,0.05366666666666668,0.007333333333333335,0.5326666666666666,0.39866666666666667,0.10700000000000001,0.23133333333333336,0.060333333333333336,0.17600000000000002,0.05000000000000002,0.126,0.08833333333333335,0.06133333333333334,1.532,0.035666666666666666,0.10166666666666667,36.16733333333333,0.11566666666666668,0.21466666666666664,54.345333333333336,0.060333333333333336,0.08000000000000002,74.52666666666666,0.003666666666666666,0.030333333333333334,0.49599999999999994,0.013000000000000003,0.09733333333333333,0.1373333333333333,0.06133333333333334,0.011333333333333336,0.46033333333333337
78,85,2015-05-09,1,5,2014-2015,Limeira,Flamengo,0,0.425,0.13500000000000004,0.20600000000000004,0.08400000000000002,0.15333333333333332,0.04333333333333334,0.11000000000000001,0.08833333333333333,0.05966666666666666,1.6326666666666667,0.045000000000000005,0.10966666666666665,41.522,0.10300000000000002,0.187,54.88266666666666,0.08400000000000002,0.1033333333333333,80.99933333333334,0.012,0.05033333333333334,0.8973333333333334,0.012333333333333333,0.10400000000000001,0.12866666666666668,0.05966666666666666,0.014,0.5016666666666667,0.44733333333333325,0.151,0.222,0.07433333333333332,0.1796666666666667,0.05100000000000001,0.12866666666666668,0.08933333333333332,0.05200000000000001,2.0,0.05033333333333334,0.126,40.08933333333334,0.111,0.19433333333333336,57.068666666666665,0.07433333333333332,0.09866666666666667,75.42200000000001,0.012,0.047333333333333345,1.0513333333333335,0.008333333333333333,0.09166666666666669,0.09733333333333336,0.05200000000000001,0.007000000000000002,0.5366666666666667
73,81,2015-05-10,1,5,2014-2015,Bauru Basket,Mogi,0,0.43466666666666665,0.16100000000000003,0.18866666666666668,0.08499999999999999,0.18133333333333335,0.04100000000000001,0.14033333333333334,0.092,0.05466666666666667,1.8166666666666664,0.053666666666666675,0.13466666666666666,39.858,0.09433333333333334,0.16299999999999998,57.532000000000004,0.08499999999999999,0.10500000000000001,80.83666666666667,0.008666666666666666,0.045666666666666675,0.9073333333333334,0.008,0.082,0.10333333333333333,0.05466666666666667,0.008666666666666666,0.5373333333333333,0.4313333333333333,0.114,0.2246666666666667,0.09266666666666667,0.181,0.06566666666666666,0.11533333333333333,0.076,0.06466666666666666,1.2606666666666666,0.03800000000000001,0.11033333333333335,34.378,0.11233333333333335,0.20733333333333331,54.346666666666664,0.09266666666666667,0.12666666666666668,72.18533333333333,0.007000000000000002,0.05133333333333335,0.8626666666666668,0.009666666666666667,0.12133333333333335,0.08266666666666667,0.06466666666666666,0.013333333333333334,0.48266666666666663
73,92,2015-05-11,2,5,2014-2015,Limeira,Flamengo,0,0.42366666666666664,0.138,0.20466666666666666,0.081,0.153,0.04366666666666667,0.10933333333333332,0.08733333333333333,0.060333333333333315,1.6120000000000005,0.04600000000000001,0.10833333333333332,43.071999999999996,0.10233333333333333,0.1886666666666667,53.973333333333336,0.081,0.09966666666666665,80.956,0.012666666666666665,0.05066666666666667,0.896,0.011000000000000003,0.10666666666666666,0.1146666666666667,0.060333333333333315,0.013000000000000001,0.498,0.44899999999999995,0.14400000000000002,0.22666666666666668,0.07833333333333335,0.17933333333333332,0.04966666666666667,0.12966666666666668,0.09,0.052333333333333336,2.002666666666667,0.04800000000000001,0.12266666666666667,39.48333333333334,0.11333333333333334,0.19700000000000004,57.83266666666666,0.07833333333333335,0.10166666666666667,76.82199999999999,0.011666666666666665,0.04900000000000001,1.0706666666666669,0.008666666666666665,0.09366666666666669,0.10000000000000003,0.052333333333333336,0.005999999999999999,0.5419999999999999
84,81,2015-05-12,2,5,2014-2015,Bauru Basket,Mogi,1,0.42900000000000005,0.155,0.18533333333333332,0.08866666666666667,0.1796666666666667,0.041999999999999996,0.13766666666666666,0.09033333333333332,0.05600000000000001,1.775333333333333,0.05166666666666668,0.136,38.346000000000004,0.09266666666666666,0.15933333333333335,57.83599999999999,0.08866666666666667,0.10933333333333334,80.57200000000002,0.009000000000000001,0.046333333333333344,0.908,0.008333333333333333,0.08233333333333333,0.10666666666666667,0.05600000000000001,0.009666666666666665,0.526,0.4273333333333334,0.11,0.2246666666666667,0.09266666666666666,0.17866666666666664,0.06266666666666666,0.116,0.073,0.06466666666666666,1.2146666666666666,0.036666666666666674,0.10800000000000001,34.233333333333334,0.11233333333333335,0.20733333333333331,54.346666666666664,0.09266666666666666,0.125,73.52266666666667,0.006333333333333334,0.05233333333333334,0.8780000000000001,0.009000000000000001,0.12233333333333334,0.07666666666666667,0.06466666666666666,0.014,0.47633333333333333
76,67,2015-05-14,3,5,2014-2015,Flamengo,Limeira,1,0.45,0.153,0.22333333333333336,0.07366666666666669,0.17666666666666667,0.049000000000000016,0.12766666666666668,0.09266666666666667,0.052000000000000005,2.0573333333333332,0.051,0.12633333333333333,40.80800000000001,0.11166666666666668,0.19500000000000003,57.568666666666665,0.07366666666666669,0.09600000000000002,76.61666666666666,0.012,0.04900000000000001,1.076,0.009333333333333334,0.09200000000000001,0.10866666666666669,0.052000000000000005,0.005999999999999999,0.5446666666666666,0.4223333333333334,0.13600000000000004,0.20533333333333334,0.081,0.15333333333333335,0.045666666666666675,0.10766666666666666,0.08666666666666668,0.061666666666666654,1.5606666666666669,0.04533333333333334,0.109,42.00733333333333,0.10266666666666667,0.1886666666666667,54.12799999999999,0.081,0.09866666666666667,82.06666666666665,0.013999999999999997,0.05066666666666667,0.8733333333333333,0.009666666666666667,0.10833333333333332,0.09400000000000001,0.061666666666666654,0.012333333333333332,0.4936666666666667
85,78,2015-05-15,3,5,2014-2015,Mogi,Bauru Basket,1,0.42766666666666675,0.108,0.226,0.09366666666666666,0.17399999999999996,0.05899999999999998,0.115,0.07200000000000002,0.065,1.1893333333333336,0.03600000000000001,0.10566666666666666,34.28733333333333,0.113,0.2033333333333333,55.66599999999999,0.09366666666666666,0.12500000000000003,74.57533333333335,0.006666666666666668,0.050333333333333355,0.8393333333333335,0.008666666666666666,0.12366666666666666,0.07200000000000001,0.065,0.014000000000000004,0.47566666666666674,0.42166666666666663,0.157,0.17866666666666664,0.086,0.1736666666666667,0.04033333333333333,0.13333333333333333,0.09166666666666665,0.05633333333333334,1.7833333333333328,0.05233333333333334,0.13499999999999998,39.042666666666676,0.08933333333333332,0.155,57.40866666666666,0.086,0.10533333333333333,81.16733333333335,0.008666666666666668,0.045333333333333344,0.8606666666666669,0.008,0.08466666666666665,0.10266666666666667,0.05633333333333334,0.010333333333333333,0.5163333333333333
91,98,2015-05-17,4,5,2014-2015,Mogi,Bauru Basket,0,0.42000000000000004,0.105,0.22800000000000004,0.08700000000000001,0.17633333333333331,0.061999999999999986,0.11433333333333336,0.07100000000000002,0.066,1.15,0.03500000000000001,0.10466666666666669,33.742,0.11400000000000002,0.20800000000000002,54.876666666666665,0.08700000000000001,0.11733333333333335,74.09066666666668,0.006666666666666669,0.04966666666666668,0.8153333333333335,0.009333333333333334,0.12233333333333334,0.078,0.066,0.015333333333333336,0.4656666666666667,0.41866666666666663,0.15400000000000003,0.176,0.08866666666666664,0.1713333333333334,0.04133333333333333,0.13,0.08866666666666667,0.057666666666666665,1.7113333333333334,0.05133333333333334,0.13500000000000004,38.39733333333333,0.088,0.15233333333333335,57.63466666666667,0.08866666666666664,0.10800000000000001,81.68666666666667,0.007000000000000002,0.04300000000000001,0.812,0.007000000000000001,0.087,0.08400000000000002,0.057666666666666665,0.012,0.5036666666666667
77,65,2015-05-20,5,5,2014-2015,Bauru Basket,Mogi,1,0.4216666666666667,0.155,0.174,0.09266666666666665,0.17333333333333337,0.04300000000000001,0.13033333333333333,0.08866666666666667,0.05866666666666666,1.6960000000000002,0.05166666666666667,0.13899999999999998,37.203333333333326,0.087,0.15066666666666667,57.476,0.09266666666666665,0.11366666666666667,81.236,0.006666666666666668,0.04066666666666667,0.7726666666666667,0.007666666666666667,0.09233333333333334,0.08533333333333334,0.05866666666666666,0.014,0.5013333333333333,0.4206666666666667,0.111,0.22466666666666668,0.085,0.179,0.06299999999999999,0.11600000000000002,0.07333333333333335,0.06733333333333334,1.1526666666666665,0.03700000000000001,0.10966666666666668,33.96333333333333,0.11233333333333334,0.20866666666666672,53.967333333333336,0.085,0.11633333333333334,73.26133333333333,0.007333333333333335,0.04900000000000001,0.7733333333333334,0.010000000000000002,0.126,0.08133333333333333,0.06733333333333334,0.01666666666666667,0.46366666666666667
91,69,2015-05-26,1,6,2014-2015,Flamengo,Bauru Basket,1,0.44566666666666666,0.14800000000000002,0.22333333333333333,0.07433333333333333,0.17266666666666666,0.047000000000000014,0.12566666666666668,0.09333333333333334,0.048,2.14,0.04933333333333334,0.125,39.80800000000001,0.11166666666666666,0.1953333333333334,57.46266666666666,0.07433333333333333,0.09733333333333333,76.03333333333333,0.012666666666666666,0.04933333333333334,1.1119999999999999,0.010333333333333333,0.093,0.11866666666666668,0.048,0.007,0.541,0.4106666666666667,0.15400000000000003,0.16533333333333336,0.09133333333333332,0.17600000000000002,0.04633333333333334,0.12966666666666665,0.08866666666666667,0.06066666666666666,1.6320000000000001,0.05133333333333334,0.14400000000000002,35.459333333333326,0.08266666666666668,0.148,55.772,0.09133333333333332,0.11166666666666668,81.712,0.005666666666666667,0.04066666666666667,0.7333333333333333,0.007000000000000001,0.09266666666666667,0.07800000000000003,0.06066666666666666,0.014666666666666668,0.484
67,77,2015-05-30,2,6,2014-2015,Bauru Basket,Flamengo,0,0.408,0.14800000000000002,0.16733333333333336,0.09266666666666666,0.17633333333333334,0.04633333333333334,0.13,0.08733333333333335,0.05966666666666666,1.636,0.04933333333333334,0.13933333333333336,35.03666666666666,0.08366666666666668,0.154,54.24600000000001,0.09266666666666666,0.114,81.32066666666667,0.005333333333333334,0.038000000000000006,0.7000000000000001,0.006666666666666667,0.09266666666666666,0.07333333333333333,0.05966666666666666,0.013666666666666667,0.47500000000000003,0.44166666666666665,0.145,0.22733333333333333,0.06933333333333333,0.17633333333333334,0.045333333333333344,0.13100000000000003,0.09533333333333334,0.04800000000000001,2.1799999999999997,0.04833333333333334,0.125,39.14133333333334,0.11366666666666667,0.19733333333333336,57.84533333333332,0.06933333333333333,0.09066666666666666,76.71733333333333,0.013000000000000001,0.04766666666666667,1.0786666666666667,0.011000000000000001,0.09233333333333334,0.126,0.04800000000000001,0.008,0.5423333333333334
77,73,2015-11-02,1,1,2015-2016,Bauru Basket,Flamengo,1,0.0,0.0,0.0,0.0,0.0,0.0,0.0,0.0,0.0,0.0,0.0,0.0,0.0,0.0,0.0,0.0,0.0,0.0,0.0,0.0,0.0,0.0,0.0,0.0,0.0,0.0,0.0,0.0,0.0,0.0,0.0,0.0,0.0,0.0,0.0,0.0,0.0,0.0,0.0,0.0,0.0,0.0,0.0,0.0,0.0,0.0,0.0,0.0,0.0,0.0,0.0,0.0,0.0,0.0,0.0,0.0
77,73,2015-11-03,1,1,2015-2016,Sesi Franca,Macaé Basquete,1,0.0,0.0,0.0,0.0,0.0,0.0,0.0,0.0,0.0,0.0,0.0,0.0,0.0,0.0,0.0,0.0,0.0,0.0,0.0,0.0,0.0,0.0,0.0,0.0,0.0,0.0,0.0,0.0,0.0,0.0,0.0,0.0,0.0,0.0,0.0,0.0,0.0,0.0,0.0,0.0,0.0,0.0,0.0,0.0,0.0,0.0,0.0,0.0,0.0,0.0,0.0,0.0,0.0,0.0,0.0,0.0
82,67,2015-11-03,1,1,2015-2016,Rio Claro,L. Sorocabana,1,0.0,0.0,0.0,0.0,0.0,0.0,0.0,0.0,0.0,0.0,0.0,0.0,0.0,0.0,0.0,0.0,0.0,0.0,0.0,0.0,0.0,0.0,0.0,0.0,0.0,0.0,0.0,0.0,0.0,0.0,0.0,0.0,0.0,0.0,0.0,0.0,0.0,0.0,0.0,0.0,0.0,0.0,0.0,0.0,0.0,0.0,0.0,0.0,0.0,0.0,0.0,0.0,0.0,0.0,0.0,0.0
75,63,2015-11-04,1,1,2015-2016,Pinheiros,Minas,1,0.0,0.0,0.0,0.0,0.0,0.0,0.0,0.0,0.0,0.0,0.0,0.0,0.0,0.0,0.0,0.0,0.0,0.0,0.0,0.0,0.0,0.0,0.0,0.0,0.0,0.0,0.0,0.0,0.0,0.0,0.0,0.0,0.0,0.0,0.0,0.0,0.0,0.0,0.0,0.0,0.0,0.0,0.0,0.0,0.0,0.0,0.0,0.0,0.0,0.0,0.0,0.0,0.0,0.0,0.0,0.0
82,91,2015-11-04,1,1,2015-2016,Caxias do Sul Basquete,Brasília,0,0.0,0.0,0.0,0.0,0.0,0.0,0.0,0.0,0.0,0.0,0.0,0.0,0.0,0.0,0.0,0.0,0.0,0.0,0.0,0.0,0.0,0.0,0.0,0.0,0.0,0.0,0.0,0.0,0.0,0.0,0.0,0.0,0.0,0.0,0.0,0.0,0.0,0.0,0.0,0.0,0.0,0.0,0.0,0.0,0.0,0.0,0.0,0.0,0.0,0.0,0.0,0.0,0.0,0.0,0.0,0.0
83,76,2015-11-04,1,1,2015-2016,Fortaleza B. C. / CFO,Mogi,1,0.0,0.0,0.0,0.0,0.0,0.0,0.0,0.0,0.0,0.0,0.0,0.0,0.0,0.0,0.0,0.0,0.0,0.0,0.0,0.0,0.0,0.0,0.0,0.0,0.0,0.0,0.0,0.0,0.0,0.0,0.0,0.0,0.0,0.0,0.0,0.0,0.0,0.0,0.0,0.0,0.0,0.0,0.0,0.0,0.0,0.0,0.0,0.0,0.0,0.0,0.0,0.0,0.0,0.0,0.0,0.0
60,68,2015-11-04,1,1,2015-2016,Vitória,Coop/São José Basketball,0,0.0,0.0,0.0,0.0,0.0,0.0,0.0,0.0,0.0,0.0,0.0,0.0,0.0,0.0,0.0,0.0,0.0,0.0,0.0,0.0,0.0,0.0,0.0,0.0,0.0,0.0,0.0,0.0,0.0,0.0,0.0,0.0,0.0,0.0,0.0,0.0,0.0,0.0,0.0,0.0,0.0,0.0,0.0,0.0,0.0,0.0,0.0,0.0,0.0,0.0,0.0,0.0,0.0,0.0,0.0,0.0
88,64,2015-11-05,2,1,2015-2016,Bauru Basket,Macaé Basquete,1,0.385,0.15,0.16,0.075,0.16,0.045,0.115,0.075,0.06,1.25,0.05,0.155,32.26,0.08,0.14,57.14,0.075,0.1,75.0,0.005,0.055,0.92,0.005,0.095,0.05,0.06,0.01,0.43,0.365,0.135,0.14,0.09,0.185,0.08,0.105,0.065,0.045,1.44,0.045,0.13,34.62,0.07,0.2,35.0,0.09,0.115,78.26,0.005,0.05,1.11,0.005,0.115,0.04,0.045,0.015,0.385
65,89,2015-11-05,2,1,2015-2016,Sesi Franca,Flamengo,0,0.385,0.135,0.18,0.07,0.18,0.04,0.14,0.075,0.08,0.94,0.045,0.1,45.0,0.09,0.18,50.0,0.07,0.085,82.35,0.025,0.025,0.31,0.025,0.12,0.21,0.08,0.02,0.45,0.365,0.075,0.2,0.09,0.155,0.03,0.125,0.095,0.07,1.36,0.025,0.09,27.78,0.1,0.18,55.56,0.09,0.11,81.82,0.005,0.045,0.64,0.01,0.095,0.11,0.07,0.01,0.435
67,74,2015-11-05,2,1,2015-2016,Rio Claro,Paulistano,0,0.41,0.135,0.18,0.095,0.195,0.045,0.15,0.115,0.065,1.77,0.045,0.11,40.91,0.09,0.16,56.25,0.095,0.135,70.37,0.005,0.045,0.69,0.01,0.09,0.11,0.065,0.015,0.535,0.0,0.0,0.0,0.0,0.0,0.0,0.0,0.0,0.0,0.0,0.0,0.0,0.0,0.0,0.0,0.0,0.0,0.0,0.0,0.0,0.0,0.0,0.0,0.0,0.0,0.0,0.0,0.0
68,93,2015-11-06,2,1,2015-2016,Pinheiros,Brasília,0,0.375,0.135,0.21,0.03,0.21,0.055,0.155,0.07,0.065,1.08,0.045,0.09,50.0,0.105,0.25,42.0,0.03,0.045,66.67,0.0,0.03,0.46,0.02,0.1,0.2,0.065,0.015,0.435,0.455,0.12,0.27,0.065,0.185,0.055,0.13,0.15,0.105,1.43,0.04,0.085,47.06,0.135,0.195,69.23,0.065,0.07,92.86,0.02,0.015,0.14,0.015,0.12,0.13,0.105,0.02,0.605
48,75,2015-11-06,2,1,2015-2016,Caxias do Sul Basquete,Minas,0,0.41,0.075,0.23,0.105,0.115,0.065,0.05,0.085,0.035,2.43,0.025,0.14,17.86,0.115,0.21,54.76,0.105,0.125,84.0,0.0,0.07,2.0,0.0,0.1,0.0,0.035,0.015,0.415,0.315,0.075,0.16,0.08,0.175,0.045,0.13,0.09,0.06,1.5,0.025,0.09,27.78,0.08,0.21,38.1,0.08,0.105,76.19,0.015,0.05,0.83,0.015,0.08,0.19,0.06,0.02,0.365
80,91,2015-11-06,2,1,2015-2016,Fortaleza B. C. / CFO,Coop/São José Basketball,0,0.415,0.195,0.12,0.1,0.22,0.06,0.16,0.055,0.095,0.58,0.065,0.125,52.0,0.06,0.18,33.33,0.1,0.11,90.91,0.005,0.03,0.32,0.045,0.115,0.39,0.095,0.02,0.48,0.34,0.15,0.13,0.06,0.175,0.025,0.15,0.06,0.075,0.8,0.05,0.125,40.0,0.065,0.14,46.43,0.06,0.065,92.31,0.005,0.025,0.33,0.0,0.085,0.0,0.075,0.015,0.37
64,83,2015-11-06,2,1,2015-2016,Vitória,Mogi,0,0.3,0.06,0.2,0.04,0.175,0.045,0.13,0.06,0.08,0.75,0.02,0.1,20.0,0.1,0.205,48.78,0.04,0.06,66.67,0.0,0.05,0.63,0.0,0.08,0.0,0.08,0.05,0.3,0.38,0.105,0.19,0.085,0.21,0.075,0.135,0.065,0.06,1.08,0.035,0.13,26.92,0.095,0.235,40.43,0.085,0.12,70.83,0.0,0.07,1.17,0.01,0.09,0.11,0.06,0.025,0.405
75,85,2015-11-10,3,1,2015-2016,Minas,Sesi Franca,0,0.345,0.0975,0.175,0.07250000000000001,0.205,0.0475,0.1575,0.08499999999999999,0.07250000000000001,1.22,0.0325,0.0975,32.94,0.0875,0.195,45.44,0.07250000000000001,0.0975,74.205,0.0075,0.045,0.6499999999999999,0.015,0.0875,0.175,0.07250000000000001,0.02,0.425,0.355,0.0975,0.18,0.07750000000000001,0.16499999999999998,0.045,0.12000000000000001,0.0625,0.08,0.7849999999999999,0.0325,0.0975,33.025,0.09,0.18,50.0,0.07750000000000001,0.10750000000000001,73.865,0.0225,0.035,0.43500000000000005,0.0175,0.125,0.145,0.08,0.015,0.37
83,52,2015-11-10,3,1,2015-2016,Mogi,Caxias do Sul Basquete,1,0.39749999999999996,0.1275,0.21000000000000002,0.060000000000000005,0.1875,0.065,0.1225,0.09,0.065,1.3599999999999999,0.0425,0.1225,35.2,0.10500000000000001,0.2175,48.965,0.060000000000000005,0.08249999999999999,74.305,0.01,0.060000000000000005,0.94,0.0125,0.1,0.125,0.065,0.02,0.465,0.32499999999999996,0.08249999999999999,0.175,0.0675,0.1325,0.05,0.0825,0.07250000000000001,0.0475,1.715,0.0275,0.135,20.47,0.0875,0.185,46.129999999999995,0.0675,0.1075,58.665,0.0,0.065,1.5,0.0025,0.10750000000000001,0.02,0.0475,0.015,0.305
74,95,2015-11-10,3,1,2015-2016,Coop/São José Basketball,Pinheiros,0,0.3975,0.1575,0.18,0.06,0.1775,0.0325,0.14500000000000002,0.07,0.0625,1.2000000000000002,0.052500000000000005,0.125,42.0,0.09,0.1725,51.265,0.06,0.0775,79.49000000000001,0.005,0.0325,0.5650000000000001,0.0075,0.095,0.07,0.0625,0.0175,0.45,0.35750000000000004,0.0975,0.20500000000000002,0.055,0.1875,0.0625,0.125,0.0575,0.065,0.885,0.0325,0.095,35.0,0.10250000000000001,0.2475,41.41,0.055,0.0775,69.7,0.0,0.045,0.6900000000000001,0.02,0.10750000000000001,0.185,0.065,0.015,0.3725
108,101,2015-11-11,3,1,2015-2016,Paulistano,Fortaleza B. C. / CFO,1,0.37,0.15,0.17,0.05,0.195,0.065,0.13,0.065,0.055,1.18,0.05,0.14,35.71,0.085,0.18,47.22,0.05,0.075,66.67,0.005,0.035,0.64,0.005,0.07,0.07,0.055,0.01,0.405,0.4075,0.1875,0.135,0.085,0.225,0.0775,0.14750000000000002,0.065,0.07,1.125,0.0625,0.155,42.215,0.0675,0.1925,34.96,0.085,0.10250000000000001,82.295,0.005,0.03,0.495,0.0275,0.11,0.245,0.07,0.0125,0.44999999999999996
84,80,2015-11-11,3,1,2015-2016,Macaé Basquete,Rio Claro,1,0.3425,0.1275,0.135,0.08,0.155,0.0625,0.0925,0.05,0.04,1.22,0.042499999999999996,0.14250000000000002,30.214999999999996,0.0675,0.1725,39.915,0.08,0.10750000000000001,74.13,0.005,0.045,1.125,0.0025,0.1125,0.02,0.04,0.015,0.3225,0.3725,0.135,0.16999999999999998,0.0675,0.16999999999999998,0.03,0.14,0.11,0.0625,1.76,0.045,0.1125,40.019999999999996,0.08499999999999999,0.15000000000000002,56.695,0.0675,0.10500000000000001,61.85,0.0075,0.045,0.72,0.0125,0.09,0.14,0.0625,0.0175,0.47750000000000004
71,69,2015-11-11,3,1,2015-2016,L. Sorocabana,Vitória,1,0.335,0.12,0.17,0.045,0.185,0.085,0.1,0.065,0.07,0.93,0.04,0.12,33.33,0.085,0.225,37.78,0.045,0.07,64.29,0.0,0.05,0.71,0.015,0.115,0.13,0.07,0.02,0.335,0.31,0.0525,0.19,0.0675,0.16749999999999998,0.0525,0.115,0.0475,0.07250000000000001,0.645,0.0175,0.09,19.375,0.095,0.2075,45.82,0.0675,0.09,72.92,0.0075,0.0425,0.585,0.0075,0.0775,0.1,0.07250000000000001,0.037500000000000006,0.295
67,83,2015-11-12,4,1,2015-2016,Minas,Bauru Basket,0,0.355,0.11,0.17333333333333334,0.07166666666666667,0.18833333333333332,0.04833333333333334,0.13999999999999999,0.08666666666666667,0.06833333333333334,1.3133333333333332,0.03666666666666667,0.11,33.07,0.08666666666666667,0.18666666666666668,46.96,0.07166666666666667,0.10333333333333333,69.76,0.01,0.051666666666666666,0.7933333333333333,0.015,0.09666666666666666,0.16,0.06833333333333334,0.02,0.42333333333333334,0.4125,0.1575,0.195,0.06,0.16749999999999998,0.035,0.1325,0.08499999999999999,0.055,1.575,0.052500000000000005,0.14250000000000002,37.285,0.0975,0.14500000000000002,66.905,0.06,0.085,69.64500000000001,0.0025,0.0375,0.66,0.005,0.0875,0.055,0.055,0.01,0.49
86,83,2015-11-12,4,1,2015-2016,Mogi,Pinheiros,1,0.4033333333333333,0.13,0.21333333333333335,0.06,0.21166666666666667,0.07,0.14166666666666666,0.085,0.07666666666666667,1.1566666666666665,0.043333333333333335,0.12333333333333334,35.46666666666667,0.10666666666666667,0.21333333333333335,50.53,0.06,0.08833333333333333,69.53666666666668,0.011666666666666667,0.05833333333333334,0.8099999999999999,0.015,0.09333333333333334,0.16666666666666666,0.07666666666666667,0.018333333333333333,0.48,0.39666666666666667,0.075,0.24666666666666667,0.075,0.20833333333333334,0.06666666666666667,0.14166666666666666,0.055,0.05666666666666667,1.0066666666666666,0.024999999999999998,0.085,28.459999999999997,0.12333333333333334,0.2683333333333333,45.349999999999994,0.075,0.09666666666666668,74.86333333333333,0.0016666666666666668,0.045000000000000005,0.8366666666666666,0.023333333333333334,0.10500000000000002,0.2233333333333333,0.05666666666666667,0.013333333333333334,0.445
71,76,2015-11-12,4,1,2015-2016,Coop/São José Basketball,Caxias do Sul Basquete,0,0.38833333333333336,0.15,0.17666666666666667,0.06166666666666667,0.17333333333333334,0.03833333333333334,0.135,0.06333333333333334,0.06166666666666667,1.0766666666666669,0.05000000000000001,0.13166666666666668,38.343333333333334,0.08833333333333333,0.18000000000000002,48.70666666666667,0.06166666666666667,0.08166666666666667,77.06666666666668,0.0033333333333333335,0.03,0.5166666666666667,0.008333333333333333,0.09999999999999999,0.07666666666666667,0.06166666666666667,0.015000000000000001,0.4083333333333334,0.3033333333333333,0.085,0.15333333333333332,0.065,0.14666666666666667,0.05333333333333334,0.09333333333333334,0.065,0.06,1.34,0.028333333333333332,0.13333333333333333,21.34,0.07666666666666666,0.18499999999999997,40.663333333333334,0.065,0.10166666666666667,61.333333333333336,0.0,0.07,1.3133333333333332,0.0033333333333333335,0.10166666666666668,0.03333333333333333,0.06,0.016666666666666666,0.2783333333333333
77,63,2015-11-13,4,1,2015-2016,Paulistano,Vitória,1,0.455,0.1725,0.21500000000000002,0.0675,0.1875,0.0675,0.12,0.08,0.065,1.225,0.0575,0.14250000000000002,40.269999999999996,0.10750000000000001,0.195,54.56,0.0675,0.095,70.28999999999999,0.01,0.045,0.685,0.005,0.095,0.05500000000000001,0.065,0.030000000000000002,0.5075000000000001,0.32166666666666666,0.06,0.18666666666666668,0.075,0.17166666666666663,0.051666666666666666,0.12,0.041666666666666664,0.08166666666666668,0.53,0.02,0.08,26.80666666666667,0.09333333333333334,0.19499999999999998,48.19333333333333,0.075,0.105,70.83666666666666,0.005,0.04,0.5066666666666667,0.008333333333333333,0.085,0.10000000000000002,0.08166666666666668,0.030000000000000002,0.31
70,78,2015-11-13,4,1,2015-2016,L. Sorocabana,Fortaleza B. C. / CFO,0,0.345,0.08249999999999999,0.20500000000000002,0.0575,0.19,0.095,0.095,0.0675,0.0625,1.1,0.0275,0.1075,24.56,0.10250000000000001,0.2475,41.11,0.0575,0.0825,68.98500000000001,0.0025,0.0675,1.13,0.01,0.12,0.085,0.0625,0.0175,0.36750000000000005,0.43999999999999995,0.17,0.17,0.10000000000000002,0.20666666666666667,0.06999999999999999,0.1366666666666667,0.05833333333333333,0.06833333333333334,0.98,0.056666666666666664,0.14333333333333334,40.64333333333334,0.085,0.19666666666666666,42.82,0.10000000000000002,0.12333333333333334,81.12666666666667,0.0033333333333333335,0.028333333333333332,0.4566666666666667,0.02,0.11333333333333333,0.17666666666666667,0.06833333333333334,0.01,0.4633333333333333
102,70,2015-11-13,4,1,2015-2016,Flamengo,Rio Claro,1,0.405,0.0975,0.21500000000000002,0.0925,0.16499999999999998,0.04,0.125,0.1,0.0675,1.4900000000000002,0.0325,0.0975,32.94,0.10750000000000001,0.185,58.045,0.0925,0.1125,82.215,0.005,0.05,0.745,0.01,0.115,0.09,0.0675,0.005,0.5,0.38166666666666665,0.12,0.18333333333333332,0.07833333333333334,0.16,0.03333333333333333,0.12666666666666668,0.10333333333333333,0.07,1.5266666666666666,0.04,0.11,36.203333333333326,0.09166666666666666,0.1566666666666667,58.38333333333333,0.07833333333333334,0.11666666666666668,65.04333333333334,0.01,0.051666666666666666,0.7333333333333334,0.011666666666666667,0.09666666666666666,0.12333333333333334,0.07,0.015000000000000001,0.465
88,82,2015-11-17,5,1,2015-2016,Coop/São José Basketball,Rio Claro,1,0.38,0.135,0.1825,0.0625,0.17875000000000002,0.045,0.13375,0.0625,0.06625,0.9950000000000001,0.045000000000000005,0.13,34.7575,0.09125,0.18625,48.725,0.0625,0.0825,76.9175,0.00375,0.0325,0.5125,0.00875,0.10124999999999999,0.0825,0.06625,0.0175,0.39625,0.37375,0.13125,0.18,0.0625,0.15125,0.030000000000000002,0.12125,0.09625,0.07750000000000001,1.3325,0.04375,0.11375,38.152499999999996,0.09,0.16000000000000003,56.2875,0.0625,0.09250000000000001,67.5325,0.0125,0.04875,0.65,0.01,0.09125,0.11,0.07750000000000001,0.015000000000000001,0.4325
81,85,2015-11-17,5,1,2015-2016,Fortaleza B. C. / CFO,Brasília,0,0.4275,0.1575,0.1725,0.0975,0.19874999999999998,0.06125,0.1375,0.057499999999999996,0.08,0.855,0.0525,0.135,39.572500000000005,0.08625,0.185,47.115,0.0975,0.1225,79.595,0.005,0.0375,0.485,0.01625,0.11249999999999999,0.14500000000000002,0.08,0.01125,0.45125,0.46,0.15,0.245,0.065,0.185,0.042499999999999996,0.14250000000000002,0.1175,0.095,1.2149999999999999,0.05,0.095,52.1,0.1225,0.1925,63.56,0.065,0.07500000000000001,87.055,0.015,0.0275,0.305,0.01,0.11499999999999999,0.09,0.095,0.0175,0.5800000000000001
76,66,2015-11-17,5,1,2015-2016,Vitória,Minas,1,0.32,0.06375,0.17750000000000002,0.07875,0.1725,0.057499999999999996,0.11499999999999999,0.03875,0.07500000000000001,0.535,0.02125,0.08875,25.54,0.08875000000000001,0.20124999999999998,44.6675,0.07875,0.105,74.55499999999999,0.00375,0.04625,0.675,0.007500000000000001,0.075,0.10250000000000001,0.07500000000000001,0.027500000000000004,0.30374999999999996,0.35,0.10500000000000001,0.18,0.065,0.16999999999999998,0.043750000000000004,0.12625,0.0825,0.0625,1.375,0.035,0.11750000000000001,30.159999999999997,0.09,0.185,49.11,0.065,0.09625,67.32,0.0125,0.051250000000000004,0.8725,0.01375,0.105,0.13999999999999999,0.0625,0.017499999999999998,0.39625
84,82,2015-11-18,5,1,2015-2016,Paulistano,Macaé Basquete,1,0.43166666666666664,0.165,0.21000000000000005,0.05666666666666667,0.19333333333333333,0.05833333333333334,0.135,0.08,0.07166666666666667,1.1300000000000001,0.055,0.13166666666666668,41.99666666666666,0.10500000000000002,0.19000000000000003,54.89333333333334,0.05666666666666667,0.07833333333333332,72.78666666666666,0.011666666666666667,0.03833333333333333,0.5533333333333333,0.006666666666666667,0.08833333333333333,0.08,0.07166666666666667,0.025000000000000005,0.49500000000000005,0.36833333333333335,0.13,0.1466666666666667,0.09166666666666667,0.15,0.05333333333333334,0.09666666666666666,0.04666666666666667,0.05333333333333334,0.98,0.043333333333333335,0.13166666666666668,33.779999999999994,0.07333333333333335,0.16666666666666666,44.89000000000001,0.09166666666666667,0.11333333333333334,80.08666666666666,0.005,0.05333333333333334,1.0433333333333332,0.0016666666666666668,0.12166666666666666,0.013333333333333334,0.05333333333333334,0.013333333333333334,0.36333333333333334
71,79,2015-11-18,5,1,2015-2016,Bauru Basket,Pinheiros,0,0.41333333333333333,0.145,0.18666666666666668,0.08166666666666667,0.17833333333333332,0.03833333333333334,0.14,0.08,0.065,1.3233333333333333,0.04833333333333334,0.12666666666666668,38.89333333333333,0.09333333333333334,0.14833333333333334,62.88333333333333,0.08166666666666667,0.105,75.16666666666667,0.008333333333333333,0.03333333333333333,0.5366666666666667,0.005,0.09166666666666667,0.05333333333333334,0.065,0.011666666666666667,0.4883333333333333,0.40125,0.0825,0.24,0.07875,0.20875,0.06125,0.1475,0.0575,0.0575,1.025,0.0275,0.0875,30.555,0.12,0.2575,46.235,0.07875,0.09875,77.575,0.00375,0.03875,0.71,0.02875,0.10625000000000001,0.26999999999999996,0.0575,0.0125,0.45999999999999996
68,76,2015-11-18,5,1,2015-2016,L. Sorocabana,Flamengo,0,0.3466666666666667,0.06999999999999999,0.21333333333333335,0.06333333333333334,0.18666666666666668,0.08833333333333333,0.09833333333333333,0.05666666666666667,0.07166666666666667,0.8633333333333334,0.023333333333333334,0.09833333333333333,22.623333333333335,0.10666666666666667,0.25,42.44,0.06333333333333334,0.08666666666666667,72.30666666666667,0.0016666666666666668,0.07333333333333335,1.0666666666666667,0.011666666666666667,0.12333333333333334,0.09666666666666668,0.07166666666666667,0.02,0.36166666666666664,0.44,0.09500000000000001,0.25666666666666665,0.08833333333333333,0.16,0.03166666666666667,0.12833333333333333,0.11,0.06166666666666667,1.86,0.03166666666666667,0.08833333333333333,36.24666666666666,0.12833333333333333,0.205,61.826666666666675,0.08833333333333333,0.105,84.44,0.008333333333333333,0.06166666666666667,1.0633333333333332,0.008333333333333333,0.09833333333333334,0.08666666666666667,0.06166666666666667,0.006666666666666667,0.5683333333333334
64,69,2015-11-19,6,1,2015-2016,Fortaleza B. C. / CFO,Minas,0,0.42300000000000004,0.15,0.184,0.089,0.188,0.05600000000000001,0.132,0.05499999999999999,0.076,0.834,0.05,0.132,38.324,0.092,0.19,48.644,0.089,0.11299999999999999,78.342,0.007000000000000001,0.039,0.538,0.015,0.10999999999999999,0.136,0.076,0.009999999999999998,0.44000000000000006,0.346,0.096,0.184,0.066,0.16599999999999998,0.046,0.12,0.084,0.065,1.34,0.032,0.11500000000000002,27.938,0.092,0.181,51.410000000000004,0.066,0.096,68.592,0.011,0.05,0.818,0.012,0.101,0.12399999999999997,0.065,0.016999999999999998,0.391
83,73,2015-11-19,6,1,2015-2016,Vitória,Brasília,1,0.332,0.078,0.184,0.06999999999999999,0.16699999999999998,0.05399999999999999,0.11299999999999999,0.048,0.07400000000000001,0.67,0.026000000000000002,0.092,29.003999999999998,0.092,0.196,47.733999999999995,0.06999999999999999,0.096,71.30999999999999,0.004,0.048,0.6980000000000001,0.007000000000000001,0.08099999999999999,0.092,0.07400000000000001,0.026000000000000002,0.33199999999999996,0.4483333333333333,0.15,0.22666666666666666,0.07166666666666667,0.19166666666666665,0.04833333333333333,0.14333333333333334,0.10666666666666667,0.09166666666666667,1.1433333333333333,0.05000000000000001,0.10833333333333334,47.080000000000005,0.11333333333333333,0.18833333333333332,59.96666666666667,0.07166666666666667,0.085,85.02,0.011666666666666665,0.035,0.39999999999999997,0.01,0.10666666666666665,0.09666666666666666,0.09166666666666667,0.023333333333333334,0.5533333333333333
67,60,2015-11-20,6,1,2015-2016,Paulistano,Flamengo,1,0.42874999999999996,0.15375,0.21750000000000003,0.0575,0.19874999999999998,0.060000000000000005,0.13875,0.0775,0.06625,1.1975,0.051250000000000004,0.1275,40.192499999999995,0.10875000000000001,0.19625,55.1225,0.0575,0.08,72.2375,0.01,0.0375,0.5900000000000001,0.0075,0.095,0.0825,0.06625,0.02125,0.49750000000000005,0.42500000000000004,0.10125,0.2375,0.08625000000000001,0.16375,0.0325,0.13125,0.10625000000000001,0.0675,1.675,0.03375,0.08750000000000001,38.95,0.11875,0.19625,59.605000000000004,0.08625000000000001,0.1075,80.7225,0.007500000000000001,0.05625,0.915,0.01125,0.09375000000000001,0.1275,0.0675,0.0075,0.5425
78,51,2015-11-20,6,1,2015-2016,Bauru Basket,Caxias do Sul Basquete,1,0.39875,0.15,0.17750000000000002,0.07125,0.17124999999999999,0.037500000000000006,0.13375,0.08249999999999999,0.06375,1.3675,0.05,0.14250000000000002,36.4075,0.08875000000000001,0.14250000000000002,62.1625,0.07125,0.0925,74.5575,0.007500000000000001,0.04,0.6525000000000001,0.00375,0.09125,0.04,0.06375,0.00875,0.46499999999999997,0.3225,0.07875,0.1775,0.06625,0.1525,0.051250000000000004,0.10125,0.06625,0.06875,1.1900000000000002,0.02625,0.12625,20.7675,0.08875,0.18874999999999997,46.1225,0.06625,0.10125,63.5,0.0,0.06625,1.13,0.00375,0.10625000000000001,0.035,0.06875,0.02125,0.3075
86,72,2015-11-20,6,1,2015-2016,L. Sorocabana,Macaé Basquete,1,0.34500000000000003,0.07874999999999999,0.20750000000000002,0.05875,0.18000000000000002,0.0825,0.0975,0.05500000000000001,0.07375,0.805,0.026250000000000002,0.10375,24.26,0.10375000000000001,0.24,43.14,0.05875,0.07875,74.685,0.0025,0.07125000000000001,1.0025,0.00875,0.125,0.07250000000000001,0.07375,0.02375,0.3525,0.37875,0.1275,0.15750000000000003,0.09375,0.14625,0.04625,0.09999999999999999,0.05500000000000001,0.051250000000000004,1.18,0.0425,0.1275,34.03,0.07875000000000001,0.1725,46.167500000000004,0.09375,0.11375,81.80499999999999,0.005,0.0475,0.95,0.00375,0.11499999999999999,0.0375,0.051250000000000004,0.0125,0.38125000000000003
94,106,2015-11-25,4,1,2015-2016,Brasília,Sesi Franca,0,0.4275,0.15,0.205,0.07250000000000001,0.19999999999999998,0.06125,0.13875,0.0975,0.08375,1.15,0.05,0.11875,43.6425,0.1025,0.19,53.95,0.07250000000000001,0.09125,80.81,0.008749999999999999,0.03125,0.3825,0.008749999999999999,0.10249999999999998,0.0875,0.08375,0.018750000000000003,0.5062500000000001,0.37833333333333335,0.13,0.18000000000000002,0.06833333333333334,0.16666666666666666,0.03666666666666667,0.13,0.07833333333333332,0.085,0.9099999999999998,0.043333333333333335,0.11,38.06666666666666,0.09000000000000001,0.165,55.55666666666667,0.06833333333333334,0.09833333333333334,70.07666666666667,0.021666666666666667,0.030000000000000002,0.36000000000000004,0.016666666666666666,0.12166666666666666,0.13999999999999999,0.085,0.015,0.41333333333333333
111,114,2015-11-27,3,1,2015-2016,Brasília,Bauru Basket,0,0.43599999999999994,0.144,0.21200000000000002,0.08,0.19499999999999998,0.06,0.135,0.098,0.084,1.156,0.048,0.121,41.068,0.10600000000000001,0.19,55.79200000000001,0.08,0.098,82.248,0.012,0.032,0.388,0.009,0.10999999999999999,0.08399999999999999,0.084,0.018000000000000002,0.5110000000000001,0.39699999999999996,0.13499999999999998,0.17800000000000002,0.08399999999999999,0.17099999999999999,0.037000000000000005,0.134,0.08299999999999999,0.059,1.52,0.045,0.138,33.291999999999994,0.08900000000000001,0.15,59.73,0.08399999999999999,0.10800000000000001,75.52799999999999,0.008,0.046,0.8720000000000001,0.003,0.093,0.032,0.059,0.008,0.46299999999999997
68,63,2015-11-27,6,1,2015-2016,Mogi,Rio Claro,1,0.41,0.1275,0.22,0.0625,0.21,0.07,0.14,0.0875,0.06625,1.545,0.0425,0.11624999999999999,37.1275,0.11,0.23,48.6125,0.0625,0.0925,68.82000000000001,0.00875,0.05625000000000001,0.9649999999999999,0.0175,0.09875,0.18,0.06625,0.0175,0.49,0.381,0.123,0.182,0.076,0.152,0.034,0.118,0.092,0.07900000000000001,1.242,0.040999999999999995,0.11600000000000002,35.321999999999996,0.091,0.16300000000000003,55.888,0.076,0.11100000000000002,68.08,0.012,0.05,0.65,0.012,0.10700000000000001,0.11200000000000002,0.07900000000000001,0.019,0.426
86,82,2015-11-28,5,1,2015-2016,Sesi Franca,Caxias do Sul Basquete,1,0.41625,0.135,0.20500000000000002,0.07625000000000001,0.16625,0.042499999999999996,0.12375,0.09125,0.07625,1.3325,0.045,0.1125,38.9675,0.10250000000000001,0.1825,56.56,0.07625000000000001,0.10875000000000001,70.41499999999999,0.02,0.036250000000000004,0.545,0.01625,0.1225,0.135,0.07625,0.012499999999999999,0.47,0.309,0.075,0.174,0.06000000000000001,0.15699999999999997,0.042,0.11500000000000002,0.062,0.074,1.046,0.025,0.119,21.058,0.087,0.182,47.220000000000006,0.06000000000000001,0.091,64.8,0.003,0.06000000000000001,0.978,0.005,0.11700000000000002,0.04,0.074,0.021,0.29900000000000004
70,84,2015-11-30,6,1,2015-2016,Sesi Franca,Pinheiros,0,0.41900000000000004,0.135,0.2,0.084,0.17,0.040999999999999995,0.129,0.087,0.076,1.252,0.045,0.11600000000000002,38.098,0.1,0.179,56.158,0.084,0.12400000000000003,68.76399999999998,0.018,0.039,0.5700000000000001,0.015,0.124,0.124,0.076,0.009999999999999998,0.46399999999999997,0.4,0.084,0.238,0.078,0.199,0.052000000000000005,0.147,0.06000000000000001,0.063,0.984,0.028000000000000004,0.08299999999999999,33.674,0.119,0.246,48.488,0.078,0.10200000000000001,75.104,0.004,0.043,0.71,0.025,0.1,0.242,0.063,0.014000000000000002,0.458
63,72,2015-12-01,7,1,2015-2016,Rio Claro,Bauru Basket,0,0.37000000000000005,0.125,0.17333333333333334,0.07166666666666667,0.1525,0.0375,0.11499999999999999,0.08833333333333333,0.08166666666666668,1.1583333333333334,0.041666666666666664,0.12083333333333335,34.60666666666666,0.08666666666666667,0.1616666666666667,53.56333333333333,0.07166666666666667,0.10416666666666667,68.63833333333334,0.011666666666666667,0.055,0.6816666666666666,0.012499999999999999,0.10416666666666667,0.12166666666666669,0.08166666666666668,0.02,0.41,0.4258333333333333,0.1525,0.17666666666666667,0.09666666666666666,0.1758333333333333,0.041666666666666664,0.13416666666666668,0.085,0.057499999999999996,1.5833333333333333,0.050833333333333335,0.14,36.63166666666666,0.08833333333333333,0.15333333333333335,58.10833333333333,0.09666666666666666,0.12250000000000001,76.615,0.0075,0.0425,0.81,0.0025,0.09416666666666666,0.02666666666666667,0.057499999999999996,0.0075,0.49416666666666664
67,85,2015-12-01,7,1,2015-2016,Fortaleza B. C. / CFO,Flamengo,0,0.4058333333333333,0.13999999999999999,0.18166666666666664,0.08416666666666667,0.18833333333333332,0.05833333333333334,0.13,0.055833333333333325,0.075,0.8383333333333334,0.04666666666666667,0.13083333333333333,35.93666666666667,0.09083333333333332,0.1875,48.63166666666667,0.08416666666666667,0.11166666666666665,74.80833333333332,0.008333333333333333,0.03833333333333334,0.5316666666666666,0.014166666666666666,0.10916666666666665,0.13,0.075,0.010833333333333334,0.4191666666666667,0.4,0.096,0.22799999999999998,0.076,0.17,0.037,0.133,0.095,0.07,1.466,0.032,0.091,35.922000000000004,0.11399999999999999,0.197,57.184000000000005,0.076,0.098,76.244,0.006,0.051000000000000004,0.808,0.009999999999999998,0.09400000000000001,0.11200000000000002,0.07,0.009,0.492
86,74,2015-12-01,7,1,2015-2016,Vitória,Macaé Basquete,1,0.3458333333333334,0.08750000000000001,0.18833333333333335,0.06999999999999999,0.1725,0.055833333333333325,0.11666666666666665,0.049999999999999996,0.0675,0.8433333333333334,0.029166666666666664,0.09666666666666666,30.419999999999998,0.09416666666666668,0.1991666666666667,47.91833333333333,0.06999999999999999,0.09249999999999999,74.97999999999999,0.004166666666666667,0.04666666666666666,0.7716666666666666,0.006666666666666667,0.08166666666666667,0.08666666666666667,0.0675,0.02416666666666667,0.35916666666666663,0.375,0.11699999999999999,0.16000000000000003,0.098,0.147,0.044,0.10300000000000001,0.052000000000000005,0.05800000000000001,1.0379999999999998,0.039,0.124,31.77,0.08000000000000002,0.16799999999999998,48.26800000000001,0.098,0.11800000000000002,82.482,0.005,0.049,0.89,0.006,0.10999999999999999,0.064,0.05800000000000001,0.014000000000000002,0.378
73,59,2015-12-02,7,1,2015-2016,Pinheiros,L. Sorocabana,1,0.4033333333333333,0.0775,0.24666666666666667,0.07916666666666668,0.20750000000000002,0.05333333333333334,0.15416666666666667,0.061666666666666675,0.065,0.975,0.025833333333333337,0.07666666666666666,33.61666666666667,0.12333333333333334,0.2508333333333333,49.195,0.07916666666666668,0.105,74.39166666666667,0.005833333333333334,0.04416666666666667,0.7033333333333333,0.024166666666666666,0.10583333333333333,0.22666666666666666,0.065,0.014166666666666668,0.4716666666666667,0.362,0.09,0.21400000000000002,0.057999999999999996,0.17700000000000002,0.075,0.10200000000000001,0.05900000000000001,0.074,0.8440000000000001,0.030000000000000006,0.10500000000000001,27.589999999999996,0.10700000000000001,0.23500000000000001,45.674,0.057999999999999996,0.077,75.462,0.003,0.068,0.9480000000000001,0.007000000000000001,0.124,0.05800000000000001,0.074,0.020999999999999998,0.37699999999999995
74,71,2015-12-02,7,1,2015-2016,Minas,Mogi,1,0.3458333333333334,0.10000000000000002,0.17999999999999997,0.06583333333333334,0.16916666666666666,0.04750000000000001,0.12166666666666666,0.08166666666666668,0.06666666666666667,1.2716666666666667,0.03333333333333333,0.11416666666666668,29.34166666666667,0.08999999999999998,0.18083333333333332,50.248333333333335,0.06583333333333334,0.09416666666666666,69.90499999999999,0.01,0.04833333333333333,0.77,0.010833333333333334,0.1025,0.11166666666666665,0.06666666666666667,0.019166666666666665,0.38916666666666666,0.396,0.12,0.21600000000000003,0.06,0.20099999999999998,0.065,0.136,0.08499999999999999,0.074,1.378,0.04,0.11699999999999999,34.702,0.10800000000000001,0.21400000000000002,52.224000000000004,0.06,0.09,67.55600000000001,0.01,0.05900000000000001,0.9059999999999999,0.016,0.093,0.172,0.074,0.018000000000000002,0.469
70,83,2015-12-02,7,1,2015-2016,Caxias do Sul Basquete,Paulistano,0,0.3258333333333333,0.08,0.17333333333333334,0.07250000000000001,0.16666666666666666,0.04666666666666667,0.12000000000000001,0.06333333333333334,0.0725,1.0516666666666667,0.02666666666666667,0.12,22.215,0.08666666666666667,0.18416666666666667,46.61500000000001,0.07250000000000001,0.10666666666666667,66.16166666666668,0.0025,0.06250000000000001,1.0066666666666666,0.0075,0.12416666666666669,0.055,0.0725,0.01916666666666667,0.32833333333333337,0.41,0.153,0.2,0.05700000000000001,0.196,0.05900000000000001,0.137,0.077,0.067,1.1720000000000002,0.051000000000000004,0.126,40.488,0.1,0.195,50.940000000000005,0.05700000000000001,0.077,74.714,0.008,0.038,0.5860000000000001,0.01,0.095,0.10800000000000001,0.067,0.023,0.47400000000000003
83,55,2015-12-03,8,1,2015-2016,Rio Claro,Sesi Franca,1,0.36214285714285716,0.12,0.1757142857142857,0.06642857142857142,0.15214285714285714,0.038571428571428576,0.11357142857142856,0.08571428571428573,0.08142857142857143,1.1185714285714285,0.04,0.11642857142857144,34.42428571428571,0.08785714285714286,0.16642857142857145,52.871428571428574,0.06642857142857142,0.09714285714285716,67.92428571428572,0.012142857142857144,0.054285714285714284,0.6742857142857143,0.011428571428571429,0.10357142857142856,0.11142857142857145,0.08142857142857143,0.018571428571428572,0.3985714285714286,0.40750000000000003,0.1275,0.19333333333333333,0.08666666666666667,0.165,0.03916666666666666,0.12583333333333332,0.0825,0.07416666666666667,1.1966666666666665,0.0425,0.11333333333333334,36.748333333333335,0.09666666666666666,0.18416666666666667,53.14833333333334,0.08666666666666667,0.12750000000000003,68.79833333333333,0.016666666666666666,0.03916666666666667,0.5783333333333334,0.015833333333333335,0.12,0.1366666666666667,0.07416666666666667,0.010833333333333334,0.4366666666666666
88,64,2015-12-03,8,1,2015-2016,Fortaleza B. C. / CFO,Macaé Basquete,1,0.39571428571428574,0.13714285714285715,0.17857142857142855,0.08,0.1907142857142857,0.06142857142857144,0.12928571428571428,0.052142857142857144,0.075,0.7757142857142858,0.045714285714285714,0.13,35.37428571428571,0.08928571428571427,0.19142857142857145,47.0,0.08,0.10499999999999998,76.21000000000001,0.01,0.04142857142857143,0.5700000000000001,0.012142857142857141,0.10571428571428569,0.11142857142857143,0.075,0.011428571428571429,0.40571428571428575,0.3741666666666667,0.1175,0.16333333333333336,0.09333333333333334,0.1475,0.04416666666666667,0.10333333333333333,0.0525,0.061666666666666675,0.9799999999999999,0.03916666666666667,0.12,33.141666666666666,0.08166666666666668,0.1725,47.915,0.09333333333333334,0.115,80.40166666666666,0.004166666666666667,0.047499999999999994,0.8250000000000001,0.005833333333333333,0.10499999999999998,0.06333333333333334,0.061666666666666675,0.014166666666666668,0.37250000000000005
70,96,2015-12-03,8,1,2015-2016,Vitória,Flamengo,0,0.35785714285714293,0.09642857142857143,0.19285714285714287,0.06857142857142857,0.17214285714285713,0.05499999999999999,0.11714285714285713,0.055714285714285716,0.06785714285714287,0.9071428571428573,0.03214285714285714,0.09999999999999999,32.027142857142856,0.09642857142857143,0.19714285714285715,49.567142857142855,0.06857142857142857,0.09285714285714285,73.29142857142857,0.005714285714285714,0.048571428571428564,0.7842857142857144,0.005714285714285714,0.08428571428571428,0.07428571428571429,0.06785714285714287,0.02285714285714286,0.3792857142857143,0.4041666666666666,0.11,0.22166666666666665,0.0725,0.16666666666666666,0.03666666666666667,0.13,0.09500000000000001,0.07,1.4483333333333333,0.03666666666666667,0.09749999999999999,37.62666666666667,0.11083333333333333,0.19333333333333336,56.701666666666675,0.0725,0.09249999999999999,77.64,0.005833333333333334,0.0525,0.8166666666666668,0.011666666666666665,0.09250000000000001,0.13333333333333333,0.07,0.008333333333333333,0.49666666666666665
91,84,2015-12-04,8,1,2015-2016,Minas,Coop/São José Basketball,1,0.3492857142857143,0.10285714285714287,0.18285714285714283,0.06357142857142857,0.16999999999999998,0.04785714285714286,0.12214285714285714,0.08214285714285716,0.06999999999999999,1.2242857142857144,0.03428571428571429,0.1142857142857143,30.118571428571432,0.09142857142857141,0.1807142857142857,51.00714285714286,0.06357142857142857,0.08928571428571429,71.82285714285713,0.009999999999999998,0.047857142857142855,0.7314285714285714,0.012142857142857144,0.10214285714285713,0.12428571428571426,0.06999999999999999,0.019999999999999997,0.3964285714285714,0.392,0.132,0.18,0.08,0.186,0.052000000000000005,0.134,0.065,0.075,0.932,0.044000000000000004,0.124,35.806,0.09,0.191,47.076,0.08,0.10300000000000001,77.75,0.003,0.033,0.4739999999999999,0.008,0.11299999999999999,0.072,0.075,0.021,0.40499999999999997
78,69,2015-12-04,8,1,2015-2016,Caxias do Sul Basquete,L. Sorocabana,1,0.32928571428571424,0.08357142857142856,0.16571428571428573,0.08,0.16285714285714284,0.04642857142857143,0.11642857142857144,0.06142857142857143,0.07285714285714286,0.9971428571428572,0.027857142857142858,0.125,22.267142857142858,0.08285714285714287,0.17500000000000002,47.09857142857144,0.08,0.11642857142857142,66.91428571428573,0.002857142857142857,0.06500000000000002,1.0157142857142856,0.0064285714285714285,0.12214285714285715,0.047142857142857146,0.07285714285714286,0.017857142857142856,0.32642857142857146,0.35083333333333333,0.08,0.21833333333333335,0.0525,0.18250000000000002,0.0775,0.105,0.0575,0.07333333333333333,0.8216666666666668,0.026666666666666672,0.1025,24.843333333333334,0.10916666666666668,0.23916666666666667,45.75333333333333,0.0525,0.0725,71.21833333333333,0.004166666666666667,0.06333333333333334,0.8850000000000001,0.005833333333333334,0.12166666666666666,0.04833333333333334,0.07333333333333333,0.02,0.36083333333333334
101,77,2015-12-05,8,1,2015-2016,Paulistano,Pinheiros,1,0.41083333333333333,0.1625,0.18833333333333332,0.060000000000000005,0.19416666666666668,0.05583333333333334,0.13833333333333334,0.0775,0.07583333333333334,1.0883333333333334,0.05416666666666667,0.12916666666666668,41.78666666666667,0.09416666666666666,0.18083333333333337,52.29833333333334,0.060000000000000005,0.08,75.42,0.006666666666666667,0.0425,0.5783333333333334,0.008333333333333333,0.10166666666666667,0.09000000000000001,0.07583333333333334,0.02416666666666667,0.47583333333333333,0.39785714285714285,0.07928571428571429,0.23857142857142857,0.08,0.20500000000000002,0.05285714285714286,0.15214285714285714,0.060000000000000005,0.06571428571428571,0.937142857142857,0.026428571428571433,0.07571428571428572,34.93714285714286,0.11928571428571429,0.24571428571428572,48.480000000000004,0.08,0.10928571428571429,72.75857142857141,0.006428571428571429,0.045,0.7042857142857143,0.024999999999999998,0.09999999999999999,0.25999999999999995,0.06571428571428571,0.015000000000000001,0.4621428571428572
82,50,2015-12-08,9,1,2015-2016,Paulistano,Minas,1,0.42428571428571427,0.16714285714285712,0.1957142857142857,0.06142857142857144,0.19285714285714287,0.05714285714285715,0.13571428571428573,0.08142857142857143,0.07071428571428572,1.3085714285714285,0.055714285714285716,0.12928571428571428,42.96,0.09785714285714285,0.1885714285714286,52.121428571428574,0.06142857142857144,0.07999999999999999,77.14571428571428,0.007857142857142858,0.04428571428571428,0.6928571428571428,0.009285714285714286,0.09785714285714285,0.10571428571428572,0.07071428571428572,0.021428571428571432,0.4985714285714286,0.36250000000000004,0.10500000000000001,0.18999999999999997,0.0675,0.17124999999999999,0.05,0.12125,0.08125,0.065625,1.33875,0.035,0.11375,30.89875,0.09499999999999999,0.18687499999999999,51.1525,0.0675,0.094375,71.97999999999999,0.009375,0.045625,0.7475,0.014375,0.10625,0.13624999999999998,0.065625,0.019999999999999997,0.411875
93,51,2015-12-08,9,1,2015-2016,Flamengo,Caxias do Sul Basquete,1,0.415,0.11785714285714287,0.21857142857142856,0.07857142857142858,0.16999999999999998,0.03785714285714286,0.13214285714285715,0.09857142857142857,0.06785714285714287,1.5528571428571427,0.03928571428571429,0.10071428571428571,38.798571428571435,0.10928571428571428,0.19,57.00428571428572,0.07857142857142858,0.09714285714285713,79.69142857142856,0.005,0.04785714285714286,0.7514285714285716,0.010714285714285714,0.09285714285714286,0.12142857142857144,0.06785714285714287,0.007142857142857143,0.5135714285714286,0.336875,0.091875,0.165,0.08,0.16499999999999998,0.049375,0.115625,0.06937499999999999,0.0775,1.0150000000000001,0.030625,0.123125,25.165,0.0825,0.17500000000000002,46.925000000000004,0.08,0.11499999999999999,68.07375,0.005,0.06562500000000002,0.9687499999999999,0.0075,0.11937500000000001,0.06,0.0775,0.0175,0.34687500000000004
101,97,2015-12-08,9,1,2015-2016,Macaé Basquete,Pinheiros,1,0.36642857142857144,0.10928571428571428,0.16142857142857145,0.09571428571428572,0.1442857142857143,0.04214285714285715,0.10214285714285713,0.049999999999999996,0.06642857142857143,0.8928571428571427,0.03642857142857143,0.11428571428571428,31.978571428571428,0.08071428571428572,0.175,46.70857142857143,0.09571428571428572,0.11642857142857144,81.48714285714286,0.0035714285714285718,0.05071428571428571,0.812857142857143,0.004999999999999999,0.10428571428571427,0.054285714285714284,0.06642857142857143,0.016428571428571428,0.3571428571428572,0.39625,0.084375,0.235,0.07687500000000001,0.20625000000000002,0.058124999999999996,0.148125,0.059375000000000004,0.068125,0.90125,0.028125000000000004,0.08375,34.14125,0.1175,0.243125,48.253750000000004,0.07687500000000001,0.10375000000000001,74.24125,0.00625,0.0425,0.6525,0.024374999999999997,0.09937499999999999,0.25375,0.068125,0.015625,0.4525
91,79,2015-12-09,9,1,2015-2016,Sesi Franca,Coop/São José Basketball,1,0.3885714285714286,0.11357142857142857,0.1842857142857143,0.09071428571428572,0.1692857142857143,0.04714285714285714,0.12214285714285714,0.07571428571428572,0.08071428571428571,1.0671428571428572,0.03785714285714286,0.10785714285714286,33.402857142857144,0.09214285714285715,0.18642857142857142,50.198571428571434,0.09071428571428572,0.1292857142857143,70.7042857142857,0.014285714285714285,0.03928571428571429,0.5428571428571429,0.016428571428571428,0.11642857142857142,0.14714285714285716,0.08071428571428571,0.011428571428571429,0.4057142857142857,0.39666666666666667,0.135,0.18000000000000002,0.08166666666666667,0.1825,0.04916666666666667,0.13333333333333333,0.06416666666666666,0.075,0.91,0.045000000000000005,0.12083333333333333,37.775,0.09000000000000001,0.18833333333333332,47.80166666666667,0.08166666666666667,0.10666666666666667,76.79166666666667,0.004166666666666667,0.028333333333333335,0.40666666666666657,0.008333333333333333,0.1175,0.07166666666666667,0.075,0.021666666666666667,0.4058333333333333
90,74,2015-12-09,9,1,2015-2016,Bauru Basket,Mogi,1,0.41642857142857137,0.1457142857142857,0.18142857142857144,0.08928571428571429,0.1757142857142857,0.04285714285714286,0.13285714285714287,0.08857142857142856,0.06,1.5671428571428572,0.048571428571428564,0.13714285714285715,35.565714285714286,0.09071428571428572,0.15571428571428572,58.629999999999995,0.08928571428571429,0.11285714285714288,77.35857142857142,0.009285714285714286,0.04642857142857143,0.8271428571428572,0.002142857142857143,0.08928571428571429,0.022857142857142857,0.06,0.01,0.4921428571428571,0.38916666666666666,0.1075,0.21833333333333335,0.06333333333333334,0.19166666666666665,0.059166666666666666,0.1325,0.08083333333333333,0.07333333333333333,1.2916666666666667,0.035833333333333335,0.11249999999999999,31.69666666666667,0.10916666666666668,0.21166666666666667,53.10333333333333,0.06333333333333334,0.09000000000000001,71.11166666666666,0.010833333333333334,0.05833333333333334,0.8866666666666666,0.015,0.09166666666666667,0.16333333333333333,0.07333333333333333,0.016666666666666666,0.4549999999999999
68,77,2015-12-09,9,1,2015-2016,Rio Claro,Fortaleza B. C. / CFO,0,0.36875,0.121875,0.18375,0.063125,0.15375,0.040625,0.11312499999999999,0.09062500000000001,0.0825,1.1525,0.040625,0.115,35.47875,0.091875,0.16875000000000004,54.370000000000005,0.063125,0.09625,64.98875,0.013750000000000002,0.059375,0.7224999999999999,0.0125,0.1075,0.11625000000000002,0.0825,0.02125,0.418125,0.40125,0.135,0.18499999999999997,0.08125,0.190625,0.060000000000000005,0.130625,0.055625,0.0775,0.7837500000000001,0.045,0.12937500000000002,34.9525,0.09249999999999999,0.18937500000000002,49.33875,0.08125,0.10749999999999998,75.68375,0.01,0.043125000000000004,0.57125,0.01125,0.10749999999999998,0.10250000000000001,0.0775,0.013125000000000001,0.41687500000000005
58,61,2015-12-10,10,1,2015-2016,L. Sorocabana,Minas,0,0.35000000000000003,0.08142857142857142,0.21285714285714286,0.055714285714285716,0.1792857142857143,0.07642857142857142,0.10285714285714286,0.06071428571428572,0.07857142857142858,0.8085714285714286,0.027142857142857146,0.10071428571428571,26.055714285714284,0.10642857142857143,0.23357142857142857,45.645714285714284,0.055714285714285716,0.07571428571428572,72.32285714285715,0.0035714285714285718,0.06642857142857143,0.8685714285714285,0.005714285714285714,0.1157142857142857,0.05,0.07857142857142858,0.02214285714285714,0.3628571428571429,0.35000000000000003,0.09500000000000001,0.18777777777777774,0.06722222222222222,0.16999999999999998,0.04722222222222223,0.12277777777777778,0.07833333333333334,0.07,1.2477777777777779,0.03166666666666667,0.10833333333333334,28.32,0.09388888888888887,0.18555555555555556,50.86555555555556,0.06722222222222222,0.09388888888888888,72.00666666666666,0.008333333333333333,0.044444444444444446,0.7011111111111111,0.013888888888888888,0.10277777777777777,0.13555555555555554,0.07,0.01833333333333333,0.39166666666666666
79,83,2015-12-10,10,1,2015-2016,Flamengo,Pinheiros,0,0.42124999999999996,0.12000000000000001,0.22749999999999998,0.07375000000000001,0.174375,0.03875,0.135625,0.0975,0.06875,1.5087499999999998,0.04,0.105,38.115,0.11374999999999999,0.19187500000000002,58.720000000000006,0.07375000000000001,0.09,82.22999999999999,0.00625,0.051875000000000004,0.7912500000000001,0.010624999999999999,0.09375,0.11875000000000001,0.06875,0.006874999999999999,0.5275,0.4061111111111111,0.08333333333333333,0.23555555555555557,0.08722222222222224,0.20111111111111113,0.05777777777777778,0.14333333333333334,0.05888888888888889,0.07,0.8733333333333334,0.027777777777777783,0.085,33.27222222222222,0.11777777777777779,0.23777777777777778,49.730000000000004,0.08722222222222224,0.11444444444444445,75.43666666666667,0.006666666666666667,0.042222222222222223,0.6322222222222221,0.02611111111111111,0.10277777777777777,0.26,0.07,0.015555555555555557,0.4600000000000001
71,62,2015-12-10,10,1,2015-2016,Macaé Basquete,Caxias do Sul Basquete,1,0.38375,0.11437499999999999,0.1675,0.10187500000000001,0.149375,0.04687500000000001,0.1025,0.0525,0.0675,0.8974999999999999,0.038125,0.11499999999999999,33.19,0.08375,0.18062499999999998,46.83625000000001,0.10187500000000001,0.12187500000000001,82.63,0.003125,0.0525,0.8200000000000001,0.004999999999999999,0.11187499999999999,0.051250000000000004,0.0675,0.0175,0.3818750000000001,0.3277777777777777,0.09166666666666666,0.1588888888888889,0.07722222222222223,0.1611111111111111,0.04666666666666667,0.11444444444444445,0.06555555555555555,0.07888888888888888,0.9455555555555557,0.030555555555555558,0.11722222222222221,27.13111111111111,0.07944444444444446,0.1788888888888889,44.62111111111111,0.07722222222222223,0.10944444444444443,69.91222222222223,0.005,0.06555555555555556,0.941111111111111,0.006666666666666666,0.11500000000000002,0.05333333333333333,0.07888888888888888,0.016111111111111114,0.3294444444444445
104,74,2015-12-11,10,1,2015-2016,Bauru Basket,Coop/São José Basketball,1,0.42062499999999997,0.14250000000000002,0.19125,0.08687500000000001,0.179375,0.042499999999999996,0.136875,0.089375,0.058124999999999996,1.635,0.047499999999999994,0.138125,34.568749999999994,0.095625,0.1575,60.86,0.08687500000000001,0.11187500000000002,76.0225,0.00875,0.045625,0.835,0.001875,0.090625,0.02,0.058124999999999996,0.010625,0.50125,0.3964285714285714,0.1392857142857143,0.17428571428571432,0.08285714285714285,0.17500000000000002,0.04642857142857144,0.1285714285714286,0.065,0.07642857142857143,0.8971428571428571,0.04642857142857143,0.12214285714285714,38.42285714285715,0.08714285714285716,0.18142857142857144,48.11571428571428,0.08285714285714285,0.10857142857142857,76.53571428571429,0.0035714285714285718,0.03142857142857143,0.4328571428571428,0.007857142857142858,0.1207142857142857,0.06714285714285714,0.07642857142857143,0.02,0.4035714285714286
86,63,2015-12-11,10,1,2015-2016,Rio Claro,Vitória,1,0.3655555555555556,0.12333333333333332,0.1811111111111111,0.061111111111111116,0.15777777777777777,0.04111111111111111,0.11666666666666664,0.08944444444444445,0.08333333333333333,1.1233333333333335,0.04111111111111111,0.11666666666666667,35.38333333333333,0.09055555555555556,0.1644444444444445,55.16666666666667,0.061111111111111116,0.09388888888888888,64.43444444444444,0.013333333333333334,0.05555555555555555,0.6733333333333333,0.012777777777777779,0.10666666666666666,0.12000000000000001,0.08333333333333333,0.023333333333333334,0.41555555555555557,0.35687500000000005,0.08812500000000001,0.19625,0.0725,0.17124999999999999,0.057499999999999996,0.11374999999999999,0.05375,0.066875,0.8775000000000001,0.029375,0.09937499999999999,29.34,0.098125,0.20187500000000003,49.2225,0.0725,0.09562499999999999,75.0,0.006875,0.048124999999999994,0.78,0.00625,0.0875,0.07625,0.066875,0.023750000000000004,0.3725
88,90,2015-12-12,10,1,2015-2016,Sesi Franca,Mogi,0,0.39687500000000003,0.12000000000000001,0.1875,0.089375,0.16875,0.04687499999999999,0.121875,0.0775,0.08062499999999999,1.075,0.04,0.110625,34.51625,0.09375,0.18187499999999998,52.673750000000005,0.089375,0.12937500000000002,69.55874999999999,0.014374999999999999,0.04125,0.56125,0.016875,0.11687499999999999,0.15,0.08062499999999999,0.01125,0.421875,0.38642857142857145,0.10928571428571429,0.21285714285714286,0.0642857142857143,0.18642857142857142,0.05714285714285714,0.12928571428571428,0.08142857142857142,0.07214285714285715,1.2942857142857143,0.03642857142857143,0.11285714285714285,32.137142857142855,0.10642857142857143,0.21071428571428572,51.78857142857142,0.0642857142857143,0.09142857142857143,70.95285714285714,0.01,0.05357142857142858,0.8142857142857142,0.013571428571428571,0.09285714285714286,0.14714285714285716,0.07214285714285715,0.016428571428571428,0.44071428571428567
74,81,2015-12-15,11,1,2015-2016,Minas,Flamengo,0,0.34550000000000003,0.0975,0.18599999999999997,0.062,0.17099999999999999,0.047,0.124,0.07500000000000001,0.0705,1.183,0.0325,0.10700000000000001,29.699,0.09299999999999999,0.1845,50.636,0.062,0.088,69.092,0.008,0.044,0.684,0.0125,0.10049999999999999,0.12199999999999997,0.0705,0.017499999999999998,0.3855,0.4183333333333333,0.12666666666666668,0.21777777777777776,0.07388888888888889,0.175,0.03944444444444444,0.13555555555555554,0.09666666666666666,0.0688888888888889,1.4844444444444445,0.042222222222222223,0.1111111111111111,38.04666666666667,0.10888888888888888,0.19055555555555556,56.51666666666667,0.07388888888888889,0.09277777777777778,80.33999999999999,0.006111111111111111,0.053888888888888896,0.8144444444444445,0.010555555555555554,0.09444444444444444,0.11666666666666667,0.0688888888888889,0.006666666666666665,0.5161111111111111
78,106,2015-12-15,11,1,2015-2016,Sesi Franca,Fortaleza B. C. / CFO,0,0.40166666666666667,0.125,0.19,0.08666666666666667,0.16944444444444445,0.045555555555555544,0.12388888888888888,0.07944444444444444,0.07944444444444443,1.1066666666666665,0.041666666666666664,0.11499999999999999,34.75555555555556,0.095,0.1811111111111111,53.48777777777778,0.08666666666666667,0.12388888888888891,70.85777777777777,0.014444444444444446,0.03944444444444445,0.538888888888889,0.017777777777777778,0.11444444444444445,0.1622222222222222,0.07944444444444443,0.01111111111111111,0.43166666666666664,0.39944444444444444,0.13833333333333334,0.1833333333333333,0.07777777777777778,0.1861111111111111,0.058333333333333334,0.12777777777777777,0.05722222222222222,0.07277777777777777,0.9188888888888889,0.04611111111111111,0.13,35.595555555555556,0.09166666666666665,0.1877777777777778,49.25333333333333,0.07777777777777778,0.10499999999999998,73.81,0.009444444444444445,0.043888888888888894,0.6666666666666666,0.01,0.10555555555555554,0.09111111111111111,0.07277777777777777,0.012222222222222225,0.41666666666666674
107,104,2015-12-15,11,1,2015-2016,Brasília,Macaé Basquete,1,0.4558333333333333,0.1575,0.21833333333333335,0.08,0.18666666666666665,0.056666666666666664,0.13,0.1025,0.07666666666666667,1.485,0.0525,0.12416666666666666,43.15166666666667,0.10916666666666668,0.19499999999999998,55.96333333333334,0.08,0.09833333333333333,81.87333333333333,0.01,0.0325,0.47,0.01,0.11416666666666665,0.08833333333333333,0.07666666666666667,0.015833333333333335,0.5350000000000001,0.38055555555555554,0.11499999999999999,0.16333333333333336,0.10222222222222223,0.15222222222222223,0.045000000000000005,0.10722222222222222,0.05111111111111111,0.06722222222222222,0.8666666666666666,0.03833333333333333,0.11555555555555556,33.20555555555555,0.08166666666666668,0.17444444444444443,47.410000000000004,0.10222222222222223,0.12333333333333335,82.0911111111111,0.0033333333333333335,0.05111111111111111,0.7977777777777778,0.005555555555555555,0.11166666666666665,0.05555555555555555,0.06722222222222222,0.017222222222222226,0.38222222222222224
93,84,2015-12-15,11,1,2015-2016,Mogi,L. Sorocabana,1,0.39437500000000003,0.106875,0.2175,0.07,0.190625,0.06,0.130625,0.079375,0.07,1.28,0.035625000000000004,0.1175,30.62,0.10875,0.21000000000000002,52.9375,0.07,0.0975,71.905,0.00875,0.05437500000000001,0.8487499999999999,0.01375,0.093125,0.14875,0.07,0.01625,0.45124999999999993,0.3425,0.08062499999999999,0.20625,0.055625,0.175625,0.073125,0.1025,0.059375000000000004,0.07437500000000001,0.8462500000000001,0.026875000000000003,0.09937499999999999,26.27125,0.103125,0.22875,45.068749999999994,0.055625,0.07500000000000001,73.10374999999999,0.003125,0.064375,0.89875,0.006875,0.11062499999999999,0.06875,0.07437500000000001,0.02,0.356875
83,77,2015-12-15,11,1,2015-2016,Coop/São José Basketball,Paulistano,1,0.393125,0.13312500000000002,0.17625000000000002,0.08374999999999999,0.16375,0.04312500000000001,0.12062500000000001,0.065625,0.07250000000000001,0.98,0.044375,0.11687499999999999,38.307500000000005,0.08812500000000001,0.183125,48.19125,0.08374999999999999,0.111875,75.3025,0.003125,0.03375,0.5175,0.006875,0.120625,0.05875,0.07250000000000001,0.019375000000000003,0.395,0.4225,0.166875,0.19874999999999998,0.05687500000000001,0.19125,0.056875,0.13437500000000002,0.084375,0.0675,1.43625,0.055625,0.135625,41.410000000000004,0.09937499999999999,0.18625000000000003,53.695,0.05687500000000001,0.075625,74.44749999999999,0.00875,0.049375,0.8424999999999999,0.008125,0.09624999999999999,0.0925,0.0675,0.018750000000000003,0.5025000000000001
94,68,2015-12-15,11,1,2015-2016,Bauru Basket,Vitória,1,0.43166666666666664,0.15666666666666668,0.18777777777777777,0.08722222222222223,0.17666666666666667,0.03944444444444444,0.13722222222222222,0.09388888888888888,0.05888888888888889,1.6755555555555555,0.05222222222222222,0.13777777777777778,38.135555555555555,0.09388888888888888,0.1527777777777778,61.82777777777778,0.08722222222222223,0.11166666666666668,76.66666666666667,0.010555555555555556,0.042777777777777776,0.7766666666666666,0.0022222222222222222,0.09388888888888888,0.022222222222222223,0.05888888888888889,0.009444444444444445,0.5194444444444444,0.35222222222222227,0.09000000000000001,0.1888888888888889,0.07333333333333332,0.16777777777777775,0.05611111111111111,0.11166666666666665,0.05111111111111111,0.06722222222222222,0.8277777777777778,0.030000000000000002,0.09722222222222221,30.941111111111113,0.09444444444444446,0.20000000000000004,47.657777777777774,0.07333333333333332,0.09944444444444443,73.50444444444445,0.006111111111111111,0.048888888888888885,0.7811111111111111,0.008333333333333335,0.08722222222222221,0.09999999999999999,0.06722222222222222,0.023333333333333334,0.3622222222222222
67,65,2015-12-15,11,1,2015-2016,Caxias do Sul Basquete,Rio Claro,1,0.32599999999999996,0.093,0.15700000000000003,0.076,0.16199999999999998,0.0465,0.1155,0.063,0.0765,0.9240000000000002,0.031000000000000007,0.11499999999999999,28.101999999999997,0.07850000000000001,0.18050000000000002,43.749,0.076,0.1075,70.143,0.0045,0.06300000000000001,0.9199999999999999,0.006,0.11300000000000002,0.048,0.0765,0.016000000000000004,0.326,0.372,0.12449999999999999,0.185,0.0625,0.15899999999999997,0.04,0.119,0.0915,0.082,1.1680000000000001,0.041499999999999995,0.11500000000000002,36.345,0.0925,0.16600000000000004,55.761,0.0625,0.093,66.815,0.014000000000000002,0.054000000000000006,0.663,0.013000000000000001,0.10600000000000001,0.123,0.082,0.022000000000000002,0.43000000000000005
84,75,2015-12-17,12,1,2015-2016,Paulistano,Mogi,1,0.4183333333333333,0.15833333333333333,0.19999999999999998,0.060000000000000005,0.18666666666666665,0.058333333333333334,0.12833333333333335,0.08166666666666668,0.06777777777777778,1.3722222222222222,0.05277777777777778,0.1311111111111111,40.31777777777778,0.09999999999999999,0.1905555555555556,52.91444444444445,0.060000000000000005,0.0811111111111111,73.7311111111111,0.008333333333333335,0.051666666666666666,0.8599999999999999,0.007222222222222223,0.09777777777777777,0.08222222222222222,0.06777777777777778,0.018333333333333337,0.48777777777777787,0.40222222222222226,0.11333333333333334,0.21666666666666667,0.07222222222222223,0.18944444444444442,0.06055555555555555,0.1288888888888889,0.08277777777777778,0.07277777777777777,1.2666666666666666,0.03777777777777778,0.12055555555555555,31.432222222222222,0.10833333333333334,0.20611111111111113,53.72222222222222,0.07222222222222223,0.1,72.24888888888889,0.008888888888888889,0.05333333333333334,0.8066666666666665,0.012777777777777779,0.09555555555555556,0.13666666666666666,0.07277777777777777,0.016666666666666666,0.4588888888888888
90,96,2015-12-17,12,1,2015-2016,Pinheiros,Rio Claro,0,0.4069999999999999,0.08249999999999999,0.24000000000000005,0.08450000000000002,0.20400000000000001,0.05750000000000001,0.14650000000000002,0.0605,0.072,0.869,0.027500000000000007,0.083,33.791,0.12000000000000002,0.2415,49.848,0.08450000000000002,0.11100000000000002,75.393,0.006500000000000001,0.044,0.6359999999999999,0.027000000000000003,0.10149999999999999,0.273,0.072,0.015000000000000003,0.4670000000000001,0.36772727272727274,0.12954545454545452,0.1781818181818182,0.060000000000000005,0.16318181818181818,0.04272727272727273,0.12045454545454545,0.09136363636363637,0.08318181818181819,1.1481818181818182,0.04318181818181818,0.11681818181818183,37.08090909090909,0.0890909090909091,0.16500000000000004,53.91727272727273,0.060000000000000005,0.09318181818181817,64.09,0.013181818181818183,0.052272727272727276,0.6363636363636364,0.012272727272727274,0.10818181818181817,0.11545454545454546,0.08318181818181819,0.020909090909090912,0.42090909090909095
90,81,2015-12-17,12,1,2015-2016,Minas,Macaé Basquete,1,0.3477272727272728,0.09818181818181819,0.1909090909090909,0.05863636363636364,0.17409090909090907,0.04681818181818182,0.12727272727272726,0.0790909090909091,0.07318181818181818,1.1845454545454546,0.03272727272727272,0.10590909090909091,30.34818181818182,0.09545454545454544,0.18545454545454546,51.627272727272725,0.05863636363636364,0.085,66.94272727272727,0.007727272727272728,0.042727272727272725,0.6490909090909092,0.013636363636363636,0.09999999999999999,0.13454545454545452,0.07318181818181818,0.01818181818181818,0.39454545454545453,0.39449999999999996,0.11399999999999999,0.17300000000000001,0.1075,0.159,0.046,0.11299999999999999,0.052000000000000005,0.066,0.8889999999999999,0.038,0.1145,33.217999999999996,0.08650000000000001,0.18249999999999997,47.76700000000001,0.1075,0.131,81.63199999999999,0.003,0.0495,0.782,0.0055,0.1125,0.054000000000000006,0.066,0.0175,0.3985
82,66,2015-12-17,12,1,2015-2016,Bauru Basket,Fortaleza B. C. / CFO,1,0.43549999999999994,0.16050000000000003,0.188,0.087,0.18,0.040499999999999994,0.13949999999999999,0.0945,0.0605,1.641,0.05349999999999999,0.1395,38.516,0.094,0.154,61.403000000000006,0.087,0.11150000000000002,76.727,0.01,0.043,0.7589999999999999,0.0025,0.096,0.024,0.0605,0.009000000000000001,0.5245,0.4125,0.14250000000000002,0.19299999999999998,0.077,0.183,0.05750000000000001,0.1255,0.06,0.07100000000000001,0.982,0.0475,0.12800000000000003,37.491,0.09649999999999999,0.193,50.160999999999994,0.077,0.10299999999999998,74.66400000000002,0.0095,0.048,0.755,0.0115,0.10749999999999997,0.10200000000000001,0.07100000000000001,0.012,0.441
88,81,2015-12-17,12,1,2015-2016,Coop/São José Basketball,L. Sorocabana,1,0.39555555555555555,0.13833333333333334,0.1711111111111111,0.0861111111111111,0.1638888888888889,0.04277777777777778,0.12111111111111111,0.06833333333333333,0.07444444444444445,0.9822222222222222,0.04611111111111111,0.11944444444444444,38.81333333333334,0.08555555555555555,0.17555555555555558,49.11666666666666,0.0861111111111111,0.11166666666666668,77.5411111111111,0.003888888888888889,0.034444444444444444,0.508888888888889,0.008888888888888889,0.1211111111111111,0.07444444444444444,0.07444444444444445,0.019444444444444445,0.4077777777777778,0.35111111111111115,0.075,0.21666666666666667,0.059444444444444446,0.17833333333333334,0.0761111111111111,0.10222222222222221,0.05777777777777778,0.07333333333333335,0.828888888888889,0.025000000000000005,0.09833333333333333,24.586666666666662,0.10833333333333334,0.23333333333333334,46.23444444444444,0.059444444444444446,0.0788888888888889,74.07222222222221,0.002777777777777778,0.06388888888888888,0.9011111111111112,0.007222222222222223,0.10944444444444443,0.07222222222222223,0.07333333333333335,0.01888888888888889,0.3672222222222222
76,78,2015-12-17,12,1,2015-2016,Sesi Franca,Vitória,0,0.40049999999999997,0.12,0.193,0.0875,0.1675,0.04599999999999999,0.12150000000000001,0.07749999999999999,0.08249999999999999,1.051,0.04,0.11199999999999999,34.221000000000004,0.0965,0.182,53.92800000000001,0.0875,0.12500000000000003,70.809,0.015,0.04,0.526,0.0165,0.1115,0.152,0.08249999999999999,0.0125,0.4245,0.35100000000000003,0.08700000000000001,0.191,0.073,0.17049999999999998,0.057999999999999996,0.1125,0.051500000000000004,0.0675,0.8240000000000001,0.029000000000000005,0.09999999999999999,29.447000000000003,0.0955,0.2015,47.775999999999996,0.073,0.09999999999999999,72.821,0.006,0.049499999999999995,0.782,0.0075000000000000015,0.0885,0.09,0.0675,0.022000000000000002,0.3585
85,94,2015-12-17,12,1,2015-2016,Brasília,Flamengo,0,0.46714285714285714,0.15642857142857142,0.22428571428571428,0.08642857142857142,0.19428571428571426,0.06,0.13428571428571429,0.10714285714285714,0.07357142857142858,1.6228571428571428,0.052142857142857144,0.12642857142857142,42.08857142857143,0.11214285714285714,0.20357142857142854,55.251428571428576,0.08642857142857142,0.10785714285714286,81.0,0.011428571428571429,0.032857142857142856,0.4942857142857143,0.012142857142857141,0.11928571428571429,0.1,0.07357142857142858,0.015714285714285715,0.552857142857143,0.417,0.132,0.213,0.07200000000000001,0.16999999999999998,0.038,0.132,0.0985,0.06650000000000002,1.592,0.044,0.11299999999999999,38.857,0.1065,0.191,55.224000000000004,0.07200000000000001,0.092,78.777,0.0055,0.05500000000000001,0.8770000000000001,0.009999999999999998,0.093,0.11100000000000002,0.06650000000000002,0.007499999999999998,0.5105
80,77,2015-12-19,13,1,2015-2016,Paulistano,Bauru Basket,1,0.4185,0.156,0.202,0.0605,0.185,0.05700000000000001,0.12800000000000003,0.083,0.0695,1.347,0.052000000000000005,0.1305,39.886,0.101,0.18900000000000003,53.909000000000006,0.0605,0.08249999999999999,73.19999999999999,0.009000000000000001,0.052500000000000005,0.845,0.0075,0.09899999999999999,0.08299999999999999,0.0695,0.019000000000000003,0.48850000000000005,0.43318181818181817,0.15545454545454548,0.1890909090909091,0.08863636363636364,0.18727272727272729,0.042727272727272725,0.14454545454545453,0.09318181818181817,0.05772727272727273,1.7345454545454544,0.05181818181818181,0.14045454545454544,37.13545454545454,0.09454545454545454,0.15818181818181817,60.366363636363644,0.08863636363636364,0.11272727272727275,77.38818181818182,0.009090909090909092,0.041363636363636366,0.7654545454545453,0.0027272727272727275,0.09454545454545454,0.02727272727272728,0.05772727272727273,0.008636363636363638,0.5236363636363636
67,77,2015-12-20,13,1,2015-2016,Rio Claro,Minas,0,0.3770833333333334,0.13124999999999998,0.18583333333333332,0.06,0.1625,0.04416666666666667,0.11833333333333333,0.09125000000000001,0.08166666666666667,1.1675000000000002,0.043750000000000004,0.11791666666666667,37.19583333333333,0.09291666666666666,0.17000000000000004,54.42416666666667,0.06,0.09249999999999999,64.63166666666667,0.012083333333333335,0.05291666666666667,0.66,0.012916666666666667,0.11083333333333334,0.11750000000000001,0.08166666666666667,0.02083333333333334,0.4312500000000001,0.35625,0.09875,0.19333333333333333,0.06416666666666666,0.17666666666666664,0.048749999999999995,0.12791666666666665,0.0825,0.07166666666666667,1.2674999999999998,0.03291666666666667,0.10291666666666667,31.985833333333336,0.09666666666666666,0.19041666666666668,51.06666666666666,0.06416666666666666,0.09041666666666666,68.30833333333334,0.007916666666666667,0.042083333333333334,0.6483333333333333,0.012916666666666667,0.10124999999999999,0.12666666666666665,0.07166666666666667,0.017083333333333332,0.40874999999999995
74,65,2015-12-20,13,1,2015-2016,Vitória,Caxias do Sul Basquete,1,0.35454545454545455,0.09136363636363637,0.19090909090909092,0.07227272727272727,0.17045454545454544,0.05863636363636364,0.11181818181818182,0.053636363636363635,0.06863636363636363,0.8345454545454545,0.030454545454545456,0.10090909090909089,30.48909090909091,0.09545454545454546,0.1990909090909091,48.36818181818182,0.07227272727272727,0.10136363636363636,71.3390909090909,0.005909090909090909,0.04909090909090908,0.7618181818181818,0.008636363636363638,0.09045454545454544,0.09818181818181816,0.06863636363636363,0.022272727272727274,0.3645454545454545,0.3268181818181818,0.09545454545454544,0.15454545454545457,0.07681818181818181,0.16409090909090907,0.046363636363636364,0.11772727272727272,0.06409090909090909,0.07590909090909091,0.9372727272727275,0.03181818181818182,0.11363636363636363,29.183636363636364,0.07727272727272728,0.18045454545454545,43.054545454545455,0.07681818181818181,0.11045454545454544,69.28545454545456,0.005909090909090909,0.0640909090909091,0.9336363636363636,0.005909090909090909,0.11272727272727275,0.04818181818181819,0.07590909090909091,0.015454545454545459,0.3304545454545455
94,77,2015-12-20,13,1,2015-2016,Flamengo,Coop/São José Basketball,1,0.4218181818181818,0.12681818181818183,0.21818181818181817,0.07681818181818183,0.16999999999999998,0.04045454545454546,0.12954545454545455,0.09863636363636363,0.06727272727272728,1.5681818181818181,0.042272727272727274,0.11045454545454544,37.99818181818182,0.10909090909090909,0.19636363636363638,55.11272727272728,0.07681818181818183,0.0959090909090909,80.03272727272727,0.005454545454545454,0.056818181818181816,0.8881818181818183,0.010454545454545454,0.09363636363636364,0.11454545454545455,0.06727272727272728,0.007727272727272725,0.5159090909090909,0.4,0.1395,0.172,0.0885,0.163,0.042,0.121,0.073,0.07200000000000001,1.114,0.0465,0.119,39.28000000000001,0.086,0.17750000000000002,48.81999999999999,0.0885,0.1125,78.954,0.004,0.033,0.49800000000000005,0.009,0.11949999999999998,0.07699999999999999,0.07200000000000001,0.019,0.418
0,20,2015-12-20,13,1,2015-2016,L. Sorocabana,Sesi Franca,0,0.35650000000000004,0.072,0.223,0.0615,0.183,0.07749999999999999,0.1055,0.05700000000000001,0.07200000000000002,0.8290000000000001,0.024000000000000004,0.09799999999999999,23.706999999999997,0.1115,0.23600000000000004,46.995999999999995,0.0615,0.0825,73.62199999999999,0.0035000000000000005,0.061,0.8690000000000001,0.0075,0.10999999999999999,0.074,0.07200000000000002,0.0205,0.37350000000000005,0.3986363636363636,0.1159090909090909,0.19454545454545455,0.08818181818181818,0.1640909090909091,0.04499999999999999,0.1190909090909091,0.07636363636363636,0.0818181818181818,1.0345454545454544,0.03863636363636364,0.1109090909090909,33.38272727272727,0.09727272727272727,0.18227272727272725,54.185454545454554,0.08818181818181818,0.12363636363636367,72.22272727272727,0.014090909090909091,0.04090909090909091,0.5390909090909092,0.01590909090909091,0.11136363636363637,0.14636363636363636,0.0818181818181818,0.013181818181818182,0.42136363636363633
70,82,2015-12-20,13,1,2015-2016,Macaé Basquete,Mogi,0,0.39545454545454545,0.11318181818181818,0.17454545454545456,0.10772727272727273,0.15818181818181817,0.04454545454545455,0.11363636363636363,0.05590909090909091,0.065,0.9654545454545453,0.03772727272727273,0.11454545454545455,32.96454545454545,0.08727272727272728,0.18090909090909088,48.65909090909092,0.10772727272727273,0.13136363636363638,81.61818181818181,0.0036363636363636364,0.049090909090909095,0.7854545454545455,0.005454545454545454,0.11363636363636363,0.052727272727272734,0.065,0.017272727272727273,0.405,0.3995,0.11400000000000002,0.211,0.0745,0.184,0.056999999999999995,0.127,0.08049999999999999,0.075,1.203,0.038,0.11850000000000001,32.289,0.1055,0.201,53.511,0.0745,0.1025,72.624,0.0085,0.053000000000000005,0.7789999999999999,0.0115,0.0975,0.123,0.075,0.016499999999999997,0.44899999999999995
68,63,2015-12-20,13,1,2015-2016,Fortaleza B. C. / CFO,Pinheiros,1,0.405,0.1431818181818182,0.18818181818181817,0.07363636363636364,0.1818181818181818,0.0540909090909091,0.12772727272727272,0.05909090909090909,0.06681818181818183,1.0745454545454545,0.04772727272727273,0.13363636363636366,36.47545454545455,0.09409090909090909,0.18863636363636366,49.99,0.07363636363636364,0.09954545454545452,73.4709090909091,0.009545454545454544,0.045909090909090906,0.7772727272727273,0.011818181818181818,0.10636363636363634,0.10727272727272727,0.06681818181818183,0.01090909090909091,0.4304545454545455,0.4109090909090909,0.08590909090909091,0.23909090909090913,0.08590909090909092,0.20181818181818184,0.05909090909090909,0.14272727272727273,0.061818181818181814,0.07272727272727272,0.8754545454545454,0.02863636363636364,0.08363636363636363,34.75909090909091,0.11954545454545457,0.24000000000000002,49.96272727272728,0.08590909090909092,0.11454545454545455,74.6,0.005909090909090909,0.04409090909090909,0.629090909090909,0.02681818181818182,0.10181818181818181,0.26999999999999996,0.07272727272727272,0.015454545454545455,0.46863636363636374
79,84,2015-12-22,14,1,2015-2016,Paulistano,Sesi Franca,0,0.4168181818181818,0.15409090909090908,0.20363636363636364,0.05909090909090909,0.1868181818181818,0.05772727272727273,0.12909090909090912,0.08181818181818183,0.06681818181818183,1.3836363636363636,0.05136363636363637,0.13136363636363635,39.18181818181818,0.10181818181818182,0.19318181818181823,53.26363636363637,0.05909090909090909,0.08045454545454546,73.36363636363636,0.008636363636363638,0.05136363636363637,0.859090909090909,0.007727272727272727,0.09863636363636363,0.08545454545454545,0.06681818181818183,0.01863636363636364,0.4850000000000001,0.3745833333333333,0.10749999999999998,0.18500000000000003,0.08208333333333333,0.15375000000000003,0.04208333333333333,0.11166666666666668,0.07125,0.07666666666666665,1.0108333333333333,0.035833333333333335,0.10375,32.267500000000005,0.09250000000000001,0.17124999999999999,56.33666666666667,0.08208333333333333,0.11500000000000003,72.45416666666667,0.013333333333333334,0.03833333333333334,0.5358333333333334,0.015000000000000001,0.105,0.14583333333333334,0.07666666666666665,0.012083333333333333,0.39666666666666667
79,63,2015-12-22,14,1,2015-2016,Macaé Basquete,Coop/São José Basketball,1,0.3916666666666666,0.11249999999999999,0.17500000000000002,0.10416666666666667,0.16041666666666668,0.04416666666666667,0.11625,0.05708333333333334,0.06791666666666667,0.9433333333333332,0.037500000000000006,0.1125,33.45833333333333,0.08750000000000001,0.18041666666666664,48.89000000000001,0.10416666666666667,0.12666666666666668,82.03916666666666,0.004166666666666667,0.04875000000000001,0.7575,0.005416666666666666,0.11375,0.05166666666666667,0.06791666666666667,0.017083333333333336,0.405,0.3986363636363636,0.14045454545454544,0.17363636363636362,0.08454545454545453,0.16045454545454546,0.040909090909090916,0.11954545454545454,0.075,0.07136363636363638,1.1454545454545455,0.04681818181818182,0.11772727272727272,40.038181818181826,0.08681818181818181,0.1781818181818182,49.05,0.08454545454545453,0.10818181818181817,78.07,0.004545454545454546,0.03318181818181818,0.5018181818181818,0.00818181818181818,0.11727272727272725,0.06999999999999999,0.07136363636363638,0.01863636363636364,0.41818181818181815
84,80,2015-12-22,14,1,2015-2016,L. Sorocabana,Bauru Basket,1,0.3313636363636364,0.06545454545454545,0.20727272727272725,0.05863636363636364,0.17,0.07227272727272727,0.09772727272727272,0.052727272727272734,0.06727272727272729,0.7990909090909092,0.021818181818181823,0.09045454545454544,21.551818181818177,0.10363636363636362,0.2195454545454546,46.85545454545454,0.05863636363636364,0.07863636363636364,73.74727272727272,0.004090909090909091,0.056818181818181816,0.8581818181818183,0.00818181818181818,0.10272727272727272,0.11272727272727273,0.06727272727272729,0.019545454545454546,0.3472727272727273,0.42916666666666664,0.15375000000000003,0.18916666666666668,0.08625,0.18916666666666668,0.04416666666666667,0.145,0.09208333333333334,0.0575,1.7108333333333332,0.05125,0.14083333333333334,36.626666666666665,0.09458333333333334,0.16125,59.39583333333334,0.08625,0.10958333333333335,77.60583333333334,0.00875,0.04,0.7391666666666664,0.002916666666666667,0.09208333333333334,0.03166666666666667,0.0575,0.009166666666666668,0.51625
79,77,2015-12-22,14,1,2015-2016,Flamengo,Mogi,1,0.4258333333333333,0.13125,0.22166666666666668,0.07291666666666667,0.1708333333333333,0.042083333333333334,0.12875,0.09833333333333333,0.06625000000000002,1.5816666666666668,0.043750000000000004,0.11291666666666667,38.403333333333336,0.11083333333333334,0.19666666666666668,55.93666666666667,0.07291666666666667,0.09208333333333334,78.36333333333333,0.005416666666666667,0.05541666666666667,0.8750000000000001,0.010416666666666666,0.09166666666666667,0.11666666666666665,0.06625000000000002,0.007499999999999999,0.5204166666666666,0.40045454545454545,0.11727272727272728,0.20636363636363636,0.07681818181818181,0.18045454545454545,0.056363636363636366,0.12409090909090909,0.07909090909090909,0.07363636363636364,1.1918181818181819,0.03909090909090909,0.12136363636363635,32.38363636363636,0.10318181818181818,0.19772727272727275,53.053636363636365,0.07681818181818181,0.10499999999999998,73.01454545454546,0.008636363636363636,0.05545454545454545,0.829090909090909,0.01090909090909091,0.09863636363636363,0.11636363636363636,0.07363636363636364,0.015454545454545453,0.4472727272727272
84,69,2015-12-22,14,1,2015-2016,Rio Claro,Brasília,1,0.3738461538461539,0.1292307692307692,0.18307692307692308,0.061538461538461535,0.16153846153846155,0.04346153846153847,0.11807692307692307,0.0880769230769231,0.08076923076923077,1.1323076923076925,0.04307692307692308,0.11730769230769232,36.78230769230769,0.09153846153846154,0.1703846153846154,53.534615384615385,0.061538461538461535,0.09269230769230768,66.13769230769232,0.011923076923076925,0.05384615384615384,0.6807692307692308,0.01346153846153846,0.11038461538461539,0.12307692307692308,0.08076923076923077,0.01961538461538462,0.42576923076923084,0.461875,0.15,0.22875,0.083125,0.189375,0.05875,0.13062500000000002,0.10375,0.078125,1.51125,0.05,0.125625,40.47375,0.114375,0.20562499999999997,55.73125,0.083125,0.101875,83.375,0.01,0.036875000000000005,0.50625,0.012499999999999999,0.12,0.10250000000000001,0.078125,0.01625,0.5406250000000001
66,50,2015-12-22,14,1,2015-2016,Fortaleza B. C. / CFO,Caxias do Sul Basquete,1,0.39958333333333335,0.14125,0.18583333333333332,0.07250000000000001,0.1825,0.055000000000000014,0.12749999999999997,0.05833333333333334,0.06625000000000002,1.0541666666666667,0.04708333333333334,0.13625,35.45583333333334,0.09291666666666666,0.18500000000000003,50.42166666666666,0.07250000000000001,0.09999999999999998,72.11,0.009583333333333333,0.046250000000000006,0.7816666666666667,0.011250000000000001,0.10708333333333331,0.10166666666666667,0.06625000000000002,0.012083333333333335,0.42291666666666666,0.32666666666666666,0.09999999999999998,0.155,0.07166666666666667,0.16041666666666665,0.043333333333333335,0.11708333333333333,0.0625,0.07416666666666667,0.9275000000000002,0.03333333333333333,0.11541666666666667,29.838333333333335,0.0775,0.17708333333333334,44.22833333333333,0.07166666666666667,0.10499999999999998,66.28916666666667,0.005416666666666667,0.06291666666666668,0.9316666666666666,0.005833333333333334,0.11416666666666668,0.04750000000000001,0.07416666666666667,0.015833333333333335,0.32916666666666666
78,98,2015-12-22,14,1,2015-2016,Vitória,Pinheiros,0,0.3558333333333334,0.09375,0.18833333333333335,0.07375,0.16916666666666666,0.05666666666666667,0.1125,0.05541666666666666,0.06916666666666667,0.8483333333333333,0.03125,0.10041666666666665,31.4575,0.09416666666666668,0.19583333333333333,48.50416666666666,0.07375,0.10208333333333335,72.21249999999999,0.0062499999999999995,0.047499999999999994,0.7316666666666668,0.009166666666666668,0.08875,0.10749999999999998,0.06916666666666667,0.021666666666666667,0.36874999999999997,0.40291666666666665,0.0825,0.23416666666666672,0.08625000000000001,0.20375000000000001,0.06041666666666667,0.14333333333333334,0.06083333333333333,0.07208333333333333,0.8666666666666666,0.027500000000000007,0.0825,33.64833333333333,0.11708333333333336,0.23958333333333334,48.990833333333335,0.08625000000000001,0.11291666666666667,76.27833333333332,0.0062499999999999995,0.042916666666666665,0.615,0.024583333333333336,0.1025,0.24749999999999997,0.07208333333333333,0.014583333333333335,0.45875000000000005
74,89,2016-01-08,15,1,2015-2016,Pinheiros,Caxias do Sul Basquete,0,0.4096153846153846,0.08538461538461538,0.23538461538461541,0.08884615384615387,0.2034615384615385,0.05961538461538462,0.14384615384615385,0.065,0.07230769230769231,0.9176923076923076,0.028461538461538465,0.08346153846153846,34.29923076923077,0.11769230769230771,0.23615384615384613,50.153076923076924,0.08884615384615387,0.11538461538461539,76.77692307692307,0.006538461538461538,0.04461538461538462,0.6346153846153846,0.02307692307692308,0.10346153846153847,0.23153846153846153,0.07230769230769231,0.013846153846153848,0.47346153846153854,0.32076923076923075,0.09346153846153843,0.15307692307692308,0.07423076923076923,0.16346153846153846,0.043846153846153854,0.11961538461538461,0.060000000000000005,0.07615384615384616,0.8792307692307695,0.031153846153846157,0.11538461538461539,27.87769230769231,0.07653846153846154,0.17730769230769233,43.603846153846156,0.07423076923076923,0.10615384615384614,67.92076923076924,0.005,0.06307692307692309,0.91,0.006153846153846154,0.11423076923076923,0.050769230769230775,0.07615384615384616,0.01653846153846154,0.3203846153846154
84,51,2016-01-08,15,1,2015-2016,Paulistano,L. Sorocabana,1,0.41500000000000004,0.155,0.1991666666666667,0.06083333333333333,0.1870833333333333,0.06,0.12708333333333335,0.08083333333333335,0.06625000000000002,1.3658333333333335,0.05166666666666667,0.13333333333333333,38.873333333333335,0.09958333333333334,0.19458333333333336,51.800833333333344,0.06083333333333333,0.08291666666666667,73.31083333333332,0.008333333333333335,0.05125000000000001,0.8566666666666666,0.007916666666666666,0.09749999999999999,0.08833333333333333,0.06625000000000002,0.01875,0.47708333333333336,0.33875000000000005,0.06999999999999999,0.20999999999999996,0.058750000000000004,0.17166666666666666,0.07291666666666666,0.09875,0.05458333333333334,0.06708333333333334,0.8283333333333335,0.023333333333333334,0.09083333333333332,23.264999999999997,0.10499999999999998,0.22250000000000003,46.8725,0.058750000000000004,0.07875,73.85166666666665,0.004166666666666667,0.059166666666666666,0.8958333333333335,0.009166666666666667,0.10208333333333332,0.12083333333333333,0.06708333333333334,0.01916666666666667,0.36125
68,90,2016-01-08,15,1,2015-2016,Sesi Franca,Bauru Basket,0,0.3780769230769231,0.1096153846153846,0.1876923076923077,0.08076923076923077,0.155,0.04153846153846153,0.11346153846153847,0.07269230769230768,0.07769230769230767,1.01,0.03653846153846154,0.10307692307692307,33.42923076923077,0.09384615384615386,0.17269230769230767,56.45615384615385,0.08076923076923077,0.1130769230769231,72.43615384615384,0.012692307692307694,0.03807692307692308,0.5246153846153846,0.014615384615384617,0.10307692307692308,0.14461538461538462,0.07769230769230767,0.01346153846153846,0.4030769230769231,0.4269230769230769,0.15346153846153848,0.18692307692307694,0.08653846153846154,0.18769230769230769,0.045000000000000005,0.14269230769230767,0.08923076923076922,0.06076923076923077,1.6215384615384614,0.051153846153846154,0.13884615384615384,37.15384615384615,0.09346153846153847,0.1630769230769231,58.15307692307693,0.08653846153846154,0.10884615384615387,78.55923076923077,0.008076923076923077,0.04038461538461539,0.7169230769230767,0.0042307692307692315,0.0923076923076923,0.04538461538461539,0.06076923076923077,0.008846153846153847,0.5080769230769231
82,70,2016-01-08,15,1,2015-2016,Mogi,Coop/São José Basketball,1,0.39916666666666667,0.11750000000000001,0.20583333333333334,0.07583333333333332,0.17833333333333332,0.05583333333333334,0.1225,0.07999999999999999,0.07,1.3425,0.03916666666666666,0.12374999999999999,31.9075,0.10291666666666667,0.1975,52.905833333333334,0.07583333333333332,0.10291666666666666,73.70083333333334,0.007916666666666667,0.057083333333333326,0.9683333333333333,0.01,0.09749999999999999,0.10666666666666667,0.07,0.014583333333333332,0.4479166666666666,0.39166666666666666,0.13999999999999999,0.17,0.08166666666666667,0.16,0.04041666666666668,0.11958333333333333,0.07291666666666667,0.07416666666666667,1.09,0.04666666666666667,0.11916666666666666,39.47916666666667,0.085,0.17458333333333334,48.974999999999994,0.08166666666666667,0.10583333333333333,76.7725,0.004583333333333333,0.035416666666666666,0.5075000000000001,0.007916666666666667,0.11541666666666665,0.06833333333333333,0.07416666666666667,0.019583333333333335,0.4075
96,66,2016-01-08,15,1,2015-2016,Flamengo,Macaé Basquete,1,0.4234615384615384,0.1326923076923077,0.21769230769230768,0.07307692307692308,0.17346153846153844,0.043461538461538454,0.13,0.10038461538461538,0.06692307692307693,1.5884615384615384,0.04423076923076923,0.11423076923076922,38.40769230769231,0.10884615384615384,0.19423076923076926,55.596923076923076,0.07307692307692308,0.0926923076923077,78.10461538461539,0.005769230769230769,0.0526923076923077,0.8284615384615386,0.010769230769230769,0.09076923076923078,0.1223076923076923,0.06692307692307693,0.0069230769230769216,0.5188461538461538,0.3919230769230768,0.11192307692307692,0.17846153846153848,0.10153846153846155,0.1630769230769231,0.04538461538461539,0.1176923076923077,0.05807692307692309,0.06846153846153846,0.9423076923076922,0.03730769230769231,0.11307692307692309,33.128461538461536,0.08923076923076924,0.18269230769230765,49.158461538461545,0.10153846153846155,0.12307692307692308,82.45923076923076,0.0038461538461538464,0.05000000000000001,0.7661538461538461,0.005384615384615384,0.11153846153846153,0.05230769230769232,0.06846153846153846,0.016923076923076926,0.40923076923076923
60,71,2016-01-08,15,1,2015-2016,Vitória,Fortaleza B. C. / CFO,0,0.3584615384615385,0.0923076923076923,0.1938461538461539,0.07230769230769231,0.16461538461538458,0.054230769230769235,0.11038461538461539,0.05807692307692307,0.07038461538461538,0.8646153846153847,0.03076923076923077,0.09807692307692308,31.784615384615385,0.09692307692307695,0.19846153846153847,49.12076923076923,0.07230769230769231,0.10115384615384616,71.35846153846154,0.005769230769230769,0.04807692307692308,0.7253846153846155,0.008846153846153847,0.08961538461538462,0.10307692307692307,0.07038461538461538,0.02153846153846154,0.36961538461538457,0.3942307692307692,0.14076923076923076,0.18,0.07346153846153847,0.18384615384615385,0.05346153846153848,0.13038461538461538,0.057307692307692316,0.06846153846153848,1.0092307692307694,0.04692307692307693,0.13576923076923078,35.39153846153847,0.09,0.1823076923076923,49.36384615384615,0.07346153846153847,0.10115384615384614,72.24846153846154,0.008846153846153846,0.04730769230769231,0.7700000000000001,0.011923076923076923,0.10846153846153844,0.10615384615384614,0.06846153846153848,0.01230769230769231,0.41730769230769227
72,59,2016-01-09,15,1,2015-2016,Brasília,Minas,1,0.4488888888888889,0.14,0.22444444444444445,0.08444444444444445,0.18777777777777777,0.058333333333333334,0.12944444444444445,0.09777777777777778,0.07777777777777778,1.4177777777777778,0.04666666666666667,0.11999999999999998,38.940000000000005,0.11222222222222222,0.2072222222222222,54.33666666666667,0.08444444444444445,0.10388888888888888,82.90777777777777,0.01,0.03777777777777778,0.5166666666666666,0.011666666666666665,0.11611111111111111,0.0977777777777778,0.07777777777777778,0.015000000000000001,0.5183333333333334,0.3584615384615385,0.09807692307692309,0.1946153846153846,0.06576923076923077,0.17730769230769228,0.04846153846153846,0.12884615384615383,0.08230769230769232,0.0726923076923077,1.2423076923076921,0.032692307692307694,0.1,33.075384615384614,0.0973076923076923,0.19192307692307692,50.98461538461538,0.06576923076923077,0.09307692307692307,68.28461538461539,0.008461538461538461,0.043846153846153854,0.6569230769230769,0.012307692307692308,0.0996153846153846,0.12153846153846153,0.0726923076923077,0.016923076923076923,0.41230769230769226
70,83,2016-01-12,1,2,2015-2016,Minas,Pinheiros,0,0.3539285714285714,0.09535714285714288,0.19214285714285714,0.06642857142857142,0.17678571428571427,0.05071428571428571,0.12607142857142856,0.07964285714285714,0.07178571428571427,1.207142857142857,0.03178571428571429,0.0992857142857143,32.300000000000004,0.09607142857142857,0.19571428571428573,49.675,0.06642857142857142,0.09392857142857143,68.50928571428572,0.008214285714285714,0.04571428571428572,0.6935714285714286,0.013214285714285715,0.09928571428571428,0.13142857142857142,0.07178571428571427,0.01607142857142857,0.40285714285714286,0.4067857142857143,0.08571428571428572,0.23142857142857148,0.08964285714285716,0.20071428571428576,0.05964285714285714,0.14107142857142857,0.06499999999999999,0.0732142857142857,0.9064285714285713,0.028571428571428574,0.08499999999999999,33.89,0.11571428571428574,0.2314285714285714,50.35214285714286,0.08964285714285716,0.11714285714285715,76.395,0.006785714285714285,0.04571428571428572,0.64,0.02178571428571429,0.10392857142857144,0.21857142857142856,0.0732142857142857,0.013928571428571429,0.4671428571428572
90,79,2016-01-12,1,2,2015-2016,Brasília,Caxias do Sul Basquete,1,0.44000000000000006,0.135,0.22200000000000003,0.083,0.1935,0.0595,0.134,0.0965,0.07949999999999999,1.365,0.045000000000000005,0.118,38.04600000000001,0.11100000000000002,0.2065,53.903,0.083,0.10049999999999999,84.61699999999999,0.0095,0.039,0.518,0.0115,0.11599999999999999,0.097,0.07949999999999999,0.015000000000000003,0.5150000000000001,0.3296428571428572,0.09964285714285712,0.15571428571428572,0.07428571428571429,0.16285714285714284,0.044285714285714296,0.11857142857142856,0.062142857142857146,0.07678571428571428,0.8921428571428575,0.03321428571428572,0.11714285714285715,28.947857142857146,0.07785714285714286,0.17642857142857143,44.60214285714286,0.07428571428571429,0.10571428571428572,68.42642857142859,0.005714285714285714,0.06321428571428571,0.8992857142857142,0.0071428571428571435,0.11464285714285714,0.05928571428571429,0.07678571428571428,0.016785714285714286,0.33428571428571424
87,81,2016-01-12,1,2,2015-2016,Coop/São José Basketball,Vitória,1,0.38846153846153847,0.1373076923076923,0.17153846153846153,0.07961538461538462,0.15846153846153846,0.04000000000000001,0.11846153846153847,0.07230769230769231,0.07576923076923078,1.0584615384615386,0.04576923076923078,0.11807692307692307,39.00615384615385,0.08576923076923076,0.17461538461538462,49.38384615384614,0.07961538461538462,0.10576923076923077,74.89615384615385,0.004230769230769231,0.037307692307692306,0.5169230769230769,0.007692307692307693,0.11307692307692306,0.06769230769230769,0.07576923076923078,0.02,0.40115384615384614,0.35428571428571426,0.09214285714285715,0.19071428571428575,0.07142857142857142,0.16678571428571426,0.055,0.11178571428571428,0.05892857142857143,0.07107142857142856,0.8657142857142858,0.03071428571428572,0.0975,31.895,0.09535714285714288,0.20035714285714287,47.99285714285714,0.07142857142857142,0.10107142857142859,70.54714285714286,0.005714285714285714,0.051071428571428566,0.7542857142857144,0.008571428571428574,0.08928571428571429,0.09999999999999999,0.07107142857142856,0.020714285714285716,0.36678571428571427
74,89,2016-01-13,1,1,2015-2016,Macaé Basquete,Sesi Franca,0,0.3874999999999999,0.10821428571428571,0.17785714285714288,0.10142857142857144,0.16392857142857142,0.04642857142857144,0.11750000000000001,0.05642857142857144,0.06857142857142857,0.9107142857142856,0.03607142857142858,0.11214285714285717,32.190714285714286,0.08892857142857144,0.1839285714285714,48.682857142857145,0.10142857142857144,0.12357142857142857,82.06357142857142,0.003928571428571429,0.04892857142857144,0.7471428571428571,0.0060714285714285705,0.11428571428571428,0.05571428571428572,0.06857142857142857,0.016071428571428573,0.4010714285714286,0.37535714285714283,0.10499999999999998,0.19000000000000003,0.08035714285714286,0.15464285714285714,0.042499999999999996,0.11214285714285714,0.07142857142857142,0.07607142857142855,1.0092857142857141,0.035,0.10392857142857141,31.972857142857148,0.09500000000000001,0.17571428571428568,56.07785714285715,0.08035714285714286,0.11285714285714289,72.13214285714285,0.012857142857142857,0.041428571428571426,0.597857142857143,0.014285714285714289,0.10214285714285716,0.14214285714285715,0.07607142857142855,0.012857142857142857,0.3989285714285714
65,56,2016-01-13,1,2,2015-2016,L. Sorocabana,Rio Claro,1,0.3323076923076923,0.06923076923076922,0.20538461538461533,0.0576923076923077,0.17115384615384616,0.07307692307692307,0.09807692307692309,0.05461538461538462,0.07038461538461539,0.8030769230769231,0.02307692307692308,0.09307692307692307,22.757692307692306,0.10269230769230767,0.2207692307692308,46.151538461538465,0.0576923076923077,0.07807692307692309,73.11615384615382,0.0038461538461538464,0.05961538461538461,0.8723076923076925,0.00923076923076923,0.0996153846153846,0.1223076923076923,0.07038461538461539,0.021153846153846155,0.3480769230769231,0.37714285714285717,0.12964285714285712,0.18571428571428572,0.061785714285714284,0.1625,0.04321428571428572,0.11928571428571429,0.09035714285714287,0.07892857142857143,1.2071428571428573,0.04321428571428572,0.1167857142857143,37.07714285714285,0.09285714285714286,0.17321428571428574,53.45214285714286,0.061785714285714284,0.09214285714285712,66.8757142857143,0.01142857142857143,0.054285714285714284,0.71,0.013928571428571427,0.11,0.12785714285714286,0.07892857142857143,0.018928571428571433,0.43500000000000005
85,69,2016-01-13,1,2,2015-2016,Flamengo,Bauru Basket,1,0.42749999999999994,0.12964285714285714,0.2207142857142857,0.07714285714285715,0.17535714285714285,0.04428571428571428,0.13107142857142856,0.09964285714285714,0.06535714285714286,1.6178571428571427,0.04321428571428572,0.1125,38.045,0.11035714285714285,0.1967857142857143,55.66285714285714,0.07714285714285715,0.09678571428571428,78.71642857142857,0.005357142857142857,0.052500000000000005,0.8485714285714286,0.011428571428571427,0.09250000000000001,0.1257142857142857,0.06535714285714286,0.006785714285714285,0.5257142857142857,0.42857142857142855,0.15964285714285717,0.18214285714285716,0.08678571428571429,0.18857142857142858,0.044285714285714296,0.14428571428571427,0.08892857142857143,0.06392857142857143,1.5635714285714284,0.053214285714285714,0.1392857142857143,38.440714285714286,0.09107142857142858,0.16071428571428573,57.29571428571429,0.08678571428571429,0.10821428571428574,79.37642857142858,0.007857142857142858,0.04107142857142858,0.6999999999999998,0.005,0.09178571428571428,0.055,0.06392857142857143,0.009285714285714286,0.5110714285714285
77,67,2016-01-14,2,2,2015-2016,Minas,Caxias do Sul Basquete,1,0.35366666666666663,0.09300000000000001,0.19466666666666665,0.066,0.17533333333333329,0.049666666666666665,0.12566666666666665,0.07833333333333334,0.072,1.18,0.031000000000000007,0.09800000000000002,31.813333333333336,0.09733333333333333,0.19566666666666668,50.294666666666664,0.066,0.093,68.94200000000001,0.008333333333333333,0.045333333333333344,0.6826666666666666,0.013000000000000001,0.09933333333333333,0.12933333333333333,0.072,0.016666666666666666,0.4013333333333333,0.33399999999999996,0.10399999999999997,0.15466666666666667,0.07533333333333334,0.15966666666666668,0.04366666666666667,0.116,0.06266666666666666,0.076,0.904666666666667,0.034666666666666665,0.11633333333333334,30.51,0.07733333333333334,0.17400000000000002,44.962,0.07533333333333334,0.10733333333333332,68.48,0.005333333333333333,0.06233333333333334,0.8906666666666666,0.006666666666666667,0.11333333333333333,0.05533333333333334,0.076,0.016,0.339
81,90,2016-01-14,2,2,2015-2016,Coop/São José Basketball,Fortaleza B. C. / CFO,0,0.39178571428571424,0.13714285714285715,0.17214285714285715,0.08249999999999999,0.1582142857142857,0.04035714285714287,0.11785714285714287,0.07357142857142858,0.07392857142857144,1.1114285714285717,0.04571428571428572,0.11892857142857143,38.69285714285714,0.08607142857142858,0.17607142857142857,49.15285714285714,0.08249999999999999,0.10821428571428572,75.66857142857143,0.004642857142857143,0.03928571428571429,0.572857142857143,0.007500000000000001,0.11249999999999998,0.06642857142857142,0.07392857142857144,0.01892857142857143,0.40750000000000003,0.39142857142857146,0.1414285714285714,0.17714285714285713,0.07285714285714286,0.1842857142857143,0.05142857142857144,0.13285714285714284,0.058214285714285725,0.0717857142857143,0.9807142857142858,0.04714285714285715,0.135,35.72071428571429,0.08857142857142856,0.17964285714285716,49.286428571428566,0.07285714285714286,0.09928571428571427,73.27857142857144,0.008571428571428572,0.048571428571428564,0.7557142857142859,0.011428571428571429,0.10749999999999997,0.10214285714285713,0.0717857142857143,0.012857142857142859,0.41678571428571426
90,70,2016-01-14,2,2,2015-2016,Brasília,Pinheiros,1,0.440909090909091,0.14045454545454547,0.22181818181818186,0.07863636363636364,0.18727272727272729,0.056818181818181816,0.13045454545454546,0.09863636363636363,0.07863636363636363,1.3963636363636363,0.04681818181818183,0.11863636363636364,39.31454545454546,0.11090909090909093,0.20227272727272727,55.25272727272727,0.07863636363636364,0.09545454545454544,83.99545454545454,0.01,0.04,0.5354545454545454,0.011363636363636362,0.11499999999999999,0.09727272727272727,0.07863636363636363,0.015454545454545455,0.5195454545454546,0.4073333333333334,0.088,0.23066666666666671,0.08866666666666669,0.20133333333333336,0.06166666666666666,0.13966666666666666,0.06433333333333333,0.072,0.9126666666666665,0.029333333333333333,0.08666666666666667,34.05466666666667,0.11533333333333336,0.23233333333333334,49.98866666666667,0.08866666666666669,0.11466666666666668,77.55199999999999,0.006999999999999998,0.045666666666666675,0.652,0.021333333333333336,0.10366666666666667,0.21399999999999997,0.072,0.013666666666666667,0.46766666666666673
68,101,2016-01-15,2,2,2015-2016,Macaé Basquete,Bauru Basket,0,0.38599999999999995,0.11,0.17533333333333337,0.10066666666666668,0.16533333333333333,0.04866666666666667,0.11666666666666667,0.057000000000000016,0.06699999999999999,0.9459999999999998,0.036666666666666674,0.11333333333333334,32.352666666666664,0.08766666666666668,0.185,47.77066666666667,0.10066666666666668,0.123,81.80999999999999,0.004,0.049000000000000016,0.7713333333333332,0.006,0.11433333333333333,0.054666666666666676,0.06699999999999999,0.016000000000000004,0.4,0.423,0.15700000000000003,0.18133333333333335,0.08466666666666667,0.18500000000000003,0.04433333333333334,0.14066666666666663,0.08733333333333332,0.065,1.513333333333333,0.052333333333333336,0.13833333333333334,38.01133333333333,0.09066666666666667,0.16033333333333333,57.13200000000001,0.08466666666666667,0.10800000000000003,77.57666666666667,0.007666666666666668,0.04166666666666667,0.6953333333333332,0.005333333333333333,0.09066666666666666,0.060000000000000005,0.065,0.009333333333333334,0.4983333333333333
70,73,2016-01-15,2,2,2015-2016,Paulistano,Rio Claro,0,0.4153846153846154,0.15115384615384617,0.20461538461538462,0.05961538461538462,0.1873076923076923,0.057692307692307696,0.12961538461538463,0.08423076923076925,0.06846153846153848,1.3623076923076924,0.050384615384615396,0.13115384615384615,38.44692307692308,0.10230769230769231,0.1930769230769231,53.75000000000001,0.05961538461538462,0.08192307692307692,72.61692307692307,0.009615384615384618,0.051923076923076926,0.8392307692307692,0.008076923076923075,0.0973076923076923,0.09000000000000001,0.06846153846153848,0.019230769230769232,0.48461538461538467,0.3706666666666667,0.12299999999999998,0.186,0.06166666666666667,0.16199999999999998,0.04266666666666667,0.11933333333333333,0.08966666666666669,0.07866666666666666,1.1980000000000002,0.04100000000000001,0.11566666666666668,35.272,0.093,0.17400000000000002,53.312000000000005,0.06166666666666667,0.092,66.86200000000001,0.011333333333333336,0.05466666666666667,0.716,0.014666666666666665,0.109,0.13666666666666666,0.07866666666666666,0.019333333333333338,0.4270000000000001
83,73,2016-01-16,2,2,2015-2016,Flamengo,Sesi Franca,1,0.4273333333333333,0.13299999999999998,0.21933333333333332,0.075,0.17333333333333334,0.043666666666666666,0.12966666666666668,0.10066666666666667,0.066,1.6119999999999999,0.044333333333333336,0.11299999999999999,38.842,0.10966666666666666,0.19466666666666668,55.992666666666665,0.075,0.095,77.75466666666667,0.005666666666666666,0.05333333333333334,0.85,0.011333333333333332,0.09200000000000001,0.12533333333333332,0.066,0.008,0.5263333333333333,0.376,0.10699999999999998,0.18933333333333338,0.07966666666666668,0.15633333333333335,0.042333333333333334,0.114,0.07166666666666667,0.07633333333333332,1.0046666666666666,0.035666666666666666,0.10366666666666666,32.84133333333334,0.09466666666666669,0.176,55.67266666666667,0.07966666666666668,0.11100000000000003,72.81333333333332,0.013666666666666666,0.04033333333333333,0.5786666666666668,0.015000000000000003,0.10333333333333335,0.14666666666666667,0.07633333333333332,0.013333333333333332,0.4023333333333333
73,93,2016-01-17,9,1,2015-2016,L. Sorocabana,Brasília,0,0.3317857142857143,0.06857142857142857,0.20571428571428568,0.05750000000000001,0.17357142857142857,0.07285714285714284,0.10071428571428573,0.05464285714285715,0.07107142857142858,0.795,0.02285714285714286,0.09321428571428571,22.635714285714283,0.10285714285714284,0.22071428571428578,46.26428571428572,0.05750000000000001,0.07821428571428572,72.8042857142857,0.005,0.05892857142857143,0.8550000000000002,0.008928571428571428,0.09999999999999999,0.11714285714285713,0.07107142857142858,0.021071428571428574,0.34785714285714286,0.4416666666666667,0.14250000000000002,0.22333333333333338,0.07583333333333335,0.18416666666666667,0.05458333333333334,0.12958333333333336,0.09875,0.07875,1.3841666666666665,0.047500000000000014,0.11708333333333333,40.62166666666667,0.11166666666666669,0.20166666666666666,55.776666666666664,0.07583333333333335,0.09208333333333331,83.81416666666667,0.010833333333333334,0.042083333333333334,0.5583333333333332,0.012499999999999999,0.11166666666666665,0.11666666666666668,0.07875,0.01625,0.5245833333333335
75,81,2016-01-19,10,1,2015-2016,Paulistano,Brasília,0,0.4107142857142857,0.14892857142857144,0.20214285714285715,0.05964285714285714,0.1889285714285714,0.05928571428571428,0.12964285714285717,0.08285714285714287,0.07035714285714287,1.3135714285714286,0.049642857142857155,0.13428571428571429,37.333571428571425,0.10107142857142858,0.19035714285714286,53.827857142857155,0.05964285714285714,0.08392857142857144,71.32642857142856,0.00892857142857143,0.052500000000000005,0.8242857142857144,0.007499999999999999,0.09785714285714285,0.08357142857142859,0.07035714285714287,0.02,0.4739285714285715,0.4434615384615385,0.14884615384615388,0.21769230769230774,0.07692307692307694,0.18423076923076923,0.054230769230769235,0.13,0.09807692307692309,0.07846153846153846,1.3699999999999999,0.049615384615384624,0.12153846153846154,40.79384615384616,0.10884615384615387,0.19615384615384615,55.923846153846156,0.07692307692307694,0.09230769230769229,84.65461538461538,0.011538461538461537,0.043461538461538454,0.5769230769230769,0.01269230769230769,0.11153846153846153,0.11846153846153847,0.07846153846153846,0.01576923076923077,0.528846153846154
73,91,2016-01-20,4,2,2015-2016,Rio Claro,Flamengo,0,0.3676666666666667,0.11899999999999998,0.188,0.06066666666666667,0.16033333333333333,0.04166666666666667,0.11866666666666668,0.08666666666666667,0.08066666666666665,1.129333333333333,0.03966666666666667,0.11433333333333337,34.39666666666666,0.094,0.17533333333333337,53.45066666666667,0.06066666666666667,0.09033333333333333,67.01933333333334,0.011333333333333336,0.05566666666666666,0.7120000000000001,0.014666666666666665,0.11233333333333334,0.134,0.08066666666666665,0.01966666666666667,0.41866666666666674,0.4306666666666666,0.13399999999999998,0.22266666666666665,0.074,0.175,0.04533333333333334,0.1296666666666667,0.098,0.06533333333333333,1.5826666666666669,0.044666666666666674,0.11433333333333334,38.80799999999999,0.11133333333333333,0.19666666666666668,56.25666666666667,0.074,0.09466666666666668,77.062,0.006333333333333332,0.053666666666666675,0.8626666666666666,0.011666666666666665,0.09,0.13333333333333333,0.06533333333333333,0.007333333333333334,0.528
91,79,2016-01-22,8,1,2015-2016,Brasília,Mogi,1,0.4407142857142858,0.15,0.21571428571428575,0.07500000000000002,0.18214285714285713,0.052857142857142866,0.12928571428571428,0.09607142857142859,0.07964285714285714,1.3249999999999997,0.05000000000000001,0.12214285714285714,40.90214285714286,0.10785714285714287,0.19464285714285712,55.80714285714286,0.07500000000000002,0.0907142857142857,83.71000000000001,0.010714285714285714,0.04499999999999999,0.5842857142857143,0.012499999999999999,0.11107142857142857,0.11714285714285715,0.07964285714285714,0.016428571428571428,0.5221428571428572,0.4,0.12000000000000001,0.20615384615384616,0.07384615384615384,0.17846153846153845,0.05615384615384615,0.1223076923076923,0.08115384615384615,0.07115384615384615,1.3253846153846154,0.04,0.125,32.199999999999996,0.10307692307692308,0.19615384615384618,53.323076923076925,0.07384615384615384,0.09923076923076922,75.02461538461537,0.008076923076923077,0.057692307692307696,0.9523076923076922,0.01153846153846154,0.0973076923076923,0.12307692307692308,0.07115384615384615,0.014615384615384615,0.4538461538461538
62,61,2016-01-23,3,2,2015-2016,Rio Claro,Macaé Basquete,1,0.3696666666666667,0.116,0.19200000000000003,0.06166666666666667,0.16166666666666665,0.044666666666666674,0.11699999999999999,0.085,0.08000000000000002,1.1193333333333333,0.03866666666666667,0.11300000000000002,33.89333333333333,0.09600000000000002,0.18100000000000005,52.90066666666667,0.06166666666666667,0.09200000000000001,67.13066666666667,0.011333333333333336,0.05566666666666667,0.7220000000000001,0.014666666666666665,0.11533333333333332,0.13000000000000003,0.08000000000000002,0.019000000000000006,0.41700000000000004,0.38433333333333325,0.10700000000000001,0.17600000000000002,0.10133333333333336,0.16166666666666665,0.04533333333333332,0.11633333333333334,0.057333333333333354,0.06733333333333333,0.9433333333333332,0.03566666666666667,0.11033333333333332,32.397333333333336,0.08800000000000001,0.18400000000000005,48.14,0.10133333333333336,0.12466666666666668,81.35466666666666,0.0036666666666666666,0.04866666666666668,0.7573333333333333,0.006000000000000001,0.11466666666666665,0.05466666666666666,0.06733333333333333,0.015333333333333336,0.39666666666666667
69,54,2016-01-23,5,2,2015-2016,Flamengo,L. Sorocabana,1,0.43133333333333324,0.13299999999999998,0.22266666666666662,0.07566666666666669,0.17400000000000002,0.04366666666666667,0.13033333333333333,0.097,0.06533333333333333,1.5666666666666669,0.04433333333333334,0.11166666666666666,39.858,0.11133333333333331,0.19766666666666666,55.96133333333333,0.07566666666666669,0.09699999999999999,76.88799999999999,0.005999999999999999,0.05266666666666668,0.8473333333333332,0.012,0.088,0.13799999999999998,0.06533333333333333,0.008333333333333333,0.5266666666666667,0.334,0.06699999999999999,0.2073333333333333,0.05966666666666667,0.17333333333333334,0.07299999999999998,0.10033333333333334,0.054333333333333345,0.07066666666666667,0.7933333333333333,0.022333333333333337,0.09366666666666666,22.126666666666665,0.10366666666666664,0.2216666666666667,46.442666666666675,0.05966666666666667,0.08000000000000002,73.66466666666665,0.005000000000000001,0.058333333333333334,0.8493333333333335,0.008666666666666666,0.09966666666666665,0.11266666666666666,0.07066666666666667,0.020000000000000004,0.34833333333333333
83,73,2016-01-24,7,1,2015-2016,Brasília,Coop/São José Basketball,1,0.4416666666666667,0.153,0.2166666666666667,0.07200000000000002,0.182,0.05300000000000001,0.129,0.09500000000000001,0.07866666666666666,1.3186666666666664,0.05100000000000001,0.12266666666666666,41.50866666666668,0.10833333333333335,0.19399999999999998,56.230666666666664,0.07200000000000002,0.08733333333333332,83.12933333333334,0.010333333333333333,0.04366666666666666,0.5706666666666667,0.012333333333333333,0.11299999999999999,0.11400000000000002,0.07866666666666666,0.016666666666666666,0.5233333333333334,0.39266666666666666,0.136,0.17533333333333337,0.08133333333333331,0.1593333333333333,0.04133333333333335,0.11800000000000001,0.073,0.07200000000000001,1.1333333333333335,0.045333333333333344,0.12000000000000001,38.08866666666667,0.08766666666666668,0.17766666666666667,49.542666666666655,0.08133333333333331,0.10733333333333334,75.18533333333333,0.004333333333333333,0.03900000000000001,0.5866666666666667,0.007333333333333334,0.11266666666666665,0.06466666666666666,0.07200000000000001,0.018333333333333333,0.4086666666666667
72,69,2016-01-26,3,2,2015-2016,Fortaleza B. C. / CFO,Paulistano,1,0.39533333333333337,0.14299999999999996,0.17666666666666667,0.07566666666666667,0.185,0.05166666666666668,0.13333333333333333,0.05900000000000002,0.07033333333333334,1.0086666666666668,0.04766666666666668,0.13500000000000004,36.05533333333334,0.08833333333333333,0.17866666666666667,49.435333333333325,0.07566666666666667,0.10299999999999998,73.33933333333334,0.008666666666666666,0.04766666666666666,0.7520000000000001,0.011000000000000001,0.10666666666666665,0.09866666666666667,0.07033333333333334,0.012666666666666668,0.42266666666666663,0.4083333333333333,0.143,0.2046666666666667,0.06066666666666666,0.18699999999999997,0.057666666666666665,0.12933333333333336,0.08200000000000002,0.07100000000000001,1.2846666666666666,0.04766666666666668,0.13099999999999998,36.41333333333333,0.10233333333333335,0.19233333333333336,53.876000000000005,0.06066666666666666,0.084,72.45399999999998,0.009000000000000003,0.05333333333333334,0.8233333333333335,0.007999999999999998,0.09766666666666665,0.08866666666666667,0.07100000000000001,0.01966666666666667,0.47100000000000003
73,74,2016-01-26,3,2,2015-2016,Vitória,L. Sorocabana,0,0.3576666666666667,0.091,0.19466666666666668,0.07200000000000001,0.16966666666666663,0.05500000000000001,0.11466666666666667,0.05933333333333333,0.07233333333333333,0.8560000000000001,0.030333333333333337,0.09666666666666666,31.729333333333333,0.09733333333333334,0.202,48.49733333333334,0.07200000000000001,0.1016666666666667,70.69266666666665,0.005666666666666667,0.05,0.7300000000000002,0.008000000000000002,0.09133333333333334,0.09333333333333332,0.07233333333333333,0.020333333333333335,0.3713333333333333,0.32966666666666666,0.06200000000000001,0.20866666666666664,0.059000000000000004,0.17099999999999999,0.07066666666666666,0.10033333333333334,0.052666666666666674,0.07233333333333333,0.7593333333333334,0.02066666666666667,0.09233333333333334,20.904666666666667,0.10433333333333332,0.21833333333333332,47.54333333333334,0.059000000000000004,0.08133333333333334,71.97133333333333,0.006000000000000001,0.05933333333333334,0.8473333333333334,0.008000000000000002,0.09666666666666666,0.10866666666666668,0.07233333333333333,0.01966666666666667,0.3403333333333334
104,65,2016-01-27,3,2,2015-2016,Pinheiros,Coop/São José Basketball,1,0.4056666666666667,0.085,0.2306666666666667,0.09000000000000001,0.19733333333333336,0.06166666666666667,0.13566666666666669,0.06566666666666668,0.07366666666666667,0.9073333333333333,0.02833333333333333,0.08466666666666667,34.05466666666667,0.11533333333333334,0.23166666666666663,50.105333333333334,0.09000000000000001,0.11633333333333333,77.86933333333333,0.008333333333333333,0.047333333333333345,0.662,0.02066666666666667,0.10333333333333335,0.20799999999999993,0.07366666666666667,0.014,0.4639999999999999,0.3943333333333333,0.13399999999999998,0.17800000000000002,0.08233333333333333,0.15966666666666668,0.04266666666666668,0.117,0.07466666666666667,0.07133333333333332,1.1673333333333333,0.044666666666666674,0.11866666666666667,37.962,0.08900000000000001,0.18133333333333332,49.35333333333333,0.08233333333333333,0.10933333333333334,74.29466666666667,0.004,0.03966666666666666,0.6006666666666668,0.008,0.11333333333333331,0.07200000000000001,0.07133333333333332,0.017666666666666667,0.4116666666666667
80,79,2016-01-27,3,2,2015-2016,Sesi Franca,Minas,1,0.37466666666666665,0.106,0.19133333333333338,0.07733333333333332,0.157,0.04400000000000001,0.11299999999999999,0.071,0.076,0.9999999999999999,0.035333333333333335,0.10500000000000001,32.06333333333334,0.09566666666666669,0.179,55.45066666666666,0.07733333333333332,0.10866666666666669,71.99000000000002,0.013000000000000001,0.042333333333333334,0.6066666666666668,0.014000000000000004,0.101,0.14066666666666666,0.076,0.01333333333333333,0.39866666666666667,0.35833333333333334,0.095,0.198,0.06533333333333333,0.176,0.04866666666666667,0.12733333333333333,0.07966666666666668,0.07433333333333333,1.1573333333333333,0.03166666666666667,0.09800000000000002,32.554,0.099,0.19333333333333333,51.754666666666665,0.06533333333333333,0.09200000000000001,69.048,0.008,0.04333333333333334,0.6413333333333333,0.012333333333333333,0.10133333333333334,0.12000000000000002,0.07433333333333333,0.017333333333333333,0.408
81,89,2016-01-27,3,2,2015-2016,Caxias do Sul Basquete,Mogi,0,0.32899999999999996,0.107,0.14933333333333335,0.07266666666666666,0.16133333333333336,0.04100000000000001,0.12033333333333335,0.06166666666666667,0.07833333333333334,0.8093333333333333,0.035666666666666666,0.11533333333333333,31.45266666666667,0.07466666666666667,0.17,44.64466666666667,0.07266666666666666,0.10633333333333334,66.81933333333335,0.005666666666666667,0.06066666666666667,0.8,0.006666666666666667,0.11466666666666665,0.05533333333333334,0.07833333333333334,0.017666666666666667,0.33233333333333337,0.3996428571428572,0.11892857142857143,0.20428571428571432,0.07642857142857143,0.17714285714285713,0.05678571428571428,0.12035714285714284,0.07999999999999999,0.07107142857142858,1.2971428571428572,0.039642857142857146,0.12392857142857143,32.17285714285714,0.10214285714285716,0.19500000000000003,53.08571428571429,0.07642857142857143,0.10357142857142855,74.57642857142856,0.007857142857142858,0.05607142857142857,0.9199999999999999,0.01142857142857143,0.09785714285714285,0.12142857142857144,0.07107142857142858,0.015,0.4485714285714285
68,85,2016-01-28,4,2,2015-2016,Vitória,Paulistano,0,0.36200000000000004,0.091,0.19200000000000003,0.079,0.16833333333333333,0.054666666666666676,0.11366666666666667,0.05799999999999999,0.07333333333333333,0.8340000000000001,0.030333333333333337,0.09566666666666666,31.96466666666667,0.09600000000000002,0.19833333333333333,48.80066666666667,0.079,0.11200000000000003,70.74399999999999,0.005666666666666667,0.05266666666666667,0.7513333333333333,0.008666666666666668,0.09266666666666667,0.1,0.07333333333333333,0.018000000000000002,0.37533333333333335,0.40666666666666657,0.13899999999999998,0.20466666666666664,0.063,0.18633333333333332,0.057666666666666665,0.12866666666666668,0.08166666666666668,0.073,1.2533333333333332,0.046333333333333344,0.12833333333333335,36.032666666666664,0.10233333333333332,0.19266666666666665,53.79133333333334,0.063,0.08600000000000001,73.40599999999999,0.009000000000000003,0.054666666666666676,0.8240000000000001,0.007999999999999998,0.10033333333333333,0.08733333333333332,0.073,0.019333333333333334,0.46900000000000003
79,81,2016-01-29,4,2,2015-2016,Pinheiros,Mogi,0,0.4176666666666667,0.09400000000000001,0.23266666666666672,0.091,0.2,0.06066666666666667,0.13933333333333334,0.07033333333333333,0.07333333333333332,0.9893333333333333,0.03133333333333333,0.08633333333333335,36.187999999999995,0.11633333333333336,0.22900000000000004,51.123999999999995,0.091,0.11666666666666667,78.52799999999999,0.009,0.04766666666666667,0.6726666666666665,0.021000000000000005,0.10233333333333336,0.2133333333333333,0.07333333333333332,0.013,0.49,0.40266666666666673,0.11900000000000001,0.2066666666666667,0.077,0.17866666666666667,0.055,0.12366666666666665,0.08033333333333333,0.07200000000000001,1.2773333333333334,0.03966666666666667,0.12266666666666667,32.568,0.10333333333333335,0.1926666666666667,54.54666666666667,0.077,0.10566666666666664,73.80199999999999,0.007333333333333333,0.05466666666666667,0.8859999999999999,0.010666666666666668,0.09699999999999999,0.11333333333333334,0.07200000000000001,0.015666666666666666,0.45366666666666666
71,79,2016-01-29,4,2,2015-2016,Sesi Franca,Brasília,0,0.3796666666666667,0.11299999999999999,0.18800000000000003,0.07866666666666666,0.15433333333333332,0.04166666666666667,0.11266666666666668,0.07266666666666666,0.07566666666666667,1.0246666666666664,0.03766666666666667,0.10600000000000001,33.99333333333333,0.09400000000000001,0.1756666666666667,55.450666666666656,0.07866666666666666,0.11100000000000003,71.87400000000001,0.011666666666666665,0.04300000000000001,0.618,0.014666666666666668,0.10266666666666666,0.144,0.07566666666666667,0.013333333333333334,0.4063333333333333,0.439,0.15700000000000003,0.21133333333333332,0.07066666666666667,0.184,0.054666666666666676,0.12933333333333333,0.09233333333333336,0.076,1.3359999999999999,0.05233333333333334,0.12833333333333333,40.724000000000004,0.10566666666666666,0.1943333333333333,54.782,0.07066666666666667,0.08600000000000002,82.93866666666666,0.010000000000000002,0.04633333333333334,0.6180000000000001,0.012666666666666668,0.11266666666666668,0.11666666666666668,0.076,0.01633333333333333,0.5183333333333334
94,81,2016-01-29,4,2,2015-2016,Bauru Basket,Minas,1,0.431,0.162,0.18266666666666667,0.08633333333333335,0.1876666666666667,0.04566666666666667,0.142,0.089,0.06433333333333334,1.563333333333333,0.054000000000000006,0.1383333333333333,39.08666666666667,0.09133333333333334,0.16266666666666665,56.751333333333335,0.08633333333333335,0.11200000000000002,76.74333333333334,0.007666666666666668,0.04100000000000001,0.6940000000000001,0.005,0.09133333333333332,0.056666666666666664,0.06433333333333334,0.009000000000000003,0.508,0.35966666666666663,0.09400000000000001,0.19600000000000004,0.06966666666666667,0.175,0.051333333333333335,0.12366666666666666,0.07700000000000001,0.07633333333333332,1.1179999999999999,0.031333333333333345,0.0976666666666667,32.34733333333334,0.09800000000000002,0.19299999999999998,51.28333333333334,0.06966666666666667,0.09733333333333334,69.33133333333333,0.008333333333333333,0.04400000000000001,0.6386666666666667,0.011666666666666667,0.10533333333333335,0.11133333333333334,0.07633333333333332,0.018000000000000002,0.40199999999999997
65,73,2016-01-29,4,2,2015-2016,Caxias do Sul Basquete,Coop/São José Basketball,0,0.33999999999999997,0.11499999999999998,0.15133333333333335,0.07366666666666664,0.16100000000000003,0.04100000000000001,0.12000000000000001,0.06333333333333334,0.07833333333333334,0.8373333333333333,0.03833333333333333,0.11899999999999998,32.436666666666675,0.07566666666666667,0.16999999999999998,45.269999999999996,0.07366666666666664,0.10466666666666667,69.21266666666666,0.005666666666666667,0.06066666666666666,0.8,0.006333333333333333,0.1153333333333333,0.05266666666666667,0.07833333333333334,0.018000000000000002,0.34700000000000003,0.38566666666666666,0.12999999999999998,0.17200000000000004,0.08366666666666668,0.1556666666666667,0.04166666666666668,0.114,0.07366666666666667,0.07400000000000002,1.1086666666666667,0.043333333333333335,0.11900000000000001,36.82333333333333,0.08600000000000002,0.17733333333333334,48.831999999999994,0.08366666666666668,0.10899999999999999,76.12466666666666,0.0036666666666666666,0.04000000000000001,0.5806666666666668,0.007000000000000001,0.114,0.06266666666666668,0.07400000000000002,0.017333333333333333,0.39566666666666667
88,65,2016-01-30,4,2,2015-2016,Fortaleza B. C. / CFO,L. Sorocabana,1,0.39166666666666666,0.13899999999999996,0.17800000000000002,0.07466666666666667,0.17966666666666667,0.05000000000000002,0.12966666666666665,0.05866666666666667,0.07000000000000002,1.0073333333333334,0.04633333333333334,0.1366666666666667,34.58866666666667,0.08900000000000001,0.175,50.94666666666665,0.07466666666666667,0.10233333333333333,72.94533333333332,0.008666666666666665,0.05066666666666666,0.786,0.008333333333333335,0.10566666666666666,0.07600000000000001,0.07000000000000002,0.013333333333333334,0.41500000000000004,0.33066666666666666,0.069,0.20400000000000001,0.057666666666666665,0.1703333333333333,0.06699999999999999,0.10333333333333333,0.05200000000000002,0.076,0.7113333333333334,0.023000000000000003,0.095,22.32133333333333,0.10200000000000001,0.20966666666666667,48.62800000000001,0.057666666666666665,0.08100000000000002,70.76333333333334,0.006000000000000001,0.058333333333333334,0.7866666666666667,0.008000000000000002,0.1,0.10800000000000001,0.076,0.020000000000000004,0.3403333333333334
94,92,2016-01-31,3,2,2015-2016,Bauru Basket,Brasília,1,0.433,0.165,0.17933333333333337,0.08866666666666669,0.1886666666666667,0.046333333333333344,0.14233333333333334,0.09033333333333333,0.064,1.607333333333333,0.055,0.14100000000000001,39.01133333333333,0.08966666666666669,0.162,55.926,0.08866666666666669,0.114,77.79066666666668,0.008000000000000002,0.04200000000000001,0.7193333333333333,0.005,0.09099999999999998,0.057333333333333326,0.064,0.009333333333333334,0.5113333333333333,0.43433333333333335,0.15600000000000003,0.20733333333333331,0.07100000000000001,0.18699999999999997,0.05766666666666667,0.12933333333333333,0.09066666666666669,0.076,1.3166666666666667,0.05200000000000001,0.13033333333333333,39.63066666666667,0.10366666666666666,0.19399999999999998,53.80533333333334,0.07100000000000001,0.08666666666666668,82.70733333333332,0.010000000000000002,0.046000000000000006,0.614,0.012333333333333335,0.11233333333333333,0.11333333333333333,0.076,0.016666666666666666,0.51
75,84,2016-02-02,5,2,2015-2016,Macaé Basquete,Paulistano,0,0.38333333333333336,0.10300000000000001,0.18000000000000002,0.10033333333333336,0.16566666666666666,0.04433333333333333,0.12133333333333333,0.05900000000000002,0.07033333333333334,0.9266666666666665,0.034333333333333334,0.10666666666666667,32.010000000000005,0.09000000000000001,0.18500000000000005,49.11,0.10033333333333336,0.12433333333333334,80.54733333333334,0.004,0.04866666666666668,0.7146666666666667,0.006333333333333334,0.114,0.058,0.07033333333333334,0.016333333333333335,0.4013333333333333,0.39899999999999997,0.134,0.20466666666666664,0.06033333333333333,0.18633333333333335,0.056666666666666664,0.12966666666666668,0.08033333333333334,0.07166666666666667,1.2593333333333334,0.044666666666666674,0.12466666666666669,36.00666666666666,0.10233333333333332,0.19466666666666665,53.275999999999996,0.06033333333333333,0.082,73.93333333333332,0.008666666666666666,0.054000000000000006,0.8300000000000002,0.008333333333333333,0.099,0.09133333333333334,0.07166666666666667,0.016666666666666666,0.4623333333333333
67,63,2016-02-02,5,2,2015-2016,Rio Claro,Coop/São José Basketball,1,0.36366666666666675,0.11699999999999999,0.188,0.05866666666666668,0.16466666666666668,0.045666666666666675,0.11900000000000001,0.08266666666666668,0.07800000000000001,1.1153333333333333,0.039,0.11566666666666668,33.598,0.094,0.18033333333333337,51.908666666666676,0.05866666666666668,0.08866666666666669,66.44266666666667,0.011000000000000003,0.054333333333333345,0.7260000000000002,0.014333333333333335,0.11499999999999999,0.12733333333333335,0.07800000000000001,0.019000000000000003,0.4086666666666668,0.38533333333333336,0.13,0.17133333333333337,0.08400000000000002,0.15600000000000003,0.040000000000000015,0.11600000000000002,0.074,0.07633333333333335,1.092,0.043333333333333335,0.11800000000000001,37.06266666666667,0.08566666666666668,0.17400000000000002,49.604,0.08400000000000002,0.10833333333333334,77.14333333333335,0.004,0.042333333333333334,0.5946666666666667,0.008666666666666666,0.11366666666666665,0.07866666666666668,0.07633333333333335,0.018333333333333337,0.4026666666666667
79,83,2016-02-03,5,2,2015-2016,Minas,Vitória,0,0.36166666666666664,0.091,0.20266666666666666,0.068,0.1766666666666667,0.051666666666666666,0.12500000000000003,0.07333333333333333,0.075,1.0766666666666667,0.030333333333333344,0.09466666666666669,32.34733333333333,0.10133333333333333,0.19899999999999995,51.41133333333334,0.068,0.09533333333333334,68.80266666666668,0.007666666666666666,0.04166666666666667,0.6166666666666667,0.010666666666666668,0.10400000000000001,0.10266666666666668,0.075,0.016666666666666666,0.39933333333333326,0.36333333333333334,0.09200000000000001,0.19399999999999998,0.07733333333333332,0.16866666666666666,0.054333333333333345,0.11433333333333334,0.059333333333333335,0.074,0.8466666666666669,0.030666666666666672,0.09566666666666666,32.38133333333334,0.09699999999999999,0.1996666666666667,48.98666666666668,0.07733333333333332,0.10966666666666668,70.95599999999997,0.005666666666666667,0.05333333333333334,0.7553333333333333,0.007666666666666667,0.09366666666666666,0.08666666666666667,0.074,0.017666666666666667,0.378
90,78,2016-02-03,5,2,2015-2016,Caxias do Sul Basquete,Sesi Franca,1,0.3443333333333333,0.11399999999999998,0.158,0.07233333333333332,0.16199999999999998,0.042,0.12000000000000002,0.06400000000000002,0.07766666666666668,0.8513333333333333,0.038,0.11933333333333335,32.132666666666665,0.079,0.17166666666666666,46.62133333333334,0.07233333333333332,0.10366666666666667,68.32333333333334,0.006333333333333333,0.059666666666666666,0.7953333333333333,0.006333333333333333,0.11666666666666665,0.052000000000000005,0.07766666666666668,0.01733333333333333,0.3533333333333334,0.375,0.10600000000000001,0.19,0.07899999999999999,0.153,0.04333333333333334,0.10966666666666665,0.06933333333333333,0.07333333333333333,1.014,0.035333333333333335,0.10466666666666669,32.522666666666666,0.095,0.18133333333333335,54.187999999999995,0.07899999999999999,0.11066666666666668,72.596,0.011333333333333336,0.04566666666666667,0.6706666666666666,0.014333333333333337,0.10233333333333335,0.1413333333333333,0.07333333333333333,0.013333333333333334,0.3966666666666666
88,100,2016-02-03,5,2,2015-2016,Pinheiros,Bauru Basket,0,0.4123333333333333,0.09699999999999999,0.226,0.08933333333333333,0.19633333333333333,0.059666666666666666,0.13666666666666666,0.07200000000000001,0.07633333333333334,0.9646666666666667,0.03233333333333333,0.09000000000000001,36.55133333333334,0.113,0.22166666666666668,51.408666666666676,0.08933333333333333,0.11600000000000002,77.64866666666666,0.009,0.048000000000000015,0.6366666666666667,0.019333333333333334,0.10466666666666669,0.19599999999999998,0.07633333333333334,0.013000000000000003,0.47866666666666663,0.43666666666666665,0.16299999999999998,0.18333333333333332,0.09033333333333333,0.1876666666666667,0.04666666666666667,0.14100000000000001,0.08966666666666666,0.060666666666666674,1.6666666666666665,0.05433333333333333,0.13866666666666666,39.537333333333336,0.09166666666666666,0.166,55.836,0.09033333333333333,0.11600000000000002,77.75733333333334,0.007000000000000003,0.04100000000000001,0.7193333333333333,0.005333333333333333,0.091,0.06066666666666667,0.060666666666666674,0.008666666666666666,0.5153333333333333
83,90,2016-02-04,6,2,2015-2016,Macaé Basquete,L. Sorocabana,0,0.38033333333333336,0.10400000000000001,0.18,0.09633333333333335,0.166,0.04500000000000001,0.12100000000000001,0.06200000000000001,0.069,0.9879999999999999,0.03466666666666667,0.10666666666666669,32.312666666666665,0.09,0.18800000000000003,48.28733333333333,0.09633333333333335,0.12000000000000001,80.52533333333334,0.004,0.04766666666666667,0.7173333333333333,0.006333333333333334,0.11066666666666666,0.058,0.069,0.01666666666666667,0.39966666666666667,0.329,0.07200000000000001,0.19866666666666663,0.058333333333333334,0.16800000000000004,0.06566666666666666,0.10233333333333333,0.053666666666666675,0.075,0.7386666666666667,0.024,0.097,22.889333333333337,0.09933333333333332,0.2036666666666667,48.65133333333333,0.058333333333333334,0.08200000000000002,70.65133333333333,0.006666666666666667,0.05500000000000002,0.7553333333333334,0.007666666666666667,0.09766666666666667,0.10733333333333334,0.075,0.02066666666666667,0.3373333333333334
98,84,2016-02-04,6,2,2015-2016,Rio Claro,Mogi,1,0.3626666666666667,0.114,0.1886666666666667,0.06000000000000001,0.1673333333333333,0.047333333333333345,0.12000000000000002,0.08166666666666668,0.07499999999999998,1.1380000000000001,0.038000000000000006,0.1166666666666667,32.56933333333333,0.09433333333333335,0.17966666666666672,52.32533333333334,0.06000000000000001,0.09100000000000001,65.68533333333333,0.010333333333333335,0.054333333333333345,0.7480000000000001,0.014666666666666668,0.11633333333333334,0.13000000000000003,0.07499999999999998,0.019333333333333338,0.41066666666666674,0.4043333333333334,0.11900000000000001,0.20666666666666667,0.07866666666666668,0.17600000000000002,0.05366666666666667,0.12233333333333334,0.08,0.07200000000000001,1.272,0.03966666666666666,0.12333333333333331,32.440000000000005,0.10333333333333333,0.18800000000000006,55.690000000000005,0.07866666666666668,0.10866666666666668,73.52466666666666,0.008333333333333333,0.055,0.8913333333333333,0.011333333333333334,0.09866666666666667,0.11733333333333335,0.07200000000000001,0.014666666666666668,0.45600000000000007
75,65,2016-02-04,6,2,2015-2016,Flamengo,Paulistano,1,0.4203333333333333,0.13399999999999998,0.2146666666666667,0.07166666666666668,0.17600000000000002,0.045666666666666675,0.13033333333333336,0.094,0.06766666666666667,1.4600000000000002,0.044666666666666674,0.11299999999999999,39.593333333333334,0.10733333333333335,0.19466666666666668,55.001999999999995,0.07166666666666668,0.093,75.40666666666668,0.006000000000000001,0.052333333333333336,0.7966666666666665,0.012,0.08833333333333333,0.13733333333333334,0.06766666666666667,0.009000000000000001,0.51,0.40133333333333326,0.13499999999999998,0.20333333333333328,0.063,0.18266666666666667,0.055333333333333345,0.12733333333333335,0.07933333333333333,0.071,1.2546666666666666,0.04500000000000001,0.12466666666666668,36.31000000000001,0.10166666666666664,0.194,53.10133333333333,0.063,0.08466666666666665,74.63066666666667,0.008333333333333333,0.055333333333333345,0.8506666666666668,0.008,0.09933333333333334,0.08666666666666667,0.071,0.01633333333333333,0.46199999999999997
87,91,2016-02-05,6,2,2015-2016,Pinheiros,Sesi Franca,0,0.414,0.099,0.224,0.091,0.19566666666666668,0.061333333333333344,0.1343333333333333,0.07166666666666667,0.07833333333333334,0.9373333333333334,0.032999999999999995,0.09066666666666666,36.952666666666666,0.112,0.2226666666666667,50.788000000000004,0.091,0.11733333333333335,78.068,0.008666666666666665,0.04933333333333335,0.644,0.017,0.10333333333333335,0.176,0.07833333333333334,0.012333333333333335,0.4746666666666667,0.3656666666666667,0.10200000000000002,0.186,0.07766666666666669,0.152,0.04333333333333334,0.10866666666666666,0.06533333333333333,0.07433333333333332,0.9126666666666666,0.034,0.10333333333333335,31.744666666666664,0.093,0.17966666666666667,53.708666666666666,0.07766666666666669,0.10733333333333334,73.76,0.010666666666666668,0.044666666666666674,0.6386666666666666,0.013333333333333334,0.10033333333333334,0.13333333333333333,0.07433333333333332,0.014000000000000002,0.38100000000000006
61,75,2016-02-05,6,2,2015-2016,Minas,Fortaleza B. C. / CFO,0,0.36566666666666675,0.091,0.20600000000000002,0.06866666666666667,0.18233333333333338,0.05466666666666666,0.12766666666666668,0.07466666666666667,0.079,1.03,0.030333333333333344,0.09066666666666667,33.41866666666667,0.10300000000000001,0.2013333333333333,51.583333333333336,0.06866666666666667,0.09633333333333334,68.87666666666665,0.007,0.04000000000000001,0.5586666666666666,0.010666666666666668,0.10200000000000001,0.10400000000000002,0.079,0.017666666666666667,0.4076666666666667,0.3943333333333335,0.136,0.18400000000000005,0.07433333333333333,0.176,0.048000000000000015,0.128,0.061333333333333344,0.07100000000000001,1.024,0.045333333333333344,0.133,34.73466666666666,0.09200000000000003,0.17366666666666666,52.83133333333332,0.07433333333333333,0.10200000000000001,72.84799999999998,0.009333333333333332,0.05133333333333334,0.7859999999999999,0.008000000000000002,0.10566666666666666,0.07266666666666668,0.07100000000000001,0.014666666666666666,0.42300000000000004
83,84,2016-02-06,6,2,2015-2016,Caxias do Sul Basquete,Bauru Basket,0,0.3490000000000001,0.11999999999999997,0.156,0.073,0.16133333333333333,0.042,0.11933333333333333,0.06666666666666668,0.07566666666666667,0.9146666666666667,0.04000000000000001,0.11933333333333333,34.037333333333336,0.078,0.17033333333333334,46.52866666666667,0.073,0.10333333333333333,69.27066666666668,0.007333333333333333,0.05866666666666666,0.7979999999999999,0.007333333333333333,0.11566666666666667,0.06199999999999999,0.07566666666666667,0.01633333333333333,0.36533333333333334,0.44633333333333325,0.16299999999999998,0.19133333333333333,0.092,0.189,0.04600000000000001,0.143,0.09000000000000001,0.06166666666666667,1.651333333333333,0.05433333333333334,0.13566666666666669,40.135999999999996,0.09566666666666666,0.17033333333333334,56.572666666666656,0.092,0.11733333333333333,78.68666666666667,0.007000000000000003,0.042333333333333334,0.7239999999999999,0.006333333333333333,0.092,0.07,0.06166666666666667,0.011000000000000001,0.531
84,77,2016-02-12,2,2,2015-2016,Mogi,Vitória,1,0.40466666666666673,0.11899999999999998,0.2033333333333333,0.08233333333333336,0.17466666666666666,0.052666666666666674,0.12200000000000001,0.078,0.07200000000000001,1.2433333333333334,0.03966666666666667,0.12566666666666665,31.763333333333332,0.10166666666666666,0.18533333333333338,55.606666666666676,0.08233333333333336,0.114,73.13933333333333,0.007,0.05599999999999999,0.906,0.010666666666666666,0.09833333333333333,0.11133333333333334,0.07200000000000001,0.014000000000000002,0.45066666666666677,0.36800000000000005,0.09300000000000001,0.20066666666666666,0.07433333333333333,0.16566666666666668,0.055000000000000014,0.11066666666666668,0.06166666666666667,0.07099999999999998,0.9053333333333334,0.031000000000000007,0.09766666666666667,31.82533333333333,0.10033333333333333,0.2053333333333333,49.11733333333334,0.07433333333333333,0.10533333333333333,70.79733333333334,0.006000000000000001,0.05566666666666666,0.8166666666666665,0.007666666666666667,0.09266666666666666,0.08800000000000002,0.07099999999999998,0.018,0.3846666666666667
82,95,2016-02-12,5,2,2015-2016,Brasília,Fortaleza B. C. / CFO,0,0.43666666666666676,0.15800000000000003,0.20666666666666667,0.07200000000000002,0.18166666666666664,0.05666666666666667,0.125,0.09200000000000001,0.07166666666666667,1.6,0.05266666666666667,0.131,39.92,0.10333333333333333,0.19466666666666665,53.44466666666666,0.07200000000000002,0.08733333333333335,83.108,0.010000000000000002,0.04466666666666667,0.6746666666666666,0.012666666666666666,0.11666666666666667,0.11266666666666668,0.07166666666666667,0.014666666666666666,0.5109999999999999,0.3856666666666667,0.13499999999999998,0.17933333333333337,0.07133333333333332,0.178,0.04833333333333334,0.12966666666666668,0.06300000000000001,0.071,1.05,0.045000000000000005,0.13333333333333333,34.368,0.08966666666666669,0.1713333333333333,52.26199999999999,0.07133333333333332,0.10133333333333333,71.25133333333332,0.01,0.05466666666666666,0.8373333333333334,0.010333333333333335,0.106,0.09133333333333335,0.071,0.015333333333333332,0.4206666666666667
63,80,2016-02-13,7,2,2015-2016,L. Sorocabana,Pinheiros,0,0.3363333333333333,0.077,0.2013333333333333,0.05800000000000001,0.16533333333333336,0.063,0.10233333333333335,0.05700000000000001,0.074,0.7993333333333335,0.025666666666666664,0.09733333333333333,24.14466666666667,0.10066666666666665,0.2013333333333333,50.016000000000005,0.05800000000000001,0.08266666666666667,69.29933333333334,0.006333333333333333,0.054333333333333345,0.7580000000000001,0.009000000000000001,0.097,0.11866666666666667,0.074,0.020333333333333328,0.35100000000000003,0.4166666666666667,0.101,0.22133333333333333,0.09433333333333334,0.19433333333333336,0.06166666666666667,0.13266666666666665,0.07300000000000001,0.077,0.9746666666666667,0.033666666666666664,0.093,36.54266666666667,0.11066666666666666,0.22233333333333336,50.202666666666666,0.09433333333333334,0.12033333333333333,78.92866666666669,0.008333333333333333,0.05000000000000002,0.6686666666666666,0.017333333333333333,0.10566666666666667,0.17666666666666667,0.077,0.012666666666666666,0.47733333333333333
78,73,2016-02-14,1,2,2015-2016,Mogi,Fortaleza B. C. / CFO,1,0.405,0.119,0.202,0.084,0.17099999999999999,0.05033333333333334,0.12066666666666666,0.07933333333333333,0.07200000000000002,1.2566666666666668,0.03966666666666666,0.12499999999999999,31.971999999999998,0.101,0.18366666666666673,55.73333333333335,0.084,0.11466666666666667,74.29066666666667,0.006666666666666666,0.05533333333333333,0.8993333333333333,0.011333333333333334,0.09933333333333332,0.11600000000000002,0.07200000000000002,0.013666666666666667,0.4513333333333334,0.39133333333333337,0.13899999999999998,0.18066666666666673,0.07166666666666664,0.18033333333333332,0.05033333333333334,0.13,0.06566666666666668,0.06699999999999999,1.1333333333333333,0.04633333333333334,0.13733333333333334,34.29666666666667,0.09033333333333336,0.17233333333333334,52.30266666666667,0.07166666666666664,0.10233333333333335,70.94266666666667,0.010666666666666666,0.05433333333333333,0.872,0.010333333333333335,0.10533333333333333,0.09133333333333335,0.06699999999999999,0.015000000000000003,0.4313333333333334
81,67,2016-02-14,6,2,2015-2016,Brasília,Vitória,1,0.43966666666666676,0.158,0.20933333333333334,0.07233333333333336,0.17666666666666664,0.052333333333333336,0.12433333333333334,0.09233333333333334,0.07166666666666667,1.6053333333333335,0.05266666666666667,0.12999999999999998,40.16733333333333,0.10466666666666667,0.19366666666666668,54.38466666666667,0.07233333333333336,0.08700000000000002,83.64200000000001,0.010333333333333335,0.046333333333333344,0.7026666666666667,0.012333333333333333,0.11833333333333335,0.10866666666666668,0.07166666666666667,0.014333333333333333,0.5146666666666666,0.37266666666666665,0.096,0.20400000000000004,0.07266666666666666,0.1673333333333334,0.05666666666666668,0.11066666666666668,0.06566666666666666,0.07099999999999998,0.9780000000000001,0.032,0.09833333333333334,32.50933333333333,0.10200000000000002,0.209,49.26866666666667,0.07266666666666666,0.10433333333333335,69.89799999999998,0.006333333333333334,0.057,0.8413333333333333,0.007333333333333333,0.09633333333333335,0.08066666666666666,0.07099999999999998,0.017333333333333333,0.39366666666666666
87,60,2016-02-16,7,2,2015-2016,Paulistano,Caxias do Sul Basquete,1,0.3949999999999999,0.14,0.19533333333333333,0.05966666666666666,0.18233333333333332,0.05633333333333333,0.12599999999999997,0.079,0.06999999999999999,1.2853333333333334,0.04666666666666666,0.12633333333333333,37.086666666666666,0.09766666666666667,0.19366666666666668,51.28533333333334,0.05966666666666666,0.08099999999999999,72.14666666666666,0.008666666666666665,0.05500000000000001,0.8613333333333334,0.008,0.09600000000000002,0.09066666666666667,0.06999999999999999,0.016000000000000004,0.45233333333333337,0.3596666666666667,0.127,0.15733333333333335,0.07533333333333334,0.16,0.044000000000000004,0.11600000000000002,0.06833333333333333,0.07266666666666667,0.9766666666666667,0.04233333333333334,0.123,35.084666666666664,0.07866666666666668,0.17166666666666666,46.516666666666666,0.07533333333333334,0.10533333333333335,70.43733333333334,0.007333333333333333,0.059000000000000004,0.8266666666666667,0.007333333333333333,0.11266666666666666,0.064,0.07266666666666667,0.016,0.378
82,69,2016-02-16,7,2,2015-2016,Bauru Basket,Rio Claro,1,0.44833333333333325,0.16999999999999998,0.18866666666666668,0.08966666666666666,0.19133333333333333,0.04766666666666667,0.1436666666666667,0.09033333333333335,0.06366666666666668,1.5953333333333333,0.05666666666666666,0.13766666666666666,41.413999999999994,0.09433333333333334,0.16866666666666666,56.249999999999986,0.08966666666666666,0.114,78.94800000000001,0.006666666666666669,0.04,0.6406666666666667,0.006666666666666667,0.09066666666666666,0.07400000000000001,0.06366666666666668,0.012,0.5333333333333333,0.36800000000000005,0.117,0.19466666666666665,0.05633333333333334,0.17066666666666666,0.048000000000000015,0.12266666666666669,0.085,0.07466666666666667,1.1833333333333333,0.03900000000000001,0.11666666666666667,33.36933333333333,0.09733333333333333,0.1826666666666667,52.94866666666667,0.05633333333333334,0.08499999999999999,66.26400000000001,0.010333333333333335,0.05400000000000002,0.7466666666666668,0.013666666666666667,0.11300000000000002,0.12466666666666669,0.07466666666666667,0.01766666666666667,0.42500000000000004
66,67,2016-02-17,7,2,2015-2016,Flamengo,Fortaleza B. C. / CFO,0,0.42,0.13499999999999998,0.21600000000000005,0.06899999999999999,0.17700000000000002,0.04633333333333334,0.13066666666666668,0.09366666666666666,0.065,1.5186666666666668,0.04500000000000001,0.11433333333333333,39.31333333333334,0.10800000000000003,0.19633333333333333,54.89133333333333,0.06899999999999999,0.08966666666666666,74.87133333333333,0.007000000000000001,0.051666666666666666,0.8099999999999998,0.012333333333333335,0.08766666666666666,0.14466666666666667,0.065,0.009333333333333334,0.5113333333333333,0.38866666666666666,0.13899999999999998,0.17533333333333337,0.07433333333333332,0.18333333333333332,0.050666666666666665,0.13266666666666665,0.06766666666666668,0.06833333333333333,1.1460000000000001,0.04633333333333334,0.13899999999999998,33.914,0.08766666666666668,0.16633333333333333,52.818666666666665,0.07433333333333332,0.10500000000000001,71.56133333333332,0.010333333333333333,0.051666666666666666,0.8260000000000001,0.011333333333333334,0.10800000000000001,0.09666666666666668,0.06833333333333333,0.016,0.4323333333333334
88,79,2016-02-17,7,2,2015-2016,Macaé Basquete,Vitória,1,0.38066666666666665,0.105,0.17933333333333332,0.09633333333333335,0.16633333333333333,0.045333333333333344,0.12100000000000001,0.06233333333333334,0.071,0.9446666666666668,0.035,0.10500000000000001,33.327333333333335,0.08966666666666666,0.18666666666666668,48.483333333333334,0.09633333333333335,0.12033333333333332,80.28333333333333,0.003999999999999999,0.047333333333333345,0.6946666666666667,0.006000000000000001,0.11033333333333335,0.05466666666666667,0.071,0.017000000000000005,0.40066666666666667,0.36966666666666664,0.09100000000000001,0.2033333333333333,0.07533333333333334,0.17033333333333334,0.057000000000000016,0.11333333333333333,0.06466666666666666,0.07333333333333333,0.9420000000000002,0.03033333333333334,0.09800000000000002,30.985333333333326,0.10166666666666666,0.20966666666666667,48.87199999999999,0.07533333333333334,0.10600000000000001,71.892,0.006333333333333334,0.05733333333333334,0.8266666666666667,0.008666666666666666,0.09600000000000002,0.09400000000000001,0.07333333333333333,0.017333333333333333,0.3906666666666668
81,87,2016-02-18,7,2,2015-2016,Coop/São José Basketball,Brasília,0,0.38266666666666677,0.134,0.16733333333333336,0.08133333333333333,0.15333333333333332,0.037333333333333336,0.11599999999999998,0.07533333333333332,0.07600000000000001,1.1133333333333333,0.04466666666666667,0.11733333333333333,38.36133333333333,0.08366666666666668,0.1696666666666667,49.68533333333333,0.08133333333333333,0.10633333333333334,75.07533333333335,0.0036666666666666666,0.042000000000000016,0.5926666666666667,0.008333333333333333,0.11266666666666666,0.07600000000000001,0.07600000000000001,0.018666666666666668,0.40199999999999997,0.4353333333333334,0.16299999999999998,0.2026666666666667,0.06966666666666668,0.17733333333333334,0.05266666666666667,0.12466666666666669,0.093,0.071,1.6246666666666665,0.05433333333333333,0.13066666666666665,41.21133333333333,0.10133333333333334,0.19366666666666668,52.63,0.06966666666666668,0.08433333333333334,83.26533333333333,0.009000000000000001,0.04866666666666668,0.7373333333333333,0.012333333333333333,0.11533333333333333,0.11133333333333335,0.071,0.014333333333333332,0.5123333333333332
80,84,2016-02-18,8,2,2015-2016,Pinheiros,Paulistano,0,0.4153333333333334,0.106,0.21333333333333332,0.09600000000000002,0.19266666666666668,0.06266666666666668,0.12999999999999998,0.07500000000000001,0.07600000000000001,1.024,0.03533333333333333,0.09733333333333334,36.74466666666667,0.10666666666666666,0.21866666666666668,49.263333333333335,0.09600000000000002,0.12066666666666667,80.07333333333335,0.008,0.05133333333333335,0.7020000000000001,0.017666666666666667,0.10133333333333334,0.19066666666666665,0.07600000000000001,0.012666666666666666,0.47733333333333333,0.40166666666666656,0.14,0.202,0.059666666666666666,0.18366666666666667,0.05433333333333334,0.12933333333333333,0.08133333333333333,0.07166666666666667,1.2913333333333334,0.046666666666666676,0.12533333333333335,37.483333333333334,0.101,0.19233333333333333,53.51466666666667,0.059666666666666666,0.08066666666666666,72.61666666666666,0.009999999999999998,0.05466666666666667,0.848,0.007333333333333333,0.09566666666666666,0.084,0.07166666666666667,0.01566666666666667,0.466
64,70,2016-02-18,8,2,2015-2016,Sesi Franca,Rio Claro,0,0.3673333333333334,0.101,0.18866666666666668,0.07766666666666669,0.15399999999999997,0.04466666666666667,0.10933333333333332,0.06633333333333334,0.076,0.9073333333333333,0.033666666666666664,0.10166666666666666,31.976666666666667,0.09433333333333334,0.183,53.48266666666666,0.07766666666666669,0.10466666666666669,74.90333333333334,0.010666666666666668,0.04400000000000001,0.6206666666666667,0.014,0.09966666666666667,0.13933333333333336,0.076,0.016,0.38600000000000007,0.37,0.11699999999999999,0.198,0.055000000000000014,0.16833333333333333,0.04533333333333335,0.12300000000000001,0.08533333333333333,0.07466666666666667,1.1866666666666668,0.039,0.11433333333333334,34.028,0.099,0.18233333333333335,54.15266666666667,0.055000000000000014,0.08299999999999999,66.502,0.010333333333333335,0.05233333333333335,0.7293333333333334,0.013000000000000005,0.11433333333333334,0.1166666666666667,0.07466666666666667,0.01633333333333333,0.42766666666666675
61,74,2016-02-18,8,2,2015-2016,L. Sorocabana,Caxias do Sul Basquete,0,0.3286666666666667,0.07600000000000001,0.19733333333333333,0.05533333333333334,0.168,0.06466666666666668,0.10333333333333333,0.05766666666666667,0.074,0.8079999999999998,0.025333333333333333,0.09833333333333333,23.550666666666668,0.09866666666666667,0.20166666666666666,49.02266666666667,0.05533333333333334,0.08133333333333331,66.06133333333332,0.006999999999999998,0.05333333333333335,0.7446666666666667,0.010333333333333333,0.09633333333333334,0.13066666666666665,0.074,0.019999999999999997,0.3419999999999999,0.35233333333333333,0.129,0.15400000000000003,0.06933333333333333,0.154,0.04233333333333334,0.11166666666666668,0.06833333333333334,0.07200000000000001,0.9893333333333333,0.04300000000000001,0.12666666666666668,34.88466666666667,0.07700000000000001,0.16866666666666666,46.27733333333333,0.06933333333333333,0.097,70.57266666666668,0.008333333333333333,0.05733333333333334,0.8106666666666666,0.006666666666666666,0.10800000000000001,0.06266666666666666,0.07200000000000001,0.016,0.3636666666666667
69,79,2016-02-19,8,2,2015-2016,Macaé Basquete,Fortaleza B. C. / CFO,0,0.386,0.112,0.17666666666666664,0.09733333333333333,0.1696666666666667,0.04600000000000001,0.12366666666666669,0.068,0.07233333333333333,0.9926666666666666,0.037333333333333336,0.10633333333333335,34.88866666666667,0.08833333333333332,0.18666666666666665,47.594,0.09733333333333333,0.12066666666666667,80.79466666666664,0.004,0.04733333333333334,0.686,0.005333333333333334,0.112,0.046,0.07233333333333333,0.017333333333333336,0.41333333333333333,0.38966666666666666,0.13999999999999999,0.1746666666666667,0.075,0.182,0.048,0.134,0.06666666666666667,0.06966666666666668,1.122,0.04666666666666667,0.13833333333333334,34.342666666666666,0.08733333333333335,0.165,53.02133333333334,0.075,0.10400000000000001,72.93733333333334,0.010000000000000002,0.05366666666666666,0.8406666666666668,0.011000000000000001,0.10800000000000001,0.09333333333333334,0.06966666666666668,0.01566666666666667,0.435
59,89,2016-02-19,8,2,2015-2016,Coop/São José Basketball,Minas,0,0.3803333333333334,0.13299999999999998,0.17,0.07733333333333332,0.14933333333333332,0.034666666666666665,0.11466666666666667,0.07633333333333334,0.07433333333333333,1.1386666666666665,0.044333333333333336,0.11833333333333333,37.72333333333333,0.085,0.1676666666666667,50.87533333333333,0.07733333333333332,0.10099999999999999,75.384,0.0036666666666666666,0.04266666666666667,0.6066666666666667,0.008666666666666666,0.11,0.07933333333333334,0.07433333333333333,0.018000000000000002,0.4026666666666667,0.36400000000000005,0.08700000000000001,0.20666666666666667,0.07033333333333334,0.18766666666666673,0.05633333333333333,0.13133333333333336,0.07533333333333335,0.07933333333333333,1.0333333333333334,0.029000000000000012,0.08966666666666666,32.148666666666664,0.10333333333333333,0.2053333333333333,50.653999999999996,0.07033333333333334,0.09866666666666667,68.83666666666667,0.007,0.04000000000000001,0.5559999999999999,0.011666666666666667,0.10533333333333333,0.11000000000000001,0.07933333333333333,0.017,0.4080000000000001
101,53,2016-02-20,8,2,2015-2016,Flamengo,Vitória,1,0.42199999999999993,0.13399999999999998,0.21733333333333335,0.07066666666666667,0.17733333333333334,0.04800000000000001,0.12933333333333333,0.09466666666666666,0.06433333333333333,1.5386666666666668,0.04466666666666667,0.11433333333333336,38.995999999999995,0.10866666666666668,0.19833333333333333,54.768,0.07066666666666667,0.091,75.98266666666667,0.008,0.054333333333333345,0.8513333333333333,0.012666666666666668,0.08866666666666669,0.14733333333333334,0.06433333333333333,0.008333333333333333,0.517,0.36833333333333335,0.091,0.2,0.07733333333333334,0.16933333333333336,0.057666666666666665,0.11166666666666668,0.06499999999999999,0.076,0.8859999999999999,0.030333333333333337,0.09800000000000002,30.985333333333337,0.1,0.21133333333333332,47.837999999999994,0.07733333333333334,0.10966666666666666,70.798,0.006666666666666666,0.060000000000000005,0.8220000000000002,0.009666666666666665,0.09866666666666667,0.10066666666666667,0.076,0.016666666666666666,0.3846666666666667
94,73,2016-02-21,9,2,2015-2016,Brasília,L. Sorocabana,1,0.4273333333333334,0.15399999999999997,0.2033333333333334,0.07,0.17833333333333334,0.053000000000000005,0.12533333333333335,0.09000000000000001,0.07266666666666666,1.498,0.051333333333333335,0.12899999999999998,39.379333333333335,0.1016666666666667,0.19233333333333336,53.17533333333334,0.07,0.08533333333333333,82.85933333333334,0.009000000000000001,0.04933333333333334,0.7246666666666666,0.011666666666666665,0.11366666666666667,0.10733333333333336,0.07266666666666666,0.014333333333333332,0.5003333333333333,0.32933333333333337,0.07699999999999999,0.196,0.05633333333333334,0.16699999999999998,0.06500000000000002,0.10200000000000001,0.059666666666666666,0.07466666666666667,0.8273333333333331,0.025666666666666667,0.09733333333333333,24.143333333333334,0.098,0.2,49.06666666666667,0.05633333333333334,0.08333333333333333,66.06133333333332,0.008,0.05366666666666668,0.7440000000000001,0.011666666666666665,0.09500000000000001,0.14533333333333334,0.07466666666666667,0.020000000000000004,0.346
62,71,2016-02-22,14,2,2015-2016,Caxias do Sul Basquete,Fortaleza B. C. / CFO,0,0.3536666666666667,0.134,0.15466666666666665,0.065,0.156,0.04300000000000001,0.113,0.07,0.07266666666666666,1.0033333333333334,0.044666666666666674,0.12466666666666666,36.57933333333334,0.07733333333333332,0.1713333333333333,45.65266666666666,0.065,0.09033333333333333,71.144,0.008,0.05633333333333333,0.7899999999999999,0.007333333333333332,0.10666666666666667,0.07,0.07266666666666666,0.017666666666666667,0.3713333333333333,0.3936666666666666,0.142,0.1713333333333333,0.08033333333333334,0.18333333333333332,0.04600000000000001,0.13733333333333334,0.06766666666666668,0.06899999999999999,1.1413333333333333,0.04733333333333334,0.13966666666666666,34.508,0.08566666666666665,0.16,53.16,0.08033333333333334,0.11033333333333334,72.92133333333335,0.008666666666666666,0.05200000000000001,0.8233333333333335,0.012,0.11066666666666668,0.10133333333333333,0.06899999999999999,0.015666666666666666,0.4430000000000001
92,87,2016-02-23,9,2,2015-2016,Pinheiros,Macaé Basquete,1,0.4176666666666667,0.10800000000000001,0.212,0.09766666666666667,0.19066666666666668,0.06300000000000001,0.12766666666666668,0.076,0.07466666666666667,1.0633333333333335,0.036000000000000004,0.10100000000000002,36.02066666666666,0.106,0.21700000000000003,49.3,0.09766666666666667,0.12033333333333332,81.51733333333335,0.007333333333333333,0.05200000000000002,0.7346666666666668,0.01566666666666667,0.10433333333333336,0.16,0.07466666666666667,0.011666666666666665,0.4786666666666667,0.3843333333333333,0.10699999999999998,0.17733333333333332,0.10000000000000002,0.17133333333333337,0.045666666666666675,0.1256666666666667,0.06866666666666667,0.07033333333333333,1.0333333333333334,0.035666666666666666,0.10800000000000001,33.022,0.08866666666666666,0.18666666666666665,47.765333333333345,0.10000000000000002,0.12200000000000001,82.2393333333333,0.004,0.047333333333333345,0.706,0.006000000000000001,0.11566666666666668,0.04933333333333334,0.07033333333333333,0.017,0.415
70,82,2016-02-23,9,2,2015-2016,Coop/São José Basketball,Sesi Franca,0,0.37200000000000005,0.128,0.1686666666666667,0.07533333333333332,0.14433333333333334,0.03333333333333333,0.111,0.07533333333333332,0.07466666666666667,1.1226666666666667,0.042666666666666665,0.11699999999999999,36.50933333333333,0.08433333333333334,0.16666666666666669,50.779999999999994,0.07533333333333332,0.09833333333333333,75.29,0.003,0.045666666666666675,0.6440000000000001,0.009000000000000001,0.10866666666666666,0.08333333333333333,0.07466666666666667,0.016333333333333335,0.392,0.3653333333333333,0.10100000000000002,0.19,0.07433333333333335,0.15266666666666664,0.044333333333333336,0.10833333333333334,0.06533333333333334,0.076,0.8919999999999999,0.03366666666666666,0.10166666666666667,31.976666666666667,0.095,0.18000000000000002,54.579333333333324,0.07433333333333335,0.10066666666666667,74.22666666666666,0.010000000000000002,0.04433333333333334,0.6253333333333333,0.013666666666666667,0.09866666666666667,0.13799999999999998,0.076,0.01633333333333333,0.386
76,82,2016-02-24,9,2,2015-2016,Minas,Paulistano,0,0.3706666666666667,0.08700000000000001,0.21266666666666667,0.07100000000000001,0.18800000000000003,0.05633333333333333,0.13166666666666668,0.07433333333333333,0.08066666666666666,1.01,0.02900000000000001,0.08833333333333335,32.68733333333333,0.10633333333333334,0.20666666666666667,51.85799999999999,0.07100000000000001,0.09933333333333333,69.00200000000001,0.007333333333333333,0.041666666666666664,0.5660000000000001,0.012000000000000004,0.10533333333333333,0.11266666666666669,0.08066666666666666,0.017,0.4176666666666667,0.40199999999999997,0.13699999999999998,0.20333333333333334,0.06166666666666666,0.18433333333333332,0.05500000000000001,0.12933333333333333,0.08266666666666668,0.06866666666666665,1.3353333333333335,0.04566666666666666,0.12433333333333335,37.08533333333333,0.10166666666666667,0.19466666666666665,53.023333333333326,0.06166666666666666,0.08266666666666667,72.95333333333335,0.010333333333333332,0.05300000000000001,0.8473333333333333,0.008,0.09400000000000001,0.09000000000000001,0.06866666666666665,0.014333333333333337,0.4686666666666667
64,67,2016-02-24,9,2,2015-2016,Fortaleza B. C. / CFO,Rio Claro,0,0.388,0.142,0.16466666666666666,0.08133333333333333,0.18266666666666667,0.04600000000000001,0.1366666666666667,0.06533333333333334,0.06633333333333333,1.1400000000000001,0.04733333333333334,0.141,34.214000000000006,0.08233333333333333,0.15766666666666668,51.87466666666667,0.08133333333333333,0.112,72.78800000000001,0.008666666666666666,0.051666666666666666,0.8453333333333336,0.01266666666666667,0.10833333333333334,0.11066666666666666,0.06633333333333333,0.015666666666666666,0.43433333333333335,0.37233333333333335,0.123,0.19466666666666665,0.054666666666666676,0.17233333333333334,0.04733333333333334,0.12500000000000003,0.08566666666666665,0.07533333333333334,1.1833333333333331,0.041,0.11766666666666667,34.66333333333333,0.09733333333333333,0.1796666666666667,53.915333333333336,0.054666666666666676,0.08366666666666665,65.336,0.010333333333333335,0.05133333333333335,0.7133333333333334,0.013333333333333338,0.115,0.11933333333333335,0.07533333333333334,0.018000000000000002,0.4316666666666667
60,62,2016-02-25,10,2,2015-2016,Coop/São José Basketball,Bauru Basket,0,0.36900000000000005,0.12399999999999999,0.172,0.07299999999999998,0.14533333333333331,0.034666666666666665,0.11066666666666666,0.07666666666666666,0.07099999999999998,1.268,0.04133333333333333,0.11699999999999999,35.48333333333334,0.086,0.1716666666666667,50.392666666666656,0.07299999999999998,0.09433333333333334,76.40133333333334,0.003333333333333333,0.04500000000000001,0.6933333333333334,0.008666666666666666,0.10766666666666667,0.08066666666666666,0.07099999999999998,0.016666666666666666,0.39099999999999996,0.43766666666666665,0.165,0.18866666666666665,0.084,0.19099999999999998,0.04833333333333334,0.1426666666666667,0.09000000000000002,0.06633333333333333,1.5353333333333334,0.05500000000000001,0.13866666666666666,40.080666666666666,0.09433333333333332,0.1673333333333333,56.694666666666656,0.084,0.10800000000000001,78.24,0.006333333333333335,0.044,0.6699999999999999,0.007333333333333333,0.089,0.08266666666666668,0.06633333333333333,0.012666666666666666,0.523
93,78,2016-02-25,10,2,2015-2016,Mogi,Sesi Franca,1,0.4023333333333333,0.11399999999999998,0.20266666666666666,0.08566666666666665,0.17099999999999999,0.05200000000000001,0.11899999999999998,0.077,0.07166666666666668,1.2093333333333334,0.038000000000000006,0.125,30.217333333333332,0.10133333333333333,0.18233333333333335,56.08133333333334,0.08566666666666665,0.11833333333333335,73.80466666666668,0.007666666666666666,0.05566666666666668,0.9259999999999999,0.009666666666666665,0.09899999999999999,0.10133333333333334,0.07166666666666668,0.014333333333333335,0.44333333333333347,0.37433333333333335,0.10800000000000004,0.19266666666666668,0.07366666666666667,0.15433333333333335,0.04166666666666667,0.11266666666666666,0.06966666666666668,0.07333333333333333,0.9559999999999998,0.036000000000000004,0.10333333333333335,34.087999999999994,0.09633333333333334,0.178,55.74599999999999,0.07366666666666667,0.10033333333333334,73.93599999999999,0.010666666666666668,0.04266666666666667,0.6159999999999999,0.014,0.09866666666666665,0.14133333333333334,0.07333333333333333,0.016333333333333335,0.40599999999999997
81,66,2016-02-25,10,2,2015-2016,Caxias do Sul Basquete,Macaé Basquete,1,0.34833333333333333,0.13399999999999998,0.152,0.06233333333333334,0.15699999999999997,0.042000000000000016,0.115,0.06633333333333334,0.07166666666666668,0.9766666666666667,0.044666666666666674,0.128,35.632666666666665,0.076,0.16866666666666663,45.568,0.06233333333333334,0.087,70.91333333333334,0.007000000000000001,0.053,0.7613333333333333,0.007333333333333332,0.10900000000000001,0.06733333333333333,0.07166666666666668,0.019000000000000003,0.3596666666666667,0.39199999999999996,0.10999999999999997,0.178,0.10400000000000002,0.18133333333333335,0.04966666666666668,0.1316666666666667,0.07133333333333333,0.07133333333333333,1.054,0.03666666666666666,0.11333333333333333,32.814,0.089,0.1893333333333333,47.45266666666667,0.10400000000000002,0.12766666666666668,81.76933333333335,0.004666666666666666,0.04666666666666666,0.6933333333333335,0.008,0.11666666666666668,0.06666666666666667,0.07133333333333333,0.016,0.42733333333333334
57,70,2016-02-26,10,2,2015-2016,Minas,L. Sorocabana,0,0.3713333333333333,0.08600000000000001,0.214,0.07133333333333333,0.18833333333333335,0.05633333333333334,0.132,0.07566666666666667,0.07800000000000001,1.0873333333333335,0.02866666666666667,0.08566666666666665,33.48,0.107,0.21133333333333335,51.087333333333326,0.07133333333333333,0.10133333333333333,67.52066666666667,0.007000000000000001,0.04100000000000001,0.5793333333333333,0.012,0.10533333333333333,0.11266666666666668,0.07800000000000001,0.016666666666666666,0.41866666666666674,0.3306666666666667,0.077,0.19600000000000004,0.05766666666666667,0.1673333333333333,0.06500000000000002,0.10233333333333335,0.058333333333333334,0.07166666666666667,0.8399999999999997,0.025666666666666667,0.10233333333333333,23.133333333333333,0.09800000000000002,0.20033333333333334,48.99333333333333,0.05766666666666667,0.08466666666666667,66.30533333333334,0.008333333333333333,0.054666666666666676,0.7953333333333333,0.012,0.09666666666666668,0.14800000000000005,0.07166666666666667,0.018000000000000002,0.3453333333333333
67,79,2016-02-26,10,2,2015-2016,Vitória,Rio Claro,0,0.35733333333333334,0.08600000000000001,0.19533333333333333,0.07600000000000001,0.17066666666666666,0.05866666666666666,0.11200000000000003,0.061000000000000006,0.07833333333333334,0.8193333333333332,0.028666666666666663,0.097,29.794666666666668,0.09766666666666667,0.2136666666666667,46.14666666666667,0.07600000000000001,0.10766666666666665,70.69,0.006333333333333333,0.059000000000000004,0.7933333333333333,0.010666666666666665,0.1,0.10933333333333334,0.07833333333333334,0.016333333333333335,0.36400000000000005,0.367,0.12599999999999997,0.18533333333333338,0.05566666666666668,0.17333333333333334,0.04500000000000001,0.12833333333333333,0.08133333333333333,0.07433333333333333,1.144,0.04200000000000001,0.11999999999999998,34.66333333333333,0.09266666666666669,0.17566666666666667,52.258,0.05566666666666668,0.083,66.95666666666666,0.008666666666666665,0.04766666666666668,0.6780000000000002,0.012333333333333337,0.11166666666666668,0.11333333333333336,0.07433333333333333,0.016666666666666666,0.4190000000000001
85,79,2016-02-27,9,2,2015-2016,Mogi,Bauru Basket,1,0.4106666666666667,0.11699999999999999,0.20733333333333331,0.08633333333333333,0.1703333333333333,0.05166666666666667,0.11866666666666666,0.07933333333333334,0.068,1.3086666666666666,0.039,0.123,31.884000000000004,0.10366666666666666,0.18866666666666668,55.31000000000001,0.08633333333333333,0.11866666666666667,74.344,0.008,0.05600000000000001,0.9813333333333333,0.010000000000000002,0.101,0.10200000000000001,0.068,0.013666666666666669,0.457,0.43433333333333324,0.164,0.18599999999999997,0.08433333333333334,0.19366666666666663,0.04933333333333333,0.14433333333333334,0.08433333333333333,0.066,1.4613333333333332,0.054666666666666676,0.13833333333333334,39.87533333333334,0.09299999999999999,0.1686666666666667,55.559999999999995,0.08433333333333334,0.10966666666666666,76.952,0.005333333333333333,0.04333333333333333,0.6653333333333332,0.008666666666666666,0.092,0.09533333333333334,0.066,0.012666666666666665,0.5136666666666667
71,64,2016-03-03,7,2,2015-2016,Mogi,Minas,1,0.4153333333333333,0.127,0.2006666666666667,0.08766666666666668,0.173,0.053333333333333344,0.11966666666666666,0.08033333333333334,0.06633333333333334,1.3626666666666665,0.042333333333333334,0.12866666666666668,33.24866666666667,0.10033333333333334,0.18466666666666667,54.572,0.08766666666666668,0.12133333333333332,73.546,0.007,0.055333333333333345,0.9953333333333333,0.010333333333333335,0.10066666666666668,0.10666666666666666,0.06633333333333334,0.013333333333333336,0.4636666666666667,0.36000000000000004,0.082,0.21066666666666667,0.06733333333333333,0.187,0.05366666666666667,0.13333333333333333,0.07400000000000001,0.08266666666666667,0.9766666666666666,0.027333333333333334,0.08299999999999999,32.96066666666666,0.10533333333333333,0.209,50.85733333333334,0.06733333333333333,0.09866666666666668,65.24133333333334,0.007000000000000001,0.04200000000000001,0.5506666666666667,0.012,0.10333333333333335,0.11733333333333333,0.08266666666666667,0.018,0.4013333333333333
96,94,2016-03-03,11,2,2015-2016,Vitória,Bauru Basket,1,0.3563333333333333,0.089,0.19066666666666668,0.07666666666666669,0.17066666666666666,0.05799999999999999,0.11266666666666669,0.061999999999999986,0.07933333333333333,0.8233333333333334,0.02966666666666667,0.09933333333333332,30.374666666666666,0.09533333333333334,0.20833333333333334,46.251999999999995,0.07666666666666669,0.10966666666666666,69.95,0.005666666666666666,0.06033333333333332,0.8013333333333333,0.010333333333333332,0.10066666666666668,0.106,0.07933333333333333,0.015666666666666666,0.3640000000000001,0.4306666666666666,0.167,0.17933333333333332,0.08433333333333334,0.19233333333333333,0.05,0.1423333333333333,0.08366666666666665,0.06766666666666668,1.4013333333333333,0.05566666666666668,0.13866666666666666,40.48066666666667,0.08966666666666666,0.16699999999999998,54.139999999999986,0.08433333333333334,0.11000000000000001,76.75000000000001,0.005,0.04333333333333333,0.644,0.009333333333333334,0.09399999999999999,0.10066666666666668,0.06766666666666668,0.012666666666666666,0.5056666666666667
75,81,2016-03-04,10,2,2015-2016,Pinheiros,Flamengo,0,0.4226666666666667,0.109,0.21466666666666664,0.099,0.19300000000000003,0.060666666666666674,0.13233333333333333,0.07799999999999999,0.07466666666666667,1.0866666666666664,0.03633333333333333,0.10000000000000002,36.516,0.10733333333333332,0.22033333333333333,49.21866666666668,0.099,0.12466666666666665,79.722,0.007333333333333334,0.05633333333333334,0.786,0.015666666666666666,0.10700000000000001,0.156,0.07466666666666667,0.011666666666666664,0.4886666666666667,0.4273333333333333,0.133,0.22133333333333335,0.073,0.18333333333333332,0.050666666666666665,0.13266666666666668,0.09666666666666666,0.06299999999999999,1.6146666666666667,0.04433333333333334,0.11533333333333333,38.447999999999986,0.11066666666666668,0.20166666666666666,54.852666666666664,0.073,0.095,75.14133333333332,0.007666666666666667,0.05600000000000001,0.9073333333333332,0.013666666666666667,0.08833333333333336,0.1606666666666667,0.06299999999999999,0.008,0.53
78,75,2016-03-05,8,2,2015-2016,Mogi,Brasília,1,0.41433333333333333,0.12199999999999998,0.20466666666666664,0.08766666666666668,0.177,0.054333333333333345,0.12266666666666667,0.079,0.06466666666666668,1.3839999999999997,0.04066666666666666,0.12766666666666668,31.93,0.10233333333333332,0.18633333333333332,55.12333333333333,0.08766666666666668,0.12100000000000001,73.79133333333334,0.007666666666666667,0.05633333333333334,1.0366666666666666,0.010333333333333335,0.09966666666666667,0.10733333333333334,0.06466666666666668,0.013000000000000003,0.468,0.42299999999999993,0.14999999999999997,0.206,0.067,0.17633333333333334,0.04966666666666668,0.12666666666666665,0.08933333333333333,0.07633333333333334,1.4106666666666667,0.05,0.12700000000000003,38.81666666666667,0.103,0.1876666666666667,55.18200000000001,0.067,0.08166666666666668,82.65733333333334,0.008000000000000002,0.05066666666666668,0.7153333333333333,0.011000000000000003,0.11066666666666668,0.10533333333333333,0.07633333333333334,0.013999999999999997,0.4976666666666666
80,97,2016-03-06,9,2,2015-2016,Caxias do Sul Basquete,Flamengo,0,0.35833333333333334,0.13799999999999998,0.158,0.062333333333333345,0.1633333333333333,0.04400000000000001,0.11933333333333333,0.06933333333333333,0.06966666666666667,1.0393333333333334,0.04600000000000001,0.13366666666666666,34.926,0.079,0.16666666666666669,47.52599999999999,0.062333333333333345,0.08766666666666666,70.16066666666667,0.007000000000000001,0.051666666666666666,0.7633333333333334,0.007999999999999998,0.11100000000000002,0.07333333333333333,0.06966666666666667,0.019000000000000003,0.38033333333333336,0.42233333333333334,0.129,0.22466666666666668,0.06866666666666667,0.1816666666666667,0.04933333333333333,0.13233333333333336,0.09366666666666666,0.06366666666666666,1.5459999999999998,0.04300000000000001,0.11233333333333334,38.504,0.11233333333333334,0.20566666666666666,54.55466666666667,0.06866666666666667,0.09133333333333334,73.77,0.008333333333333333,0.05800000000000001,0.9346666666666665,0.013666666666666667,0.08766666666666668,0.16133333333333336,0.06366666666666666,0.008666666666666666,0.5203333333333333
99,71,2016-03-09,11,2,2015-2016,Fortaleza B. C. / CFO,Sesi Franca,1,0.3836666666666667,0.141,0.16133333333333333,0.08133333333333333,0.18566666666666667,0.04600000000000001,0.1396666666666667,0.066,0.068,1.0953333333333333,0.04700000000000001,0.142,33.72,0.08066666666666666,0.15700000000000003,51.06066666666666,0.08133333333333333,0.111,73.62866666666667,0.009,0.05200000000000002,0.8113333333333334,0.01366666666666667,0.10833333333333335,0.12199999999999998,0.068,0.01633333333333333,0.4320000000000001,0.37,0.10600000000000001,0.19066666666666668,0.07333333333333333,0.156,0.043000000000000003,0.113,0.07033333333333334,0.07566666666666667,0.9386666666666665,0.03533333333333333,0.101,34.425333333333334,0.09533333333333334,0.182,53.93666666666666,0.07333333333333333,0.09833333333333334,74.83333333333334,0.010000000000000002,0.04100000000000001,0.5873333333333334,0.013999999999999997,0.09633333333333334,0.146,0.07566666666666667,0.017000000000000005,0.3983333333333333
77,99,2016-03-09,11,2,2015-2016,Macaé Basquete,Brasília,0,0.3803333333333333,0.10699999999999997,0.17466666666666666,0.09866666666666668,0.17933333333333332,0.04566666666666667,0.13366666666666668,0.07066666666666666,0.07066666666666667,1.0533333333333335,0.035666666666666666,0.11366666666666665,31.90266666666667,0.08733333333333333,0.18499999999999997,47.711333333333336,0.09866666666666668,0.12433333333333337,79.66666666666667,0.005,0.045000000000000005,0.6766666666666669,0.007666666666666666,0.11233333333333335,0.06466666666666666,0.07066666666666667,0.015000000000000003,0.411,0.4196666666666667,0.15299999999999997,0.19933333333333333,0.06733333333333331,0.17899999999999996,0.05000000000000002,0.129,0.08966666666666666,0.07566666666666667,1.4186666666666667,0.05100000000000001,0.129,39.09400000000001,0.09966666666666667,0.1836666666666667,54.57600000000001,0.06733333333333331,0.083,81.40733333333334,0.008666666666666668,0.049333333333333354,0.7059999999999998,0.010666666666666668,0.109,0.10400000000000004,0.07566666666666667,0.013333333333333334,0.49499999999999994
74,75,2016-03-09,11,2,2015-2016,Rio Claro,Caxias do Sul Basquete,0,0.3706666666666666,0.12899999999999998,0.18400000000000005,0.05766666666666667,0.17433333333333334,0.046,0.12833333333333333,0.08133333333333334,0.07400000000000001,1.1473333333333333,0.043000000000000003,0.12066666666666667,35.21266666666667,0.09200000000000003,0.17666666666666664,51.373999999999995,0.05766666666666667,0.08533333333333333,67.502,0.008333333333333333,0.049000000000000016,0.6946666666666667,0.011333333333333336,0.11300000000000002,0.10333333333333336,0.07400000000000001,0.014999999999999998,0.4226666666666667,0.3643333333333334,0.14199999999999996,0.16066666666666668,0.06166666666666667,0.161,0.04266666666666667,0.11833333333333335,0.07366666666666669,0.07066666666666667,1.0906666666666667,0.04733333333333334,0.13666666666666666,35.089333333333336,0.08033333333333334,0.165,48.662000000000006,0.06166666666666667,0.08633333333333332,70.584,0.008,0.05266666666666668,0.7673333333333334,0.007999999999999998,0.11266666666666669,0.07333333333333333,0.07066666666666667,0.019333333333333334,0.39033333333333337
89,77,2016-03-09,11,2,2015-2016,Paulistano,Coop/São José Basketball,1,0.39566666666666667,0.133,0.2,0.06266666666666668,0.1863333333333333,0.055000000000000014,0.13133333333333333,0.08333333333333334,0.06933333333333332,1.3133333333333332,0.044333333333333336,0.12333333333333335,36.360666666666674,0.1,0.19366666666666668,52.498,0.06266666666666668,0.08333333333333333,73.41600000000001,0.010333333333333332,0.05133333333333335,0.7953333333333332,0.007333333333333332,0.09533333333333334,0.08000000000000002,0.06933333333333332,0.014333333333333337,0.4613333333333334,0.3643333333333334,0.12399999999999999,0.1673333333333333,0.073,0.153,0.037666666666666675,0.11533333333333333,0.075,0.074,1.1973333333333334,0.04133333333333334,0.12066666666666666,34.46466666666667,0.08366666666666665,0.169,49.72533333333334,0.073,0.09233333333333332,77.67066666666668,0.003333333333333333,0.04466666666666668,0.6526666666666666,0.009000000000000001,0.10600000000000001,0.084,0.074,0.017333333333333333,0.38799999999999996
60,74,2016-03-11,12,2,2015-2016,Macaé Basquete,Minas,0,0.3823333333333333,0.10599999999999997,0.17600000000000002,0.10033333333333333,0.17866666666666667,0.04633333333333334,0.13233333333333336,0.07333333333333333,0.07233333333333335,1.0713333333333332,0.035333333333333335,0.11366666666666664,31.625333333333334,0.08800000000000001,0.1863333333333333,47.692666666666675,0.10033333333333333,0.12566666666666668,80.07266666666665,0.004666666666666666,0.044000000000000004,0.654,0.007333333333333332,0.11033333333333335,0.06266666666666666,0.07233333333333335,0.014333333333333335,0.41133333333333333,0.3646666666666667,0.086,0.21200000000000002,0.06666666666666667,0.18833333333333335,0.054333333333333345,0.13399999999999998,0.07500000000000001,0.07966666666666668,1.02,0.02866666666666667,0.08466666666666667,34.3,0.10600000000000001,0.21166666666666664,50.565333333333335,0.06666666666666667,0.09766666666666665,65.31533333333334,0.008333333333333333,0.04100000000000001,0.5506666666666666,0.012000000000000002,0.10466666666666667,0.11600000000000002,0.07966666666666668,0.018666666666666665,0.4083333333333333
72,78,2016-03-11,12,2,2015-2016,Vitória,Sesi Franca,0,0.36733333333333335,0.091,0.20066666666666672,0.07566666666666667,0.1743333333333333,0.058,0.11633333333333336,0.06633333333333333,0.08066666666666668,0.8653333333333333,0.030333333333333334,0.102,29.958000000000002,0.10033333333333336,0.21300000000000002,47.56933333333333,0.07566666666666667,0.10666666666666667,70.94533333333332,0.006,0.06133333333333333,0.8006666666666666,0.009666666666666667,0.103,0.09533333333333331,0.08066666666666668,0.016,0.38233333333333336,0.36433333333333334,0.099,0.19133333333333333,0.07400000000000001,0.155,0.04433333333333334,0.11066666666666666,0.06833333333333334,0.07666666666666666,0.8986666666666665,0.033,0.09666666666666668,33.54933333333334,0.09566666666666666,0.18466666666666667,53.34733333333334,0.07400000000000001,0.09966666666666667,74.41666666666667,0.009000000000000001,0.04200000000000001,0.5946666666666668,0.013666666666666666,0.09533333333333333,0.14533333333333331,0.07666666666666666,0.017666666666666667,0.38833333333333336
78,66,2016-03-11,12,2,2015-2016,L. Sorocabana,Coop/São José Basketball,1,0.3346666666666667,0.082,0.19200000000000003,0.06066666666666667,0.16999999999999998,0.06466666666666669,0.10533333333333333,0.05933333333333333,0.07400000000000001,0.8199999999999998,0.02733333333333333,0.10400000000000001,24.18,0.09600000000000002,0.19666666666666668,48.63866666666667,0.06066666666666667,0.09033333333333335,65.36866666666666,0.008666666666666666,0.05533333333333334,0.7713333333333333,0.012333333333333333,0.099,0.14666666666666667,0.07400000000000001,0.01966666666666667,0.3506666666666666,0.3623333333333333,0.11999999999999998,0.17333333333333334,0.06899999999999999,0.14933333333333332,0.038000000000000006,0.11133333333333333,0.07400000000000001,0.07099999999999998,1.2420000000000002,0.04000000000000001,0.1193333333333333,33.82933333333334,0.08666666666666667,0.1733333333333333,50.03133333333334,0.06899999999999999,0.08966666666666666,75.59333333333333,0.002666666666666666,0.045333333333333344,0.6973333333333334,0.007333333333333334,0.10533333333333333,0.07066666666666667,0.07099999999999998,0.016666666666666666,0.3806666666666667
76,77,2016-03-12,12,2,2015-2016,Rio Claro,Pinheiros,0,0.3666666666666666,0.13099999999999998,0.17600000000000002,0.059666666666666666,0.17533333333333337,0.048,0.12733333333333335,0.07833333333333334,0.077,1.0806666666666667,0.04366666666666667,0.12233333333333336,35.146,0.08800000000000001,0.17233333333333334,50.19866666666666,0.059666666666666666,0.08966666666666669,66.286,0.007,0.049000000000000016,0.6799999999999999,0.010666666666666668,0.11466666666666668,0.09600000000000004,0.077,0.016333333333333335,0.41000000000000003,0.4153333333333334,0.11200000000000002,0.21333333333333332,0.09000000000000001,0.19433333333333336,0.061000000000000006,0.13333333333333333,0.07933333333333331,0.07533333333333334,1.096,0.037333333333333336,0.10066666666666667,37.30133333333334,0.10666666666666666,0.22266666666666662,48.30466666666667,0.09000000000000001,0.11533333333333333,77.94399999999999,0.006666666666666667,0.05700000000000001,0.7899999999999999,0.013333333333333334,0.10400000000000002,0.13933333333333334,0.07533333333333334,0.013000000000000001,0.47933333333333333
81,69,2016-03-13,10,2,2015-2016,Brasília,Paulistano,1,0.42966666666666664,0.16299999999999998,0.20066666666666666,0.066,0.17899999999999996,0.05000000000000001,0.129,0.09300000000000001,0.074,1.5073333333333332,0.054333333333333345,0.13333333333333333,40.64933333333334,0.10033333333333333,0.183,55.03066666666667,0.066,0.081,81.68466666666667,0.008666666666666666,0.05200000000000001,0.7793333333333332,0.011,0.11133333333333333,0.10533333333333336,0.074,0.013666666666666667,0.5139999999999999,0.39799999999999996,0.131,0.1993333333333333,0.06766666666666668,0.18699999999999994,0.05600000000000001,0.13099999999999995,0.08166666666666665,0.071,1.2339999999999998,0.04366666666666667,0.11999999999999998,36.63133333333334,0.09966666666666665,0.19233333333333336,52.85066666666667,0.06766666666666668,0.08766666666666668,75.77266666666668,0.010000000000000002,0.048000000000000015,0.7026666666666664,0.007999999999999998,0.09533333333333333,0.08800000000000002,0.071,0.015000000000000005,0.4626666666666667
73,75,2016-03-16,12,2,2015-2016,Flamengo,Brasília,0,0.4236666666666667,0.127,0.222,0.07466666666666667,0.1833333333333333,0.05166666666666666,0.13166666666666668,0.09566666666666666,0.06333333333333332,1.5799999999999998,0.04233333333333334,0.11166666666666666,38.14866666666667,0.111,0.207,53.54333333333334,0.07466666666666667,0.0976666666666667,73.52333333333333,0.008,0.05600000000000001,0.9106666666666666,0.013333333333333334,0.08666666666666668,0.1586666666666667,0.06333333333333332,0.009000000000000001,0.5203333333333333,0.4326666666666667,0.162,0.2053333333333333,0.06533333333333333,0.17433333333333328,0.048333333333333346,0.126,0.09466666666666668,0.072,1.5606666666666669,0.05400000000000001,0.13500000000000004,39.98266666666667,0.10266666666666666,0.18366666666666667,55.983333333333334,0.06533333333333333,0.082,79.72399999999999,0.009333333333333334,0.05266666666666667,0.8053333333333332,0.010666666666666668,0.11066666666666668,0.10266666666666668,0.072,0.014000000000000004,0.5143333333333334
90,86,2016-03-17,12,2,2015-2016,Fortaleza B. C. / CFO,Bauru Basket,1,0.3813333333333334,0.14400000000000002,0.15733333333333335,0.08,0.18933333333333333,0.04800000000000001,0.14133333333333334,0.06733333333333333,0.06799999999999999,1.1193333333333333,0.048,0.14633333333333332,32.940666666666665,0.07866666666666668,0.15433333333333335,50.83866666666667,0.08,0.10933333333333334,73.69399999999999,0.009333333333333332,0.050666666666666665,0.7866666666666666,0.013333333333333336,0.10666666666666667,0.12200000000000001,0.06799999999999999,0.016666666666666666,0.4306666666666667,0.4273333333333333,0.161,0.17866666666666664,0.08766666666666666,0.1933333333333333,0.05033333333333334,0.143,0.07933333333333331,0.07,1.3113333333333332,0.053666666666666675,0.141,38.38866666666666,0.08933333333333332,0.169,52.95,0.08766666666666666,0.11300000000000002,77.31666666666666,0.003666666666666666,0.046333333333333324,0.6666666666666666,0.010000000000000002,0.09200000000000001,0.10933333333333334,0.07,0.014333333333333333,0.49400000000000005
80,83,2016-03-17,12,2,2015-2016,Mogi,Paulistano,0,0.4103333333333332,0.12399999999999999,0.20333333333333328,0.083,0.17666666666666667,0.05500000000000001,0.12166666666666666,0.08,0.06466666666666669,1.4019999999999997,0.04133333333333333,0.13033333333333333,32.0,0.10166666666666664,0.18566666666666665,54.98933333333333,0.083,0.11566666666666667,72.998,0.008,0.05800000000000001,1.0673333333333332,0.010333333333333335,0.10033333333333334,0.106,0.06466666666666669,0.012666666666666668,0.46499999999999997,0.3953333333333333,0.132,0.19666666666666666,0.06666666666666667,0.19266666666666662,0.058333333333333334,0.1343333333333333,0.08266666666666665,0.07233333333333335,1.2319999999999998,0.04400000000000001,0.12200000000000001,36.39266666666666,0.09833333333333333,0.193,52.150666666666666,0.06666666666666667,0.085,76.72933333333334,0.010000000000000002,0.04600000000000001,0.6653333333333332,0.008666666666666665,0.09533333333333334,0.09400000000000003,0.07233333333333335,0.01566666666666667,0.4620000000000001
79,88,2016-03-23,14,2,2015-2016,Sesi Franca,Paulistano,0,0.3643333333333333,0.10000000000000002,0.18933333333333335,0.075,0.15866666666666668,0.04366666666666667,0.11499999999999999,0.06633333333333334,0.07533333333333334,0.884,0.03333333333333333,0.09633333333333334,34.08866666666667,0.09466666666666668,0.18400000000000002,53.00666666666666,0.075,0.09966666666666667,75.15733333333334,0.008,0.041,0.5893333333333336,0.013666666666666666,0.09666666666666666,0.14466666666666667,0.07533333333333334,0.018666666666666665,0.3916666666666667,0.3950000000000001,0.136,0.1893333333333333,0.06966666666666668,0.19199999999999998,0.05833333333333334,0.13366666666666666,0.08266666666666667,0.07066666666666668,1.2626666666666666,0.045333333333333344,0.12266666666666667,37.202666666666666,0.09466666666666665,0.19166666666666662,50.32533333333333,0.06966666666666668,0.08666666666666666,78.27933333333334,0.009333333333333334,0.04500000000000001,0.6679999999999999,0.008666666666666665,0.09533333333333333,0.09400000000000001,0.07066666666666668,0.014666666666666668,0.4613333333333334
77,72,2016-03-23,13,2,2015-2016,Minas,Rio Claro,1,0.36900000000000005,0.08299999999999999,0.21466666666666667,0.07133333333333335,0.19066666666666668,0.055000000000000014,0.13566666666666669,0.075,0.079,1.026,0.02766666666666667,0.085,33.15933333333333,0.10733333333333334,0.21200000000000002,51.21600000000001,0.07133333333333335,0.10333333333333332,67.18000000000002,0.008333333333333333,0.04066666666666667,0.5513333333333333,0.013333333333333334,0.10700000000000001,0.12733333333333335,0.079,0.019000000000000003,0.4153333333333333,0.3703333333333333,0.12899999999999998,0.17933333333333337,0.06199999999999999,0.17466666666666666,0.046666666666666676,0.128,0.07733333333333332,0.07533333333333332,1.088666666666667,0.04300000000000001,0.12200000000000001,34.74733333333334,0.08966666666666669,0.17566666666666667,50.43466666666666,0.06199999999999999,0.09,68.49666666666667,0.008,0.04966666666666667,0.698,0.011000000000000001,0.11500000000000002,0.09800000000000003,0.07533333333333332,0.017,0.4146666666666667
93,81,2016-03-23,13,2,2015-2016,Pinheiros,Fortaleza B. C. / CFO,1,0.41333333333333333,0.111,0.20933333333333334,0.093,0.19500000000000003,0.06233333333333334,0.13266666666666668,0.07799999999999999,0.07466666666666667,1.086666666666667,0.037,0.10233333333333335,36.21866666666667,0.10466666666666667,0.22,48.031333333333336,0.093,0.11999999999999998,77.61066666666666,0.006666666666666667,0.05600000000000001,0.7826666666666667,0.012,0.10466666666666669,0.12333333333333331,0.07466666666666667,0.014333333333333332,0.47200000000000003,0.3893333333333334,0.147,0.15933333333333335,0.083,0.18933333333333333,0.04966666666666667,0.13966666666666666,0.06933333333333333,0.07033333333333333,1.0746666666666664,0.04900000000000001,0.14533333333333331,33.662,0.07966666666666668,0.15466666666666667,51.397999999999996,0.083,0.11166666666666666,75.258,0.009,0.05300000000000001,0.7866666666666665,0.013333333333333334,0.10700000000000001,0.12133333333333332,0.07033333333333333,0.017,0.444
80,88,2016-03-23,13,2,2015-2016,Coop/São José Basketball,Flamengo,0,0.3549999999999999,0.11299999999999999,0.17266666666666666,0.06933333333333334,0.154,0.04133333333333333,0.11266666666666666,0.06866666666666667,0.07266666666666666,1.1199999999999999,0.037666666666666675,0.119,31.839999999999996,0.08633333333333333,0.17266666666666666,50.01800000000001,0.06933333333333334,0.09266666666666666,74.12866666666667,0.0023333333333333335,0.046666666666666676,0.7059999999999998,0.006666666666666667,0.10566666666666667,0.064,0.07266666666666666,0.017333333333333333,0.36733333333333335,0.4216666666666667,0.12200000000000001,0.22666666666666668,0.073,0.18166666666666664,0.051333333333333335,0.13033333333333336,0.09566666666666665,0.064,1.569333333333333,0.04066666666666668,0.10700000000000001,38.24133333333334,0.11333333333333334,0.2076666666666667,54.63466666666667,0.073,0.09500000000000001,73.61999999999999,0.007666666666666666,0.05466666666666667,0.886,0.013666666666666667,0.087,0.16133333333333338,0.064,0.009666666666666667,0.5206666666666666
88,79,2016-03-23,13,2,2015-2016,Mogi,Macaé Basquete,1,0.4059999999999999,0.12199999999999998,0.20333333333333328,0.08066666666666666,0.17633333333333331,0.053666666666666675,0.12266666666666669,0.079,0.06333333333333334,1.409333333333333,0.04066666666666667,0.12633333333333333,33.00066666666667,0.10166666666666664,0.188,54.32266666666666,0.08066666666666666,0.113,72.58133333333332,0.008666666666666666,0.05766666666666668,1.0713333333333332,0.010666666666666668,0.09966666666666667,0.11,0.06333333333333334,0.013000000000000001,0.46199999999999997,0.36766666666666664,0.105,0.1673333333333333,0.09533333333333334,0.17466666666666666,0.04666666666666666,0.128,0.07266666666666667,0.07133333333333333,1.082,0.035,0.11499999999999998,31.00333333333333,0.08366666666666665,0.18099999999999997,46.769999999999996,0.09533333333333334,0.12000000000000001,79.54400000000001,0.005666666666666666,0.043666666666666666,0.6613333333333332,0.007333333333333332,0.11000000000000001,0.06266666666666666,0.07133333333333333,0.013000000000000001,0.3926666666666666
72,76,2016-03-23,13,2,2015-2016,Caxias do Sul Basquete,Vitória,0,0.36700000000000005,0.144,0.16066666666666668,0.06233333333333334,0.15699999999999997,0.04200000000000001,0.115,0.07233333333333335,0.07133333333333333,1.0653333333333335,0.048000000000000015,0.13699999999999998,35.59733333333334,0.08033333333333334,0.164,48.88066666666666,0.06233333333333334,0.08466666666666665,72.044,0.006666666666666667,0.05233333333333334,0.7546666666666668,0.007666666666666665,0.11466666666666668,0.07,0.07133333333333333,0.020000000000000004,0.38999999999999996,0.3686666666666667,0.09699999999999999,0.19466666666666665,0.077,0.17099999999999999,0.05533333333333334,0.11566666666666667,0.06633333333333333,0.08066666666666668,0.8653333333333334,0.03233333333333333,0.103,31.272,0.09733333333333333,0.20966666666666664,46.73733333333333,0.077,0.10600000000000001,72.81666666666666,0.006,0.06066666666666667,0.7906666666666665,0.010000000000000002,0.1056666666666667,0.09799999999999999,0.08066666666666668,0.017,0.38333333333333336
90,71,2016-03-23,14,2,2015-2016,Bauru Basket,L. Sorocabana,1,0.4246666666666666,0.161,0.17866666666666664,0.08499999999999999,0.19133333333333333,0.05066666666666667,0.14066666666666663,0.07933333333333333,0.07066666666666667,1.3013333333333332,0.053666666666666675,0.13999999999999999,38.687999999999995,0.08933333333333332,0.17066666666666666,52.44466666666666,0.08499999999999999,0.11066666666666666,76.16533333333334,0.004,0.047000000000000014,0.67,0.009666666666666667,0.09133333333333332,0.10666666666666667,0.07066666666666667,0.014999999999999998,0.48800000000000004,0.33266666666666667,0.087,0.18733333333333338,0.05833333333333334,0.1686666666666667,0.06300000000000001,0.10566666666666666,0.06066666666666665,0.073,0.8606666666666667,0.028999999999999995,0.10733333333333332,25.106,0.09366666666666669,0.19266666666666668,48.585333333333324,0.05833333333333334,0.08766666666666668,65.152,0.01,0.05466666666666667,0.7766666666666666,0.013,0.1016666666666667,0.14933333333333335,0.073,0.019333333333333334,0.35000000000000003
95,89,2016-03-25,13,2,2015-2016,Sesi Franca,L. Sorocabana,1,0.36533333333333334,0.105,0.18666666666666668,0.07366666666666667,0.15766666666666668,0.04366666666666667,0.11400000000000002,0.06699999999999999,0.07433333333333333,0.9093333333333332,0.035,0.096,35.93066666666667,0.09333333333333334,0.183,52.556,0.07366666666666667,0.09866666666666667,74.66333333333334,0.007666666666666667,0.03900000000000001,0.5666666666666667,0.013666666666666666,0.09666666666666668,0.14466666666666664,0.07433333333333333,0.01833333333333333,0.3926666666666667,0.3293333333333333,0.08800000000000001,0.182,0.059333333333333335,0.16200000000000003,0.05933333333333334,0.10266666666666667,0.061666666666666654,0.075,0.8533333333333335,0.02933333333333333,0.10633333333333335,25.720000000000002,0.091,0.18766666666666668,48.59866666666666,0.059333333333333335,0.08866666666666667,65.38600000000001,0.010666666666666665,0.056000000000000015,0.7786666666666666,0.013333333333333334,0.10200000000000002,0.15200000000000002,0.075,0.018333333333333333,0.3443333333333334
66,68,2016-03-25,14,2,2015-2016,Brasília,Rio Claro,0,0.4276666666666667,0.15300000000000002,0.20733333333333331,0.06733333333333333,0.1783333333333333,0.05133333333333334,0.127,0.09133333333333334,0.07166666666666667,1.5186666666666668,0.05100000000000002,0.13166666666666668,38.294,0.10366666666666666,0.18999999999999997,54.668,0.06733333333333333,0.08666666666666667,78.30666666666666,0.008666666666666666,0.05366666666666666,0.8246666666666665,0.010666666666666668,0.11000000000000001,0.10333333333333337,0.07166666666666667,0.013333333333333336,0.5036666666666667,0.36233333333333334,0.123,0.1766666666666667,0.06266666666666668,0.175,0.04600000000000001,0.129,0.078,0.07466666666666666,1.118,0.04100000000000001,0.12200000000000001,33.208666666666666,0.08833333333333335,0.1726666666666667,50.693999999999996,0.06266666666666668,0.09033333333333333,68.97600000000001,0.008666666666666666,0.04866666666666667,0.6913333333333332,0.011000000000000001,0.11366666666666667,0.10000000000000002,0.07466666666666666,0.016,0.4073333333333334
85,88,2016-03-25,14,2,2015-2016,Mogi,Flamengo,0,0.4103333333333334,0.12000000000000002,0.21133333333333332,0.07899999999999999,0.17966666666666667,0.05600000000000001,0.12366666666666669,0.083,0.06166666666666668,1.481333333333333,0.04000000000000001,0.12633333333333335,32.333999999999996,0.10566666666666666,0.19399999999999998,54.691333333333326,0.07899999999999999,0.11033333333333334,73.00466666666667,0.009333333333333334,0.059000000000000004,1.1026666666666667,0.011000000000000003,0.09933333333333334,0.11333333333333333,0.06166666666666668,0.014000000000000002,0.4753333333333334,0.4240000000000001,0.11800000000000001,0.23399999999999999,0.07200000000000001,0.1863333333333333,0.052000000000000005,0.13433333333333333,0.09666666666666668,0.065,1.5433333333333332,0.039333333333333345,0.10533333333333333,37.70466666666667,0.11699999999999999,0.20900000000000002,56.07000000000001,0.07200000000000001,0.09400000000000001,73.11533333333334,0.008,0.05200000000000001,0.818,0.015000000000000001,0.08666666666666666,0.1793333333333334,0.065,0.009000000000000001,0.529
75,60,2016-03-25,14,2,2015-2016,Pinheiros,Vitória,1,0.41433333333333333,0.109,0.21200000000000002,0.09333333333333332,0.19433333333333333,0.05900000000000001,0.13533333333333333,0.07733333333333331,0.07566666666666667,1.0693333333333335,0.03633333333333333,0.10333333333333333,35.16066666666667,0.10600000000000001,0.21866666666666665,49.01400000000001,0.09333333333333332,0.11766666666666666,79.25266666666667,0.007000000000000001,0.05733333333333334,0.7906666666666666,0.010666666666666665,0.10500000000000001,0.11066666666666666,0.07566666666666667,0.014333333333333333,0.4743333333333332,0.368,0.094,0.1966666666666667,0.07733333333333332,0.17133333333333328,0.054666666666666676,0.11666666666666667,0.06533333333333333,0.08033333333333333,0.856,0.03133333333333333,0.10233333333333335,30.544666666666668,0.09833333333333336,0.21033333333333332,47.082,0.07733333333333332,0.10366666666666666,74.882,0.006333333333333333,0.06000000000000001,0.7846666666666665,0.008666666666666666,0.10600000000000001,0.08600000000000001,0.08033333333333333,0.017,0.383
70,71,2016-03-25,14,2,2015-2016,Coop/São José Basketball,Macaé Basquete,0,0.35600000000000004,0.111,0.176,0.069,0.15400000000000003,0.041,0.113,0.068,0.071,1.1646666666666667,0.03700000000000001,0.11833333333333333,31.472666666666672,0.088,0.17633333333333337,49.92800000000001,0.069,0.092,74.36200000000001,0.0016666666666666668,0.04766666666666668,0.7533333333333333,0.006666666666666667,0.10633333333333334,0.064,0.071,0.016666666666666666,0.3686666666666667,0.36699999999999994,0.108,0.16399999999999998,0.09499999999999999,0.1753333333333333,0.048,0.12733333333333335,0.07233333333333333,0.074,1.03,0.03600000000000001,0.11566666666666665,31.641333333333332,0.08199999999999999,0.1796666666666666,46.15,0.09499999999999999,0.12033333333333335,79.11200000000001,0.005666666666666665,0.043333333333333335,0.6346666666666665,0.008,0.10866666666666666,0.06933333333333333,0.074,0.013333333333333332,0.38933333333333325
78,63,2016-03-26,13,2,2015-2016,Bauru Basket,Paulistano,1,0.42733333333333323,0.166,0.17733333333333334,0.084,0.1846666666666667,0.049000000000000016,0.13566666666666666,0.08033333333333334,0.07400000000000001,1.2026666666666668,0.05533333333333334,0.13866666666666663,40.20933333333333,0.08866666666666667,0.16599999999999998,53.72666666666667,0.084,0.111,75.18066666666667,0.004333333333333333,0.04966666666666667,0.6686666666666667,0.010333333333333335,0.09333333333333332,0.11200000000000002,0.07400000000000001,0.01633333333333333,0.49066666666666675,0.3976666666666667,0.13899999999999998,0.188,0.07066666666666666,0.19099999999999998,0.06100000000000001,0.12999999999999998,0.08633333333333333,0.07166666666666667,1.2973333333333334,0.04633333333333334,0.123,37.818666666666665,0.094,0.18966666666666665,50.45666666666666,0.07066666666666666,0.08766666666666664,78.61266666666667,0.009000000000000001,0.045000000000000005,0.65,0.008666666666666665,0.09633333333333334,0.09266666666666669,0.07166666666666667,0.015333333333333334,0.4676666666666668
76,65,2016-03-27,11,2,2015-2016,Flamengo,Minas,1,0.4220000000000001,0.126,0.23,0.066,0.18566666666666662,0.05166666666666667,0.134,0.097,0.06533333333333333,1.542,0.04200000000000001,0.108,39.21066666666666,0.115,0.2053333333333333,56.06000000000001,0.066,0.08833333333333333,71.60933333333332,0.008666666666666666,0.04933333333333335,0.7806666666666666,0.015000000000000003,0.08666666666666667,0.17933333333333332,0.06533333333333333,0.009666666666666665,0.5249999999999999,0.37000000000000005,0.08299999999999999,0.21200000000000002,0.07500000000000001,0.18933333333333335,0.055333333333333345,0.13399999999999998,0.07133333333333332,0.07766666666666668,1.0,0.027666666666666676,0.084,33.62,0.10600000000000001,0.21233333333333337,50.44666666666668,0.07500000000000001,0.10700000000000001,68.99866666666667,0.008666666666666666,0.04133333333333335,0.5646666666666668,0.012666666666666666,0.10766666666666666,0.11933333333333333,0.07766666666666668,0.018666666666666668,0.4119999999999999
82,91,2016-03-27,11,2,2015-2016,L. Sorocabana,Mogi,0,0.35366666666666663,0.097,0.19466666666666665,0.06199999999999999,0.16933333333333336,0.06233333333333334,0.107,0.06599999999999999,0.07633333333333334,0.9453333333333336,0.03233333333333333,0.11366666666666667,28.12,0.09733333333333333,0.19933333333333333,49.04666666666666,0.06199999999999999,0.09333333333333334,64.62866666666667,0.010333333333333333,0.060000000000000005,0.8539999999999999,0.012666666666666666,0.109,0.12133333333333332,0.07633333333333334,0.017666666666666667,0.3706666666666667,0.4113333333333334,0.11699999999999999,0.21666666666666667,0.07766666666666668,0.1806666666666667,0.05633333333333334,0.12433333333333335,0.08400000000000002,0.06233333333333335,1.4853333333333334,0.03900000000000001,0.12300000000000003,32.44533333333333,0.10833333333333334,0.19733333333333333,55.18,0.07766666666666668,0.10800000000000001,73.49066666666667,0.009000000000000001,0.05766666666666668,1.0713333333333332,0.010666666666666668,0.09866666666666667,0.11000000000000001,0.06233333333333335,0.014999999999999998,0.47866666666666663
103,78,2016-03-29,15,2,2015-2016,Bauru Basket,Sesi Franca,1,0.42766666666666653,0.168,0.17466666666666666,0.08499999999999999,0.1856666666666667,0.04933333333333335,0.13633333333333333,0.081,0.07466666666666666,1.198,0.056000000000000015,0.1403333333333333,40.297333333333334,0.08733333333333333,0.1633333333333333,53.70466666666667,0.08499999999999999,0.11300000000000002,74.60933333333334,0.004333333333333333,0.05066666666666668,0.68,0.010000000000000002,0.09366666666666666,0.10666666666666667,0.07466666666666666,0.016999999999999998,0.49200000000000005,0.3896666666666667,0.11200000000000002,0.19733333333333333,0.08033333333333334,0.16566666666666668,0.04500000000000001,0.12066666666666667,0.07233333333333333,0.07966666666666668,0.9226666666666665,0.037333333333333336,0.10066666666666667,37.40466666666667,0.09866666666666667,0.19066666666666665,52.07133333333333,0.08033333333333334,0.10766666666666666,74.60933333333334,0.008,0.04066666666666667,0.5566666666666666,0.013333333333333332,0.10066666666666667,0.13533333333333333,0.07966666666666668,0.019,0.4193333333333334
79,72,2016-03-29,15,2,2015-2016,Caxias do Sul Basquete,Pinheiros,1,0.3693333333333334,0.14299999999999996,0.15999999999999998,0.06633333333333334,0.159,0.04500000000000001,0.11400000000000002,0.07366666666666667,0.07100000000000001,1.0973333333333335,0.04766666666666668,0.13733333333333334,35.27066666666667,0.07999999999999999,0.164,48.64266666666667,0.06633333333333334,0.08966666666666664,73.98866666666666,0.007000000000000001,0.05166666666666667,0.7473333333333335,0.007666666666666665,0.11300000000000002,0.07066666666666667,0.07100000000000001,0.01966666666666667,0.39333333333333337,0.4183333333333333,0.115,0.21333333333333337,0.09,0.19499999999999995,0.05900000000000001,0.136,0.07999999999999999,0.07733333333333334,1.084666666666667,0.03833333333333333,0.107,36.132,0.10666666666666669,0.21733333333333332,49.561333333333344,0.09,0.11499999999999998,77.78533333333334,0.008000000000000002,0.05933333333333334,0.8046666666666666,0.011999999999999999,0.10333333333333335,0.12666666666666665,0.07733333333333334,0.015333333333333332,0.48299999999999993
107,95,2016-03-29,15,2,2015-2016,Minas,Brasília,1,0.36166666666666664,0.082,0.21,0.06966666666666667,0.18999999999999997,0.055000000000000014,0.13499999999999998,0.06733333333333334,0.081,0.8926666666666667,0.02733333333333334,0.08499999999999999,32.63933333333333,0.105,0.21100000000000002,50.26800000000001,0.06966666666666667,0.10100000000000002,68.44333333333334,0.008,0.04166666666666667,0.5473333333333333,0.012666666666666666,0.10666666666666667,0.12000000000000001,0.081,0.020000000000000004,0.39699999999999996,0.41966666666666674,0.148,0.20400000000000001,0.06766666666666667,0.1793333333333333,0.05333333333333334,0.126,0.09066666666666667,0.07033333333333333,1.5353333333333334,0.04933333333333334,0.13233333333333336,36.44533333333333,0.10200000000000001,0.19233333333333333,53.318666666666665,0.06766666666666667,0.08666666666666666,78.91266666666667,0.008333333333333333,0.055,0.8653333333333334,0.009333333333333334,0.10966666666666666,0.08600000000000002,0.07033333333333333,0.011666666666666669,0.4913333333333334
81,86,2016-03-29,15,2,2015-2016,Coop/São José Basketball,Mogi,0,0.35833333333333334,0.10700000000000001,0.18266666666666664,0.06866666666666668,0.15666666666666668,0.042,0.11466666666666667,0.071,0.06766666666666667,1.2480000000000002,0.035666666666666666,0.11733333333333335,30.63933333333333,0.09133333333333332,0.18066666666666673,50.55133333333334,0.06866666666666668,0.09133333333333332,74.48133333333334,0.0016666666666666668,0.04700000000000001,0.7759999999999999,0.007333333333333333,0.10600000000000001,0.07200000000000001,0.06766666666666667,0.015333333333333332,0.37900000000000006,0.41600000000000004,0.11400000000000002,0.22,0.082,0.18100000000000002,0.05666666666666667,0.12433333333333335,0.08333333333333333,0.06800000000000002,1.332,0.038000000000000006,0.11833333333333335,32.75066666666667,0.11,0.198,55.826666666666675,0.082,0.11333333333333333,73.49066666666666,0.009666666666666667,0.05733333333333334,0.9453333333333332,0.010666666666666668,0.10066666666666667,0.11000000000000001,0.06800000000000002,0.015666666666666666,0.4806666666666667
65,81,2016-03-29,15,2,2015-2016,L. Sorocabana,Paulistano,0,0.353,0.094,0.19666666666666666,0.06233333333333334,0.16666666666666666,0.06133333333333333,0.10533333333333333,0.06733333333333331,0.07866666666666666,0.932,0.03133333333333334,0.11333333333333333,27.16466666666667,0.09833333333333333,0.19733333333333336,49.90933333333332,0.06233333333333334,0.09566666666666666,63.39666666666667,0.011333333333333332,0.060000000000000005,0.8233333333333334,0.011666666666666665,0.11133333333333335,0.11,0.07866666666666666,0.018000000000000002,0.3656666666666667,0.39233333333333337,0.13299999999999998,0.19133333333333333,0.068,0.19033333333333335,0.05800000000000002,0.13233333333333333,0.08533333333333332,0.07166666666666667,1.2806666666666666,0.04433333333333334,0.12066666666666667,36.842,0.09566666666666666,0.18899999999999997,51.40933333333333,0.068,0.08399999999999999,78.61266666666667,0.008666666666666666,0.04400000000000001,0.6333333333333334,0.009,0.09633333333333334,0.09666666666666668,0.07166666666666667,0.015000000000000003,0.46366666666666667
90,65,2016-03-29,15,2,2015-2016,Fortaleza B. C. / CFO,Vitória,1,0.3936666666666667,0.149,0.16133333333333336,0.08333333333333333,0.1903333333333333,0.050666666666666665,0.1396666666666667,0.07233333333333333,0.072,1.094,0.04966666666666666,0.143,34.61,0.08066666666666668,0.16033333333333336,50.47333333333333,0.08333333333333333,0.11133333333333334,75.782,0.008333333333333333,0.05466666666666667,0.7899999999999999,0.013666666666666667,0.10600000000000002,0.12533333333333332,0.072,0.016666666666666666,0.4516666666666667,0.36333333333333334,0.09,0.20000000000000004,0.07333333333333332,0.17633333333333334,0.059666666666666666,0.11666666666666667,0.066,0.08066666666666666,0.86,0.030000000000000006,0.10466666666666669,28.762666666666668,0.10000000000000002,0.21666666666666665,46.494,0.07333333333333332,0.09999999999999999,73.064,0.006000000000000001,0.06233333333333334,0.8119999999999999,0.008333333333333333,0.10566666666666667,0.082,0.08066666666666666,0.017,0.37699999999999995
62,92,2016-03-29,15,2,2015-2016,Macaé Basquete,Flamengo,0,0.36733333333333335,0.11000000000000001,0.1633333333333333,0.094,0.175,0.04833333333333333,0.12666666666666668,0.07233333333333335,0.07133333333333335,1.0613333333333332,0.036666666666666674,0.11866666666666667,31.270666666666664,0.08166666666666665,0.17933333333333332,46.05466666666666,0.094,0.12033333333333333,77.77866666666667,0.005333333333333333,0.04333333333333334,0.6546666666666667,0.008666666666666666,0.10600000000000001,0.08,0.07133333333333335,0.013000000000000003,0.3893333333333333,0.4160000000000001,0.11800000000000002,0.22800000000000004,0.07,0.185,0.05066666666666667,0.13433333333333333,0.09533333333333333,0.065,1.5199999999999996,0.03933333333333334,0.10466666666666667,37.83466666666667,0.11400000000000002,0.207,55.13400000000001,0.07,0.09266666666666666,72.82666666666667,0.008333333333333333,0.05166666666666667,0.832,0.015000000000000003,0.087,0.17866666666666664,0.065,0.01,0.5169999999999999
87,85,2016-04-02,1,3,2015-2016,Sesi Franca,Rio Claro,1,0.3876666666666667,0.111,0.19599999999999998,0.08066666666666666,0.16466666666666668,0.046333333333333344,0.11833333333333333,0.07133333333333332,0.07866666666666666,0.9226666666666665,0.037000000000000005,0.101,36.913333333333334,0.09799999999999999,0.19333333333333333,51.110666666666674,0.08066666666666666,0.10766666666666667,74.98,0.008333333333333333,0.04133333333333333,0.5706666666666667,0.013000000000000001,0.10066666666666667,0.13066666666666668,0.07866666666666666,0.017,0.4130000000000001,0.3626666666666667,0.12499999999999999,0.1786666666666667,0.05900000000000001,0.17700000000000002,0.04600000000000001,0.131,0.081,0.07766666666666665,1.1260000000000001,0.04166666666666667,0.12133333333333335,34.08733333333333,0.08933333333333335,0.17200000000000001,51.47333333333333,0.05900000000000001,0.08633333333333333,68.124,0.009333333333333334,0.04800000000000001,0.6613333333333334,0.011333333333333334,0.11266666666666668,0.10600000000000001,0.07766666666666665,0.017666666666666667,0.4126666666666667
101,78,2016-04-03,1,3,2015-2016,Caxias do Sul Basquete,Brasília,1,0.37900000000000006,0.152,0.16399999999999998,0.06300000000000001,0.15766666666666668,0.04566666666666667,0.11200000000000002,0.078,0.06833333333333333,1.1826666666666668,0.05066666666666668,0.13999999999999999,37.13133333333334,0.08199999999999999,0.1633333333333333,49.96066666666666,0.06300000000000001,0.08733333333333333,72.46933333333332,0.007333333333333334,0.05066666666666668,0.7593333333333334,0.007666666666666666,0.11066666666666668,0.07333333333333333,0.06833333333333333,0.018333333333333333,0.4096666666666667,0.4203333333333334,0.14100000000000001,0.2126666666666667,0.06666666666666667,0.17666666666666667,0.05533333333333333,0.12133333333333333,0.09133333333333334,0.06866666666666667,1.5886666666666671,0.047000000000000014,0.12966666666666668,35.563333333333325,0.10633333333333335,0.20033333333333334,53.205999999999996,0.06666666666666667,0.088,76.94466666666668,0.007666666666666666,0.054,0.872,0.008666666666666666,0.11033333333333335,0.07933333333333334,0.06866666666666667,0.012,0.4843333333333334
83,79,2016-04-04,1,3,2015-2016,Minas,Pinheiros,1,0.3716666666666667,0.08299999999999999,0.216,0.07266666666666667,0.19099999999999998,0.056333333333333346,0.13466666666666666,0.069,0.08099999999999999,0.9126666666666667,0.027666666666666676,0.08666666666666666,32.15533333333333,0.108,0.21166666666666673,51.480000000000004,0.07266666666666667,0.102,70.10066666666667,0.007000000000000001,0.03933333333333334,0.52,0.013333333333333334,0.10933333333333334,0.12466666666666668,0.08099999999999999,0.020333333333333335,0.4109999999999999,0.4096666666666666,0.112,0.21200000000000005,0.08566666666666665,0.19366666666666668,0.05933333333333334,0.1343333333333333,0.07700000000000001,0.077,1.0493333333333335,0.03733333333333333,0.107,35.07933333333334,0.10600000000000002,0.21933333333333332,48.69533333333334,0.08566666666666665,0.10933333333333334,78.37933333333334,0.008333333333333333,0.05833333333333335,0.794,0.012333333333333332,0.1016666666666667,0.13133333333333333,0.077,0.016,0.4673333333333334
72,74,2016-04-04,1,3,2015-2016,Vitória,Mogi,0,0.359,0.089,0.196,0.074,0.18366666666666667,0.06233333333333334,0.12133333333333333,0.06400000000000002,0.08233333333333334,0.8260000000000002,0.02966666666666667,0.10533333333333333,28.048666666666666,0.098,0.21566666666666662,45.82666666666667,0.074,0.09966666666666665,74.088,0.006333333333333334,0.061666666666666675,0.796,0.009000000000000001,0.10666666666666667,0.08733333333333333,0.08233333333333334,0.017,0.3756666666666667,0.41733333333333333,0.11199999999999997,0.2193333333333334,0.08600000000000002,0.18133333333333337,0.05600000000000001,0.12533333333333335,0.08166666666666668,0.066,1.3419999999999999,0.037333333333333336,0.11466666666666668,33.507333333333335,0.1096666666666667,0.199,55.35666666666666,0.08600000000000002,0.11866666666666667,72.86200000000001,0.009333333333333334,0.05566666666666668,0.9433333333333334,0.01,0.10166666666666667,0.10066666666666668,0.066,0.015999999999999997,0.4806666666666668
89,79,2016-04-05,2,3,2015-2016,Rio Claro,Sesi Franca,1,0.36300000000000004,0.12599999999999997,0.1746666666666667,0.062333333333333345,0.17833333333333334,0.04900000000000001,0.12933333333333336,0.07766666666666668,0.08266666666666668,1.0166666666666666,0.04200000000000001,0.12266666666666666,33.924,0.08733333333333335,0.17099999999999999,50.71666666666666,0.062333333333333345,0.09166666666666666,67.67266666666667,0.009666666666666667,0.04933333333333334,0.63,0.011333333333333332,0.11633333333333332,0.10200000000000002,0.08266666666666668,0.018666666666666668,0.4033333333333334,0.3939999999999999,0.113,0.19733333333333333,0.08366666666666665,0.16899999999999998,0.04866666666666667,0.12033333333333335,0.07133333333333332,0.08333333333333333,0.8853333333333332,0.03766666666666667,0.10200000000000002,37.326,0.09866666666666667,0.193,51.50933333333333,0.08366666666666665,0.11000000000000001,75.952,0.007666666666666666,0.041666666666666664,0.5153333333333333,0.013666666666666666,0.10266666666666667,0.13466666666666666,0.08333333333333333,0.019000000000000003,0.42133333333333334
95,67,2016-04-06,2,3,2015-2016,Brasília,Caxias do Sul Basquete,1,0.41933333333333334,0.14,0.21133333333333332,0.068,0.17600000000000002,0.05500000000000001,0.121,0.09233333333333335,0.06766666666666668,1.61,0.046666666666666676,0.12966666666666668,35.30666666666666,0.10566666666666666,0.20099999999999998,52.65,0.068,0.09166666666666665,75.916,0.007666666666666666,0.053000000000000005,0.8686666666666667,0.008,0.11433333333333336,0.07266666666666667,0.06766666666666668,0.011333333333333336,0.47900000000000004,0.383,0.14999999999999997,0.16666666666666663,0.06633333333333334,0.16033333333333336,0.04466666666666667,0.11566666666666667,0.07633333333333332,0.06766666666666667,1.1700000000000002,0.05000000000000001,0.13866666666666666,37.052,0.08333333333333331,0.16433333333333333,50.38133333333334,0.06633333333333334,0.09233333333333334,72.23133333333334,0.008000000000000002,0.04933333333333334,0.7486666666666668,0.006666666666666667,0.11066666666666668,0.06466666666666666,0.06766666666666667,0.018666666666666668,0.4123333333333334
81,67,2016-04-07,2,3,2015-2016,Mogi,Vitória,1,0.4156666666666667,0.11300000000000002,0.21800000000000003,0.08466666666666668,0.18533333333333338,0.05700000000000001,0.12833333333333333,0.08066666666666668,0.06466666666666668,1.3466666666666667,0.03766666666666667,0.11966666666666667,32.827333333333335,0.10900000000000001,0.19633333333333333,55.83266666666666,0.08466666666666668,0.11666666666666667,72.894,0.009333333333333334,0.05566666666666667,0.9566666666666667,0.010000000000000002,0.10066666666666668,0.10133333333333334,0.06466666666666668,0.016,0.4813333333333334,0.36300000000000004,0.08800000000000001,0.20000000000000004,0.07499999999999998,0.18633333333333332,0.064,0.12233333333333335,0.06366666666666668,0.081,0.8393333333333336,0.029333333333333336,0.10866666666666669,27.01733333333333,0.10000000000000002,0.21433333333333332,47.01933333333333,0.07499999999999998,0.10033333333333334,74.63333333333334,0.006666666666666667,0.05766666666666667,0.7540000000000001,0.008666666666666666,0.10900000000000001,0.08333333333333333,0.081,0.01733333333333333,0.3786666666666667
70,77,2016-04-07,2,3,2015-2016,Pinheiros,Minas,0,0.41133333333333333,0.11200000000000002,0.21600000000000003,0.08333333333333333,0.19433333333333333,0.05833333333333334,0.136,0.07633333333333334,0.07633333333333332,1.0473333333333332,0.037333333333333336,0.10466666666666667,36.032000000000004,0.10800000000000001,0.22366666666666662,48.57,0.08333333333333333,0.10733333333333334,77.55666666666666,0.008,0.057000000000000016,0.7819999999999999,0.012000000000000002,0.10333333333333335,0.128,0.07633333333333332,0.01633333333333333,0.46766666666666673,0.37966666666666665,0.08299999999999999,0.22133333333333335,0.07533333333333334,0.19033333333333333,0.053666666666666675,0.13666666666666666,0.07366666666666669,0.08166666666666665,0.9720000000000001,0.027666666666666676,0.08566666666666665,32.452,0.11066666666666668,0.2096666666666667,53.023999999999994,0.07533333333333334,0.10466666666666666,70.626,0.007666666666666667,0.037333333333333336,0.48000000000000004,0.012,0.10966666666666666,0.11066666666666669,0.08166666666666665,0.022000000000000006,0.42466666666666664
81,62,2016-04-08,3,3,2015-2016,Rio Claro,Sesi Franca,1,0.374,0.12899999999999998,0.18000000000000005,0.065,0.17966666666666667,0.050666666666666665,0.12900000000000003,0.07800000000000001,0.082,1.0326666666666666,0.04300000000000001,0.12333333333333332,34.77266666666666,0.09000000000000002,0.17266666666666666,51.579333333333324,0.065,0.09499999999999999,67.99000000000001,0.009666666666666667,0.05,0.6486666666666666,0.01,0.11800000000000001,0.08733333333333333,0.082,0.018333333333333333,0.4166666666666667,0.39466666666666667,0.11099999999999999,0.19733333333333336,0.08633333333333335,0.16899999999999998,0.05,0.11900000000000004,0.07166666666666667,0.08433333333333333,0.8786666666666666,0.037,0.10499999999999998,35.93533333333333,0.09866666666666668,0.19066666666666665,52.314,0.08633333333333335,0.11366666666666667,75.7,0.007333333333333333,0.043000000000000003,0.5259999999999999,0.012666666666666668,0.10333333333333332,0.126,0.08433333333333333,0.018666666666666668,0.41933333333333334
93,73,2016-04-08,3,3,2015-2016,Brasília,Caxias do Sul Basquete,1,0.42066666666666663,0.13699999999999998,0.21466666666666664,0.06899999999999999,0.177,0.05433333333333333,0.12266666666666666,0.094,0.06766666666666668,1.636,0.045666666666666675,0.12866666666666668,34.87199999999999,0.10733333333333332,0.2023333333333333,53.05866666666667,0.06899999999999999,0.093,75.916,0.008,0.05366666666666666,0.8793333333333334,0.009333333333333334,0.11233333333333335,0.08600000000000001,0.06766666666666668,0.011,0.4850000000000001,0.37900000000000006,0.14699999999999996,0.1653333333333333,0.06666666666666667,0.16266666666666665,0.045333333333333344,0.11733333333333333,0.07566666666666667,0.06766666666666667,1.1593333333333335,0.04900000000000001,0.14033333333333334,35.61133333333333,0.08266666666666665,0.1663333333333333,49.400666666666666,0.06666666666666667,0.09133333333333334,73.12333333333332,0.008666666666666668,0.04833333333333334,0.7333333333333333,0.006666666666666667,0.11133333333333333,0.06466666666666666,0.06766666666666667,0.020000000000000004,0.405
81,58,2016-04-09,3,3,2015-2016,Mogi,Vitória,1,0.413,0.11400000000000002,0.21600000000000003,0.08300000000000002,0.18433333333333338,0.05800000000000001,0.12633333333333333,0.08266666666666667,0.06333333333333334,1.398,0.038000000000000006,0.11866666666666668,33.620666666666665,0.10800000000000001,0.19866666666666663,54.422666666666665,0.08300000000000002,0.11433333333333333,72.69666666666667,0.009666666666666667,0.05766666666666668,0.996,0.011000000000000003,0.10033333333333336,0.11400000000000002,0.06333333333333334,0.015333333333333332,0.4826666666666667,0.3583333333333334,0.09299999999999999,0.19333333333333333,0.072,0.18233333333333335,0.06300000000000001,0.11933333333333336,0.06533333333333334,0.07966666666666665,0.8773333333333333,0.031000000000000003,0.11066666666666669,27.955333333333336,0.09666666666666666,0.21133333333333332,46.093333333333334,0.072,0.097,73.67333333333333,0.006333333333333333,0.05800000000000002,0.7660000000000001,0.009666666666666667,0.10800000000000001,0.09266666666666667,0.07966666666666665,0.01633333333333333,0.374
70,67,2016-04-09,3,3,2015-2016,Pinheiros,Minas,1,0.40700000000000003,0.113,0.21333333333333337,0.08066666666666666,0.19166666666666662,0.05600000000000001,0.13566666666666669,0.07733333333333332,0.07699999999999999,1.0526666666666666,0.03766666666666666,0.10633333333333334,35.830000000000005,0.10666666666666669,0.22066666666666668,48.576666666666675,0.08066666666666666,0.107,74.41799999999999,0.007666666666666667,0.056666666666666685,0.7686666666666665,0.012333333333333333,0.10366666666666667,0.13066666666666665,0.07699999999999999,0.01633333333333333,0.459,0.382,0.084,0.222,0.07600000000000001,0.19399999999999998,0.05500000000000001,0.13899999999999996,0.07533333333333334,0.08200000000000002,0.9893333333333334,0.02800000000000001,0.08466666666666667,33.34933333333333,0.111,0.21233333333333337,52.496666666666655,0.07600000000000001,0.10600000000000002,70.29266666666668,0.007333333333333333,0.038000000000000006,0.48666666666666664,0.011666666666666669,0.10933333333333332,0.10733333333333335,0.08200000000000002,0.023000000000000003,0.4306666666666666
88,60,2016-04-11,4,3,2015-2016,Sesi Franca,Rio Claro,1,0.39099999999999996,0.10800000000000001,0.19400000000000003,0.089,0.16466666666666668,0.04700000000000001,0.11766666666666667,0.07133333333333333,0.08299999999999998,0.8933333333333332,0.036,0.10333333333333333,35.468,0.09700000000000002,0.188,52.08533333333334,0.089,0.11733333333333332,75.79533333333333,0.007,0.04266666666666667,0.5379999999999999,0.013000000000000001,0.10333333333333332,0.13,0.08299999999999998,0.018333333333333333,0.413,0.3766666666666667,0.13299999999999998,0.18000000000000002,0.06366666666666668,0.183,0.052000000000000005,0.131,0.07833333333333332,0.08033333333333334,1.0546666666666669,0.04433333333333334,0.126,35.22866666666666,0.09000000000000001,0.1723333333333333,51.69066666666666,0.06366666666666668,0.09266666666666666,68.47466666666668,0.010666666666666666,0.048,0.6353333333333333,0.01,0.11633333333333333,0.08866666666666669,0.08033333333333334,0.018333333333333333,0.4226666666666667
80,86,2016-04-11,4,3,2015-2016,Caxias do Sul Basquete,Brasília,0,0.381,0.14699999999999996,0.16599999999999998,0.068,0.16466666666666666,0.04833333333333334,0.11633333333333336,0.075,0.06699999999999999,1.1593333333333333,0.049000000000000016,0.14,35.7,0.08299999999999999,0.1686666666666667,48.95,0.068,0.09299999999999999,73.38133333333333,0.009000000000000003,0.048000000000000015,0.7353333333333333,0.007000000000000001,0.11099999999999999,0.06733333333333333,0.06699999999999999,0.018666666666666668,0.407,0.424,0.13799999999999996,0.21400000000000002,0.07200000000000001,0.17633333333333334,0.05300000000000001,0.12333333333333334,0.09333333333333334,0.06766666666666668,1.6260000000000001,0.04600000000000001,0.127,35.508,0.10700000000000001,0.2,53.528666666666666,0.07200000000000001,0.09633333333333334,75.916,0.007333333333333333,0.05266666666666667,0.8640000000000002,0.009666666666666667,0.11433333333333334,0.08600000000000001,0.06766666666666668,0.011000000000000003,0.49
67,85,2016-04-12,4,3,2015-2016,Minas,Pinheiros,0,0.3786666666666667,0.082,0.222,0.07466666666666667,0.19733333333333333,0.058,0.13933333333333334,0.07066666666666667,0.08133333333333333,0.9433333333333335,0.02733333333333334,0.08666666666666666,32.14533333333333,0.111,0.2156666666666667,51.60799999999998,0.07466666666666667,0.105,69.552,0.007333333333333333,0.03933333333333333,0.504,0.012666666666666668,0.11033333333333334,0.1146666666666667,0.08133333333333333,0.023666666666666662,0.42266666666666663,0.4069999999999999,0.11400000000000002,0.20733333333333331,0.08566666666666664,0.19766666666666666,0.058,0.1396666666666667,0.07466666666666666,0.07533333333333332,1.0373333333333332,0.038000000000000006,0.10933333333333332,34.718666666666664,0.10366666666666666,0.21866666666666665,47.564666666666675,0.08566666666666664,0.114,74.41799999999999,0.006333333333333333,0.056000000000000015,0.7739999999999998,0.012333333333333333,0.10366666666666666,0.13066666666666668,0.07533333333333332,0.016666666666666666,0.45766666666666667
74,64,2016-04-13,5,3,2015-2016,Rio Claro,Sesi Franca,1,0.37233333333333335,0.13099999999999998,0.17266666666666663,0.06866666666666668,0.18266666666666667,0.050666666666666665,0.132,0.07566666666666665,0.08233333333333334,0.9813333333333334,0.04366666666666667,0.12399999999999999,35.17466666666667,0.08633333333333332,0.16866666666666666,50.58799999999999,0.06866666666666668,0.09599999999999999,70.58600000000001,0.01,0.04733333333333334,0.6046666666666666,0.009333333333333334,0.11566666666666667,0.08400000000000002,0.08233333333333334,0.018666666666666668,0.41500000000000004,0.3936666666666666,0.10500000000000001,0.20266666666666666,0.08600000000000001,0.16766666666666666,0.04833333333333333,0.11933333333333336,0.07266666666666666,0.08166666666666665,0.942,0.035,0.10266666666666666,34.80133333333333,0.10133333333333333,0.19333333333333336,52.87866666666667,0.08600000000000001,0.11200000000000002,76.25866666666666,0.007666666666666666,0.04266666666666668,0.5559999999999999,0.014000000000000004,0.10166666666666663,0.13933333333333334,0.08166666666666665,0.018666666666666668,0.4233333333333333
74,66,2016-04-15,5,3,2015-2016,Pinheiros,Minas,1,0.4006666666666666,0.112,0.20400000000000004,0.08466666666666667,0.196,0.05733333333333334,0.13866666666666666,0.07233333333333335,0.07533333333333332,0.9979999999999999,0.037333333333333336,0.11,33.967999999999996,0.10200000000000002,0.21666666666666665,47.25333333333333,0.08466666666666667,0.11233333333333334,74.83666666666666,0.006666666666666668,0.056333333333333346,0.7799999999999999,0.011333333333333334,0.10400000000000001,0.12066666666666669,0.07533333333333332,0.017,0.4463333333333333,0.37466666666666665,0.07899999999999999,0.22466666666666668,0.071,0.19533333333333333,0.05666666666666666,0.13866666666666666,0.07133333333333333,0.07899999999999999,0.9620000000000002,0.02633333333333334,0.08633333333333332,31.21533333333333,0.11233333333333334,0.21866666666666668,51.59066666666667,0.071,0.101,68.99933333333333,0.008,0.03933333333333334,0.5173333333333333,0.013666666666666667,0.10633333333333335,0.12666666666666668,0.07899999999999999,0.02233333333333333,0.4186666666666667
67,64,2016-04-16,1,4,2015-2016,Mogi,Fortaleza B. C. / CFO,1,0.41300000000000003,0.11600000000000002,0.2166666666666667,0.08033333333333334,0.18766666666666673,0.05766666666666668,0.13,0.08499999999999999,0.06300000000000001,1.4466666666666665,0.03866666666666667,0.11700000000000002,34.56266666666667,0.10833333333333335,0.20133333333333334,53.836,0.08033333333333334,0.11000000000000003,72.91866666666668,0.009666666666666667,0.05533333333333335,0.9613333333333333,0.011000000000000001,0.0996666666666667,0.11533333333333333,0.06300000000000001,0.015333333333333332,0.48800000000000004,0.4016666666666667,0.154,0.16266666666666665,0.085,0.18766666666666668,0.051333333333333335,0.13633333333333336,0.07566666666666667,0.06899999999999999,1.1893333333333334,0.051333333333333335,0.1436666666666667,35.63533333333333,0.08133333333333333,0.16133333333333336,50.654666666666664,0.085,0.11400000000000002,75.58600000000001,0.008333333333333333,0.05566666666666666,0.8480000000000001,0.013000000000000001,0.10466666666666669,0.12133333333333333,0.06899999999999999,0.015999999999999997,0.4633333333333333
88,83,2016-04-16,1,4,2015-2016,Brasília,Paulistano,1,0.42633333333333323,0.134,0.2166666666666667,0.07566666666666667,0.1713333333333333,0.05,0.12133333333333332,0.096,0.06866666666666668,1.6453333333333333,0.04466666666666667,0.12266666666666669,36.12533333333333,0.10833333333333335,0.2,54.249333333333325,0.07566666666666667,0.10166666666666667,75.63266666666667,0.007666666666666666,0.05300000000000001,0.8633333333333335,0.010000000000000002,0.117,0.08800000000000001,0.06866666666666668,0.010666666666666668,0.49233333333333335,0.3913333333333334,0.136,0.18666666666666668,0.06866666666666665,0.18933333333333335,0.05900000000000001,0.1303333333333333,0.08333333333333331,0.06866666666666667,1.3193333333333335,0.04533333333333334,0.12333333333333334,36.91866666666667,0.09333333333333334,0.19033333333333333,49.685333333333325,0.06866666666666665,0.08333333333333333,80.43800000000002,0.008666666666666666,0.044,0.6713333333333333,0.009,0.09533333333333334,0.09800000000000002,0.06866666666666667,0.014333333333333335,0.4586666666666667
79,88,2016-04-18,1,4,2015-2016,Rio Claro,Flamengo,0,0.37633333333333335,0.13,0.17600000000000002,0.07033333333333333,0.18066666666666667,0.04933333333333334,0.13133333333333336,0.07699999999999999,0.08466666666666668,0.9700000000000001,0.04333333333333334,0.12033333333333336,35.78733333333333,0.08800000000000001,0.16966666666666666,51.271999999999984,0.07033333333333333,0.09633333333333333,72.126,0.01,0.04966666666666666,0.6093333333333335,0.010000000000000002,0.115,0.09133333333333334,0.08466666666666668,0.019000000000000003,0.4243333333333334,0.42033333333333345,0.114,0.23466666666666663,0.07166666666666668,0.17933333333333332,0.04866666666666667,0.13066666666666668,0.093,0.064,1.5086666666666666,0.038000000000000006,0.10200000000000001,37.49266666666667,0.11733333333333332,0.21133333333333332,55.61266666666667,0.07166666666666668,0.09400000000000001,73.38199999999999,0.008,0.05666666666666668,0.9193333333333332,0.014666666666666668,0.089,0.172,0.064,0.011666666666666665,0.5196666666666666
85,95,2016-04-18,1,4,2015-2016,Pinheiros,Bauru Basket,0,0.39899999999999997,0.11400000000000002,0.2013333333333334,0.08366666666666668,0.19666666666666666,0.056000000000000015,0.14066666666666666,0.07200000000000001,0.07366666666666667,1.0173333333333334,0.038000000000000006,0.10966666666666666,34.608,0.1006666666666667,0.21666666666666667,46.586666666666666,0.08366666666666668,0.11200000000000002,74.20333333333333,0.007000000000000001,0.05666666666666668,0.8019999999999997,0.011666666666666669,0.104,0.12266666666666669,0.07366666666666667,0.017333333333333333,0.4463333333333333,0.4353333333333333,0.17400000000000002,0.178,0.08333333333333333,0.1866666666666667,0.04833333333333335,0.1383333333333333,0.08766666666666668,0.07166666666666664,1.3493333333333333,0.05800000000000001,0.14299999999999996,40.839333333333336,0.089,0.16299999999999998,54.71066666666668,0.08333333333333333,0.11199999999999997,73.70733333333334,0.004666666666666667,0.05233333333333334,0.7346666666666667,0.009333333333333334,0.09400000000000001,0.09933333333333334,0.07166666666666664,0.016999999999999998,0.512
76,55,2016-04-19,2,4,2015-2016,Fortaleza B. C. / CFO,Mogi,1,0.3993333333333334,0.15200000000000002,0.16133333333333336,0.08600000000000002,0.18933333333333333,0.05466666666666666,0.13466666666666663,0.07566666666666667,0.065,1.2333333333333332,0.05066666666666668,0.14433333333333334,34.943999999999996,0.08066666666666668,0.16266666666666668,49.86,0.08600000000000002,0.11766666666666667,73.91066666666666,0.008333333333333333,0.05366666666666667,0.8526666666666667,0.014,0.10433333333333336,0.13266666666666665,0.065,0.015000000000000001,0.4596666666666668,0.4073333333333334,0.11400000000000003,0.2166666666666667,0.07666666666666666,0.19300000000000003,0.060666666666666674,0.13233333333333336,0.08333333333333333,0.061333333333333344,1.4546666666666668,0.038000000000000006,0.11566666666666668,34.392,0.10833333333333335,0.20566666666666666,52.75266666666666,0.07666666666666666,0.10466666666666669,73.30400000000002,0.010333333333333335,0.05400000000000001,0.9659999999999999,0.011666666666666665,0.10033333333333336,0.12066666666666667,0.061333333333333344,0.015666666666666666,0.48500000000000004
99,78,2016-04-20,2,4,2015-2016,Paulistano,Brasília,1,0.3956666666666667,0.13499999999999998,0.1886666666666667,0.07200000000000001,0.189,0.05766666666666668,0.13133333333333333,0.08499999999999999,0.06733333333333331,1.354,0.045000000000000005,0.11933333333333332,37.423333333333325,0.09433333333333335,0.19299999999999998,49.448,0.07200000000000001,0.08499999999999999,82.23333333333333,0.008666666666666666,0.04233333333333334,0.6606666666666666,0.010333333333333332,0.09633333333333335,0.10933333333333334,0.06733333333333331,0.013333333333333334,0.4690000000000001,0.42499999999999993,0.13199999999999998,0.2186666666666667,0.07433333333333335,0.1743333333333333,0.05066666666666667,0.12366666666666665,0.09500000000000001,0.07100000000000001,1.4046666666666667,0.04400000000000002,0.12166666666666667,35.93066666666667,0.10933333333333335,0.20133333333333336,54.42466666666666,0.07433333333333335,0.101,74.91466666666666,0.008,0.05433333333333335,0.824,0.009666666666666667,0.11600000000000002,0.08600000000000001,0.07100000000000001,0.011000000000000003,0.49099999999999994
63,64,2016-04-21,3,4,2015-2016,Fortaleza B. C. / CFO,Mogi,0,0.39466666666666667,0.15099999999999997,0.16133333333333336,0.08233333333333336,0.19066666666666665,0.056,0.13466666666666666,0.07533333333333332,0.06433333333333334,1.2486666666666666,0.05033333333333334,0.14566666666666667,34.37866666666666,0.08066666666666668,0.164,49.48866666666667,0.08233333333333336,0.11400000000000003,72.96466666666669,0.008,0.05333333333333333,0.8560000000000001,0.014666666666666665,0.10533333333333335,0.13866666666666666,0.06433333333333334,0.014333333333333333,0.454,0.3976666666666667,0.10600000000000001,0.21600000000000005,0.07566666666666667,0.1916666666666667,0.06133333333333334,0.13033333333333333,0.08033333333333334,0.059333333333333356,1.4386666666666665,0.035333333333333335,0.11433333333333334,32.13399999999999,0.10800000000000003,0.20733333333333334,52.138000000000005,0.07566666666666667,0.103,73.64266666666667,0.010333333333333335,0.05333333333333335,0.9693333333333333,0.010333333333333335,0.10066666666666668,0.10600000000000002,0.059333333333333356,0.01666666666666667,0.4683333333333334
93,73,2016-04-21,2,4,2015-2016,Flamengo,Rio Claro,1,0.4176666666666667,0.117,0.23466666666666663,0.066,0.175,0.046333333333333344,0.12866666666666668,0.09133333333333334,0.06733333333333331,1.4206666666666665,0.039000000000000014,0.10233333333333335,38.42866666666667,0.11733333333333332,0.20833333333333334,56.529333333333334,0.066,0.08766666666666668,73.05866666666667,0.008333333333333333,0.05666666666666667,0.8806666666666666,0.013666666666666667,0.08833333333333333,0.16399999999999998,0.06733333333333331,0.012333333333333333,0.511,0.38033333333333336,0.13,0.17666666666666667,0.07366666666666667,0.17966666666666667,0.05033333333333333,0.12933333333333336,0.078,0.0856666666666667,0.9686666666666668,0.04333333333333334,0.11866666666666668,36.20133333333333,0.08833333333333333,0.172,50.77,0.07366666666666667,0.09966666666666665,73.28,0.010666666666666665,0.052000000000000005,0.6320000000000001,0.009333333333333334,0.11566666666666665,0.084,0.0856666666666667,0.018666666666666668,0.42866666666666664
109,83,2016-04-22,2,4,2015-2016,Bauru Basket,Pinheiros,1,0.43699999999999994,0.175,0.18066666666666667,0.08133333333333334,0.1846666666666667,0.04933333333333335,0.13533333333333333,0.09066666666666666,0.06966666666666667,1.4106666666666667,0.058333333333333334,0.14533333333333331,40.309333333333335,0.09033333333333333,0.164,55.312000000000005,0.08133333333333334,0.10966666666666666,73.86133333333333,0.004333333333333333,0.05133333333333334,0.734,0.008666666666666665,0.09600000000000002,0.09000000000000001,0.06966666666666667,0.01633333333333333,0.5136666666666667,0.3979999999999999,0.111,0.2046666666666667,0.08233333333333333,0.1956666666666667,0.056333333333333346,0.13933333333333336,0.07166666666666667,0.071,1.046,0.037,0.11033333333333334,33.489999999999995,0.10233333333333335,0.21666666666666673,47.281333333333336,0.08233333333333333,0.11100000000000002,73.82733333333333,0.007333333333333333,0.05766666666666668,0.8459999999999999,0.011000000000000003,0.10266666666666666,0.11533333333333334,0.071,0.018333333333333333,0.44666666666666666
88,100,2016-04-22,3,4,2015-2016,Paulistano,Brasília,0,0.4036666666666668,0.143,0.18600000000000003,0.07466666666666667,0.1916666666666667,0.05900000000000001,0.13266666666666665,0.087,0.066,1.4066666666666667,0.04766666666666667,0.12233333333333334,38.93133333333333,0.09300000000000001,0.18999999999999995,49.620666666666665,0.07466666666666667,0.089,81.63799999999999,0.008333333333333335,0.04033333333333333,0.6453333333333333,0.009666666666666665,0.097,0.10200000000000001,0.066,0.013333333333333338,0.48033333333333333,0.42366666666666664,0.13099999999999998,0.22000000000000003,0.07266666666666667,0.17166666666666666,0.05066666666666668,0.121,0.095,0.07033333333333334,1.4213333333333333,0.04366666666666667,0.12166666666666666,35.68333333333333,0.11000000000000001,0.201,54.90066666666666,0.07266666666666667,0.09966666666666665,74.14933333333333,0.008333333333333333,0.05400000000000002,0.8273333333333334,0.010666666666666668,0.11766666666666667,0.09333333333333334,0.07033333333333334,0.011333333333333336,0.48866666666666664
93,82,2016-04-23,3,4,2015-2016,Flamengo,Rio Claro,1,0.4203333333333334,0.11400000000000002,0.23799999999999996,0.06833333333333334,0.1776666666666667,0.04766666666666667,0.13,0.09133333333333334,0.06699999999999999,1.428,0.03800000000000001,0.10200000000000001,37.70399999999999,0.11899999999999998,0.21166666666666664,56.36466666666668,0.06833333333333334,0.08966666666666666,74.106,0.008333333333333333,0.057666666666666665,0.8986666666666666,0.014333333333333333,0.08833333333333333,0.17200000000000001,0.06699999999999999,0.011666666666666669,0.5163333333333333,0.372,0.13,0.17066666666666666,0.07133333333333333,0.17466666666666664,0.04766666666666667,0.12700000000000003,0.07533333333333332,0.0876666666666667,0.9160000000000001,0.04333333333333334,0.11500000000000002,38.087333333333326,0.08533333333333333,0.1703333333333333,49.77533333333334,0.07133333333333333,0.09933333333333333,70.97933333333334,0.010666666666666666,0.052333333333333336,0.6233333333333333,0.009333333333333334,0.11533333333333332,0.08400000000000002,0.0876666666666667,0.019333333333333334,0.41133333333333333
88,92,2016-04-24,3,4,2015-2016,Bauru Basket,Pinheiros,0,0.45033333333333325,0.183,0.18666666666666665,0.08066666666666666,0.18900000000000003,0.05033333333333334,0.13866666666666666,0.09566666666666666,0.06899999999999999,1.49,0.06099999999999999,0.148,41.408,0.09333333333333332,0.16499999999999998,56.754000000000005,0.08066666666666666,0.10599999999999997,76.36933333333333,0.004666666666666666,0.05033333333333334,0.7253333333333334,0.008333333333333333,0.09866666666666668,0.08400000000000002,0.06899999999999999,0.017,0.5406666666666666,0.3966666666666666,0.108,0.20666666666666667,0.082,0.19466666666666665,0.05766666666666667,0.137,0.07033333333333333,0.06933333333333333,1.0706666666666667,0.036000000000000004,0.11033333333333334,32.489999999999995,0.10333333333333333,0.21733333333333338,47.61066666666666,0.082,0.11133333333333334,73.46733333333333,0.007666666666666667,0.056000000000000015,0.8493333333333333,0.011000000000000003,0.10099999999999999,0.11800000000000004,0.06933333333333333,0.017,0.44166666666666665
95,80,2016-04-24,4,4,2015-2016,Mogi,Fortaleza B. C. / CFO,1,0.39300000000000007,0.10700000000000001,0.2106666666666667,0.07533333333333334,0.19099999999999998,0.059000000000000004,0.132,0.079,0.06033333333333336,1.3646666666666667,0.035666666666666666,0.11566666666666665,32.24066666666666,0.10533333333333335,0.20233333333333337,51.996,0.07533333333333334,0.10033333333333336,74.684,0.010333333333333335,0.05300000000000001,0.9213333333333333,0.010333333333333335,0.09966666666666665,0.10600000000000002,0.06033333333333336,0.01566666666666667,0.464,0.3916666666666667,0.149,0.16266666666666668,0.08000000000000003,0.1953333333333333,0.05799999999999999,0.13733333333333334,0.07466666666666666,0.06266666666666668,1.2526666666666668,0.04966666666666668,0.14433333333333334,34.173333333333325,0.08133333333333334,0.1673333333333333,48.802666666666674,0.08000000000000003,0.11200000000000003,72.06,0.008333333333333333,0.050666666666666665,0.8366666666666667,0.014666666666666665,0.10666666666666667,0.13799999999999998,0.06266666666666668,0.012666666666666668,0.4516666666666667
83,78,2016-04-25,4,4,2015-2016,Brasília,Paulistano,1,0.42999999999999994,0.12899999999999998,0.22666666666666668,0.07433333333333333,0.17,0.048000000000000015,0.12199999999999997,0.09433333333333335,0.06899999999999999,1.4446666666666668,0.04300000000000001,0.119,36.254666666666665,0.11333333333333334,0.20099999999999998,56.655333333333324,0.07433333333333333,0.10200000000000002,73.93733333333333,0.009333333333333332,0.05166666666666668,0.808,0.010333333333333335,0.11966666666666669,0.08866666666666669,0.06899999999999999,0.011000000000000003,0.49599999999999994,0.4100000000000001,0.144,0.19133333333333338,0.07466666666666666,0.18833333333333335,0.057000000000000016,0.13133333333333333,0.08800000000000001,0.06333333333333334,1.4706666666666668,0.04800000000000001,0.12500000000000003,38.598,0.09566666666666669,0.19099999999999998,50.724000000000004,0.07466666666666666,0.08833333333333333,82.20599999999999,0.008333333333333335,0.03966666666666666,0.6686666666666666,0.009666666666666665,0.09899999999999999,0.10133333333333332,0.06333333333333334,0.013333333333333338,0.4863333333333333
86,89,2016-04-27,4,4,2015-2016,Pinheiros,Bauru Basket,0,0.40066666666666667,0.115,0.20533333333333334,0.08033333333333334,0.19099999999999998,0.05500000000000001,0.136,0.06766666666666668,0.06933333333333333,1.026,0.03833333333333333,0.11333333333333333,33.291999999999994,0.10266666666666667,0.21233333333333335,48.48266666666667,0.08033333333333334,0.111,72.32266666666666,0.007,0.055000000000000014,0.8326666666666667,0.009666666666666665,0.10266666666666667,0.09733333333333334,0.06933333333333333,0.01666666666666667,0.4393333333333334,0.44599999999999995,0.17899999999999996,0.18866666666666668,0.07833333333333334,0.18733333333333332,0.049000000000000016,0.1383333333333333,0.09333333333333332,0.07033333333333333,1.4186666666666665,0.059666666666666666,0.149,40.33866666666667,0.09433333333333334,0.1633333333333333,57.992,0.07833333333333334,0.10166666666666666,76.764,0.004333333333333332,0.05066666666666668,0.7126666666666668,0.008666666666666666,0.10066666666666667,0.08666666666666668,0.07033333333333333,0.016999999999999998,0.5339999999999999
86,81,2016-04-30,1,5,2015-2016,Mogi,Flamengo,1,0.39366666666666666,0.107,0.21133333333333332,0.07533333333333334,0.19499999999999998,0.059666666666666666,0.13533333333333333,0.07866666666666668,0.06266666666666669,1.3006666666666666,0.03566666666666666,0.11766666666666667,31.40733333333333,0.10566666666666666,0.20000000000000004,52.76733333333333,0.07533333333333334,0.09899999999999999,76.132,0.009666666666666667,0.05066666666666668,0.8526666666666667,0.010666666666666666,0.10266666666666667,0.10533333333333333,0.06266666666666669,0.015333333333333334,0.466,0.42366666666666664,0.11900000000000001,0.23666666666666664,0.068,0.17766666666666667,0.047333333333333345,0.13033333333333333,0.095,0.07,1.4366666666666665,0.03966666666666667,0.10133333333333333,39.552666666666674,0.11833333333333332,0.21066666666666667,56.328,0.068,0.08800000000000001,75.17733333333334,0.007333333333333334,0.05733333333333333,0.8719999999999999,0.014666666666666668,0.09099999999999998,0.1693333333333333,0.07,0.014666666666666668,0.5243333333333333
72,89,2016-05-03,1,5,2015-2016,Brasília,Bauru Basket,0,0.4286666666666667,0.13299999999999998,0.2226666666666667,0.073,0.16800000000000004,0.048000000000000015,0.11999999999999998,0.09633333333333335,0.07033333333333334,1.4486666666666668,0.04433333333333334,0.11966666666666667,37.182,0.11133333333333335,0.1996666666666667,56.02599999999999,0.073,0.09933333333333333,74.78800000000001,0.009666666666666665,0.05166666666666668,0.7973333333333333,0.010000000000000002,0.12066666666666667,0.08533333333333334,0.07033333333333334,0.011666666666666669,0.49433333333333335,0.44433333333333336,0.17399999999999996,0.19333333333333336,0.077,0.1873333333333333,0.051666666666666666,0.13566666666666669,0.09166666666666669,0.07133333333333333,1.3479999999999999,0.058,0.14733333333333334,39.662000000000006,0.09666666666666668,0.16766666666666669,57.77133333333334,0.077,0.10033333333333333,76.43066666666667,0.004333333333333333,0.05266666666666667,0.7326666666666667,0.009000000000000001,0.10066666666666667,0.09066666666666669,0.07133333333333333,0.016333333333333335,0.5299999999999999
81,71,2016-05-06,2,5,2015-2016,Flamengo,Mogi,1,0.4203333333333334,0.12000000000000002,0.23399999999999999,0.06633333333333333,0.17733333333333332,0.048000000000000015,0.12933333333333336,0.097,0.06933333333333333,1.4899999999999998,0.04000000000000001,0.10600000000000001,37.938,0.11699999999999999,0.20866666666666667,56.20733333333333,0.06633333333333333,0.08533333333333334,75.60133333333333,0.008,0.05633333333333333,0.8606666666666667,0.014000000000000002,0.092,0.16266666666666665,0.06933333333333333,0.013666666666666667,0.519,0.394,0.10200000000000002,0.21600000000000003,0.07600000000000001,0.19566666666666663,0.05966666666666667,0.136,0.07933333333333334,0.06266666666666668,1.3153333333333335,0.034,0.11300000000000002,31.471333333333334,0.10800000000000001,0.2056666666666667,52.63466666666667,0.07600000000000001,0.1,76.06133333333332,0.010333333333333335,0.051000000000000024,0.86,0.010333333333333333,0.10466666666666667,0.09866666666666668,0.06266666666666668,0.016,0.467
100,80,2016-05-07,2,5,2015-2016,Bauru Basket,Brasília,1,0.4426666666666667,0.18,0.188,0.07466666666666667,0.18766666666666668,0.05266666666666667,0.13499999999999995,0.09233333333333335,0.07366666666666669,1.3006666666666669,0.05999999999999999,0.15433333333333332,38.75266666666667,0.094,0.16433333333333333,57.23533333333334,0.07466666666666667,0.09800000000000002,76.19266666666667,0.004333333333333332,0.05600000000000001,0.7706666666666667,0.008666666666666668,0.10233333333333333,0.08666666666666668,0.07366666666666669,0.016333333333333335,0.5256666666666666,0.42133333333333334,0.13199999999999998,0.21600000000000003,0.07333333333333332,0.16566666666666666,0.04866666666666668,0.11699999999999998,0.09266666666666667,0.069,1.4246666666666667,0.04400000000000001,0.12000000000000002,36.81333333333334,0.10800000000000001,0.19899999999999998,54.42999999999999,0.07333333333333332,0.09933333333333334,75.09066666666666,0.01,0.05066666666666668,0.7933333333333333,0.010333333333333333,0.12133333333333333,0.08733333333333333,0.069,0.012333333333333335,0.4786666666666666
77,83,2016-05-09,3,5,2015-2016,Flamengo,Mogi,0,0.42433333333333334,0.11800000000000002,0.23333333333333334,0.07299999999999998,0.179,0.04866666666666668,0.13033333333333333,0.097,0.06866666666666668,1.4986666666666666,0.03933333333333334,0.107,36.93266666666667,0.11666666666666667,0.20766666666666664,56.324666666666666,0.07299999999999998,0.09333333333333335,76.49,0.007333333333333334,0.055000000000000014,0.8513333333333334,0.014000000000000002,0.09633333333333334,0.16066666666666665,0.06866666666666668,0.012666666666666666,0.5216666666666667,0.394,0.108,0.20866666666666667,0.07733333333333334,0.19333333333333333,0.059666666666666666,0.13366666666666666,0.07933333333333333,0.06533333333333334,1.2606666666666664,0.036,0.11400000000000002,33.08,0.10433333333333333,0.20233333333333337,51.56400000000001,0.07733333333333334,0.10300000000000002,75.43533333333333,0.010000000000000002,0.05200000000000002,0.8393333333333332,0.010333333333333335,0.107,0.09733333333333334,0.06533333333333334,0.016333333333333335,0.462
85,79,2016-05-10,3,5,2015-2016,Bauru Basket,Brasília,1,0.44266666666666676,0.18299999999999997,0.186,0.07366666666666669,0.188,0.05300000000000001,0.13499999999999998,0.091,0.07100000000000001,1.3586666666666667,0.061000000000000006,0.156,38.96933333333333,0.093,0.1633333333333333,57.070000000000014,0.07366666666666669,0.097,75.97,0.004666666666666666,0.05300000000000002,0.766,0.008333333333333335,0.10099999999999999,0.08533333333333334,0.07100000000000001,0.014666666666666668,0.5233333333333332,0.42300000000000004,0.128,0.22266666666666665,0.07233333333333333,0.16433333333333333,0.04900000000000001,0.11533333333333333,0.09266666666666667,0.065,1.51,0.04266666666666667,0.119,36.07266666666666,0.11133333333333333,0.203,55.035999999999994,0.07233333333333333,0.09833333333333334,74.80199999999999,0.009666666666666667,0.049000000000000016,0.7966666666666667,0.009666666666666665,0.121,0.08066666666666668,0.065,0.012000000000000002,0.47966666666666663
91,93,2016-05-14,4,5,2015-2016,Mogi,Flamengo,0,0.39566666666666667,0.10600000000000002,0.208,0.08166666666666668,0.19033333333333333,0.056000000000000015,0.1343333333333333,0.07833333333333332,0.06566666666666668,1.236,0.03533333333333333,0.10666666666666666,34.17666666666666,0.104,0.2026666666666667,51.299333333333344,0.08166666666666668,0.10866666666666669,75.81800000000001,0.010333333333333333,0.04933333333333335,0.7859999999999999,0.010666666666666666,0.10833333333333334,0.09866666666666667,0.06566666666666668,0.016000000000000004,0.46166666666666667,0.425,0.11699999999999999,0.2313333333333333,0.07666666666666665,0.17766666666666664,0.049000000000000016,0.12866666666666668,0.09700000000000002,0.06933333333333333,1.4746666666666668,0.03900000000000001,0.10833333333333334,36.208666666666666,0.11566666666666665,0.2063333333333333,56.144000000000005,0.07666666666666665,0.099,76.60933333333332,0.006,0.056333333333333346,0.8673333333333333,0.013000000000000001,0.09933333333333332,0.14266666666666664,0.06933333333333333,0.012,0.5173333333333334
79,75,2016-05-17,5,5,2015-2016,Flamengo,Mogi,1,0.434,0.12399999999999999,0.22866666666666666,0.08133333333333334,0.17566666666666667,0.045666666666666675,0.13,0.10100000000000002,0.06866666666666667,1.5513333333333335,0.04133333333333334,0.10966666666666666,37.87199999999999,0.11433333333333333,0.20166666666666666,56.64266666666667,0.08133333333333334,0.104,77.20066666666668,0.005,0.05300000000000001,0.8226666666666667,0.013000000000000001,0.10166666666666666,0.14133333333333334,0.06866666666666667,0.014,0.5296666666666667,0.39933333333333326,0.101,0.212,0.08633333333333333,0.19066666666666668,0.057666666666666665,0.133,0.07499999999999998,0.06233333333333333,1.2713333333333336,0.033666666666666664,0.10766666666666666,31.980666666666664,0.106,0.20600000000000004,51.42733333333334,0.08633333333333333,0.11399999999999998,76.44333333333334,0.009333333333333332,0.048333333333333346,0.8173333333333332,0.011,0.11,0.1,0.06233333333333333,0.014333333333333335,0.4603333333333333
77,83,2016-05-21,1,6,2015-2016,Bauru Basket,Flamengo,0,0.4430000000000001,0.181,0.1893333333333333,0.07266666666666667,0.188,0.05200000000000001,0.136,0.09166666666666669,0.07033333333333334,1.384,0.06033333333333335,0.155,38.772,0.09466666666666665,0.16599999999999995,57.30733333333334,0.07266666666666667,0.09633333333333334,75.56599999999999,0.005,0.05400000000000001,0.7879999999999999,0.008333333333333333,0.10300000000000001,0.08466666666666668,0.07033333333333334,0.014666666666666666,0.5249999999999999,0.4266666666666667,0.121,0.2293333333333333,0.07633333333333332,0.17200000000000001,0.045333333333333344,0.12666666666666668,0.09933333333333334,0.06933333333333334,1.4960000000000002,0.04033333333333334,0.10800000000000001,37.565333333333335,0.11466666666666665,0.20033333333333334,57.166000000000004,0.07633333333333332,0.09733333333333331,76.40066666666668,0.005333333333333333,0.04966666666666668,0.748,0.012333333333333335,0.103,0.12866666666666668,0.06933333333333334,0.014666666666666666,0.5163333333333333
80,85,2016-05-26,2,6,2015-2016,Flamengo,Bauru Basket,0,0.4273333333333333,0.12000000000000001,0.22799999999999995,0.07933333333333331,0.17433333333333337,0.04733333333333335,0.127,0.09933333333333333,0.06966666666666668,1.490666666666667,0.04000000000000001,0.10966666666666666,36.454,0.11399999999999998,0.19833333333333336,57.37599999999999,0.07933333333333331,0.10033333333333332,77.14599999999999,0.004666666666666667,0.04866666666666668,0.73,0.012666666666666668,0.10500000000000001,0.13066666666666668,0.06966666666666668,0.015333333333333334,0.5176666666666666,0.4413333333333334,0.17900000000000002,0.1893333333333333,0.07300000000000001,0.185,0.05,0.13499999999999998,0.09100000000000001,0.06733333333333333,1.436,0.05966666666666669,0.15366666666666667,38.61866666666667,0.09466666666666665,0.16666666666666666,57.071333333333335,0.07300000000000001,0.09766666666666667,75.07066666666668,0.005,0.05133333333333335,0.7919999999999999,0.008333333333333333,0.10533333333333332,0.08200000000000003,0.06733333333333333,0.014000000000000002,0.5189999999999999
89,84,2016-05-28,3,6,2015-2016,Flamengo,Bauru Basket,1,0.4216666666666667,0.11900000000000001,0.2233333333333333,0.07933333333333333,0.1726666666666667,0.048,0.12466666666666668,0.09433333333333334,0.0676666666666667,1.4520000000000004,0.03966666666666666,0.11,36.126,0.11166666666666665,0.19933333333333333,56.172,0.07933333333333333,0.103,75.67866666666667,0.004333333333333333,0.04966666666666667,0.7913333333333334,0.013333333333333334,0.10900000000000001,0.13333333333333333,0.0676666666666667,0.01566666666666667,0.5023333333333333,0.449,0.18,0.1913333333333333,0.07766666666666668,0.18533333333333332,0.04833333333333334,0.137,0.09466666666666669,0.06833333333333336,1.4746666666666668,0.060000000000000026,0.154,38.824,0.09566666666666665,0.16466666666666668,58.25533333333333,0.07766666666666668,0.10433333333333335,75.34866666666667,0.005,0.049000000000000016,0.7539999999999999,0.007666666666666666,0.10666666666666667,0.07466666666666669,0.06833333333333336,0.013000000000000003,0.5276666666666666
94,81,2016-06-04,4,6,2015-2016,Bauru Basket,Flamengo,1,0.45066666666666666,0.17499999999999996,0.19733333333333333,0.07833333333333334,0.18566666666666665,0.048333333333333346,0.13733333333333334,0.09433333333333335,0.06733333333333334,1.4906666666666666,0.05833333333333335,0.154,37.712666666666664,0.09866666666666667,0.16666666666666666,59.33933333333333,0.07833333333333334,0.10433333333333335,75.95466666666667,0.006,0.04766666666666668,0.74,0.007333333333333332,0.10466666666666669,0.07266666666666667,0.06733333333333334,0.012333333333333335,0.5286666666666666,0.427,0.12100000000000001,0.224,0.08200000000000002,0.17300000000000001,0.04733333333333333,0.12566666666666665,0.09433333333333334,0.06500000000000002,1.5266666666666668,0.04033333333333333,0.11233333333333334,35.93333333333333,0.112,0.19900000000000004,56.452000000000005,0.08200000000000002,0.10666666666666667,75.84933333333333,0.004666666666666667,0.04933333333333334,0.8246666666666665,0.014000000000000004,0.11,0.138,0.06500000000000002,0.01566666666666667,0.509
100,66,2016-06-11,5,6,2015-2016,Flamengo,Bauru Basket,1,0.42466666666666675,0.12200000000000001,0.22000000000000006,0.08266666666666668,0.17033333333333334,0.04733333333333334,0.12300000000000001,0.09033333333333333,0.06466666666666669,1.4666666666666666,0.04066666666666667,0.113,36.001999999999995,0.11000000000000003,0.19899999999999998,55.52133333333333,0.08266666666666668,0.10666666666666666,76.80199999999999,0.004333333333333333,0.05200000000000002,0.8753333333333333,0.013333333333333334,0.11266666666666668,0.12466666666666668,0.06466666666666669,0.01566666666666667,0.5006666666666667,0.4506666666666666,0.177,0.19933333333333333,0.07433333333333333,0.18866666666666668,0.05133333333333335,0.13733333333333334,0.09733333333333336,0.06566666666666668,1.5453333333333332,0.05900000000000002,0.155,37.88266666666667,0.09966666666666667,0.16733333333333336,59.76200000000001,0.07433333333333333,0.09966666666666667,76.208,0.006000000000000001,0.046666666666666676,0.7413333333333333,0.006666666666666667,0.10400000000000002,0.06533333333333333,0.06566666666666668,0.010666666666666668,0.5353333333333334
97,100,2016-11-05,1,1,2016-2017,Bauru Basket,Flamengo,0,0.0,0.0,0.0,0.0,0.0,0.0,0.0,0.0,0.0,0.0,0.0,0.0,0.0,0.0,0.0,0.0,0.0,0.0,0.0,0.0,0.0,0.0,0.0,0.0,0.0,0.0,0.0,0.0,0.0,0.0,0.0,0.0,0.0,0.0,0.0,0.0,0.0,0.0,0.0,0.0,0.0,0.0,0.0,0.0,0.0,0.0,0.0,0.0,0.0,0.0,0.0,0.0,0.0,0.0,0.0,0.0
75,79,2016-11-07,2,1,2016-2017,Pinheiros,Vitória,0,0.0,0.0,0.0,0.0,0.0,0.0,0.0,0.0,0.0,0.0,0.0,0.0,0.0,0.0,0.0,0.0,0.0,0.0,0.0,0.0,0.0,0.0,0.0,0.0,0.0,0.0,0.0,0.0,0.0,0.0,0.0,0.0,0.0,0.0,0.0,0.0,0.0,0.0,0.0,0.0,0.0,0.0,0.0,0.0,0.0,0.0,0.0,0.0,0.0,0.0,0.0,0.0,0.0,0.0,0.0,0.0
83,63,2016-11-08,1,1,2016-2017,Minas,Caxias do Sul Basquete,1,0.0,0.0,0.0,0.0,0.0,0.0,0.0,0.0,0.0,0.0,0.0,0.0,0.0,0.0,0.0,0.0,0.0,0.0,0.0,0.0,0.0,0.0,0.0,0.0,0.0,0.0,0.0,0.0,0.0,0.0,0.0,0.0,0.0,0.0,0.0,0.0,0.0,0.0,0.0,0.0,0.0,0.0,0.0,0.0,0.0,0.0,0.0,0.0,0.0,0.0,0.0,0.0,0.0,0.0,0.0,0.0
84,85,2016-11-08,2,1,2016-2017,Sesi Franca,Flamengo,0,0.0,0.0,0.0,0.0,0.0,0.0,0.0,0.0,0.0,0.0,0.0,0.0,0.0,0.0,0.0,0.0,0.0,0.0,0.0,0.0,0.0,0.0,0.0,0.0,0.0,0.0,0.0,0.0,0.5,0.09,0.26,0.15,0.255,0.09,0.165,0.085,0.06,1.42,0.03,0.145,20.69,0.13,0.28,46.43,0.15,0.175,85.71,0.005,0.025,0.42,0.005,0.125,0.04,0.06,0.01,0.52
84,76,2016-11-08,2,1,2016-2017,Bauru Basket,Macaé Basquete,1,0.485,0.18,0.22,0.085,0.245,0.07,0.175,0.105,0.105,1.0,0.06,0.185,32.43,0.11,0.23,47.83,0.085,0.14,60.71,0.005,0.02,0.19,0.015,0.135,0.11,0.105,0.035,0.465,0.0,0.0,0.0,0.0,0.0,0.0,0.0,0.0,0.0,0.0,0.0,0.0,0.0,0.0,0.0,0.0,0.0,0.0,0.0,0.0,0.0,0.0,0.0,0.0,0.0,0.0,0.0,0.0
80,74,2016-11-09,1,1,2016-2017,Pinheiros,Fortaleza B. C. / CFO,1,0.375,0.12,0.17,0.085,0.185,0.035,0.15,0.075,0.05,1.5,0.04,0.155,25.81,0.085,0.19,44.74,0.085,0.1,85.0,0.01,0.03,0.6,0.01,0.105,0.1,0.05,0.025,0.39,0.0,0.0,0.0,0.0,0.0,0.0,0.0,0.0,0.0,0.0,0.0,0.0,0.0,0.0,0.0,0.0,0.0,0.0,0.0,0.0,0.0,0.0,0.0,0.0,0.0,0.0,0.0,0.0
83,85,2016-11-10,2,1,2016-2017,Minas,R10 Score Vasco da Gama,0,0.415,0.045,0.31,0.06,0.215,0.065,0.15,0.105,0.075,1.4,0.015,0.09,16.67,0.155,0.25,62.0,0.06,0.08,75.0,0.025,0.05,0.67,0.005,0.075,0.07,0.075,0.04,0.525,0.0,0.0,0.0,0.0,0.0,0.0,0.0,0.0,0.0,0.0,0.0,0.0,0.0,0.0,0.0,0.0,0.0,0.0,0.0,0.0,0.0,0.0,0.0,0.0,0.0,0.0,0.0,0.0
91,82,2016-11-10,2,1,2016-2017,Brasília,Caxias do Sul Basquete,1,0.0,0.0,0.0,0.0,0.0,0.0,0.0,0.0,0.0,0.0,0.0,0.0,0.0,0.0,0.0,0.0,0.0,0.0,0.0,0.0,0.0,0.0,0.0,0.0,0.0,0.0,0.0,0.0,0.315,0.105,0.16,0.05,0.165,0.05,0.115,0.08,0.08,1.0,0.035,0.11,31.82,0.08,0.205,39.02,0.05,0.055,90.91,0.005,0.03,0.38,0.015,0.11,0.14,0.08,0.04,0.32
86,79,2016-11-10,1,1,2016-2017,Sesi Franca,Macaé Basquete,1,0.42,0.12,0.18,0.12,0.14,0.04,0.1,0.065,0.045,1.44,0.04,0.165,24.24,0.09,0.17,52.94,0.12,0.14,85.71,0.015,0.025,0.56,0.01,0.125,0.08,0.045,0.015,0.39,0.38,0.165,0.17,0.045,0.135,0.025,0.11,0.04,0.06,0.67,0.055,0.14,39.29,0.085,0.18,47.22,0.045,0.05,90.0,0.0,0.035,0.58,0.0,0.095,0.0,0.06,0.035,0.345
95,72,2016-11-12,1,1,2016-2017,Brasília,R10 Score Vasco da Gama,1,0.455,0.18,0.22,0.055,0.205,0.045,0.16,0.145,0.055,2.64,0.06,0.12,50.0,0.11,0.22,50.0,0.055,0.085,64.71,0.025,0.015,0.27,0.015,0.115,0.13,0.055,0.03,0.58,0.425,0.21,0.13,0.085,0.185,0.045,0.14,0.095,0.075,1.27,0.07,0.135,51.85,0.065,0.18,36.11,0.085,0.13,65.38,0.005,0.055,0.73,0.005,0.125,0.04,0.075,0.045,0.465
73,78,2016-11-12,2,1,2016-2017,VipTech CMB,L. Sorocabana,0,0.0,0.0,0.0,0.0,0.0,0.0,0.0,0.0,0.0,0.0,0.0,0.0,0.0,0.0,0.0,0.0,0.0,0.0,0.0,0.0,0.0,0.0,0.0,0.0,0.0,0.0,0.0,0.0,0.0,0.0,0.0,0.0,0.0,0.0,0.0,0.0,0.0,0.0,0.0,0.0,0.0,0.0,0.0,0.0,0.0,0.0,0.0,0.0,0.0,0.0,0.0,0.0,0.0,0.0,0.0,0.0
86,55,2016-11-13,2,1,2016-2017,Mogi,Paulistano,1,0.0,0.0,0.0,0.0,0.0,0.0,0.0,0.0,0.0,0.0,0.0,0.0,0.0,0.0,0.0,0.0,0.0,0.0,0.0,0.0,0.0,0.0,0.0,0.0,0.0,0.0,0.0,0.0,0.0,0.0,0.0,0.0,0.0,0.0,0.0,0.0,0.0,0.0,0.0,0.0,0.0,0.0,0.0,0.0,0.0,0.0,0.0,0.0,0.0,0.0,0.0,0.0,0.0,0.0,0.0,0.0
88,77,2016-11-15,3,1,2016-2017,Vitória,Brasília,1,0.395,0.12,0.19,0.085,0.21,0.045,0.165,0.09,0.06,1.5,0.04,0.11,36.36,0.095,0.22,43.18,0.085,0.12,70.83,0.01,0.03,0.5,0.0,0.095,0.0,0.06,0.04,0.435,0.46499999999999997,0.2025,0.21000000000000002,0.052500000000000005,0.2025,0.0575,0.14500000000000002,0.1275,0.065,2.055,0.0675,0.14,48.44,0.10500000000000001,0.20500000000000002,51.315,0.052500000000000005,0.07250000000000001,74.02,0.0125,0.0175,0.27,0.0225,0.1,0.24,0.065,0.0275,0.5774999999999999
90,92,2016-11-15,3,1,2016-2017,Macaé Basquete,Pinheiros,0,0.3875,0.14250000000000002,0.20500000000000002,0.04,0.1625,0.05500000000000001,0.1075,0.0625,0.07,0.865,0.0475,0.135,35.03,0.10250000000000001,0.2125,48.099999999999994,0.04,0.055,74.16499999999999,0.0,0.0475,0.665,0.0025,0.115,0.02,0.07,0.0325,0.38,0.3875,0.12,0.17,0.0975,0.195,0.04,0.155,0.07250000000000001,0.055,1.335,0.04,0.1375,29.57,0.085,0.1825,46.655,0.0975,0.13,76.875,0.01,0.03,0.55,0.01,0.105,0.1,0.055,0.0325,0.4125
78,71,2016-11-15,3,1,2016-2017,Fortaleza B. C. / CFO,Minas,1,0.37,0.135,0.15,0.085,0.215,0.08,0.135,0.055,0.065,0.85,0.045,0.145,31.03,0.075,0.21,35.71,0.085,0.095,89.47,0.0,0.025,0.38,0.01,0.12,0.08,0.065,0.045,0.365,0.415,0.045,0.29500000000000004,0.075,0.22999999999999998,0.08499999999999999,0.14500000000000002,0.0875,0.0775,1.14,0.015,0.12,13.335,0.14750000000000002,0.245,60.165,0.075,0.1,75.0,0.0125,0.037500000000000006,0.49,0.005,0.10999999999999999,0.05,0.0775,0.03,0.47
90,66,2016-11-16,3,1,2016-2017,Paulistano,Bauru Basket,1,0.275,0.045,0.15,0.08,0.19,0.05,0.14,0.075,0.12,0.63,0.015,0.08,18.75,0.075,0.19,39.47,0.08,0.08,100.0,0.015,0.02,0.17,0.01,0.075,0.13,0.12,0.01,0.27,0.4525,0.18,0.20500000000000002,0.0675,0.215,0.052500000000000005,0.16249999999999998,0.0925,0.0925,1.0,0.06,0.16749999999999998,36.215,0.10250000000000001,0.1975,52.705,0.0675,0.10500000000000001,66.07000000000001,0.0025,0.025,0.28500000000000003,0.0125,0.10500000000000001,0.12,0.0925,0.0425,0.465
87,66,2016-11-16,3,1,2016-2017,L. Sorocabana,Sesi Franca,1,0.39,0.18,0.12,0.09,0.17,0.05,0.12,0.075,0.115,0.65,0.06,0.12,50.0,0.06,0.14,42.86,0.09,0.11,81.82,0.0,0.035,0.3,0.005,0.13,0.04,0.115,0.04,0.4,0.425,0.0975,0.20500000000000002,0.1225,0.15500000000000003,0.037500000000000006,0.11750000000000001,0.07250000000000001,0.0675,1.165,0.0325,0.13,25.28,0.10250000000000001,0.175,58.415,0.1225,0.14,87.5,0.01,0.030000000000000002,0.47500000000000003,0.02,0.11,0.2,0.0675,0.0225,0.4475
81,91,2016-11-17,3,1,2016-2017,R10 Score Vasco da Gama,VipTech CMB,0,0.39249999999999996,0.15,0.175,0.0675,0.175,0.0625,0.11250000000000002,0.08499999999999999,0.065,1.315,0.05,0.1225,39.56,0.0875,0.21,40.97,0.0675,0.1,68.405,0.0075,0.05,0.7749999999999999,0.0025,0.1,0.02,0.065,0.0325,0.4125,0.365,0.09,0.16,0.115,0.145,0.06,0.085,0.055,0.09,0.61,0.03,0.125,24.0,0.08,0.16,50.0,0.115,0.145,79.31,0.005,0.025,0.28,0.01,0.11,0.09,0.09,0.04,0.305
80,87,2016-11-17,3,1,2016-2017,Caxias do Sul Basquete,Mogi,0,0.3625,0.11249999999999999,0.185,0.065,0.16999999999999998,0.045,0.125,0.0675,0.0625,1.1099999999999999,0.037500000000000006,0.1125,33.3,0.0925,0.2125,43.375,0.065,0.095,75.085,0.0025,0.025,0.41000000000000003,0.0075,0.10500000000000001,0.07,0.0625,0.04,0.345,0.43,0.195,0.21,0.025,0.18,0.05,0.13,0.13,0.05,2.6,0.065,0.14,46.43,0.105,0.215,48.84,0.025,0.045,55.56,0.015,0.105,2.1,0.005,0.075,0.07,0.05,0.01,0.595
72,81,2016-11-17,4,1,2016-2017,Fortaleza B. C. / CFO,Brasília,0,0.38,0.135,0.16999999999999998,0.07500000000000001,0.19,0.0675,0.1225,0.075,0.07,1.06,0.045,0.125,36.945,0.08499999999999999,0.215,39.445,0.07500000000000001,0.09,82.97,0.0075,0.042499999999999996,0.5900000000000001,0.0075,0.11249999999999999,0.065,0.07,0.03,0.4,0.4383333333333333,0.17500000000000002,0.21,0.05333333333333334,0.18000000000000002,0.04666666666666667,0.13333333333333333,0.11166666666666668,0.05833333333333333,1.9633333333333336,0.05833333333333334,0.135,42.96,0.105,0.19166666666666668,55.423333333333325,0.05333333333333334,0.07833333333333334,69.71666666666665,0.01,0.018333333333333337,0.32666666666666666,0.016666666666666666,0.09333333333333334,0.18000000000000002,0.05833333333333333,0.018333333333333333,0.5183333333333332
76,74,2016-11-17,4,1,2016-2017,Vitória,Minas,1,0.4175,0.14250000000000002,0.2,0.07500000000000001,0.185,0.04,0.14500000000000002,0.1,0.055,1.85,0.0475,0.12,39.335,0.1,0.20500000000000002,49.22,0.07500000000000001,0.1,76.03999999999999,0.01,0.0325,0.6,0.005,0.1,0.05,0.055,0.0225,0.48250000000000004,0.395,0.05499999999999999,0.2733333333333334,0.06666666666666667,0.205,0.06499999999999999,0.14,0.09166666666666667,0.08833333333333333,1.0633333333333332,0.018333333333333333,0.09999999999999999,22.78,0.1366666666666667,0.23166666666666666,58.81,0.06666666666666667,0.09833333333333334,67.54333333333334,0.008333333333333333,0.036666666666666674,0.43333333333333335,0.005,0.09999999999999999,0.05333333333333334,0.08833333333333333,0.028333333333333332,0.4366666666666667
96,88,2016-11-17,4,1,2016-2017,Flamengo,Pinheiros,1,0.4625,0.0975,0.23,0.135,0.2225,0.0625,0.16,0.09,0.0625,1.44,0.0325,0.125,27.009999999999998,0.115,0.2275,51.785,0.135,0.1575,85.71,0.0025,0.02,0.325,0.005,0.1225,0.04,0.0625,0.0175,0.51,0.4116666666666667,0.10999999999999999,0.19333333333333336,0.10833333333333334,0.20833333333333334,0.06,0.14833333333333334,0.07833333333333334,0.06,1.32,0.03666666666666667,0.14500000000000002,25.963333333333335,0.09666666666666668,0.18833333333333332,51.10333333333333,0.10833333333333334,0.14666666666666667,75.32333333333334,0.006666666666666667,0.034999999999999996,0.5800000000000001,0.01,0.11833333333333333,0.09000000000000001,0.06,0.028333333333333335,0.445
73,76,2016-11-18,4,1,2016-2017,Paulistano,Sesi Franca,0,0.36250000000000004,0.11249999999999999,0.19,0.06,0.195,0.0625,0.1325,0.09,0.08499999999999999,1.365,0.0375,0.11499999999999999,29.375,0.095,0.22,42.735,0.06,0.07,83.33500000000001,0.0125,0.045000000000000005,0.7849999999999999,0.01,0.0875,0.115,0.08499999999999999,0.01,0.405,0.3933333333333333,0.085,0.19000000000000003,0.11833333333333333,0.14333333333333334,0.036666666666666674,0.10666666666666667,0.06833333333333334,0.065,1.11,0.028333333333333335,0.115,24.69666666666667,0.09500000000000001,0.17,55.60999999999999,0.11833333333333333,0.13833333333333334,85.49333333333334,0.011666666666666667,0.025000000000000005,0.4000000000000001,0.016666666666666666,0.10166666666666667,0.17333333333333334,0.065,0.02,0.39999999999999997
70,84,2016-11-18,4,1,2016-2017,L. Sorocabana,Bauru Basket,0,0.4125,0.16499999999999998,0.18,0.0675,0.195,0.07500000000000001,0.12,0.08,0.095,0.8899999999999999,0.055,0.11,50.0,0.09,0.1975,44.96,0.0675,0.08,85.91,0.0025,0.030000000000000002,0.315,0.005,0.125,0.04,0.095,0.0325,0.4525,0.4116666666666667,0.17500000000000002,0.17,0.06666666666666667,0.20666666666666667,0.05166666666666667,0.155,0.08666666666666667,0.09833333333333333,0.8933333333333334,0.05833333333333333,0.15833333333333333,37.24,0.085,0.17666666666666667,47.48333333333333,0.06666666666666667,0.09166666666666667,77.38000000000001,0.0016666666666666668,0.02666666666666667,0.28,0.011666666666666667,0.09666666666666668,0.12333333333333334,0.09833333333333333,0.03166666666666667,0.4283333333333334
94,70,2016-11-19,4,1,2016-2017,R10 Score Vasco da Gama,Mogi,1,0.39666666666666667,0.12,0.18999999999999997,0.08666666666666667,0.17166666666666666,0.055,0.11666666666666668,0.07666666666666666,0.06166666666666667,1.24,0.04,0.11499999999999999,33.04,0.09499999999999999,0.20333333333333334,46.60999999999999,0.08666666666666667,0.11499999999999999,74.33999999999999,0.006666666666666667,0.041666666666666664,0.6666666666666666,0.005,0.09500000000000001,0.05333333333333334,0.06166666666666667,0.02666666666666667,0.4183333333333333,0.4325,0.21000000000000002,0.185,0.037500000000000006,0.195,0.060000000000000005,0.135,0.135,0.052500000000000005,2.575,0.07,0.14250000000000002,49.075,0.0925,0.1925,47.95,0.037500000000000006,0.0575,63.495000000000005,0.0125,0.0675,1.3250000000000002,0.005,0.0975,0.05500000000000001,0.052500000000000005,0.0075,0.59
69,78,2016-11-19,4,1,2016-2017,Caxias do Sul Basquete,VipTech CMB,0,0.375,0.12,0.18000000000000002,0.075,0.16166666666666665,0.041666666666666664,0.12,0.06666666666666667,0.06166666666666667,1.0999999999999999,0.04,0.12,33.309999999999995,0.09000000000000001,0.19999999999999998,45.10666666666666,0.075,0.10333333333333333,76.44666666666666,0.0016666666666666668,0.021666666666666667,0.3566666666666667,0.008333333333333333,0.10166666666666668,0.08333333333333333,0.06166666666666667,0.028333333333333335,0.35333333333333333,0.41000000000000003,0.1575,0.165,0.0875,0.1525,0.0475,0.10500000000000001,0.0725,0.07,1.205,0.0525,0.1375,37.0,0.0825,0.1625,50.760000000000005,0.0875,0.10999999999999999,79.655,0.005,0.02,0.29000000000000004,0.01,0.1175,0.08499999999999999,0.07,0.0225,0.4075
71,69,2016-11-22,5,1,2016-2017,R10 Score Vasco da Gama,Fortaleza B. C. / CFO,1,0.415,0.14625,0.185,0.08375,0.175,0.051250000000000004,0.12375,0.0875,0.075,1.19,0.04875,0.12,38.67,0.0925,0.18625,50.6975,0.08375,0.10874999999999999,76.58749999999999,0.0075,0.042499999999999996,0.5974999999999999,0.00375,0.095,0.04,0.075,0.026250000000000002,0.45875,0.37333333333333335,0.115,0.20333333333333334,0.055000000000000014,0.17333333333333334,0.06,0.11333333333333333,0.06833333333333333,0.06333333333333334,1.0733333333333335,0.03833333333333333,0.12,32.20666666666667,0.10166666666666667,0.21833333333333335,46.29666666666666,0.055000000000000014,0.06999999999999999,71.98,0.005,0.045000000000000005,0.7266666666666667,0.006666666666666667,0.10499999999999998,0.06333333333333334,0.06333333333333334,0.02333333333333333,0.38999999999999996
69,70,2016-11-22,5,1,2016-2017,Caxias do Sul Basquete,Vitória,0,0.3675,0.11624999999999999,0.18,0.07125000000000001,0.16999999999999998,0.04375,0.12625,0.07125000000000001,0.0625,1.1524999999999999,0.03875000000000001,0.11374999999999999,34.192499999999995,0.09,0.20875,43.405,0.07125000000000001,0.09875,74.98249999999999,0.00375,0.02875,0.46,0.007500000000000001,0.10250000000000001,0.075,0.0625,0.02125,0.36125,0.40499999999999997,0.115,0.21666666666666667,0.07333333333333335,0.18333333333333335,0.04,0.14333333333333334,0.08833333333333333,0.07,1.4500000000000002,0.03833333333333334,0.11166666666666665,33.24,0.10833333333333334,0.20166666666666666,54.18,0.07333333333333335,0.09166666666666667,81.80333333333333,0.011666666666666667,0.03166666666666667,0.5,0.005,0.105,0.04666666666666667,0.07,0.023333333333333334,0.4583333333333333
84,69,2016-11-23,5,1,2016-2017,Pinheiros,Bauru Basket,1,0.41875,0.10499999999999998,0.20500000000000002,0.10875,0.20375,0.0625,0.14125,0.08125,0.0625,1.3125,0.035,0.14375000000000002,24.83,0.10250000000000001,0.19624999999999998,51.965,0.10875,0.14250000000000002,77.64750000000001,0.01,0.03625,0.5775,0.0075,0.12125,0.0675,0.0625,0.026250000000000002,0.44875,0.41375,0.17625000000000002,0.1725,0.065,0.195,0.043750000000000004,0.15125,0.08875,0.09,1.0350000000000001,0.05875,0.1475,40.9725,0.08625,0.17375000000000002,49.25,0.065,0.09125,74.7025,0.0025,0.03125,0.3825,0.00875,0.09250000000000001,0.0925,0.09,0.03125,0.44500000000000006
74,90,2016-11-24,5,1,2016-2017,Paulistano,Brasília,0,0.36333333333333334,0.10499999999999998,0.19666666666666666,0.06166666666666667,0.18500000000000003,0.06666666666666667,0.11833333333333333,0.08,0.07166666666666666,1.3533333333333335,0.034999999999999996,0.12666666666666668,26.25,0.09833333333333333,0.21666666666666667,45.156666666666666,0.06166666666666667,0.07666666666666667,79.63000000000001,0.013333333333333334,0.045000000000000005,0.8566666666666666,0.008333333333333333,0.08833333333333333,0.09666666666666668,0.07166666666666666,0.008333333333333333,0.385,0.43,0.165,0.2025,0.0625,0.1825,0.04875,0.13375,0.10125,0.0625,1.705,0.05500000000000001,0.13,42.0025,0.10125,0.18625000000000003,54.802499999999995,0.0625,0.08625000000000001,72.74249999999999,0.007500000000000001,0.022500000000000003,0.3625,0.013749999999999998,0.08875000000000001,0.15250000000000002,0.0625,0.01625,0.5037499999999999
60,70,2016-11-24,6,1,2016-2017,R10 Score Vasco da Gama,Vitória,0,0.4029999999999999,0.147,0.182,0.074,0.173,0.048,0.125,0.087,0.075,1.178,0.049,0.123,38.344,0.091,0.179,51.891999999999996,0.074,0.09699999999999999,75.27,0.009,0.03899999999999999,0.5439999999999999,0.006,0.088,0.082,0.075,0.024,0.44800000000000006,0.39125,0.10875000000000001,0.21000000000000002,0.07250000000000001,0.185,0.042499999999999996,0.14250000000000002,0.08750000000000001,0.06625,1.475,0.036250000000000004,0.11249999999999999,31.4525,0.10500000000000001,0.19624999999999998,53.83,0.07250000000000001,0.09625,77.26249999999999,0.00875,0.03,0.4875,0.00625,0.105,0.060000000000000005,0.06625,0.02375,0.4425
63,69,2016-11-24,5,1,2016-2017,L. Sorocabana,Minas,0,0.3916666666666666,0.13999999999999999,0.18666666666666668,0.065,0.19499999999999998,0.07333333333333335,0.12166666666666666,0.07166666666666667,0.08166666666666667,0.9266666666666666,0.04666666666666667,0.12,40.47666666666667,0.09333333333333334,0.19999999999999998,46.23333333333333,0.065,0.075,88.04333333333334,0.0016666666666666668,0.02666666666666667,0.33,0.0033333333333333335,0.12,0.02666666666666667,0.08166666666666667,0.024999999999999998,0.4166666666666667,0.38875000000000004,0.07125,0.2525,0.065,0.18625,0.057499999999999996,0.12875,0.08375,0.0825,1.0275,0.02375,0.10875,24.4925,0.12625,0.21749999999999997,57.68,0.065,0.09250000000000001,70.6575,0.007500000000000001,0.04125,0.5375,0.00375,0.1025,0.04,0.0825,0.02625,0.4175
65,74,2016-11-24,6,1,2016-2017,Caxias do Sul Basquete,Fortaleza B. C. / CFO,0,0.363,0.11099999999999999,0.178,0.07400000000000001,0.173,0.044,0.129,0.07100000000000001,0.062,1.156,0.037000000000000005,0.11199999999999999,33.068,0.089,0.20600000000000002,43.442,0.07400000000000001,0.10300000000000001,74.15199999999999,0.004,0.024,0.384,0.009,0.10400000000000001,0.088,0.062,0.02,0.35700000000000004,0.36625,0.10875000000000001,0.21,0.04750000000000001,0.17375000000000002,0.057499999999999996,0.11624999999999999,0.065,0.0625,1.0350000000000001,0.03625,0.12,30.405,0.105,0.215,48.747499999999995,0.04750000000000001,0.0625,69.61,0.005,0.045,0.7325,0.0075,0.09624999999999999,0.0825,0.0625,0.019999999999999997,0.38625
69,90,2016-11-24,5,1,2016-2017,VipTech CMB,Flamengo,0,0.4033333333333333,0.13999999999999999,0.17333333333333334,0.09000000000000001,0.17500000000000002,0.049999999999999996,0.125,0.075,0.07,1.1833333333333333,0.04666666666666667,0.14,32.71333333333333,0.08666666666666667,0.16166666666666665,53.63333333333333,0.09000000000000001,0.11333333333333333,79.49333333333334,0.006666666666666667,0.028333333333333332,0.40666666666666673,0.011666666666666667,0.11499999999999999,0.10333333333333333,0.07,0.015,0.43166666666666664,0.4683333333333333,0.075,0.26666666666666666,0.12666666666666668,0.21166666666666667,0.055,0.15666666666666665,0.08833333333333333,0.06333333333333334,1.3966666666666665,0.024999999999999998,0.11333333333333333,21.709999999999997,0.13333333333333333,0.22666666666666668,59.71,0.12666666666666668,0.16,79.36333333333333,0.005,0.028333333333333332,0.4466666666666666,0.005,0.11499999999999999,0.043333333333333335,0.06333333333333334,0.016666666666666666,0.5233333333333333
95,83,2016-11-25,6,1,2016-2017,Pinheiros,Sesi Franca,1,0.41900000000000004,0.10499999999999998,0.21400000000000002,0.1,0.2,0.062,0.13799999999999998,0.086,0.059,1.516,0.035,0.139,25.698,0.10700000000000001,0.20400000000000001,52.21,0.1,0.131,77.412,0.008,0.034999999999999996,0.596,0.006999999999999999,0.118,0.064,0.059,0.024,0.45599999999999996,0.39,0.10125,0.18500000000000003,0.10375,0.15125,0.03375,0.1175,0.07500000000000001,0.07125000000000001,1.0975000000000001,0.03375,0.11375,29.885,0.09250000000000001,0.15875,58.707499999999996,0.10375,0.12875,79.12,0.011250000000000001,0.026250000000000002,0.38250000000000006,0.015000000000000001,0.10375,0.1525,0.07125000000000001,0.021249999999999998,0.415
66,73,2016-11-26,6,1,2016-2017,L. Sorocabana,Brasília,0,0.37249999999999994,0.13124999999999998,0.18250000000000002,0.058750000000000004,0.1875,0.0675,0.12,0.07625,0.08374999999999999,0.945,0.043750000000000004,0.11875,37.965,0.09125000000000001,0.1975,45.86,0.058750000000000004,0.07,84.215,0.00375,0.02875,0.345,0.0025,0.1175,0.02,0.08374999999999999,0.0275,0.39125,0.434,0.174,0.2,0.06,0.183,0.049,0.134,0.10800000000000001,0.061,1.8539999999999999,0.05800000000000001,0.132,43.602,0.1,0.18600000000000003,54.112,0.06,0.085,70.69399999999999,0.007000000000000001,0.024,0.4,0.011999999999999999,0.085,0.13600000000000004,0.061,0.016,0.5149999999999999
71,68,2016-11-26,6,1,2016-2017,VipTech CMB,Macaé Basquete,1,0.38875,0.1275,0.175,0.08625000000000001,0.1775,0.0525,0.125,0.0725,0.07375000000000001,1.0775,0.0425,0.13625,30.535,0.0875,0.17375,50.94,0.08625000000000001,0.11124999999999999,77.4775,0.00875,0.028749999999999998,0.39250000000000007,0.011250000000000001,0.11374999999999999,0.1,0.07375000000000001,0.015,0.39999999999999997,0.4083333333333334,0.125,0.22333333333333336,0.06,0.16833333333333333,0.05833333333333334,0.11,0.08166666666666667,0.07,1.1466666666666667,0.041666666666666664,0.12166666666666666,33.88,0.11166666666666668,0.2316666666666667,48.11666666666667,0.06,0.07166666666666667,81.19,0.0,0.03666666666666667,0.5133333333333333,0.0016666666666666668,0.12166666666666666,0.013333333333333334,0.07,0.028333333333333335,0.41500000000000004
98,86,2016-11-26,6,1,2016-2017,Paulistano,Minas,1,0.365,0.10874999999999999,0.1925,0.06375,0.18625000000000003,0.07125000000000001,0.11499999999999999,0.08,0.06749999999999999,1.3775000000000002,0.03625,0.13375,26.14,0.09625,0.21250000000000002,45.1175,0.06375,0.07625,83.055,0.01125,0.04125,0.78,0.01,0.08750000000000001,0.11750000000000001,0.06749999999999999,0.01,0.38875000000000004,0.38,0.08099999999999999,0.23199999999999998,0.067,0.179,0.052000000000000005,0.127,0.082,0.085,0.9800000000000001,0.027000000000000003,0.10700000000000001,27.594,0.11599999999999999,0.20299999999999999,56.488,0.067,0.095,70.812,0.008,0.043000000000000003,0.5359999999999999,0.004,0.1,0.044,0.085,0.032999999999999995,0.40800000000000003
82,58,2016-11-29,7,1,2016-2017,Bauru Basket,R10 Score Vasco da Gama,1,0.4,0.159,0.16999999999999998,0.071,0.189,0.041,0.148,0.08299999999999999,0.088,0.9780000000000001,0.053000000000000005,0.143,37.577999999999996,0.08499999999999999,0.168,50.434000000000005,0.071,0.095,77.034,0.003,0.027000000000000003,0.332,0.007000000000000001,0.09100000000000001,0.074,0.088,0.028000000000000004,0.4210000000000001,0.38583333333333325,0.13749999999999998,0.17500000000000002,0.07333333333333333,0.165,0.04833333333333334,0.11666666666666665,0.08666666666666667,0.07166666666666667,1.24,0.04583333333333334,0.125,35.656666666666666,0.08750000000000001,0.17416666666666666,51.02166666666667,0.07333333333333333,0.09499999999999999,76.44999999999999,0.009166666666666667,0.03666666666666666,0.5283333333333333,0.005833333333333333,0.08833333333333333,0.07833333333333334,0.07166666666666667,0.021666666666666667,0.4208333333333334
85,66,2016-11-29,7,1,2016-2017,Sesi Franca,Caxias do Sul Basquete,1,0.395,0.11699999999999999,0.18200000000000002,0.096,0.154,0.038,0.11599999999999999,0.082,0.07200000000000001,1.1720000000000002,0.039,0.11699999999999999,33.138,0.09100000000000001,0.16699999999999998,55.465999999999994,0.096,0.122,76.98,0.011000000000000001,0.026000000000000002,0.37200000000000005,0.013000000000000001,0.10200000000000001,0.132,0.07200000000000001,0.018,0.418,0.3566666666666667,0.10749999999999998,0.17666666666666667,0.07250000000000001,0.1725,0.04333333333333333,0.12916666666666668,0.06833333333333334,0.06666666666666667,1.065,0.035833333333333335,0.11083333333333333,32.31833333333333,0.08833333333333333,0.205,43.285000000000004,0.07250000000000001,0.10333333333333333,72.10999999999999,0.0033333333333333335,0.0325,0.4583333333333333,0.01,0.09999999999999999,0.105,0.06666666666666667,0.022500000000000003,0.35083333333333333
96,80,2016-11-30,7,1,2016-2017,Brasília,Pinheiros,1,0.42250000000000004,0.1525,0.20333333333333334,0.06666666666666667,0.18583333333333332,0.04833333333333333,0.1375,0.10666666666666667,0.06833333333333333,1.7033333333333331,0.05083333333333334,0.1225,39.66833333333333,0.10166666666666667,0.18583333333333338,55.00333333333333,0.06666666666666667,0.09166666666666667,72.24499999999999,0.007500000000000001,0.025833333333333337,0.38833333333333336,0.012499999999999997,0.085,0.14333333333333334,0.06833333333333333,0.020833333333333332,0.5041666666666667,0.4283333333333334,0.10999999999999999,0.22,0.09833333333333333,0.20083333333333334,0.06083333333333333,0.13999999999999999,0.08750000000000001,0.06166666666666667,1.4749999999999999,0.036666666666666674,0.135,27.936666666666667,0.11,0.205,53.428333333333335,0.09833333333333333,0.12583333333333332,79.51,0.008333333333333333,0.03833333333333333,0.6183333333333333,0.006666666666666665,0.11416666666666665,0.06166666666666667,0.06166666666666667,0.02416666666666667,0.4791666666666667
70,64,2016-11-30,7,1,2016-2017,VipTech CMB,Vitória,1,0.382,0.132,0.16399999999999998,0.08600000000000001,0.183,0.051000000000000004,0.132,0.074,0.07300000000000001,1.0899999999999999,0.044000000000000004,0.137,31.57,0.08199999999999999,0.16699999999999998,49.324,0.08600000000000001,0.11099999999999999,77.436,0.007000000000000001,0.024999999999999998,0.3420000000000001,0.013000000000000001,0.11299999999999999,0.11600000000000002,0.07300000000000001,0.016,0.40099999999999997,0.383,0.099,0.20400000000000001,0.08,0.186,0.044,0.14200000000000002,0.084,0.073,1.32,0.033,0.10599999999999998,30.162,0.10200000000000001,0.188,54.676,0.08,0.10600000000000001,76.982,0.008,0.031,0.45999999999999996,0.007000000000000001,0.10400000000000001,0.068,0.073,0.022,0.433
84,96,2016-12-01,7,1,2016-2017,Macaé Basquete,Paulistano,0,0.39125000000000004,0.12,0.20750000000000002,0.06375,0.18125,0.0675,0.11375,0.0775,0.06375,1.22,0.04,0.1225,32.41,0.10375000000000001,0.2325,44.5975,0.06375,0.0825,77.19749999999999,0.0025,0.03375,0.525,0.00375,0.11499999999999999,0.0375,0.06375,0.022500000000000003,0.39375000000000004,0.39,0.11699999999999999,0.196,0.077,0.18300000000000002,0.068,0.11499999999999999,0.086,0.06499999999999999,1.5020000000000002,0.039,0.132,28.912,0.098,0.20800000000000002,47.146,0.077,0.094,82.20200000000001,0.013000000000000001,0.043000000000000003,0.806,0.009,0.08900000000000001,0.10400000000000001,0.06499999999999999,0.011,0.426
82,64,2016-12-01,8,1,2016-2017,Bauru Basket,Caxias do Sul Basquete,1,0.40166666666666667,0.16,0.17666666666666667,0.065,0.19333333333333336,0.04,0.15333333333333332,0.07916666666666666,0.0825,0.9966666666666667,0.05333333333333334,0.14083333333333334,38.36666666666667,0.08833333333333333,0.1691666666666667,52.028333333333336,0.065,0.08833333333333333,74.80166666666666,0.004166666666666667,0.0275,0.36833333333333335,0.006666666666666667,0.09166666666666667,0.06999999999999999,0.0825,0.025833333333333337,0.43416666666666676,0.35285714285714287,0.10071428571428569,0.17857142857142858,0.07357142857142858,0.16928571428571426,0.04142857142857142,0.12785714285714286,0.06857142857142857,0.06642857142857143,1.0671428571428572,0.03357142857142857,0.10714285714285712,31.062857142857137,0.08928571428571429,0.20642857142857143,43.41428571428572,0.07357142857142858,0.10714285714285714,70.6,0.0035714285714285718,0.03214285714285715,0.4585714285714286,0.008571428571428572,0.09857142857142856,0.09,0.06642857142857143,0.020714285714285716,0.3407142857142857
81,74,2016-12-01,7,1,2016-2017,Flamengo,L. Sorocabana,1,0.46375,0.1125,0.24250000000000002,0.10875,0.2125,0.055,0.1575,0.08875,0.065,1.3699999999999999,0.0375,0.125,28.002499999999998,0.12125000000000001,0.21625,56.269999999999996,0.10875,0.13874999999999998,77.85499999999999,0.005,0.0325,0.495,0.00625,0.10999999999999999,0.06,0.065,0.015000000000000001,0.52625,0.364,0.12299999999999997,0.18600000000000003,0.05500000000000001,0.182,0.065,0.11699999999999999,0.078,0.07899999999999999,1.0399999999999998,0.041,0.121,34.988,0.09300000000000001,0.199,46.444,0.05500000000000001,0.068,80.706,0.004,0.033,0.442,0.005,0.118,0.042,0.07899999999999999,0.027000000000000003,0.384
67,71,2016-12-01,8,1,2016-2017,Sesi Franca,R10 Score Vasco da Gama,0,0.39999999999999997,0.12,0.19333333333333336,0.08666666666666667,0.16833333333333333,0.041666666666666664,0.12666666666666668,0.08916666666666667,0.07166666666666667,1.2750000000000001,0.04,0.11833333333333333,33.615,0.09666666666666668,0.17500000000000002,55.91166666666666,0.08666666666666667,0.11083333333333334,76.27166666666668,0.01,0.02666666666666667,0.38166666666666677,0.012499999999999999,0.105,0.12333333333333334,0.07166666666666667,0.017499999999999998,0.44416666666666665,0.37214285714285705,0.1307142857142857,0.16999999999999998,0.07142857142857142,0.16,0.044285714285714296,0.1157142857142857,0.08142857142857143,0.06857142857142857,1.2057142857142857,0.04357142857142858,0.12214285714285714,34.644285714285715,0.08499999999999999,0.1764285714285714,48.99571428571429,0.07142857142857142,0.09285714285714285,76.24285714285713,0.008571428571428572,0.03428571428571428,0.51,0.004999999999999999,0.08714285714285715,0.06714285714285714,0.06857142857142857,0.02,0.3928571428571429
88,94,2016-12-02,8,1,2016-2017,Minas,Pinheiros,0,0.38833333333333336,0.09499999999999999,0.2233333333333333,0.07,0.1758333333333333,0.05333333333333334,0.1225,0.08333333333333333,0.08416666666666667,1.0050000000000001,0.03166666666666667,0.11333333333333334,29.316666666666666,0.11166666666666665,0.19749999999999998,55.89666666666667,0.07,0.09750000000000002,71.88833333333334,0.008333333333333333,0.03916666666666667,0.4883333333333333,0.0033333333333333335,0.10833333333333334,0.03666666666666667,0.08416666666666667,0.03,0.41083333333333333,0.4242857142857143,0.10499999999999998,0.22571428571428573,0.09357142857142857,0.19785714285714287,0.062142857142857146,0.1357142857142857,0.09,0.06,1.5642857142857143,0.035,0.13214285714285715,27.051428571428573,0.11285714285714286,0.21071428571428572,53.37571428571429,0.09357142857142857,0.1207142857142857,78.46857142857144,0.012142857142857144,0.04071428571428571,0.6871428571428572,0.007142857142857143,0.10999999999999999,0.06999999999999999,0.06,0.023571428571428573,0.4778571428571428
73,89,2016-12-02,8,1,2016-2017,VipTech CMB,Fortaleza B. C. / CFO,0,0.37666666666666665,0.1325,0.16166666666666665,0.0825,0.18166666666666664,0.050833333333333335,0.13083333333333333,0.07333333333333333,0.07583333333333335,1.0383333333333333,0.04416666666666667,0.1375,31.665000000000003,0.08083333333333333,0.16416666666666666,49.43666666666667,0.0825,0.10833333333333332,75.93333333333334,0.005833333333333334,0.027499999999999997,0.3583333333333334,0.012499999999999999,0.10999999999999999,0.115,0.07583333333333335,0.016666666666666666,0.3933333333333333,0.367,0.12000000000000002,0.2,0.04700000000000001,0.181,0.055999999999999994,0.125,0.068,0.071,0.9800000000000001,0.039999999999999994,0.123,32.472,0.1,0.207,48.14,0.04700000000000001,0.063,69.534,0.007000000000000001,0.044,0.662,0.011,0.09999999999999999,0.11000000000000001,0.071,0.017999999999999995,0.394
81,72,2016-12-03,8,1,2016-2017,Flamengo,Paulistano,1,0.45199999999999996,0.10500000000000001,0.23600000000000004,0.11099999999999999,0.20800000000000002,0.052000000000000005,0.156,0.09,0.061,1.518,0.034999999999999996,0.119,27.665999999999997,0.11800000000000002,0.213,55.516,0.11099999999999999,0.143,77.28399999999999,0.006,0.031,0.508,0.006,0.09799999999999999,0.06799999999999999,0.061,0.016,0.515,0.40499999999999997,0.12749999999999997,0.19333333333333333,0.08416666666666667,0.18500000000000003,0.06666666666666667,0.11833333333333333,0.08583333333333333,0.06583333333333333,1.4533333333333334,0.0425,0.13416666666666668,30.99,0.09666666666666666,0.1991666666666667,48.964999999999996,0.08416666666666667,0.10083333333333333,83.31666666666668,0.013333333333333334,0.03916666666666667,0.7200000000000001,0.008333333333333333,0.09083333333333334,0.09500000000000001,0.06583333333333333,0.011666666666666667,0.4466666666666666
68,66,2016-12-03,8,1,2016-2017,Macaé Basquete,L. Sorocabana,1,0.397,0.135,0.2,0.062,0.174,0.066,0.10800000000000001,0.077,0.06,1.31,0.045,0.129,34.315999999999995,0.1,0.225,44.396,0.062,0.08,77.472,0.003,0.034,0.576,0.003,0.11599999999999999,0.03,0.06,0.02,0.398,0.365,0.13749999999999998,0.17333333333333337,0.05416666666666667,0.19000000000000003,0.06666666666666667,0.12333333333333334,0.07666666666666667,0.07916666666666666,1.0133333333333332,0.04583333333333334,0.13333333333333333,35.14,0.08666666666666668,0.19333333333333333,44.25833333333333,0.05416666666666667,0.06583333333333334,82.40666666666668,0.0033333333333333335,0.030833333333333334,0.41,0.006666666666666667,0.12083333333333333,0.05333333333333334,0.07916666666666666,0.0275,0.3841666666666666
81,77,2016-12-06,1,1,2016-2017,Mogi,L. Sorocabana,1,0.40499999999999997,0.18500000000000003,0.17333333333333334,0.04666666666666667,0.17333333333333334,0.05833333333333334,0.115,0.11166666666666668,0.05666666666666667,2.0500000000000003,0.06166666666666667,0.1416666666666667,43.43000000000001,0.08666666666666667,0.18500000000000003,46.67333333333334,0.04666666666666667,0.06333333333333334,71.22000000000001,0.011666666666666667,0.06666666666666667,1.2166666666666668,0.0033333333333333335,0.09333333333333334,0.036666666666666674,0.05666666666666667,0.01,0.5083333333333333,0.36,0.1264285714285714,0.17714285714285719,0.05642857142857143,0.18500000000000003,0.06357142857142857,0.12142857142857143,0.07142857142857142,0.07928571428571428,0.9399999999999998,0.04214285714285715,0.12785714285714286,33.12714285714286,0.08857142857142859,0.1871428571428571,47.46,0.05642857142857143,0.06714285714285714,83.96714285714287,0.002857142857142857,0.03142857142857143,0.41428571428571426,0.0064285714285714285,0.11785714285714285,0.05285714285714286,0.07928571428571428,0.02642857142857143,0.37999999999999995
74,92,2016-12-07,1,1,2016-2017,VipTech CMB,Paulistano,0,0.375,0.1392857142857143,0.15999999999999998,0.07571428571428572,0.185,0.055714285714285716,0.12928571428571428,0.07357142857142858,0.07285714285714287,1.0842857142857143,0.04642857142857143,0.14500000000000002,31.65285714285714,0.07999999999999999,0.16714285714285712,48.16571428571429,0.07571428571428572,0.09928571428571428,76.19714285714285,0.005714285714285714,0.029285714285714283,0.4114285714285715,0.013571428571428571,0.10785714285714285,0.1285714285714286,0.07285714285714287,0.016428571428571428,0.39428571428571424,0.3985714285714285,0.13714285714285715,0.1857142857142857,0.07571428571428572,0.18357142857142858,0.06214285714285715,0.12142857142857143,0.08571428571428572,0.06357142857142857,1.4885714285714287,0.045714285714285714,0.13571428571428573,32.96714285714285,0.09285714285714285,0.2,46.84857142857142,0.07571428571428572,0.09142857142857143,81.61857142857143,0.012857142857142857,0.037142857142857144,0.6885714285714286,0.009285714285714286,0.08785714285714286,0.11142857142857143,0.06357142857142857,0.011428571428571429,0.4378571428571428
85,66,2016-12-10,13,1,2016-2017,Flamengo,Macaé Basquete,1,0.44416666666666665,0.115,0.23,0.09916666666666667,0.21166666666666667,0.049999999999999996,0.16166666666666665,0.08999999999999998,0.06166666666666667,1.4949999999999999,0.03833333333333333,0.12333333333333334,29.376666666666665,0.115,0.20833333333333334,55.27166666666667,0.09916666666666667,0.12916666666666665,75.515,0.005833333333333333,0.028333333333333332,0.46166666666666667,0.0075,0.09249999999999999,0.09499999999999999,0.06166666666666667,0.0175,0.5116666666666667,0.3875,0.1325,0.19499999999999998,0.06,0.16749999999999998,0.06583333333333334,0.10166666666666668,0.07583333333333334,0.059166666666666666,1.3033333333333335,0.04416666666666667,0.1275,34.151666666666664,0.09749999999999999,0.215,45.583333333333336,0.06,0.0775,77.38,0.0033333333333333335,0.03416666666666667,0.5866666666666667,0.0033333333333333335,0.11333333333333333,0.03333333333333333,0.059166666666666666,0.018333333333333333,0.39083333333333337
92,75,2016-12-10,7,1,2016-2017,Mogi,Fortaleza B. C. / CFO,1,0.40499999999999997,0.16875,0.17250000000000001,0.06375,0.16625,0.05,0.11625,0.11125,0.065,1.8425,0.05625,0.135,41.267500000000005,0.08625000000000001,0.16875,52.712500000000006,0.06375,0.08,75.53,0.011250000000000001,0.06125,1.0375,0.00875,0.09625,0.0875,0.065,0.01375,0.51,0.37999999999999995,0.13250000000000003,0.19666666666666666,0.05083333333333334,0.18833333333333335,0.057499999999999996,0.13083333333333333,0.07083333333333335,0.06999999999999999,1.0350000000000001,0.04416666666666667,0.12583333333333332,34.79833333333334,0.09833333333333333,0.20333333333333334,48.224999999999994,0.05083333333333334,0.0675,70.90833333333335,0.006666666666666667,0.03916666666666666,0.59,0.010833333333333334,0.09416666666666666,0.11666666666666668,0.06999999999999999,0.014999999999999998,0.41583333333333333
80,63,2016-12-12,9,1,2016-2017,Pinheiros,L. Sorocabana,1,0.43000000000000005,0.10499999999999998,0.23,0.095,0.19875,0.064375,0.134375,0.09,0.060625,1.5412499999999998,0.035,0.1325,26.911250000000003,0.115,0.211875,54.09,0.095,0.1225,78.38250000000001,0.0125,0.039999999999999994,0.6687500000000001,0.008749999999999999,0.10999999999999999,0.08374999999999999,0.060625,0.02125,0.485,0.36312500000000003,0.12749999999999997,0.17750000000000002,0.058125,0.18375000000000002,0.065625,0.118125,0.06875,0.07874999999999999,0.9062499999999999,0.0425,0.128125,33.31375,0.08875000000000001,0.18874999999999997,47.1525,0.058125,0.07125000000000001,82.22125000000001,0.004375,0.03375,0.44625,0.008125,0.11687499999999999,0.06875,0.07874999999999999,0.025625,0.37999999999999995
72,66,2016-12-13,9,1,2016-2017,Minas,VipTech CMB,1,0.39571428571428574,0.105,0.2214285714285714,0.0692857142857143,0.1742857142857143,0.05142857142857143,0.12285714285714286,0.08499999999999999,0.08214285714285714,1.0557142857142858,0.034999999999999996,0.11571428571428573,31.172857142857143,0.1107142857142857,0.1964285714285714,55.80571428571428,0.0692857142857143,0.09857142857142857,70.46142857142857,0.008571428571428572,0.03928571428571429,0.49999999999999994,0.004285714285714286,0.11142857142857143,0.04285714285714286,0.08214285714285714,0.029285714285714283,0.4207142857142857,0.374375,0.13875,0.16124999999999998,0.074375,0.18062499999999998,0.054375,0.12625,0.073125,0.07187500000000002,1.08375,0.04625,0.14250000000000002,32.19625,0.08062499999999999,0.16624999999999998,48.78625,0.074375,0.09874999999999999,75.225,0.005,0.029375,0.41750000000000004,0.013125,0.10624999999999998,0.12625,0.07187500000000002,0.01625,0.39249999999999996
86,75,2016-12-13,9,1,2016-2017,Brasília,Mogi,1,0.4307142857142857,0.15857142857142859,0.19999999999999998,0.07214285714285715,0.18285714285714286,0.045,0.13785714285714287,0.11,0.06999999999999999,1.6928571428571426,0.052857142857142866,0.1207142857142857,42.44285714285714,0.09999999999999999,0.18428571428571433,54.49285714285714,0.07214285714285715,0.095,74.96714285714286,0.008571428571428572,0.025714285714285717,0.37714285714285717,0.012857142857142855,0.08642857142857142,0.1457142857142857,0.06999999999999999,0.018571428571428572,0.5171428571428571,0.41600000000000004,0.189,0.164,0.063,0.168,0.044,0.124,0.12,0.06999999999999999,1.818,0.063,0.144,43.014,0.082,0.158,53.474000000000004,0.063,0.076,80.424,0.01,0.059,0.9420000000000002,0.01,0.094,0.10600000000000001,0.06999999999999999,0.013000000000000001,0.533
77,92,2016-12-14,10,1,2016-2017,Pinheiros,Paulistano,0,0.4266666666666667,0.09999999999999999,0.23666666666666666,0.09000000000000001,0.19611111111111112,0.06222222222222223,0.1338888888888889,0.09055555555555556,0.06333333333333332,1.4944444444444445,0.03333333333333334,0.12722222222222224,26.535555555555558,0.11833333333333333,0.21111111111111114,55.9388888888889,0.09000000000000001,0.11611111111111111,78.22,0.015000000000000001,0.039999999999999994,0.6466666666666667,0.01,0.10444444444444444,0.1111111111111111,0.06333333333333332,0.021111111111111112,0.4872222222222222,0.40624999999999994,0.1425,0.19124999999999998,0.07250000000000001,0.19062500000000002,0.0675,0.123125,0.09,0.06249999999999999,1.575,0.0475,0.141875,32.9,0.09562499999999999,0.2,48.17999999999999,0.07250000000000001,0.0875,81.83250000000001,0.011875,0.036875000000000005,0.6825,0.008125,0.09,0.0975,0.06249999999999999,0.011875,0.45562499999999995
80,104,2016-12-14,9,1,2016-2017,Caxias do Sul Basquete,Flamengo,0,0.34875,0.09937499999999998,0.17625,0.073125,0.164375,0.039999999999999994,0.124375,0.06625,0.065,1.0474999999999999,0.033125,0.10624999999999998,30.929999999999996,0.088125,0.203125,43.542500000000004,0.073125,0.104375,72.06875,0.003125,0.030625,0.44625,0.008125,0.09749999999999999,0.08625,0.065,0.019375000000000003,0.33375,0.4414285714285714,0.11785714285714287,0.22142857142857145,0.10214285714285713,0.2057142857142857,0.04928571428571428,0.15642857142857142,0.08857142857142855,0.06285714285714286,1.4442857142857142,0.03928571428571428,0.12214285714285714,30.77,0.11071428571428572,0.20285714285714285,54.51857142857143,0.10214285714285713,0.1307142857142857,76.97142857142856,0.004999999999999999,0.03214285714285714,0.5085714285714286,0.008571428571428572,0.09357142857142856,0.10285714285714286,0.06285714285714286,0.015000000000000001,0.51
84,104,2016-12-15,10,1,2016-2017,Minas,Mogi,0,0.39125,0.10875,0.21624999999999997,0.06625,0.18375,0.056874999999999995,0.126875,0.083125,0.080625,1.04875,0.03625,0.11875000000000001,31.293750000000003,0.10812499999999999,0.19749999999999998,54.317499999999995,0.06625,0.09250000000000001,72.90375,0.008125,0.037500000000000006,0.48249999999999993,0.005,0.11125,0.04875,0.080625,0.025625,0.421875,0.4091666666666667,0.17250000000000001,0.17666666666666667,0.06,0.16833333333333333,0.04416666666666667,0.12416666666666666,0.10999999999999999,0.06666666666666667,1.7149999999999999,0.057499999999999996,0.1425,39.54833333333334,0.08833333333333333,0.1675,53.86333333333334,0.06,0.07166666666666667,82.02,0.008333333333333333,0.05333333333333334,0.8683333333333335,0.01,0.09250000000000001,0.10833333333333334,0.06666666666666667,0.014166666666666668,0.5083333333333333
76,78,2016-12-15,10,1,2016-2017,Brasília,VipTech CMB,0,0.43062500000000004,0.16312500000000002,0.19499999999999998,0.0725,0.185,0.04625,0.13875,0.10875,0.0675,1.7312499999999997,0.05437500000000001,0.124375,42.55375,0.09749999999999999,0.18312500000000004,53.394999999999996,0.0725,0.094375,76.0125,0.008125,0.023750000000000004,0.35500000000000004,0.013124999999999998,0.08625,0.15,0.0675,0.018125000000000002,0.51625,0.36944444444444446,0.13666666666666666,0.15888888888888886,0.07388888888888889,0.17833333333333332,0.05388888888888889,0.12444444444444445,0.07388888888888888,0.07111111111111112,1.1,0.04555555555555555,0.1416666666666667,31.91111111111111,0.07944444444444443,0.16388888888888886,48.730000000000004,0.07388888888888889,0.10277777777777777,72.62777777777778,0.005,0.03055555555555555,0.44000000000000006,0.015000000000000001,0.10388888888888886,0.15111111111111108,0.07111111111111112,0.016666666666666666,0.3866666666666666
95,81,2016-12-15,9,1,2016-2017,Fortaleza B. C. / CFO,Sesi Franca,1,0.3792857142857143,0.14142857142857146,0.19142857142857142,0.04642857142857144,0.19071428571428575,0.06142857142857143,0.12928571428571428,0.06857142857142857,0.07071428571428572,0.9914285714285717,0.047142857142857146,0.13785714285714284,34.24857142857143,0.09571428571428571,0.2007142857142857,47.512857142857136,0.04642857142857144,0.06285714285714286,68.94142857142857,0.005714285714285714,0.04071428571428571,0.6014285714285714,0.009285714285714286,0.08999999999999998,0.1,0.07071428571428572,0.01357142857142857,0.4057142857142857,0.3907142857142857,0.11142857142857143,0.19714285714285715,0.08214285714285716,0.16642857142857143,0.04214285714285714,0.12428571428571429,0.0842857142857143,0.06714285714285714,1.2900000000000003,0.037142857142857144,0.11357142857142856,32.174285714285716,0.09857142857142857,0.18285714285714286,54.75714285714285,0.08214285714285716,0.10714285714285714,74.62,0.009285714285714286,0.028571428571428574,0.4700000000000001,0.012142857142857141,0.10428571428571429,0.12,0.06714285714285714,0.015714285714285715,0.42928571428571427
84,90,2016-12-15,9,1,2016-2017,Vitória,Bauru Basket,0,0.3725,0.09750000000000002,0.19833333333333333,0.07666666666666667,0.18333333333333332,0.04333333333333333,0.14,0.0825,0.07333333333333333,1.2666666666666668,0.0325,0.10083333333333332,31.801666666666666,0.09916666666666667,0.18999999999999997,52.64666666666667,0.07666666666666667,0.10416666666666667,74.67833333333333,0.008333333333333333,0.0325,0.4716666666666667,0.007500000000000001,0.10166666666666667,0.075,0.07333333333333333,0.022500000000000003,0.4183333333333333,0.4028571428571429,0.15642857142857144,0.1842857142857143,0.062142857142857146,0.1978571428571429,0.045,0.15285714285714283,0.08357142857142856,0.07928571428571428,1.1157142857142859,0.052142857142857144,0.14214285714285715,37.17142857142857,0.09214285714285715,0.17214285714285715,53.24285714285715,0.062142857142857146,0.08785714285714286,71.67857142857143,0.004285714285714286,0.028571428571428574,0.3985714285714286,0.0071428571428571435,0.09214285714285715,0.07571428571428572,0.07928571428571428,0.025714285714285717,0.445
87,83,2016-12-16,10,1,2016-2017,Caxias do Sul Basquete,Macaé Basquete,1,0.35444444444444445,0.09499999999999997,0.1811111111111111,0.07833333333333332,0.15777777777777777,0.03944444444444444,0.11833333333333333,0.0661111111111111,0.06777777777777777,1.011111111111111,0.03166666666666667,0.10222222222222221,30.667777777777776,0.09055555555555556,0.2038888888888889,44.52444444444445,0.07833333333333332,0.10888888888888888,73.25666666666666,0.0044444444444444444,0.03166666666666666,0.44555555555555554,0.008333333333333333,0.10055555555555555,0.08555555555555555,0.06777777777777777,0.018333333333333337,0.3361111111111111,0.37928571428571434,0.12214285714285714,0.1957142857142857,0.06142857142857143,0.16999999999999998,0.06571428571428571,0.1042857142857143,0.07571428571428572,0.06499999999999999,1.2242857142857144,0.04071428571428572,0.12,33.082857142857144,0.09785714285714285,0.21714285714285714,45.28285714285715,0.06142857142857143,0.07785714285714286,78.82571428571428,0.0035714285714285718,0.035,0.5599999999999999,0.0035714285714285718,0.1157142857142857,0.03428571428571429,0.06499999999999999,0.018571428571428572,0.38357142857142856
73,79,2016-12-17,10,1,2016-2017,Fortaleza B. C. / CFO,Bauru Basket,0,0.39125,0.14062500000000003,0.19874999999999998,0.051875000000000004,0.19000000000000003,0.063125,0.12687500000000002,0.06375,0.0675,0.9512500000000002,0.046875,0.136875,34.295,0.09937499999999999,0.203125,48.676249999999996,0.051875000000000004,0.07250000000000001,68.36,0.005625,0.042499999999999996,0.67875,0.00875,0.09249999999999999,0.09375000000000001,0.0675,0.012499999999999999,0.414375,0.40875000000000006,0.16500000000000004,0.17875000000000002,0.065,0.19562500000000002,0.0425,0.15312499999999998,0.08562499999999999,0.07937499999999999,1.1325,0.055,0.14375,38.57375,0.08937500000000001,0.170625,52.056250000000006,0.065,0.090625,72.3775,0.004375,0.02875,0.39625,0.00625,0.09,0.06625,0.07937499999999999,0.023750000000000004,0.45
77,86,2016-12-17,10,1,2016-2017,Vitória,Sesi Franca,0,0.3792857142857143,0.10714285714285716,0.19999999999999998,0.07214285714285715,0.18285714285714283,0.044285714285714275,0.1385714285714286,0.08285714285714287,0.07214285714285715,1.272857142857143,0.03571428571428571,0.10785714285714285,32.49714285714286,0.09999999999999999,0.19428571428571426,51.94428571428572,0.07214285714285715,0.09642857142857143,76.86714285714285,0.007857142857142858,0.032857142857142856,0.48142857142857143,0.0071428571428571435,0.10285714285714286,0.07142857142857142,0.07214285714285715,0.020714285714285716,0.4221428571428571,0.39249999999999996,0.1125,0.20125,0.07875000000000001,0.161875,0.040624999999999994,0.12125,0.081875,0.07,1.2187500000000002,0.0375,0.11249999999999999,32.915,0.100625,0.1825,55.89874999999999,0.07875000000000001,0.10375,73.88625,0.009375,0.02875,0.45250000000000007,0.01125,0.10625,0.11,0.07,0.01625,0.424375
76,78,2016-12-19,11,1,2016-2017,Pinheiros,VipTech CMB,0,0.42250000000000004,0.09749999999999999,0.23899999999999996,0.08600000000000001,0.1925,0.06150000000000001,0.131,0.0895,0.06499999999999999,1.4449999999999998,0.03250000000000001,0.12250000000000001,27.007000000000005,0.11949999999999998,0.21400000000000002,55.762,0.08600000000000001,0.11299999999999999,76.28,0.016,0.043,0.67,0.011,0.10800000000000001,0.11400000000000002,0.06499999999999999,0.0195,0.48199999999999993,0.37150000000000005,0.1365,0.16299999999999998,0.07200000000000001,0.17849999999999996,0.055499999999999994,0.12300000000000003,0.07449999999999998,0.06850000000000002,1.168,0.0455,0.14100000000000001,32.053,0.08149999999999999,0.17049999999999998,48.205000000000005,0.07200000000000001,0.10149999999999999,71.476,0.0045,0.032999999999999995,0.518,0.016,0.10199999999999998,0.16499999999999998,0.06850000000000002,0.016,0.39099999999999996
59,67,2016-12-20,11,1,2016-2017,Macaé Basquete,Vitória,0,0.38375000000000004,0.12,0.19999999999999998,0.06375,0.168125,0.065625,0.10250000000000001,0.08,0.06375,1.32125,0.04000000000000001,0.120625,32.4475,0.09999999999999999,0.21875,45.8725,0.06375,0.0825,77.66874999999999,0.003125,0.035,0.57,0.0037500000000000003,0.11875,0.035,0.06375,0.01875,0.38875,0.38,0.10687500000000001,0.19999999999999998,0.073125,0.17437499999999997,0.041249999999999995,0.13312500000000002,0.083125,0.07125000000000001,1.2775,0.035625000000000004,0.10687499999999998,32.81,0.09999999999999999,0.19374999999999998,52.03,0.073125,0.099375,75.59249999999999,0.0075,0.0325,0.47875,0.00625,0.105625,0.0625,0.07125000000000001,0.019375000000000003,0.41374999999999995
88,94,2016-12-20,11,1,2016-2017,Flamengo,Fortaleza B. C. / CFO,0,0.45125,0.12937500000000002,0.22125,0.10062499999999999,0.203125,0.049999999999999996,0.153125,0.09249999999999999,0.06625,1.43,0.043125,0.12375,33.405,0.110625,0.19874999999999998,55.7925,0.10062499999999999,0.129375,76.725,0.004999999999999999,0.035625,0.52875,0.0075,0.09562499999999999,0.09,0.06625,0.015625,0.52625,0.38833333333333336,0.14500000000000002,0.1933333333333333,0.05000000000000001,0.19277777777777783,0.06444444444444444,0.12833333333333335,0.0661111111111111,0.06555555555555556,1.0344444444444445,0.04833333333333333,0.14222222222222222,34.08777777777778,0.09666666666666665,0.20222222222222222,47.54111111111111,0.05000000000000001,0.0688888888888889,70.48666666666666,0.005,0.04111111111111111,0.6699999999999999,0.009444444444444445,0.09277777777777776,0.10111111111111112,0.06555555555555556,0.012777777777777777,0.4138888888888889
82,49,2016-12-20,11,1,2016-2017,Paulistano,Caxias do Sul Basquete,1,0.41222222222222216,0.1433333333333333,0.1911111111111111,0.07777777777777778,0.19055555555555556,0.06833333333333333,0.12222222222222223,0.08888888888888888,0.06555555555555555,1.498888888888889,0.04777777777777778,0.13666666666666666,35.09222222222222,0.09555555555555555,0.20222222222222222,47.624444444444435,0.07777777777777778,0.095,81.34222222222223,0.011111111111111112,0.04055555555555556,0.6933333333333334,0.008333333333333333,0.0911111111111111,0.09777777777777778,0.06555555555555555,0.012222222222222223,0.46222222222222215,0.3625,0.09299999999999997,0.189,0.08049999999999999,0.1615,0.040499999999999994,0.121,0.072,0.06849999999999999,1.077,0.031000000000000007,0.10049999999999999,30.542,0.0945,0.20400000000000001,46.413,0.08049999999999999,0.1115,73.338,0.005,0.03,0.421,0.01,0.1025,0.09799999999999999,0.06849999999999999,0.018000000000000006,0.35750000000000004
75,86,2016-12-20,11,1,2016-2017,Bauru Basket,Minas,0,0.40722222222222226,0.17333333333333337,0.1677777777777778,0.0661111111111111,0.19833333333333336,0.043333333333333335,0.15499999999999997,0.08499999999999999,0.0772222222222222,1.1544444444444446,0.05777777777777778,0.1461111111111111,39.67444444444445,0.0838888888888889,0.16777777777777778,49.33777777777778,0.0661111111111111,0.09166666666666666,72.66888888888889,0.0044444444444444444,0.028333333333333335,0.39888888888888885,0.006111111111111111,0.08777777777777779,0.06666666666666668,0.0772222222222222,0.02277777777777778,0.44999999999999996,0.39444444444444443,0.11333333333333334,0.2144444444444444,0.06666666666666668,0.18388888888888888,0.05944444444444444,0.12444444444444443,0.08611111111111111,0.08,1.0955555555555556,0.03777777777777777,0.12277777777777778,31.401111111111113,0.1072222222222222,0.1961111111111111,54.28777777777778,0.06666666666666668,0.09277777777777779,72.99000000000001,0.009444444444444445,0.03722222222222223,0.48111111111111104,0.005555555555555556,0.11,0.05444444444444444,0.08,0.024444444444444442,0.42722222222222217
77,70,2016-12-20,11,1,2016-2017,Sesi Franca,Brasília,1,0.39666666666666667,0.11666666666666667,0.20111111111111113,0.0788888888888889,0.16555555555555557,0.04333333333333333,0.12222222222222223,0.07944444444444446,0.07055555555555555,1.1722222222222225,0.03888888888888889,0.11388888888888887,33.70222222222222,0.10055555555555556,0.18333333333333332,55.53555555555555,0.0788888888888889,0.1061111111111111,72.78777777777778,0.008333333333333333,0.029444444444444447,0.45444444444444454,0.01,0.10833333333333334,0.09777777777777778,0.07055555555555555,0.017222222222222222,0.4255555555555556,0.42500000000000004,0.15333333333333335,0.19999999999999998,0.07166666666666667,0.18944444444444444,0.04888888888888889,0.14055555555555557,0.10833333333333334,0.07222222222222223,1.6444444444444442,0.05111111111111112,0.12111111111111111,40.75,0.09999999999999999,0.18611111111111114,53.8111111111111,0.07166666666666667,0.09444444444444444,75.16888888888889,0.007222222222222223,0.023333333333333334,0.3355555555555556,0.013888888888888888,0.08722222222222221,0.15666666666666665,0.07222222222222223,0.018333333333333333,0.508888888888889
74,70,2016-12-20,11,1,2016-2017,L. Sorocabana,R10 Score Vasco da Gama,1,0.3577777777777778,0.12333333333333332,0.1788888888888889,0.05555555555555555,0.1816666666666667,0.06722222222222222,0.11444444444444445,0.06944444444444445,0.07944444444444443,0.9033333333333332,0.04111111111111111,0.12722222222222224,32.39,0.08944444444444445,0.1911111111111111,46.940000000000005,0.05555555555555555,0.06944444444444446,80.15666666666668,0.0044444444444444444,0.037222222222222226,0.4811111111111111,0.007222222222222223,0.11444444444444445,0.061111111111111116,0.07944444444444443,0.025555555555555554,0.3722222222222222,0.36999999999999994,0.12,0.18,0.07,0.16375,0.044375000000000005,0.119375,0.079375,0.06812499999999999,1.18,0.04000000000000001,0.11687499999999999,32.6575,0.09,0.17875,50.883750000000006,0.07,0.09249999999999999,75.04624999999999,0.0075,0.033749999999999995,0.50375,0.006874999999999999,0.0875,0.08625000000000001,0.06812499999999999,0.019375000000000003,0.3975000000000001
74,67,2016-12-21,12,1,2016-2017,Pinheiros,Mogi,1,0.4186363636363637,0.09954545454545452,0.23363636363636361,0.08545454545454546,0.195,0.06227272727272728,0.13272727272727272,0.08863636363636362,0.0659090909090909,1.410909090909091,0.03318181818181819,0.12454545454545456,27.060000000000002,0.11681818181818181,0.20954545454545456,55.65181818181818,0.08545454545454546,0.11409090909090908,75.16363636363637,0.014545454545454545,0.039999999999999994,0.620909090909091,0.012727272727272728,0.10590909090909091,0.13545454545454547,0.0659090909090909,0.01863636363636364,0.4763636363636363,0.425,0.1842857142857143,0.18,0.060714285714285714,0.165,0.04142857142857143,0.12357142857142857,0.11928571428571429,0.06571428571428571,1.887142857142857,0.06142857142857143,0.1464285714285714,41.041428571428575,0.09,0.16357142857142856,56.37285714285714,0.060714285714285714,0.07428571428571429,80.62,0.007857142857142858,0.05285714285714286,0.862857142857143,0.010714285714285716,0.095,0.11285714285714286,0.06571428571428571,0.012857142857142859,0.5349999999999999
64,53,2016-12-22,12,1,2016-2017,Macaé Basquete,Fortaleza B. C. / CFO,1,0.37388888888888894,0.11499999999999999,0.19666666666666666,0.06222222222222223,0.16666666666666666,0.06277777777777778,0.10388888888888889,0.08,0.065,1.2933333333333334,0.038333333333333344,0.11666666666666667,32.11,0.09833333333333333,0.21722222222222223,45.382222222222225,0.06222222222222223,0.08055555555555556,77.58555555555554,0.0033333333333333335,0.03277777777777778,0.5288888888888889,0.005555555555555556,0.11833333333333333,0.05000000000000001,0.065,0.018888888888888886,0.3783333333333333,0.39649999999999996,0.14700000000000002,0.19899999999999998,0.05050000000000001,0.19600000000000004,0.06399999999999999,0.13200000000000003,0.06849999999999999,0.0655,1.0690000000000002,0.049,0.142,34.608000000000004,0.09949999999999999,0.209,47.416999999999994,0.05050000000000001,0.07050000000000001,69.909,0.006,0.040999999999999995,0.6649999999999999,0.01,0.09599999999999999,0.10300000000000002,0.0655,0.013499999999999998,0.42400000000000004
62,79,2016-12-22,12,1,2016-2017,Bauru Basket,Brasília,0,0.4040000000000001,0.171,0.167,0.06599999999999999,0.193,0.043,0.14999999999999997,0.0865,0.07649999999999998,1.182,0.05700000000000001,0.14350000000000002,39.874,0.0835,0.16699999999999998,49.404,0.06599999999999999,0.0915,72.624,0.005,0.029000000000000005,0.409,0.007000000000000001,0.088,0.07700000000000001,0.07649999999999998,0.023,0.44749999999999995,0.4175,0.15150000000000002,0.19699999999999998,0.069,0.1895,0.05,0.1395,0.10600000000000001,0.071,1.6219999999999999,0.05050000000000001,0.12350000000000001,39.778,0.09849999999999999,0.18750000000000003,52.67999999999999,0.069,0.091,75.152,0.007000000000000001,0.023,0.3350000000000001,0.013999999999999999,0.0915,0.15299999999999997,0.071,0.0175,0.495
83,70,2016-12-22,12,1,2016-2017,L. Sorocabana,Caxias do Sul Basquete,1,0.35900000000000004,0.12449999999999999,0.178,0.056499999999999995,0.17700000000000002,0.0645,0.1125,0.071,0.08149999999999999,0.8979999999999999,0.041499999999999995,0.1265,32.900999999999996,0.089,0.18949999999999997,47.103,0.056499999999999995,0.07050000000000001,80.266,0.006,0.0395,0.493,0.007000000000000001,0.11600000000000002,0.05900000000000001,0.08149999999999999,0.026999999999999996,0.37249999999999994,0.3518181818181818,0.08454545454545452,0.1890909090909091,0.07818181818181819,0.16045454545454543,0.0409090909090909,0.11954545454545454,0.07045454545454545,0.07136363636363635,1.029090909090909,0.028181818181818186,0.09772727272727272,27.765454545454546,0.09454545454545454,0.20454545454545456,46.306363636363635,0.07818181818181819,0.10818181818181817,73.33727272727272,0.005454545454545455,0.030454545454545453,0.4145454545454545,0.009545454545454546,0.10136363636363636,0.09454545454545453,0.07136363636363635,0.019090909090909096,0.34181818181818185
75,74,2016-12-22,12,1,2016-2017,Sesi Franca,Minas,1,0.3955,0.11699999999999999,0.201,0.07750000000000001,0.172,0.047,0.125,0.078,0.068,1.1990000000000003,0.03899999999999999,0.1125,34.332,0.1005,0.189,54.14899999999999,0.07750000000000001,0.1045,72.73100000000001,0.008,0.031,0.5090000000000001,0.010499999999999999,0.10800000000000001,0.10200000000000001,0.068,0.016999999999999998,0.43,0.398,0.123,0.20999999999999996,0.06500000000000002,0.1815,0.057999999999999996,0.12349999999999998,0.08549999999999999,0.07849999999999999,1.1090000000000002,0.040999999999999995,0.12349999999999998,33.646,0.10499999999999998,0.193,54.011,0.06500000000000002,0.0915,71.941,0.0095,0.03700000000000001,0.48699999999999993,0.006,0.1075,0.061,0.07849999999999999,0.024499999999999997,0.43249999999999994
98,87,2016-12-22,12,1,2016-2017,Flamengo,Vitória,1,0.44999999999999996,0.12666666666666668,0.2233333333333333,0.09999999999999999,0.2038888888888889,0.04944444444444444,0.15444444444444447,0.09444444444444443,0.06722222222222222,1.4344444444444444,0.042222222222222223,0.12722222222222224,32.20222222222222,0.11166666666666665,0.19888888888888887,56.26,0.09999999999999999,0.13,76.01888888888888,0.0061111111111111106,0.034999999999999996,0.5144444444444445,0.007222222222222223,0.09611111111111109,0.08555555555555555,0.06722222222222222,0.01611111111111111,0.5211111111111111,0.375,0.10833333333333334,0.1933333333333333,0.07333333333333332,0.17666666666666664,0.04333333333333333,0.13333333333333336,0.08055555555555556,0.07111111111111112,1.231111111111111,0.036111111111111115,0.10944444444444443,32.583333333333336,0.09666666666666665,0.18944444444444442,51.266666666666666,0.07333333333333332,0.09944444444444445,75.52666666666666,0.006666666666666666,0.03333333333333333,0.48888888888888893,0.007777777777777778,0.10444444444444444,0.07888888888888888,0.07111111111111112,0.021111111111111115,0.4099999999999999
94,60,2016-12-27,24,1,2016-2017,Flamengo,Caxias do Sul Basquete,1,0.454,0.1275,0.223,0.1035,0.20249999999999999,0.05049999999999999,0.152,0.09849999999999999,0.065,1.591,0.042499999999999996,0.1275,32.444,0.1115,0.19849999999999998,56.275,0.1035,0.13599999999999998,75.52199999999999,0.005999999999999999,0.03599999999999999,0.5630000000000001,0.006500000000000001,0.09699999999999999,0.077,0.065,0.016999999999999998,0.5279999999999999,0.3516666666666666,0.08499999999999998,0.18833333333333335,0.07833333333333332,0.16208333333333333,0.04416666666666666,0.11791666666666667,0.06708333333333334,0.07375,0.9683333333333334,0.02833333333333334,0.09791666666666667,27.951666666666668,0.09416666666666668,0.20458333333333334,46.10583333333333,0.07833333333333332,0.10875,73.02333333333333,0.005416666666666667,0.030833333333333334,0.4091666666666666,0.009166666666666668,0.10291666666666666,0.08999999999999998,0.07375,0.02083333333333334,0.33666666666666667
83,86,2017-01-03,12,1,2016-2017,Paulistano,R10 Score Vasco da Gama,0,0.4119999999999999,0.14699999999999996,0.18899999999999997,0.076,0.1945,0.06999999999999999,0.12450000000000001,0.093,0.06699999999999999,1.512,0.049,0.13999999999999999,35.112,0.09449999999999999,0.1975,48.34599999999999,0.076,0.094,80.26700000000001,0.011,0.0405,0.674,0.009,0.092,0.10300000000000001,0.06699999999999999,0.0125,0.4699999999999999,0.36777777777777776,0.11499999999999999,0.18,0.07277777777777777,0.16166666666666668,0.042777777777777776,0.11888888888888889,0.07611111111111112,0.07333333333333332,1.0966666666666667,0.038333333333333344,0.11388888888888887,32.11555555555555,0.09,0.17555555555555555,51.896666666666675,0.07277777777777777,0.09555555555555555,75.50444444444443,0.006666666666666666,0.034999999999999996,0.4911111111111111,0.007777777777777777,0.08777777777777777,0.09555555555555556,0.07333333333333332,0.022222222222222223,0.3911111111111112
95,94,2017-01-06,13,1,2016-2017,VipTech CMB,Mogi,1,0.3731818181818182,0.13499999999999998,0.16999999999999996,0.06818181818181819,0.18045454545454542,0.05772727272727272,0.12272727272727274,0.07409090909090908,0.06681818181818183,1.1890909090909092,0.04499999999999999,0.1431818181818182,31.34272727272727,0.08499999999999998,0.17545454545454545,48.6709090909091,0.06818181818181819,0.09727272727272726,69.93727272727273,0.004545454545454545,0.03409090909090909,0.5527272727272728,0.015000000000000001,0.10272727272727272,0.15454545454545454,0.06681818181818183,0.015454545454545455,0.3922727272727272,0.41375,0.178125,0.1725,0.063125,0.170625,0.045000000000000005,0.125625,0.11125,0.06874999999999999,1.7274999999999998,0.059375,0.145625,39.92875,0.08625,0.165,53.612500000000004,0.063125,0.079375,79.23875000000001,0.006875,0.0525,0.8250000000000002,0.010000000000000002,0.09625,0.10500000000000001,0.06874999999999999,0.011875000000000002,0.5081249999999999
89,69,2017-01-07,13,1,2016-2017,Bauru Basket,Sesi Franca,1,0.3954545454545455,0.16363636363636366,0.16636363636363638,0.06545454545454545,0.19272727272727275,0.04454545454545455,0.14818181818181816,0.08318181818181818,0.07363636363636362,1.1754545454545455,0.05454545454545456,0.14363636363636365,38.13,0.08318181818181819,0.16954545454545455,48.64272727272728,0.06545454545454545,0.08999999999999998,73.29454545454546,0.004545454545454546,0.02863636363636364,0.4227272727272728,0.00681818181818182,0.08818181818181818,0.07545454545454545,0.07363636363636362,0.022272727272727274,0.43318181818181817,0.3936363636363636,0.11454545454545455,0.19636363636363638,0.08272727272727275,0.1709090909090909,0.04772727272727273,0.12318181818181818,0.07772727272727273,0.06636363636363637,1.2263636363636365,0.03818181818181818,0.11045454545454546,34.24090909090909,0.09818181818181819,0.1868181818181818,53.35818181818181,0.08272727272727275,0.11454545454545455,71.82727272727273,0.008636363636363636,0.031818181818181815,0.5354545454545455,0.010454545454545454,0.10909090909090911,0.1,0.06636363636363637,0.01681818181818182,0.4254545454545454
78,73,2017-01-07,13,1,2016-2017,Caxias do Sul Basquete,R10 Score Vasco da Gama,1,0.34769230769230763,0.08076923076923076,0.1907692307692308,0.07615384615384616,0.16153846153846152,0.04384615384615384,0.1176923076923077,0.06769230769230769,0.07461538461538461,0.9615384615384617,0.02692307692307693,0.09692307692307692,26.706153846153846,0.0953846153846154,0.20615384615384616,46.32,0.07615384615384616,0.10461538461538461,74.39923076923077,0.005,0.03192307692307692,0.41846153846153844,0.009615384615384616,0.1023076923076923,0.09538461538461537,0.07461538461538461,0.020769230769230776,0.3346153846153846,0.374,0.11549999999999998,0.18,0.0785,0.1645,0.044,0.12050000000000001,0.075,0.07349999999999998,1.0739999999999998,0.038500000000000006,0.11299999999999999,32.714,0.09,0.176,51.70700000000001,0.0785,0.10099999999999998,76.62099999999998,0.006,0.033499999999999995,0.469,0.006999999999999999,0.0925,0.08600000000000001,0.07349999999999998,0.022,0.3975000000000001
71,92,2017-01-07,13,1,2016-2017,L. Sorocabana,Paulistano,0,0.3640909090909091,0.1309090909090909,0.17363636363636364,0.05954545454545454,0.17500000000000002,0.06318181818181819,0.11181818181818182,0.07318181818181818,0.08136363636363635,0.9245454545454543,0.04363636363636363,0.12500000000000003,35.28181818181818,0.08681818181818182,0.18636363636363634,46.63363636363636,0.05954545454545454,0.07636363636363637,79.03,0.006363636363636363,0.03909090909090909,0.4881818181818182,0.008181818181818182,0.11727272727272728,0.06727272727272728,0.08136363636363635,0.028181818181818176,0.38045454545454543,0.4122727272727272,0.14999999999999997,0.1818181818181818,0.08045454545454546,0.19045454545454546,0.06909090909090909,0.12136363636363638,0.09045454545454544,0.0668181818181818,1.4654545454545456,0.05,0.1427272727272727,35.12818181818182,0.0909090909090909,0.19181818181818186,47.65454545454545,0.08045454545454546,0.09999999999999999,80.07272727272728,0.01,0.038181818181818185,0.6336363636363637,0.00909090909090909,0.09636363636363637,0.1,0.0668181818181818,0.011818181818181818,0.4604545454545454
92,79,2017-01-07,13,1,2016-2017,Brasília,Minas,1,0.41545454545454547,0.15000000000000002,0.19818181818181815,0.06727272727272728,0.19318181818181818,0.04954545454545455,0.14363636363636365,0.10363636363636365,0.06954545454545455,1.6063636363636362,0.05000000000000002,0.12272727272727274,39.71909090909091,0.09909090909090908,0.18863636363636366,52.66363636363636,0.06727272727272728,0.0890909090909091,74.81363636363636,0.006363636363636364,0.022727272727272728,0.33727272727272734,0.012727272727272726,0.09318181818181817,0.13909090909090907,0.06954545454545455,0.017727272727272727,0.49409090909090914,0.39545454545454545,0.12272727272727274,0.20545454545454545,0.06727272727272728,0.18181818181818182,0.057272727272727274,0.12454545454545453,0.08545454545454545,0.07863636363636363,1.1045454545454547,0.0409090909090909,0.1209090909090909,34.41545454545455,0.10272727272727272,0.19090909090909092,53.37909090909091,0.06727272727272728,0.09499999999999999,71.69454545454546,0.009090909090909092,0.03500000000000001,0.45999999999999996,0.007727272727272728,0.1109090909090909,0.07090909090909091,0.07863636363636363,0.02318181818181818,0.43090909090909085
77,82,2017-01-07,13,1,2016-2017,Fortaleza B. C. / CFO,Vitória,0,0.3845454545454545,0.14045454545454547,0.19454545454545452,0.04954545454545456,0.1945454545454546,0.062272727272727264,0.1322727272727273,0.06636363636363636,0.06454545454545456,1.0463636363636366,0.04681818181818182,0.14136363636363636,33.14545454545455,0.09727272727272726,0.20590909090909087,47.00272727272727,0.04954545454545456,0.07045454545454546,68.74818181818182,0.005454545454545454,0.04045454545454545,0.6627272727272726,0.009090909090909092,0.09499999999999999,0.09363636363636366,0.06454545454545456,0.01227272727272727,0.4063636363636364,0.381,0.10650000000000001,0.19899999999999998,0.07549999999999998,0.1785,0.046,0.1325,0.0835,0.07100000000000002,1.2650000000000001,0.0355,0.10999999999999999,31.933999999999997,0.09949999999999999,0.19349999999999998,51.575,0.07549999999999998,0.1015,75.89099999999999,0.006999999999999999,0.031,0.454,0.007000000000000001,0.10699999999999998,0.071,0.07100000000000002,0.0205,0.4154999999999999
86,78,2017-01-10,14,1,2016-2017,Minas,Macaé Basquete,1,0.3954166666666666,0.125,0.205,0.06541666666666668,0.18125,0.05708333333333334,0.12416666666666665,0.08583333333333333,0.07916666666666665,1.1008333333333336,0.041666666666666664,0.12374999999999999,34.23583333333334,0.1025,0.19041666666666668,53.435,0.06541666666666668,0.09333333333333332,70.72000000000001,0.009583333333333334,0.03500000000000001,0.4558333333333333,0.007083333333333334,0.11,0.065,0.07916666666666665,0.023749999999999993,0.42749999999999994,0.3685,0.11399999999999999,0.19199999999999998,0.0625,0.1685,0.05900000000000001,0.1095,0.08099999999999999,0.0635,1.344,0.03800000000000001,0.11800000000000002,31.591,0.09599999999999999,0.2085,46.613,0.0625,0.0805,77.95199999999998,0.003,0.03300000000000001,0.546,0.006,0.1135,0.05900000000000001,0.0635,0.017499999999999998,0.38299999999999995
89,66,2017-01-10,14,1,2016-2017,Mogi,Bauru Basket,1,0.42000000000000004,0.18166666666666667,0.17555555555555555,0.06277777777777777,0.1688888888888889,0.04166666666666667,0.12722222222222224,0.10888888888888888,0.06777777777777777,1.702222222222222,0.06055555555555555,0.14666666666666667,40.510000000000005,0.08777777777777777,0.1638888888888889,54.824444444444445,0.06277777777777777,0.08055555555555555,77.84222222222223,0.007222222222222223,0.049999999999999996,0.7888888888888891,0.009444444444444446,0.0961111111111111,0.0988888888888889,0.06777777777777777,0.011666666666666667,0.5094444444444444,0.3995833333333334,0.165,0.1691666666666667,0.06541666666666666,0.19416666666666668,0.04624999999999999,0.14791666666666667,0.08708333333333333,0.07125,1.3183333333333334,0.055000000000000014,0.145,38.0775,0.08458333333333334,0.17208333333333334,48.755833333333335,0.06541666666666666,0.09041666666666666,72.88833333333334,0.004166666666666667,0.029166666666666674,0.45250000000000007,0.006666666666666668,0.08833333333333333,0.07416666666666667,0.07125,0.020833333333333332,0.4429166666666666
81,83,2017-01-10,14,1,2016-2017,VipTech CMB,Sesi Franca,0,0.38166666666666665,0.1425,0.17166666666666663,0.0675,0.18166666666666664,0.057499999999999996,0.12416666666666669,0.07375,0.06500000000000002,1.22,0.047499999999999994,0.14500000000000002,32.51833333333333,0.08583333333333332,0.1775,48.573333333333345,0.0675,0.09624999999999999,69.99166666666666,0.005,0.03416666666666666,0.5716666666666668,0.015833333333333335,0.10041666666666665,0.16916666666666666,0.06500000000000002,0.015000000000000001,0.4041666666666666,0.38958333333333334,0.1125,0.19416666666666668,0.08291666666666668,0.17208333333333334,0.04708333333333334,0.125,0.07708333333333334,0.0675,1.1975000000000002,0.0375,0.11333333333333334,33.111666666666665,0.09708333333333334,0.18374999999999997,53.63416666666666,0.08291666666666668,0.11416666666666668,72.28083333333333,0.007916666666666667,0.030833333333333334,0.5116666666666667,0.009583333333333333,0.10750000000000003,0.09166666666666667,0.0675,0.017083333333333332,0.41791666666666666
93,99,2017-01-11,14,1,2016-2017,Caxias do Sul Basquete,Pinheiros,0,0.35071428571428565,0.08249999999999999,0.19000000000000003,0.07821428571428571,0.16107142857142853,0.04285714285714286,0.11821428571428572,0.07071428571428572,0.07464285714285714,0.997857142857143,0.027500000000000007,0.09821428571428571,26.97214285714286,0.09500000000000001,0.20214285714285715,47.29714285714285,0.07821428571428571,0.10714285714285714,74.44214285714285,0.006071428571428572,0.032857142857142856,0.4314285714285714,0.009285714285714286,0.10428571428571429,0.09142857142857141,0.07464285714285714,0.01964285714285715,0.3432142857142857,0.41458333333333336,0.09999999999999998,0.22999999999999998,0.08458333333333334,0.19583333333333333,0.06083333333333334,0.13499999999999998,0.08583333333333332,0.06624999999999999,1.3591666666666666,0.03333333333333333,0.12458333333333334,27.138333333333335,0.11499999999999999,0.20958333333333334,54.784166666666664,0.08458333333333334,0.11208333333333333,75.84416666666668,0.01375,0.041249999999999995,0.635,0.014166666666666668,0.10791666666666666,0.14333333333333334,0.06624999999999999,0.0175,0.47208333333333324
74,76,2017-01-11,14,1,2016-2017,Fortaleza B. C. / CFO,Paulistano,0,0.3845833333333333,0.14250000000000002,0.18749999999999997,0.054583333333333345,0.19500000000000006,0.06374999999999999,0.13125,0.06624999999999999,0.06375000000000001,1.0575,0.04750000000000001,0.14083333333333334,33.778333333333336,0.09374999999999999,0.20375,45.63249999999999,0.054583333333333345,0.07666666666666667,69.34083333333334,0.005833333333333333,0.04041666666666666,0.6683333333333333,0.009583333333333334,0.09666666666666666,0.09666666666666668,0.06375000000000001,0.012083333333333333,0.40666666666666673,0.41624999999999995,0.15374999999999997,0.18333333333333332,0.07916666666666666,0.1875,0.06708333333333334,0.12041666666666669,0.08916666666666666,0.06583333333333333,1.4566666666666668,0.05125,0.1445833333333333,35.483333333333334,0.09166666666666666,0.19041666666666668,48.44499999999999,0.07916666666666666,0.09791666666666665,80.6225,0.01,0.037916666666666675,0.6341666666666667,0.008333333333333333,0.09791666666666667,0.09166666666666667,0.06583333333333333,0.012083333333333335,0.46249999999999997
74,69,2017-01-11,14,1,2016-2017,Vitória,L. Sorocabana,1,0.3836363636363636,0.10636363636363638,0.19999999999999998,0.07727272727272726,0.18136363636363637,0.04818181818181819,0.1331818181818182,0.08590909090909092,0.07045454545454546,1.3036363636363637,0.035454545454545454,0.10863636363636363,32.379999999999995,0.09999999999999999,0.19636363636363632,51.129090909090905,0.07727272727272726,0.10363636363636365,75.90090909090908,0.00818181818181818,0.030454545454545456,0.44727272727272727,0.007272727272727273,0.10909090909090907,0.07181818181818181,0.07045454545454546,0.020454545454545454,0.42227272727272724,0.3633333333333333,0.13125,0.17250000000000001,0.05958333333333332,0.1704166666666667,0.05833333333333334,0.11208333333333333,0.07125,0.08208333333333331,0.8941666666666666,0.043750000000000004,0.12208333333333336,36.50833333333333,0.08625000000000001,0.1825,47.509166666666665,0.05958333333333332,0.07666666666666667,78.69416666666667,0.0062499999999999995,0.037916666666666675,0.4708333333333334,0.009166666666666668,0.11375,0.08416666666666668,0.08208333333333331,0.02916666666666666,0.37833333333333324
60,89,2017-01-12,15,1,2016-2017,Minas,Flamengo,0,0.398076923076923,0.12692307692307692,0.20384615384615384,0.06730769230769232,0.18038461538461537,0.056538461538461544,0.12384615384615384,0.08846153846153845,0.07923076923076922,1.1315384615384618,0.0423076923076923,0.1223076923076923,35.26538461538462,0.10192307692307692,0.18923076923076923,53.50076923076923,0.06730769230769232,0.09499999999999999,71.30000000000001,0.01,0.03500000000000002,0.45461538461538464,0.008076923076923077,0.10923076923076924,0.07538461538461538,0.07923076923076922,0.023846153846153843,0.4357692307692307,0.45545454545454545,0.1281818181818182,0.22454545454545452,0.10272727272727272,0.20318181818181816,0.05136363636363636,0.15181818181818182,0.10181818181818181,0.065,1.6354545454545457,0.042727272727272725,0.12545454545454546,33.39090909090909,0.11227272727272726,0.2009090909090909,56.00727272727273,0.10272727272727272,0.13454545454545455,75.85363636363635,0.005454545454545454,0.0359090909090909,0.560909090909091,0.00818181818181818,0.0959090909090909,0.09636363636363637,0.065,0.01636363636363636,0.5363636363636363
74,72,2017-01-12,15,1,2016-2017,Brasília,Macaé Basquete,1,0.4191666666666667,0.15125000000000002,0.19999999999999998,0.06791666666666667,0.19375,0.05000000000000001,0.14375000000000002,0.10416666666666669,0.06958333333333333,1.6033333333333333,0.050416666666666686,0.12458333333333334,39.57,0.09999999999999999,0.18916666666666668,52.97583333333333,0.06791666666666667,0.09000000000000001,74.82916666666667,0.007083333333333334,0.024583333333333332,0.36250000000000004,0.012499999999999999,0.09166666666666666,0.1383333333333333,0.06958333333333333,0.0175,0.4991666666666667,0.3704545454545455,0.11727272727272725,0.18909090909090906,0.06409090909090909,0.16636363636363638,0.05772727272727274,0.10863636363636364,0.08363636363636363,0.065,1.3472727272727274,0.0390909090909091,0.11636363636363639,33.264545454545456,0.09454545454545453,0.20681818181818182,46.20363636363636,0.06409090909090909,0.08227272727272728,78.1381818181818,0.003181818181818182,0.03181818181818183,0.519090909090909,0.00681818181818182,0.11272727272727273,0.06636363636363637,0.065,0.017727272727272727,0.38636363636363635
82,63,2017-01-12,15,1,2016-2017,Mogi,Sesi Franca,1,0.42250000000000004,0.177,0.181,0.06449999999999999,0.16999999999999998,0.041,0.129,0.1105,0.06649999999999999,1.759,0.059,0.147,39.459,0.0905,0.164,56.312,0.06449999999999999,0.08349999999999999,77.331,0.008,0.048,0.7650000000000001,0.009000000000000003,0.096,0.09400000000000001,0.06649999999999999,0.0115,0.5129999999999999,0.3915384615384615,0.11538461538461539,0.19384615384615383,0.08230769230769232,0.1757692307692308,0.0476923076923077,0.1280769230769231,0.07884615384615386,0.06846153846153846,1.2015384615384617,0.03846153846153846,0.115,33.41384615384615,0.09692307692307692,0.18346153846153845,53.56846153846153,0.08230769230769232,0.11384615384615386,71.96538461538461,0.008076923076923077,0.030000000000000002,0.4915384615384616,0.009615384615384614,0.10730769230769233,0.09230769230769233,0.06846153846153846,0.01769230769230769,0.42269230769230764
62,82,2017-01-12,15,1,2016-2017,VipTech CMB,Bauru Basket,0,0.38346153846153846,0.14307692307692307,0.1723076923076923,0.06807692307692308,0.1811538461538461,0.05692307692307692,0.12423076923076924,0.07230769230769231,0.06423076923076926,1.2030769230769232,0.047692307692307694,0.1430769230769231,33.222307692307695,0.08615384615384615,0.18076923076923077,47.98384615384616,0.06807692307692308,0.0973076923076923,69.85230769230769,0.004615384615384615,0.03461538461538461,0.583846153846154,0.016923076923076923,0.10076923076923075,0.17846153846153845,0.06423076923076926,0.015384615384615385,0.40499999999999997,0.3942307692307693,0.16384615384615386,0.16615384615384615,0.06423076923076923,0.19115384615384615,0.04461538461538461,0.14653846153846153,0.08538461538461538,0.07076923076923076,1.2938461538461539,0.05461538461538463,0.15,36.980000000000004,0.08307692307692308,0.16615384615384615,50.26846153846154,0.06423076923076923,0.09,71.80615384615385,0.0038461538461538464,0.030000000000000006,0.46538461538461545,0.00653846153846154,0.09000000000000001,0.07230769230769232,0.07076923076923076,0.02,0.4323076923076922
72,70,2017-01-13,15,1,2016-2017,R10 Score Vasco da Gama,Pinheiros,1,0.3731818181818181,0.11454545454545452,0.17818181818181816,0.08045454545454546,0.1622727272727273,0.041363636363636366,0.12090909090909091,0.07590909090909091,0.07409090909090908,1.0727272727272725,0.038181818181818185,0.11227272727272726,32.769999999999996,0.08909090909090908,0.17272727272727273,52.20090909090909,0.08045454545454546,0.10318181818181817,76.9281818181818,0.005454545454545454,0.03318181818181818,0.4609090909090909,0.006818181818181818,0.09545454545454544,0.08181818181818183,0.07409090909090908,0.021818181818181816,0.39681818181818185,0.42076923076923084,0.09923076923076922,0.23384615384615384,0.08769230769230771,0.19538461538461538,0.0603846153846154,0.13499999999999998,0.0873076923076923,0.06653846153846153,1.3699999999999999,0.03307692307692308,0.12230769230769231,27.48,0.11692307692307692,0.20961538461538462,55.69846153846153,0.08769230769230771,0.11653846153846154,75.66615384615385,0.013076923076923078,0.040769230769230766,0.6246153846153847,0.013846153846153848,0.10807692307692308,0.13923076923076924,0.06653846153846153,0.017692307692307695,0.4807692307692307
86,85,2017-01-13,15,1,2016-2017,Fortaleza B. C. / CFO,L. Sorocabana,1,0.3834615384615384,0.1453846153846154,0.18384615384615383,0.05423076923076924,0.19538461538461546,0.06192307692307692,0.13346153846153846,0.065,0.0626923076923077,1.0530769230769232,0.04846153846153847,0.13999999999999999,34.730000000000004,0.09192307692307691,0.2015384615384615,45.199230769230766,0.05423076923076924,0.07653846153846154,69.13538461538461,0.005384615384615384,0.038846153846153836,0.6476923076923077,0.009230769230769232,0.09653846153846153,0.09307692307692308,0.0626923076923077,0.012307692307692306,0.40576923076923077,0.36192307692307685,0.12576923076923077,0.17461538461538464,0.06153846153846153,0.17269230769230773,0.060000000000000005,0.11269230769230767,0.07192307692307692,0.08346153846153845,0.8869230769230769,0.041923076923076924,0.1234615384615385,34.799230769230775,0.08730769230769232,0.18384615384615385,47.70076923076923,0.06153846153846153,0.07807692307692309,79.52307692307691,0.006153846153846154,0.03961538461538462,0.4807692307692308,0.008846153846153847,0.11692307692307692,0.08000000000000002,0.08346153846153845,0.029230769230769223,0.37692307692307686
85,73,2017-01-13,15,1,2016-2017,Vitória,Paulistano,1,0.3825,0.10375000000000001,0.19166666666666665,0.08708333333333333,0.17958333333333332,0.04583333333333334,0.13375000000000004,0.08416666666666667,0.07291666666666667,1.2491666666666668,0.034583333333333334,0.10666666666666665,32.1325,0.09583333333333333,0.1908333333333333,50.07333333333333,0.08708333333333333,0.11416666666666668,76.64083333333332,0.0075,0.03125,0.44333333333333336,0.007083333333333334,0.10791666666666665,0.06999999999999999,0.07291666666666667,0.020416666666666666,0.4175,0.4134615384615384,0.15576923076923077,0.1792307692307692,0.07846153846153846,0.18653846153846151,0.06461538461538462,0.12192307692307695,0.09076923076923077,0.06384615384615384,1.5561538461538462,0.051923076923076926,0.1469230769230769,35.39153846153847,0.0896153846153846,0.18692307692307694,48.16692307692308,0.07846153846153846,0.09769230769230768,80.08846153846154,0.009615384615384616,0.03653846153846155,0.6238461538461538,0.008461538461538461,0.09692307692307692,0.09384615384615386,0.06384615384615384,0.011923076923076925,0.46038461538461534
95,83,2017-01-14,14,1,2016-2017,Brasília,Flamengo,1,0.4153846153846154,0.15000000000000002,0.1992307692307692,0.06615384615384616,0.19230769230769232,0.05000000000000001,0.1423076923076923,0.10269230769230771,0.06923076923076922,1.5807692307692305,0.05000000000000002,0.12346153846153848,39.67307692307692,0.0996153846153846,0.19,52.55461538461538,0.06615384615384616,0.08961538461538462,73.14538461538463,0.006923076923076924,0.02538461538461538,0.37615384615384617,0.01346153846153846,0.09076923076923077,0.1515384615384615,0.06923076923076922,0.017692307692307695,0.4926923076923077,0.45458333333333334,0.12750000000000003,0.22666666666666666,0.10041666666666665,0.20624999999999996,0.05291666666666667,0.15333333333333332,0.10083333333333333,0.06625,1.5933333333333335,0.0425,0.12458333333333332,33.50666666666667,0.11333333333333333,0.20333333333333334,55.86916666666667,0.10041666666666665,0.13083333333333333,76.47666666666666,0.005416666666666666,0.03666666666666666,0.5608333333333334,0.009583333333333333,0.09375,0.11833333333333333,0.06625,0.016666666666666666,0.5391666666666667
58,69,2017-01-16,9,1,2016-2017,Macaé Basquete,R10 Score Vasco da Gama,0,0.3695833333333334,0.11749999999999998,0.19166666666666665,0.06041666666666667,0.16833333333333333,0.058750000000000004,0.10958333333333332,0.08458333333333333,0.065,1.3566666666666667,0.039166666666666676,0.11791666666666668,32.961666666666666,0.09583333333333333,0.20666666666666667,46.824999999999996,0.06041666666666667,0.0775,78.29333333333332,0.002916666666666667,0.030416666666666675,0.49500000000000005,0.007083333333333334,0.11083333333333334,0.07,0.065,0.017916666666666664,0.38833333333333336,0.3720833333333333,0.11499999999999999,0.17666666666666664,0.08041666666666666,0.16333333333333336,0.042916666666666665,0.12041666666666667,0.07625,0.07208333333333332,1.1166666666666665,0.03833333333333334,0.11458333333333333,32.419999999999995,0.08833333333333332,0.1725,51.7725,0.08041666666666666,0.10249999999999998,77.53499999999998,0.005833333333333333,0.034166666666666665,0.4975,0.007083333333333333,0.09749999999999999,0.08166666666666668,0.07208333333333332,0.020833333333333332,0.3983333333333334
57,83,2017-01-17,6,1,2016-2017,Mogi,Flamengo,0,0.42136363636363644,0.1731818181818182,0.1827272727272727,0.06545454545454545,0.1709090909090909,0.042272727272727274,0.12863636363636363,0.1109090909090909,0.06772727272727272,1.7300000000000002,0.05772727272727273,0.14636363636363636,38.79363636363637,0.09136363636363636,0.16590909090909092,56.10636363636363,0.06545454545454545,0.08545454545454545,76.79454545454546,0.00818181818181818,0.05,0.7754545454545455,0.008636363636363638,0.09772727272727272,0.08909090909090911,0.06772727272727272,0.011363636363636364,0.5109090909090909,0.45153846153846156,0.12461538461538464,0.22923076923076918,0.09769230769230768,0.20576923076923076,0.054615384615384614,0.15115384615384614,0.10115384615384615,0.06615384615384616,1.5953846153846156,0.04153846153846154,0.12346153846153846,33.026923076923076,0.11461538461538459,0.2053846153846154,55.91923076923077,0.09769230769230768,0.12692307692307694,76.84384615384614,0.004999999999999999,0.03461538461538461,0.5292307692307693,0.008846153846153846,0.09,0.10923076923076923,0.06615384615384616,0.016923076923076923,0.5338461538461539
69,75,2017-01-19,5,1,2016-2017,Mogi,Macaé Basquete,0,0.4100000000000001,0.16375,0.18166666666666664,0.06458333333333333,0.17333333333333334,0.04583333333333334,0.1275,0.10541666666666666,0.06708333333333333,1.6483333333333334,0.05458333333333334,0.14708333333333332,36.63583333333333,0.09083333333333332,0.1675,55.26,0.06458333333333333,0.08583333333333333,75.4875,0.0075,0.04875000000000001,0.7591666666666668,0.007916666666666669,0.09791666666666667,0.08166666666666668,0.06708333333333333,0.011250000000000001,0.4879166666666666,0.3634615384615385,0.11653846153846151,0.18692307692307691,0.060000000000000005,0.16846153846153847,0.05807692307692309,0.11038461538461539,0.08307692307692306,0.06615384615384615,1.3146153846153845,0.03884615384615386,0.11692307692307694,32.99,0.09346153846153846,0.20423076923076922,46.08,0.060000000000000005,0.07615384615384616,79.32230769230767,0.0026923076923076926,0.030384615384615395,0.48615384615384616,0.007307692307692308,0.10884615384615384,0.07384615384615385,0.06615384615384615,0.017307692307692305,0.38153846153846155
85,76,2017-01-19,17,1,2016-2017,R10 Score Vasco da Gama,Brasília,1,0.37,0.11192307692307692,0.18,0.07807692307692307,0.16192307692307692,0.04153846153846154,0.12038461538461538,0.07615384615384614,0.07038461538461538,1.146153846153846,0.03730769230769231,0.1123076923076923,32.18846153846154,0.09,0.17538461538461536,51.81923076923077,0.07807692307692307,0.09846153846153845,79.26307692307691,0.005769230769230769,0.03576923076923077,0.5438461538461539,0.007307692307692307,0.09653846153846153,0.08461538461538462,0.07038461538461538,0.020384615384615386,0.4,0.41964285714285715,0.14785714285714288,0.20928571428571427,0.06250000000000001,0.18928571428571428,0.04892857142857144,0.14035714285714287,0.10392857142857144,0.06607142857142857,1.8107142857142855,0.04928571428571431,0.12357142857142858,39.125,0.10464285714285713,0.19321428571428573,53.96785714285714,0.06250000000000001,0.08571428571428572,70.98214285714286,0.0071428571428571435,0.025357142857142856,0.42071428571428576,0.012857142857142857,0.09071428571428572,0.145,0.06607142857142857,0.016785714285714286,0.49892857142857144
80,83,2017-01-21,17,1,2016-2017,Flamengo,Sesi Franca,0,0.44892857142857145,0.1285714285714286,0.2264285714285714,0.0939285714285714,0.2032142857142857,0.05178571428571428,0.1514285714285714,0.10250000000000001,0.06571428571428573,1.6242857142857143,0.042857142857142864,0.12428571428571429,33.84214285714286,0.1132142857142857,0.20107142857142857,56.605000000000004,0.0939285714285714,0.12250000000000001,76.29999999999998,0.005357142857142856,0.033928571428571426,0.5214285714285715,0.009999999999999998,0.09214285714285715,0.11642857142857142,0.06571428571428573,0.01607142857142857,0.5349999999999999,0.38607142857142857,0.11464285714285714,0.19,0.08142857142857143,0.1757142857142857,0.04785714285714287,0.12785714285714286,0.07892857142857145,0.07214285714285715,1.1635714285714287,0.03821428571428571,0.1142857142857143,33.40785714285714,0.095,0.18285714285714283,52.599285714285706,0.08142857142857143,0.11250000000000002,72.08785714285715,0.007857142857142858,0.031071428571428573,0.4835714285714286,0.008928571428571428,0.10750000000000003,0.08571428571428573,0.07214285714285715,0.017499999999999998,0.41357142857142853
75,72,2017-01-22,8,1,2016-2017,Mogi,Vitória,1,0.405,0.16153846153846155,0.17769230769230765,0.06576923076923076,0.17384615384615387,0.04615384615384616,0.12769230769230772,0.10307692307692307,0.0673076923076923,1.603846153846154,0.05384615384615385,0.1473076923076923,36.12538461538462,0.08884615384615382,0.16692307692307695,54.13461538461539,0.06576923076923076,0.08730769230769231,75.54153846153847,0.006923076923076922,0.04884615384615386,0.7553846153846154,0.0076923076923076945,0.09730769230769232,0.08000000000000002,0.0673076923076923,0.012307692307692308,0.47807692307692307,0.38576923076923075,0.10384615384615385,0.1969230769230769,0.08499999999999999,0.18230769230769228,0.04615384615384616,0.13615384615384618,0.08499999999999999,0.07230769230769232,1.2653846153846153,0.03461538461538462,0.10461538461538461,33.026153846153846,0.09846153846153845,0.19538461538461535,50.22153846153846,0.08499999999999999,0.11115384615384616,76.89923076923075,0.007307692307692308,0.03153846153846154,0.4507692307692308,0.006538461538461539,0.10615384615384613,0.06461538461538462,0.07230769230769232,0.02,0.4257692307692308
75,78,2017-01-23,16,1,2016-2017,Macaé Basquete,Sesi Franca,0,0.3642857142857143,0.11999999999999998,0.1857142857142857,0.05857142857142857,0.17142857142857143,0.058214285714285725,0.11321428571428571,0.08249999999999999,0.06714285714285714,1.287857142857143,0.040000000000000015,0.11892857142857145,33.34285714285714,0.09285714285714285,0.20285714285714285,46.07071428571429,0.05857142857142857,0.07392857142857143,80.00571428571428,0.0025,0.02892857142857144,0.46071428571428574,0.007857142857142858,0.10821428571428572,0.07928571428571429,0.06714285714285714,0.017142857142857144,0.38357142857142856,0.388,0.113,0.19266666666666668,0.08233333333333334,0.179,0.04966666666666667,0.12933333333333333,0.07900000000000001,0.07,1.2193333333333336,0.03766666666666666,0.11566666666666667,32.662,0.09633333333333334,0.18566666666666665,52.49999999999999,0.08233333333333334,0.11433333333333336,71.806,0.007333333333333333,0.030999999999999996,0.5013333333333334,0.008333333333333333,0.10900000000000001,0.08000000000000002,0.07,0.016666666666666666,0.416
63,72,2017-01-24,16,1,2016-2017,Flamengo,Bauru Basket,0,0.4456666666666667,0.12500000000000003,0.22599999999999998,0.09466666666666665,0.205,0.05366666666666666,0.1513333333333333,0.10066666666666667,0.06500000000000002,1.6066666666666667,0.04166666666666667,0.12399999999999999,32.974666666666664,0.11299999999999999,0.20233333333333334,56.16466666666667,0.09466666666666665,0.12633333333333333,75.10199999999999,0.005333333333333332,0.033999999999999996,0.5293333333333333,0.010333333333333332,0.09366666666666666,0.11733333333333332,0.06500000000000002,0.015666666666666666,0.5273333333333333,0.3953571428571429,0.16285714285714287,0.16642857142857143,0.06607142857142857,0.19214285714285714,0.045,0.1471428571428571,0.08499999999999999,0.07071428571428572,1.282857142857143,0.054285714285714305,0.14928571428571427,36.88928571428572,0.08321428571428571,0.16571428571428573,50.472857142857144,0.06607142857142857,0.09178571428571428,72.26714285714286,0.003928571428571429,0.031071428571428576,0.47785714285714287,0.0075000000000000015,0.08857142857142859,0.08785714285714287,0.07071428571428572,0.02,0.4371428571428571
78,85,2017-01-25,16,1,2016-2017,Paulistano,VipTech CMB,0,0.41,0.1542857142857143,0.1807142857142857,0.075,0.185,0.06464285714285714,0.1203571428571429,0.09,0.062142857142857146,1.5878571428571429,0.051428571428571435,0.15035714285714286,34.512142857142855,0.09035714285714284,0.18607142857142858,48.80785714285714,0.075,0.0932142857142857,80.49000000000001,0.01,0.036428571428571435,0.6421428571428571,0.00857142857142857,0.09642857142857143,0.09500000000000001,0.062142857142857146,0.01142857142857143,0.45499999999999996,0.3782142857142857,0.14035714285714285,0.17214285714285713,0.06571428571428571,0.17999999999999997,0.05678571428571429,0.12321428571428573,0.07214285714285715,0.06535714285714288,1.18,0.046785714285714285,0.14071428571428574,33.122142857142855,0.08607142857142856,0.18285714285714286,47.44785714285715,0.06571428571428571,0.09428571428571428,69.40857142857142,0.005357142857142857,0.03499999999999999,0.577857142857143,0.016071428571428573,0.10071428571428571,0.16928571428571426,0.06535714285714288,0.015000000000000001,0.39678571428571424
60,90,2017-01-25,16,1,2016-2017,L. Sorocabana,Mogi,0,0.3664285714285714,0.12964285714285714,0.17500000000000004,0.06178571428571427,0.17285714285714288,0.06107142857142857,0.11178571428571428,0.07357142857142858,0.08392857142857142,0.8992857142857142,0.04321428571428571,0.12500000000000003,35.269285714285715,0.08750000000000002,0.18500000000000003,47.50785714285714,0.06178571428571427,0.07857142857142858,79.30499999999999,0.006071428571428572,0.0392857142857143,0.47428571428571425,0.008571428571428574,0.11678571428571428,0.07714285714285717,0.08392857142857142,0.029999999999999992,0.38071428571428567,0.4028571428571429,0.16285714285714287,0.17214285714285713,0.06785714285714285,0.17035714285714287,0.04535714285714287,0.12500000000000003,0.10285714285714286,0.0667857142857143,1.6085714285714288,0.054285714285714284,0.1464285714285714,36.71928571428571,0.08607142857142856,0.16500000000000004,52.81857142857143,0.06785714285714285,0.09,75.57428571428571,0.0064285714285714285,0.0492857142857143,0.7671428571428571,0.007500000000000002,0.09785714285714286,0.07785714285714287,0.0667857142857143,0.013214285714285715,0.47285714285714286
74,77,2017-01-25,16,1,2016-2017,Fortaleza B. C. / CFO,Pinheiros,0,0.38678571428571423,0.1392857142857143,0.19142857142857142,0.056071428571428585,0.19392857142857148,0.06142857142857143,0.1325,0.06678571428571428,0.06357142857142858,1.0635714285714286,0.04642857142857144,0.1357142857142857,34.035000000000004,0.09571428571428571,0.2039285714285714,46.37785714285714,0.056071428571428585,0.08,68.76857142857143,0.0067857142857142855,0.03857142857142857,0.635,0.01,0.09714285714285713,0.1,0.06357142857142858,0.012499999999999999,0.41107142857142864,0.41571428571428576,0.09642857142857142,0.2307142857142857,0.08857142857142859,0.19642857142857142,0.06178571428571429,0.13464285714285712,0.08607142857142856,0.06714285714285714,1.3385714285714285,0.03214285714285715,0.12214285714285714,26.707857142857144,0.11535714285714285,0.20714285714285713,55.59785714285714,0.08857142857142859,0.11785714285714285,75.55214285714285,0.012142857142857144,0.040357142857142855,0.6135714285714287,0.013928571428571429,0.10607142857142858,0.14285714285714288,0.06714285714285714,0.017499999999999998,0.4742857142857142
67,87,2017-01-26,17,1,2016-2017,Macaé Basquete,Bauru Basket,0,0.36500000000000005,0.11499999999999998,0.18866666666666665,0.06133333333333334,0.17200000000000001,0.05733333333333335,0.11466666666666667,0.08233333333333333,0.06733333333333333,1.278,0.038333333333333344,0.11633333333333336,32.37,0.09433333333333332,0.20299999999999999,46.739333333333335,0.06133333333333334,0.078,79.60999999999999,0.0023333333333333335,0.029333333333333343,0.4633333333333333,0.008,0.10966666666666666,0.07933333333333334,0.06733333333333333,0.016,0.386,0.39300000000000007,0.16000000000000003,0.16733333333333336,0.06566666666666666,0.194,0.046,0.148,0.08466666666666667,0.07133333333333333,1.264,0.05333333333333335,0.148,36.48133333333333,0.08366666666666668,0.16733333333333336,50.266,0.06566666666666666,0.094,70.64933333333333,0.004,0.03266666666666667,0.49200000000000005,0.008000000000000002,0.08900000000000001,0.09266666666666667,0.07133333333333333,0.018666666666666668,0.43433333333333324
76,81,2017-01-26,16,1,2016-2017,Caxias do Sul Basquete,Brasília,0,0.3583333333333333,0.088,0.1926666666666667,0.07766666666666668,0.1583333333333333,0.042333333333333334,0.116,0.07266666666666667,0.07333333333333332,1.0526666666666669,0.02933333333333334,0.098,29.033333333333335,0.09633333333333335,0.20400000000000001,47.477333333333334,0.07766666666666668,0.10666666666666667,74.146,0.006333333333333333,0.03266666666666666,0.43933333333333324,0.008666666666666666,0.108,0.08533333333333332,0.07333333333333332,0.01866666666666667,0.352,0.417,0.14100000000000001,0.21266666666666664,0.06333333333333334,0.188,0.04933333333333335,0.13866666666666666,0.10466666666666667,0.06633333333333333,1.7993333333333332,0.04700000000000002,0.12100000000000001,37.693333333333335,0.10633333333333332,0.19533333333333333,54.221999999999994,0.06333333333333334,0.08600000000000001,71.80533333333334,0.007000000000000001,0.026000000000000002,0.42600000000000005,0.012333333333333333,0.09166666666666666,0.13866666666666663,0.06633333333333333,0.016,0.49600000000000005
75,87,2017-01-26,16,1,2016-2017,R10 Score Vasco da Gama,Minas,0,0.3739285714285714,0.11249999999999998,0.18142857142857144,0.07999999999999999,0.16392857142857142,0.04392857142857143,0.12,0.07714285714285714,0.06964285714285713,1.1714285714285713,0.0375,0.11321428571428571,32.175,0.09071428571428572,0.17678571428571427,51.78071428571428,0.07999999999999999,0.10071428571428569,79.37071428571427,0.005714285714285714,0.03678571428571429,0.5642857142857143,0.007142857142857143,0.0975,0.08214285714285716,0.06964285714285713,0.019285714285714288,0.4067857142857143,0.39107142857142846,0.12642857142857142,0.1992857142857143,0.06535714285714286,0.17928571428571427,0.05571428571428572,0.12357142857142857,0.08714285714285715,0.07928571428571428,1.1135714285714289,0.04214285714285714,0.1257142857142857,34.42714285714286,0.09964285714285714,0.1882142857142857,52.53642857142857,0.06535714285714286,0.09214285714285712,71.40214285714286,0.009642857142857144,0.03607142857142859,0.46714285714285714,0.008928571428571428,0.10750000000000001,0.08714285714285715,0.07928571428571428,0.02321428571428571,0.42428571428571427
77,78,2017-01-27,17,1,2016-2017,Paulistano,Mogi,0,0.4086666666666666,0.15200000000000002,0.18,0.07666666666666667,0.18633333333333332,0.065,0.12133333333333336,0.09166666666666666,0.06266666666666666,1.5913333333333335,0.05066666666666667,0.15,34.050666666666665,0.09,0.18666666666666665,48.46,0.07666666666666667,0.09599999999999999,80.062,0.009666666666666667,0.03600000000000001,0.628,0.009333333333333332,0.09666666666666668,0.10200000000000002,0.06266666666666666,0.011333333333333336,0.45399999999999996,0.406,0.16400000000000003,0.1733333333333333,0.06866666666666665,0.17133333333333337,0.044666666666666674,0.12666666666666668,0.10366666666666666,0.06633333333333334,1.6293333333333337,0.05466666666666667,0.14433333333333334,37.749333333333325,0.08666666666666666,0.16566666666666668,52.916666666666664,0.06866666666666665,0.09233333333333334,74.80266666666667,0.006666666666666666,0.047000000000000014,0.7326666666666667,0.007000000000000003,0.099,0.07266666666666668,0.06633333333333334,0.014333333333333333,0.4763333333333334
64,74,2017-01-27,17,1,2016-2017,L. Sorocabana,VipTech CMB,0,0.36199999999999993,0.125,0.1753333333333334,0.061666666666666654,0.17333333333333337,0.061000000000000006,0.11233333333333334,0.07266666666666667,0.08299999999999999,0.8966666666666666,0.041666666666666664,0.12533333333333335,33.943333333333335,0.0876666666666667,0.18333333333333338,48.09066666666667,0.061666666666666654,0.08166666666666668,77.218,0.006666666666666667,0.038333333333333344,0.4666666666666667,0.008000000000000002,0.11866666666666667,0.07200000000000002,0.08299999999999999,0.030666666666666658,0.37199999999999994,0.3813333333333333,0.13799999999999998,0.17466666666666664,0.06866666666666667,0.18099999999999997,0.05600000000000001,0.12500000000000003,0.07166666666666667,0.06500000000000002,1.1733333333333333,0.046000000000000006,0.13900000000000004,32.94266666666667,0.08733333333333332,0.18433333333333335,47.69933333333334,0.06866666666666667,0.09699999999999999,70.21333333333332,0.005666666666666666,0.03433333333333333,0.5673333333333335,0.01566666666666667,0.10099999999999999,0.16466666666666666,0.06500000000000002,0.015000000000000003,0.40066666666666667
67,72,2017-01-27,17,1,2016-2017,Vitória,Pinheiros,0,0.38392857142857145,0.10500000000000001,0.19142857142857142,0.08750000000000001,0.17964285714285713,0.044285714285714296,0.1353571428571429,0.08428571428571428,0.07500000000000002,1.2235714285714285,0.035,0.10428571428571429,33.52428571428571,0.09571428571428571,0.18964285714285714,50.36071428571428,0.08750000000000001,0.11214285714285714,78.26357142857141,0.0071428571428571435,0.03071428571428572,0.43142857142857144,0.0067857142857142855,0.10678571428571426,0.06642857142857142,0.07500000000000002,0.02,0.4225,0.4136666666666667,0.096,0.22933333333333333,0.08833333333333335,0.19499999999999998,0.05866666666666667,0.13633333333333333,0.08466666666666665,0.06733333333333333,1.3113333333333332,0.03200000000000001,0.12066666666666667,26.927333333333333,0.11466666666666667,0.20466666666666666,56.008666666666656,0.08833333333333335,0.11833333333333333,75.04866666666666,0.011666666666666667,0.039,0.5920000000000001,0.013333333333333334,0.10533333333333333,0.1366666666666667,0.06733333333333333,0.017333333333333333,0.4696666666666666
78,77,2017-01-28,10,1,2016-2017,R10 Score Vasco da Gama,Flamengo,1,0.37399999999999994,0.11099999999999999,0.18133333333333335,0.08166666666666665,0.1633333333333333,0.044333333333333336,0.119,0.07866666666666666,0.07166666666666667,1.16,0.037000000000000005,0.113,31.848,0.09066666666666667,0.1743333333333333,52.61466666666666,0.08166666666666665,0.10333333333333332,79.07933333333332,0.006,0.03666666666666667,0.55,0.006666666666666666,0.09833333333333334,0.07666666666666667,0.07166666666666667,0.018333333333333333,0.4063333333333334,0.4333333333333334,0.121,0.22466666666666668,0.08766666666666664,0.2023333333333333,0.051999999999999984,0.15033333333333332,0.1,0.06633333333333334,1.5746666666666667,0.040333333333333325,0.12033333333333333,32.336,0.11233333333333334,0.19933333333333333,56.47333333333333,0.08766666666666664,0.12066666666666669,72.72133333333333,0.005333333333333333,0.035666666666666666,0.5433333333333333,0.011666666666666664,0.09233333333333334,0.13066666666666665,0.06633333333333334,0.015000000000000001,0.5166666666666667
66,52,2017-01-28,17,1,2016-2017,Caxias do Sul Basquete,Minas,1,0.36266666666666664,0.09099999999999998,0.19133333333333338,0.08033333333333335,0.158,0.04100000000000001,0.11699999999999999,0.07166666666666667,0.07166666666666664,1.0646666666666669,0.03033333333333333,0.09899999999999999,29.578666666666667,0.09566666666666669,0.20066666666666666,47.88666666666666,0.08033333333333335,0.112,72.53,0.007,0.03300000000000001,0.4566666666666666,0.008,0.10766666666666666,0.07933333333333333,0.07166666666666664,0.016,0.35633333333333334,0.3939999999999999,0.126,0.19933333333333333,0.06866666666666668,0.17666666666666667,0.055333333333333345,0.12133333333333333,0.08666666666666667,0.07933333333333333,1.1060000000000003,0.042,0.12399999999999999,34.79866666666667,0.09966666666666667,0.18833333333333332,52.54266666666667,0.06866666666666668,0.09433333333333332,72.77533333333334,0.010000000000000002,0.03733333333333335,0.48200000000000004,0.008333333333333333,0.10966666666666666,0.08133333333333333,0.07933333333333333,0.022666666666666665,0.4273333333333333
97,90,2017-01-31,18,1,2016-2017,Pinheiros,Macaé Basquete,1,0.4126666666666666,0.09100000000000001,0.232,0.08966666666666669,0.19866666666666663,0.060666666666666674,0.13799999999999998,0.08499999999999999,0.06699999999999999,1.3299999999999998,0.030333333333333337,0.11466666666666668,26.745333333333335,0.116,0.20833333333333334,55.883333333333326,0.08966666666666669,0.12166666666666665,74.04866666666666,0.011333333333333334,0.03900000000000001,0.5966666666666666,0.013666666666666667,0.10566666666666667,0.13933333333333336,0.06699999999999999,0.016666666666666666,0.47333333333333333,0.362,0.10799999999999997,0.192,0.06200000000000001,0.17233333333333337,0.058000000000000024,0.11433333333333334,0.08366666666666668,0.06833333333333333,1.2866666666666668,0.03600000000000001,0.11200000000000002,31.528666666666666,0.096,0.20400000000000001,47.352,0.06200000000000001,0.079,79.25133333333333,0.0026666666666666666,0.028666666666666677,0.44666666666666666,0.009333333333333332,0.10933333333333335,0.09400000000000001,0.06833333333333333,0.016,0.3866666666666666
78,68,2017-01-31,18,1,2016-2017,Bauru Basket,Paulistano,1,0.3896666666666667,0.164,0.162,0.06366666666666666,0.189,0.045333333333333344,0.14366666666666666,0.08366666666666668,0.06800000000000002,1.3066666666666669,0.054666666666666676,0.1473333333333333,37.36666666666667,0.081,0.16066666666666665,50.66733333333333,0.06366666666666666,0.08933333333333333,71.84,0.0036666666666666666,0.034,0.528,0.007000000000000001,0.08566666666666665,0.08533333333333333,0.06800000000000002,0.01733333333333333,0.43733333333333324,0.416,0.161,0.17933333333333332,0.07566666666666669,0.1853333333333333,0.065,0.12033333333333336,0.09233333333333334,0.05833333333333334,1.6526666666666665,0.05366666666666666,0.157,34.962666666666664,0.08966666666666666,0.1833333333333333,49.162000000000006,0.07566666666666669,0.09666666666666666,78.21,0.009333333333333334,0.036666666666666674,0.6533333333333334,0.009,0.09966666666666667,0.096,0.05833333333333334,0.012000000000000002,0.463
90,68,2017-01-31,18,1,2016-2017,Sesi Franca,L. Sorocabana,1,0.38600000000000007,0.11500000000000002,0.18933333333333333,0.08166666666666668,0.17866666666666664,0.04866666666666667,0.13,0.08033333333333334,0.07166666666666667,1.2040000000000002,0.03833333333333334,0.11299999999999999,33.71266666666667,0.09466666666666666,0.18233333333333335,52.581999999999994,0.08166666666666668,0.11600000000000002,70.53666666666666,0.007,0.03133333333333334,0.49266666666666664,0.008333333333333333,0.10866666666666669,0.08000000000000002,0.07166666666666667,0.01666666666666667,0.4163333333333334,0.3573333333333333,0.117,0.18200000000000002,0.058333333333333334,0.17466666666666666,0.06233333333333334,0.11233333333333334,0.07233333333333333,0.082,0.9,0.03900000000000001,0.12466666666666669,31.822000000000003,0.09100000000000001,0.18666666666666668,49.092666666666666,0.058333333333333334,0.07766666666666668,77.09666666666666,0.007000000000000001,0.037000000000000005,0.4566666666666667,0.008000000000000002,0.11799999999999997,0.07200000000000001,0.082,0.029999999999999995,0.36666666666666664
62,66,2017-02-01,18,1,2016-2017,Minas,Fortaleza B. C. / CFO,0,0.3836666666666666,0.13,0.186,0.06766666666666668,0.17400000000000002,0.05300000000000002,0.12100000000000001,0.08433333333333334,0.082,1.0533333333333335,0.043333333333333335,0.12533333333333335,35.808666666666674,0.093,0.18299999999999997,50.565999999999995,0.06766666666666668,0.092,74.44200000000001,0.008333333333333333,0.037666666666666675,0.4693333333333334,0.009000000000000001,0.112,0.08600000000000001,0.082,0.022000000000000006,0.41033333333333327,0.3856666666666666,0.138,0.18999999999999997,0.05766666666666667,0.19300000000000006,0.060000000000000005,0.133,0.06733333333333333,0.062333333333333345,1.104,0.04600000000000001,0.136,33.67066666666667,0.09499999999999999,0.2023333333333333,46.434,0.05766666666666667,0.08166666666666668,69.26333333333334,0.006666666666666667,0.03866666666666666,0.652,0.009666666666666667,0.098,0.09666666666666668,0.062333333333333345,0.012,0.41066666666666674
70,78,2017-02-01,18,1,2016-2017,Brasília,Vitória,0,0.4136666666666667,0.13899999999999998,0.21,0.06466666666666666,0.18866666666666665,0.05066666666666668,0.13799999999999998,0.10200000000000001,0.068,1.7106666666666663,0.046333333333333344,0.12200000000000001,36.82933333333333,0.105,0.19266666666666668,54.221999999999994,0.06466666666666666,0.08733333333333333,72.25333333333334,0.006,0.028,0.4453333333333333,0.011666666666666665,0.093,0.13266666666666665,0.068,0.014333333333333333,0.49000000000000005,0.38066666666666665,0.10600000000000002,0.188,0.08666666666666667,0.181,0.04566666666666667,0.13533333333333336,0.08366666666666665,0.07266666666666668,1.2673333333333332,0.035333333333333335,0.107,33.12866666666666,0.094,0.18966666666666665,49.45933333333333,0.08666666666666667,0.11166666666666666,77.80799999999999,0.006666666666666667,0.030000000000000006,0.436,0.007,0.10799999999999997,0.06733333333333333,0.07266666666666668,0.019333333333333334,0.41733333333333333
77,84,2017-02-02,19,1,2016-2017,Pinheiros,Flamengo,0,0.41833333333333333,0.096,0.232,0.09033333333333333,0.19766666666666663,0.063,0.13466666666666663,0.08866666666666666,0.06866666666666668,1.35,0.032,0.11633333333333334,27.511999999999997,0.116,0.209,55.70866666666667,0.09033333333333333,0.12266666666666666,74.03666666666666,0.011333333333333336,0.04000000000000001,0.5986666666666666,0.013333333333333338,0.10833333333333335,0.13466666666666666,0.06866666666666668,0.01566666666666667,0.4796666666666667,0.4306666666666667,0.12200000000000001,0.22333333333333333,0.08533333333333332,0.2023333333333333,0.05266666666666666,0.14966666666666664,0.09899999999999999,0.06566666666666668,1.574,0.04066666666666666,0.12200000000000001,32.165333333333336,0.11166666666666666,0.19766666666666668,56.664,0.08533333333333332,0.11900000000000001,71.93466666666667,0.006,0.035,0.534,0.012000000000000002,0.09133333333333332,0.13466666666666663,0.06566666666666668,0.014333333333333335,0.5123333333333333
73,64,2017-02-02,18,1,2016-2017,Mogi,Caxias do Sul Basquete,1,0.40333333333333327,0.162,0.16999999999999998,0.07133333333333332,0.1726666666666667,0.04433333333333334,0.12833333333333335,0.10033333333333334,0.06900000000000002,1.5153333333333336,0.05400000000000001,0.14666666666666667,36.749333333333325,0.08499999999999999,0.15933333333333335,54.105333333333334,0.07133333333333332,0.09666666666666666,75.03799999999998,0.006666666666666666,0.04200000000000001,0.6146666666666667,0.007333333333333335,0.10133333333333334,0.07400000000000002,0.06900000000000002,0.016666666666666666,0.46433333333333343,0.3573333333333333,0.08999999999999998,0.18866666666666668,0.07866666666666666,0.16066666666666668,0.04266666666666667,0.11800000000000001,0.07433333333333333,0.074,1.0626666666666669,0.030000000000000006,0.10066666666666668,28.926666666666666,0.09433333333333334,0.19766666666666663,47.94266666666667,0.07866666666666666,0.10933333333333334,72.43866666666668,0.008,0.03566666666666667,0.4773333333333333,0.009666666666666667,0.107,0.098,0.074,0.013666666666666667,0.35899999999999993
87,55,2017-02-02,19,1,2016-2017,Bauru Basket,L. Sorocabana,1,0.38766666666666666,0.15699999999999997,0.162,0.06866666666666665,0.19,0.045000000000000005,0.145,0.08200000000000002,0.06766666666666668,1.2886666666666668,0.05233333333333334,0.14366666666666666,36.45466666666667,0.081,0.16033333333333333,50.78733333333333,0.06866666666666665,0.09666666666666666,71.70733333333334,0.004,0.03333333333333333,0.5206666666666667,0.006999999999999998,0.08633333333333332,0.08466666666666667,0.06766666666666668,0.01533333333333333,0.4336666666666666,0.351,0.114,0.1766666666666667,0.060333333333333336,0.16800000000000004,0.05733333333333333,0.11066666666666669,0.071,0.08166666666666668,0.8866666666666666,0.038000000000000006,0.12366666666666667,31.234,0.08833333333333335,0.18133333333333332,49.00266666666667,0.060333333333333336,0.08033333333333334,76.652,0.007666666666666667,0.038000000000000006,0.47266666666666673,0.008333333333333333,0.119,0.07400000000000001,0.08166666666666668,0.030000000000000006,0.356
78,71,2017-02-02,19,1,2016-2017,Sesi Franca,Paulistano,1,0.38733333333333336,0.11800000000000001,0.18666666666666665,0.08266666666666668,0.17933333333333332,0.05033333333333333,0.129,0.08133333333333333,0.07033333333333333,1.2353333333333334,0.03933333333333334,0.11366666666666665,34.498000000000005,0.09333333333333332,0.182,51.94199999999999,0.08266666666666668,0.11833333333333335,69.91733333333333,0.006666666666666666,0.030666666666666672,0.49066666666666664,0.006333333333333332,0.10933333333333334,0.058666666666666666,0.07033333333333333,0.015000000000000003,0.41600000000000004,0.4086666666666667,0.154,0.17600000000000005,0.07866666666666668,0.18433333333333332,0.065,0.11933333333333336,0.09,0.05833333333333334,1.606,0.05133333333333334,0.15666666666666668,33.44533333333333,0.08800000000000002,0.18166666666666667,48.76200000000001,0.07866666666666668,0.09933333333333334,79.432,0.008666666666666666,0.03500000000000001,0.62,0.009000000000000001,0.10233333333333335,0.094,0.05833333333333334,0.012333333333333333,0.449
78,82,2017-02-03,19,1,2016-2017,Minas,Vitória,0,0.3766666666666666,0.134,0.17666666666666667,0.066,0.1716666666666667,0.04966666666666668,0.12200000000000004,0.08433333333333334,0.08333333333333333,1.0413333333333334,0.044666666666666674,0.12566666666666668,36.64733333333334,0.08833333333333333,0.17733333333333332,49.687999999999995,0.066,0.08899999999999998,75.22000000000001,0.008666666666666666,0.038666666666666676,0.4753333333333334,0.01,0.11033333333333335,0.09533333333333334,0.08333333333333333,0.022666666666666665,0.405,0.38033333333333336,0.10500000000000001,0.18800000000000003,0.08733333333333333,0.17833333333333334,0.044666666666666674,0.13366666666666668,0.08299999999999999,0.07433333333333333,1.23,0.035,0.10766666666666667,32.64933333333333,0.09400000000000001,0.18566666666666667,50.53933333333334,0.08733333333333333,0.11133333333333333,78.59333333333332,0.007000000000000001,0.03166666666666667,0.446,0.008333333333333333,0.108,0.08133333333333333,0.07433333333333333,0.01733333333333333,0.419
88,52,2017-02-03,19,1,2016-2017,Brasília,Fortaleza B. C. / CFO,1,0.4053333333333333,0.13299999999999998,0.20666666666666664,0.06566666666666668,0.1873333333333333,0.05000000000000002,0.13733333333333334,0.09799999999999999,0.07,1.6446666666666665,0.04433333333333334,0.12100000000000001,35.772666666666666,0.10333333333333332,0.191,53.74333333333333,0.06566666666666668,0.08833333333333333,72.47600000000003,0.006666666666666666,0.02966666666666667,0.456,0.010333333333333335,0.09533333333333334,0.11466666666666667,0.07,0.013000000000000003,0.4736666666666667,0.383,0.136,0.18866666666666665,0.05833333333333333,0.19300000000000003,0.05866666666666667,0.1343333333333333,0.06933333333333333,0.06366666666666668,1.114,0.04533333333333334,0.134,33.63066666666666,0.09433333333333332,0.20033333333333336,46.460666666666675,0.05833333333333333,0.08399999999999999,68.17066666666668,0.007000000000000001,0.03966666666666666,0.658,0.010000000000000002,0.097,0.10066666666666668,0.06366666666666668,0.010000000000000002,0.4110000000000001
80,73,2017-02-04,19,1,2016-2017,Mogi,R10 Score Vasco da Gama,1,0.3986666666666666,0.157,0.16999999999999998,0.07166666666666664,0.17366666666666666,0.04566666666666667,0.128,0.09633333333333335,0.06833333333333334,1.464,0.052333333333333336,0.14500000000000002,36.07933333333333,0.08499999999999999,0.16266666666666668,53.392,0.07166666666666664,0.09866666666666668,73.94266666666665,0.006333333333333333,0.042333333333333334,0.63,0.007333333333333335,0.10000000000000002,0.07466666666666669,0.06833333333333334,0.016666666666666666,0.4526666666666667,0.37166666666666665,0.106,0.18666666666666668,0.079,0.16266666666666665,0.045000000000000005,0.11766666666666664,0.07766666666666668,0.06899999999999999,1.228,0.035333333333333335,0.11199999999999997,30.891333333333332,0.09333333333333334,0.177,53.38933333333333,0.079,0.09899999999999999,79.336,0.005666666666666667,0.035,0.5586666666666668,0.007,0.09733333333333334,0.08000000000000002,0.06899999999999999,0.01633333333333333,0.40466666666666673
83,74,2017-02-04,19,1,2016-2017,VipTech CMB,Caxias do Sul Basquete,1,0.38166666666666665,0.13899999999999998,0.1753333333333333,0.06733333333333333,0.18066666666666664,0.055000000000000014,0.12566666666666668,0.07333333333333333,0.06333333333333334,1.2146666666666668,0.04633333333333334,0.138,33.464,0.08766666666666666,0.18433333333333335,47.90800000000001,0.06733333333333333,0.096,69.798,0.005666666666666666,0.037,0.6153333333333334,0.015333333333333334,0.09933333333333332,0.16266666666666665,0.06333333333333334,0.014666666666666666,0.4076666666666667,0.35200000000000004,0.09000000000000001,0.18666666666666668,0.07533333333333334,0.16466666666666668,0.044333333333333336,0.12033333333333335,0.075,0.075,1.0573333333333335,0.030000000000000002,0.10133333333333333,28.773333333333326,0.09333333333333334,0.19599999999999998,47.815999999999995,0.07533333333333334,0.10666666666666667,70.91066666666666,0.008333333333333333,0.03666666666666667,0.4873333333333333,0.010333333333333335,0.108,0.10266666666666667,0.075,0.014666666666666666,0.3583333333333334
77,76,2017-02-07,24,1,2016-2017,R10 Score Vasco da Gama,Macaé Basquete,1,0.372,0.109,0.18333333333333332,0.07966666666666668,0.16166666666666665,0.04166666666666667,0.11999999999999998,0.07800000000000001,0.07066666666666667,1.204,0.03633333333333334,0.11099999999999999,32.23133333333333,0.09166666666666666,0.174,53.239999999999995,0.07966666666666668,0.09866666666666667,80.72800000000001,0.005,0.035,0.5413333333333333,0.008,0.09900000000000002,0.09000000000000001,0.07066666666666667,0.01666666666666667,0.4080000000000001,0.36566666666666664,0.107,0.19,0.06866666666666667,0.17,0.05400000000000001,0.11600000000000002,0.08433333333333333,0.06966666666666667,1.2793333333333334,0.035666666666666666,0.10733333333333334,33.366,0.095,0.20166666666666666,47.419999999999995,0.06866666666666667,0.08666666666666667,80.50533333333334,0.003,0.026666666666666675,0.4166666666666667,0.009666666666666665,0.111,0.09533333333333334,0.06966666666666667,0.01633333333333333,0.3903333333333333
77,82,2017-02-11,18,1,2016-2017,VipTech CMB,R10 Score Vasco da Gama,0,0.37899999999999995,0.132,0.17733333333333334,0.06966666666666667,0.18166666666666664,0.05566666666666668,0.126,0.07366666666666667,0.06533333333333334,1.1740000000000002,0.04400000000000001,0.13533333333333336,32.55466666666667,0.08866666666666667,0.18533333333333335,48.17733333333334,0.06966666666666667,0.09833333333333333,70.222,0.006,0.03833333333333334,0.6246666666666666,0.016,0.10033333333333333,0.16666666666666666,0.06533333333333334,0.016,0.4066666666666667,0.37066666666666664,0.114,0.18066666666666667,0.07600000000000001,0.16033333333333333,0.04233333333333335,0.11799999999999998,0.07933333333333333,0.07333333333333333,1.1873333333333334,0.038000000000000006,0.11099999999999999,33.897999999999996,0.09033333333333333,0.17266666666666666,52.910000000000004,0.07600000000000001,0.09466666666666666,80.47066666666665,0.005,0.03566666666666666,0.5359999999999999,0.007666666666666666,0.10100000000000002,0.08466666666666667,0.07333333333333333,0.017,0.40633333333333344
68,61,2017-02-14,20,1,2016-2017,Minas,L. Sorocabana,1,0.3789999999999999,0.137,0.17600000000000002,0.06600000000000002,0.17200000000000001,0.05166666666666668,0.12033333333333335,0.08466666666666667,0.08066666666666666,1.0806666666666667,0.04566666666666667,0.13166666666666668,35.64733333333333,0.08800000000000001,0.17566666666666667,50.022,0.06600000000000002,0.08966666666666664,74.886,0.009000000000000001,0.040000000000000015,0.5066666666666667,0.011,0.11266666666666668,0.10266666666666667,0.08066666666666666,0.02166666666666667,0.40866666666666673,0.34600000000000003,0.11400000000000002,0.172,0.060000000000000005,0.16666666666666666,0.05766666666666666,0.109,0.06966666666666667,0.08466666666666668,0.8433333333333333,0.038000000000000006,0.12233333333333334,31.471999999999998,0.086,0.1796666666666667,48.158,0.060000000000000005,0.08233333333333333,74.35733333333334,0.008,0.03933333333333334,0.4753333333333334,0.009000000000000001,0.11966666666666666,0.07933333333333334,0.08466666666666668,0.031000000000000007,0.3456666666666667
78,91,2017-02-14,20,1,2016-2017,Macaé Basquete,VipTech CMB,0,0.361,0.107,0.186,0.06800000000000002,0.16633333333333333,0.05266666666666668,0.11366666666666667,0.08299999999999999,0.06966666666666667,1.2606666666666666,0.035666666666666666,0.10800000000000001,33.16533333333333,0.093,0.19399999999999998,48.511333333333326,0.06800000000000002,0.08766666666666666,79.15599999999999,0.0036666666666666666,0.02833333333333334,0.4406666666666667,0.01,0.10800000000000003,0.09933333333333334,0.06966666666666667,0.01666666666666667,0.386,0.37866666666666665,0.136,0.1726666666666667,0.07,0.18166666666666667,0.05866666666666668,0.12300000000000001,0.07400000000000001,0.06433333333333334,1.2013333333333336,0.04533333333333334,0.13566666666666669,33.39,0.08633333333333335,0.1876666666666667,46.269999999999996,0.07,0.09900000000000002,70.07200000000002,0.005666666666666667,0.03666666666666666,0.606,0.015333333333333334,0.09933333333333333,0.16066666666666665,0.06433333333333334,0.016666666666666666,0.4013333333333334
96,87,2017-02-14,20,1,2016-2017,Flamengo,Mogi,1,0.4266666666666667,0.13099999999999998,0.2126666666666667,0.08299999999999999,0.20566666666666666,0.053999999999999986,0.15166666666666667,0.10066666666666667,0.067,1.5726666666666667,0.043666666666666666,0.126,33.86933333333334,0.10633333333333335,0.19600000000000004,54.62666666666667,0.08299999999999999,0.11533333333333333,72.03533333333333,0.005333333333333333,0.033666666666666664,0.5073333333333333,0.012666666666666666,0.09133333333333334,0.14133333333333334,0.067,0.014333333333333335,0.508,0.4020000000000001,0.164,0.16666666666666669,0.07133333333333332,0.17700000000000002,0.045666666666666675,0.13133333333333333,0.0996666666666667,0.06933333333333334,1.4933333333333334,0.05466666666666667,0.147,37.07399999999999,0.08333333333333334,0.16,53.01466666666667,0.07133333333333332,0.09966666666666667,72.60933333333332,0.005666666666666667,0.04100000000000001,0.6006666666666667,0.007666666666666669,0.10133333333333333,0.07800000000000003,0.06933333333333334,0.01633333333333333,0.4606666666666667
74,64,2017-02-14,20,1,2016-2017,Bauru Basket,Pinheiros,1,0.3946666666666666,0.15700000000000003,0.1673333333333333,0.07033333333333333,0.19066666666666668,0.04566666666666667,0.14500000000000002,0.08333333333333333,0.06533333333333333,1.328,0.05233333333333334,0.144,36.364,0.08366666666666665,0.16166666666666665,52.18866666666668,0.07033333333333333,0.10166666666666666,69.32666666666667,0.004666666666666666,0.034,0.5379999999999999,0.006999999999999998,0.086,0.08466666666666667,0.06533333333333333,0.014999999999999996,0.44333333333333336,0.41333333333333333,0.093,0.2353333333333333,0.085,0.19433333333333333,0.05900000000000001,0.13533333333333333,0.08833333333333333,0.06833333333333334,1.3513333333333333,0.03100000000000001,0.11266666666666666,27.21466666666667,0.11766666666666666,0.21266666666666667,55.49933333333333,0.085,0.11566666666666665,73.66666666666667,0.011666666666666669,0.040333333333333346,0.6073333333333333,0.01366666666666667,0.10533333333333335,0.14,0.06833333333333334,0.015333333333333332,0.47433333333333333
85,76,2017-02-14,20,1,2016-2017,Brasília,Paulistano,1,0.409,0.13299999999999998,0.20466666666666666,0.07133333333333332,0.19433333333333333,0.05166666666666667,0.14266666666666666,0.10266666666666666,0.07266666666666666,1.6433333333333335,0.04433333333333334,0.11933333333333333,36.306000000000004,0.10233333333333333,0.19066666666666668,53.25066666666667,0.07133333333333332,0.09466666666666668,73.44733333333335,0.006999999999999998,0.03133333333333334,0.462,0.010333333333333335,0.09533333333333334,0.11466666666666668,0.07266666666666666,0.014666666666666668,0.4883333333333334,0.408,0.151,0.17800000000000005,0.079,0.18666666666666665,0.06466666666666668,0.12200000000000001,0.08866666666666667,0.05966666666666668,1.5586666666666669,0.05033333333333334,0.15433333333333335,32.98133333333333,0.08900000000000002,0.18066666666666667,49.531333333333336,0.079,0.09933333333333334,79.80266666666667,0.008,0.03400000000000001,0.584,0.009666666666666667,0.10433333333333336,0.09866666666666667,0.05966666666666668,0.013000000000000001,0.45133333333333336
85,96,2017-02-16,21,1,2016-2017,Minas,Paulistano,0,0.3769999999999999,0.13499999999999998,0.17466666666666666,0.06733333333333334,0.17766666666666664,0.053666666666666675,0.12399999999999999,0.084,0.083,1.0526666666666666,0.045000000000000005,0.13033333333333333,35.41133333333333,0.08733333333333333,0.174,50.18066666666667,0.06733333333333334,0.09099999999999998,75.16666666666667,0.008666666666666666,0.03666666666666667,0.45333333333333337,0.011666666666666665,0.11166666666666665,0.11000000000000001,0.083,0.021000000000000005,0.4083333333333333,0.4086666666666667,0.156,0.1766666666666667,0.07600000000000001,0.188,0.06333333333333334,0.12466666666666668,0.08933333333333333,0.060000000000000026,1.562,0.052000000000000005,0.1546666666666667,33.96933333333333,0.08833333333333335,0.17933333333333337,49.49399999999999,0.07600000000000001,0.0976666666666667,76.914,0.007666666666666667,0.03400000000000001,0.5806666666666668,0.009000000000000001,0.107,0.08933333333333335,0.060000000000000026,0.013666666666666666,0.45366666666666666
69,90,2017-02-16,21,1,2016-2017,Macaé Basquete,Mogi,0,0.36433333333333334,0.10600000000000001,0.19066666666666668,0.06766666666666668,0.15966666666666665,0.04800000000000001,0.11166666666666666,0.084,0.07099999999999998,1.2466666666666668,0.035333333333333335,0.10800000000000001,32.898666666666664,0.09533333333333334,0.1893333333333333,50.88866666666666,0.06766666666666668,0.08666666666666668,79.47466666666666,0.0033333333333333335,0.029333333333333336,0.4446666666666667,0.009666666666666667,0.11033333333333335,0.09466666666666668,0.07099999999999998,0.017,0.39033333333333337,0.404,0.17099999999999999,0.1646666666666667,0.06833333333333333,0.17700000000000002,0.047333333333333345,0.12966666666666668,0.09866666666666668,0.06433333333333334,1.8340000000000003,0.057,0.15033333333333332,37.78533333333334,0.08233333333333336,0.16433333333333336,50.815333333333335,0.06833333333333333,0.09700000000000002,71.89733333333334,0.005333333333333334,0.04000000000000001,0.7006666666666667,0.006333333333333333,0.10233333333333335,0.06466666666666669,0.06433333333333334,0.015333333333333332,0.45766666666666667
79,69,2017-02-16,21,1,2016-2017,Flamengo,VipTech CMB,1,0.42866666666666664,0.13,0.2146666666666667,0.084,0.20400000000000001,0.05266666666666666,0.1513333333333333,0.10333333333333335,0.06666666666666668,1.62,0.04333333333333334,0.125,33.96266666666667,0.10733333333333335,0.19366666666666668,56.008,0.084,0.116,72.63666666666667,0.005333333333333333,0.03066666666666667,0.4646666666666667,0.012,0.09233333333333335,0.134,0.06666666666666668,0.014333333333333335,0.512,0.38600000000000007,0.14,0.17133333333333337,0.07466666666666666,0.181,0.05733333333333335,0.12366666666666667,0.07466666666666667,0.06366666666666666,1.2173333333333334,0.046666666666666676,0.13466666666666666,34.82000000000001,0.08566666666666668,0.183,47.222,0.07466666666666666,0.10400000000000002,70.68066666666667,0.004666666666666667,0.038000000000000006,0.6273333333333333,0.015000000000000001,0.097,0.15933333333333335,0.06366666666666666,0.017333333333333333,0.4163333333333334
79,77,2017-02-16,21,1,2016-2017,Brasília,L. Sorocabana,1,0.4103333333333333,0.13099999999999998,0.20866666666666667,0.07066666666666666,0.19299999999999998,0.05100000000000002,0.142,0.10499999999999998,0.06999999999999999,1.7813333333333334,0.04366666666666667,0.11866666666666667,35.91933333333334,0.10433333333333333,0.19300000000000003,53.624,0.07066666666666666,0.09566666666666666,72.25933333333334,0.008333333333333333,0.02966666666666666,0.45,0.012666666666666668,0.09633333333333334,0.13933333333333336,0.06999999999999999,0.014333333333333335,0.49200000000000005,0.3453333333333333,0.11100000000000002,0.174,0.06033333333333335,0.16566666666666666,0.058333333333333334,0.10733333333333335,0.06800000000000002,0.08166666666666668,0.8726666666666664,0.037000000000000005,0.12199999999999998,30.655333333333335,0.087,0.18066666666666667,48.42733333333334,0.06033333333333335,0.08366666666666665,73.50866666666667,0.007666666666666668,0.040333333333333346,0.5233333333333334,0.009333333333333334,0.1193333333333333,0.08266666666666668,0.08166666666666668,0.030666666666666672,0.34500000000000003
99,78,2017-02-16,21,1,2016-2017,Sesi Franca,Pinheiros,1,0.39133333333333337,0.12200000000000001,0.18866666666666665,0.08066666666666666,0.18133333333333332,0.051333333333333335,0.13,0.08166666666666665,0.06933333333333333,1.2646666666666668,0.04066666666666667,0.11666666666666667,34.98066666666667,0.09433333333333332,0.18266666666666664,52.33399999999999,0.08066666666666666,0.11699999999999999,69.12333333333332,0.006666666666666666,0.031000000000000007,0.5033333333333333,0.006,0.11033333333333335,0.054,0.06933333333333333,0.014000000000000002,0.42133333333333334,0.4053333333333333,0.093,0.22866666666666666,0.08366666666666665,0.1953333333333333,0.05733333333333334,0.13799999999999998,0.08666666666666666,0.068,1.3319999999999999,0.031000000000000007,0.10966666666666665,27.891333333333332,0.11433333333333333,0.21133333333333332,54.196000000000005,0.08366666666666665,0.116,72.47,0.010666666666666668,0.040000000000000015,0.6053333333333332,0.014333333333333339,0.10333333333333335,0.14666666666666667,0.068,0.014000000000000002,0.4656666666666667
88,78,2017-02-16,20,1,2016-2017,Fortaleza B. C. / CFO,Caxias do Sul Basquete,1,0.37433333333333335,0.13199999999999998,0.18666666666666665,0.05566666666666666,0.192,0.05900000000000002,0.133,0.06699999999999999,0.06366666666666668,1.0826666666666667,0.04400000000000001,0.13533333333333336,32.10666666666666,0.09333333333333332,0.2,46.06266666666668,0.05566666666666666,0.08299999999999999,65.45333333333333,0.006333333333333334,0.03933333333333333,0.6533333333333334,0.010333333333333335,0.09766666666666667,0.10333333333333336,0.06366666666666668,0.010333333333333333,0.394,0.3536666666666667,0.08499999999999999,0.19,0.07866666666666668,0.16299999999999998,0.04533333333333333,0.11766666666666667,0.07266666666666666,0.07566666666666667,1.0146666666666666,0.028333333333333332,0.1016666666666667,26.983999999999998,0.095,0.1953333333333333,48.669999999999995,0.07866666666666668,0.111,71.09333333333332,0.008,0.035666666666666666,0.4673333333333333,0.010333333333333335,0.108,0.10266666666666667,0.07566666666666667,0.015333333333333334,0.3536666666666667
73,64,2017-02-16,20,1,2016-2017,Vitória,R10 Score Vasco da Gama,1,0.37833333333333335,0.10000000000000002,0.19200000000000003,0.08633333333333335,0.179,0.04400000000000002,0.13500000000000004,0.08433333333333334,0.07800000000000001,1.166,0.03333333333333334,0.10400000000000002,32.495333333333335,0.09600000000000002,0.18733333333333332,51.041333333333334,0.08633333333333335,0.11066666666666666,77.93866666666666,0.007333333333333333,0.03266666666666666,0.4313333333333334,0.007666666666666666,0.10766666666666666,0.07466666666666666,0.07800000000000001,0.018999999999999996,0.41766666666666663,0.36666666666666664,0.11099999999999999,0.17933333333333332,0.07633333333333335,0.16166666666666668,0.04333333333333334,0.11833333333333332,0.078,0.07,1.2206666666666666,0.037,0.112,32.86066666666667,0.08966666666666666,0.174,51.93866666666667,0.07633333333333335,0.09633333333333334,79.55333333333333,0.004333333333333333,0.034666666666666665,0.5406666666666666,0.008,0.10133333333333334,0.08800000000000001,0.07,0.017000000000000005,0.3996666666666667
89,80,2017-02-18,21,1,2016-2017,Fortaleza B. C. / CFO,R10 Score Vasco da Gama,1,0.3796666666666667,0.14,0.17800000000000002,0.06166666666666666,0.19566666666666663,0.05833333333333334,0.13733333333333336,0.06899999999999999,0.064,1.1126666666666667,0.046666666666666676,0.13766666666666666,33.58,0.08900000000000001,0.195,45.174,0.06166666666666666,0.09066666666666667,66.94733333333333,0.006333333333333334,0.038,0.6233333333333334,0.010333333333333335,0.09733333333333333,0.10333333333333333,0.064,0.010666666666666665,0.40266666666666673,0.36433333333333334,0.105,0.1793333333333333,0.08000000000000002,0.16366666666666665,0.04333333333333334,0.12033333333333332,0.076,0.07033333333333334,1.1913333333333334,0.035,0.11000000000000001,31.661333333333335,0.08966666666666664,0.17699999999999996,51.06666666666667,0.08000000000000002,0.10133333333333332,79.68666666666667,0.0033333333333333335,0.035,0.544,0.007000000000000001,0.10600000000000002,0.07133333333333333,0.07033333333333334,0.016333333333333335,0.392
76,67,2017-02-18,21,1,2016-2017,Vitória,Caxias do Sul Basquete,1,0.37733333333333335,0.10200000000000002,0.186,0.08933333333333332,0.17966666666666667,0.044333333333333336,0.13533333333333336,0.08466666666666668,0.075,1.2073333333333334,0.03400000000000001,0.10533333333333333,32.83133333333333,0.093,0.18800000000000003,49.36933333333333,0.08933333333333332,0.11666666666666667,76.36333333333333,0.006666666666666667,0.03433333333333334,0.478,0.007999999999999998,0.10833333333333334,0.07733333333333332,0.075,0.017666666666666667,0.4153333333333333,0.35666666666666663,0.093,0.18666666666666665,0.07700000000000001,0.16266666666666668,0.04533333333333334,0.1173333333333333,0.07333333333333332,0.07533333333333332,1.0333333333333332,0.030999999999999996,0.10300000000000002,28.81266666666666,0.09333333333333332,0.19499999999999998,47.86933333333333,0.07700000000000001,0.109,70.816,0.007666666666666667,0.03666666666666667,0.486,0.009333333333333334,0.109,0.09333333333333335,0.07533333333333332,0.015000000000000001,0.35766666666666674
64,90,2017-02-21,22,1,2016-2017,R10 Score Vasco da Gama,Bauru Basket,0,0.37100000000000005,0.10899999999999999,0.17866666666666664,0.08333333333333333,0.16699999999999995,0.04333333333333334,0.12366666666666666,0.07533333333333332,0.07333333333333332,1.1380000000000001,0.036333333333333336,0.10899999999999999,32.958,0.08933333333333332,0.17733333333333332,50.751333333333335,0.08333333333333333,0.108,78.52066666666666,0.003,0.03666666666666667,0.5473333333333333,0.006666666666666667,0.10833333333333334,0.06733333333333333,0.07333333333333332,0.018000000000000002,0.3980000000000001,0.39133333333333326,0.15399999999999997,0.16599999999999998,0.07133333333333333,0.194,0.04700000000000001,0.14699999999999996,0.083,0.06566666666666668,1.3166666666666667,0.05133333333333334,0.14733333333333334,34.70399999999999,0.08299999999999999,0.16033333333333333,52.23,0.07133333333333333,0.10266666666666667,69.644,0.004333333333333332,0.034999999999999996,0.5493333333333333,0.007666666666666665,0.08833333333333332,0.09066666666666667,0.06566666666666668,0.014666666666666665,0.44066666666666665
85,65,2017-02-21,22,1,2016-2017,Paulistano,Macaé Basquete,1,0.408,0.15799999999999997,0.17933333333333337,0.07066666666666667,0.18333333333333338,0.061000000000000006,0.12233333333333336,0.092,0.06100000000000002,1.5713333333333332,0.05266666666666667,0.15400000000000003,34.78066666666667,0.08966666666666669,0.1766666666666667,51.365333333333325,0.07066666666666667,0.09033333333333335,77.722,0.007000000000000001,0.03300000000000001,0.5533333333333333,0.009666666666666667,0.10633333333333335,0.098,0.06100000000000002,0.012666666666666668,0.457,0.3593333333333332,0.099,0.19200000000000003,0.06833333333333333,0.16266666666666663,0.04900000000000001,0.11366666666666667,0.08366666666666668,0.07299999999999998,1.1973333333333334,0.03300000000000001,0.10533333333333333,31.841999999999995,0.09600000000000002,0.18966666666666668,51.14933333333333,0.06833333333333333,0.0876666666666667,79.33466666666666,0.0036666666666666666,0.029000000000000005,0.4193333333333334,0.011000000000000001,0.11033333333333335,0.10600000000000001,0.07299999999999998,0.017666666666666667,0.3873333333333333
58,90,2017-02-21,22,1,2016-2017,L. Sorocabana,Flamengo,0,0.349,0.11300000000000002,0.1733333333333333,0.06266666666666668,0.16599999999999998,0.059666666666666666,0.10633333333333336,0.067,0.08199999999999999,0.8499999999999998,0.037666666666666675,0.12000000000000001,31.783333333333335,0.08666666666666666,0.18233333333333332,47.928666666666665,0.06266666666666668,0.08533333333333332,74.94666666666667,0.007666666666666668,0.04000000000000001,0.514,0.008666666666666666,0.119,0.07666666666666667,0.08199999999999999,0.031000000000000007,0.34800000000000003,0.428,0.132,0.21400000000000005,0.082,0.206,0.05533333333333334,0.15066666666666664,0.10333333333333333,0.069,1.5586666666666669,0.044000000000000004,0.12700000000000003,34.074666666666666,0.10700000000000003,0.19333333333333333,55.92666666666666,0.082,0.11266666666666668,73.09133333333334,0.005333333333333333,0.03200000000000001,0.4646666666666666,0.012333333333333333,0.09533333333333334,0.13466666666666666,0.069,0.013666666666666667,0.5126666666666666
95,100,2017-02-21,22,1,2016-2017,Caxias do Sul Basquete,Sesi Franca,0,0.3573333333333333,0.09699999999999999,0.18533333333333332,0.075,0.16233333333333336,0.04566666666666667,0.11666666666666667,0.07600000000000001,0.07566666666666665,1.0593333333333332,0.03233333333333334,0.10400000000000001,29.686,0.09266666666666666,0.19233333333333336,48.16133333333334,0.075,0.10533333333333333,71.356,0.008,0.03400000000000001,0.4553333333333334,0.008333333333333333,0.11133333333333334,0.08066666666666668,0.07566666666666665,0.012666666666666666,0.3606666666666668,0.39899999999999997,0.12300000000000001,0.19266666666666665,0.08333333333333333,0.18166666666666667,0.05300000000000001,0.12866666666666668,0.08133333333333333,0.06833333333333334,1.274,0.04100000000000001,0.11733333333333335,35.006,0.09633333333333333,0.185,52.592666666666666,0.08333333333333333,0.11800000000000002,70.92066666666668,0.007,0.030333333333333337,0.49933333333333335,0.006666666666666667,0.11333333333333336,0.05666666666666667,0.06833333333333334,0.013333333333333338,0.431
86,78,2017-02-22,22,1,2016-2017,Pinheiros,Brasília,1,0.4033333333333334,0.093,0.22133333333333335,0.089,0.19,0.05633333333333334,0.13366666666666666,0.08566666666666665,0.068,1.3099999999999998,0.031000000000000007,0.10733333333333334,28.692,0.11066666666666668,0.20733333333333331,53.31666666666668,0.089,0.12433333333333334,71.97533333333332,0.011000000000000003,0.04066666666666667,0.62,0.014000000000000005,0.10333333333333333,0.14333333333333337,0.068,0.013333333333333334,0.45733333333333337,0.4066666666666666,0.123,0.2106666666666667,0.073,0.19033333333333333,0.050333333333333334,0.14,0.10133333333333333,0.072,1.680666666666667,0.04100000000000001,0.11533333333333333,34.808,0.10533333333333335,0.19200000000000003,54.51466666666667,0.073,0.09833333333333334,72.81466666666667,0.009000000000000001,0.028666666666666667,0.4253333333333334,0.014333333333333335,0.0976666666666667,0.1566666666666667,0.072,0.015000000000000001,0.483
77,85,2017-02-22,22,1,2016-2017,Fortaleza B. C. / CFO,Mogi,0,0.38633333333333336,0.146,0.174,0.06633333333333333,0.1953333333333333,0.057666666666666686,0.1376666666666667,0.07200000000000001,0.065,1.1400000000000001,0.04866666666666668,0.14033333333333337,34.413333333333334,0.087,0.19233333333333336,44.86866666666666,0.06633333333333333,0.09633333333333334,67.84733333333334,0.006333333333333335,0.038,0.6133333333333333,0.011000000000000001,0.102,0.10333333333333335,0.065,0.011000000000000003,0.41066666666666674,0.4033333333333334,0.16699999999999998,0.16533333333333333,0.07100000000000001,0.17833333333333332,0.05133333333333334,0.127,0.09566666666666666,0.063,1.824,0.05566666666666666,0.14966666666666667,37.19733333333333,0.08266666666666667,0.16666666666666666,50.15866666666667,0.07100000000000001,0.10200000000000002,70.16866666666667,0.005666666666666667,0.038666666666666676,0.6920000000000001,0.005333333333333333,0.10400000000000002,0.052666666666666674,0.063,0.01566666666666667,0.44933333333333336
86,79,2017-02-22,22,1,2016-2017,Vitória,VipTech CMB,1,0.3793333333333333,0.103,0.18733333333333332,0.089,0.178,0.04466666666666668,0.13333333333333333,0.08366666666666668,0.07600000000000001,1.1706666666666665,0.03433333333333334,0.106,32.958666666666666,0.09366666666666666,0.18800000000000003,49.739333333333335,0.089,0.11633333333333334,76.24733333333333,0.007000000000000001,0.03766666666666667,0.5193333333333334,0.007666666666666666,0.10800000000000001,0.074,0.07600000000000001,0.016666666666666666,0.417,0.3853333333333333,0.13899999999999998,0.17400000000000002,0.07233333333333333,0.17933333333333337,0.05933333333333334,0.12000000000000001,0.07233333333333333,0.06433333333333331,1.1786666666666668,0.046333333333333344,0.1356666666666667,34.37466666666667,0.08700000000000001,0.18566666666666667,47.32733333333332,0.07233333333333333,0.10200000000000001,69.696,0.005000000000000001,0.04100000000000001,0.6639999999999999,0.013666666666666667,0.09699999999999999,0.14733333333333334,0.06433333333333331,0.016666666666666666,0.4096666666666667
103,96,2017-02-23,23,1,2016-2017,Paulistano,Flamengo,1,0.40433333333333327,0.157,0.17733333333333332,0.07,0.18166666666666667,0.05966666666666668,0.12200000000000001,0.09333333333333332,0.062333333333333345,1.5686666666666667,0.052333333333333336,0.15400000000000003,34.550666666666665,0.08866666666666666,0.17466666666666666,51.49466666666667,0.07,0.08966666666666666,77.66266666666667,0.006333333333333333,0.03433333333333334,0.5633333333333332,0.010333333333333335,0.10566666666666667,0.10600000000000001,0.062333333333333345,0.012333333333333335,0.4543333333333333,0.43099999999999994,0.128,0.21800000000000003,0.085,0.204,0.054000000000000006,0.15,0.10300000000000001,0.06933333333333333,1.5473333333333334,0.042666666666666665,0.12233333333333335,34.657333333333334,0.10900000000000001,0.19466666666666665,56.55066666666666,0.085,0.11600000000000002,73.798,0.006666666666666667,0.03366666666666667,0.48733333333333334,0.012000000000000004,0.09533333333333334,0.12933333333333333,0.06933333333333333,0.014000000000000004,0.518
73,77,2017-02-23,23,1,2016-2017,L. Sorocabana,Macaé Basquete,0,0.34366666666666656,0.10500000000000002,0.17733333333333332,0.061333333333333344,0.16033333333333336,0.05700000000000001,0.10333333333333335,0.06733333333333333,0.08233333333333333,0.85,0.035,0.11600000000000002,30.871333333333336,0.08866666666666666,0.18266666666666664,49.04,0.061333333333333344,0.08633333333333333,71.74333333333333,0.008000000000000002,0.04100000000000001,0.5246666666666668,0.008000000000000002,0.11766666666666664,0.07200000000000001,0.08233333333333333,0.03133333333333334,0.338,0.35833333333333334,0.09800000000000002,0.19200000000000003,0.06833333333333334,0.16099999999999998,0.04666666666666667,0.11433333333333333,0.08433333333333334,0.07433333333333332,1.1840000000000002,0.032666666666666684,0.10466666666666667,31.74133333333333,0.09600000000000002,0.19000000000000003,51.048,0.06833333333333334,0.08733333333333336,79.76199999999999,0.0033333333333333335,0.029666666666666668,0.4166666666666667,0.010666666666666666,0.11133333333333334,0.10266666666666667,0.07433333333333332,0.018000000000000002,0.38466666666666666
76,74,2017-02-23,23,1,2016-2017,Caxias do Sul Basquete,Bauru Basket,1,0.36699999999999994,0.09999999999999999,0.19066666666666665,0.07633333333333335,0.16566666666666668,0.04700000000000001,0.11866666666666666,0.07733333333333334,0.078,1.0473333333333332,0.03333333333333333,0.10600000000000001,30.146000000000004,0.09533333333333333,0.19700000000000004,48.373333333333335,0.07633333333333335,0.10800000000000001,71.17466666666665,0.008333333333333333,0.03833333333333334,0.4880000000000001,0.008333333333333333,0.116,0.08066666666666668,0.078,0.013333333333333334,0.37266666666666676,0.3983333333333333,0.16099999999999998,0.16933333333333334,0.06799999999999999,0.1966666666666667,0.04833333333333334,0.14833333333333332,0.08666666666666667,0.066,1.3566666666666667,0.05366666666666666,0.151,35.51133333333333,0.08466666666666667,0.15966666666666665,53.737333333333325,0.06799999999999999,0.09999999999999999,68.17266666666667,0.004,0.036,0.5599999999999999,0.007666666666666665,0.09,0.09066666666666667,0.066,0.015666666666666666,0.455
79,77,2017-02-23,23,1,2016-2017,R10 Score Vasco da Gama,Sesi Franca,1,0.37300000000000005,0.109,0.18066666666666664,0.08333333333333333,0.16699999999999995,0.044000000000000004,0.12299999999999998,0.076,0.07499999999999998,1.1246666666666667,0.036333333333333336,0.10966666666666665,32.79266666666667,0.09033333333333332,0.17666666666666664,51.44333333333334,0.08333333333333333,0.10733333333333334,79.23466666666667,0.002666666666666666,0.03766666666666667,0.5519999999999999,0.007000000000000001,0.10866666666666666,0.07133333333333333,0.07499999999999998,0.019000000000000003,0.402,0.4046666666666667,0.11900000000000001,0.19533333333333328,0.09033333333333333,0.18866666666666668,0.053000000000000005,0.13566666666666666,0.07866666666666666,0.07166666666666668,1.2133333333333334,0.03966666666666666,0.11900000000000002,33.65,0.09766666666666664,0.184,53.54333333333333,0.09033333333333333,0.12666666666666668,71.39666666666666,0.006333333333333333,0.03166666666666667,0.5013333333333334,0.007666666666666668,0.117,0.062000000000000006,0.07166666666666668,0.014333333333333337,0.4376666666666667
95,92,2017-02-24,23,1,2016-2017,Pinheiros,Minas,1,0.4003333333333333,0.089,0.22333333333333336,0.08800000000000001,0.18866666666666668,0.05566666666666668,0.133,0.08666666666666668,0.07000000000000002,1.2953333333333334,0.02966666666666667,0.104,28.647333333333332,0.11166666666666668,0.20933333333333332,53.237333333333346,0.08800000000000001,0.12533333333333332,70.32333333333332,0.011000000000000005,0.039333333333333345,0.5933333333333334,0.014333333333333339,0.10733333333333335,0.14400000000000004,0.07000000000000002,0.013,0.45000000000000007,0.38233333333333325,0.137,0.18000000000000002,0.06533333333333334,0.1766666666666667,0.056333333333333346,0.12033333333333333,0.085,0.08266666666666667,1.0666666666666667,0.04566666666666667,0.13100000000000003,35.77466666666667,0.09000000000000001,0.17766666666666667,50.565999999999995,0.06533333333333334,0.08866666666666667,74.69066666666666,0.008,0.03733333333333333,0.4626666666666666,0.011666666666666667,0.113,0.10933333333333334,0.08266666666666667,0.018000000000000002,0.41400000000000003
75,81,2017-02-24,23,1,2016-2017,Fortaleza B. C. / CFO,VipTech CMB,0,0.38733333333333336,0.14500000000000002,0.17466666666666666,0.06766666666666667,0.19366666666666663,0.05700000000000002,0.1366666666666667,0.071,0.06333333333333332,1.1433333333333333,0.04833333333333334,0.143,33.602,0.08733333333333333,0.19166666666666662,45.256,0.06766666666666667,0.099,67.35866666666666,0.005333333333333334,0.03766666666666667,0.6173333333333333,0.009666666666666667,0.10166666666666667,0.09200000000000001,0.06333333333333332,0.011000000000000003,0.4056666666666667,0.3883333333333333,0.13899999999999998,0.1766666666666667,0.07266666666666667,0.18033333333333335,0.05800000000000001,0.12233333333333334,0.074,0.06333333333333332,1.2113333333333334,0.04633333333333335,0.13400000000000004,34.84066666666667,0.08833333333333335,0.18833333333333335,47.32733333333332,0.07266666666666667,0.1016666666666667,70.32,0.005666666666666667,0.04133333333333335,0.6746666666666666,0.013333333333333334,0.097,0.14333333333333334,0.06333333333333332,0.016,0.4173333333333334
60,63,2017-02-25,23,1,2016-2017,Vitória,Mogi,0,0.38466666666666666,0.108,0.19066666666666668,0.086,0.177,0.04366666666666667,0.13333333333333333,0.08533333333333333,0.073,1.2393333333333334,0.03600000000000001,0.108,34.01933333333333,0.09533333333333334,0.193,49.202,0.086,0.11266666666666668,76.00466666666668,0.007000000000000001,0.03933333333333334,0.5686666666666668,0.007333333333333334,0.10700000000000001,0.07133333333333332,0.073,0.016000000000000004,0.4243333333333333,0.4066666666666667,0.172,0.16000000000000003,0.07466666666666669,0.18066666666666667,0.05133333333333334,0.12933333333333333,0.096,0.06566666666666666,1.7920000000000003,0.05733333333333333,0.15233333333333332,37.81133333333333,0.08000000000000002,0.16233333333333333,49.99333333333334,0.07466666666666669,0.10566666666666667,70.518,0.006333333333333333,0.04033333333333334,0.6960000000000001,0.005333333333333333,0.10533333333333335,0.051333333333333335,0.06566666666666666,0.016666666666666666,0.455
92,85,2017-03-04,26,1,2016-2017,Sesi Franca,Bauru Basket,1,0.40199999999999997,0.119,0.19066666666666665,0.09233333333333335,0.18266666666666667,0.05200000000000002,0.13066666666666668,0.07466666666666665,0.07133333333333335,1.1606666666666667,0.03966666666666667,0.11866666666666666,33.75,0.09533333333333333,0.183,52.66733333333333,0.09233333333333335,0.128,72.76999999999998,0.006000000000000001,0.030666666666666675,0.4880000000000001,0.007000000000000001,0.11800000000000001,0.05666666666666667,0.07133333333333335,0.014000000000000004,0.42333333333333345,0.39566666666666667,0.15799999999999997,0.1673333333333333,0.07033333333333333,0.19333333333333336,0.04866666666666668,0.14466666666666664,0.08866666666666667,0.06666666666666665,1.3760000000000001,0.05266666666666667,0.15133333333333338,34.666000000000004,0.08366666666666665,0.16,53.07066666666667,0.07033333333333333,0.10233333333333335,69.11533333333334,0.0036666666666666666,0.03666666666666667,0.5646666666666668,0.007999999999999998,0.09133333333333332,0.09333333333333335,0.06666666666666665,0.015666666666666666,0.4486666666666667
84,58,2017-03-07,24,1,2016-2017,Mogi,Brasília,1,0.393,0.164,0.154,0.075,0.18766666666666668,0.053666666666666675,0.13399999999999998,0.08833333333333333,0.06666666666666667,1.6506666666666667,0.05466666666666667,0.1513333333333333,36.41333333333333,0.077,0.16299999999999998,47.676,0.075,0.10666666666666667,70.148,0.006,0.03833333333333334,0.6586666666666667,0.004333333333333332,0.10166666666666666,0.042,0.06666666666666667,0.017333333333333333,0.4306666666666666,0.40833333333333327,0.125,0.20866666666666667,0.07466666666666666,0.18833333333333332,0.052000000000000005,0.13633333333333333,0.10166666666666666,0.071,1.6953333333333334,0.041666666666666664,0.11666666666666668,35.22933333333334,0.10433333333333333,0.193,53.717333333333336,0.07466666666666666,0.10266666666666667,71.86733333333335,0.008333333333333333,0.029666666666666668,0.44066666666666676,0.013666666666666669,0.101,0.14733333333333334,0.071,0.012333333333333335,0.479
83,71,2017-03-07,24,1,2016-2017,Bauru Basket,Vitória,1,0.39666666666666667,0.15899999999999997,0.1593333333333333,0.07833333333333334,0.19266666666666668,0.04766666666666667,0.14500000000000002,0.08499999999999999,0.06633333333333333,1.3206666666666669,0.05300000000000001,0.15533333333333335,34.25333333333333,0.07966666666666665,0.15633333333333332,51.751333333333335,0.07833333333333334,0.11166666666666668,70.47466666666666,0.0036666666666666666,0.037000000000000005,0.5746666666666668,0.009,0.09333333333333332,0.09933333333333333,0.06633333333333333,0.015000000000000003,0.4416666666666667,0.38333333333333325,0.111,0.1886666666666667,0.08366666666666665,0.177,0.04233333333333335,0.13466666666666666,0.086,0.071,1.2986666666666666,0.03700000000000001,0.11433333333333333,33.117333333333335,0.09433333333333335,0.18966666666666665,49.48,0.08366666666666665,0.10933333333333334,75.49799999999999,0.006333333333333334,0.03966666666666667,0.6,0.007666666666666667,0.108,0.07333333333333333,0.071,0.014666666666666668,0.4243333333333333
78,82,2017-03-07,24,1,2016-2017,Sesi Franca,Fortaleza B. C. / CFO,0,0.4103333333333333,0.12300000000000001,0.19066666666666668,0.09666666666666668,0.19,0.053666666666666675,0.13633333333333336,0.07799999999999999,0.07433333333333335,1.151333333333333,0.04100000000000001,0.12133333333333332,34.31466666666667,0.09533333333333334,0.18366666666666667,52.534000000000006,0.09666666666666668,0.13266666666666665,73.61733333333333,0.006000000000000001,0.029666666666666675,0.44066666666666676,0.007666666666666667,0.121,0.059333333333333335,0.07433333333333335,0.014666666666666668,0.43666666666666665,0.38266666666666677,0.14299999999999996,0.1733333333333333,0.06633333333333334,0.18999999999999997,0.05566666666666668,0.13433333333333333,0.07200000000000001,0.06533333333333333,1.1260000000000001,0.04766666666666668,0.14366666666666666,32.95133333333334,0.08666666666666666,0.19,45.346,0.06633333333333334,0.098,66.618,0.005333333333333334,0.03900000000000001,0.6266666666666666,0.010666666666666666,0.10466666666666669,0.09733333333333334,0.06533333333333333,0.012333333333333335,0.39799999999999996
114,105,2017-03-07,24,1,2016-2017,VipTech CMB,Minas,1,0.39100000000000007,0.13899999999999998,0.17600000000000002,0.076,0.17966666666666667,0.057,0.12266666666666666,0.07466666666666666,0.06433333333333333,1.2013333333333336,0.04633333333333334,0.13033333333333336,35.698,0.08800000000000001,0.18833333333333335,47.14733333333334,0.076,0.10733333333333335,69.49333333333334,0.006,0.04100000000000001,0.6593333333333332,0.012333333333333335,0.09600000000000002,0.13333333333333336,0.06433333333333333,0.016000000000000004,0.4186666666666667,0.38433333333333325,0.13600000000000004,0.18133333333333337,0.067,0.17733333333333334,0.05566666666666668,0.12166666666666665,0.08433333333333334,0.08133333333333334,1.0800000000000003,0.045333333333333344,0.12933333333333336,36.024,0.09066666666666669,0.18100000000000002,50.06666666666667,0.067,0.09066666666666669,74.77733333333335,0.008,0.03866666666666667,0.49066666666666664,0.012666666666666666,0.11166666666666668,0.11733333333333335,0.08133333333333334,0.01866666666666667,0.41800000000000004
64,63,2017-03-08,24,1,2016-2017,L. Sorocabana,Pinheiros,1,0.3459999999999999,0.10700000000000003,0.17666666666666667,0.06233333333333334,0.16599999999999995,0.05933333333333333,0.10666666666666669,0.06866666666666668,0.08166666666666665,0.874,0.035666666666666666,0.11966666666666666,30.801333333333332,0.08833333333333333,0.185,48.018666666666654,0.06233333333333334,0.09066666666666666,69.56866666666666,0.008666666666666668,0.04033333333333333,0.5193333333333334,0.007666666666666668,0.121,0.06866666666666667,0.08166666666666665,0.03166666666666668,0.338,0.40533333333333327,0.089,0.22599999999999998,0.09033333333333335,0.19033333333333333,0.055000000000000014,0.13533333333333336,0.08700000000000001,0.07300000000000001,1.2326666666666668,0.02966666666666667,0.09933333333333332,30.901999999999997,0.11299999999999999,0.20999999999999996,53.62133333333335,0.09033333333333335,0.13066666666666665,69.42999999999999,0.010000000000000002,0.036666666666666674,0.5306666666666667,0.014333333333333339,0.10966666666666666,0.14133333333333334,0.07300000000000001,0.014333333333333335,0.4536666666666668
78,72,2017-03-09,25,1,2016-2017,Bauru Basket,Fortaleza B. C. / CFO,1,0.3943333333333333,0.151,0.16266666666666665,0.08066666666666666,0.19333333333333333,0.05033333333333333,0.143,0.083,0.06499999999999999,1.3153333333333337,0.05033333333333335,0.15333333333333335,32.894,0.08133333333333333,0.15666666666666665,52.67333333333333,0.08066666666666666,0.1146666666666667,70.48466666666667,0.003666666666666666,0.03666666666666667,0.5773333333333334,0.009333333333333332,0.09533333333333333,0.10266666666666667,0.06499999999999999,0.016333333333333335,0.4393333333333334,0.38500000000000006,0.141,0.17333333333333334,0.07066666666666667,0.18833333333333332,0.05333333333333335,0.13499999999999998,0.07266666666666666,0.06533333333333333,1.1353333333333337,0.047000000000000014,0.1366666666666667,34.38,0.08666666666666667,0.18833333333333335,45.79666666666666,0.07066666666666667,0.10433333333333333,67.16733333333333,0.005666666666666668,0.03866666666666666,0.6219999999999999,0.012,0.10733333333333335,0.11000000000000001,0.06533333333333333,0.013666666666666667,0.4063333333333334
87,64,2017-03-09,25,1,2016-2017,Mogi,Minas,1,0.39866666666666667,0.165,0.15800000000000003,0.07566666666666669,0.187,0.05200000000000001,0.13499999999999998,0.09133333333333334,0.06533333333333333,1.7053333333333331,0.055,0.15233333333333332,36.42133333333334,0.07900000000000001,0.16066666666666668,49.675999999999995,0.07566666666666669,0.10733333333333334,70.31,0.006666666666666666,0.03800000000000001,0.664,0.005333333333333333,0.10099999999999999,0.05266666666666666,0.06533333333333333,0.017666666666666667,0.44433333333333336,0.39,0.136,0.1846666666666667,0.06933333333333333,0.18266666666666667,0.05733333333333334,0.12533333333333332,0.08866666666666667,0.08299999999999999,1.1013333333333333,0.04533333333333334,0.13266666666666665,35.24066666666666,0.09233333333333335,0.18566666666666667,49.716,0.06933333333333333,0.09433333333333335,74.81733333333334,0.008333333333333333,0.03933333333333334,0.48800000000000004,0.012333333333333333,0.11366666666666665,0.11400000000000002,0.08299999999999999,0.018333333333333337,0.42433333333333334
81,74,2017-03-09,25,1,2016-2017,Sesi Franca,Vitória,1,0.4093333333333333,0.127,0.18400000000000002,0.09833333333333334,0.19366666666666668,0.05700000000000002,0.1366666666666667,0.07833333333333332,0.07266666666666667,1.1753333333333331,0.042333333333333334,0.12499999999999999,34.27466666666667,0.09200000000000001,0.18333333333333332,50.750666666666675,0.09833333333333334,0.13466666666666666,73.88266666666667,0.005666666666666667,0.030000000000000006,0.4546666666666667,0.007666666666666668,0.12000000000000001,0.06000000000000001,0.07266666666666667,0.014000000000000002,0.43600000000000005,0.3789999999999999,0.10600000000000001,0.18933333333333338,0.08366666666666665,0.17466666666666664,0.04133333333333334,0.13333333333333333,0.08466666666666665,0.07066666666666668,1.2833333333333334,0.03533333333333334,0.11066666666666666,32.778,0.09466666666666669,0.18766666666666668,50.157333333333334,0.08366666666666665,0.11166666666666666,73.02733333333335,0.006333333333333334,0.03866666666666667,0.5860000000000001,0.007666666666666667,0.109,0.07266666666666666,0.07066666666666668,0.01566666666666667,0.4176666666666666
80,90,2017-03-09,25,1,2016-2017,VipTech CMB,Brasília,0,0.4043333333333334,0.142,0.18066666666666667,0.08166666666666665,0.18699999999999997,0.05800000000000001,0.12899999999999998,0.07733333333333334,0.06766666666666667,1.1933333333333336,0.047333333333333345,0.13333333333333336,35.650666666666666,0.09033333333333333,0.193,47.083333333333336,0.08166666666666665,0.11466666666666668,69.80999999999999,0.006666666666666666,0.043000000000000003,0.6633333333333333,0.012666666666666666,0.09900000000000002,0.13333333333333336,0.06766666666666667,0.016333333333333335,0.435,0.3956666666666667,0.12000000000000002,0.2046666666666667,0.071,0.18966666666666665,0.05466666666666667,0.13499999999999998,0.098,0.07200000000000001,1.6393333333333335,0.04,0.11800000000000001,33.34133333333333,0.10233333333333335,0.19333333333333336,52.51066666666667,0.071,0.10033333333333333,69.94733333333333,0.008,0.029999999999999995,0.4413333333333334,0.012666666666666668,0.101,0.1366666666666667,0.07200000000000001,0.013000000000000001,0.45566666666666666
67,74,2017-03-10,25,1,2016-2017,Paulistano,Pinheiros,0,0.4146666666666666,0.15799999999999997,0.184,0.07266666666666667,0.17900000000000002,0.05966666666666667,0.11933333333333333,0.096,0.06266666666666668,1.606666666666667,0.05266666666666667,0.1516666666666667,35.80466666666667,0.092,0.17600000000000002,52.77333333333334,0.07266666666666667,0.09333333333333332,77.71533333333335,0.007,0.034666666666666665,0.5666666666666667,0.009666666666666667,0.10899999999999999,0.09466666666666666,0.06266666666666668,0.012666666666666666,0.46766666666666656,0.39499999999999996,0.08800000000000001,0.21866666666666665,0.08833333333333333,0.18866666666666668,0.05200000000000001,0.1366666666666667,0.08600000000000001,0.07266666666666667,1.224,0.029333333333333336,0.09633333333333333,31.39533333333333,0.10933333333333332,0.20733333333333331,52.46000000000001,0.08833333333333333,0.12866666666666665,69.00666666666666,0.010000000000000002,0.03666666666666667,0.5333333333333333,0.014000000000000005,0.10700000000000001,0.14333333333333337,0.07266666666666667,0.015000000000000003,0.44233333333333336
94,86,2017-03-11,25,1,2016-2017,Flamengo,R10 Score Vasco da Gama,1,0.43466666666666665,0.13399999999999998,0.21600000000000005,0.08466666666666667,0.20233333333333337,0.053333333333333344,0.149,0.10400000000000001,0.06966666666666667,1.556,0.04466666666666667,0.12399999999999999,35.620000000000005,0.10800000000000003,0.192,56.807333333333325,0.08466666666666667,0.11533333333333333,73.98133333333334,0.007666666666666667,0.031000000000000003,0.448,0.012000000000000004,0.09600000000000002,0.12866666666666668,0.06966666666666667,0.016000000000000004,0.5203333333333334,0.37566666666666676,0.11299999999999999,0.17666666666666664,0.08600000000000001,0.16599999999999995,0.043333333333333335,0.12266666666666666,0.077,0.076,1.1246666666666665,0.03766666666666667,0.11066666666666665,33.998666666666665,0.08833333333333332,0.175,50.89533333333335,0.08600000000000001,0.11,79.91799999999999,0.002666666666666666,0.03633333333333334,0.53,0.006333333333333334,0.11000000000000001,0.06266666666666668,0.076,0.01966666666666667,0.40166666666666667
73,67,2017-03-11,25,1,2016-2017,Macaé Basquete,Caxias do Sul Basquete,1,0.362,0.099,0.18933333333333333,0.07366666666666667,0.16066666666666665,0.04566666666666667,0.115,0.08266666666666667,0.073,1.1759999999999997,0.033000000000000015,0.10633333333333335,31.629999999999995,0.09466666666666666,0.18800000000000003,50.816,0.07366666666666667,0.094,79.484,0.003,0.028999999999999995,0.4153333333333333,0.010333333333333333,0.11100000000000002,0.10000000000000002,0.073,0.019000000000000003,0.38466666666666666,0.37099999999999994,0.102,0.1913333333333333,0.07766666666666669,0.168,0.04666666666666668,0.12133333333333332,0.079,0.07966666666666669,1.0493333333333332,0.034,0.10366666666666666,32.24866666666667,0.09566666666666665,0.19799999999999998,48.31666666666668,0.07766666666666669,0.11066666666666666,70.48466666666667,0.009000000000000001,0.03900000000000001,0.4893333333333334,0.008666666666666666,0.11733333333333333,0.08266666666666668,0.07966666666666669,0.013666666666666667,0.38100000000000006
62,74,2017-03-13,26,1,2016-2017,Minas,Brasília,0,0.38733333333333336,0.132,0.1826666666666667,0.07266666666666666,0.1766666666666667,0.055,0.12166666666666666,0.08733333333333333,0.082,1.095333333333333,0.04400000000000001,0.13266666666666665,34.288666666666664,0.09133333333333335,0.18366666666666667,49.64666666666667,0.07266666666666666,0.09899999999999999,74.09533333333334,0.008333333333333333,0.04000000000000001,0.5066666666666666,0.011666666666666669,0.11533333333333333,0.10800000000000003,0.082,0.019333333333333338,0.4136666666666667,0.39699999999999996,0.12000000000000004,0.20733333333333334,0.06966666666666667,0.18733333333333332,0.05366666666666666,0.13366666666666666,0.1,0.073,1.6393333333333335,0.04000000000000001,0.11600000000000002,34.06399999999999,0.10366666666666667,0.1953333333333334,52.71533333333333,0.06966666666666667,0.1,68.70599999999999,0.009000000000000001,0.03166666666666666,0.464,0.012666666666666666,0.10266666666666668,0.134,0.073,0.013000000000000005,0.45766666666666667
92,57,2017-03-13,26,1,2016-2017,Paulistano,L. Sorocabana,1,0.4063333333333333,0.151,0.1793333333333333,0.07600000000000001,0.17700000000000002,0.05666666666666667,0.12033333333333335,0.093,0.06633333333333333,1.5066666666666666,0.050333333333333334,0.14633333333333334,35.230000000000004,0.08966666666666664,0.1766666666666667,51.48000000000001,0.07600000000000001,0.09766666666666667,77.49333333333333,0.007333333333333333,0.03666666666666667,0.5633333333333334,0.010333333333333335,0.11033333333333332,0.1,0.06633333333333333,0.012333333333333333,0.4523333333333333,0.3416666666666667,0.10500000000000001,0.1733333333333333,0.06333333333333332,0.1703333333333333,0.060333333333333336,0.11000000000000001,0.07000000000000002,0.08133333333333333,0.896,0.03500000000000001,0.12000000000000001,30.221999999999998,0.08666666666666666,0.18433333333333335,47.29933333333334,0.06333333333333332,0.09100000000000001,70.29866666666666,0.007666666666666668,0.03966666666666667,0.5126666666666668,0.006333333333333333,0.12066666666666667,0.05666666666666668,0.08133333333333333,0.03166666666666668,0.33633333333333343
74,71,2017-03-13,26,1,2016-2017,Mogi,VipTech CMB,1,0.39633333333333337,0.162,0.1566666666666667,0.07766666666666669,0.19133333333333338,0.05533333333333334,0.13599999999999998,0.09266666666666667,0.06666666666666667,1.6973333333333334,0.05400000000000001,0.15099999999999997,36.12666666666667,0.07833333333333335,0.15966666666666668,49.66066666666666,0.07766666666666669,0.11166666666666665,69.736,0.005999999999999999,0.038000000000000006,0.6560000000000001,0.005333333333333333,0.10266666666666667,0.052000000000000005,0.06666666666666667,0.017,0.4446666666666667,0.40900000000000003,0.142,0.18200000000000002,0.08499999999999999,0.1873333333333333,0.05766666666666667,0.12966666666666665,0.077,0.06833333333333333,1.1780000000000002,0.04733333333333333,0.13266666666666665,35.80866666666667,0.09100000000000001,0.194,47.19799999999999,0.08499999999999999,0.11533333333333336,71.87066666666666,0.006333333333333332,0.04300000000000002,0.6573333333333333,0.011666666666666669,0.1,0.12000000000000002,0.06833333333333333,0.016,0.44099999999999995
80,82,2017-03-14,26,1,2016-2017,Macaé Basquete,Flamengo,0,0.35866666666666663,0.099,0.18266666666666664,0.07699999999999999,0.16133333333333333,0.044666666666666674,0.11666666666666668,0.08000000000000002,0.07466666666666666,1.1013333333333333,0.033000000000000015,0.10600000000000002,31.708000000000002,0.09133333333333332,0.18266666666666667,50.37133333333334,0.07699999999999999,0.09633333333333333,80.624,0.003333333333333333,0.029333333333333326,0.4059999999999999,0.01,0.11366666666666667,0.09733333333333334,0.07466666666666666,0.017666666666666667,0.38100000000000006,0.4313333333333332,0.12899999999999998,0.2153333333333334,0.087,0.20500000000000002,0.05533333333333333,0.14966666666666667,0.10200000000000001,0.06733333333333331,1.5766666666666669,0.043000000000000003,0.12466666666666665,34.232,0.1076666666666667,0.19166666666666668,56.736,0.087,0.11800000000000002,74.19,0.007666666666666667,0.028333333333333335,0.42733333333333334,0.012333333333333337,0.09666666666666668,0.13133333333333336,0.06733333333333331,0.016,0.515
82,68,2017-03-14,26,1,2016-2017,Vitória,Fortaleza B. C. / CFO,1,0.37799999999999995,0.10600000000000001,0.18733333333333338,0.08466666666666665,0.17999999999999997,0.046000000000000006,0.134,0.08399999999999999,0.07333333333333333,1.2433333333333332,0.03533333333333334,0.11166666666666666,32.473333333333336,0.09366666666666669,0.19,49.167333333333325,0.08466666666666665,0.11366666666666665,72.80466666666668,0.007333333333333334,0.041,0.5966666666666666,0.008,0.11033333333333332,0.07466666666666666,0.07333333333333333,0.017,0.416,0.37733333333333335,0.14100000000000001,0.1686666666666667,0.06766666666666667,0.18866666666666668,0.05233333333333334,0.13633333333333333,0.07466666666666667,0.06833333333333333,1.1353333333333337,0.047000000000000014,0.13733333333333334,34.214666666666666,0.08433333333333334,0.18633333333333332,45.166666666666664,0.06766666666666667,0.09999999999999999,66.88133333333333,0.006000000000000001,0.037333333333333336,0.5666666666666667,0.012333333333333333,0.10633333333333334,0.114,0.06833333333333333,0.014666666666666666,0.39733333333333326
57,76,2017-03-14,26,1,2016-2017,R10 Score Vasco da Gama,Caxias do Sul Basquete,0,0.381,0.11900000000000001,0.17799999999999996,0.08400000000000002,0.16499999999999998,0.04366666666666667,0.12133333333333333,0.07833333333333334,0.07133333333333332,1.1999999999999997,0.03966666666666667,0.11266666666666666,35.202000000000005,0.08899999999999998,0.17733333333333334,50.49866666666667,0.08400000000000002,0.10866666666666669,78.97333333333334,0.002666666666666666,0.034,0.5186666666666666,0.005333333333333333,0.11233333333333335,0.05133333333333334,0.07133333333333332,0.017666666666666667,0.4063333333333334,0.3666666666666666,0.10099999999999998,0.18466666666666667,0.081,0.1716666666666667,0.047333333333333345,0.12433333333333334,0.07633333333333332,0.08066666666666666,1.0173333333333332,0.033666666666666664,0.10400000000000001,31.677333333333333,0.09233333333333334,0.19200000000000003,48.15800000000001,0.081,0.11666666666666667,69.78999999999999,0.008,0.04066666666666667,0.5013333333333334,0.008666666666666666,0.11966666666666666,0.08133333333333334,0.08066666666666666,0.014666666666666666,0.3776666666666667
89,66,2017-03-22,27,1,2016-2017,R10 Score Vasco da Gama,L. Sorocabana,1,0.37133333333333335,0.11900000000000001,0.17266666666666666,0.07966666666666665,0.16099999999999998,0.043333333333333335,0.11766666666666666,0.07866666666666666,0.07066666666666666,1.214,0.03966666666666667,0.116,34.382666666666665,0.08633333333333333,0.1726666666666667,50.19533333333333,0.07966666666666665,0.10400000000000001,78.61200000000001,0.002666666666666666,0.034,0.5213333333333333,0.005333333333333333,0.109,0.05133333333333334,0.07066666666666666,0.017666666666666667,0.39266666666666666,0.33966666666666673,0.10300000000000002,0.1713333333333333,0.06533333333333333,0.16866666666666666,0.058666666666666666,0.11000000000000001,0.07066666666666668,0.082,0.8966666666666667,0.03433333333333334,0.119,29.825333333333333,0.08566666666666665,0.18133333333333332,47.51533333333334,0.06533333333333333,0.093,71.15400000000001,0.007333333333333333,0.03833333333333334,0.49333333333333335,0.007,0.12066666666666666,0.06400000000000002,0.082,0.03266666666666668,0.3343333333333333
81,94,2017-03-22,27,1,2016-2017,Fortaleza B. C. / CFO,Flamengo,0,0.37566666666666665,0.13899999999999998,0.16666666666666666,0.07,0.18599999999999997,0.05000000000000002,0.136,0.07333333333333333,0.071,1.07,0.046333333333333344,0.13366666666666666,34.61666666666667,0.08333333333333333,0.187,44.553999999999995,0.07,0.10366666666666664,65.96,0.006666666666666667,0.03733333333333333,0.5486666666666667,0.011666666666666665,0.10633333333333335,0.10666666666666667,0.071,0.014666666666666665,0.3883333333333334,0.42933333333333323,0.13299999999999998,0.20933333333333332,0.087,0.2033333333333334,0.05600000000000001,0.14733333333333334,0.10333333333333332,0.06633333333333333,1.6233333333333335,0.044333333333333336,0.12499999999999999,35.01866666666667,0.10466666666666666,0.18966666666666665,55.67733333333333,0.087,0.11699999999999999,74.77666666666667,0.007333333333333333,0.029666666666666668,0.4560000000000001,0.01266666666666667,0.09666666666666668,0.13466666666666666,0.06633333333333333,0.015666666666666666,0.5163333333333333
84,90,2017-03-22,27,1,2016-2017,Vitória,Macaé Basquete,0,0.383,0.108,0.19000000000000003,0.08499999999999998,0.18,0.04400000000000001,0.136,0.08666666666666667,0.07400000000000002,1.2693333333333332,0.03600000000000001,0.11133333333333334,33.08866666666667,0.09500000000000001,0.19466666666666665,48.82333333333333,0.08499999999999998,0.11466666666666665,72.44266666666668,0.007333333333333334,0.041,0.592,0.007000000000000002,0.11000000000000001,0.06466666666666666,0.07400000000000002,0.016333333333333335,0.41899999999999993,0.3656666666666667,0.09899999999999999,0.1873333333333333,0.07933333333333333,0.16433333333333336,0.045333333333333344,0.119,0.08,0.07466666666666665,1.1013333333333333,0.03300000000000001,0.10633333333333334,31.599333333333334,0.09366666666666665,0.1836666666666667,51.244,0.07933333333333333,0.09966666666666665,80.42333333333335,0.003333333333333333,0.030666666666666665,0.424,0.009666666666666667,0.11333333333333333,0.09533333333333334,0.07466666666666665,0.017333333333333333,0.39200000000000007
80,82,2017-03-22,27,1,2016-2017,Caxias do Sul Basquete,Paulistano,0,0.36300000000000004,0.10200000000000001,0.1806666666666667,0.08033333333333334,0.17,0.047333333333333345,0.12266666666666666,0.072,0.08,0.9673333333333333,0.034,0.10466666666666667,31.822000000000003,0.09033333333333335,0.18933333333333335,47.971333333333334,0.08033333333333334,0.11366666666666665,71.51866666666666,0.007333333333333334,0.042000000000000016,0.524,0.007666666666666666,0.11833333333333333,0.07400000000000001,0.08,0.015000000000000003,0.37166666666666665,0.4063333333333333,0.15300000000000002,0.18133333333333335,0.07200000000000001,0.1743333333333333,0.05400000000000001,0.12033333333333333,0.09666666666666666,0.06566666666666668,1.5599999999999998,0.051,0.14800000000000002,35.05466666666666,0.09066666666666667,0.17366666666666666,52.79200000000001,0.07200000000000001,0.09300000000000001,77.038,0.008333333333333333,0.034,0.5366666666666667,0.011333333333333334,0.10933333333333334,0.11266666666666668,0.06566666666666668,0.012333333333333337,0.4559999999999999
81,83,2017-03-22,27,1,2016-2017,VipTech CMB,Pinheiros,0,0.4066666666666666,0.14299999999999996,0.17866666666666667,0.08499999999999998,0.186,0.05533333333333334,0.13066666666666665,0.07566666666666667,0.07166666666666664,1.1013333333333333,0.04766666666666667,0.13166666666666668,36.36466666666667,0.08933333333333333,0.19066666666666668,47.07733333333333,0.08499999999999998,0.113,74.46333333333332,0.006666666666666666,0.04233333333333334,0.6073333333333333,0.010333333333333335,0.1,0.10466666666666669,0.07166666666666664,0.017,0.43599999999999994,0.39299999999999996,0.09000000000000001,0.212,0.091,0.19133333333333333,0.05266666666666668,0.1386666666666667,0.08533333333333333,0.07333333333333332,1.2086666666666668,0.030000000000000013,0.09633333333333333,32.17933333333333,0.106,0.21,50.330000000000005,0.091,0.13233333333333333,68.87866666666666,0.008333333333333333,0.03766666666666667,0.5406666666666666,0.014333333333333337,0.11033333333333335,0.1366666666666667,0.07333333333333332,0.014666666666666668,0.4366666666666667
77,89,2017-03-23,27,1,2016-2017,Minas,Bauru Basket,0,0.38,0.128,0.18266666666666664,0.06933333333333333,0.17866666666666667,0.053666666666666675,0.125,0.08566666666666665,0.08233333333333334,1.068,0.042666666666666665,0.13099999999999998,33.67666666666666,0.09133333333333332,0.18499999999999997,49.295333333333346,0.06933333333333333,0.09499999999999997,72.99266666666668,0.007333333333333334,0.03900000000000001,0.492,0.011333333333333336,0.11666666666666667,0.10400000000000002,0.08233333333333334,0.020333333333333335,0.40466666666666673,0.394,0.14,0.17466666666666666,0.07933333333333331,0.18966666666666665,0.04900000000000001,0.1406666666666667,0.08466666666666667,0.06566666666666666,1.3266666666666667,0.046666666666666676,0.15000000000000002,31.111333333333334,0.08733333333333333,0.15966666666666668,55.39533333333333,0.07933333333333331,0.11333333333333336,70.068,0.003666666666666666,0.03866666666666666,0.6020000000000001,0.009666666666666665,0.09533333333333333,0.10733333333333335,0.06566666666666666,0.017,0.4413333333333334
88,92,2017-03-23,27,1,2016-2017,Brasília,Sesi Franca,0,0.39633333333333337,0.12200000000000003,0.20400000000000001,0.07033333333333333,0.185,0.05200000000000001,0.133,0.101,0.06866666666666665,1.7540000000000002,0.04066666666666666,0.11900000000000001,33.976,0.10200000000000001,0.19333333333333336,52.42466666666667,0.07033333333333333,0.10066666666666665,68.90666666666667,0.009000000000000001,0.032999999999999995,0.5113333333333333,0.011666666666666665,0.10066666666666667,0.12533333333333335,0.06866666666666665,0.012000000000000004,0.4583333333333333,0.4076666666666667,0.12099999999999998,0.18466666666666667,0.10200000000000001,0.193,0.055000000000000014,0.138,0.07933333333333333,0.07533333333333332,1.165333333333333,0.04033333333333333,0.12233333333333332,33.17666666666666,0.09233333333333334,0.18233333333333335,51.242000000000004,0.10200000000000001,0.138,74.75866666666667,0.007000000000000001,0.03066666666666667,0.44933333333333336,0.009333333333333334,0.12033333333333332,0.07266666666666667,0.07533333333333332,0.013666666666666666,0.4366666666666667
77,71,2017-03-24,28,1,2016-2017,Fortaleza B. C. / CFO,Macaé Basquete,1,0.37133333333333335,0.13399999999999998,0.16466666666666668,0.07266666666666667,0.18133333333333332,0.04866666666666668,0.13266666666666665,0.07200000000000001,0.06999999999999999,1.0713333333333332,0.044666666666666674,0.13399999999999998,33.376666666666665,0.08233333333333334,0.18166666666666667,45.32666666666666,0.07266666666666667,0.106,66.92399999999999,0.005666666666666665,0.036333333333333336,0.5406666666666666,0.011333333333333334,0.109,0.10266666666666668,0.06999999999999999,0.013999999999999997,0.38033333333333336,0.3743333333333334,0.102,0.19066666666666668,0.08166666666666668,0.16066666666666668,0.04466666666666668,0.11599999999999998,0.07866666666666668,0.07699999999999999,1.0360000000000003,0.034000000000000016,0.10500000000000001,32.834666666666664,0.09533333333333334,0.18633333333333335,51.31933333333333,0.08166666666666668,0.102,80.80400000000002,0.003666666666666666,0.030999999999999993,0.4086666666666666,0.009000000000000001,0.115,0.08600000000000001,0.07699999999999999,0.018333333333333333,0.39433333333333326
87,93,2017-03-24,28,1,2016-2017,Vitória,Flamengo,0,0.38200000000000006,0.11099999999999999,0.18800000000000003,0.083,0.1786666666666666,0.044333333333333336,0.13433333333333333,0.08433333333333333,0.07333333333333335,1.248,0.03700000000000001,0.11366666666666665,33.349333333333334,0.09400000000000001,0.19333333333333333,48.692,0.083,0.11333333333333333,71.49800000000002,0.008000000000000002,0.044333333333333336,0.6493333333333333,0.008000000000000002,0.109,0.07333333333333333,0.07333333333333335,0.016666666666666666,0.4176666666666666,0.428,0.131,0.21133333333333332,0.08566666666666664,0.20433333333333337,0.05533333333333334,0.149,0.1,0.06733333333333333,1.5179999999999998,0.04366666666666667,0.12333333333333332,34.93266666666667,0.10566666666666666,0.19033333333333333,55.982,0.08566666666666664,0.11533333333333333,74.68666666666668,0.007666666666666667,0.027333333333333334,0.4006666666666667,0.01266666666666667,0.09633333333333335,0.13466666666666666,0.06733333333333333,0.014333333333333332,0.5109999999999999
90,78,2017-03-24,28,1,2016-2017,Mogi,Pinheiros,1,0.39133333333333337,0.161,0.15266666666666667,0.07766666666666669,0.1926666666666667,0.05766666666666668,0.13499999999999998,0.08900000000000001,0.06733333333333333,1.6179999999999997,0.05366666666666668,0.14966666666666667,36.178,0.07633333333333334,0.161,48.07733333333333,0.07766666666666669,0.111,70.22066666666666,0.005333333333333333,0.03933333333333334,0.6706666666666667,0.005333333333333334,0.10066666666666665,0.054,0.06733333333333333,0.01666666666666667,0.4363333333333334,0.39499999999999996,0.09200000000000001,0.20733333333333331,0.09566666666666666,0.19533333333333333,0.05333333333333334,0.142,0.08533333333333333,0.07266666666666667,1.2180000000000002,0.03066666666666668,0.09699999999999999,32.68866666666666,0.10366666666666666,0.20800000000000005,49.73466666666666,0.09566666666666666,0.13766666666666666,69.806,0.006666666666666666,0.03466666666666666,0.506,0.013666666666666669,0.10766666666666667,0.13399999999999998,0.07266666666666667,0.014333333333333335,0.43866666666666665
59,67,2017-03-24,28,1,2016-2017,Caxias do Sul Basquete,L. Sorocabana,0,0.37333333333333335,0.11,0.17933333333333337,0.08400000000000002,0.17099999999999999,0.04600000000000001,0.125,0.07466666666666666,0.078,1.0213333333333332,0.03666666666666667,0.10699999999999998,34.362,0.08966666666666669,0.185,48.86333333333334,0.08400000000000002,0.117,72.49666666666667,0.007000000000000001,0.04100000000000001,0.52,0.008,0.12000000000000001,0.07600000000000001,0.078,0.014666666666666666,0.39133333333333326,0.337,0.099,0.17266666666666666,0.06533333333333333,0.16999999999999998,0.060333333333333336,0.10966666666666666,0.07000000000000002,0.08200000000000002,0.89,0.03300000000000001,0.11833333333333335,28.840666666666667,0.08633333333333333,0.18233333333333335,47.61066666666667,0.06533333333333333,0.09333333333333332,70.83533333333335,0.006000000000000001,0.036000000000000004,0.47000000000000003,0.006666666666666666,0.121,0.061333333333333344,0.08200000000000002,0.031333333333333345,0.3283333333333333
67,82,2017-03-24,28,1,2016-2017,R10 Score Vasco da Gama,Paulistano,0,0.3766666666666667,0.12200000000000001,0.1733333333333333,0.08133333333333331,0.161,0.044000000000000004,0.11699999999999999,0.07966666666666668,0.07033333333333333,1.2319999999999998,0.04066666666666667,0.116,35.33533333333333,0.08666666666666666,0.17233333333333334,50.583333333333336,0.08133333333333331,0.10566666666666666,78.834,0.003333333333333333,0.03566666666666667,0.5446666666666665,0.005,0.10766666666666666,0.04866666666666667,0.07033333333333333,0.017666666666666667,0.4023333333333334,0.40633333333333327,0.152,0.18200000000000002,0.07233333333333333,0.16999999999999998,0.05266666666666668,0.11733333333333333,0.09400000000000001,0.06366666666666668,1.5713333333333337,0.05066666666666667,0.14533333333333334,35.522666666666666,0.09100000000000001,0.17633333333333331,52.21266666666667,0.07233333333333333,0.095,76.1,0.007666666666666667,0.032,0.5166666666666667,0.011000000000000001,0.111,0.10800000000000003,0.06366666666666668,0.011666666666666669,0.447
92,89,2017-03-25,28,1,2016-2017,Brasília,Bauru Basket,1,0.4023333333333334,0.12400000000000001,0.20866666666666667,0.06966666666666667,0.183,0.05133333333333334,0.13166666666666668,0.10400000000000001,0.069,1.7926666666666666,0.04133333333333334,0.11666666666666668,35.24066666666666,0.10433333333333333,0.19466666666666668,53.227999999999994,0.06966666666666667,0.10033333333333333,68.14933333333335,0.009666666666666667,0.03333333333333333,0.5146666666666666,0.010666666666666668,0.09899999999999999,0.11733333333333335,0.069,0.013000000000000003,0.46799999999999997,0.39866666666666667,0.141,0.17733333333333334,0.08033333333333333,0.19233333333333333,0.05033333333333333,0.142,0.08600000000000001,0.06466666666666668,1.3766666666666665,0.047000000000000014,0.15066666666666664,31.154,0.08866666666666667,0.1633333333333333,55.162666666666674,0.08033333333333333,0.11466666666666668,70.102,0.0036666666666666666,0.03966666666666667,0.6293333333333334,0.01,0.09499999999999999,0.112,0.06466666666666668,0.016000000000000004,0.44933333333333336
80,84,2017-03-25,28,1,2016-2017,Minas,Sesi Franca,0,0.377,0.12200000000000001,0.18466666666666667,0.07033333333333333,0.18133333333333335,0.05466666666666668,0.12666666666666665,0.08633333333333333,0.084,1.0526666666666666,0.04066666666666667,0.13099999999999998,32.138,0.09233333333333334,0.18699999999999994,49.27933333333333,0.07033333333333333,0.09499999999999997,74.24266666666666,0.007666666666666667,0.03866666666666666,0.4779999999999999,0.012666666666666668,0.11866666666666667,0.11333333333333334,0.084,0.020333333333333335,0.4023333333333334,0.4126666666666666,0.12299999999999997,0.186,0.10366666666666667,0.19,0.054000000000000006,0.136,0.08166666666666668,0.077,1.1646666666666665,0.041,0.12399999999999997,33.17666666666666,0.093,0.17933333333333326,52.224666666666664,0.10366666666666667,0.1396666666666667,75.16133333333333,0.008333333333333335,0.03033333333333333,0.4206666666666667,0.009000000000000001,0.11833333333333332,0.07200000000000001,0.077,0.013333333333333336,0.44133333333333336
87,74,2017-03-29,30,1,2016-2017,Macaé Basquete,Brasília,1,0.372,0.09499999999999997,0.198,0.079,0.16366666666666668,0.04400000000000002,0.11966666666666667,0.076,0.07699999999999999,1.0026666666666668,0.031666666666666676,0.10500000000000004,30.501333333333328,0.099,0.188,52.698,0.079,0.09933333333333332,79.91533333333335,0.003666666666666666,0.031999999999999994,0.4213333333333333,0.010000000000000002,0.11400000000000002,0.09866666666666667,0.07699999999999999,0.017666666666666667,0.394,0.4066666666666667,0.12499999999999999,0.20933333333333334,0.07233333333333335,0.18133333333333335,0.054,0.12733333333333335,0.10666666666666667,0.06966666666666667,1.8193333333333337,0.04166666666666667,0.1186666666666667,34.93066666666666,0.10466666666666667,0.19633333333333336,52.98733333333333,0.07233333333333335,0.10333333333333333,68.60466666666667,0.010666666666666668,0.035,0.5366666666666667,0.012000000000000002,0.099,0.12933333333333336,0.06966666666666667,0.011666666666666667,0.4723333333333333
108,74,2017-03-29,30,1,2016-2017,Flamengo,Minas,1,0.4276666666666666,0.134,0.206,0.08766666666666666,0.20500000000000002,0.054333333333333345,0.15066666666666664,0.09666666666666668,0.07,1.4333333333333331,0.044666666666666674,0.12766666666666665,34.428,0.103,0.18533333333333332,55.982,0.08766666666666666,0.11733333333333332,74.96399999999998,0.007666666666666667,0.02666666666666667,0.38066666666666665,0.011333333333333332,0.09800000000000003,0.11866666666666667,0.07,0.015000000000000001,0.5023333333333333,0.37899999999999995,0.11800000000000001,0.19066666666666665,0.07033333333333334,0.179,0.05333333333333335,0.12566666666666668,0.08600000000000001,0.08400000000000002,1.0486666666666666,0.03933333333333333,0.13133333333333333,30.664,0.09533333333333333,0.18799999999999997,50.64666666666667,0.07033333333333334,0.09400000000000001,74.84466666666665,0.007333333333333333,0.03933333333333334,0.48599999999999993,0.011666666666666667,0.12133333333333333,0.10533333333333335,0.08400000000000002,0.020333333333333335,0.4026666666666667
95,69,2017-03-30,29,1,2016-2017,Pinheiros,Caxias do Sul Basquete,1,0.3956666666666667,0.091,0.2086666666666667,0.096,0.18833333333333338,0.05,0.13833333333333334,0.08499999999999999,0.07333333333333333,1.2053333333333334,0.030333333333333344,0.09299999999999999,33.59466666666666,0.10433333333333335,0.20700000000000002,50.542666666666655,0.096,0.13799999999999998,69.89800000000001,0.007,0.03666666666666666,0.5286666666666666,0.011666666666666665,0.10900000000000001,0.11066666666666668,0.07333333333333333,0.01566666666666667,0.4366666666666667,0.3696666666666667,0.10800000000000001,0.17600000000000002,0.08566666666666668,0.16966666666666666,0.04400000000000001,0.12566666666666668,0.076,0.07600000000000001,1.0486666666666664,0.036000000000000004,0.10833333333333334,33.473333333333336,0.08800000000000001,0.181,48.925333333333334,0.08566666666666668,0.11833333333333333,73.04400000000001,0.007000000000000001,0.04166666666666668,0.5393333333333333,0.008666666666666666,0.12133333333333332,0.08066666666666668,0.07600000000000001,0.013000000000000001,0.39166666666666666
79,67,2017-03-30,29,1,2016-2017,Paulistano,Fortaleza B. C. / CFO,1,0.40599999999999997,0.15299999999999997,0.18400000000000002,0.06899999999999999,0.17333333333333334,0.05333333333333335,0.12000000000000002,0.09766666666666665,0.06366666666666668,1.6280000000000003,0.05100000000000001,0.14366666666666666,36.15866666666667,0.09200000000000001,0.17666666666666667,52.830000000000005,0.06899999999999999,0.09033333333333333,76.44666666666667,0.007666666666666667,0.033666666666666664,0.5426666666666667,0.012333333333333335,0.10866666666666666,0.12266666666666669,0.06366666666666668,0.012666666666666665,0.46066666666666667,0.37933333333333336,0.13999999999999999,0.16466666666666666,0.07466666666666667,0.18199999999999997,0.04933333333333334,0.13266666666666665,0.07333333333333333,0.07033333333333333,1.088666666666667,0.046666666666666676,0.13466666666666666,34.67066666666666,0.08233333333333333,0.18266666666666664,45.10066666666666,0.07466666666666667,0.10766666666666666,68.02666666666666,0.005999999999999999,0.03766666666666667,0.5593333333333333,0.012000000000000002,0.10733333333333334,0.11400000000000002,0.07033333333333333,0.014333333333333332,0.3926666666666668
80,87,2017-03-30,29,1,2016-2017,Bauru Basket,Mogi,0,0.40766666666666673,0.14599999999999996,0.17866666666666667,0.08300000000000002,0.19099999999999998,0.04866666666666667,0.1423333333333333,0.08900000000000001,0.06600000000000002,1.4,0.04866666666666668,0.14833333333333332,33.108,0.08933333333333333,0.16266666666666665,55.67066666666667,0.08300000000000002,0.11766666666666667,70.324,0.004,0.04033333333333334,0.6279999999999999,0.010666666666666665,0.096,0.11733333333333332,0.06600000000000002,0.015333333333333336,0.4650000000000001,0.394,0.161,0.1566666666666667,0.07633333333333334,0.1926666666666667,0.059333333333333335,0.13333333333333333,0.08833333333333336,0.066,1.6386666666666665,0.05366666666666668,0.15,36.104,0.07833333333333335,0.16166666666666665,48.91866666666667,0.07633333333333334,0.10966666666666666,69.77266666666668,0.006666666666666667,0.03733333333333334,0.6566666666666667,0.005333333333333334,0.09933333333333333,0.05466666666666666,0.066,0.01666666666666667,0.4386666666666667
62,69,2017-03-30,29,1,2016-2017,L. Sorocabana,Vitória,0,0.3316666666666667,0.093,0.1713333333333333,0.06733333333333331,0.17499999999999996,0.063,0.11199999999999997,0.06733333333333333,0.08166666666666668,0.8593333333333334,0.031000000000000007,0.117,27.494000000000007,0.08566666666666665,0.18400000000000002,46.852,0.06733333333333331,0.09666666666666666,70.71466666666667,0.005333333333333332,0.037000000000000005,0.4853333333333333,0.006333333333333333,0.12066666666666666,0.05933333333333334,0.08166666666666668,0.030666666666666672,0.322,0.38366666666666666,0.11000000000000001,0.19133333333333333,0.08233333333333334,0.178,0.043333333333333335,0.13466666666666666,0.083,0.07300000000000001,1.2353333333333334,0.03666666666666667,0.11699999999999999,32.272666666666666,0.09566666666666666,0.19366666666666668,49.34866666666666,0.08233333333333334,0.11266666666666666,71.35866666666669,0.007333333333333332,0.04600000000000001,0.6793333333333333,0.007666666666666668,0.10933333333333334,0.07066666666666667,0.07300000000000001,0.016,0.41666666666666663
61,42,2017-03-30,29,1,2016-2017,Sesi Franca,VipTech CMB,1,0.4156666666666667,0.12299999999999998,0.18333333333333332,0.10933333333333332,0.19066666666666665,0.054666666666666655,0.136,0.08233333333333333,0.07766666666666668,1.1593333333333333,0.041,0.12466666666666666,32.95466666666667,0.09166666666666666,0.1783333333333333,51.639333333333326,0.10933333333333332,0.14466666666666667,76.03266666666667,0.008,0.030999999999999993,0.42266666666666663,0.008333333333333335,0.11866666666666667,0.06666666666666667,0.07766666666666668,0.012666666666666668,0.44466666666666665,0.40766666666666673,0.141,0.17666666666666667,0.09,0.18299999999999997,0.05266666666666668,0.13033333333333333,0.076,0.07033333333333333,1.174666666666667,0.04700000000000001,0.12666666666666668,36.97066666666667,0.08833333333333333,0.19133333333333333,46.50066666666665,0.09,0.11766666666666668,76.42666666666666,0.006333333333333332,0.041666666666666664,0.6253333333333333,0.010666666666666668,0.10033333333333334,0.10733333333333335,0.07033333333333333,0.016666666666666666,0.43833333333333335
71,77,2017-04-01,29,1,2016-2017,Flamengo,Brasília,0,0.434,0.14400000000000002,0.20266666666666666,0.08733333333333333,0.20133333333333334,0.054333333333333345,0.14700000000000005,0.1,0.06833333333333333,1.528,0.04800000000000001,0.13166666666666665,35.538,0.10133333333333333,0.181,56.39933333333334,0.08733333333333333,0.11833333333333333,73.85333333333332,0.008,0.025333333333333336,0.3733333333333333,0.01,0.10033333333333334,0.09800000000000002,0.06833333333333333,0.014,0.508,0.4006666666666667,0.11999999999999998,0.21000000000000002,0.07066666666666668,0.17633333333333334,0.053000000000000005,0.12333333333333334,0.104,0.071,1.7666666666666666,0.040000000000000015,0.11766666666666667,33.940666666666665,0.10500000000000001,0.195,53.60733333333333,0.07066666666666668,0.10133333333333333,68.36666666666666,0.010000000000000002,0.03633333333333333,0.542,0.011666666666666667,0.10066666666666668,0.12399999999999999,0.071,0.011333333333333334,0.4596666666666666
99,65,2017-04-01,29,1,2016-2017,Macaé Basquete,Minas,1,0.377,0.09499999999999999,0.2013333333333333,0.08066666666666666,0.16233333333333333,0.04166666666666667,0.12066666666666667,0.077,0.07899999999999999,0.9826666666666668,0.03166666666666667,0.10200000000000004,31.48866666666667,0.10066666666666665,0.188,53.510666666666665,0.08066666666666666,0.10233333333333333,78.868,0.004333333333333332,0.03233333333333333,0.42,0.009333333333333334,0.11433333333333334,0.09133333333333335,0.07899999999999999,0.016666666666666666,0.39966666666666667,0.3773333333333333,0.113,0.19266666666666668,0.07166666666666667,0.17600000000000002,0.05200000000000001,0.12400000000000001,0.08400000000000002,0.08266666666666667,1.0393333333333332,0.03766666666666667,0.127,30.365333333333336,0.09633333333333334,0.189,50.87666666666666,0.07166666666666667,0.096,74.97133333333333,0.006666666666666668,0.03933333333333334,0.49466666666666664,0.011666666666666667,0.12266666666666666,0.10533333333333335,0.08266666666666667,0.019,0.39933333333333326
72,81,2017-04-01,30,1,2016-2017,Pinheiros,R10 Score Vasco da Gama,0,0.4026666666666667,0.09399999999999999,0.21400000000000002,0.09466666666666665,0.1896666666666667,0.051333333333333335,0.13833333333333334,0.08800000000000001,0.07366666666666667,1.2413333333333332,0.031333333333333345,0.09366666666666666,34.197333333333326,0.10700000000000001,0.20733333333333334,51.71266666666666,0.09466666666666665,0.13633333333333333,69.98400000000001,0.008,0.035666666666666666,0.5113333333333334,0.010666666666666665,0.10733333333333335,0.10466666666666669,0.07366666666666667,0.016,0.4486666666666667,0.375,0.12399999999999999,0.17200000000000001,0.07899999999999999,0.159,0.04400000000000001,0.115,0.078,0.07166666666666667,1.1780000000000002,0.04133333333333334,0.11533333333333333,35.99466666666667,0.08600000000000001,0.17233333333333334,50.191333333333326,0.07899999999999999,0.10333333333333335,78.22,0.003,0.034666666666666665,0.5133333333333333,0.004333333333333332,0.10633333333333335,0.043333333333333335,0.07166666666666667,0.018000000000000002,0.39466666666666667
63,65,2017-04-01,30,1,2016-2017,L. Sorocabana,Fortaleza B. C. / CFO,0,0.32866666666666666,0.093,0.16799999999999998,0.06766666666666667,0.1783333333333333,0.06866666666666667,0.10966666666666666,0.06866666666666667,0.08000000000000002,0.894,0.03100000000000001,0.11966666666666666,26.468666666666667,0.08399999999999999,0.187,45.02466666666667,0.06766666666666667,0.098,70.04800000000002,0.004999999999999999,0.038000000000000006,0.508,0.006333333333333333,0.12399999999999999,0.052,0.08000000000000002,0.029333333333333336,0.318,0.37600000000000006,0.13899999999999998,0.16666666666666666,0.07033333333333333,0.1813333333333333,0.049666666666666665,0.13166666666666665,0.07366666666666669,0.07233333333333333,1.0646666666666669,0.046333333333333344,0.13533333333333333,34.25333333333333,0.08333333333333333,0.18366666666666662,45.45666666666666,0.07033333333333333,0.103,66.96933333333331,0.005333333333333332,0.03700000000000001,0.534,0.011666666666666669,0.10800000000000001,0.11066666666666669,0.07233333333333333,0.014333333333333332,0.3853333333333334
83,66,2017-04-01,30,1,2016-2017,Paulistano,Vitória,1,0.40166666666666667,0.14599999999999996,0.18400000000000005,0.07166666666666667,0.17533333333333337,0.05300000000000001,0.12233333333333334,0.09733333333333334,0.06566666666666668,1.592,0.04866666666666668,0.14066666666666666,35.199333333333335,0.09200000000000003,0.17566666666666667,53.187333333333335,0.07166666666666667,0.09433333333333334,75.854,0.007,0.03466666666666666,0.5393333333333333,0.013000000000000003,0.10733333333333332,0.13000000000000003,0.06566666666666668,0.013666666666666667,0.4580000000000001,0.3819999999999999,0.112,0.19600000000000004,0.07400000000000001,0.1796666666666667,0.04566666666666667,0.134,0.08133333333333333,0.07233333333333335,1.2213333333333334,0.037333333333333336,0.11866666666666666,32.43333333333333,0.09800000000000002,0.194,50.982,0.07400000000000001,0.10566666666666666,69.44000000000003,0.007333333333333332,0.045666666666666675,0.6786666666666668,0.008,0.10933333333333334,0.07466666666666667,0.07233333333333335,0.018000000000000002,0.4153333333333332
83,54,2017-04-01,30,1,2016-2017,Bauru Basket,VipTech CMB,1,0.40466666666666673,0.142,0.17666666666666667,0.08600000000000002,0.18933333333333335,0.047333333333333345,0.14200000000000002,0.08566666666666665,0.0696666666666667,1.2606666666666668,0.047333333333333345,0.14866666666666667,32.224000000000004,0.08833333333333333,0.15899999999999997,56.245333333333335,0.08600000000000002,0.121,70.82,0.004,0.04033333333333334,0.5993333333333334,0.011666666666666667,0.099,0.12333333333333331,0.0696666666666667,0.01566666666666667,0.45500000000000007,0.39000000000000007,0.13,0.17133333333333328,0.08866666666666666,0.184,0.053666666666666675,0.1303333333333333,0.07299999999999998,0.07400000000000001,1.0873333333333335,0.04333333333333334,0.12266666666666667,35.21066666666666,0.08566666666666664,0.18900000000000003,45.556,0.08866666666666666,0.11733333333333333,75.054,0.005666666666666666,0.04200000000000001,0.6,0.009666666666666667,0.10200000000000001,0.09200000000000003,0.07400000000000001,0.016666666666666666,0.41333333333333333
82,78,2017-04-01,30,1,2016-2017,Sesi Franca,Mogi,1,0.413,0.121,0.18266666666666667,0.10933333333333335,0.18966666666666665,0.053999999999999986,0.13566666666666669,0.08066666666666666,0.07666666666666666,1.1466666666666667,0.04033333333333334,0.12066666666666666,33.144,0.09133333333333334,0.18099999999999997,50.66866666666667,0.10933333333333335,0.14433333333333334,76.278,0.008333333333333333,0.034333333333333334,0.478,0.009333333333333334,0.11833333333333332,0.07866666666666666,0.07666666666666666,0.012666666666666666,0.44533333333333325,0.40399999999999997,0.16100000000000003,0.16266666666666663,0.08033333333333333,0.19433333333333339,0.058666666666666666,0.13566666666666669,0.08866666666666667,0.06666666666666668,1.636,0.05366666666666668,0.15,36.104,0.08133333333333331,0.16299999999999998,50.08266666666667,0.08033333333333333,0.11366666666666665,70.81,0.007000000000000001,0.039,0.6753333333333332,0.005333333333333334,0.10133333333333333,0.05466666666666666,0.06666666666666668,0.017000000000000005,0.45333333333333337
74,83,2017-04-04,1,3,2016-2017,R10 Score Vasco da Gama,Pinheiros,0,0.37900000000000006,0.12699999999999997,0.16666666666666663,0.08533333333333333,0.16233333333333333,0.046000000000000006,0.11633333333333334,0.07933333333333333,0.07366666666666667,1.1573333333333335,0.04233333333333334,0.115,37.367333333333335,0.08333333333333331,0.17066666666666666,49.222,0.08533333333333333,0.11266666666666669,76.64133333333334,0.0026666666666666666,0.033,0.4653333333333333,0.003999999999999999,0.10866666666666666,0.038000000000000006,0.07366666666666667,0.019000000000000003,0.39666666666666667,0.39366666666666666,0.09699999999999999,0.20333333333333334,0.09333333333333331,0.18700000000000003,0.05033333333333333,0.13666666666666666,0.08533333333333333,0.074,1.1993333333333338,0.03233333333333334,0.09433333333333334,34.949333333333335,0.10166666666666667,0.20433333333333334,49.692,0.09333333333333331,0.13499999999999995,69.74866666666667,0.007666666666666667,0.03600000000000001,0.5133333333333334,0.010666666666666668,0.109,0.10333333333333333,0.074,0.016333333333333335,0.4323333333333333
70,80,2017-04-05,1,3,2016-2017,Macaé Basquete,Bauru Basket,0,0.3906666666666668,0.09999999999999999,0.21066666666666664,0.08,0.163,0.04,0.123,0.08000000000000002,0.07633333333333332,1.1120000000000003,0.03333333333333333,0.10300000000000002,32.6,0.10533333333333332,0.18966666666666665,55.534666666666666,0.08,0.10333333333333332,76.75666666666666,0.004999999999999999,0.03433333333333333,0.49466666666666664,0.009666666666666667,0.11666666666666667,0.09200000000000003,0.07633333333333332,0.017333333333333333,0.42400000000000004,0.4103333333333334,0.13799999999999998,0.182,0.09033333333333335,0.19566666666666668,0.04866666666666667,0.147,0.089,0.069,1.3333333333333333,0.04600000000000001,0.142,32.45466666666667,0.091,0.16433333333333333,55.684,0.09033333333333335,0.12633333333333333,71.54533333333333,0.005,0.03933333333333334,0.5879999999999999,0.012333333333333333,0.09766666666666667,0.13133333333333333,0.069,0.015333333333333336,0.4723333333333334
87,84,2017-04-06,1,3,2016-2017,Fortaleza B. C. / CFO,Paulistano,1,0.37300000000000005,0.13199999999999998,0.1673333333333333,0.07366666666666667,0.18133333333333332,0.049666666666666665,0.13166666666666665,0.07433333333333335,0.07366666666666667,1.0553333333333332,0.044000000000000004,0.13499999999999998,32.51,0.08366666666666665,0.1833333333333333,45.73133333333333,0.07366666666666667,0.106,68.08,0.006333333333333332,0.039333333333333345,0.5599999999999999,0.012000000000000004,0.10800000000000001,0.1146666666666667,0.07366666666666667,0.014666666666666666,0.38333333333333336,0.4040000000000001,0.14299999999999996,0.1886666666666667,0.07233333333333333,0.178,0.055000000000000014,0.12299999999999998,0.09633333333333333,0.06633333333333334,1.5353333333333334,0.04766666666666668,0.13933333333333334,34.84866666666667,0.09433333333333335,0.179,53.617333333333335,0.07233333333333333,0.09466666666666668,76.27533333333334,0.007333333333333332,0.037000000000000005,0.5793333333333334,0.013333333333333334,0.10733333333333332,0.134,0.06633333333333334,0.013,0.46366666666666667
63,85,2017-04-07,1,3,2016-2017,VipTech CMB,Vitória,0,0.381,0.128,0.16666666666666663,0.08633333333333335,0.18433333333333335,0.05366666666666669,0.13066666666666663,0.07299999999999998,0.07300000000000001,1.1126666666666667,0.042666666666666665,0.12366666666666666,34.40800000000001,0.08333333333333331,0.18699999999999997,44.75866666666666,0.08633333333333335,0.11533333333333334,73.842,0.005666666666666666,0.04166666666666667,0.61,0.007999999999999998,0.10400000000000001,0.07533333333333334,0.07300000000000001,0.01566666666666667,0.40133333333333343,0.3756666666666666,0.11299999999999999,0.188,0.07466666666666667,0.17800000000000002,0.045333333333333344,0.13266666666666668,0.07999999999999999,0.07466666666666667,1.1740000000000002,0.03766666666666667,0.12166666666666667,31.65,0.094,0.18866666666666668,50.260666666666665,0.07466666666666667,0.10766666666666666,68.55133333333333,0.007333333333333333,0.04566666666666667,0.666,0.008666666666666666,0.11066666666666666,0.08133333333333334,0.07466666666666667,0.017666666666666667,0.4016666666666666
80,85,2017-04-07,2,3,2016-2017,Pinheiros,R10 Score Vasco da Gama,0,0.39799999999999996,0.09899999999999999,0.20733333333333334,0.09166666666666663,0.18500000000000005,0.04733333333333334,0.13766666666666666,0.08933333333333332,0.073,1.2820000000000003,0.03300000000000001,0.09233333333333334,36.06000000000001,0.10366666666666667,0.20666666666666664,50.04066666666666,0.09166666666666663,0.13166666666666665,70.69333333333334,0.008,0.035,0.504,0.010333333333333335,0.10966666666666668,0.09800000000000002,0.073,0.016000000000000004,0.44233333333333325,0.37533333333333335,0.13,0.16400000000000003,0.08133333333333333,0.15866666666666665,0.04233333333333334,0.11633333333333333,0.08033333333333334,0.07333333333333333,1.1846666666666665,0.04333333333333334,0.117,37.599333333333334,0.08200000000000002,0.16699999999999998,49.61266666666666,0.08133333333333333,0.10733333333333334,77.25666666666666,0.002333333333333333,0.03166666666666667,0.4466666666666666,0.004,0.10833333333333334,0.038000000000000006,0.07333333333333333,0.018666666666666668,0.392
91,79,2017-04-08,2,3,2016-2017,Bauru Basket,Macaé Basquete,1,0.40966666666666673,0.13799999999999998,0.18066666666666667,0.09100000000000001,0.19533333333333333,0.04900000000000001,0.14633333333333334,0.09033333333333335,0.06833333333333336,1.3686666666666667,0.04600000000000001,0.14266666666666666,32.296,0.09033333333333333,0.16199999999999998,56.142,0.09100000000000001,0.12866666666666668,70.77266666666668,0.004666666666666667,0.03833333333333334,0.5786666666666667,0.011666666666666665,0.09866666666666667,0.12000000000000002,0.06833333333333336,0.015000000000000003,0.4710000000000001,0.38899999999999996,0.10099999999999998,0.20866666666666667,0.07933333333333333,0.15899999999999997,0.038000000000000006,0.121,0.08066666666666668,0.07466666666666666,1.152666666666667,0.033666666666666664,0.10200000000000002,33.147999999999996,0.10433333333333333,0.18766666666666668,55.48199999999999,0.07933333333333333,0.105,73.688,0.005333333333333332,0.036,0.5286666666666666,0.009333333333333334,0.11866666666666666,0.08733333333333333,0.07466666666666666,0.018000000000000002,0.422
81,78,2017-04-09,3,3,2016-2017,Pinheiros,R10 Score Vasco da Gama,1,0.399,0.102,0.20400000000000004,0.09299999999999999,0.18466666666666667,0.05066666666666668,0.13399999999999998,0.09066666666666666,0.07366666666666667,1.2906666666666669,0.03400000000000001,0.094,36.46000000000001,0.10200000000000002,0.2063333333333333,49.15533333333333,0.09299999999999999,0.13299999999999998,70.98733333333334,0.008,0.034333333333333334,0.4933333333333334,0.010666666666666668,0.11366666666666668,0.0986666666666667,0.07366666666666667,0.016333333333333335,0.4413333333333333,0.3786666666666667,0.132,0.162,0.08466666666666665,0.15866666666666662,0.04133333333333335,0.11733333333333332,0.07866666666666666,0.07166666666666667,1.1846666666666665,0.04400000000000001,0.11700000000000002,38.20533333333333,0.081,0.168,48.55266666666667,0.08466666666666665,0.109,78.51933333333335,0.002,0.031000000000000007,0.4453333333333333,0.004666666666666666,0.10933333333333334,0.043333333333333335,0.07166666666666667,0.02066666666666667,0.39566666666666667
83,75,2017-04-09,2,3,2016-2017,Paulistano,Fortaleza B. C. / CFO,1,0.40766666666666673,0.146,0.18533333333333335,0.07633333333333334,0.18,0.05466666666666667,0.12533333333333335,0.09666666666666668,0.06866666666666667,1.4773333333333332,0.048666666666666664,0.13833333333333334,35.532000000000004,0.09266666666666667,0.1796666666666667,52.51066666666666,0.07633333333333334,0.0996666666666667,76.016,0.006666666666666666,0.035666666666666666,0.534,0.013000000000000001,0.11033333333333332,0.12933333333333336,0.06866666666666667,0.013,0.4643333333333333,0.3733333333333333,0.13899999999999998,0.16066666666666665,0.07366666666666669,0.184,0.04966666666666667,0.13433333333333333,0.07566666666666669,0.073,1.088,0.046333333333333344,0.13899999999999998,33.462666666666664,0.08033333333333333,0.181,44.784666666666666,0.07366666666666669,0.10566666666666666,68.258,0.005666666666666667,0.03900000000000001,0.5593333333333332,0.012000000000000002,0.10966666666666666,0.11200000000000002,0.073,0.014333333333333333,0.38566666666666666
93,83,2017-04-10,3,3,2016-2017,Bauru Basket,Macaé Basquete,1,0.4160000000000001,0.14,0.182,0.09400000000000001,0.19066666666666668,0.04700000000000001,0.1436666666666667,0.091,0.06800000000000002,1.3820000000000001,0.046666666666666676,0.14100000000000001,33.419333333333334,0.091,0.159,57.582,0.09400000000000001,0.13066666666666668,72.08866666666668,0.004666666666666667,0.037666666666666675,0.5726666666666667,0.011666666666666669,0.10033333333333333,0.11800000000000001,0.06800000000000002,0.016333333333333335,0.48000000000000015,0.39033333333333337,0.10799999999999997,0.20400000000000001,0.07833333333333332,0.15733333333333333,0.03933333333333334,0.11800000000000002,0.08099999999999999,0.07566666666666665,1.1433333333333335,0.036000000000000004,0.10533333333333333,34.461999999999996,0.10200000000000001,0.18533333333333332,54.879333333333335,0.07833333333333332,0.10366666666666667,73.67733333333332,0.005333333333333332,0.035666666666666666,0.5186666666666666,0.008666666666666666,0.119,0.082,0.07566666666666665,0.020000000000000004,0.4193333333333333
81,85,2017-04-11,3,3,2016-2017,Paulistano,Fortaleza B. C. / CFO,0,0.4093333333333334,0.14500000000000002,0.18600000000000003,0.07833333333333332,0.18,0.05333333333333334,0.12666666666666665,0.096,0.06699999999999999,1.5233333333333334,0.04833333333333333,0.136,35.81399999999999,0.09300000000000001,0.18100000000000002,52.39533333333333,0.07833333333333332,0.10066666666666667,76.85600000000001,0.007,0.036333333333333336,0.5646666666666668,0.012333333333333337,0.11166666666666665,0.12133333333333335,0.06699999999999999,0.012333333333333333,0.46900000000000003,0.37366666666666665,0.141,0.15799999999999997,0.07466666666666667,0.18466666666666667,0.05000000000000001,0.13466666666666663,0.07500000000000001,0.07533333333333332,1.0306666666666666,0.047000000000000014,0.138,34.224666666666664,0.07899999999999999,0.18100000000000002,44.044,0.07466666666666667,0.10666666666666667,68.45666666666666,0.005666666666666667,0.037333333333333336,0.5126666666666667,0.013000000000000001,0.11033333333333335,0.12000000000000002,0.07533333333333332,0.014333333333333333,0.38333333333333336
82,80,2017-04-11,2,3,2016-2017,Vitória,VipTech CMB,1,0.37999999999999995,0.11399999999999998,0.1946666666666667,0.07133333333333333,0.18233333333333335,0.045666666666666675,0.1366666666666667,0.07933333333333331,0.074,1.1720000000000002,0.03800000000000001,0.12200000000000001,31.840666666666667,0.09733333333333336,0.19166666666666668,51.366,0.07133333333333333,0.10500000000000001,67.64133333333334,0.008,0.04700000000000001,0.6806666666666668,0.008,0.11,0.07533333333333334,0.074,0.017666666666666667,0.4106666666666666,0.3813333333333333,0.129,0.1633333333333333,0.089,0.182,0.05233333333333335,0.12966666666666665,0.07333333333333332,0.07133333333333332,1.1446666666666667,0.04300000000000001,0.12766666666666668,33.855333333333334,0.08166666666666665,0.18299999999999997,44.726666666666674,0.089,0.11733333333333333,75.482,0.005000000000000001,0.04133333333333333,0.6193333333333334,0.008,0.10466666666666667,0.07533333333333334,0.07133333333333332,0.015000000000000001,0.4003333333333334
72,81,2017-04-13,3,3,2016-2017,Vitória,VipTech CMB,0,0.38499999999999995,0.11200000000000002,0.2006666666666667,0.07233333333333335,0.17933333333333332,0.04366666666666667,0.1356666666666667,0.08099999999999999,0.07633333333333334,1.1353333333333333,0.03733333333333333,0.11933333333333333,31.906000000000002,0.10033333333333334,0.19433333333333336,52.24333333333333,0.07233333333333335,0.10566666666666666,68.09666666666666,0.008666666666666666,0.04933333333333334,0.6960000000000001,0.007666666666666666,0.11133333333333333,0.07200000000000002,0.07633333333333334,0.019000000000000003,0.41666666666666663,0.37966666666666676,0.129,0.16199999999999998,0.08866666666666667,0.18033333333333332,0.05333333333333334,0.12699999999999997,0.072,0.07266666666666667,1.1099999999999999,0.043000000000000003,0.12633333333333333,34.282666666666664,0.08099999999999999,0.18366666666666662,44.25800000000001,0.08866666666666667,0.11866666666666667,74.566,0.004333333333333333,0.04100000000000001,0.6080000000000001,0.007666666666666667,0.10633333333333335,0.07133333333333333,0.07266666666666667,0.014666666666666666,0.39200000000000007
67,82,2017-04-15,4,3,2016-2017,Fortaleza B. C. / CFO,Paulistano,0,0.37999999999999995,0.14699999999999996,0.16,0.07300000000000001,0.18199999999999997,0.04766666666666667,0.1343333333333333,0.07366666666666669,0.07400000000000001,1.0306666666666666,0.04900000000000001,0.1396666666666667,35.291333333333334,0.08,0.17800000000000005,45.587333333333326,0.07300000000000001,0.10333333333333335,69.41799999999999,0.005666666666666667,0.035666666666666666,0.4966666666666667,0.013000000000000001,0.11066666666666669,0.11999999999999998,0.07400000000000001,0.013666666666666669,0.39133333333333337,0.41066666666666674,0.147,0.18600000000000003,0.07766666666666665,0.17966666666666667,0.05400000000000002,0.12566666666666668,0.09599999999999999,0.06566666666666668,1.5819999999999999,0.04900000000000001,0.137,35.98533333333333,0.09300000000000001,0.1836666666666667,51.654666666666664,0.07766666666666665,0.09933333333333334,77.27933333333334,0.006666666666666667,0.036333333333333336,0.5853333333333333,0.012333333333333337,0.11066666666666668,0.12200000000000003,0.06566666666666668,0.011333333333333334,0.4690000000000001
79,73,2017-04-15,4,3,2016-2017,R10 Score Vasco da Gama,Pinheiros,1,0.37866666666666665,0.133,0.158,0.08766666666666666,0.15633333333333335,0.039666666666666676,0.11666666666666665,0.07733333333333334,0.07600000000000001,1.0719999999999998,0.044333333333333336,0.11800000000000002,38.17466666666667,0.079,0.1633333333333333,48.70399999999999,0.08766666666666666,0.11200000000000002,79.35866666666668,0.002,0.03266666666666667,0.4246666666666667,0.004,0.11133333333333335,0.03733333333333333,0.07600000000000001,0.021333333333333336,0.39066666666666666,0.4020000000000001,0.104,0.202,0.09599999999999999,0.17933333333333332,0.04900000000000001,0.13033333333333333,0.08866666666666666,0.07566666666666667,1.216666666666667,0.034666666666666665,0.09633333333333334,36.588,0.101,0.2003333333333333,50.16866666666667,0.09599999999999999,0.13499999999999998,71.876,0.008000000000000002,0.035666666666666666,0.49333333333333335,0.011333333333333332,0.114,0.10400000000000002,0.07566666666666667,0.01633333333333333,0.4413333333333333
68,66,2017-04-16,4,3,2016-2017,VipTech CMB,Vitória,1,0.382,0.134,0.16,0.088,0.18466666666666667,0.05566666666666667,0.129,0.07200000000000001,0.07466666666666667,1.084,0.044666666666666674,0.128,35.12400000000001,0.08,0.18233333333333332,44.04933333333334,0.088,0.11866666666666666,74.05266666666667,0.004666666666666666,0.03933333333333334,0.5693333333333334,0.008333333333333333,0.10766666666666667,0.07666666666666666,0.07466666666666667,0.013666666666666667,0.3953333333333334,0.383,0.11200000000000002,0.20133333333333334,0.06966666666666668,0.178,0.04566666666666667,0.13233333333333336,0.08,0.07666666666666667,1.120666666666667,0.037333333333333336,0.11866666666666667,32.08266666666667,0.10066666666666667,0.19666666666666668,51.70333333333333,0.06966666666666668,0.10333333333333333,67.17266666666666,0.007666666666666667,0.048333333333333346,0.682,0.006666666666666667,0.11333333333333333,0.060666666666666674,0.07666666666666667,0.020666666666666663,0.40833333333333327
93,82,2017-04-17,5,3,2016-2017,Pinheiros,R10 Score Vasco da Gama,1,0.3940000000000001,0.097,0.20533333333333337,0.09166666666666665,0.178,0.04633333333333334,0.13166666666666668,0.08566666666666665,0.07533333333333334,1.1853333333333333,0.03233333333333333,0.09266666666666667,35.821333333333335,0.10266666666666668,0.2013333333333333,50.77200000000001,0.09166666666666665,0.12899999999999998,71.61866666666667,0.009000000000000001,0.036000000000000004,0.5000000000000001,0.012,0.11033333333333334,0.11333333333333333,0.07533333333333334,0.015000000000000003,0.434,0.3806666666666667,0.13399999999999998,0.16000000000000003,0.08666666666666667,0.15766666666666665,0.04100000000000001,0.11666666666666667,0.07833333333333334,0.075,1.1026666666666667,0.04466666666666667,0.12000000000000001,37.68333333333333,0.08000000000000002,0.16366666666666668,49.13133333333334,0.08666666666666667,0.11166666666666668,78.20466666666667,0.002,0.03233333333333334,0.42866666666666664,0.0033333333333333335,0.11166666666666668,0.030666666666666665,0.075,0.02,0.39333333333333337
76,72,2017-04-18,5,3,2016-2017,Paulistano,Fortaleza B. C. / CFO,1,0.4153333333333334,0.153,0.186,0.07633333333333332,0.18533333333333335,0.05433333333333335,0.131,0.096,0.067,1.5553333333333332,0.051000000000000004,0.1396666666666667,36.818,0.093,0.18100000000000002,52.231333333333325,0.07633333333333332,0.099,76.174,0.007000000000000001,0.034666666666666665,0.5446666666666666,0.012333333333333337,0.10933333333333334,0.12266666666666669,0.067,0.012000000000000002,0.4773333333333334,0.38499999999999995,0.146,0.16133333333333333,0.07766666666666665,0.1833333333333333,0.046333333333333344,0.13699999999999998,0.07266666666666667,0.07300000000000001,1.0273333333333334,0.048666666666666664,0.14033333333333337,34.94533333333333,0.08066666666666666,0.1753333333333333,46.53533333333333,0.07766666666666665,0.10900000000000003,71.12333333333335,0.006000000000000001,0.034666666666666665,0.4926666666666667,0.013000000000000001,0.11033333333333335,0.12000000000000001,0.07300000000000001,0.013333333333333334,0.39799999999999996
73,60,2017-04-18,5,3,2016-2017,Vitória,VipTech CMB,1,0.3776666666666667,0.11300000000000002,0.19133333333333333,0.07333333333333333,0.17633333333333334,0.046666666666666676,0.1296666666666667,0.07600000000000001,0.075,1.0966666666666667,0.03766666666666667,0.12033333333333335,31.749333333333333,0.09566666666666666,0.19200000000000003,50.27599999999999,0.07333333333333333,0.10766666666666666,67.59599999999999,0.007,0.047333333333333345,0.6793333333333333,0.008,0.11333333333333333,0.07400000000000001,0.075,0.020333333333333335,0.39699999999999996,0.37700000000000006,0.13399999999999998,0.15733333333333335,0.08566666666666668,0.1873333333333333,0.05866666666666667,0.12866666666666665,0.07133333333333333,0.07433333333333333,1.0799999999999998,0.04466666666666666,0.13033333333333333,34.53933333333334,0.07866666666666668,0.18166666666666664,43.48266666666667,0.08566666666666668,0.11833333333333333,72.10466666666667,0.004333333333333333,0.03966666666666667,0.5753333333333333,0.007666666666666667,0.10533333333333333,0.07400000000000002,0.07433333333333333,0.012666666666666668,0.38733333333333336
87,88,2017-04-20,1,4,2016-2017,Bauru Basket,Brasília,0,0.41800000000000004,0.136,0.184,0.098,0.19333333333333333,0.047333333333333345,0.14600000000000002,0.09166666666666669,0.07,1.3513333333333333,0.045333333333333344,0.14,32.872,0.092,0.1596666666666667,58.03933333333334,0.098,0.13499999999999998,72.53,0.006000000000000001,0.03633333333333334,0.5399999999999999,0.012333333333333337,0.10200000000000001,0.12400000000000001,0.07,0.01633333333333333,0.48233333333333345,0.40166666666666667,0.11599999999999998,0.20933333333333334,0.07633333333333334,0.17633333333333334,0.05200000000000001,0.12433333333333335,0.10566666666666666,0.07200000000000002,1.7713333333333336,0.03866666666666667,0.11533333333333334,33.43533333333333,0.10466666666666667,0.19533333333333333,53.36733333333333,0.07633333333333334,0.10633333333333334,70.25399999999999,0.009666666666666667,0.03766666666666667,0.552,0.010666666666666666,0.10300000000000001,0.10933333333333335,0.07200000000000002,0.011333333333333334,0.4626666666666666
85,96,2017-04-21,1,4,2016-2017,Pinheiros,Flamengo,0,0.3993333333333334,0.10400000000000001,0.20133333333333336,0.094,0.176,0.04633333333333334,0.12966666666666668,0.08600000000000002,0.07299999999999998,1.2979999999999998,0.034666666666666665,0.09500000000000001,37.24933333333334,0.10066666666666668,0.19766666666666666,50.81466666666667,0.094,0.13066666666666665,72.84066666666668,0.009333333333333336,0.03633333333333333,0.5706666666666667,0.012666666666666665,0.11100000000000002,0.11866666666666667,0.07299999999999998,0.014333333333333335,0.4433333333333333,0.42999999999999994,0.14100000000000001,0.19866666666666669,0.09033333333333335,0.2026666666666667,0.054666666666666676,0.14800000000000005,0.10033333333333334,0.06933333333333333,1.5120000000000002,0.04700000000000001,0.13266666666666665,34.519999999999996,0.09933333333333334,0.17966666666666667,55.806000000000004,0.09033333333333335,0.12199999999999998,73.86866666666668,0.008333333333333333,0.02666666666666667,0.38866666666666666,0.011,0.10633333333333335,0.10533333333333335,0.06933333333333333,0.013,0.5036666666666666
80,65,2017-04-22,1,4,2016-2017,Paulistano,Sesi Franca,1,0.417,0.156,0.18333333333333338,0.07766666666666665,0.18366666666666667,0.051333333333333335,0.13233333333333333,0.098,0.06733333333333334,1.5806666666666667,0.05200000000000001,0.13766666666666666,38.30133333333333,0.09166666666666669,0.18000000000000002,51.83266666666667,0.07766666666666665,0.1,76.70266666666667,0.008,0.033666666666666664,0.528,0.012000000000000004,0.10766666666666666,0.12133333333333335,0.06733333333333334,0.012,0.4806666666666667,0.4126666666666666,0.11900000000000001,0.186,0.10766666666666667,0.18933333333333333,0.054,0.13533333333333336,0.07933333333333333,0.07400000000000001,1.1966666666666665,0.03966666666666667,0.12066666666666667,32.65,0.093,0.18166666666666664,51.36066666666666,0.10766666666666667,0.14166666666666666,76.49466666666667,0.008666666666666666,0.034333333333333334,0.49466666666666664,0.008666666666666666,0.11799999999999998,0.07200000000000001,0.07400000000000001,0.011333333333333332,0.44666666666666666
83,89,2017-04-22,1,4,2016-2017,Vitória,Mogi,0,0.3776666666666667,0.116,0.19333333333333336,0.06833333333333334,0.17833333333333334,0.04833333333333334,0.13,0.07766666666666668,0.076,1.102666666666667,0.03866666666666667,0.12200000000000001,32.15266666666666,0.09666666666666668,0.19066666666666665,51.09799999999999,0.06833333333333334,0.10166666666666666,66.50466666666667,0.007333333333333333,0.046666666666666676,0.6553333333333333,0.007666666666666667,0.112,0.07200000000000001,0.076,0.021333333333333336,0.4013333333333333,0.407,0.16299999999999998,0.16599999999999998,0.078,0.1926666666666667,0.058,0.13466666666666666,0.08866666666666667,0.06433333333333334,1.7073333333333334,0.05433333333333335,0.15166666666666667,36.19933333333333,0.08299999999999999,0.16199999999999998,51.51200000000001,0.078,0.112,69.48066666666666,0.007666666666666667,0.038,0.6946666666666665,0.005333333333333334,0.10133333333333334,0.05466666666666667,0.06433333333333334,0.01566666666666667,0.457
73,77,2017-04-23,2,4,2016-2017,Brasília,Bauru Basket,0,0.39933333333333343,0.11699999999999999,0.19933333333333333,0.08299999999999999,0.17899999999999996,0.05266666666666667,0.12633333333333333,0.10400000000000002,0.077,1.5146666666666666,0.03900000000000001,0.11366666666666668,34.302,0.09966666666666667,0.19433333333333333,51.423333333333325,0.08299999999999999,0.11266666666666666,73.29400000000001,0.010000000000000002,0.03900000000000001,0.5153333333333333,0.011000000000000003,0.10500000000000001,0.11066666666666669,0.077,0.013000000000000001,0.4563333333333333,0.421,0.13799999999999998,0.18666666666666665,0.09633333333333334,0.19333333333333336,0.05,0.14333333333333337,0.09233333333333335,0.07,1.360666666666667,0.046000000000000006,0.1406666666666667,33.33933333333333,0.09333333333333332,0.16566666666666668,57.147333333333336,0.09633333333333334,0.13233333333333333,72.66266666666668,0.006333333333333333,0.038666666666666676,0.5706666666666667,0.012000000000000004,0.10433333333333333,0.11866666666666667,0.07,0.016666666666666666,0.4843333333333335
83,73,2017-04-24,2,4,2016-2017,Flamengo,Pinheiros,1,0.43433333333333335,0.142,0.19933333333333333,0.093,0.2003333333333334,0.05600000000000001,0.14433333333333334,0.09966666666666667,0.06800000000000002,1.562,0.04733333333333333,0.13499999999999998,34.10666666666666,0.09966666666666667,0.181,55.47866666666667,0.093,0.12433333333333334,74.92,0.008,0.02733333333333334,0.41933333333333334,0.009333333333333334,0.10533333333333335,0.09133333333333335,0.06800000000000002,0.013,0.5026666666666667,0.4063333333333334,0.105,0.20800000000000002,0.09333333333333332,0.17399999999999996,0.046333333333333344,0.12766666666666668,0.08666666666666668,0.07299999999999998,1.3079999999999998,0.034999999999999996,0.09433333333333334,37.889333333333326,0.10400000000000001,0.199,52.118,0.09333333333333332,0.12766666666666668,74.32200000000002,0.009333333333333336,0.034666666666666665,0.5446666666666666,0.012666666666666665,0.11100000000000002,0.11866666666666666,0.07299999999999998,0.014666666666666668,0.45266666666666666
92,79,2017-04-25,2,4,2016-2017,Sesi Franca,Paulistano,1,0.41333333333333333,0.12000000000000002,0.18800000000000003,0.10533333333333333,0.188,0.05466666666666667,0.13333333333333333,0.07866666666666668,0.07100000000000001,1.214,0.04000000000000001,0.12233333333333334,32.47933333333333,0.09400000000000001,0.18166666666666664,51.931999999999995,0.10533333333333333,0.13933333333333336,75.47133333333333,0.009000000000000001,0.03233333333333333,0.4826666666666667,0.008666666666666666,0.11833333333333333,0.07200000000000001,0.07100000000000001,0.011333333333333332,0.446,0.4183333333333334,0.15099999999999997,0.1846666666666667,0.08266666666666668,0.18133333333333335,0.05033333333333334,0.131,0.09833333333333334,0.06666666666666668,1.6073333333333333,0.05033333333333335,0.13499999999999998,37.81466666666667,0.09233333333333335,0.17900000000000002,52.50666666666666,0.08266666666666668,0.10400000000000001,79.43,0.008666666666666666,0.034,0.5413333333333334,0.01266666666666667,0.10533333333333333,0.13,0.06666666666666668,0.012000000000000002,0.4853333333333333
76,85,2017-04-25,3,4,2016-2017,Brasília,Bauru Basket,0,0.39833333333333343,0.12399999999999999,0.19333333333333333,0.081,0.17866666666666664,0.052333333333333336,0.12633333333333335,0.10133333333333333,0.07733333333333334,1.472,0.04133333333333334,0.11633333333333336,35.791999999999994,0.09666666666666666,0.19066666666666665,50.904666666666664,0.081,0.11033333333333334,73.19333333333333,0.010333333333333335,0.038000000000000006,0.5,0.011000000000000003,0.10600000000000002,0.11000000000000001,0.07733333333333334,0.013333333333333334,0.4516666666666667,0.4176666666666666,0.13299999999999998,0.19133333333333333,0.09333333333333332,0.191,0.05000000000000002,0.14100000000000001,0.09200000000000001,0.06833333333333333,1.3960000000000001,0.04433333333333333,0.13766666666666666,32.81066666666666,0.09566666666666666,0.17033333333333334,56.98066666666667,0.09333333333333332,0.12733333333333333,72.992,0.006,0.03766666666666667,0.5686666666666667,0.011333333333333336,0.10433333333333335,0.11000000000000001,0.06833333333333333,0.017,0.47933333333333333
79,90,2017-04-26,3,4,2016-2017,Flamengo,Pinheiros,0,0.43533333333333335,0.14299999999999996,0.1966666666666667,0.09566666666666666,0.20100000000000004,0.056,0.14500000000000002,0.10166666666666666,0.06966666666666668,1.5586666666666664,0.047666666666666656,0.13466666666666666,34.45733333333333,0.09833333333333336,0.18033333333333335,55.00266666666667,0.09566666666666666,0.12400000000000001,76.55533333333332,0.008333333333333333,0.02733333333333334,0.406,0.009333333333333334,0.10533333333333333,0.09133333333333334,0.06966666666666668,0.013666666666666667,0.5076666666666667,0.4046666666666667,0.102,0.21400000000000002,0.08866666666666666,0.18099999999999997,0.048000000000000015,0.133,0.08466666666666667,0.07466666666666666,1.2319999999999998,0.034,0.09333333333333334,37.04866666666667,0.10700000000000001,0.2066666666666667,52.09533333333333,0.08866666666666666,0.12000000000000001,74.98200000000001,0.010000000000000002,0.034333333333333334,0.5186666666666667,0.013,0.11333333333333334,0.12133333333333332,0.07466666666666666,0.015333333333333336,0.45266666666666666
83,87,2017-04-27,2,4,2016-2017,Mogi,Vitória,0,0.4116666666666667,0.161,0.17333333333333334,0.07733333333333332,0.19866666666666669,0.06066666666666667,0.13799999999999998,0.08666666666666667,0.06433333333333334,1.6740000000000004,0.05366666666666668,0.15033333333333335,36.13533333333332,0.08666666666666667,0.16766666666666669,52.242666666666665,0.07733333333333332,0.11133333333333333,69.34133333333332,0.008,0.03666666666666666,0.6719999999999999,0.005666666666666667,0.10100000000000002,0.058,0.06433333333333334,0.014333333333333335,0.46333333333333343,0.38000000000000006,0.123,0.1886666666666667,0.06833333333333334,0.1796666666666667,0.05000000000000001,0.12966666666666668,0.07900000000000001,0.07533333333333332,1.136,0.041000000000000016,0.12466666666666668,33.114,0.09433333333333335,0.19099999999999998,49.732,0.06833333333333334,0.10066666666666667,67.19266666666667,0.007,0.04433333333333334,0.6286666666666668,0.008,0.11366666666666667,0.07400000000000001,0.07533333333333332,0.022000000000000006,0.40299999999999997
66,69,2017-04-28,3,4,2016-2017,Sesi Franca,Paulistano,0,0.41633333333333333,0.12800000000000003,0.18666666666666665,0.10166666666666667,0.184,0.053999999999999986,0.12999999999999998,0.07966666666666668,0.07100000000000001,1.2393333333333334,0.04266666666666667,0.12366666666666667,34.008666666666656,0.09333333333333332,0.17766666666666667,52.76733333333333,0.10166666666666667,0.13433333333333333,75.05,0.010000000000000002,0.03166666666666667,0.466,0.008666666666666666,0.11900000000000001,0.07200000000000001,0.07100000000000001,0.011333333333333332,0.4513333333333333,0.41266666666666674,0.15,0.1753333333333333,0.08733333333333333,0.18233333333333335,0.05033333333333334,0.132,0.09133333333333332,0.06566666666666668,1.5193333333333334,0.05000000000000002,0.13500000000000004,37.525333333333336,0.08766666666666666,0.175,51.025333333333336,0.08733333333333333,0.11033333333333334,78.70266666666666,0.008,0.03233333333333334,0.52,0.012333333333333337,0.10633333333333335,0.12466666666666669,0.06566666666666668,0.012666666666666668,0.4699999999999999
88,69,2017-04-29,3,4,2016-2017,Mogi,Vitória,1,0.4093333333333333,0.15999999999999998,0.17133333333333337,0.07800000000000001,0.19566666666666668,0.06166666666666666,0.13399999999999998,0.08600000000000001,0.06233333333333334,1.7793333333333337,0.05333333333333335,0.15400000000000003,34.81399999999999,0.08566666666666668,0.16666666666666669,51.95666666666667,0.07800000000000001,0.11133333333333333,69.87466666666666,0.008,0.03833333333333334,0.7439999999999999,0.005666666666666667,0.09933333333333334,0.058,0.06233333333333334,0.01266666666666667,0.45766666666666667,0.38033333333333336,0.12399999999999999,0.18933333333333333,0.06699999999999999,0.18266666666666667,0.052000000000000005,0.13066666666666665,0.07833333333333335,0.07666666666666666,1.096,0.04133333333333334,0.12333333333333335,34.090666666666664,0.09466666666666666,0.1913333333333333,49.80266666666667,0.06699999999999999,0.09866666666666668,67.378,0.007,0.04166666666666667,0.5740000000000001,0.009000000000000001,0.11566666666666667,0.08133333333333334,0.07666666666666666,0.022333333333333337,0.4050000000000001
80,78,2017-04-30,4,4,2016-2017,Bauru Basket,Brasília,1,0.4213333333333333,0.13,0.1953333333333333,0.096,0.18733333333333332,0.050333333333333334,0.137,0.09066666666666667,0.06766666666666668,1.3880000000000001,0.043333333333333335,0.13166666666666668,33.65933333333333,0.09766666666666665,0.17300000000000001,57.266666666666666,0.096,0.13166666666666665,72.74000000000001,0.006333333333333333,0.03633333333333334,0.5559999999999999,0.012000000000000002,0.10533333333333333,0.11399999999999998,0.06766666666666668,0.016333333333333328,0.4806666666666667,0.3966666666666667,0.11899999999999998,0.19733333333333333,0.08033333333333334,0.176,0.05333333333333334,0.12266666666666669,0.09933333333333333,0.07733333333333334,1.4473333333333334,0.039666666666666676,0.11533333333333333,34.71133333333333,0.09866666666666667,0.19333333333333336,51.207999999999984,0.08033333333333334,0.10800000000000001,74.622,0.009666666666666667,0.036000000000000004,0.47533333333333344,0.010666666666666668,0.10666666666666667,0.10733333333333336,0.07733333333333334,0.014333333333333333,0.44333333333333336
102,98,2017-05-01,4,4,2016-2017,Pinheiros,Flamengo,1,0.406,0.10400000000000001,0.21133333333333332,0.09066666666666666,0.18266666666666662,0.04866666666666667,0.13399999999999998,0.08266666666666668,0.07233333333333333,1.238,0.034666666666666665,0.09566666666666669,36.818,0.10566666666666666,0.2046666666666667,52.016,0.09066666666666666,0.12166666666666667,75.634,0.009666666666666667,0.03333333333333333,0.516,0.013666666666666667,0.11133333333333335,0.128,0.07233333333333333,0.014666666666666668,0.45500000000000007,0.44066666666666676,0.152,0.18933333333333335,0.09933333333333334,0.1993333333333334,0.05566666666666666,0.1436666666666667,0.10166666666666667,0.06866666666666667,1.5726666666666664,0.05066666666666666,0.141,35.69866666666667,0.09466666666666668,0.17400000000000002,54.694,0.09933333333333334,0.126,78.77733333333332,0.008333333333333333,0.025666666666666674,0.3893333333333333,0.008666666666666666,0.10600000000000001,0.08400000000000002,0.06866666666666667,0.014000000000000002,0.511
87,105,2017-05-02,4,4,2016-2017,Paulistano,Sesi Franca,0,0.4073333333333334,0.14400000000000002,0.1753333333333333,0.08800000000000002,0.18666666666666668,0.05266666666666667,0.13399999999999998,0.08666666666666666,0.06666666666666668,1.4633333333333334,0.04800000000000002,0.131,36.95733333333333,0.08766666666666666,0.179,49.727999999999994,0.08800000000000002,0.11466666666666667,77.04666666666667,0.007666666666666667,0.03366666666666667,0.5286666666666666,0.013000000000000003,0.10833333333333336,0.12733333333333335,0.06666666666666668,0.012333333333333335,0.4596666666666666,0.41233333333333333,0.121,0.19066666666666665,0.10066666666666667,0.18433333333333335,0.05366666666666666,0.13066666666666665,0.07666666666666666,0.07266666666666667,1.1866666666666668,0.04033333333333334,0.12200000000000003,32.34199999999999,0.09533333333333333,0.18166666666666667,52.67466666666666,0.10066666666666667,0.131,76.11266666666667,0.009333333333333332,0.03266666666666666,0.4686666666666667,0.009000000000000001,0.12066666666666667,0.07333333333333333,0.07266666666666667,0.011666666666666667,0.444
82,80,2017-05-02,4,4,2016-2017,Vitória,Mogi,1,0.38333333333333325,0.12399999999999999,0.18666666666666668,0.07266666666666667,0.18166666666666667,0.053000000000000005,0.12866666666666668,0.07766666666666668,0.07966666666666665,1.0253333333333334,0.04133333333333334,0.12033333333333336,34.726,0.09333333333333334,0.18933333333333333,49.46933333333334,0.07266666666666667,0.10433333333333333,69.31533333333333,0.007333333333333333,0.04066666666666667,0.5293333333333334,0.008333333333333333,0.11499999999999999,0.07533333333333334,0.07966666666666665,0.022333333333333337,0.4053333333333334,0.4126666666666666,0.158,0.1766666666666667,0.07800000000000001,0.19266666666666665,0.06133333333333334,0.13133333333333336,0.08766666666666666,0.06033333333333335,1.836666666666667,0.05266666666666668,0.151,35.026666666666664,0.08833333333333335,0.1716666666666667,51.61466666666667,0.07800000000000001,0.10933333333333334,71.352,0.008,0.03933333333333334,0.7719999999999999,0.005666666666666665,0.10100000000000002,0.05666666666666666,0.06033333333333335,0.011000000000000001,0.46466666666666673
75,78,2017-05-05,5,4,2016-2017,Flamengo,Pinheiros,0,0.44766666666666666,0.15499999999999997,0.19333333333333336,0.09933333333333334,0.19600000000000004,0.054666666666666655,0.14133333333333334,0.10500000000000001,0.06966666666666668,1.5999999999999999,0.05166666666666667,0.14133333333333334,36.36333333333334,0.09666666666666668,0.178,54.50333333333333,0.09933333333333334,0.12466666666666666,79.81466666666667,0.008,0.028000000000000008,0.42133333333333334,0.009000000000000001,0.10766666666666667,0.08533333333333334,0.06966666666666668,0.013000000000000001,0.5196666666666668,0.4083333333333333,0.11099999999999999,0.20600000000000002,0.09133333333333334,0.184,0.05,0.13399999999999998,0.08266666666666668,0.07166666666666667,1.2466666666666668,0.037,0.10066666666666668,36.447333333333326,0.10300000000000001,0.203,51.283333333333324,0.09133333333333334,0.11933333333333335,77.14466666666667,0.009666666666666665,0.035666666666666666,0.5446666666666666,0.013666666666666667,0.10933333333333335,0.13,0.07166666666666667,0.013000000000000005,0.4610000000000001
85,95,2017-05-06,5,4,2016-2017,Mogi,Vitória,0,0.41500000000000004,0.16099999999999998,0.17200000000000001,0.082,0.19266666666666665,0.05933333333333333,0.13333333333333333,0.08800000000000001,0.06166666666666667,1.8053333333333335,0.053666666666666675,0.158,34.17466666666667,0.08600000000000001,0.166,51.412666666666674,0.082,0.11200000000000002,73.16133333333333,0.007666666666666667,0.03933333333333334,0.756,0.005333333333333332,0.10166666666666667,0.05333333333333334,0.06166666666666667,0.012,0.4643333333333334,0.38699999999999996,0.12699999999999997,0.18533333333333338,0.07466666666666667,0.18533333333333335,0.053333333333333344,0.132,0.08000000000000002,0.07866666666666666,1.1013333333333335,0.04233333333333335,0.12233333333333335,35.02066666666666,0.09266666666666669,0.192,48.50866666666666,0.07466666666666667,0.10600000000000001,70.33133333333333,0.007000000000000001,0.042,0.5666666666666668,0.008333333333333333,0.115,0.07533333333333334,0.07866666666666666,0.021000000000000005,0.4133333333333333
67,80,2017-05-06,5,4,2016-2017,Sesi Franca,Paulistano,0,0.4173333333333334,0.12900000000000003,0.19333333333333333,0.09499999999999999,0.18233333333333332,0.052666666666666674,0.12966666666666668,0.07833333333333332,0.07366666666666667,1.1900000000000002,0.043000000000000003,0.12433333333333335,33.61133333333333,0.09666666666666666,0.1806666666666667,53.84733333333334,0.09499999999999999,0.12366666666666666,76.42066666666666,0.009333333333333332,0.03300000000000001,0.46799999999999997,0.009000000000000001,0.12166666666666667,0.07333333333333333,0.07366666666666667,0.012666666666666666,0.45233333333333337,0.40199999999999997,0.141,0.16799999999999998,0.093,0.18633333333333332,0.05533333333333333,0.13099999999999998,0.08199999999999999,0.06800000000000002,1.3606666666666667,0.047000000000000014,0.13566666666666669,34.751999999999995,0.08399999999999999,0.1736666666666667,49.16133333333333,0.093,0.11999999999999998,77.722,0.007,0.034666666666666665,0.532,0.013333333333333336,0.10733333333333335,0.13133333333333336,0.06800000000000002,0.011666666666666667,0.44500000000000006
98,86,2017-05-08,1,5,2016-2017,Pinheiros,Bauru Basket,1,0.4133333333333333,0.10999999999999997,0.20933333333333334,0.094,0.187,0.05100000000000001,0.13600000000000004,0.084,0.07266666666666667,1.248,0.036666666666666674,0.10200000000000001,35.74066666666666,0.10466666666666667,0.20433333333333337,51.83866666666666,0.094,0.12066666666666669,78.516,0.009333333333333334,0.03466666666666667,0.5239999999999999,0.013666666666666667,0.11166666666666666,0.12533333333333332,0.07266666666666667,0.012333333333333337,0.4683333333333334,0.4179999999999999,0.128,0.19333333333333333,0.09666666666666666,0.187,0.05100000000000001,0.136,0.08966666666666669,0.06733333333333333,1.3813333333333333,0.042666666666666665,0.13,33.617333333333335,0.09666666666666666,0.17466666666666666,55.83133333333333,0.09666666666666666,0.13233333333333333,73.03733333333335,0.006333333333333333,0.036666666666666674,0.5619999999999999,0.012666666666666668,0.10633333333333335,0.11933333333333332,0.06733333333333333,0.014666666666666665,0.4756666666666666
84,93,2017-05-09,1,5,2016-2017,Vitória,Paulistano,0,0.39399999999999996,0.13099999999999998,0.18800000000000006,0.07500000000000001,0.184,0.04933333333333334,0.13466666666666663,0.08200000000000002,0.07566666666666667,1.1706666666666667,0.04366666666666668,0.12200000000000001,36.32533333333333,0.09400000000000003,0.18900000000000003,49.87866666666667,0.07500000000000001,0.10466666666666669,71.23733333333334,0.006000000000000001,0.03933333333333334,0.5533333333333333,0.008666666666666666,0.11433333333333334,0.07800000000000003,0.07566666666666667,0.019333333333333334,0.42933333333333334,0.4063333333333334,0.145,0.17066666666666663,0.09066666666666669,0.18566666666666667,0.05566666666666666,0.12999999999999998,0.08099999999999999,0.064,1.3953333333333333,0.048333333333333346,0.13633333333333336,35.77333333333333,0.08533333333333332,0.17333333333333334,49.87333333333333,0.09066666666666669,0.11799999999999998,76.95,0.006999999999999998,0.033,0.546,0.013000000000000003,0.10633333333333336,0.12933333333333336,0.064,0.012000000000000004,0.45166666666666677
82,72,2017-05-12,2,5,2016-2017,Paulistano,Vitória,1,0.4066666666666666,0.146,0.16599999999999998,0.09466666666666666,0.18833333333333335,0.05800000000000001,0.1303333333333333,0.07800000000000001,0.06433333333333334,1.353333333333333,0.04866666666666668,0.1396666666666667,34.989333333333335,0.08299999999999999,0.17133333333333337,49.13066666666666,0.09466666666666666,0.12299999999999998,77.244,0.007,0.032,0.5326666666666667,0.012333333333333333,0.10733333333333334,0.12000000000000001,0.06433333333333334,0.011666666666666669,0.44533333333333336,0.3946666666666666,0.13,0.18933333333333335,0.07533333333333334,0.18166666666666667,0.05100000000000001,0.13066666666666665,0.08099999999999999,0.07466666666666667,1.1746666666666665,0.04333333333333334,0.12233333333333334,35.96666666666667,0.09466666666666668,0.18800000000000003,50.38666666666667,0.07533333333333334,0.10366666666666667,72.26599999999999,0.007000000000000001,0.041,0.5866666666666667,0.008333333333333333,0.11699999999999999,0.07400000000000001,0.07466666666666667,0.01966666666666667,0.4313333333333333
83,89,2017-05-13,2,5,2016-2017,Bauru Basket,Pinheiros,0,0.42199999999999993,0.129,0.19600000000000004,0.09699999999999999,0.18733333333333332,0.05066666666666666,0.13666666666666666,0.08933333333333333,0.068,1.3646666666666663,0.04300000000000001,0.12833333333333333,34.36933333333334,0.09800000000000002,0.17600000000000005,56.16466666666667,0.09699999999999999,0.13166666666666668,74.10200000000002,0.006,0.03666666666666667,0.5559999999999999,0.013000000000000001,0.107,0.12133333333333332,0.068,0.014666666666666668,0.4823333333333333,0.4213333333333333,0.11599999999999998,0.212,0.09333333333333334,0.1836666666666667,0.050333333333333334,0.13333333333333336,0.08666666666666666,0.07,1.3399999999999999,0.03866666666666667,0.10600000000000001,36.14666666666666,0.106,0.20066666666666666,53.288666666666664,0.09333333333333334,0.12066666666666667,77.96066666666668,0.009666666666666667,0.03266666666666667,0.5153333333333333,0.012333333333333337,0.11066666666666668,0.11333333333333336,0.07,0.011666666666666669,0.47733333333333333
70,67,2017-05-14,3,5,2016-2017,Paulistano,Vitória,1,0.4066666666666666,0.15,0.16333333333333336,0.09333333333333332,0.18766666666666668,0.056000000000000015,0.13166666666666668,0.07833333333333335,0.06533333333333333,1.3306666666666667,0.05,0.143,34.946666666666665,0.08166666666666668,0.16633333333333333,49.942666666666675,0.09333333333333332,0.11866666666666666,79.47600000000001,0.007333333333333333,0.032999999999999995,0.5446666666666666,0.012333333333333333,0.10566666666666667,0.12133333333333333,0.06533333333333333,0.011666666666666669,0.4496666666666667,0.39066666666666666,0.128,0.18800000000000003,0.07466666666666667,0.17966666666666667,0.049000000000000016,0.13066666666666665,0.08,0.07433333333333333,1.164,0.04266666666666667,0.11866666666666667,36.42266666666667,0.09400000000000001,0.1876666666666667,50.14666666666666,0.07466666666666667,0.10133333333333333,73.574,0.005666666666666667,0.03866666666666667,0.55,0.007666666666666668,0.115,0.06933333333333334,0.07433333333333333,0.01966666666666667,0.426
94,77,2017-05-15,3,5,2016-2017,Bauru Basket,Pinheiros,1,0.4213333333333333,0.126,0.2026666666666667,0.09266666666666666,0.18466666666666665,0.05033333333333334,0.1343333333333333,0.09166666666666669,0.07066666666666666,1.361333333333333,0.042000000000000016,0.12300000000000001,34.57666666666667,0.10133333333333334,0.1796666666666667,57.132666666666665,0.09266666666666666,0.12533333333333332,74.34133333333335,0.006000000000000001,0.035666666666666666,0.5246666666666667,0.012,0.10866666666666666,0.11266666666666668,0.07066666666666666,0.015000000000000001,0.48266666666666663,0.4233333333333334,0.11499999999999999,0.21400000000000002,0.09433333333333334,0.179,0.04833333333333334,0.13066666666666668,0.08366666666666664,0.07033333333333334,1.2953333333333332,0.03833333333333334,0.10466666666666669,36.41133333333333,0.10700000000000001,0.20133333333333336,53.606,0.09433333333333334,0.12299999999999997,77.61200000000001,0.010000000000000002,0.034666666666666665,0.5399999999999999,0.011666666666666665,0.11200000000000002,0.10666666666666669,0.07033333333333334,0.013000000000000003,0.4726666666666667
72,76,2017-05-20,4,5,2016-2017,Pinheiros,Bauru Basket,0,0.423,0.114,0.21400000000000002,0.095,0.18066666666666667,0.04833333333333334,0.13233333333333336,0.08299999999999998,0.07,1.2906666666666664,0.038000000000000006,0.10666666666666669,35.40533333333334,0.10700000000000001,0.203,52.97066666666667,0.095,0.12166666666666665,79.01066666666665,0.010000000000000002,0.03466666666666667,0.542,0.012666666666666666,0.11200000000000002,0.11600000000000002,0.07,0.011333333333333334,0.4726666666666666,0.425,0.134,0.202,0.089,0.18533333333333332,0.05,0.13533333333333333,0.09333333333333332,0.072,1.3626666666666667,0.044666666666666674,0.12533333333333335,35.83533333333334,0.101,0.17966666666666672,56.93066666666667,0.089,0.12266666666666667,72.94800000000001,0.006333333333333333,0.038000000000000006,0.5466666666666667,0.013,0.10933333333333332,0.12066666666666669,0.072,0.014000000000000002,0.4896666666666666
66,60,2017-05-23,5,5,2016-2017,Bauru Basket,Pinheiros,1,0.4243333333333333,0.14,0.1953333333333334,0.089,0.1873333333333333,0.05100000000000002,0.13633333333333333,0.092,0.073,1.3293333333333333,0.04666666666666667,0.12566666666666668,37.44133333333334,0.0976666666666667,0.178,55.60133333333333,0.089,0.12233333333333334,73.25333333333333,0.006666666666666666,0.036000000000000004,0.5133333333333333,0.014333333333333335,0.11366666666666665,0.126,0.073,0.014,0.4883333333333333,0.4153333333333333,0.11000000000000001,0.20600000000000002,0.09933333333333332,0.17633333333333337,0.047333333333333345,0.12899999999999998,0.08166666666666665,0.06966666666666667,1.2779999999999998,0.036666666666666674,0.10466666666666667,34.84066666666667,0.10300000000000001,0.20033333333333334,51.642,0.09933333333333332,0.12766666666666665,78.53066666666668,0.009000000000000001,0.035333333333333335,0.5539999999999999,0.014000000000000004,0.11300000000000002,0.126,0.06966666666666667,0.012666666666666666,0.45933333333333326
82,78,2017-05-27,1,6,2016-2017,Paulistano,Bauru Basket,1,0.4026666666666666,0.147,0.16333333333333336,0.09233333333333332,0.189,0.054666666666666676,0.1343333333333333,0.07300000000000001,0.06666666666666667,1.2386666666666666,0.04900000000000001,0.14566666666666667,33.76,0.08166666666666668,0.16533333333333336,50.34266666666667,0.09233333333333332,0.11766666666666664,79.25399999999999,0.007333333333333333,0.033,0.5346666666666666,0.011,0.10666666666666667,0.10733333333333334,0.06666666666666667,0.011666666666666667,0.4363333333333334,0.4166666666666667,0.134,0.19533333333333333,0.08733333333333333,0.18966666666666668,0.05133333333333335,0.1383333333333333,0.08899999999999998,0.074,1.2553333333333334,0.04466666666666667,0.126,35.85533333333333,0.09766666666666667,0.17600000000000002,56.104,0.08733333333333333,0.11966666666666667,73.64266666666666,0.006666666666666666,0.035666666666666666,0.4953333333333333,0.013333333333333334,0.11499999999999998,0.11333333333333333,0.074,0.014666666666666665,0.4783333333333333
74,78,2017-06-02,2,6,2016-2017,Bauru Basket,Paulistano,0,0.413,0.13,0.19466666666666668,0.08833333333333333,0.1916666666666667,0.05233333333333334,0.13933333333333336,0.08666666666666666,0.07433333333333333,1.2153333333333332,0.04333333333333334,0.12933333333333333,33.98066666666667,0.09733333333333334,0.1756666666666667,56.008666666666656,0.08833333333333333,0.12000000000000001,74.22066666666666,0.006333333333333332,0.03533333333333333,0.48799999999999993,0.012666666666666666,0.11666666666666667,0.10666666666666667,0.07433333333333333,0.015666666666666666,0.46900000000000003,0.4036666666666667,0.154,0.158,0.09166666666666665,0.19066666666666668,0.05600000000000001,0.13466666666666666,0.07333333333333332,0.066,1.2506666666666666,0.051333333333333335,0.15,34.436,0.079,0.16366666666666668,49.13866666666668,0.09166666666666665,0.11766666666666666,78.76,0.007333333333333333,0.031000000000000003,0.5133333333333333,0.011000000000000003,0.10866666666666669,0.10533333333333335,0.066,0.011333333333333332,0.4343333333333333
90,79,2017-06-04,3,6,2016-2017,Bauru Basket,Paulistano,1,0.4109999999999999,0.132,0.19333333333333336,0.08566666666666665,0.19300000000000003,0.054333333333333345,0.13866666666666666,0.08566666666666665,0.07333333333333332,1.2126666666666666,0.04400000000000001,0.128,34.663333333333334,0.09666666666666668,0.1766666666666667,55.226,0.08566666666666665,0.11766666666666667,73.406,0.006999999999999998,0.035333333333333335,0.49199999999999994,0.012333333333333333,0.11499999999999999,0.106,0.07333333333333332,0.015999999999999997,0.46799999999999997,0.40199999999999997,0.157,0.15333333333333332,0.09166666666666669,0.18766666666666668,0.054666666666666676,0.133,0.07133333333333333,0.06733333333333333,1.186,0.05233333333333333,0.14999999999999997,35.08133333333333,0.07666666666666666,0.16033333333333338,48.70866666666668,0.09166666666666669,0.11866666666666666,78.06466666666667,0.007000000000000001,0.029000000000000005,0.464,0.011666666666666667,0.11133333333333333,0.10666666666666667,0.06733333333333333,0.012666666666666665,0.42600000000000005
64,81,2017-06-10,4,6,2016-2017,Paulistano,Bauru Basket,0,0.40033333333333326,0.15700000000000003,0.154,0.08933333333333332,0.18733333333333332,0.05700000000000001,0.13033333333333333,0.068,0.06733333333333333,1.1420000000000001,0.05233333333333334,0.14966666666666664,35.14533333333333,0.077,0.161,48.74133333333334,0.08933333333333332,0.11666666666666667,77.19333333333333,0.006666666666666668,0.029333333333333336,0.4686666666666666,0.012333333333333333,0.10966666666666668,0.11333333333333334,0.06733333333333333,0.013333333333333334,0.4213333333333333,0.41333333333333333,0.13399999999999998,0.19733333333333333,0.08200000000000002,0.18700000000000003,0.05266666666666667,0.13433333333333333,0.08600000000000001,0.07433333333333333,1.1873333333333334,0.044666666666666674,0.1283333333333333,35.163999999999994,0.09866666666666667,0.17600000000000002,56.68066666666667,0.08200000000000002,0.11233333333333334,73.46533333333333,0.007999999999999998,0.036000000000000004,0.4953333333333333,0.012,0.11666666666666667,0.10066666666666667,0.07433333333333333,0.017666666666666667,0.46866666666666656
92,73,2017-06-17,5,6,2016-2017,Bauru Basket,Paulistano,1,0.4136666666666667,0.136,0.19733333333333333,0.08033333333333334,0.18833333333333338,0.05233333333333334,0.136,0.08600000000000001,0.07466666666666666,1.1786666666666663,0.045333333333333344,0.12999999999999998,35.227999999999994,0.09866666666666667,0.17700000000000002,56.252,0.08033333333333334,0.10933333333333334,73.78266666666667,0.007999999999999998,0.03733333333333334,0.5133333333333333,0.011666666666666669,0.11733333333333333,0.09600000000000003,0.07466666666666666,0.01733333333333333,0.4703333333333333,0.394,0.15900000000000006,0.15,0.085,0.18733333333333332,0.05800000000000001,0.12933333333333333,0.06599999999999999,0.06866666666666665,1.0633333333333335,0.05300000000000002,0.15333333333333332,34.842,0.075,0.1583333333333333,48.23666666666667,0.085,0.11200000000000002,76.83200000000001,0.006000000000000001,0.02866666666666667,0.44000000000000006,0.013666666666666666,0.10966666666666666,0.12466666666666668,0.06866666666666665,0.014000000000000002,0.4103333333333334
75,85,2018-10-13,1,1,2018-2019,Paulistano,Mogi,0,0.0,0.0,0.0,0.0,0.0,0.0,0.0,0.0,0.0,0.0,0.0,0.0,0.0,0.0,0.0,0.0,0.0,0.0,0.0,0.0,0.0,0.0,0.0,0.0,0.0,0.0,0.0,0.0,0.0,0.0,0.0,0.0,0.0,0.0,0.0,0.0,0.0,0.0,0.0,0.0,0.0,0.0,0.0,0.0,0.0,0.0,0.0,0.0,0.0,0.0,0.0,0.0,0.0,0.0,0.0,0.0
76,77,2018-10-13,1,1,2018-2019,Brasília,R10 Score Vasco da Gama,0,0.0,0.0,0.0,0.0,0.0,0.0,0.0,0.0,0.0,0.0,0.0,0.0,0.0,0.0,0.0,0.0,0.0,0.0,0.0,0.0,0.0,0.0,0.0,0.0,0.0,0.0,0.0,0.0,0.0,0.0,0.0,0.0,0.0,0.0,0.0,0.0,0.0,0.0,0.0,0.0,0.0,0.0,0.0,0.0,0.0,0.0,0.0,0.0,0.0,0.0,0.0,0.0,0.0,0.0,0.0,0.0
54,73,2018-10-13,1,1,2018-2019,Fortaleza B. C. / CFO,Flamengo,0,0.0,0.0,0.0,0.0,0.0,0.0,0.0,0.0,0.0,0.0,0.0,0.0,0.0,0.0,0.0,0.0,0.0,0.0,0.0,0.0,0.0,0.0,0.0,0.0,0.0,0.0,0.0,0.0,0.0,0.0,0.0,0.0,0.0,0.0,0.0,0.0,0.0,0.0,0.0,0.0,0.0,0.0,0.0,0.0,0.0,0.0,0.0,0.0,0.0,0.0,0.0,0.0,0.0,0.0,0.0,0.0
92,81,2018-10-13,1,1,2018-2019,Pinheiros,Bauru Basket,1,0.0,0.0,0.0,0.0,0.0,0.0,0.0,0.0,0.0,0.0,0.0,0.0,0.0,0.0,0.0,0.0,0.0,0.0,0.0,0.0,0.0,0.0,0.0,0.0,0.0,0.0,0.0,0.0,0.0,0.0,0.0,0.0,0.0,0.0,0.0,0.0,0.0,0.0,0.0,0.0,0.0,0.0,0.0,0.0,0.0,0.0,0.0,0.0,0.0,0.0,0.0,0.0,0.0,0.0,0.0,0.0
69,94,2018-10-15,1,1,2018-2019,Brasília,Flamengo,0,0.3625,0.15,0.145,0.0675,0.1875,0.0425,0.145,0.08,0.0725,1.1,0.05,0.1475,33.9,0.0725,0.19,38.16,0.0675,0.0775,87.1,0.005,0.03,0.41,0.015,0.11,0.14,0.0725,0.0125,0.3775,0.405,0.135,0.19665,0.07335,0.24664999999999998,0.08835000000000001,0.15835000000000002,0.08664999999999999,0.055,1.58,0.045,0.14835,30.34,0.09835,0.22,44.7,0.07335,0.10164999999999999,72.13,0.005,0.03165,0.58,0.01,0.09335,0.11,0.055,0.0066500000000000005,0.47165
62,64,2018-10-15,1,1,2018-2019,Botafogo,Joinville / AABJ,0,0.0,0.0,0.0,0.0,0.0,0.0,0.0,0.0,0.0,0.0,0.0,0.0,0.0,0.0,0.0,0.0,0.0,0.0,0.0,0.0,0.0,0.0,0.0,0.0,0.0,0.0,0.0,0.0,0.0,0.0,0.0,0.0,0.0,0.0,0.0,0.0,0.0,0.0,0.0,0.0,0.0,0.0,0.0,0.0,0.0,0.0,0.0,0.0,0.0,0.0,0.0,0.0,0.0,0.0,0.0,0.0
88,86,2018-10-15,1,1,2018-2019,Pinheiros,Coop/São José Basketball,1,0.43835,0.185,0.19335000000000002,0.06,0.16665,0.05335,0.11335,0.07665,0.05165,1.48,0.06165,0.13835,44.58,0.09664999999999999,0.185,52.25,0.06,0.07665,78.26,0.005,0.03,0.58,0.01165,0.08335000000000001,0.14,0.05165,0.005,0.49,0.0,0.0,0.0,0.0,0.0,0.0,0.0,0.0,0.0,0.0,0.0,0.0,0.0,0.0,0.0,0.0,0.0,0.0,0.0,0.0,0.0,0.0,0.0,0.0,0.0,0.0,0.0,0.0
80,83,2018-10-16,1,1,2018-2019,Corinthians,Sesi Franca,0,0.0,0.0,0.0,0.0,0.0,0.0,0.0,0.0,0.0,0.0,0.0,0.0,0.0,0.0,0.0,0.0,0.0,0.0,0.0,0.0,0.0,0.0,0.0,0.0,0.0,0.0,0.0,0.0,0.0,0.0,0.0,0.0,0.0,0.0,0.0,0.0,0.0,0.0,0.0,0.0,0.0,0.0,0.0,0.0,0.0,0.0,0.0,0.0,0.0,0.0,0.0,0.0,0.0,0.0,0.0,0.0
92,86,2018-10-17,1,1,2018-2019,Coop/São José Basketball,Fortaleza B. C. / CFO,1,0.445,0.1575,0.2,0.0875,0.1675,0.03,0.1375,0.1075,0.0725,1.48,0.0525,0.1175,44.68,0.1,0.1725,57.97,0.0875,0.115,76.09,0.0,0.035,0.48,0.0075,0.115,0.07,0.0725,0.015,0.5225,0.35335,0.12,0.17335,0.06,0.18835000000000002,0.06,0.12835000000000002,0.06335,0.06665,0.95,0.04,0.11664999999999999,34.29,0.08664999999999999,0.215,40.31,0.06,0.09664999999999999,62.07,0.00835,0.025,0.38,0.0066500000000000005,0.09335,0.07,0.06665,0.01,0.32665
76,75,2018-10-17,1,1,2018-2019,Flamengo,Joinville / AABJ,1,0.405,0.135,0.19665,0.07335,0.24664999999999998,0.08835000000000001,0.15835000000000002,0.08664999999999999,0.055,1.58,0.045,0.14835,30.34,0.09835,0.22,44.7,0.07335,0.10164999999999999,72.13,0.005,0.03165,0.58,0.01,0.09335,0.11,0.055,0.0066500000000000005,0.47165,0.355,0.155,0.12664999999999998,0.07335,0.215,0.06835,0.14665,0.08,0.08835000000000001,0.91,0.05165,0.135,38.27,0.06335,0.15835000000000002,40.0,0.07335,0.11164999999999999,65.67,0.0066500000000000005,0.03335,0.38,0.00835,0.09,0.09,0.08835000000000001,0.02165,0.385
77,83,2018-10-18,1,1,2018-2019,Mogi,Pinheiros,0,0.43665,0.145,0.22335000000000002,0.06835,0.21335,0.06835,0.145,0.11,0.05665,1.94,0.04835,0.11335,42.65,0.11164999999999999,0.22665,49.26,0.06835,0.08664999999999999,78.85,0.0066500000000000005,0.03335,0.59,0.013349999999999999,0.095,0.14,0.05665,0.013349999999999999,0.55165,0.43835,0.185,0.19335000000000002,0.06,0.16665,0.05335,0.11335,0.07665,0.05165,1.48,0.06165,0.13835,44.58,0.09664999999999999,0.185,52.25,0.06,0.07665,78.26,0.005,0.03,0.58,0.01165,0.08335000000000001,0.14,0.05165,0.005,0.49
66,74,2018-10-19,1,1,2018-2019,R10 Score Vasco da Gama,Joinville / AABJ,0,0.3575,0.0975,0.195,0.065,0.2175,0.06,0.1575,0.085,0.0675,1.26,0.0325,0.125,26.0,0.0975,0.2075,46.99,0.065,0.1075,60.47,0.0075,0.0275,0.41,0.0125,0.095,0.13,0.0675,0.015,0.3875,0.355,0.155,0.12664999999999998,0.07335,0.215,0.06835,0.14665,0.08,0.08835000000000001,0.91,0.05165,0.135,38.27,0.06335,0.15835000000000002,40.0,0.07335,0.11164999999999999,65.67,0.0066500000000000005,0.03335,0.38,0.00835,0.09,0.09,0.08835000000000001,0.02165,0.385
83,92,2018-10-19,1,1,2018-2019,Corinthians,Paulistano,0,0.4075,0.09,0.225,0.0925,0.175,0.0575,0.1175,0.0625,0.0425,1.47,0.03,0.1025,29.27,0.1125,0.2375,47.37,0.0925,0.1125,82.22,0.0075,0.03,0.71,0.0075,0.1325,0.06,0.0425,0.005,0.4225,0.4175,0.12,0.215,0.0825,0.1975,0.0575,0.14,0.0925,0.0575,1.61,0.04,0.165,24.24,0.1075,0.17,63.24,0.0825,0.11,75.0,0.02,0.0275,0.48,0.015,0.115,0.13,0.0575,0.01,0.4775
74,77,2018-10-20,1,1,2018-2019,Sesi Franca,Botafogo,0,0.3925,0.1275,0.17,0.095,0.1775,0.0475,0.13,0.075,0.055,1.36,0.0425,0.1525,27.87,0.085,0.15,56.67,0.095,0.1175,80.85,0.005,0.0275,0.5,0.0075,0.0975,0.08,0.055,0.0025,0.4275,0.3475,0.09,0.215,0.0425,0.1675,0.0425,0.125,0.07,0.07,1.0,0.03,0.1025,29.27,0.1075,0.185,58.11,0.0425,0.065,65.38,0.0075,0.035,0.5,0.015,0.1075,0.14,0.07,0.02,0.3925
100,72,2018-10-20,1,1,2018-2019,Mogi,Fortaleza B. C. / CFO,1,0.43665,0.145,0.22335000000000002,0.06835,0.21335,0.06835,0.145,0.11,0.05665,1.94,0.04835,0.11335,42.65,0.11164999999999999,0.22665,49.26,0.06835,0.08664999999999999,78.85,0.0066500000000000005,0.03335,0.59,0.013349999999999999,0.095,0.14,0.05665,0.013349999999999999,0.55165,0.35335,0.12,0.17335,0.06,0.18835000000000002,0.06,0.12835000000000002,0.06335,0.06665,0.95,0.04,0.11664999999999999,34.29,0.08664999999999999,0.215,40.31,0.06,0.09664999999999999,62.07,0.00835,0.025,0.38,0.0066500000000000005,0.09335,0.07,0.06665,0.01,0.32665
68,87,2018-10-22,2,1,2018-2019,Joinville / AABJ,Pinheiros,0,0.355,0.155,0.12664999999999998,0.07335,0.215,0.06835,0.14665,0.08,0.08835,0.91,0.05165,0.135,38.27,0.06335,0.15835000000000002,40.0,0.07335,0.11164999999999999,65.67,0.0066500000000000005,0.03335,0.38000000000000006,0.00835,0.09000000000000001,0.09000000000000001,0.08835,0.02165,0.385,0.43835,0.18499999999999997,0.19335000000000002,0.06,0.16665,0.05335,0.11335,0.07665,0.05165,1.4799999999999998,0.06165,0.13835,44.580000000000005,0.09664999999999997,0.18499999999999997,52.25,0.06,0.07665,78.26,0.005,0.03,0.58,0.01165,0.08335,0.14,0.05165,0.005,0.49
72,60,2018-10-22,2,1,2018-2019,Paulistano,Fortaleza B. C. / CFO,1,0.4175,0.12,0.215,0.0825,0.1975,0.0575,0.14,0.0925,0.0575,1.61,0.04,0.165,24.24,0.1075,0.17,63.24,0.0825,0.11,75.0,0.02,0.0275,0.48,0.015,0.115,0.13,0.0575,0.01,0.4775,0.35335,0.12,0.17335,0.06,0.18835000000000002,0.06,0.12835000000000002,0.06335,0.06665,0.9499999999999998,0.04,0.11664999999999999,34.29,0.08664999999999999,0.215,40.31,0.06,0.09664999999999997,62.07,0.00835,0.025000000000000005,0.38000000000000006,0.0066500000000000005,0.09335,0.07,0.06665,0.01,0.32665
62,71,2018-10-22,2,1,2018-2019,Coop/São José Basketball,Minas,0,0.445,0.1575,0.2,0.0875,0.1675,0.03,0.1375,0.1075,0.0725,1.48,0.0525,0.1175,44.68,0.1,0.1725,57.97,0.0875,0.115,76.09,0.0,0.035,0.48,0.0075,0.115,0.07,0.0725,0.015,0.5225,0.0,0.0,0.0,0.0,0.0,0.0,0.0,0.0,0.0,0.0,0.0,0.0,0.0,0.0,0.0,0.0,0.0,0.0,0.0,0.0,0.0,0.0,0.0,0.0,0.0,0.0,0.0,0.0
76,80,2018-10-23,2,1,2018-2019,Bauru Basket,R10 Score Vasco da Gama,0,0.405,0.15,0.19,0.065,0.145,0.05,0.095,0.115,0.075,1.53,0.05,0.12,41.67,0.095,0.17,55.88,0.065,0.1,65.0,0.0,0.05,0.67,0.01,0.105,0.1,0.075,0.015,0.47,0.3575,0.0975,0.195,0.065,0.2175,0.06,0.1575,0.085,0.0675,1.26,0.0325,0.125,26.0,0.0975,0.2075,46.99,0.065,0.1075,60.47,0.0075,0.0275,0.41,0.0125,0.095,0.13,0.0675,0.015,0.3875
81,76,2018-10-24,2,1,2018-2019,Paulistano,Minas,1,0.4058333333333333,0.13,0.20333333333333334,0.0725,0.19416666666666668,0.0525,0.1416666666666667,0.085,0.06,1.4333333333333336,0.043333333333333335,0.15833333333333333,27.653333333333332,0.10166666666666667,0.16833333333333333,60.343333333333334,0.0725,0.09666666666666668,75.0,0.015,0.03166666666666667,0.5266666666666667,0.015,0.11,0.1366666666666667,0.06,0.009166666666666667,0.4658333333333333,0.3675,0.1125,0.17,0.085,0.19,0.045,0.145,0.0925,0.0925,1.0,0.0375,0.1275,29.41,0.085,0.16,53.13,0.085,0.115,73.91,0.01,0.0375,0.41,0.0125,0.1075,0.12,0.0925,0.0175,0.4125
91,79,2018-10-24,2,1,2018-2019,Corinthians,Brasília,1,0.4075,0.09,0.225,0.0925,0.175,0.0575,0.1175,0.0625,0.0425,1.47,0.03,0.1025,29.27,0.1125,0.2375,47.37,0.0925,0.1125,82.22,0.0075,0.03,0.71,0.0075,0.1325,0.06,0.0425,0.005,0.4225,0.3625,0.15,0.145,0.0675,0.1875,0.0425,0.145,0.08,0.0725,1.1,0.05,0.1475,33.9,0.0725,0.19,38.16,0.0675,0.0775,87.1,0.005,0.03,0.41,0.015,0.11,0.14,0.0725,0.0125,0.3775
82,63,2018-10-25,2,1,2018-2019,Bauru Basket,Botafogo,1,0.391675,0.1525,0.175,0.06417500000000001,0.159175,0.041675000000000004,0.11750000000000001,0.103325,0.0675,1.53,0.050825,0.125,40.705,0.0875,0.16,54.605000000000004,0.06417500000000001,0.09667500000000001,66.43,0.001675,0.04,0.585,0.0075,0.1,0.07500000000000001,0.0675,0.011675,0.45499999999999996,0.3475,0.09,0.215,0.0425,0.1675,0.0425,0.125,0.07,0.07,1.0,0.03,0.1025,29.27,0.1075,0.185,58.11,0.0425,0.065,65.38,0.0075,0.035,0.5,0.015,0.1075,0.14,0.07,0.02,0.3925
101,75,2018-10-25,2,1,2018-2019,Sesi Franca,R10 Score Vasco da Gama,1,0.3925,0.1275,0.17,0.095,0.1775,0.0475,0.13,0.075,0.055,1.36,0.0425,0.1525,27.87,0.085,0.15,56.67,0.095,0.1175,80.85,0.005,0.0275,0.5,0.0075,0.0975,0.08,0.055,0.0025,0.4275,0.3675,0.1125,0.19499999999999998,0.06,0.19833333333333333,0.057499999999999996,0.14083333333333334,0.08583333333333333,0.065,1.3266666666666667,0.0375,0.12333333333333334,30.526666666666667,0.09749999999999999,0.20666666666666667,47.18000000000001,0.06,0.09666666666666666,62.53666666666667,0.006666666666666667,0.03416666666666667,0.5366666666666666,0.010833333333333334,0.09249999999999999,0.11666666666666665,0.065,0.015,0.39999999999999997
76,85,2018-10-26,2,1,2018-2019,Pinheiros,Corinthians,0,0.4306375,0.18187499999999998,0.1937625,0.055,0.1612375,0.0475125,0.1137625,0.0724875,0.0518625,1.3949999999999998,0.0606125,0.14376250000000002,42.42,0.09686249999999999,0.17562499999999998,55.7125,0.055,0.0718625,76.0875,0.005,0.033125,0.6375,0.0099875,0.0825125,0.12000000000000001,0.0518625,0.005625,0.476875,0.4183333333333333,0.1025,0.22833333333333336,0.08750000000000001,0.17,0.05416666666666667,0.11583333333333333,0.07666666666666666,0.05000000000000001,1.5200000000000002,0.03416666666666667,0.09999999999999999,34.42666666666667,0.11416666666666668,0.225,51.163333333333334,0.08750000000000001,0.11,79.41666666666667,0.006666666666666667,0.03,0.6266666666666666,0.0075,0.1325,0.06,0.05000000000000001,0.006666666666666667,0.4533333333333333
97,82,2018-10-26,2,1,2018-2019,Mogi,Brasília,1,0.43665,0.145,0.22335000000000002,0.06835,0.21335,0.06835,0.145,0.11,0.05665,1.9400000000000002,0.04835,0.11335,42.65,0.11164999999999999,0.22665,49.26,0.06835,0.08664999999999999,78.85,0.0066500000000000005,0.03335,0.59,0.013349999999999999,0.09500000000000001,0.14,0.05665,0.013349999999999999,0.55165,0.3758333333333333,0.13249999999999998,0.16,0.08333333333333333,0.18083333333333332,0.05000000000000001,0.13083333333333333,0.07583333333333334,0.07583333333333332,1.0066666666666666,0.04416666666666667,0.13166666666666668,33.43333333333333,0.08,0.19083333333333333,41.88999999999999,0.08333333333333333,0.1025,83.20333333333333,0.004166666666666667,0.029166666666666664,0.3833333333333333,0.015,0.11499999999999999,0.13333333333333333,0.07583333333333332,0.01,0.3833333333333333
69,70,2018-10-27,2,1,2018-2019,Bauru Basket,Sesi Franca,0,0.3872333333333333,0.15333333333333332,0.17,0.06390000000000001,0.16390000000000002,0.0389,0.125,0.09943333333333333,0.065,1.53,0.0511,0.12666666666666668,40.38333333333333,0.085,0.15666666666666665,54.18000000000001,0.06390000000000001,0.09556666666666667,66.90666666666668,0.0022333333333333333,0.03666666666666667,0.5566666666666666,0.006666666666666667,0.09833333333333334,0.06666666666666667,0.065,0.010566666666666667,0.44999999999999996,0.4041666666666666,0.155,0.17333333333333334,0.07583333333333334,0.18499999999999997,0.049166666666666664,0.13583333333333333,0.08666666666666667,0.059166666666666666,1.45,0.05166666666666667,0.15916666666666665,32.10666666666666,0.08666666666666667,0.15166666666666664,57.13333333333333,0.07583333333333334,0.09499999999999999,78.89999999999999,0.008333333333333333,0.028333333333333332,0.48,0.0075,0.09749999999999999,0.08,0.059166666666666666,0.004166666666666667,0.46083333333333326
85,73,2018-10-29,3,1,2018-2019,Minas,Joinville / AABJ,1,0.3675,0.1125,0.17,0.085,0.19,0.045,0.145,0.0925,0.0925,1.0,0.0375,0.1275,29.41,0.085,0.16,53.13,0.085,0.115,73.91,0.01,0.0375,0.41,0.0125,0.1075,0.12,0.0925,0.0175,0.4125,0.35125,0.14625,0.13748749999999998,0.0675125,0.19625,0.058762499999999995,0.1374875,0.0775,0.0850125,0.915,0.0487375,0.13625,35.845,0.0687625,0.15251250000000002,45.74,0.0675125,0.1012375,67.11,0.007487500000000001,0.0337625,0.4025,0.0062625,0.08375,0.0675,0.0850125,0.0174875,0.37375
77,74,2018-10-30,3,1,2018-2019,Botafogo,Paulistano,1,0.33666666666666667,0.085,0.21333333333333335,0.03833333333333334,0.165,0.04,0.125,0.065,0.07,0.93,0.028333333333333332,0.105,27.09,0.10666666666666667,0.18833333333333332,56.69,0.03833333333333334,0.06166666666666667,61.77,0.01,0.035,0.5,0.011666666666666665,0.11,0.10666666666666667,0.07,0.015,0.36166666666666664,0.4,0.135,0.1975,0.0675,0.1925,0.05,0.14250000000000002,0.08125,0.06125,1.3450000000000002,0.045,0.155,29.36,0.09875,0.1675,58.894999999999996,0.0675,0.09000000000000001,75.0,0.012499999999999999,0.03375,0.55,0.015,0.10750000000000001,0.14,0.06125,0.00875,0.45999999999999996
93,73,2018-10-30,3,1,2018-2019,Flamengo,Mogi,1,0.405,0.135,0.19665,0.07335,0.24664999999999995,0.08835,0.15835000000000002,0.08664999999999999,0.055,1.58,0.045000000000000005,0.14835,30.34,0.09835,0.22,44.70000000000001,0.07335,0.10164999999999998,72.13,0.005,0.03165,0.58,0.01,0.09335,0.11,0.055,0.0066500000000000005,0.47165000000000007,0.4487375,0.14625,0.2225125,0.0800125,0.2137625,0.0675125,0.14625,0.10625000000000001,0.0599875,1.7950000000000002,0.0487625,0.1137625,42.857499999999995,0.11123749999999999,0.22248749999999998,50.04,0.0800125,0.10248749999999998,78.30499999999999,0.007487500000000001,0.0337625,0.5675,0.0175125,0.10500000000000001,0.16,0.0599875,0.0125125,0.5612375
93,65,2018-10-31,3,1,2018-2019,Minas,R10 Score Vasco da Gama,1,0.38999999999999996,0.13333333333333333,0.17445,0.08221666666666667,0.19111666666666668,0.04388333333333333,0.14721666666666666,0.09333333333333334,0.08166666666666667,1.1933333333333334,0.044449999999999996,0.13166666666666668,33.49666666666667,0.08721666666666666,0.16278333333333334,53.57333333333333,0.08221666666666667,0.11055,74.41,0.00945,0.036116666666666665,0.45999999999999996,0.013333333333333334,0.10333333333333333,0.13333333333333333,0.08166666666666667,0.013883333333333336,0.4511166666666666,0.3725,0.12,0.195,0.057499999999999996,0.18875,0.056249999999999994,0.1325,0.08625,0.06375,1.3599999999999999,0.04,0.1225,32.79,0.0975,0.20625,47.275000000000006,0.057499999999999996,0.09125,63.57000000000001,0.00625,0.037500000000000006,0.6,0.01,0.09125,0.10999999999999999,0.06375,0.015,0.40625
82,91,2018-10-31,3,1,2018-2019,Fortaleza B. C. / CFO,Sesi Franca,0,0.3400125,0.105,0.17501250000000002,0.06,0.1962625,0.0675,0.1287625,0.0575125,0.06998750000000001,0.8374999999999999,0.034999999999999996,0.11498749999999999,30.262500000000003,0.0874875,0.2175,40.2325,0.06,0.08998749999999998,67.98,0.0087625,0.0325,0.4575,0.0099875,0.08876250000000001,0.12000000000000001,0.06998750000000001,0.01,0.3249875,0.41,0.16874999999999998,0.175,0.06625,0.18874999999999997,0.049999999999999996,0.13874999999999998,0.0925,0.06125,1.4949999999999999,0.05625000000000001,0.16249999999999998,34.224999999999994,0.0875,0.1525,57.365,0.06625,0.08374999999999999,77.925,0.01,0.028749999999999998,0.47,0.0075,0.0975,0.08,0.06125,0.005,0.4774999999999999
105,113,2018-10-31,3,1,2018-2019,Brasília,Bauru Basket,0,0.3825,0.12375,0.16749999999999998,0.09125,0.1775,0.053750000000000006,0.12374999999999999,0.07375000000000001,0.0775,0.96,0.04125,0.12375,33.2,0.08374999999999999,0.19125,43.754999999999995,0.09125,0.11499999999999999,81.255,0.0037500000000000003,0.028749999999999998,0.37,0.015,0.1175,0.13,0.0775,0.00875,0.38625,0.3850125,0.15375,0.1675,0.06376250000000001,0.1662625,0.0375125,0.12875,0.0974875,0.06375,1.53,0.0512375,0.1275,40.222500000000004,0.08375,0.155,53.9675,0.06376250000000001,0.0950125,67.14500000000001,0.0025125,0.035,0.5425,0.00625,0.0975,0.0625,0.06375,0.0100125,0.44749999999999995
72,98,2018-11-01,3,1,2018-2019,Joinville / AABJ,Corinthians,0,0.35350000000000004,0.147,0.13899,0.06751,0.187,0.05700999999999999,0.12999,0.075,0.08101,0.932,0.04899,0.1355,36.224000000000004,0.06951,0.15601000000000004,45.122,0.06751,0.10199,66.546,0.0069900000000000006,0.03601,0.45999999999999996,0.00601,0.08449999999999999,0.066,0.08101,0.015489999999999999,0.368,0.42374999999999996,0.10875,0.23,0.085,0.1675,0.052500000000000005,0.11499999999999999,0.08374999999999999,0.053750000000000006,1.5450000000000002,0.036250000000000004,0.09875,37.005,0.115,0.21875,53.06,0.085,0.10875,78.015,0.00625,0.03,0.585,0.0075,0.1325,0.06,0.053750000000000006,0.0075,0.46875
90,86,2018-11-01,3,1,2018-2019,Botafogo,Mogi,1,0.356875,0.10500000000000001,0.20500000000000002,0.046875,0.18,0.048125,0.131875,0.0775,0.065625,1.245,0.034999999999999996,0.11125,30.895,0.10250000000000001,0.19749999999999998,52.5175,0.046875,0.0675,67.65,0.01125,0.031875,0.4825,0.012499999999999999,0.11,0.115,0.065625,0.01375,0.4,0.43849,0.144,0.21800999999999998,0.07651,0.20551,0.06451,0.141,0.10450000000000001,0.06449,1.6720000000000002,0.04801,0.11451,41.94599999999999,0.10898999999999999,0.21498999999999996,50.842,0.07651,0.10049,76.15799999999999,0.0069900000000000006,0.03501,0.55,0.015510000000000001,0.1,0.146,0.06449,0.013009999999999999,0.53799
61,74,2018-11-01,3,1,2018-2019,Flamengo,Pinheiros,0,0.3979125,0.13125,0.19998749999999998,0.066675,0.2337375,0.0825125,0.15126250000000002,0.0887375,0.0625,1.465,0.043750000000000004,0.14042500000000002,31.3275,0.1000125,0.2204125,45.36750000000001,0.066675,0.09248749999999999,72.045,0.005,0.03415,0.5574999999999999,0.009587499999999999,0.09542500000000001,0.10250000000000001,0.0625,0.0087375,0.4587375,0.42600999999999994,0.18,0.19401000000000002,0.052000000000000005,0.15799000000000002,0.04401,0.11401000000000001,0.06999,0.05199,1.3439999999999999,0.05999,0.14701000000000003,41.124,0.09698999999999999,0.16999999999999998,57.79,0.052000000000000005,0.06899,74.784,0.005,0.035,0.6719999999999999,0.00899,0.08201,0.10800000000000001,0.05199,0.006,0.469
73,101,2018-11-02,3,1,2018-2019,Brasília,Sesi Franca,0,0.395,0.1335,0.16999999999999998,0.0915,0.181,0.05700000000000001,0.12399999999999997,0.07550000000000001,0.074,1.044,0.0445,0.1355,32.862,0.08499999999999999,0.1895,44.867999999999995,0.0915,0.11850000000000001,78.966,0.004,0.027999999999999997,0.38,0.015,0.122,0.126,0.074,0.0095,0.398,0.42400000000000004,0.174,0.179,0.071,0.18349999999999997,0.047,0.13649999999999998,0.093,0.0595,1.5579999999999998,0.05800000000000001,0.15799999999999997,36.666,0.0895,0.154,58.08,0.071,0.087,80.34,0.0115,0.028499999999999998,0.48,0.008,0.094,0.09,0.0595,0.0055,0.4969999999999999
82,73,2018-11-02,3,1,2018-2019,Fortaleza B. C. / CFO,Bauru Basket,1,0.35401,0.11399999999999999,0.18501,0.05500000000000001,0.19151,0.0645,0.12701,0.061509999999999995,0.06599000000000001,0.9799999999999999,0.038,0.12099,31.106,0.09248999999999999,0.20949999999999996,44.862,0.05500000000000001,0.08348999999999998,66.558,0.01051,0.032,0.48600000000000004,0.00949,0.09051000000000001,0.11200000000000002,0.06599000000000001,0.0105,0.35299,0.40101,0.1515,0.177,0.07251,0.17301000000000002,0.04051,0.1325,0.09299,0.0635,1.464,0.05049,0.125,40.438,0.0885,0.1655,53.536,0.07251,0.10450999999999999,68.804,0.00301,0.030500000000000006,0.47400000000000003,0.006500000000000001,0.1015,0.062,0.0635,0.012509999999999999,0.45699999999999996
60,76,2018-11-02,3,1,2018-2019,R10 Score Vasco da Gama,Paulistano,0,0.3605,0.11399999999999999,0.185,0.0615,0.19,0.05449999999999999,0.1355,0.08399999999999999,0.066,1.2879999999999998,0.038,0.123,31.032,0.0925,0.20099999999999998,45.876000000000005,0.0615,0.099,62.78000000000001,0.006500000000000001,0.035500000000000004,0.554,0.009,0.096,0.09599999999999999,0.066,0.013500000000000002,0.382,0.395,0.1275,0.193,0.0745,0.20249999999999999,0.05450000000000001,0.14800000000000002,0.0775,0.063,1.254,0.042499999999999996,0.1555,27.613999999999997,0.0965,0.1715,56.45,0.0745,0.0995,74.91,0.0125,0.035500000000000004,0.562,0.0125,0.10850000000000001,0.11600000000000002,0.063,0.009000000000000001,0.4465
72,64,2018-11-03,3,1,2018-2019,Flamengo,Corinthians,1,0.39366,0.129,0.20198999999999998,0.06267,0.22599,0.07901,0.14701000000000003,0.08998999999999999,0.067,1.3960000000000001,0.043000000000000003,0.13567,31.919999999999998,0.10101,0.22066,45.76800000000001,0.06267,0.08698999999999998,71.994,0.005,0.03565,0.5439999999999999,0.009339999999999998,0.09667,0.098,0.067,0.00999,0.45099,0.41999999999999993,0.1125,0.225,0.0825,0.17200000000000001,0.051500000000000004,0.12049999999999998,0.08149999999999999,0.05850000000000001,1.4240000000000002,0.037500000000000006,0.1045,36.27,0.1125,0.2125,53.382000000000005,0.0825,0.1035,79.988,0.006500000000000001,0.032,0.572,0.008499999999999999,0.1315,0.06799999999999999,0.05850000000000001,0.0075,0.46699999999999997
83,79,2018-11-03,3,1,2018-2019,Minas,Pinheiros,1,0.40125,0.14375,0.176675,0.08082500000000001,0.191675,0.043324999999999995,0.14832499999999998,0.09375,0.07625,1.29,0.047924999999999995,0.13375,35.540000000000006,0.088325,0.16417500000000002,53.795,0.08082500000000001,0.108325,74.66,0.009174999999999999,0.035425,0.485,0.01375,0.10125,0.14,0.07625,0.012075000000000002,0.470425,0.4187583333333333,0.17375,0.1908416666666667,0.05416666666666667,0.15915833333333335,0.04500833333333334,0.11417500000000001,0.07165833333333334,0.05374166666666667,1.3333333333333333,0.05790833333333333,0.14542500000000003,40.028333333333336,0.09540833333333333,0.17041666666666666,56.61166666666666,0.05416666666666667,0.07165833333333334,75.065,0.005416666666666667,0.03541666666666667,0.66,0.010825,0.08584166666666666,0.12166666666666666,0.05374166666666667,0.0075,0.4616666666666666
74,96,2018-11-05,4,1,2018-2019,Coop/São José Basketball,Mogi,0,0.39999999999999997,0.135,0.18000000000000002,0.085,0.18333333333333335,0.05333333333333334,0.13,0.09999999999999999,0.08,1.2833333333333334,0.045000000000000005,0.13166666666666668,36.03666666666667,0.09000000000000001,0.17666666666666667,51.26,0.085,0.11,77.39333333333333,0.0016666666666666668,0.036666666666666674,0.45999999999999996,0.01,0.11666666666666665,0.09000000000000001,0.08,0.013333333333333334,0.4483333333333333,0.4316583333333333,0.1425,0.21500833333333333,0.074175,0.20000833333333334,0.06250833333333333,0.13749999999999998,0.10333333333333335,0.06749166666666667,1.59,0.047508333333333326,0.11500833333333334,41.33833333333333,0.10749166666666665,0.20999166666666666,51.376666666666665,0.074175,0.09915833333333333,74.72666666666666,0.006658333333333333,0.03584166666666667,0.5383333333333333,0.014175000000000002,0.09666666666666666,0.13666666666666666,0.06749166666666667,0.013341666666666667,0.5224916666666666
47,77,2018-11-06,4,1,2018-2019,Bauru Basket,Flamengo,0,0.41167499999999996,0.15,0.18333333333333335,0.07834166666666667,0.17750833333333335,0.042508333333333335,0.13499999999999998,0.08999166666666668,0.06333333333333334,1.42,0.04999166666666666,0.12333333333333334,40.58166666666667,0.09166666666666667,0.1725,53.248333333333335,0.07834166666666667,0.11084166666666666,69.91000000000001,0.003341666666666667,0.027500000000000007,0.4283333333333334,0.006666666666666667,0.10416666666666667,0.06166666666666667,0.06333333333333334,0.014174999999999998,0.4633333333333333,0.390825,0.1275,0.20332499999999998,0.06,0.22082500000000002,0.07667500000000001,0.14417500000000003,0.09082499999999999,0.07,1.3500000000000003,0.0425,0.13250000000000003,32.315,0.101675,0.22082499999999997,46.035000000000004,0.06,0.083325,71.96000000000001,0.005,0.036649999999999995,0.535,0.009174999999999997,0.09750000000000002,0.09500000000000001,0.07,0.010825000000000001,0.44582499999999997
83,66,2018-11-06,4,1,2018-2019,Sesi Franca,Minas,1,0.43333333333333335,0.1775,0.18166666666666667,0.07416666666666666,0.17999999999999997,0.045000000000000005,0.13499999999999998,0.09333333333333332,0.05833333333333333,1.5999999999999999,0.05916666666666667,0.155,38.29333333333333,0.09083333333333334,0.155,58.556666666666665,0.07416666666666666,0.08916666666666666,81.95,0.012500000000000002,0.028333333333333332,0.48666666666666664,0.008333333333333333,0.09166666666666667,0.09666666666666668,0.05833333333333333,0.005833333333333334,0.5099999999999999,0.40800000000000003,0.15,0.17801,0.07999,0.19201000000000001,0.042989999999999993,0.14898999999999998,0.094,0.073,1.348,0.05001,0.135,36.766000000000005,0.08899,0.16501000000000002,53.928,0.07999,0.10699,74.80999999999999,0.009009999999999999,0.03501,0.5,0.014000000000000002,0.1,0.14400000000000002,0.073,0.010990000000000003,0.48201
72,69,2018-11-07,4,1,2018-2019,Joinville / AABJ,Fortaleza B. C. / CFO,1,0.355,0.1475,0.13999166666666665,0.06750833333333334,0.18083333333333332,0.05584166666666666,0.12499166666666667,0.07333333333333333,0.07834166666666667,0.9433333333333334,0.04915833333333333,0.135,36.47666666666667,0.07000833333333334,0.15834166666666669,44.71,0.06750833333333334,0.10249166666666666,66.17,0.006658333333333333,0.03750833333333333,0.4983333333333333,0.005841666666666666,0.085,0.065,0.07834166666666667,0.014158333333333334,0.3641666666666667,0.3633416666666667,0.12,0.191675,0.05166666666666667,0.18834166666666666,0.0625,0.12584166666666666,0.064175,0.063325,1.075,0.04,0.12499166666666667,31.668333333333333,0.095825,0.20416666666666664,47.94833333333333,0.05166666666666667,0.07915833333333332,65.61,0.011675,0.03166666666666667,0.505,0.009158333333333333,0.091675,0.10666666666666667,0.063325,0.010833333333333334,0.37165833333333337
71,82,2018-11-07,4,1,2018-2019,Pinheiros,Paulistano,0,0.41357857142857135,0.1692857142857143,0.18857857142857146,0.055714285714285716,0.15999285714285713,0.04572142857142857,0.11429285714285715,0.07285,0.05499285714285714,1.3257142857142856,0.05642142857142857,0.14429285714285717,39.24571428571429,0.09427857142857143,0.17071428571428568,55.769999999999996,0.055714285714285716,0.07356428571428572,75.26571428571428,0.005714285714285714,0.03571428571428571,0.6514285714285714,0.012135714285714286,0.08857857142857142,0.13142857142857142,0.05499285714285714,0.008571428571428572,0.45642857142857135,0.39166666666666666,0.12250000000000001,0.19000000000000003,0.07916666666666666,0.20916666666666664,0.0575,0.1516666666666667,0.075,0.06416666666666666,1.1933333333333334,0.04083333333333333,0.15583333333333332,26.45,0.09500000000000001,0.17416666666666666,54.82,0.07916666666666666,0.10583333333333333,74.85000000000001,0.012499999999999999,0.036666666666666674,0.57,0.010833333333333334,0.10916666666666669,0.10000000000000002,0.06416666666666666,0.009166666666666668,0.4375
81,68,2018-11-08,4,1,2018-2019,Bauru Basket,Minas,1,0.3983428571428571,0.1457142857142857,0.17714285714285719,0.07548571428571428,0.18024285714285715,0.041914285714285716,0.13833571428571428,0.0880857142857143,0.06452142857142858,1.3699999999999999,0.04856428571428571,0.12595,38.81857142857143,0.08857142857142859,0.17119285714285715,51.76428571428572,0.07548571428571428,0.10595714285714285,70.79285714285716,0.004057142857142857,0.027621428571428575,0.4242857142857143,0.0071428571428571435,0.1052357142857143,0.06571428571428571,0.06452142857142858,0.01429285714285714,0.44642857142857145,0.3958333333333333,0.13999999999999999,0.181675,0.07415833333333334,0.18709166666666668,0.042908333333333326,0.1441583333333333,0.08750000000000001,0.06999999999999999,1.29,0.046675,0.13125,35.08333333333334,0.090825,0.17209166666666667,52.971666666666664,0.07415833333333334,0.10124166666666667,72.68666666666665,0.009174999999999999,0.034591666666666666,0.515,0.012916666666666668,0.10083333333333333,0.13166666666666668,0.06999999999999999,0.009575000000000002,0.4550083333333333
84,77,2018-11-08,4,1,2018-2019,Sesi Franca,Flamengo,1,0.4310714285714286,0.17142857142857143,0.18500000000000003,0.07464285714285714,0.17928571428571427,0.04214285714285715,0.13714285714285712,0.09357142857142856,0.057499999999999996,1.6300000000000001,0.05714285714285715,0.15214285714285714,37.58428571428571,0.09250000000000001,0.15571428571428572,59.34285714285714,0.07464285714285714,0.08999999999999998,81.89714285714285,0.0125,0.02857142857142857,0.49857142857142855,0.009642857142857144,0.09035714285714287,0.11285714285714286,0.057499999999999996,0.006428571428571429,0.5110714285714285,0.39308571428571426,0.13071428571428573,0.20237142857142856,0.06,0.22165714285714286,0.07477142857142857,0.14691428571428572,0.09118571428571429,0.07,1.3471428571428574,0.04357142857142857,0.13476428571428573,32.51428571428571,0.1012,0.21499285714285712,47.26285714285715,0.06,0.08189999999999999,73.36857142857143,0.005,0.03617857142857143,0.5271428571428571,0.009057142857142856,0.0976214285714286,0.09285714285714286,0.07,0.010942857142857143,0.45404285714285714
86,71,2018-11-09,4,1,2018-2019,Botafogo,Corinthians,1,0.369,0.11700000000000002,0.2,0.052000000000000005,0.189,0.053000000000000005,0.13599999999999998,0.08499999999999999,0.063,1.434,0.03899999999999999,0.11499999999999999,33.178,0.1,0.20299999999999999,50.013999999999996,0.052000000000000005,0.07100000000000001,71.17800000000001,0.012,0.03,0.472,0.013000000000000001,0.11000000000000001,0.12000000000000002,0.063,0.013000000000000001,0.42300000000000004,0.4175,0.11499999999999999,0.22166666666666668,0.08083333333333334,0.17500000000000002,0.050833333333333335,0.12416666666666665,0.08,0.061666666666666675,1.3433333333333335,0.03833333333333334,0.10833333333333332,35.78,0.11083333333333334,0.20833333333333334,53.59666666666667,0.08083333333333334,0.09999999999999999,81.30333333333333,0.006666666666666667,0.03333333333333333,0.5633333333333334,0.009166666666666665,0.13083333333333333,0.07333333333333332,0.061666666666666675,0.0075,0.4658333333333333
90,70,2018-11-10,4,1,2018-2019,Flamengo,R10 Score Vasco da Gama,1,0.39478125,0.133125,0.20165624999999998,0.06,0.22228125,0.07334375,0.14896874999999998,0.09145625,0.07,1.3450000000000002,0.044375,0.13646250000000001,32.66375,0.10084375000000001,0.21061874999999997,48.18375,0.06,0.08083125,74.42500000000001,0.005,0.035824999999999996,0.52125,0.008968749999999998,0.09771250000000002,0.09125,0.07,0.01103125,0.46020625000000004,0.35250000000000004,0.10999999999999999,0.17833333333333334,0.06416666666666666,0.19083333333333333,0.05333333333333332,0.13749999999999998,0.0825,0.0675,1.24,0.03666666666666667,0.12333333333333334,29.86,0.08916666666666667,0.19749999999999998,44.943333333333335,0.06416666666666666,0.10416666666666667,62.25333333333334,0.006666666666666667,0.03416666666666667,0.5233333333333333,0.008333333333333333,0.09916666666666667,0.08666666666666666,0.0675,0.012500000000000002,0.3658333333333333
63,75,2018-11-10,4,1,2018-2019,Bauru Basket,Coop/São José Basketball,0,0.38834375,0.14250000000000002,0.17250000000000004,0.07334375,0.18229375,0.04146875,0.1408375,0.08665625,0.0654125,1.3325,0.047493749999999994,0.1279125,37.49625,0.08625000000000002,0.1702125,50.651250000000005,0.07334375,0.10229374999999999,71.45500000000001,0.004593750000000001,0.0277125,0.42125,0.007500000000000001,0.1060375,0.06874999999999999,0.0654125,0.014381249999999998,0.43374999999999997,0.393125,0.135,0.17500000000000002,0.083125,0.181875,0.048125,0.13375,0.095,0.075625,1.2825,0.045,0.139375,33.95,0.08750000000000001,0.17375000000000002,50.565,0.083125,0.11125,74.8925,0.00375,0.03937500000000001,0.5349999999999999,0.010624999999999999,0.11624999999999999,0.095,0.075625,0.015625,0.433125
88,86,2018-11-10,4,1,2018-2019,Pinheiros,Fortaleza B. C. / CFO,1,0.4115687499999999,0.165,0.18563125000000003,0.060937500000000006,0.16499375,0.04906875,0.11594375000000001,0.07249375,0.05561875,1.30625,0.054993749999999994,0.14438125000000002,38.21875,0.09280625,0.17437499999999997,53.955,0.060937500000000006,0.07905625,76.23,0.005625,0.0353125,0.6375,0.01061875,0.08906875,0.11499999999999999,0.05561875,0.008749999999999999,0.4496874999999999,0.3667928571428572,0.12107142857142857,0.19357857142857143,0.05214285714285715,0.19215000000000002,0.061785714285714284,0.1303642857142857,0.06500714285714286,0.06785,1.0271428571428571,0.040357142857142855,0.12392142857142859,32.31142857142857,0.09677857142857142,0.205,48.07142857142857,0.05214285714285715,0.07856428571428571,66.71285714285715,0.011792857142857143,0.031071428571428573,0.4742857142857143,0.010707142857142858,0.09429285714285715,0.11714285714285715,0.06785,0.013928571428571429,0.3789214285714286
57,55,2018-11-12,5,1,2018-2019,Corinthians,Fortaleza B. C. / CFO,1,0.40857142857142853,0.10928571428571428,0.21571428571428572,0.08357142857142859,0.16357142857142856,0.047857142857142855,0.11571428571428569,0.08071428571428571,0.06642857142857143,1.2785714285714287,0.036428571428571435,0.10428571428571427,35.13285714285714,0.10785714285714286,0.20714285714285713,52.368571428571435,0.08357142857142859,0.10214285714285713,82.11142857142856,0.007857142857142858,0.03785714285714286,0.58,0.007857142857142856,0.12642857142857142,0.06285714285714285,0.06642857142857143,0.0064285714285714285,0.44571428571428573,0.36938125000000005,0.12187499999999998,0.19500625000000002,0.052500000000000005,0.19500625000000002,0.06125,0.13375625,0.06563125,0.07124375,0.99125,0.040624999999999994,0.12311875,32.79375,0.09749375,0.20562499999999997,48.16375,0.052500000000000005,0.07811874999999999,67.54,0.01188125,0.030625,0.45125000000000004,0.01186875,0.09625625,0.125,0.07124375,0.01625,0.38436875
89,56,2018-11-13,5,1,2018-2019,Joinville / AABJ,Bauru Basket,1,0.3557142857142857,0.14357142857142854,0.1471357142857143,0.06500714285714286,0.185,0.05786428571428571,0.1271357142857143,0.07357142857142858,0.07215,1.1142857142857143,0.04785,0.13642857142857143,35.20714285714286,0.07357857142857142,0.16429285714285718,45.10857142857143,0.06500714285714286,0.10142142857142857,64.2357142857143,0.007135714285714286,0.03715,0.57,0.008578571428571428,0.08642857142857142,0.09285714285714286,0.07215,0.013564285714285713,0.37142857142857144,0.38056666666666666,0.14,0.16888888888888895,0.07167777777777778,0.18388888888888888,0.04112222222222222,0.14278333333333335,0.08554444444444445,0.06610555555555556,1.3033333333333335,0.046661111111111105,0.1294388888888889,36.46777777777778,0.08444444444444447,0.16945,49.78555555555556,0.07167777777777778,0.09944444444444443,71.97000000000001,0.005011111111111111,0.027783333333333333,0.41888888888888887,0.007777777777777778,0.10666111111111112,0.0711111111111111,0.06610555555555556,0.01445,0.4238888888888888
97,99,2018-11-13,5,1,2018-2019,Minas,Mogi,0,0.3871428571428571,0.13285714285714284,0.18429285714285712,0.06999285714285715,0.18357857142857145,0.04284999999999999,0.14070714285714284,0.08285714285714287,0.06785714285714285,1.2485714285714287,0.04429285714285715,0.1285714285714286,33.88142857142858,0.09213571428571429,0.17715,52.28857142857142,0.06999285714285715,0.0971357142857143,71.16999999999999,0.009292857142857143,0.03429285714285714,0.5257142857142857,0.012142857142857146,0.10142857142857142,0.12285714285714287,0.06785714285714285,0.008564285714285717,0.43572142857142854,0.4385642857142857,0.14785714285714285,0.21143571428571425,0.07929285714285715,0.20286428571428572,0.057864285714285715,0.145,0.10285714285714287,0.07070714285714286,1.5214285714285716,0.04929285714285714,0.11715,42.02571428571428,0.10570714285714285,0.20284999999999997,52.519999999999996,0.07929285714285715,0.10713571428571429,74.18999999999998,0.007135714285714286,0.034292857142857146,0.5014285714285714,0.016435714285714286,0.09571428571428571,0.16428571428571428,0.07070714285714286,0.013578571428571428,0.5314214285714285
57,64,2018-11-14,5,1,2018-2019,Coop/São José Basketball,Flamengo,0,0.389,0.135,0.17200000000000001,0.082,0.181,0.045,0.136,0.092,0.073,1.282,0.045,0.144,32.698,0.08600000000000001,0.17200000000000001,50.147999999999996,0.082,0.11200000000000002,73.392,0.005,0.041,0.5799999999999998,0.011,0.11599999999999999,0.098,0.073,0.016999999999999998,0.42400000000000004,0.39609999999999995,0.13499999999999998,0.20109999999999997,0.060000000000000005,0.22276666666666667,0.07223333333333333,0.15056666666666663,0.09166666666666667,0.07,1.3433333333333335,0.045,0.13778333333333334,32.78,0.10056666666666668,0.20721666666666663,48.900000000000006,0.060000000000000005,0.08,75.24666666666667,0.005,0.03555,0.5166666666666667,0.008899999999999998,0.09778333333333336,0.09,0.07,0.011099999999999999,0.4650000000000001
82,64,2018-11-14,5,1,2018-2019,Brasília,Botafogo,1,0.4033333333333333,0.13999999999999999,0.17166666666666663,0.09166666666666667,0.18333333333333335,0.05916666666666667,0.12416666666666665,0.07666666666666667,0.07166666666666667,1.0999999999999999,0.04666666666666667,0.14333333333333334,32.63666666666666,0.08583333333333332,0.18833333333333332,45.60999999999999,0.09166666666666667,0.12083333333333335,77.44,0.004166666666666667,0.027499999999999997,0.38666666666666666,0.015,0.125,0.12333333333333334,0.07166666666666667,0.01,0.4058333333333333,0.37916666666666665,0.12000000000000001,0.20666666666666667,0.0525,0.19166666666666665,0.05416666666666667,0.13749999999999998,0.08833333333333333,0.0725,1.3416666666666668,0.04,0.11166666666666665,35.54333333333333,0.10333333333333333,0.20166666666666666,51.935,0.0525,0.07166666666666667,71.53666666666668,0.011666666666666665,0.034999999999999996,0.4766666666666666,0.012499999999999999,0.10916666666666668,0.11666666666666668,0.0725,0.014166666666666668,0.44333333333333336
73,67,2018-11-15,5,1,2018-2019,Mogi,Bauru Basket,1,0.43811875,0.145,0.21250624999999998,0.08063125,0.19792500000000002,0.055837500000000005,0.14208125,0.10229375000000002,0.069575,1.53,0.0483375,0.11730000000000002,41.17374999999999,0.10624374999999998,0.20124374999999997,53.19125,0.08063125,0.10853750000000001,74.42374999999998,0.0070750000000000006,0.0358375,0.53375,0.016050000000000002,0.09708125,0.15999999999999998,0.069575,0.013337499999999999,0.5285374999999999,0.37326000000000004,0.13500000000000004,0.16550000000000004,0.07276,0.1835,0.04251,0.141005,0.08324000000000001,0.068245,1.2440000000000002,0.04499499999999999,0.12749500000000002,35.548,0.08275000000000002,0.168005,49.162000000000006,0.07276,0.09999999999999999,72.63000000000002,0.00476,0.027255,0.403,0.007750000000000002,0.10499500000000002,0.07199999999999998,0.068245,0.014755,0.4114999999999999
65,54,2018-11-16,5,1,2018-2019,Fortaleza B. C. / CFO,Botafogo,1,0.36167222222222223,0.11666666666666664,0.19278333333333336,0.052222222222222225,0.1958388888888889,0.0625,0.1333388888888889,0.06361666666666667,0.07249444444444444,0.9455555555555555,0.03888888888888889,0.11999444444444445,32.074444444444445,0.09638333333333333,0.20361111111111108,47.99777777777778,0.052222222222222225,0.0791611111111111,66.38444444444445,0.01083888888888889,0.03222222222222222,0.46222222222222226,0.011661111111111112,0.09611666666666667,0.12333333333333335,0.07249444444444444,0.016944444444444443,0.3766611111111111,0.3671428571428571,0.11464285714285716,0.19785714285714287,0.054642857142857146,0.185,0.05178571428571428,0.1332142857142857,0.08357142857142859,0.07392857142857143,1.2457142857142858,0.038214285714285715,0.10785714285714285,35.08714285714286,0.09892857142857144,0.19749999999999998,50.519999999999996,0.054642857142857146,0.07535714285714287,71.20714285714287,0.010714285714285714,0.03642857142857143,0.48714285714285716,0.01107142857142857,0.11142857142857143,0.10285714285714287,0.07392857142857143,0.014285714285714287,0.41892857142857143
97,84,2018-11-16,5,1,2018-2019,Paulistano,Flamengo,1,0.3942857142857143,0.1285714285714286,0.18571428571428572,0.07999999999999999,0.2057142857142857,0.05642857142857143,0.1492857142857143,0.07857142857142858,0.062142857142857146,1.3085714285714285,0.04285714285714286,0.15428571428571428,28.09,0.09285714285714286,0.17285714285714285,53.91428571428572,0.07999999999999999,0.10642857142857143,75.19571428571429,0.011428571428571429,0.035,0.5599999999999999,0.01,0.11071428571428574,0.09142857142857144,0.062142857142857146,0.009285714285714286,0.4428571428571429,0.39349,0.13124999999999998,0.19949,0.06275,0.21874000000000002,0.07076,0.14800999999999997,0.08975000000000001,0.06725,1.3800000000000001,0.04375,0.14050500000000002,31.471999999999998,0.09976000000000002,0.20449499999999995,49.149,0.06275,0.08275,75.862,0.00475,0.03724499999999999,0.5890000000000001,0.008259999999999998,0.09775500000000002,0.08399999999999999,0.06725,0.010239999999999999,0.45825000000000005
78,68,2018-11-17,5,1,2018-2019,R10 Score Vasco da Gama,Corinthians,1,0.3521428571428572,0.10499999999999998,0.17857142857142858,0.06857142857142857,0.18642857142857142,0.05428571428571428,0.13214285714285715,0.08285714285714285,0.06857142857142857,1.2242857142857144,0.034999999999999996,0.12428571428571429,28.34142857142857,0.08928571428571429,0.19714285714285712,45.11571428571428,0.06857142857142857,0.10785714285714286,63.800000000000004,0.005714285714285714,0.03357142857142857,0.5057142857142857,0.007857142857142856,0.09428571428571428,0.0857142857142857,0.06857142857142857,0.01142857142857143,0.3578571428571428,0.3965625,0.10499999999999998,0.2125,0.07906250000000001,0.1690625,0.05125,0.11781249999999999,0.0803125,0.06843750000000001,1.23625,0.03500000000000001,0.10343749999999999,33.94625,0.10625,0.21125,50.77,0.07906250000000001,0.09874999999999999,79.76375,0.0084375,0.036562500000000005,0.54875,0.008124999999999999,0.12312499999999998,0.06749999999999999,0.06843750000000001,0.0075,0.4284375
89,95,2018-11-19,5,1,2018-2019,Mogi,Sesi Franca,0,0.43777222222222223,0.14277777777777778,0.21333888888888886,0.08167222222222222,0.19408333333333333,0.05426111111111112,0.1398111111111111,0.10185555555555557,0.06869444444444445,1.5366666666666666,0.047594444444444446,0.11741666666666667,40.5111111111111,0.1066611111111111,0.19999444444444442,53.71333333333333,0.08167222222222222,0.10962777777777778,74.60555555555554,0.007027777777777778,0.03703888888888889,0.5588888888888888,0.01575,0.09814444444444444,0.15666666666666662,0.06869444444444445,0.013149999999999998,0.5262944444444444,0.429375,0.166875,0.18750000000000003,0.075,0.17875,0.04000000000000001,0.13874999999999998,0.09374999999999999,0.056874999999999995,1.6525,0.055625,0.15,37.052499999999995,0.09375000000000001,0.15625,59.9325,0.075,0.09062499999999998,81.8575,0.0125,0.028749999999999998,0.5075,0.010625,0.08937500000000001,0.125,0.056874999999999995,0.006875000000000001,0.511875
88,82,2018-11-20,6,1,2018-2019,Paulistano,Coop/São José Basketball,1,0.405625,0.14437500000000003,0.18,0.08124999999999999,0.206875,0.055625,0.15125000000000002,0.080625,0.06625,1.27,0.048125,0.15374999999999997,31.6625,0.09,0.170625,52.82000000000001,0.08124999999999999,0.1075,75.57875,0.01125,0.03375,0.5225,0.010625,0.11000000000000001,0.09750000000000002,0.06625,0.01,0.458125,0.37166666666666665,0.135,0.16166666666666668,0.075,0.19000000000000003,0.04916666666666667,0.14083333333333334,0.08750000000000001,0.07583333333333332,1.1883333333333332,0.04499999999999999,0.14416666666666667,32.42,0.08083333333333334,0.1691666666666667,47.703333333333326,0.075,0.10333333333333335,72.27166666666666,0.004166666666666667,0.03833333333333334,0.5299999999999999,0.010833333333333332,0.11583333333333333,0.09666666666666666,0.07583333333333332,0.016666666666666666,0.405
79,61,2018-11-21,6,1,2018-2019,Pinheiros,Brasília,1,0.4100055555555555,0.16166666666666668,0.1833388888888889,0.065,0.16888333333333333,0.051672222222222224,0.11722777777777778,0.07221666666666667,0.056105555555555554,1.291111111111111,0.053883333333333325,0.14445000000000002,37.419999999999995,0.09166111111111112,0.1772222222222222,52.54333333333333,0.065,0.08332777777777776,76.98,0.005555555555555555,0.034999999999999996,0.6266666666666666,0.009438888888888889,0.08945,0.10222222222222221,0.056105555555555554,0.008888888888888887,0.44444444444444436,0.4042857142857143,0.15214285714285714,0.16428571428571428,0.08785714285714286,0.17642857142857143,0.05357142857142858,0.12285714285714285,0.08071428571428572,0.07071428571428572,1.1742857142857142,0.05071428571428572,0.14214285714285715,35.91142857142857,0.08214285714285714,0.17714285714285713,46.887142857142855,0.08785714285714286,0.11785714285714287,75.66285714285713,0.004285714285714286,0.025714285714285714,0.36428571428571427,0.015714285714285715,0.12428571428571429,0.13,0.07071428571428572,0.009999999999999998,0.41500000000000004
95,93,2018-11-22,6,1,2018-2019,Sesi Franca,Coop/São José Basketball,1,0.43444444444444447,0.16499999999999998,0.19333333333333336,0.0761111111111111,0.17666666666666664,0.04111111111111112,0.13555555555555554,0.09277777777777776,0.05611111111111111,1.6577777777777778,0.055,0.15055555555555555,36.519999999999996,0.09666666666666668,0.16166666666666668,59.77777777777778,0.0761111111111111,0.09055555555555554,83.25555555555555,0.011666666666666667,0.03166666666666666,0.5733333333333334,0.009444444444444445,0.09166666666666667,0.1111111111111111,0.05611111111111111,0.006111111111111112,0.5138888888888888,0.38107142857142856,0.13714285714285715,0.1692857142857143,0.07464285714285714,0.18321428571428575,0.04892857142857143,0.13428571428571429,0.08785714285714286,0.07535714285714286,1.1957142857142855,0.04571428571428571,0.14178571428571426,33.39142857142857,0.08464285714285714,0.17035714285714287,49.54,0.07464285714285714,0.1,74.89428571428572,0.004285714285714286,0.03678571428571429,0.5085714285714286,0.011071428571428569,0.11892857142857143,0.09571428571428571,0.07535714285714286,0.015714285714285712,0.41571428571428576
77,84,2018-11-23,6,1,2018-2019,Joinville / AABJ,Brasília,0,0.36687499999999995,0.15749999999999997,0.14874374999999998,0.06063125,0.188125,0.06125625,0.12686875,0.07625,0.06750625,1.3137500000000002,0.05249375,0.141875,36.70875,0.07438125,0.16563125000000004,45.183749999999996,0.06063125,0.09436875,64.54,0.00686875,0.03750625,0.64125,0.00875625,0.089375,0.0925,0.06750625,0.011868749999999999,0.395,0.3990625,0.15187499999999998,0.16249999999999998,0.0846875,0.1765625,0.051875000000000004,0.12468749999999998,0.079375,0.0709375,1.14875,0.050625,0.140625,36.23,0.08124999999999999,0.175,46.88625,0.0846875,0.113125,75.97125,0.0037500000000000003,0.026875,0.37875,0.0146875,0.12,0.12375,0.0709375,0.0090625,0.4128125
89,73,2018-11-24,6,1,2018-2019,Sesi Franca,Paulistano,1,0.437,0.16799999999999998,0.19250000000000003,0.07649999999999998,0.175,0.041,0.13399999999999998,0.09149999999999998,0.05600000000000001,1.637,0.05600000000000001,0.15075,37.129999999999995,0.09625000000000002,0.15925,60.527,0.07649999999999998,0.09174999999999998,82.73499999999999,0.01175,0.03025,0.548,0.00925,0.09175000000000001,0.10800000000000001,0.05600000000000001,0.00625,0.5135,0.4052777777777778,0.14083333333333337,0.18166666666666667,0.08277777777777777,0.20694444444444446,0.058333333333333334,0.14861111111111114,0.08027777777777778,0.06666666666666668,1.2522222222222221,0.04694444444444444,0.15277777777777776,31.01777777777778,0.09083333333333334,0.1725,52.728888888888896,0.08277777777777777,0.11,75.30111111111111,0.011944444444444445,0.034166666666666665,0.5244444444444444,0.010833333333333334,0.10833333333333334,0.10111111111111112,0.06666666666666668,0.010555555555555556,0.4555555555555555
72,69,2018-11-25,7,1,2018-2019,Minas,Corinthians,1,0.399375,0.13874999999999998,0.18750624999999999,0.07311875,0.18125625000000004,0.04499374999999999,0.13624375,0.085625,0.06937499999999999,1.25625,0.046256250000000006,0.12812500000000002,35.64625000000001,0.09374375,0.18000625,52.315,0.07311875,0.10186875000000001,71.07,0.01000625,0.03313125,0.49874999999999997,0.011875000000000002,0.10124999999999999,0.12000000000000001,0.06937499999999999,0.008743750000000002,0.44500624999999994,0.3872222222222222,0.10166666666666664,0.21,0.07555555555555556,0.17333333333333334,0.05388888888888889,0.11944444444444444,0.08,0.07,1.2033333333333334,0.0338888888888889,0.10277777777777777,33.02333333333333,0.105,0.21444444444444444,49.52666666666667,0.07555555555555556,0.09611111111111109,77.93777777777778,0.008888888888888889,0.03555555555555556,0.5244444444444444,0.008333333333333331,0.12055555555555555,0.0711111111111111,0.07,0.008333333333333333,0.41500000000000004
84,74,2018-11-27,7,1,2018-2019,Botafogo,Coop/São José Basketball,1,0.35812499999999997,0.11062500000000001,0.19125,0.05625,0.18,0.049999999999999996,0.13,0.08000000000000002,0.075,1.17375,0.036875000000000005,0.10499999999999998,34.745,0.095625,0.19437499999999996,49.458749999999995,0.05625,0.07812500000000001,70.96000000000001,0.01,0.0375,0.495,0.01,0.113125,0.09250000000000001,0.075,0.014375,0.400625,0.388125,0.13875,0.17500000000000002,0.074375,0.17812500000000003,0.04875,0.12937500000000002,0.088125,0.075,1.20125,0.04624999999999999,0.13999999999999999,34.120000000000005,0.08750000000000001,0.17125,50.9175,0.074375,0.0975,76.86125,0.004375,0.035625000000000004,0.49249999999999994,0.011249999999999998,0.12125,0.09499999999999999,0.075,0.014999999999999998,0.42375
81,77,2018-11-29,7,1,2018-2019,R10 Score Vasco da Gama,Coop/São José Basketball,1,0.35687500000000005,0.09937499999999999,0.185,0.0725,0.1875,0.05249999999999999,0.13499999999999998,0.08312499999999999,0.06875,1.2225000000000001,0.033125,0.11875,27.92375,0.0925,0.19999999999999998,46.01,0.0725,0.110625,65.44,0.00625,0.034375,0.51375,0.007499999999999999,0.09624999999999999,0.08124999999999999,0.06875,0.010625000000000002,0.369375,0.3869444444444444,0.13416666666666666,0.17777777777777778,0.075,0.17861111111111116,0.049166666666666664,0.12944444444444445,0.08666666666666666,0.0761111111111111,1.1655555555555557,0.04472222222222222,0.1397222222222222,32.955555555555556,0.08888888888888889,0.1711111111111111,51.79555555555555,0.075,0.09861111111111112,76.58999999999999,0.0044444444444444444,0.035833333333333335,0.48666666666666664,0.011111111111111108,0.11805555555555555,0.09666666666666665,0.0761111111111111,0.013888888888888888,0.4202777777777778
79,97,2018-12-01,7,1,2018-2019,R10 Score Vasco da Gama,Botafogo,0,0.3616666666666667,0.10666666666666666,0.18388888888888888,0.0711111111111111,0.18527777777777776,0.05222222222222221,0.13305555555555554,0.08333333333333331,0.07055555555555555,1.1977777777777778,0.035555555555555556,0.11944444444444444,29.709999999999997,0.09194444444444444,0.1986111111111111,46.083333333333336,0.0711111111111111,0.1075,66.25,0.005555555555555556,0.035,0.508888888888889,0.007499999999999999,0.09722222222222221,0.08,0.07055555555555555,0.011388888888888891,0.37527777777777777,0.3686111111111111,0.11500000000000002,0.19722222222222222,0.0563888888888889,0.17944444444444443,0.049999999999999996,0.12944444444444445,0.08500000000000002,0.07416666666666666,1.248888888888889,0.03833333333333334,0.1061111111111111,35.715555555555554,0.09861111111111111,0.1958333333333333,50.52333333333333,0.0563888888888889,0.0788888888888889,70.59222222222223,0.010833333333333334,0.03861111111111111,0.5177777777777778,0.010277777777777778,0.11472222222222223,0.09333333333333334,0.07416666666666666,0.014166666666666668,0.4191666666666667
85,77,2018-12-04,8,1,2018-2019,Minas,Botafogo,1,0.39499999999999996,0.1383333333333333,0.18222777777777777,0.07443888888888889,0.18389444444444447,0.04554999999999999,0.13832777777777777,0.08444444444444445,0.06777777777777777,1.267777777777778,0.04611666666666667,0.12833333333333335,35.53222222222223,0.09110555555555555,0.18056111111111112,50.70666666666667,0.07443888888888889,0.10555,70.16888888888889,0.010005555555555554,0.03556111111111111,0.5544444444444445,0.011111111111111113,0.09888888888888887,0.11333333333333334,0.06777777777777777,0.007772222222222224,0.4388944444444444,0.377,0.11850000000000001,0.202,0.05650000000000001,0.179,0.049999999999999996,0.129,0.08900000000000001,0.0735,1.309,0.0395,0.10699999999999998,36.492000000000004,0.101,0.19699999999999998,51.375,0.05650000000000001,0.0795,70.298,0.0115,0.03949999999999999,0.536,0.010499999999999999,0.11599999999999999,0.094,0.0735,0.014000000000000002,0.434
91,79,2018-12-04,8,1,2018-2019,Pinheiros,Sesi Franca,1,0.4085049999999999,0.1605,0.18300500000000003,0.06500000000000002,0.170495,0.051005,0.11950500000000001,0.072995,0.057995,1.269,0.053494999999999994,0.14400500000000002,37.248999999999995,0.091495,0.17549999999999996,52.914,0.06500000000000002,0.08449499999999999,76.124,0.004999999999999999,0.03799999999999999,0.651,0.010995,0.090005,0.118,0.057995,0.009499999999999998,0.44849999999999995,0.4390909090909091,0.17045454545454544,0.19181818181818186,0.0768181818181818,0.17363636363636362,0.04090909090909091,0.13272727272727272,0.09045454545454544,0.055909090909090915,1.62,0.056818181818181816,0.1509090909090909,37.629090909090905,0.09590909090909093,0.15727272727272726,61.13999999999999,0.0768181818181818,0.09272727272727271,82.3090909090909,0.011818181818181818,0.02909090909090909,0.5272727272727273,0.009090909090909092,0.09181818181818181,0.10545454545454547,0.055909090909090915,0.006363636363636364,0.5131818181818182
74,82,2018-12-05,8,1,2018-2019,Corinthians,Coop/São José Basketball,0,0.383,0.10049999999999999,0.207,0.0755,0.18,0.05449999999999999,0.1255,0.07949999999999999,0.07200000000000001,1.166,0.03350000000000001,0.10600000000000001,31.942999999999994,0.1035,0.21349999999999997,48.964,0.0755,0.09499999999999999,78.968,0.0085,0.03500000000000001,0.505,0.007499999999999998,0.11950000000000001,0.06399999999999999,0.07200000000000001,0.0095,0.41050000000000003,0.386,0.1305,0.18,0.07549999999999998,0.17900000000000005,0.0495,0.1295,0.08549999999999999,0.07699999999999999,1.137,0.0435,0.13949999999999999,32.024,0.09,0.17099999999999999,52.498000000000005,0.07549999999999998,0.0995,76.37299999999999,0.0045,0.036,0.48200000000000004,0.010999999999999998,0.1155,0.09799999999999999,0.07699999999999999,0.012999999999999998,0.4175
76,63,2018-12-05,8,1,2018-2019,Fortaleza B. C. / CFO,Brasília,1,0.355505,0.11249999999999998,0.19100500000000004,0.052000000000000005,0.196505,0.0635,0.13300499999999998,0.062005,0.073495,0.909,0.0375,0.11749499999999999,31.499000000000002,0.09549500000000001,0.20199999999999996,47.865,0.052000000000000005,0.079995,65.46000000000001,0.010005,0.033499999999999995,0.471,0.011495,0.096005,0.12200000000000003,0.073495,0.017499999999999998,0.37049499999999996,0.39499999999999996,0.15166666666666664,0.1611111111111111,0.08222222222222222,0.17666666666666667,0.050555555555555555,0.1261111111111111,0.07833333333333334,0.07111111111111111,1.1288888888888888,0.050555555555555555,0.13944444444444443,36.477777777777774,0.08055555555555555,0.1733333333333333,46.885555555555555,0.08222222222222222,0.10944444444444444,76.21111111111111,0.0033333333333333335,0.027777777777777776,0.38999999999999996,0.013888888888888888,0.11666666666666667,0.11888888888888889,0.07111111111111111,0.008333333333333333,0.41111111111111115
85,64,2018-12-06,8,1,2018-2019,Bauru Basket,Paulistano,1,0.36728181818181815,0.13090909090909095,0.16272727272727278,0.07364545454545456,0.1831818181818182,0.04364545454545454,0.13955,0.08135454545454546,0.06999545454545454,1.1954545454545455,0.04363181818181818,0.1259045454545455,34.79545454545455,0.08136363636363639,0.16682272727272726,48.651818181818186,0.07364545454545456,0.10045454545454545,73.17000000000002,0.004554545454545455,0.026822727272727276,0.39,0.007727272727272729,0.1036318181818182,0.07272727272727271,0.06999545454545454,0.015004545454545458,0.4013636363636363,0.40499999999999997,0.13800000000000004,0.183,0.08399999999999999,0.207,0.0605,0.14650000000000002,0.08,0.06700000000000002,1.238,0.046,0.15199999999999997,30.502000000000002,0.0915,0.174,52.656000000000006,0.08399999999999999,0.11200000000000002,75.07900000000001,0.0125,0.034499999999999996,0.526,0.011,0.10700000000000001,0.10400000000000001,0.06700000000000002,0.011,0.4534999999999999
81,67,2018-12-06,8,1,2018-2019,Mogi,Joinville / AABJ,1,0.437495,0.141,0.214005,0.082505,0.19100999999999999,0.053000000000000005,0.137995,0.10150500000000003,0.06799,1.542,0.047,0.11751,39.98099999999999,0.10699499999999999,0.19899499999999998,54.13099999999999,0.082505,0.1105,74.75099999999998,0.0069900000000000006,0.038,0.579,0.015510000000000001,0.098995,0.15399999999999997,0.06799,0.012999999999999998,0.5245,0.3688888888888888,0.16166666666666665,0.15110555555555552,0.05611666666666667,0.18777777777777777,0.06111666666666666,0.1266611111111111,0.07666666666666666,0.0683388888888889,1.2866666666666668,0.05388333333333333,0.14555555555555555,36.75666666666667,0.0755611111111111,0.16500555555555557,46.06666666666666,0.05611666666666667,0.08888333333333334,62.306666666666665,0.006105555555555555,0.037227777777777776,0.6222222222222222,0.008338888888888889,0.09166666666666666,0.08777777777777779,0.0683388888888889,0.012216666666666666,0.39555555555555555
66,60,2018-12-07,8,1,2018-2019,Fortaleza B. C. / CFO,R10 Score Vasco da Gama,1,0.3554590909090909,0.11249999999999999,0.1909136363636364,0.05204545454545455,0.19841363636363638,0.065,0.13341363636363635,0.06295909090909091,0.07295,0.9236363636363637,0.0375,0.11863181818181817,31.25818181818182,0.09545000000000002,0.20204545454545453,47.77818181818182,0.05204545454545455,0.0813590909090909,64.53272727272727,0.01045909090909091,0.03409090909090909,0.4818181818181818,0.011359090909090909,0.09523181818181818,0.12090909090909094,0.07295,0.017954545454545452,0.3715863636363636,0.36550000000000005,0.1125,0.183,0.06999999999999999,0.1835,0.05199999999999999,0.13149999999999998,0.08349999999999999,0.072,1.1780000000000002,0.0375,0.12,31.139,0.0915,0.19749999999999998,46.142,0.06999999999999999,0.10500000000000001,66.898,0.005,0.0355,0.505,0.007499999999999998,0.09799999999999999,0.079,0.072,0.012000000000000002,0.38
102,73,2018-12-07,8,1,2018-2019,Flamengo,Botafogo,1,0.39135454545454545,0.12818181818181815,0.19817272727272728,0.065,0.21544545454545458,0.06955454545454545,0.1459181818181818,0.0881818181818182,0.065,1.4100000000000001,0.042727272727272725,0.1427318181818182,30.40181818181818,0.09910000000000001,0.2022681818181818,49.35272727272727,0.065,0.085,76.36545454545454,0.004545454545454546,0.03863181818181818,0.6481818181818183,0.007736363636363635,0.09773181818181821,0.07909090909090909,0.065,0.009536363636363636,0.45272727272727276,0.3768181818181818,0.11795454545454546,0.20227272727272727,0.056590909090909094,0.1756818181818182,0.04954545454545454,0.12613636363636363,0.08795454545454547,0.07409090909090908,1.2781818181818183,0.039318181818181815,0.10522727272727271,37.07090909090909,0.10113636363636364,0.19749999999999998,51.306363636363635,0.056590909090909094,0.07954545454545454,70.44181818181818,0.011136363636363637,0.039090909090909086,0.5272727272727273,0.010227272727272725,0.11681818181818181,0.09090909090909091,0.07409090909090908,0.013863636363636366,0.4293181818181818
102,96,2018-12-08,8,1,2018-2019,Mogi,Corinthians,1,0.43931363636363635,0.13704545454545453,0.2186409090909091,0.08364090909090909,0.19137272727272725,0.053863636363636364,0.13749545454545456,0.10159545454545457,0.06635454545454546,1.5881818181818181,0.045681818181818185,0.11750909090909091,38.86090909090908,0.10931363636363636,0.2022681818181818,54.33545454545454,0.08364090909090909,0.1125,74.47363636363634,0.00680909090909091,0.03727272727272728,0.5809090909090908,0.015236363636363638,0.0995409090909091,0.15090909090909088,0.06635454545454546,0.012045454545454543,0.5243181818181818,0.3868181818181818,0.10090909090909089,0.2077272727272727,0.07818181818181819,0.18363636363636363,0.05659090909090909,0.12704545454545454,0.08159090909090909,0.0715909090909091,1.1981818181818182,0.033636363636363645,0.10727272727272728,31.690909090909088,0.10386363636363635,0.21340909090909088,49.11181818181819,0.07818181818181819,0.10045454545454544,77.94727272727273,0.008863636363636363,0.033863636363636374,0.4890909090909091,0.007499999999999999,0.12136363636363635,0.06272727272727273,0.0715909090909091,0.009772727272727273,0.41590909090909095
102,100,2018-12-08,8,1,2018-2019,Coop/São José Basketball,Joinville / AABJ,1,0.39272727272727276,0.12818181818181817,0.18545454545454546,0.07909090909090909,0.18000000000000005,0.049772727272727274,0.13022727272727272,0.08886363636363635,0.07522727272727271,1.2272727272727273,0.042727272727272725,0.1359090909090909,32.29454545454546,0.09272727272727273,0.17545454545454545,52.68454545454545,0.07909090909090909,0.10431818181818184,76.28545454545453,0.004318181818181818,0.035681818181818176,0.49000000000000005,0.010454545454545452,0.1175,0.09272727272727271,0.07522727272727271,0.012727272727272726,0.4295454545454545,0.3737499999999999,0.16124999999999998,0.153495,0.059004999999999995,0.187,0.059504999999999995,0.127495,0.07699999999999999,0.069255,1.2610000000000001,0.053745,0.14475,36.899,0.07675499999999999,0.165505,46.60699999999999,0.059004999999999995,0.09199500000000001,63.159000000000006,0.005745,0.036004999999999995,0.592,0.009755,0.09424999999999999,0.098,0.069255,0.012745000000000001,0.40049999999999997
88,77,2018-12-10,9,1,2018-2019,Brasília,Minas,1,0.38699999999999996,0.14699999999999996,0.15999999999999998,0.08,0.17250000000000001,0.0475,0.12499999999999997,0.078,0.072,1.1099999999999999,0.049,0.1375,35.747,0.07999999999999999,0.17049999999999998,47.36899999999999,0.08,0.1065,76.09,0.004,0.027000000000000003,0.376,0.0125,0.1165,0.10700000000000001,0.072,0.0095,0.399,0.39799999999999996,0.13799999999999998,0.181005,0.078995,0.18700500000000003,0.05149499999999999,0.135495,0.0865,0.066,1.351,0.046005000000000004,0.12950000000000003,35.193000000000005,0.09049499999999999,0.18200500000000003,49.995000000000005,0.078995,0.11149500000000001,70.425,0.010004999999999998,0.037004999999999996,0.599,0.010000000000000002,0.09899999999999999,0.10200000000000001,0.066,0.006995000000000001,0.44450499999999993
109,97,2018-12-10,9,1,2018-2019,Paulistano,Joinville / AABJ,1,0.3972727272727273,0.13909090909090913,0.17545454545454547,0.08272727272727272,0.20545454545454545,0.06136363636363637,0.14409090909090908,0.07681818181818183,0.06772727272727273,1.18,0.046363636363636364,0.15318181818181817,30.483636363636368,0.08772727272727274,0.17136363636363636,51.00363636363637,0.08272727272727272,0.11090909090909093,74.61727272727273,0.013636363636363636,0.034545454545454546,0.5209090909090909,0.010454545454545454,0.10818181818181817,0.09818181818181819,0.06772727272727273,0.010909090909090908,0.4377272727272727,0.3777272727272727,0.1609090909090909,0.15544999999999998,0.061368181818181815,0.18636363636363634,0.05818636363636364,0.12817727272727272,0.07727272727272726,0.07000454545454546,1.24,0.053631818181818176,0.14409090909090908,37.015454545454546,0.07773181818181818,0.16591363636363637,47.04909090909091,0.061368181818181815,0.0945409090909091,63.856363636363646,0.00545,0.035004545454545455,0.5672727272727273,0.010913636363636363,0.09636363636363635,0.10636363636363635,0.07000454545454546,0.01317727272727273,0.40454545454545454
65,71,2018-12-11,9,1,2018-2019,R10 Score Vasco da Gama,Pinheiros,0,0.35954545454545456,0.10772727272727273,0.1863636363636364,0.06545454545454545,0.1859090909090909,0.050454545454545446,0.13545454545454544,0.08227272727272726,0.07318181818181818,1.1454545454545455,0.03590909090909091,0.11863636363636364,30.04,0.0931818181818182,0.19772727272727272,46.94727272727273,0.06545454545454545,0.0990909090909091,65.36181818181818,0.005,0.035909090909090904,0.5018181818181818,0.007727272727272725,0.09681818181818182,0.08272727272727273,0.07318181818181818,0.012727272727272728,0.3772727272727272,0.4127318181818181,0.16227272727272726,0.18727727272727276,0.0631818181818182,0.16726818181818182,0.049095454545454546,0.11818636363636364,0.07317727272727272,0.05454090909090909,1.4945454545454544,0.05408636363636363,0.14455,37.4990909090909,0.09363181818181819,0.17818181818181816,53.20363636363636,0.0631818181818182,0.08181363636363635,76.64181818181818,0.004545454545454545,0.03818181818181818,0.7736363636363636,0.009995454545454545,0.0904590909090909,0.10727272727272727,0.05454090909090909,0.008636363636363635,0.4527272727272727
70,61,2018-12-12,9,1,2018-2019,Fortaleza B. C. / CFO,Minas,1,0.35542083333333335,0.11249999999999999,0.19083750000000002,0.052083333333333336,0.20000416666666665,0.06624999999999999,0.13375416666666665,0.06375416666666667,0.07249583333333333,0.9358333333333334,0.0375,0.11957916666666664,31.057500000000005,0.09541250000000001,0.2020833333333333,47.70583333333334,0.052083333333333336,0.08249583333333332,63.76,0.0108375,0.03458333333333333,0.4908333333333333,0.011245833333333332,0.09458749999999999,0.12000000000000004,0.07249583333333333,0.01833333333333333,0.3724958333333333,0.3948499999999999,0.13727272727272724,0.18000454545454544,0.07757272727272727,0.1857636363636364,0.05090454545454545,0.13484545454545455,0.08560454545454545,0.06696818181818182,1.319090909090909,0.04576363636363637,0.13000000000000003,34.91181818181819,0.08999545454545453,0.18151818181818183,49.82363636363637,0.07757272727272727,0.10893636363636365,70.93181818181819,0.00955,0.03773181818181818,0.5981818181818181,0.010000000000000002,0.09848636363636362,0.10272727272727274,0.06696818181818182,0.0074181818181818186,0.43909545454545446
87,75,2018-12-13,9,1,2018-2019,Coop/São José Basketball,Brasília,1,0.3983333333333334,0.12625,0.19000000000000003,0.08208333333333333,0.18083333333333337,0.049999999999999996,0.13083333333333333,0.09166666666666666,0.07375,1.3025,0.042083333333333334,0.13291666666666666,32.52,0.09500000000000001,0.17916666666666667,52.839999999999996,0.08208333333333333,0.10833333333333335,76.21249999999999,0.004166666666666667,0.03541666666666666,0.49666666666666676,0.009999999999999998,0.11916666666666666,0.08833333333333332,0.07375,0.012499999999999999,0.43958333333333327,0.38894090909090906,0.14590909090909088,0.16394090909090905,0.0790909090909091,0.17045454545454544,0.04651363636363637,0.12394090909090907,0.08090909090909092,0.07,1.2090909090909092,0.04863636363636364,0.13833181818181817,35.28636363636363,0.0819681818181818,0.17121363636363635,48.24545454545454,0.0790909090909091,0.10621363636363636,75.33090909090909,0.0036363636363636364,0.028636363636363637,0.42363636363636364,0.012272727272727274,0.11454545454545455,0.10727272727272728,0.07,0.009395454545454545,0.4046954545454545
76,91,2018-12-13,9,1,2018-2019,Botafogo,Pinheiros,0,0.37666666666666665,0.11750000000000001,0.2025,0.05666666666666667,0.1729166666666667,0.049166666666666664,0.12374999999999999,0.08708333333333335,0.07458333333333332,1.2525000000000002,0.03916666666666666,0.10374999999999997,37.553333333333335,0.10125,0.19791666666666666,51.24916666666667,0.05666666666666667,0.07958333333333333,70.56166666666667,0.010833333333333334,0.03875,0.5200000000000001,0.01,0.1175,0.08833333333333333,0.07458333333333332,0.013750000000000004,0.4254166666666667,0.41208749999999994,0.164375,0.1862541666666667,0.061458333333333344,0.16937083333333333,0.05167083333333333,0.11771250000000001,0.07353749999999999,0.05624583333333333,1.4558333333333333,0.05478749999999999,0.1475041666666667,37.26749999999999,0.09312083333333333,0.17770833333333333,52.99666666666667,0.061458333333333344,0.07957916666666666,76.69416666666666,0.005,0.03854166666666666,0.7566666666666667,0.009579166666666666,0.09021249999999999,0.10333333333333333,0.05624583333333333,0.009166666666666665,0.4510416666666666
75,88,2018-12-14,9,1,2018-2019,R10 Score Vasco da Gama,Mogi,0,0.35874999999999996,0.11062500000000001,0.18375,0.064375,0.185625,0.049999999999999996,0.13562499999999997,0.08208333333333331,0.07145833333333333,1.1766666666666667,0.036875,0.11895833333333333,30.768333333333334,0.091875,0.19833333333333333,46.185,0.064375,0.09604166666666668,66.915,0.004583333333333333,0.035625,0.5116666666666666,0.007708333333333331,0.095625,0.08333333333333333,0.07145833333333333,0.011875000000000002,0.378125,0.4408291666666666,0.13374999999999998,0.2225041666666667,0.0845875,0.19167499999999996,0.05458333333333334,0.13707916666666667,0.10167083333333336,0.06499166666666667,1.6266666666666667,0.044583333333333336,0.11750833333333333,37.927499999999995,0.11124583333333334,0.2049958333333333,54.50583333333333,0.0845875,0.11416666666666668,74.24249999999999,0.006658333333333335,0.036666666666666674,0.5824999999999999,0.015008333333333337,0.09999583333333334,0.14833333333333332,0.06499166666666667,0.011249999999999998,0.5241666666666666
87,83,2018-12-15,9,1,2018-2019,Corinthians,Bauru Basket,1,0.38999999999999996,0.10124999999999999,0.2083333333333333,0.08041666666666666,0.18666666666666668,0.05833333333333333,0.12833333333333333,0.08333333333333333,0.07125000000000001,1.2249999999999999,0.03375000000000001,0.10833333333333335,31.480833333333333,0.10416666666666664,0.2133333333333333,49.23500000000001,0.08041666666666666,0.10499999999999998,77.09666666666668,0.009166666666666667,0.03291666666666668,0.47583333333333333,0.0075,0.12291666666666667,0.06166666666666667,0.07125000000000001,0.01,0.42041666666666666,0.37209166666666665,0.13250000000000003,0.16500000000000004,0.07459166666666667,0.18583333333333332,0.04500833333333334,0.1408375,0.08290833333333333,0.06999583333333333,1.215,0.0441625,0.1258291666666667,35.229166666666664,0.08250000000000002,0.16750416666666665,49.12166666666667,0.07459166666666667,0.10291666666666666,72.52083333333334,0.005425,0.0283375,0.41083333333333333,0.008333333333333335,0.10582916666666668,0.07666666666666665,0.06999583333333333,0.01500416666666667,0.4120833333333333
80,91,2018-12-15,9,1,2018-2019,Minas,Flamengo,0,0.3922249999999999,0.13666666666666663,0.1791708333333333,0.0763875,0.18472916666666672,0.0504125,0.13430416666666667,0.08485833333333333,0.067775,1.2925,0.045562500000000006,0.1304166666666667,34.67750000000001,0.08957916666666665,0.1811125,49.68083333333334,0.0763875,0.10680416666666669,71.35416666666667,0.009170833333333333,0.0383375,0.5975,0.01,0.09805833333333332,0.10333333333333335,0.067775,0.007770833333333334,0.4345874999999999,0.40124166666666666,0.13374999999999998,0.19915833333333333,0.06833333333333334,0.21290833333333337,0.06959166666666666,0.14334166666666665,0.09375,0.065,1.4908333333333335,0.04458333333333333,0.14292083333333336,31.60416666666666,0.09959166666666668,0.1991625,50.54333333333333,0.06833333333333334,0.08833333333333333,77.00166666666667,0.004166666666666667,0.037912499999999995,0.6325000000000001,0.007508333333333332,0.09750416666666668,0.07666666666666667,0.065,0.009158333333333333,0.47000000000000003
83,82,2018-12-15,9,1,2018-2019,Paulistano,Brasília,1,0.4041666666666666,0.141875,0.18041666666666667,0.08187499999999999,0.206875,0.06145833333333334,0.14541666666666667,0.08145833333333334,0.06770833333333334,1.2449999999999999,0.04729166666666667,0.15104166666666666,31.70166666666667,0.09020833333333333,0.17416666666666666,51.53000000000001,0.08187499999999999,0.11104166666666669,73.76916666666666,0.014791666666666667,0.033125,0.4991666666666666,0.011666666666666667,0.1075,0.11083333333333334,0.06770833333333334,0.010625,0.4522916666666666,0.39055833333333334,0.145,0.16722499999999996,0.07833333333333335,0.16874999999999998,0.045691666666666665,0.12305833333333333,0.08333333333333333,0.06833333333333334,1.2916666666666667,0.04833333333333334,0.13902499999999998,34.902499999999996,0.08360833333333333,0.17180833333333334,48.97583333333333,0.07833333333333335,0.105975,74.69833333333334,0.0033333333333333335,0.03,0.4633333333333334,0.012083333333333335,0.11291666666666667,0.10750000000000003,0.06833333333333334,0.009308333333333333,0.40944166666666665
80,95,2018-12-18,9,1,2018-2019,Joinville / AABJ,Sesi Franca,0,0.38312499999999994,0.16374999999999998,0.15916249999999998,0.060212499999999995,0.18354166666666663,0.0577125,0.1258291666666667,0.07687499999999999,0.06812916666666667,1.2641666666666667,0.05457916666666666,0.14479166666666668,37.4825,0.07958749999999999,0.1685458333333333,47.3475,0.060212499999999995,0.09249583333333335,64.19000000000001,0.005412500000000001,0.03417083333333334,0.5641666666666667,0.0108375,0.09874999999999999,0.10416666666666667,0.06812916666666667,0.01270416666666667,0.408125,0.4354166666666666,0.1625,0.19666666666666668,0.07624999999999998,0.17499999999999996,0.04083333333333333,0.13416666666666666,0.0895833333333333,0.05791666666666667,1.5683333333333334,0.05416666666666667,0.14708333333333334,36.4775,0.09833333333333334,0.16041666666666668,61.38666666666666,0.07624999999999998,0.09124999999999998,83.22749999999999,0.012499999999999999,0.02791666666666667,0.49916666666666676,0.00875,0.09125,0.10166666666666668,0.05791666666666667,0.006666666666666667,0.5079166666666667
82,78,2019-01-05,1,2,2018-2019,Paulistano,Corinthians,1,0.41000000000000003,0.14423076923076922,0.1846153846153846,0.08115384615384615,0.20807692307692308,0.06153846153846154,0.14653846153846153,0.08538461538461539,0.0676923076923077,1.2999999999999998,0.04807692307692308,0.14923076923076922,32.7323076923077,0.0923076923076923,0.17653846153846153,51.97538461538463,0.08115384615384615,0.11115384615384617,73.05153846153847,0.015769230769230768,0.03192307692307693,0.4807692307692307,0.012692307692307694,0.10692307692307693,0.12153846153846154,0.0676923076923077,0.010384615384615384,0.46461538461538454,0.3934615384615384,0.1026923076923077,0.20769230769230768,0.08307692307692308,0.18615384615384617,0.05730769230769231,0.12884615384615386,0.08499999999999999,0.07,1.2776923076923077,0.03423076923076924,0.10923076923076926,31.62307692307692,0.10384615384615384,0.20999999999999996,49.9723076923077,0.08307692307692308,0.10653846153846153,78.24307692307693,0.008846153846153847,0.03230769230769232,0.47384615384615386,0.007307692307692308,0.12153846153846154,0.06076923076923077,0.07,0.009615384615384616,0.4288461538461539
88,82,2019-01-07,1,2,2018-2019,Mogi,Coop/São José Basketball,1,0.4407653846153846,0.13615384615384613,0.22308076923076925,0.08154230769230769,0.19539230769230767,0.05538461538461538,0.13999615384615385,0.10500384615384618,0.06345384615384617,1.7492307692307691,0.04538461538461539,0.11923846153846154,38.03230769230769,0.11153461538461538,0.2053807692307692,54.52538461538461,0.08154230769230769,0.11038461538461539,73.85692307692307,0.006146153846153847,0.03538461538461539,0.5715384615384614,0.016161538461538463,0.09961153846153846,0.16153846153846152,0.06345384615384617,0.010384615384615383,0.5319230769230768,0.40115384615384614,0.12692307692307692,0.19461538461538463,0.07961538461538462,0.1811538461538462,0.04807692307692308,0.13307692307692306,0.09346153846153846,0.07423076923076923,1.313076923076923,0.04230769230769231,0.1323076923076923,32.78769230769231,0.09730769230769232,0.17807692307692308,54.60307692307692,0.07961538461538462,0.10500000000000001,76.26692307692306,0.004615384615384616,0.034230769230769224,0.47769230769230775,0.009999999999999998,0.11807692307692307,0.08923076923076922,0.07423076923076923,0.013076923076923076,0.44807692307692304
97,82,2019-01-08,1,2,2018-2019,Corinthians,Minas,1,0.39428571428571424,0.10357142857142856,0.20618928571428569,0.084525,0.18392857142857144,0.05618928571428571,0.12773928571428572,0.08476071428571429,0.0697607142857143,1.2742857142857142,0.03452500000000001,0.10976071428571431,31.71142857142857,0.10309642857142856,0.20833214285714283,49.97428571428572,0.084525,0.10797499999999997,78.48142857142857,0.009285714285714286,0.03392857142857144,0.4992857142857143,0.007382142857142857,0.12166785714285715,0.06142857142857144,0.0697607142857143,0.009642857142857144,0.4298821428571428,0.39000384615384603,0.13615384615384613,0.17846538461538458,0.07538461538461538,0.1838538461538462,0.04999615384615385,0.13384615384615384,0.08422692307692306,0.0684576923076923,1.2699999999999998,0.0453923076923077,0.1307692307692308,34.47923076923078,0.08922692307692306,0.18076923076923077,49.56000000000001,0.07538461538461538,0.10500000000000001,71.71153846153847,0.00885,0.03885,0.5969230769230769,0.01,0.09769615384615384,0.10384615384615387,0.0684576923076923,0.00806923076923077,0.4307730769230768
82,88,2019-01-09,1,2,2018-2019,R10 Score Vasco da Gama,Bauru Basket,0,0.358076923076923,0.11307692307692309,0.18153846153846154,0.06346153846153846,0.1853846153846154,0.04961538461538462,0.13576923076923075,0.0819230769230769,0.06999999999999999,1.2030769230769232,0.03769230769230769,0.11923076923076924,31.384615384615383,0.09076923076923077,0.19884615384615384,45.54,0.06346153846153846,0.09346153846153847,68.22923076923077,0.004230769230769231,0.03538461538461538,0.52,0.007692307692307691,0.09461538461538462,0.08384615384615385,0.06999999999999999,0.011153846153846155,0.37884615384615383,0.3753923076923077,0.13153846153846158,0.1684615384615385,0.07539230769230769,0.185,0.04616153846153847,0.13885,0.08422307692307693,0.06768846153846154,1.3138461538461539,0.043842307692307694,0.12730384615384618,34.64153846153846,0.08423076923076925,0.16923461538461534,49.59384615384616,0.07539230769230769,0.10346153846153847,72.88615384615386,0.0050076923076923085,0.02885,0.44692307692307687,0.008461538461538463,0.1069192307692308,0.0769230769230769,0.06768846153846154,0.014234615384615389,0.41692307692307684
65,77,2019-01-09,1,2,2018-2019,Fortaleza B. C. / CFO,Paulistano,0,0.35500384615384617,0.11538461538461536,0.1900038461538462,0.04961538461538462,0.2015423076923077,0.06692307692307692,0.13461923076923077,0.06384999999999999,0.07461153846153847,0.9138461538461539,0.03846153846153846,0.11961153846153845,31.87384615384616,0.09499615384615387,0.2015384615384615,47.58615384615385,0.04961538461538462,0.08230384615384614,60.77846153846154,0.010773076923076923,0.035384615384615375,0.4876923076923077,0.01038076923076923,0.09461923076923076,0.1107692307692308,0.07461153846153847,0.01846153846153846,0.3699961538461538,0.41118928571428576,0.1467857142857143,0.18357142857142855,0.08083214285714287,0.20904642857142858,0.06166785714285715,0.14738214285714285,0.08523928571428573,0.06868928571428572,1.2799999999999998,0.04892857142857143,0.14988214285714285,33.10071428571429,0.09178571428571428,0.17488214285714285,52.22214285714286,0.08083214285714287,0.11035714285714289,73.31000000000002,0.015239285714285714,0.03142857142857143,0.46857142857142847,0.012739285714285715,0.10642857142857144,0.12214285714285714,0.06868928571428572,0.010357142857142858,0.46666785714285713
84,90,2019-01-10,1,2,2018-2019,Joinville / AABJ,Mogi,0,0.3876923076923076,0.16615384615384612,0.16230384615384616,0.05923461538461538,0.1811538461538461,0.05731153846153846,0.12384230769230771,0.07653846153846153,0.06654230769230769,1.2846153846153845,0.05538076923076922,0.1453846153846154,37.87769230769231,0.0811576923076923,0.1707730769230769,47.599999999999994,0.05923461538461538,0.09076538461538464,64.4723076923077,0.0053807692307692315,0.03346538461538462,0.5615384615384615,0.010773076923076923,0.10076923076923075,0.10230769230769231,0.06654230769230769,0.012303846153846157,0.41115384615384615,0.4410678571428571,0.13285714285714284,0.22607500000000003,0.08214642857142858,0.19661428571428569,0.05535714285714286,0.14124642857142858,0.10553928571428574,0.06535,1.7135714285714285,0.044285714285714296,0.11750714285714285,37.57142857142857,0.11303214285714287,0.20624642857142853,54.98214285714285,0.08214642857142858,0.11178571428571428,73.52642857142857,0.006421428571428572,0.03553571428571429,0.5607142857142856,0.017150000000000002,0.09946071428571428,0.17214285714285713,0.06535,0.01089285714285714,0.5335714285714285
87,75,2019-01-10,1,2,2018-2019,Pinheiros,Minas,1,0.41154230769230765,0.16615384615384615,0.18538846153846153,0.06000000000000001,0.17114999999999997,0.053849999999999995,0.11731153846153848,0.0738423076923077,0.05768846153846153,1.4230769230769231,0.05538076923076922,0.15000384615384615,37.07153846153846,0.09268846153846154,0.17730769230769228,52.821538461538466,0.06000000000000001,0.07768846153846153,76.73846153846154,0.005384615384615384,0.038846153846153836,0.7423076923076923,0.009226923076923077,0.09000384615384614,0.1,0.05768846153846153,0.009615384615384614,0.4496153846153846,0.39018214285714276,0.1339285714285714,0.17821785714285712,0.07803571428571429,0.18215000000000006,0.049282142857142865,0.13285714285714284,0.08410357142857142,0.06963928571428571,1.2485714285714284,0.04465000000000001,0.12892857142857145,34.39714285714287,0.08910357142857141,0.17982142857142858,49.751428571428576,0.07803571428571429,0.10821428571428572,71.94642857142857,0.008932142857142857,0.03893214285714286,0.5878571428571429,0.010357142857142858,0.1005392857142857,0.10428571428571431,0.06963928571428571,0.008742857142857142,0.4296464285714285
71,97,2019-01-11,1,2,2018-2019,Brasília,Paulistano,0,0.3919269230769231,0.14423076923076922,0.17000384615384612,0.07769230769230771,0.1673076923076923,0.044996153846153845,0.12231153846153846,0.08538461538461539,0.06692307692307693,1.3615384615384616,0.04807692307692309,0.13961153846153845,34.57769230769231,0.08499615384615383,0.17231153846153846,49.593846153846144,0.07769230769230771,0.10577307692307693,74.16307692307693,0.003076923076923077,0.03115384615384615,0.49692307692307697,0.011923076923076925,0.11153846153846153,0.10769230769230773,0.06692307692307693,0.009234615384615385,0.41345769230769225,0.4122200000000001,0.14900000000000002,0.18266666666666664,0.08055333333333332,0.20988666666666667,0.06178000000000001,0.14811333333333332,0.08511333333333335,0.06955333333333334,1.2626666666666666,0.04966666666666667,0.15044666666666667,33.42,0.09133333333333332,0.17344666666666667,52.43600000000001,0.08055333333333332,0.1096666666666667,73.53400000000002,0.014779999999999998,0.031000000000000007,0.4579999999999999,0.012780000000000001,0.10600000000000002,0.12266666666666666,0.06955333333333334,0.010333333333333335,0.4684466666666667
74,80,2019-01-11,1,2,2018-2019,Botafogo,Bauru Basket,0,0.37692307692307686,0.11653846153846155,0.20230769230769233,0.058076923076923075,0.17192307692307696,0.049999999999999996,0.12192307692307693,0.08653846153846155,0.07653846153846153,1.2176923076923079,0.03884615384615385,0.10307692307692305,37.49846153846154,0.10115384615384616,0.19653846153846155,51.58076923076923,0.058076923076923075,0.08115384615384615,70.90307692307692,0.010384615384615384,0.03884615384615385,0.5107692307692309,0.009615384615384616,0.11499999999999999,0.08615384615384616,0.07653846153846153,0.01384615384615385,0.4234615384615385,0.3785785714285714,0.13125000000000003,0.17035714285714287,0.07697142857142857,0.18517857142857141,0.04518571428571429,0.14000357142857142,0.08445714285714286,0.06749642857142857,1.3164285714285717,0.043746428571428575,0.12696071428571432,34.644999999999996,0.08517857142857144,0.16911071428571425,50.20928571428572,0.07697142857142857,0.10625,72.56714285714285,0.0048285714285714295,0.030003571428571428,0.4642857142857143,0.008928571428571428,0.1069607142857143,0.0814285714285714,0.06749642857142857,0.01411071428571429,0.42249999999999993
68,91,2019-01-12,1,2,2018-2019,Corinthians,Flamengo,0,0.39499999999999996,0.10433333333333333,0.20488666666666663,0.08578000000000001,0.182,0.05522,0.12678,0.08455333333333333,0.06955333333333334,1.2713333333333334,0.03478000000000001,0.11022000000000001,31.788,0.10244666666666666,0.20688666666666666,49.976000000000006,0.08578000000000001,0.10921999999999997,78.688,0.009666666666666667,0.03533333333333334,0.5213333333333333,0.0074466666666666665,0.12178000000000001,0.06200000000000001,0.06955333333333334,0.009666666666666667,0.43078,0.4053769230769231,0.13384615384615384,0.2023,0.06923076923076923,0.2138384615384616,0.0700076923076923,0.14385384615384614,0.09653846153846153,0.06384615384615386,1.5761538461538462,0.04461538461538461,0.14385,31.406153846153845,0.10116153846153847,0.19961153846153845,51.15846153846154,0.06923076923076923,0.08884615384615385,77.55615384615385,0.0038461538461538464,0.03730384615384615,0.6300000000000001,0.0076999999999999985,0.0969269230769231,0.07923076923076923,0.06384615384615386,0.008838461538461538,0.47923076923076924
82,74,2019-01-12,1,2,2018-2019,Sesi Franca,Fortaleza B. C. / CFO,1,0.4384615384615384,0.16038461538461538,0.1984615384615385,0.07961538461538459,0.17346153846153842,0.039615384615384615,0.13384615384615384,0.08769230769230767,0.05807692307692309,1.5307692307692307,0.05346153846153846,0.14615384615384616,36.23538461538461,0.09923076923076925,0.15961538461538463,62.30538461538462,0.07961538461538459,0.09499999999999999,83.41846153846153,0.011538461538461537,0.027692307692307697,0.49307692307692313,0.008076923076923077,0.08884615384615385,0.09384615384615386,0.05807692307692309,0.007692307692307693,0.5080769230769231,0.35446785714285717,0.11410714285714284,0.1907178571428572,0.04964285714285715,0.19839642857142858,0.06499999999999999,0.13339642857142855,0.06286071428571428,0.07356785714285714,0.9078571428571429,0.038035714285714284,0.11910357142857142,31.66071428571429,0.09535357142857145,0.20124999999999998,47.80357142857143,0.04964285714285715,0.081425,61.53928571428571,0.010539285714285715,0.03535714285714285,0.4942857142857143,0.010710714285714283,0.09500357142857142,0.11357142857142859,0.07356785714285714,0.017678571428571425,0.3683892857142857
81,92,2019-01-14,2,2,2018-2019,Joinville / AABJ,R10 Score Vasco da Gama,0,0.38999999999999996,0.16821428571428568,0.16428214285714285,0.057503571428571425,0.17892857142857138,0.05714642857142858,0.12178214285714287,0.07428571428571427,0.06714642857142857,1.2357142857142858,0.05606785714285713,0.14785714285714288,37.75142857142857,0.08214642857142858,0.1739321428571428,47.35642857142857,0.057503571428571425,0.08749642857142859,65.42285714285715,0.005710714285714286,0.03678928571428571,0.597857142857143,0.010717857142857144,0.10285714285714286,0.10071428571428573,0.06714642857142857,0.012496428571428575,0.40928571428571425,0.36178571428571427,0.11464285714285716,0.18285714285714286,0.06428571428571428,0.1892857142857143,0.05285714285714286,0.1364285714285714,0.08285714285714284,0.06999999999999999,1.2142857142857142,0.038214285714285715,0.12178571428571429,31.21642857142857,0.09142857142857143,0.20142857142857143,45.326428571428565,0.06428571428571428,0.09392857142857144,68.71285714285715,0.003928571428571429,0.03571428571428571,0.5235714285714286,0.007499999999999999,0.09464285714285714,0.08142857142857143,0.06999999999999999,0.010714285714285716,0.38392857142857145
81,73,2019-01-14,2,2,2018-2019,Pinheiros,Flamengo,1,0.4132178571428571,0.1660714285714286,0.1842892857142857,0.06285714285714286,0.17178214285714286,0.054646428571428575,0.11714642857142858,0.073925,0.05963928571428571,1.3842857142857141,0.055353571428571426,0.15071785714285715,36.87928571428571,0.09213928571428572,0.17571428571428568,52.96571428571429,0.06285714285714286,0.08249642857142857,76.18357142857143,0.005357142857142857,0.03928571428571428,0.7271428571428571,0.008567857142857143,0.0917892857142857,0.09285714285714286,0.05963928571428571,0.010714285714285714,0.4482142857142857,0.40892142857142855,0.13499999999999998,0.20427857142857145,0.06964285714285715,0.21177857142857145,0.06822142857142857,0.1435785714285714,0.09678571428571428,0.06535714285714286,1.547857142857143,0.045,0.1403607142857143,32.92214285714285,0.10215,0.19928214285714282,51.71642857142857,0.06964285714285715,0.08964285714285715,77.37357142857142,0.005,0.03678214285714286,0.6100000000000001,0.007149999999999998,0.0971464285714286,0.07357142857142858,0.06535714285714286,0.008564285714285715,0.48321428571428576
82,71,2019-01-14,2,2,2018-2019,Bauru Basket,Fortaleza B. C. / CFO,1,0.38133999999999996,0.13100000000000003,0.17200000000000001,0.07833999999999999,0.18533333333333332,0.044340000000000004,0.14100333333333334,0.08465999999999999,0.06732999999999999,1.3186666666666669,0.04366333333333334,0.12666333333333338,34.648,0.08600000000000001,0.1690033333333333,50.74266666666667,0.07833999999999999,0.10866666666666668,72.29066666666668,0.004673333333333334,0.03100333333333333,0.4793333333333333,0.009333333333333334,0.10699666666666667,0.08533333333333332,0.06732999999999999,0.014003333333333338,0.4273333333333333,0.35400333333333334,0.11299999999999998,0.19133666666666674,0.04966666666666667,0.19567000000000004,0.06333333333333332,0.13233666666666666,0.062003333333333334,0.07266333333333333,0.9026666666666667,0.03766666666666666,0.11866333333333333,31.476000000000003,0.09566333333333336,0.20099999999999998,47.992,0.04966666666666667,0.08066333333333334,62.19866666666667,0.010336666666666668,0.03533333333333333,0.5,0.010996666666666665,0.09533666666666667,0.11600000000000002,0.07266333333333333,0.016999999999999998,0.3669966666666667
76,80,2019-01-15,2,2,2018-2019,Brasília,Mogi,0,0.3892892857142858,0.1414285714285714,0.1714321428571428,0.07642857142857144,0.1664285714285714,0.044639285714285715,0.12178928571428571,0.08357142857142859,0.06714285714285716,1.3257142857142856,0.04714285714285715,0.13749642857142857,34.380714285714284,0.08571071428571428,0.173575,49.622857142857136,0.07642857142857144,0.10500357142857143,73.37714285714286,0.0032142857142857142,0.030714285714285715,0.4871428571428572,0.013214285714285717,0.11107142857142857,0.12071428571428575,0.06714285714285716,0.009646428571428571,0.4085678571428571,0.44133,0.13,0.22867000000000004,0.08267000000000001,0.1976733333333333,0.05533333333333334,0.14233,0.10600333333333337,0.06699333333333334,1.6826666666666665,0.04333333333333334,0.11600666666666666,37.172000000000004,0.11433000000000001,0.2069966666666666,55.37799999999999,0.08267000000000001,0.11299999999999999,73.24,0.00666,0.035666666666666666,0.5513333333333333,0.018006666666666667,0.09932999999999999,0.18133333333333332,0.06699333333333334,0.011333333333333332,0.5349999999999999
75,80,2019-01-16,2,2,2018-2019,Minas,Coop/São José Basketball,0,0.39033666666666655,0.13199999999999998,0.1780033333333333,0.08033333333333334,0.1806733333333334,0.04866333333333334,0.132,0.08399666666666666,0.07066333333333333,1.2299999999999998,0.04400666666666667,0.12733333333333335,34.32600000000001,0.08899666666666664,0.179,49.91733333333334,0.08033333333333334,0.111,72.15,0.009003333333333334,0.03900333333333334,0.5800000000000001,0.010666666666666668,0.10300333333333332,0.1046666666666667,0.07066333333333333,0.009326666666666667,0.42866999999999994,0.4017857142857143,0.1275,0.1935714285714286,0.08071428571428571,0.18285714285714288,0.04964285714285715,0.1332142857142857,0.09535714285714285,0.07464285714285714,1.3264285714285715,0.0425,0.13214285714285715,32.91857142857143,0.0967857142857143,0.17857142857142858,54.177857142857135,0.08071428571428571,0.10714285714285716,75.84571428571427,0.005,0.03428571428571429,0.4750000000000001,0.009642857142857142,0.1182142857142857,0.08571428571428572,0.07464285714285714,0.013214285714285715,0.4499999999999999
77,80,2019-01-16,2,2,2018-2019,Corinthians,Pinheiros,0,0.39483333333333337,0.10599999999999997,0.20233,0.08650333333333333,0.18066666666666664,0.05416333333333333,0.12650333333333336,0.08583,0.07116333333333334,1.2553333333333332,0.035336666666666676,0.11116333333333334,32.02733333333334,0.10117,0.2034966666666667,50.15133333333334,0.08650333333333333,0.11016333333333332,78.64533333333334,0.010166666666666668,0.03700000000000001,0.5293333333333333,0.007503333333333334,0.12117000000000003,0.06266666666666668,0.07116333333333334,0.010000000000000002,0.43217,0.4125033333333333,0.167,0.18200333333333332,0.06350000000000001,0.17266333333333334,0.05433666666666667,0.11833666666666669,0.07349666666666668,0.059329999999999994,1.3739999999999999,0.05566333333333332,0.14900333333333335,37.620666666666665,0.09099666666666666,0.17633333333333331,52.13733333333334,0.06350000000000001,0.08466333333333333,75.30733333333333,0.005166666666666667,0.03833333333333333,0.7086666666666666,0.008663333333333334,0.09233666666666666,0.09333333333333334,0.059329999999999994,0.011,0.4461666666666666
78,84,2019-01-17,2,2,2018-2019,R10 Score Vasco da Gama,Sesi Franca,0,0.36599999999999994,0.11400000000000002,0.186,0.06599999999999999,0.19133333333333338,0.05416666666666667,0.13716666666666663,0.08266666666666665,0.0705,1.2020000000000002,0.038000000000000006,0.12166666666666667,31.08,0.093,0.2023333333333333,45.870666666666665,0.06599999999999999,0.09566666666666666,69.132,0.0036666666666666666,0.0355,0.5166666666666667,0.006999999999999998,0.09566666666666666,0.07600000000000001,0.0705,0.010500000000000002,0.3891666666666667,0.4364285714285714,0.15857142857142856,0.20000000000000004,0.07785714285714283,0.1721428571428571,0.03928571428571429,0.13285714285714284,0.08714285714285712,0.058214285714285725,1.5164285714285712,0.052857142857142866,0.1442857142857143,36.325714285714284,0.10000000000000002,0.16,62.61714285714286,0.07785714285714283,0.09321428571428571,83.07214285714284,0.01107142857142857,0.028571428571428574,0.5057142857142858,0.007857142857142858,0.08785714285714286,0.09214285714285717,0.058214285714285725,0.008928571428571428,0.5064285714285715
60,73,2019-01-17,2,2,2018-2019,Fortaleza B. C. / CFO,Mogi,0,0.35228,0.11249999999999999,0.1924466666666667,0.04733333333333334,0.19444666666666674,0.06266666666666666,0.13177999999999998,0.06294666666666668,0.07138666666666668,0.9480000000000002,0.0375,0.12038666666666667,30.944666666666667,0.09622000000000001,0.19966666666666663,48.55266666666667,0.04733333333333334,0.07738666666666667,61.56933333333334,0.009780000000000002,0.036333333333333336,0.5306666666666666,0.011553333333333334,0.09544666666666667,0.12200000000000001,0.07138666666666668,0.016666666666666666,0.3688866666666667,0.43772,0.12983333333333333,0.22544666666666666,0.08244666666666665,0.19761666666666663,0.05361000000000001,0.1439966666666667,0.10300333333333335,0.06738333333333334,1.6226666666666665,0.04327666666666667,0.11461666666666666,37.752,0.11272,0.2040533333333333,55.29066666666666,0.08244666666666665,0.11405666666666665,72.21066666666667,0.006716666666666667,0.035109999999999995,0.5386666666666665,0.017450000000000004,0.09816333333333332,0.17600000000000002,0.06738333333333334,0.011110000000000002,0.5282233333333333
96,83,2019-01-18,2,2,2018-2019,Flamengo,Coop/São José Basketball,1,0.4098266666666667,0.13349999999999998,0.20566,0.07066666666666667,0.21132666666666672,0.06834,0.14300666666666662,0.09549999999999999,0.066,1.5133333333333334,0.0445,0.13833666666666666,33.0,0.10284000000000001,0.19899666666666663,52.11466666666667,0.07066666666666667,0.09100000000000001,77.36666666666666,0.004833333333333334,0.03583,0.5893333333333335,0.007006666666666665,0.0978366666666667,0.07200000000000001,0.066,0.008326666666666668,0.4828333333333334,0.4021666666666667,0.1265,0.19400000000000003,0.08166666666666665,0.17900000000000002,0.04783333333333333,0.13116666666666665,0.09633333333333334,0.07466666666666666,1.3359999999999999,0.04216666666666667,0.13116666666666668,32.851333333333336,0.09700000000000002,0.177,54.86733333333333,0.08166666666666665,0.10816666666666669,75.9593333333333,0.005000000000000001,0.0355,0.4900000000000001,0.009166666666666665,0.11899999999999998,0.08133333333333333,0.07466666666666666,0.013166666666666667,0.4506666666666666
69,71,2019-01-19,2,2,2018-2019,Botafogo,Sesi Franca,0,0.3764285714285714,0.1167857142857143,0.20214285714285718,0.0575,0.17285714285714288,0.049999999999999996,0.12285714285714286,0.08607142857142859,0.07535714285714286,1.225714285714286,0.03892857142857143,0.1064285714285714,36.725,0.10107142857142859,0.19535714285714287,51.864999999999995,0.0575,0.08392857142857142,68.815,0.01,0.038571428571428576,0.5157142857142858,0.009642857142857144,0.11714285714285713,0.085,0.07535714285714286,0.014642857142857147,0.4189285714285715,0.43316666666666664,0.15899999999999997,0.1966666666666667,0.07749999999999997,0.17199999999999996,0.03900000000000001,0.13299999999999998,0.08683333333333332,0.05816666666666668,1.5106666666666664,0.05300000000000001,0.14466666666666667,36.34866666666666,0.09833333333333336,0.15866666666666668,62.014,0.07749999999999997,0.09366666666666666,82.36733333333332,0.010666666666666666,0.02866666666666667,0.5066666666666667,0.007833333333333335,0.08766666666666666,0.09200000000000003,0.05816666666666668,0.0085,0.5013333333333333
80,89,2019-01-19,2,2,2018-2019,Joinville / AABJ,Minas,0,0.39083333333333325,0.16499999999999998,0.16799666666666668,0.05783666666666666,0.1786666666666666,0.057170000000000006,0.12149666666666667,0.07316666666666666,0.06717,1.2100000000000002,0.05499666666666666,0.14750000000000002,37.106,0.08400333333333335,0.17583666666666664,47.82066666666667,0.05783666666666666,0.08716333333333334,66.11200000000001,0.00583,0.03733666666666667,0.6026666666666667,0.011336666666666667,0.10366666666666666,0.10533333333333333,0.06717,0.012163333333333337,0.4096666666666666,0.39316999999999996,0.13299999999999998,0.18133666666666665,0.07883333333333334,0.1825066666666667,0.05133000000000001,0.13116666666666668,0.08532999999999999,0.06899666666666665,1.2746666666666664,0.044340000000000004,0.12800000000000003,34.42600000000001,0.09066333333333332,0.1825,49.82600000000001,0.07883333333333334,0.1105,71.09866666666667,0.009336666666666667,0.038503333333333334,0.582,0.010166666666666668,0.10200333333333332,0.10000000000000005,0.06899666666666665,0.008493333333333334,0.43216999999999994
65,64,2019-01-21,3,2,2018-2019,Mogi,Minas,1,0.43411000000000016,0.12966666666666668,0.22222333333333333,0.08222333333333333,0.19755999999999993,0.051886666666666664,0.14566333333333334,0.10000333333333335,0.06777333333333332,1.5626666666666664,0.04322,0.11322666666666666,38.332,0.11111,0.20110999999999998,55.20333333333333,0.08222333333333333,0.11511333333333335,71.18133333333334,0.0067733333333333335,0.03455333333333334,0.526,0.016893333333333333,0.09699666666666665,0.17066666666666666,0.06777333333333332,0.010886666666666666,0.5214466666666666,0.3960033333333334,0.13399999999999995,0.18467,0.07733333333333334,0.18434000000000003,0.05399666666666667,0.13033333333333333,0.08666333333333333,0.06732999999999999,1.3193333333333332,0.04467333333333333,0.12866666666666665,34.526,0.09233,0.186,49.734666666666676,0.07733333333333334,0.10999999999999997,70.04733333333334,0.009670000000000002,0.038003333333333326,0.5839999999999999,0.009666666666666665,0.10100333333333333,0.09533333333333335,0.06732999999999999,0.007660000000000001,0.43567
75,76,2019-01-22,3,2,2018-2019,Bauru Basket,Brasília,0,0.3816733333333334,0.13299999999999998,0.1693333333333333,0.07934,0.188,0.043006666666666665,0.14500333333333332,0.08465999999999999,0.06666333333333332,1.334666666666667,0.044329999999999994,0.1269966666666667,35.07,0.08466666666666665,0.16733666666666666,50.46533333333334,0.07934,0.10933333333333334,72.80599999999998,0.005006666666666668,0.03033666666666666,0.47599999999999987,0.009000000000000001,0.10599666666666668,0.08266666666666665,0.06666333333333332,0.01333666666666667,0.431,0.38867000000000007,0.142,0.1713366666666666,0.07533333333333335,0.16499999999999998,0.04333,0.12167,0.081,0.06600000000000002,1.2973333333333332,0.047333333333333345,0.13933,34.108666666666664,0.08566333333333333,0.17167000000000002,50.22266666666666,0.07533333333333335,0.10333666666666667,73.48533333333333,0.003333333333333333,0.030333333333333334,0.4880000000000001,0.012666666666666668,0.112,0.11533333333333336,0.06600000000000002,0.009670000000000002,0.4049966666666666
78,69,2019-01-22,3,2,2018-2019,Botafogo,Fortaleza B. C. / CFO,1,0.3743333333333333,0.11500000000000002,0.2026666666666667,0.05666666666666667,0.1736666666666667,0.051,0.12266666666666666,0.0856666666666667,0.074,1.2406666666666668,0.03833333333333334,0.10766666666666663,35.876666666666665,0.10133333333333334,0.19533333333333333,51.99733333333333,0.05666666666666667,0.08199999999999999,69.682,0.009666666666666667,0.03766666666666667,0.5113333333333334,0.009333333333333334,0.11699999999999999,0.08200000000000002,0.074,0.014333333333333337,0.41700000000000004,0.3505566666666666,0.11199999999999997,0.1935566666666667,0.04500000000000001,0.19322333333333339,0.062000000000000006,0.13122333333333333,0.06389,0.07011000000000002,0.9933333333333333,0.03733333333333333,0.12211000000000001,30.413333333333334,0.09677666666666668,0.1983333333333333,49.11333333333334,0.04500000000000001,0.07411000000000002,60.93999999999999,0.009223333333333333,0.037333333333333336,0.5613333333333334,0.012110000000000003,0.09555666666666668,0.12799999999999997,0.07011000000000002,0.01633333333333333,0.3707766666666667
85,91,2019-01-23,3,2,2018-2019,Paulistano,Pinheiros,0,0.4128300000000001,0.153,0.17966666666666667,0.08016333333333332,0.21149666666666667,0.062169999999999996,0.14933666666666665,0.08450333333333335,0.07116333333333333,1.2233333333333332,0.05100000000000001,0.15000333333333332,34.330000000000005,0.08983333333333333,0.1723366666666667,51.915333333333336,0.08016333333333332,0.10900000000000003,73.64533333333334,0.014003333333333333,0.03083333333333334,0.44666666666666655,0.012669999999999999,0.10500000000000002,0.12266666666666666,0.07116333333333333,0.010333333333333335,0.46950333333333344,0.4101133333333333,0.16666666666666666,0.17911333333333332,0.06433333333333334,0.1738866666666667,0.05411333333333334,0.11978000000000001,0.07288666666666668,0.05955333333333333,1.3573333333333333,0.05555333333333333,0.1481133333333333,37.84866666666666,0.08955333333333332,0.17633333333333331,51.35666666666667,0.06433333333333334,0.08722,74.29266666666666,0.005000000000000001,0.038000000000000006,0.6999999999999998,0.008553333333333333,0.09344666666666668,0.09066666666666669,0.05955333333333333,0.011666666666666665,0.4413333333333333
77,79,2019-01-24,3,2,2018-2019,R10 Score Vasco da Gama,Fortaleza B. C. / CFO,0,0.37049999999999994,0.1145,0.18833333333333332,0.06766666666666667,0.19150000000000003,0.055,0.13649999999999998,0.08233333333333334,0.07116666666666666,1.1866666666666668,0.03816666666666667,0.12133333333333335,31.291333333333334,0.09416666666666666,0.2028333333333333,46.303999999999995,0.06766666666666667,0.09650000000000002,70.10066666666667,0.0031666666666666666,0.03583333333333332,0.5173333333333333,0.006166666666666667,0.09666666666666666,0.06733333333333333,0.07116666666666666,0.010000000000000002,0.3941666666666667,0.3516666666666666,0.11249999999999999,0.19533333333333333,0.04383333333333334,0.19350000000000003,0.06200000000000001,0.1315,0.06366666666666668,0.0715,0.9759999999999999,0.03749999999999999,0.12300000000000001,30.306666666666665,0.09766666666666667,0.19633333333333333,50.02933333333333,0.04383333333333334,0.072,61.160666666666664,0.008833333333333334,0.037,0.5513333333333335,0.01216666666666667,0.09566666666666666,0.12866666666666665,0.0715,0.017666666666666667,0.37349999999999994
50,89,2019-01-24,3,2,2018-2019,Joinville / AABJ,Flamengo,0,0.39399999999999996,0.16266666666666665,0.17422,0.05711333333333333,0.176,0.05644666666666667,0.11955333333333333,0.07166666666666668,0.06578,1.2060000000000002,0.05422,0.14800000000000002,36.42600000000001,0.08711333333333335,0.17878000000000002,48.77533333333334,0.05711333333333333,0.08522,66.78466666666667,0.005886666666666668,0.03811333333333334,0.6220000000000001,0.012113333333333332,0.10533333333333333,0.11066666666666668,0.06578,0.01122,0.41166666666666657,0.41099333333333343,0.132,0.20755,0.07144333333333332,0.20855000000000004,0.06711666666666667,0.14144999999999996,0.09489,0.06733333333333333,1.4766666666666668,0.044,0.13578,33.25,0.10378333333333335,0.19732999999999995,52.98066666666667,0.07144333333333332,0.0915566666666667,77.70933333333332,0.004666666666666667,0.035219999999999994,0.5706666666666667,0.006673333333333333,0.09878000000000002,0.068,0.06733333333333333,0.008216666666666669,0.48322333333333334
74,81,2019-01-26,3,2,2018-2019,Mogi,Flamengo,0,0.42816666666666675,0.1265,0.221,0.08066666666666665,0.1975033333333333,0.05316333333333334,0.14433,0.09733666666666667,0.06699666666666666,1.537333333333333,0.04216333333333333,0.11400333333333332,37.222,0.1105,0.20266666666666663,54.65266666666666,0.08066666666666665,0.11350333333333333,70.72466666666666,0.006830000000000001,0.034330000000000006,0.5313333333333333,0.01717,0.09616333333333332,0.17533333333333337,0.06699666666666666,0.010330000000000002,0.5096700000000001,0.41232666666666673,0.1295,0.2121066666666667,0.07071999999999999,0.20794000000000004,0.06556000000000001,0.14239333333333332,0.09394666666666666,0.06716666666666665,1.4633333333333336,0.043166666666666666,0.13322333333333336,33.19733333333334,0.10606000000000003,0.1976633333333333,53.92666666666666,0.07071999999999999,0.09061333333333335,77.66266666666667,0.004666666666666668,0.03461,0.5606666666666665,0.00684,0.09822333333333333,0.07066666666666667,0.06716666666666665,0.008440000000000001,0.48661333333333334
69,67,2019-01-26,3,2,2018-2019,Pinheiros,Botafogo,1,0.4075566666666666,0.16633333333333333,0.17489,0.06633333333333333,0.17577666666666666,0.05422333333333334,0.12155666666666667,0.07261,0.06144333333333333,1.3193333333333332,0.05544333333333333,0.1487233333333333,37.58866666666666,0.08744333333333332,0.17349999999999996,50.914,0.06633333333333333,0.09111000000000001,73.52,0.004666666666666667,0.03766666666666666,0.6819999999999999,0.007943333333333333,0.09622333333333334,0.08266666666666668,0.06144333333333333,0.012000000000000004,0.4356666666666666,0.37533333333333335,0.1165,0.20066666666666672,0.05816666666666667,0.1736666666666667,0.05249999999999999,0.12116666666666666,0.08633333333333336,0.07383333333333333,1.2533333333333336,0.03883333333333334,0.10799999999999997,36.250666666666675,0.10033333333333336,0.19633333333333336,51.20666666666667,0.05816666666666667,0.08366666666666665,70.13799999999999,0.009500000000000003,0.03733333333333333,0.5073333333333335,0.009000000000000001,0.11699999999999999,0.07866666666666669,0.07383333333333333,0.014000000000000002,0.4161666666666667
79,72,2019-01-28,4,2,2018-2019,Coop/São José Basketball,Botafogo,1,0.3996666666666666,0.1235,0.19400000000000003,0.08216666666666667,0.17616666666666667,0.04733333333333333,0.1288333333333333,0.09650000000000002,0.07483333333333332,1.3353333333333335,0.041166666666666664,0.13116666666666665,32.00000000000001,0.09700000000000002,0.17583333333333329,55.30399999999999,0.08216666666666667,0.10866666666666668,76.05666666666664,0.005333333333333334,0.03666666666666666,0.5046666666666667,0.008833333333333334,0.11999999999999998,0.07800000000000001,0.07483333333333332,0.013000000000000001,0.4465,0.3763333333333333,0.11800000000000002,0.1986666666666667,0.059666666666666666,0.17366666666666666,0.053999999999999986,0.11966666666666666,0.08700000000000001,0.07366666666666667,1.2660000000000005,0.039333333333333324,0.10833333333333331,36.62466666666668,0.09933333333333336,0.1973333333333334,50.41600000000001,0.059666666666666666,0.08533333333333333,70.59400000000001,0.009333333333333336,0.037000000000000005,0.5033333333333335,0.008666666666666668,0.11699999999999998,0.07533333333333335,0.07366666666666667,0.013666666666666667,0.4153333333333333
77,90,2019-01-29,4,2,2018-2019,Fortaleza B. C. / CFO,Corinthians,0,0.35633333333333334,0.11699999999999998,0.19666666666666668,0.042666666666666665,0.19166666666666662,0.06000000000000001,0.13166666666666668,0.06500000000000002,0.07200000000000001,0.9886666666666666,0.03899999999999999,0.12433333333333332,31.273999999999997,0.09833333333333334,0.19366666666666668,50.965999999999994,0.042666666666666665,0.07166666666666667,59.80533333333333,0.008333333333333333,0.034666666666666665,0.5206666666666667,0.011333333333333332,0.09699999999999999,0.11599999999999998,0.07200000000000001,0.019000000000000003,0.3766666666666666,0.3933333333333333,0.10699999999999998,0.20133000000000004,0.08500333333333333,0.18366666666666662,0.05566333333333332,0.12800333333333336,0.08899666666666667,0.07132999999999999,1.32,0.03567000000000001,0.11166333333333335,32.19733333333333,0.10067000000000001,0.2036633333333334,49.910000000000004,0.08500333333333333,0.10866333333333332,78.34933333333333,0.010333333333333335,0.03633333333333334,0.5113333333333334,0.009336666666666667,0.12200333333333334,0.07466666666666669,0.07132999999999999,0.010000000000000002,0.4370033333333333
88,85,2019-01-30,4,2,2018-2019,Minas,Paulistano,1,0.38833666666666666,0.1303333333333333,0.18444666666666668,0.07355666666666667,0.18611666666666665,0.05655333333333333,0.12955666666666668,0.08199666666666666,0.06799666666666666,1.238,0.04345,0.127,34.06666666666668,0.09222000000000001,0.19010999999999997,48.71266666666667,0.07355666666666667,0.10622333333333332,67.98266666666667,0.009113333333333333,0.038446666666666664,0.5846666666666667,0.009999999999999998,0.09900333333333333,0.10533333333333335,0.06799666666666666,0.008216666666666667,0.42144666666666664,0.41333000000000003,0.15399999999999997,0.17733333333333334,0.08199666666666666,0.21233,0.06267,0.14967,0.08467000000000001,0.07232999999999999,1.2006666666666665,0.05133333333333334,0.15133666666666665,34.33533333333334,0.08866666666666667,0.17133666666666666,51.57,0.08199666666666666,0.11000000000000003,74.512,0.013336666666666667,0.030666666666666672,0.43666666666666654,0.012003333333333335,0.10766666666666667,0.116,0.07232999999999999,0.009666666666666669,0.46800333333333344
84,82,2019-01-31,4,2,2018-2019,Brasília,Corinthians,1,0.38983666666666666,0.13999999999999999,0.17633666666666664,0.07350000000000004,0.1648333333333333,0.04316333333333334,0.12167,0.081,0.06616666666666668,1.295333333333333,0.04666666666666667,0.13716333333333336,34.16733333333333,0.08816333333333333,0.17133666666666664,51.64266666666666,0.07350000000000004,0.10383666666666666,70.816,0.003,0.030000000000000002,0.48266666666666674,0.012666666666666666,0.11266666666666666,0.11466666666666668,0.06616666666666668,0.009170000000000001,0.40749666666666656,0.39266666666666666,0.10749999999999998,0.19966333333333336,0.08550333333333333,0.1833333333333333,0.05483,0.12850333333333336,0.08633,0.07166333333333334,1.274,0.03583666666666666,0.11283,31.88133333333333,0.09983666666666667,0.20283000000000004,49.726666666666674,0.08550333333333333,0.10899666666666667,78.58,0.010333333333333335,0.037333333333333336,0.5233333333333333,0.009003333333333334,0.12150333333333335,0.07200000000000002,0.07166333333333334,0.009833333333333333,0.4328366666666666
95,87,2019-02-01,4,2,2018-2019,Flamengo,Paulistano,1,0.41366,0.127,0.21666333333333337,0.06999666666666667,0.20733,0.06400333333333334,0.14333666666666664,0.09300333333333333,0.06699999999999999,1.45,0.04233333333333333,0.13066666666666668,33.14466666666667,0.10833666666666669,0.19799666666666663,54.87266666666666,0.06999666666666667,0.08967,77.616,0.004666666666666668,0.03400000000000001,0.5506666666666665,0.007006666666666666,0.09766666666666665,0.07333333333333333,0.06699999999999999,0.008663333333333334,0.49000333333333335,0.4164966666666666,0.15450000000000003,0.178,0.08399666666666668,0.21216333333333331,0.06333666666666667,0.14883666666666664,0.08517000000000001,0.07316333333333332,1.1953333333333334,0.051500000000000004,0.15150333333333332,34.40933333333333,0.089,0.17183666666666667,51.60466666666665,0.08399666666666668,0.11300000000000002,74.29466666666666,0.014003333333333335,0.029833333333333344,0.4186666666666665,0.011836666666666667,0.10816666666666669,0.11399999999999996,0.07316333333333332,0.010166666666666668,0.46850333333333344
88,71,2019-02-02,4,2,2018-2019,Sesi Franca,Bauru Basket,1,0.4328333333333333,0.16150000000000003,0.1953333333333334,0.076,0.17149999999999996,0.03816666666666667,0.13333333333333333,0.08733333333333332,0.058333333333333334,1.5153333333333332,0.05383333333333335,0.1445,36.93533333333333,0.0976666666666667,0.158,61.80733333333334,0.076,0.09250000000000001,81.81066666666668,0.010666666666666666,0.02883333333333334,0.5080000000000001,0.007833333333333336,0.08683333333333333,0.09266666666666667,0.058333333333333334,0.0085,0.5015,0.38145,0.13366666666666663,0.16733333333333328,0.08045000000000001,0.18777666666666665,0.04411666666666667,0.14367000000000002,0.08321666666666667,0.06666333333333332,1.3106666666666664,0.044553333333333334,0.12866333333333338,34.785999999999994,0.08366666666666664,0.16700333333333334,49.898666666666685,0.08045000000000001,0.11111000000000001,72.72666666666666,0.004783333333333334,0.030003333333333326,0.4706666666666666,0.009000000000000001,0.10666333333333333,0.08266666666666667,0.06666333333333332,0.013113333333333336,0.426
67,83,2019-02-04,5,2,2018-2019,Coop/São José Basketball,Pinheiros,0,0.39633333333333326,0.12500000000000003,0.19000000000000003,0.08133333333333333,0.178,0.05,0.128,0.09700000000000002,0.07566666666666665,1.3266666666666667,0.041666666666666664,0.132,32.098,0.09500000000000001,0.17533333333333329,54.267333333333326,0.08133333333333333,0.10633333333333335,77.23399999999998,0.006000000000000001,0.035666666666666666,0.48866666666666675,0.008666666666666666,0.11833333333333332,0.07733333333333334,0.07566666666666665,0.012666666666666666,0.44333333333333325,0.405,0.166,0.17066666666666663,0.06833333333333333,0.17766666666666664,0.054333333333333345,0.12333333333333334,0.07233333333333333,0.06333333333333332,1.2813333333333332,0.05533333333333334,0.14933333333333332,37.32866666666666,0.08533333333333332,0.17066666666666663,50.471333333333334,0.06833333333333333,0.09500000000000001,72.74733333333333,0.004333333333333333,0.037333333333333336,0.664,0.007333333333333334,0.09900000000000002,0.07466666666666667,0.06333333333333332,0.012333333333333337,0.43000000000000005
81,92,2019-02-04,5,2,2018-2019,R10 Score Vasco da Gama,Minas,0,0.3723333333333333,0.117,0.18666666666666668,0.06866666666666667,0.18933333333333335,0.05433333333333333,0.13499999999999998,0.08133333333333334,0.07166666666666667,1.1646666666666665,0.03900000000000001,0.12066666666666669,32.166666666666664,0.09333333333333334,0.20199999999999996,46.077333333333335,0.06866666666666667,0.09666666666666669,70.91799999999999,0.0026666666666666666,0.036,0.5166666666666667,0.005666666666666668,0.09633333333333334,0.06266666666666666,0.07166666666666667,0.009666666666666667,0.39433333333333337,0.38867000000000007,0.12966666666666665,0.18689000000000003,0.07211333333333333,0.18556,0.057776666666666664,0.12778,0.08266333333333332,0.06866333333333333,1.2326666666666668,0.04322666666666667,0.128,33.654,0.09344333333333335,0.19188666666666665,48.842666666666666,0.07211333333333333,0.10478,67.53866666666666,0.009556666666666668,0.03722333333333334,0.5613333333333334,0.009000000000000001,0.10033666666666669,0.09466666666666668,0.06866333333333333,0.008106666666666668,0.41722333333333333
80,87,2019-02-05,5,2,2018-2019,Brasília,Fortaleza B. C. / CFO,0,0.39366999999999996,0.13899999999999998,0.17933666666666664,0.07533333333333335,0.16499999999999998,0.04333000000000001,0.12167,0.07933333333333333,0.067,1.265333333333333,0.046333333333333344,0.13599666666666668,34.215333333333334,0.08966333333333334,0.1693366666666667,53.05733333333333,0.07533333333333335,0.10767,69.70066666666668,0.002666666666666666,0.030333333333333337,0.48266666666666674,0.011666666666666665,0.11333333333333334,0.10533333333333333,0.067,0.009003333333333334,0.4106633333333333,0.3546666666666667,0.113,0.197,0.04466666666666666,0.1888333333333333,0.05850000000000001,0.13033333333333333,0.06350000000000001,0.07466666666666667,0.9259999999999998,0.03766666666666666,0.12133333333333335,30.975333333333328,0.0985,0.19316666666666665,51.25066666666666,0.04466666666666666,0.0745,60.080666666666666,0.0071666666666666675,0.036000000000000004,0.5180000000000001,0.011166666666666668,0.09716666666666667,0.114,0.07466666666666667,0.020166666666666666,0.37033333333333324
79,74,2019-02-05,5,2,2018-2019,Flamengo,Sesi Franca,1,0.4202166666666667,0.13,0.2179966666666667,0.07221999999999999,0.2079966666666667,0.06466999999999999,0.1433366666666666,0.09333666666666667,0.064,1.542,0.04333333333333333,0.1325566666666667,33.38733333333334,0.10900333333333335,0.19888666666666666,54.97733333333334,0.07221999999999999,0.09233666666666665,77.90933333333334,0.005333333333333333,0.03489000000000001,0.6099999999999999,0.006783333333333334,0.09788999999999999,0.07133333333333335,0.064,0.007663333333333335,0.49967000000000006,0.436,0.16299999999999998,0.19733333333333336,0.07566666666666669,0.17133333333333328,0.03866666666666667,0.13266666666666668,0.088,0.05933333333333334,1.5053333333333332,0.05433333333333335,0.14266666666666666,37.744,0.09866666666666668,0.16000000000000003,61.73333333333335,0.07566666666666669,0.09133333333333335,82.42066666666666,0.010666666666666666,0.029333333333333336,0.5080000000000001,0.008333333333333337,0.086,0.09933333333333333,0.05933333333333334,0.008666666666666666,0.5073333333333333
83,69,2019-02-11,6,2,2018-2019,Sesi Franca,Brasília,1,0.4321666666666667,0.15899999999999997,0.19600000000000004,0.07716666666666668,0.1703333333333333,0.037833333333333344,0.1325,0.08533333333333332,0.05816666666666667,1.4899999999999998,0.05300000000000002,0.14016666666666666,37.507999999999996,0.09800000000000002,0.162,60.745333333333335,0.07716666666666668,0.09400000000000003,81.86533333333334,0.010333333333333335,0.030333333333333334,0.5386666666666666,0.009166666666666668,0.08716666666666666,0.10533333333333333,0.05816666666666667,0.008500000000000002,0.5001666666666665,0.3935033333333333,0.14150000000000001,0.17933666666666664,0.07266666666666668,0.1668333333333333,0.042663333333333345,0.12417000000000002,0.07883333333333332,0.06816666666666668,1.2506666666666664,0.04716666666666667,0.13733,34.54866666666667,0.08966333333333334,0.16917,53.10066666666667,0.07266666666666668,0.10417000000000001,69.67333333333333,0.0025,0.030833333333333334,0.48400000000000004,0.012333333333333335,0.11333333333333334,0.11066666666666666,0.06816666666666668,0.009336666666666667,0.41199666666666673
90,88,2019-02-13,6,2,2018-2019,Mogi,R10 Score Vasco da Gama,1,0.4190000000000001,0.12300000000000001,0.22000000000000003,0.07599999999999998,0.19733666666666666,0.054663333333333335,0.1426633333333333,0.09567,0.06533,1.5506666666666666,0.04099666666666666,0.11467000000000001,36.05666666666668,0.11000000000000001,0.20533333333333334,53.894,0.07599999999999998,0.10767,70.41333333333333,0.0066633333333333345,0.033996666666666675,0.5426666666666667,0.01633666666666667,0.09266333333333332,0.17466666666666666,0.06533,0.00999666666666667,0.49533666666666665,0.3735,0.1135,0.18766666666666668,0.07233333333333333,0.18966666666666668,0.05483333333333333,0.13483333333333333,0.08216666666666667,0.07233333333333333,1.1626666666666665,0.037833333333333344,0.12100000000000001,31.127999999999997,0.09383333333333334,0.20199999999999999,46.32133333333334,0.07233333333333333,0.10033333333333336,71.858,0.002666666666666666,0.0365,0.5166666666666667,0.0051666666666666675,0.09750000000000002,0.05666666666666667,0.07233333333333333,0.009000000000000003,0.39499999999999996
92,70,2019-02-13,6,2,2018-2019,Pinheiros,Joinville / AABJ,1,0.4055,0.16349999999999998,0.16966666666666666,0.07233333333333333,0.18,0.056000000000000015,0.12400000000000003,0.07233333333333333,0.0635,1.2779999999999998,0.054500000000000014,0.14599999999999996,37.66,0.08483333333333333,0.17316666666666664,49.308,0.07233333333333333,0.10050000000000002,72.87133333333333,0.004,0.0375,0.6646666666666668,0.007666666666666667,0.09866666666666667,0.07933333333333333,0.0635,0.01216666666666667,0.43116666666666675,0.38699999999999996,0.15933333333333335,0.17377666666666672,0.05389000000000001,0.1733333333333333,0.05555666666666667,0.11777666666666665,0.06899999999999999,0.06455666666666666,1.1833333333333333,0.05311,0.149,35.43,0.08689000000000001,0.17922333333333335,48.53266666666668,0.05389000000000001,0.08044333333333334,66.57333333333334,0.005776666666666667,0.037223333333333344,0.616,0.012889999999999997,0.10466666666666666,0.12133333333333333,0.06455666666666666,0.01111,0.39933333333333326
76,86,2019-02-13,6,2,2018-2019,Fortaleza B. C. / CFO,Coop/São José Basketball,0,0.35633333333333334,0.115,0.19266666666666668,0.048666666666666664,0.192,0.060666666666666674,0.13133333333333333,0.061666666666666675,0.07633333333333335,0.8673333333333333,0.03833333333333333,0.11966666666666669,32.01,0.09633333333333334,0.195,49.62666666666666,0.048666666666666664,0.08066666666666665,60.24466666666667,0.007666666666666666,0.038000000000000006,0.5313333333333333,0.011000000000000003,0.09800000000000002,0.112,0.07633333333333335,0.020000000000000004,0.36933333333333335,0.39799999999999996,0.12400000000000001,0.19666666666666668,0.07733333333333332,0.17566666666666667,0.047,0.12866666666666665,0.09700000000000002,0.07466666666666666,1.338,0.04133333333333333,0.13099999999999998,31.997333333333337,0.09833333333333334,0.1743333333333333,56.45066666666666,0.07733333333333332,0.10233333333333336,75.23399999999998,0.006333333333333333,0.035333333333333335,0.4900000000000001,0.008,0.11966666666666666,0.07133333333333333,0.07466666666666666,0.012,0.4479999999999999
93,89,2019-02-14,6,2,2018-2019,Minas,Bauru Basket,1,0.3903366666666667,0.131,0.18600000000000003,0.07333666666666667,0.18600333333333335,0.05899999999999998,0.12700333333333338,0.08299666666666666,0.07166333333333334,1.1906666666666665,0.04367000000000001,0.126,34.81533333333334,0.09300000000000001,0.1936633333333333,48.11800000000001,0.07333666666666667,0.10600333333333335,67.78933333333333,0.009333333333333334,0.03766666666666667,0.5493333333333333,0.008000000000000002,0.10100333333333333,0.084,0.07166333333333334,0.008663333333333334,0.4163333333333333,0.3798933333333334,0.13033333333333333,0.16999999999999998,0.07956000000000002,0.18588666666666667,0.04522666666666667,0.14067000000000002,0.08177333333333334,0.06799666666666666,1.2673333333333334,0.04344333333333334,0.12699666666666667,34.358666666666664,0.08499999999999999,0.17000333333333334,49.762000000000015,0.07956000000000002,0.10922000000000001,73.33066666666667,0.004560000000000001,0.03000333333333333,0.4626666666666666,0.008666666666666666,0.10832999999999998,0.07933333333333333,0.06799666666666666,0.013890000000000001,0.41933333333333334
92,83,2019-02-15,6,2,2018-2019,Corinthians,Joinville / AABJ,1,0.39199999999999996,0.10800000000000001,0.19799666666666665,0.08600333333333335,0.18299999999999994,0.053996666666666665,0.12900333333333336,0.08366333333333334,0.07199666666666668,1.2280000000000002,0.036003333333333325,0.11399666666666666,31.565333333333335,0.09900333333333333,0.20199666666666669,49.54333333333334,0.08600333333333335,0.10933000000000001,78.81066666666668,0.010333333333333335,0.03833333333333334,0.5353333333333334,0.00867,0.12100333333333335,0.06933333333333334,0.07199666666666668,0.009666666666666665,0.42866999999999994,0.3888333333333333,0.1565,0.17900000000000002,0.05333333333333334,0.17049999999999996,0.054666666666666676,0.11583333333333333,0.06816666666666667,0.06433333333333333,1.1753333333333331,0.05216666666666667,0.14816666666666667,34.919333333333334,0.08950000000000001,0.1821666666666667,49.24066666666668,0.05333333333333334,0.07833333333333334,67.612,0.005666666666666668,0.03683333333333334,0.612,0.012666666666666665,0.10466666666666667,0.11933333333333332,0.06433333333333333,0.010666666666666665,0.3983333333333333
81,73,2019-02-15,6,2,2018-2019,Brasília,Coop/São José Basketball,1,0.39167,0.143,0.17867,0.07,0.16916666666666666,0.04333,0.12583666666666668,0.08016666666666666,0.06949999999999999,1.2526666666666666,0.04766666666666667,0.13883,34.55866666666667,0.08932999999999999,0.16900333333333334,52.968666666666664,0.07,0.10083666666666669,69.52399999999999,0.0023333333333333335,0.031000000000000007,0.4813333333333334,0.01233333333333333,0.11300000000000002,0.11133333333333333,0.06949999999999999,0.01067,0.41183,0.3996666666666666,0.12250000000000001,0.19766666666666666,0.0795,0.17583333333333334,0.048,0.12783333333333333,0.09683333333333333,0.07583333333333334,1.3173333333333332,0.04083333333333334,0.12833333333333333,32.192,0.09883333333333333,0.17466666666666666,56.65,0.0795,0.10416666666666669,75.88733333333333,0.006,0.035,0.47466666666666674,0.007333333333333335,0.12116666666666664,0.06533333333333334,0.07583333333333334,0.011500000000000003,0.45016666666666655
89,91,2019-02-15,6,2,2018-2019,Mogi,Paulistano,0,0.4223333333333334,0.1265,0.21966666666666665,0.07616666666666665,0.19633666666666666,0.05383,0.14249666666666666,0.09716999999999999,0.06399666666666666,1.6,0.042163333333333324,0.11600333333333333,36.53333333333333,0.10983333333333332,0.2036666666666667,54.35333333333333,0.07616666666666665,0.10766999999999999,70.59333333333332,0.0066633333333333345,0.032830000000000005,0.5346666666666667,0.01683666666666667,0.09433,0.17800000000000002,0.06399666666666666,0.009163333333333334,0.5013366666666667,0.4196633333333333,0.155,0.17866666666666664,0.08599666666666667,0.21199666666666664,0.06400333333333334,0.14800333333333332,0.08567,0.07399666666666666,1.19,0.051666666666666666,0.15167,34.48333333333334,0.08933333333333332,0.17233666666666667,51.63933333333334,0.08599666666666667,0.11600000000000002,74.07733333333333,0.01467,0.029000000000000012,0.40066666666666656,0.011670000000000003,0.10866666666666666,0.11199999999999997,0.07399666666666666,0.010666666666666668,0.4690033333333334
86,103,2019-02-16,6,2,2018-2019,Minas,Sesi Franca,0,0.3978366666666667,0.13350000000000004,0.187,0.07733666666666668,0.19017000000000003,0.061666666666666654,0.12850333333333333,0.08533000000000003,0.07399666666666667,1.1906666666666665,0.04450333333333334,0.12783333333333333,35.06133333333334,0.0935,0.19232999999999997,48.72733333333334,0.07733666666666668,0.10966999999999999,69.14133333333332,0.009166666666666665,0.03783333333333334,0.536,0.007833333333333335,0.10167,0.08200000000000002,0.07399666666666667,0.00983,0.429,0.4346666666666667,0.15700000000000003,0.19833333333333333,0.07933333333333334,0.1675,0.036833333333333336,0.13066666666666668,0.08566666666666665,0.05783333333333334,1.504,0.05233333333333334,0.13733333333333334,37.87933333333333,0.09916666666666667,0.16466666666666668,60.550000000000004,0.07933333333333334,0.09650000000000002,82.19866666666667,0.010000000000000002,0.031166666666666672,0.5546666666666665,0.009666666666666667,0.08733333333333332,0.11,0.05783333333333334,0.008500000000000002,0.5021666666666665
54,59,2019-02-19,7,2,2018-2019,Joinville / AABJ,Botafogo,0,0.39166666666666666,0.156,0.18133333333333335,0.05433333333333333,0.17266666666666663,0.056333333333333346,0.11633333333333332,0.068,0.06499999999999999,1.166,0.05200000000000001,0.147,35.05533333333334,0.09066666666666667,0.1866666666666667,48.418000000000006,0.05433333333333333,0.079,68.26666666666667,0.005333333333333334,0.036333333333333336,0.6020000000000001,0.013,0.10633333333333335,0.12333333333333332,0.06499999999999999,0.011333333333333336,0.4003333333333333,0.3793333333333333,0.11900000000000001,0.2,0.060333333333333336,0.17200000000000001,0.05433333333333333,0.11766666666666666,0.08933333333333335,0.07366666666666669,1.2993333333333335,0.039666666666666656,0.10933333333333332,36.70933333333334,0.1,0.19633333333333336,51.08533333333333,0.060333333333333336,0.08533333333333333,71.80600000000001,0.009000000000000003,0.037000000000000005,0.5033333333333335,0.008333333333333335,0.11666666666666665,0.07266666666666668,0.07366666666666669,0.015333333333333334,0.42033333333333334
79,74,2019-02-23,7,2,2018-2019,Botafogo,R10 Score Vasco da Gama,1,0.3745,0.11650000000000003,0.19833333333333333,0.059666666666666666,0.17133333333333337,0.054833333333333324,0.1165,0.08616666666666667,0.07433333333333333,1.2253333333333336,0.038833333333333324,0.11016666666666666,35.876666666666665,0.09916666666666667,0.193,51.37133333333333,0.059666666666666666,0.08549999999999999,70.882,0.008000000000000002,0.037500000000000006,0.5066666666666667,0.008166666666666666,0.116,0.07200000000000001,0.07433333333333333,0.015166666666666667,0.41166666666666657,0.377,0.116,0.18866666666666668,0.07233333333333333,0.19000000000000003,0.05633333333333333,0.13366666666666666,0.08233333333333334,0.07133333333333333,1.1986666666666665,0.038666666666666655,0.12233333333333334,31.34666666666667,0.09433333333333334,0.20266666666666663,46.40666666666667,0.07233333333333333,0.09966666666666667,72.54133333333334,0.0026666666666666666,0.03633333333333334,0.5306666666666666,0.004666666666666667,0.0976666666666667,0.050666666666666665,0.07133333333333333,0.009000000000000001,0.3993333333333334
82,68,2019-02-26,8,2,2018-2019,Coop/São José Basketball,R10 Score Vasco da Gama,1,0.4013333333333334,0.12100000000000001,0.19866666666666663,0.08166666666666668,0.17600000000000005,0.049,0.127,0.09666666666666666,0.07699999999999999,1.2966666666666664,0.040333333333333325,0.12566666666666665,32.38666666666667,0.09933333333333332,0.175,56.849333333333334,0.08166666666666668,0.10600000000000002,76.54066666666667,0.005666666666666666,0.034666666666666665,0.45933333333333337,0.006666666666666668,0.12266666666666666,0.05933333333333334,0.07699999999999999,0.011000000000000003,0.4523333333333333,0.38083333333333336,0.116,0.19166666666666668,0.07316666666666666,0.18933333333333335,0.05783333333333333,0.1315,0.08433333333333334,0.07200000000000002,1.2146666666666663,0.03866666666666667,0.12033333333333333,31.852,0.09583333333333334,0.20466666666666664,46.737333333333346,0.07316666666666666,0.09900000000000002,73.56666666666666,0.0021666666666666666,0.03716666666666667,0.5373333333333333,0.004333333333333333,0.09733333333333334,0.048,0.07200000000000002,0.009166666666666668,0.4073333333333334
88,77,2019-02-26,8,2,2018-2019,Fortaleza B. C. / CFO,Joinville / AABJ,1,0.3558333333333333,0.11450000000000002,0.19033333333333333,0.051000000000000004,0.18833333333333332,0.05950000000000002,0.12883333333333333,0.061333333333333344,0.07533333333333334,0.8719999999999999,0.03816666666666667,0.12116666666666669,31.50333333333333,0.09516666666666666,0.19233333333333336,49.705999999999996,0.051000000000000004,0.08299999999999999,60.81066666666667,0.007833333333333335,0.03916666666666667,0.5493333333333333,0.010000000000000002,0.099,0.10266666666666668,0.07533333333333334,0.018166666666666668,0.3658333333333334,0.38550000000000006,0.153,0.18033333333333335,0.052166666666666674,0.17433333333333328,0.055333333333333345,0.11899999999999998,0.06533333333333334,0.064,1.1326666666666665,0.05100000000000001,0.14650000000000002,34.406,0.09016666666666667,0.18600000000000003,48.28333333333333,0.052166666666666674,0.07633333333333335,67.57066666666667,0.005666666666666667,0.034666666666666665,0.5826666666666667,0.013,0.10750000000000001,0.12266666666666667,0.064,0.011166666666666668,0.3926666666666667
109,65,2019-02-28,8,2,2018-2019,Paulistano,R10 Score Vasco da Gama,1,0.42499666666666663,0.16150000000000003,0.179,0.08449666666666666,0.2101633333333333,0.06483666666666667,0.14533666666666667,0.08717,0.07399666666666667,1.2113333333333332,0.05383333333333334,0.15350333333333335,35.45066666666666,0.0895,0.1708366666666667,52.16466666666667,0.08449666666666666,0.11350000000000002,74.44066666666664,0.014503333333333335,0.026833333333333344,0.36933333333333324,0.012503333333333337,0.10916666666666665,0.1193333333333333,0.07399666666666667,0.011,0.47583666666666674,0.38216666666666665,0.1155,0.194,0.07266666666666667,0.187,0.05716666666666667,0.12983333333333333,0.08416666666666667,0.07216666666666668,1.2106666666666663,0.0385,0.11916666666666666,31.957333333333334,0.097,0.20583333333333337,47.09000000000001,0.07266666666666667,0.09716666666666667,74.14466666666667,0.0018333333333333333,0.037333333333333336,0.5386666666666666,0.004333333333333333,0.09650000000000002,0.048666666666666664,0.07216666666666668,0.009500000000000003,0.4083333333333333
68,75,2019-02-28,8,2,2018-2019,Bauru Basket,Pinheiros,0,0.3843366666666667,0.13099999999999998,0.17133333333333337,0.08200333333333336,0.18299666666666667,0.04467000000000001,0.13833666666666666,0.08233000000000001,0.06799666666666666,1.2766666666666666,0.04366666666666667,0.12733000000000003,34.425333333333334,0.08566666666666668,0.17133666666666664,49.73600000000001,0.08200333333333336,0.11166333333333332,73.93466666666667,0.0043366666666666675,0.031336666666666665,0.48466666666666663,0.011000000000000001,0.11066333333333332,0.09666666666666668,0.06799666666666666,0.013333333333333336,0.424,0.4090000000000001,0.163,0.17333333333333334,0.07266666666666666,0.18400000000000002,0.05833333333333335,0.12566666666666668,0.07600000000000001,0.06333333333333334,1.3553333333333335,0.054333333333333345,0.14533333333333331,37.708666666666666,0.08666666666666667,0.17766666666666664,48.77733333333334,0.07266666666666666,0.10066666666666668,73.23333333333333,0.005000000000000001,0.03733333333333334,0.6640000000000001,0.008,0.098,0.08466666666666667,0.06333333333333334,0.013000000000000003,0.44066666666666676
98,90,2019-02-28,8,2,2018-2019,Brasília,Joinville / AABJ,1,0.38700333333333337,0.1395,0.17867,0.06883333333333333,0.1696666666666667,0.043663333333333325,0.12600333333333333,0.08049999999999999,0.07233333333333333,1.2173333333333334,0.0465,0.13483,34.63466666666667,0.08933,0.1695033333333333,52.83866666666667,0.06883333333333333,0.09883666666666668,69.748,0.002,0.03133333333333334,0.4726666666666667,0.012333333333333333,0.11166666666666668,0.11266666666666666,0.07233333333333333,0.011503333333333332,0.4083300000000001,0.3891666666666667,0.15650000000000003,0.18066666666666667,0.052000000000000005,0.175,0.05550000000000001,0.1195,0.06583333333333334,0.06483333333333334,1.1286666666666667,0.052166666666666674,0.14833333333333334,34.702666666666666,0.09033333333333333,0.18633333333333338,48.297333333333334,0.052000000000000005,0.075,68.38266666666667,0.005666666666666667,0.0345,0.5733333333333335,0.013666666666666664,0.10666666666666669,0.132,0.06483333333333334,0.011833333333333336,0.3975
90,79,2019-02-28,8,2,2018-2019,Corinthians,Mogi,1,0.39566666666666667,0.1085,0.19966333333333333,0.08750333333333334,0.18199999999999997,0.05483,0.12717000000000003,0.08649666666666667,0.07149666666666668,1.2746666666666668,0.03617,0.11216333333333335,32.343333333333334,0.09983666666666666,0.2044966666666667,49.306000000000004,0.08750333333333334,0.11216333333333335,78.01866666666666,0.011166666666666667,0.03900000000000001,0.548,0.008503333333333333,0.11983666666666667,0.06866666666666668,0.07149666666666668,0.009166666666666665,0.43433666666666665,0.4256666666666667,0.13,0.2193333333333333,0.07633333333333332,0.19533666666666666,0.05299666666666667,0.14232999999999998,0.09867000000000002,0.06266333333333333,1.6493333333333335,0.043329999999999994,0.11733666666666667,37.01,0.10966666666666665,0.202,54.81266666666667,0.07633333333333332,0.10767,70.77333333333333,0.006663333333333336,0.03166333333333334,0.5266666666666667,0.01733666666666667,0.09599666666666667,0.18133333333333335,0.06266333333333333,0.00833,0.5073366666666667
67,73,2019-03-01,8,2,2018-2019,Botafogo,Flamengo,0,0.36966666666666664,0.11400000000000003,0.19666666666666666,0.059000000000000004,0.17066666666666663,0.055333333333333325,0.11533333333333334,0.08299999999999998,0.075,1.151333333333333,0.038,0.111,35.044000000000004,0.09833333333333333,0.18966666666666668,51.65733333333333,0.059000000000000004,0.08566666666666664,69.95800000000001,0.007000000000000002,0.03800000000000001,0.5100000000000001,0.008,0.11533333333333333,0.07133333333333333,0.075,0.015000000000000001,0.4029999999999999,0.42144,0.126,0.22066333333333335,0.07477666666666666,0.2106633333333333,0.06500333333333333,0.14566999999999997,0.09367,0.062333333333333324,1.5786666666666667,0.042,0.13311333333333336,32.168,0.11033666666666668,0.19944333333333333,55.44266666666667,0.07477666666666666,0.09500333333333331,78.52000000000001,0.005666666666666666,0.034113333333333336,0.6106666666666666,0.00756,0.09844666666666665,0.07800000000000001,0.062333333333333324,0.0069966666666666675,0.5043366666666667
93,78,2019-03-02,8,2,2018-2019,Sesi Franca,Pinheiros,1,0.4336666666666667,0.15600000000000003,0.1996666666666667,0.07800000000000001,0.16716666666666669,0.037000000000000005,0.1301666666666667,0.08700000000000001,0.05850000000000001,1.506,0.05200000000000002,0.13666666666666666,37.860666666666674,0.09983333333333334,0.16699999999999995,60.162666666666674,0.07800000000000001,0.09566666666666665,81.532,0.009500000000000001,0.03216666666666666,0.5653333333333332,0.010000000000000002,0.08866666666666667,0.1113333333333333,0.05850000000000001,0.008500000000000002,0.5009999999999999,0.4090000000000001,0.1605,0.1753333333333333,0.07316666666666666,0.1845,0.05866666666666668,0.12583333333333335,0.07516666666666666,0.06400000000000002,1.3320000000000003,0.053500000000000006,0.14383333333333334,37.43399999999999,0.08766666666666666,0.17916666666666664,48.9,0.07316666666666666,0.10116666666666668,73.36066666666666,0.005166666666666667,0.038166666666666675,0.67,0.006999999999999998,0.09666666666666666,0.07600000000000001,0.06400000000000002,0.013666666666666667,0.43983333333333335
83,60,2019-03-04,9,2,2018-2019,Sesi Franca,Corinthians,1,0.4326666666666667,0.154,0.20133333333333334,0.07733333333333335,0.167,0.03666666666666667,0.13033333333333333,0.087,0.060666666666666674,1.46,0.05133333333333334,0.13666666666666666,37.38466666666667,0.10066666666666667,0.16633333333333333,60.98866666666667,0.07733333333333335,0.09566666666666666,80.86533333333334,0.009000000000000003,0.03266666666666666,0.5579999999999999,0.010333333333333335,0.09033333333333333,0.11199999999999997,0.060666666666666674,0.008666666666666668,0.49866666666666665,0.3986666666666666,0.10800000000000001,0.20132999999999998,0.08933666666666668,0.18266666666666664,0.05599666666666667,0.12667,0.08899666666666667,0.07133000000000002,1.31,0.03600333333333334,0.11233000000000001,32.17266666666667,0.10067000000000001,0.2056633333333333,49.40133333333333,0.08933666666666668,0.11433000000000001,77.95733333333334,0.010666666666666666,0.03933333333333333,0.5533333333333333,0.008336666666666666,0.11767000000000001,0.06933333333333333,0.07133000000000002,0.009666666666666667,0.4400033333333333
79,62,2019-03-06,9,2,2018-2019,Botafogo,Minas,1,0.3633333333333333,0.11200000000000002,0.1933333333333333,0.05800000000000001,0.16599999999999995,0.054999999999999986,0.11100000000000002,0.07999999999999999,0.06866666666666667,1.2526666666666664,0.03733333333333333,0.11433333333333334,33.495333333333335,0.09666666666666665,0.19,50.72133333333333,0.05800000000000001,0.08466666666666665,69.51400000000002,0.006666666666666668,0.036666666666666674,0.5833333333333334,0.008333333333333333,0.11566666666666668,0.074,0.06866666666666667,0.014000000000000004,0.3883333333333333,0.40533666666666673,0.136,0.188,0.08133666666666667,0.19433666666666669,0.06433333333333333,0.13000333333333336,0.08766333333333337,0.07633000000000001,1.1906666666666665,0.04533666666666667,0.12966666666666668,35.30733333333334,0.094,0.19099666666666662,49.33666666666668,0.08133666666666667,0.11333666666666667,70.49333333333333,0.009000000000000001,0.038,0.5226666666666666,0.007666666666666669,0.10233666666666667,0.08000000000000002,0.07633000000000001,0.010996666666666667,0.4416666666666666
78,94,2019-03-07,9,2,2018-2019,R10 Score Vasco da Gama,Brasília,0,0.381,0.11600000000000002,0.194,0.071,0.187,0.05566666666666666,0.13133333333333333,0.08333333333333333,0.07233333333333333,1.198,0.038666666666666655,0.11766666666666666,32.38066666666666,0.097,0.206,47.051333333333346,0.071,0.09533333333333334,73.82533333333332,0.002,0.03733333333333333,0.538,0.004333333333333332,0.09900000000000002,0.046666666666666676,0.07233333333333333,0.010000000000000004,0.4076666666666667,0.39000333333333337,0.13600000000000004,0.18733666666666668,0.06666666666666667,0.17099999999999999,0.043663333333333325,0.12733666666666668,0.08399999999999999,0.074,1.2313333333333334,0.045333333333333344,0.12933000000000003,35.20066666666666,0.09366333333333335,0.17500333333333334,53.45,0.06666666666666667,0.09533666666666668,70.094,0.0023333333333333335,0.03166666666666668,0.46799999999999997,0.012000000000000004,0.10833333333333335,0.11266666666666668,0.074,0.011003333333333332,0.4189966666666667
92,81,2019-03-07,9,2,2018-2019,Bauru Basket,Corinthians,1,0.37600333333333336,0.12649999999999997,0.17300000000000004,0.07650333333333334,0.1786633333333333,0.04217000000000001,0.1365033333333333,0.08033000000000001,0.06849666666666666,1.2393333333333332,0.04216666666666667,0.12799666666666668,33.00533333333333,0.08650000000000002,0.16916999999999996,50.85333333333333,0.07650333333333334,0.10449666666666665,73.66733333333333,0.00467,0.03250333333333333,0.5,0.011833333333333333,0.10949666666666664,0.10600000000000001,0.06849666666666666,0.012833333333333334,0.41333333333333333,0.3985,0.10949999999999999,0.20133,0.08767,0.1878333333333333,0.05649666666666666,0.13133666666666668,0.08749666666666665,0.07133000000000002,1.2946666666666666,0.03650333333333333,0.1144966666666667,32.01533333333334,0.10067000000000001,0.20332999999999998,50.038,0.08767,0.11283000000000001,77.56533333333333,0.010166666666666666,0.03633333333333333,0.5219999999999999,0.009336666666666667,0.11767000000000002,0.07933333333333333,0.07133000000000002,0.010000000000000002,0.4418366666666666
78,71,2019-03-08,9,2,2018-2019,Pinheiros,Mogi,1,0.40900000000000003,0.15799999999999997,0.17733333333333334,0.07366666666666667,0.185,0.05900000000000002,0.126,0.07433333333333332,0.06466666666666668,1.3086666666666666,0.05266666666666668,0.14233333333333334,37.15933333333333,0.08866666666666667,0.18066666666666664,49.02266666666666,0.07366666666666667,0.10166666666666666,73.48799999999999,0.005333333333333332,0.03900000000000001,0.676,0.006000000000000001,0.09533333333333333,0.06733333333333333,0.06466666666666668,0.014333333333333333,0.439,0.41999999999999993,0.12400000000000001,0.22266666666666665,0.07333333333333332,0.19233666666666666,0.05499666666666667,0.13732999999999998,0.09900333333333335,0.062329999999999997,1.6580000000000001,0.04133,0.11733666666666664,35.472,0.11133333333333333,0.2056666666666667,54.57466666666667,0.07333333333333332,0.10267000000000001,71.45866666666666,0.006996666666666668,0.032663333333333336,0.5393333333333334,0.017336666666666667,0.09633,0.1806666666666667,0.062329999999999997,0.007996666666666668,0.4983366666666667
79,65,2019-03-09,9,2,2018-2019,Botafogo,Brasília,1,0.36999999999999994,0.11699999999999999,0.19499999999999995,0.058,0.16849999999999998,0.057,0.1115,0.08183333333333334,0.067,1.3033333333333332,0.039,0.11766666666666667,33.931333333333335,0.09749999999999998,0.19099999999999998,50.941333333333326,0.058,0.08416666666666668,69.89866666666667,0.006666666666666668,0.03550000000000001,0.5786666666666668,0.008333333333333333,0.11433333333333336,0.074,0.067,0.013500000000000003,0.3983333333333334,0.38917,0.12650000000000003,0.19400333333333336,0.06866666666666665,0.175,0.04566333333333333,0.12933666666666666,0.08183333333333334,0.074,1.1980000000000002,0.042166666666666665,0.1269966666666667,33.33,0.09699666666666668,0.18167,53.30533333333334,0.06866666666666665,0.09733666666666668,70.63266666666667,0.0021666666666666666,0.03300000000000001,0.48866666666666664,0.011833333333333336,0.10866666666666668,0.11066666666666668,0.074,0.01067,0.41716333333333344
82,60,2019-03-09,9,2,2018-2019,Flamengo,Minas,1,0.4206633333333333,0.128,0.21533,0.07733333333333331,0.21366333333333334,0.06566999999999999,0.14800333333333332,0.09267000000000002,0.06366666666666666,1.5546666666666664,0.042666666666666665,0.13467,32.26266666666667,0.10767,0.193,55.75133333333334,0.07733333333333331,0.09733666666666665,79.40066666666668,0.005666666666666666,0.031670000000000004,0.5813333333333333,0.0073366666666666676,0.09833666666666668,0.07600000000000001,0.06366666666666666,0.006996666666666666,0.50467,0.3933366666666666,0.129,0.18733333333333332,0.07700333333333334,0.19483666666666669,0.06333333333333334,0.13150333333333336,0.08483000000000002,0.07733,1.147333333333333,0.04300333333333333,0.12833333333333335,33.69466666666668,0.09366666666666666,0.18999666666666665,49.44000000000001,0.07700333333333334,0.10783666666666668,69.61133333333333,0.008833333333333335,0.03900000000000001,0.5299999999999999,0.008333333333333335,0.10300333333333334,0.08533333333333333,0.07733,0.010830000000000001,0.4288333333333333
87,84,2019-03-11,10,2,2018-2019,Joinville / AABJ,Coop/São José Basketball,1,0.39300000000000007,0.16200000000000003,0.17799999999999996,0.053,0.17166666666666666,0.054333333333333345,0.11733333333333332,0.06566666666666668,0.06766666666666667,1.0486666666666664,0.054000000000000006,0.14933333333333335,35.676,0.08899999999999998,0.1846666666666667,47.98800000000001,0.053,0.07433333333333333,69.972,0.005333333333333333,0.035,0.5433333333333334,0.013000000000000001,0.10533333333333335,0.128,0.06766666666666667,0.012333333333333337,0.3976666666666668,0.4096666666666667,0.11499999999999999,0.21000000000000002,0.08466666666666667,0.17533333333333337,0.047333333333333345,0.128,0.09966666666666665,0.07566666666666665,1.353333333333333,0.03833333333333333,0.12266666666666669,31.318,0.10500000000000001,0.17866666666666667,58.928666666666665,0.08466666666666667,0.10966666666666668,77.02333333333333,0.005666666666666666,0.035333333333333335,0.4740000000000001,0.007333333333333335,0.12233333333333335,0.06533333333333333,0.07566666666666665,0.010333333333333335,0.46799999999999997
80,72,2019-03-12,10,2,2018-2019,Flamengo,Bauru Basket,1,0.4208866666666667,0.12899999999999998,0.21422000000000002,0.07766666666666665,0.21555333333333332,0.06844666666666667,0.14711333333333332,0.09244666666666669,0.064,1.5459999999999998,0.04300000000000001,0.1341133333333334,32.63466666666667,0.10711333333333335,0.197,54.60933333333333,0.07766666666666665,0.09878,78.50733333333334,0.005666666666666667,0.03311333333333334,0.598,0.00778,0.0984466666666667,0.08066666666666666,0.064,0.006886666666666665,0.5034466666666667,0.37567000000000006,0.126,0.176,0.07366999999999999,0.1766633333333333,0.042003333333333344,0.13466999999999998,0.08033,0.06766333333333334,1.2593333333333334,0.042,0.12866333333333332,32.652,0.088,0.17033666666666666,51.251333333333335,0.07366999999999999,0.09999666666666665,74.416,0.005003333333333333,0.03367,0.5266666666666666,0.011666666666666665,0.10999666666666667,0.10466666666666667,0.06766333333333334,0.012,0.414
79,81,2019-03-14,10,2,2018-2019,Fortaleza B. C. / CFO,Pinheiros,0,0.3593333333333334,0.11600000000000002,0.19333333333333333,0.049999999999999996,0.185,0.057000000000000016,0.12800000000000003,0.06366666666666668,0.07366666666666667,0.9226666666666665,0.03866666666666666,0.11966666666666667,32.60066666666666,0.09666666666666666,0.19200000000000003,50.51733333333333,0.049999999999999996,0.08166666666666665,60.77066666666666,0.007333333333333333,0.04033333333333334,0.5726666666666668,0.011000000000000003,0.09833333333333334,0.11400000000000003,0.07366666666666667,0.017,0.37633333333333335,0.40850000000000003,0.15899999999999997,0.179,0.0705,0.18500000000000003,0.056500000000000015,0.1285,0.07633333333333335,0.065,1.3333333333333333,0.05300000000000001,0.14400000000000002,37.05133333333333,0.0895,0.177,50.64066666666666,0.0705,0.09983333333333336,71.66,0.005666666666666666,0.038166666666666675,0.6606666666666666,0.007333333333333334,0.09516666666666666,0.082,0.065,0.014,0.4425
74,83,2019-03-14,10,2,2018-2019,Coop/São José Basketball,Bauru Basket,0,0.4069433333333334,0.11466666666666667,0.2074433333333333,0.08483333333333333,0.17761000000000002,0.04705666666666667,0.13055666666666668,0.09944333333333331,0.07660999999999998,1.3373333333333333,0.03822333333333334,0.12261000000000002,31.247333333333337,0.10372333333333332,0.17827666666666667,58.322,0.08483333333333333,0.11089000000000002,76.066,0.005556666666666667,0.035723333333333336,0.4740000000000001,0.006723333333333335,0.12072333333333334,0.061333333333333344,0.07660999999999998,0.010223333333333333,0.4643333333333333,0.38028,0.1275,0.17666666666666667,0.07611333333333332,0.17371999999999996,0.042113333333333336,0.13161333333333333,0.08038666666666666,0.06722,1.2673333333333334,0.0425,0.13022,32.68866666666667,0.08833333333333333,0.16944666666666666,51.72733333333333,0.07611333333333332,0.10321999999999999,74.41,0.004946666666666666,0.03611333333333334,0.5666666666666667,0.011500000000000002,0.10972,0.10333333333333335,0.06722,0.011500000000000003,0.4178333333333333
87,97,2019-03-15,10,2,2018-2019,Joinville / AABJ,Paulistano,0,0.39233333333333337,0.15600000000000006,0.181,0.055333333333333325,0.17016666666666666,0.051833333333333335,0.11833333333333333,0.06400000000000002,0.06983333333333333,0.9373333333333332,0.052000000000000005,0.14916666666666664,34.594,0.0905,0.18516666666666667,48.684666666666665,0.055333333333333325,0.07783333333333332,69.97200000000001,0.005333333333333333,0.03516666666666667,0.5093333333333334,0.01266666666666667,0.10583333333333332,0.12466666666666668,0.06983333333333333,0.012833333333333337,0.38950000000000007,0.43632999999999994,0.17499999999999996,0.17933333333333332,0.08199666666666666,0.2066633333333333,0.06267,0.14400333333333334,0.09166999999999999,0.07299666666666665,1.3093333333333335,0.05833333333333334,0.15533666666666665,37.678666666666665,0.08966666666666666,0.16900333333333337,52.80333333333333,0.08199666666666666,0.10933333333333334,75.24866666666667,0.01467,0.02633333333333334,0.37133333333333324,0.012670000000000004,0.10933333333333332,0.12066666666666664,0.07299666666666665,0.010666666666666668,0.49533666666666676
89,72,2019-03-15,10,2,2018-2019,Mogi,Botafogo,1,0.4146666666666666,0.12266666666666666,0.22133333333333335,0.07066666666666666,0.19478,0.05555333333333334,0.13921999999999998,0.09878000000000002,0.061886666666666666,1.6673333333333331,0.04088666666666666,0.11844666666666664,34.85333333333333,0.11066666666666668,0.20700000000000002,53.89,0.07066666666666666,0.09878000000000002,71.94333333333333,0.006553333333333334,0.03255333333333334,0.5433333333333333,0.016780000000000003,0.09588666666666668,0.1753333333333333,0.061886666666666666,0.007553333333333333,0.49278000000000005,0.3766666666666666,0.12199999999999998,0.19666666666666663,0.05800000000000001,0.171,0.059000000000000004,0.11200000000000002,0.08366666666666665,0.06533333333333334,1.3539999999999996,0.04066666666666666,0.12100000000000002,34.367333333333335,0.09833333333333331,0.192,51.16133333333334,0.05800000000000001,0.0836666666666667,70.28333333333333,0.006666666666666668,0.03433333333333334,0.5740000000000001,0.008333333333333333,0.11300000000000002,0.074,0.06533333333333334,0.013000000000000003,0.4083333333333334
67,107,2019-03-16,10,2,2018-2019,R10 Score Vasco da Gama,Flamengo,0,0.38100000000000006,0.117,0.194,0.06999999999999999,0.18666666666666668,0.056666666666666664,0.13,0.08466666666666665,0.07266666666666666,1.2106666666666663,0.03899999999999999,0.11999999999999998,32.163333333333334,0.097,0.2056666666666666,47.13266666666668,0.06999999999999999,0.09433333333333335,73.62466666666667,0.0016666666666666666,0.036000000000000004,0.518,0.004999999999999999,0.0976666666666667,0.05466666666666667,0.07266666666666666,0.010000000000000002,0.40599999999999997,0.4249433333333333,0.132,0.21411,0.07883333333333331,0.21561000000000002,0.06822333333333333,0.14739,0.09339000000000001,0.06416666666666666,1.556,0.044,0.13605666666666671,32.82866666666667,0.10705666666666666,0.19583333333333336,54.96733333333334,0.07883333333333331,0.10055666666666667,78.21933333333335,0.005333333333333333,0.03439000000000001,0.614,0.00739,0.09822333333333334,0.07733333333333332,0.06416666666666666,0.006776666666666666,0.50889
80,98,2019-03-16,10,2,2018-2019,Coop/São José Basketball,Sesi Franca,0,0.4042200000000001,0.11433333333333334,0.20488666666666663,0.08499999999999999,0.17988666666666667,0.04678000000000001,0.13311333333333336,0.09921999999999999,0.07755333333333331,1.3213333333333332,0.038113333333333325,0.12255333333333332,31.176666666666666,0.10244666666666664,0.1778866666666667,57.715333333333334,0.08499999999999999,0.11211333333333334,75.10866666666668,0.005446666666666668,0.03611333333333333,0.4740000000000001,0.006113333333333334,0.11911333333333336,0.05733333333333334,0.07755333333333331,0.010113333333333334,0.4606666666666666,0.43250000000000005,0.15399999999999997,0.20233333333333334,0.07616666666666669,0.16833333333333336,0.03966666666666666,0.12866666666666668,0.08766666666666666,0.0605,1.4793333333333336,0.051333333333333335,0.13766666666666666,37.162666666666674,0.10116666666666667,0.17033333333333334,60.05133333333334,0.07616666666666669,0.09366666666666665,81.58066666666667,0.008166666666666666,0.03666666666666666,0.64,0.010166666666666668,0.09016666666666667,0.11066666666666665,0.0605,0.008333333333333335,0.5005
81,77,2019-03-16,10,2,2018-2019,Brasília,Pinheiros,1,0.39150333333333337,0.12200000000000004,0.19867,0.07083333333333332,0.17616666666666664,0.046329999999999996,0.12983666666666668,0.082,0.0735,1.208,0.040666666666666657,0.1249966666666667,32.599333333333334,0.09933,0.18500333333333333,53.672,0.07083333333333332,0.10067000000000001,70.29599999999999,0.0023333333333333335,0.033000000000000015,0.4926666666666666,0.012500000000000004,0.11100000000000002,0.11466666666666668,0.0735,0.010836666666666666,0.42016333333333333,0.4083333333333333,0.16,0.17799999999999996,0.07033333333333334,0.1836666666666667,0.055500000000000015,0.12816666666666665,0.07650000000000001,0.06683333333333333,1.3106666666666664,0.05333333333333335,0.14283333333333334,37.59733333333334,0.08899999999999998,0.17450000000000002,50.96733333333332,0.07033333333333334,0.10066666666666668,70.99999999999999,0.005666666666666667,0.03800000000000001,0.6473333333333333,0.0075000000000000015,0.09533333333333333,0.084,0.06683333333333333,0.014166666666666666,0.44183333333333336
86,93,2019-03-18,11,2,2018-2019,Paulistano,Sesi Franca,0,0.44132999999999994,0.17399999999999996,0.18666666666666668,0.08066333333333332,0.21099666666666664,0.06533666666666667,0.14567000000000002,0.09033666666666669,0.07599666666666666,1.232,0.058,0.15633666666666668,37.23333333333333,0.09333333333333334,0.1733366666666667,53.484666666666676,0.08066333333333332,0.10833333333333334,74.65866666666668,0.015336666666666669,0.02700000000000001,0.36266666666666664,0.012670000000000004,0.10833333333333332,0.12133333333333331,0.07599666666666666,0.010333333333333335,0.49833666666666676,0.43733333333333335,0.15799999999999997,0.20400000000000001,0.07533333333333334,0.1683333333333333,0.04133333333333334,0.12700000000000003,0.08666666666666667,0.06233333333333333,1.4253333333333336,0.05266666666666667,0.1373333333333333,38.274,0.10200000000000001,0.17099999999999999,60.29066666666666,0.07533333333333334,0.09266666666666666,81.55866666666665,0.008666666666666665,0.03633333333333333,0.6226666666666668,0.009000000000000001,0.09166666666666666,0.09666666666666665,0.06233333333333333,0.008666666666666668,0.503
61,72,2019-03-19,11,2,2018-2019,Coop/São José Basketball,Corinthians,0,0.4054966666666667,0.11750000000000001,0.20332999999999996,0.08466666666666665,0.17949666666666667,0.04617000000000001,0.1333366666666667,0.09999666666666664,0.07766333333333332,1.3293333333333335,0.03917,0.12182999999999998,32.144666666666666,0.10166999999999997,0.17799666666666666,57.22466666666667,0.08466666666666665,0.11150333333333333,75.232,0.005336666666666668,0.03583666666666666,0.47000000000000003,0.0056700000000000006,0.12050333333333335,0.052000000000000005,0.07766333333333332,0.010336666666666664,0.4628333333333333,0.4011666666666667,0.111,0.20066333333333336,0.08950333333333332,0.18549999999999997,0.053996666666666665,0.13150333333333336,0.08649666666666667,0.07216333333333334,1.276,0.037003333333333326,0.1154966666666667,32.232,0.10033666666666669,0.19833,51.035999999999994,0.08950333333333332,0.11399666666666668,78.74866666666667,0.009833333333333335,0.035833333333333335,0.5139999999999999,0.009670000000000002,0.11767000000000002,0.08266666666666665,0.07216333333333334,0.009333333333333334,0.44483666666666666
74,76,2019-03-21,11,2,2018-2019,Paulistano,Bauru Basket,0,0.43566333333333335,0.16699999999999995,0.19,0.07866333333333334,0.20916333333333328,0.06533666666666667,0.1438366666666667,0.09000333333333335,0.07516333333333333,1.2379999999999998,0.05566666666666667,0.15550333333333335,35.87933333333333,0.095,0.17400333333333334,54.31266666666667,0.07866333333333334,0.10683333333333332,73.76533333333333,0.015670000000000007,0.02700000000000001,0.3653333333333333,0.013003333333333335,0.108,0.12533333333333332,0.07516333333333333,0.009833333333333335,0.49017,0.38489000000000007,0.129,0.1773333333333333,0.07855666666666666,0.17077666666666663,0.04222333333333334,0.12855666666666668,0.08044333333333333,0.06677666666666666,1.2753333333333334,0.043000000000000003,0.13177666666666668,32.72533333333334,0.08866666666666664,0.16855666666666663,52.20333333333333,0.07855666666666666,0.10644333333333329,74.404,0.00489,0.03855666666666666,0.6066666666666666,0.011333333333333334,0.10944333333333332,0.10200000000000002,0.06677666666666666,0.011000000000000003,0.42166666666666663
82,65,2019-03-23,11,2,2018-2019,Sesi Franca,Mogi,1,0.4348333333333334,0.16,0.201,0.07383333333333333,0.17099999999999999,0.04100000000000001,0.13,0.08683333333333333,0.06233333333333334,1.4286666666666668,0.05333333333333334,0.13799999999999998,38.547333333333334,0.1005,0.16849999999999998,60.26866666666667,0.07383333333333333,0.093,79.64866666666667,0.008833333333333332,0.0355,0.606,0.009666666666666667,0.09033333333333335,0.104,0.06233333333333334,0.009666666666666667,0.5023333333333333,0.4153333333333334,0.12333333333333332,0.2206666666666667,0.07133333333333333,0.19622333333333333,0.05511000000000001,0.14110999999999996,0.10022333333333334,0.06377666666666666,1.65,0.04111,0.11888999999999998,34.90599999999999,0.11033333333333335,0.20500000000000002,54.40599999999999,0.07133333333333333,0.09889,72.42800000000001,0.006776666666666667,0.031110000000000002,0.5113333333333334,0.01589,0.09644333333333335,0.16666666666666666,0.06377666666666666,0.008443333333333334,0.4942233333333334
84,76,2019-03-24,12,2,2018-2019,Bauru Basket,Joinville / AABJ,1,0.389,0.129,0.184,0.076,0.16766666666666666,0.04300000000000001,0.12466666666666668,0.08166666666666665,0.06699999999999999,1.2886666666666668,0.043000000000000003,0.13233333333333333,32.62066666666667,0.092,0.17066666666666663,53.448666666666654,0.076,0.10266666666666664,75.99799999999999,0.004333333333333333,0.040666666666666657,0.6333333333333333,0.011000000000000003,0.10899999999999999,0.09933333333333334,0.06699999999999999,0.010000000000000002,0.4273333333333333,0.39566666666666656,0.15400000000000003,0.18333333333333332,0.058333333333333334,0.17033333333333334,0.051000000000000004,0.11933333333333333,0.06333333333333334,0.06933333333333333,0.9353333333333331,0.051333333333333335,0.14933333333333335,34.184,0.09166666666666666,0.18666666666666668,48.88666666666666,0.058333333333333334,0.08133333333333331,71.454,0.005666666666666667,0.035666666666666666,0.52,0.01266666666666667,0.10633333333333332,0.12400000000000001,0.06933333333333333,0.012333333333333337,0.39200000000000007
85,72,2019-03-24,12,2,2018-2019,Corinthians,R10 Score Vasco da Gama,1,0.40433333333333343,0.112,0.1999966666666667,0.09233666666666668,0.18666666666666665,0.05166333333333333,0.13500333333333334,0.08632999999999999,0.07199666666666668,1.276,0.037336666666666664,0.11466333333333335,32.87533333333333,0.10000333333333336,0.19433,51.730666666666664,0.09233666666666668,0.11699666666666667,79.52666666666666,0.010000000000000002,0.036000000000000004,0.5173333333333333,0.009336666666666667,0.11700333333333336,0.08000000000000002,0.07199666666666668,0.009333333333333334,0.45367,0.3766666666666666,0.113,0.19233333333333336,0.07133333333333333,0.19116666666666668,0.05999999999999999,0.13116666666666668,0.08366666666666668,0.07266666666666667,1.1986666666666665,0.03766666666666667,0.12233333333333332,30.688666666666666,0.09616666666666668,0.20683333333333334,46.46066666666668,0.07133333333333333,0.09583333333333335,73.85533333333333,0.002333333333333333,0.035,0.5059999999999999,0.0045,0.09633333333333334,0.05000000000000001,0.07266666666666667,0.009166666666666667,0.3978333333333333
100,104,2019-03-24,12,2,2018-2019,Paulistano,Botafogo,0,0.4354966666666667,0.16949999999999996,0.18966666666666665,0.07633,0.20782999999999996,0.06333666666666668,0.14450333333333334,0.09083666666666668,0.07599666666666667,1.2366666666666666,0.0565,0.15500333333333335,36.57933333333333,0.09483333333333333,0.17250333333333334,54.68466666666667,0.07633,0.10433333333333335,73.21733333333331,0.01550333333333334,0.02616666666666667,0.34933333333333333,0.013503333333333334,0.10833333333333335,0.13,0.07599666666666667,0.009333333333333334,0.49066999999999994,0.3705,0.11699999999999999,0.1943333333333333,0.059166666666666666,0.1713333333333334,0.06099999999999999,0.11033333333333335,0.07933333333333333,0.06549999999999999,1.288,0.039,0.12100000000000001,32.91799999999999,0.09716666666666665,0.19349999999999998,50.26866666666667,0.059166666666666666,0.08466666666666668,70.77333333333333,0.0055000000000000005,0.03316666666666667,0.5560000000000002,0.008166666666666666,0.11283333333333335,0.07266666666666667,0.06549999999999999,0.01416666666666667,0.39216666666666666
95,85,2019-03-24,12,2,2018-2019,Minas,Fortaleza B. C. / CFO,1,0.38966999999999996,0.12499999999999999,0.19133333333333333,0.07333666666666667,0.19267,0.063,0.12967,0.08399666666666668,0.07999666666666666,1.1006666666666665,0.04167,0.12666666666666668,32.974000000000004,0.09566666666666666,0.18999666666666665,50.52066666666667,0.07333666666666667,0.10233666666666667,69.22333333333334,0.009000000000000001,0.03800000000000001,0.4913333333333333,0.009333333333333334,0.10500333333333334,0.09333333333333334,0.07999666666666666,0.011330000000000002,0.4239999999999999,0.36566666666666664,0.112,0.20166666666666663,0.052,0.18250000000000002,0.05483333333333333,0.12766666666666668,0.06583333333333334,0.07216666666666667,0.9726666666666666,0.03733333333333333,0.11833333333333336,31.290666666666667,0.10083333333333332,0.19516666666666668,51.66133333333334,0.052,0.08283333333333333,62.040666666666674,0.007833333333333333,0.04033333333333334,0.5860000000000001,0.011333333333333336,0.10133333333333333,0.11400000000000002,0.07216666666666667,0.016500000000000004,0.38600000000000007
97,54,2019-03-24,12,2,2018-2019,Flamengo,Brasília,1,0.42900000000000005,0.13500000000000004,0.214,0.07999999999999999,0.2156666666666667,0.068,0.14766666666666667,0.09433333333333334,0.06433333333333334,1.566,0.04499999999999999,0.138,33.022666666666666,0.107,0.1946666666666667,55.32533333333333,0.07999999999999999,0.10233333333333335,77.93133333333336,0.005,0.035666666666666666,0.6300000000000001,0.007000000000000001,0.09800000000000002,0.07400000000000001,0.06433333333333334,0.006666666666666666,0.5143333333333333,0.39433666666666667,0.11800000000000002,0.2033366666666667,0.07299999999999998,0.1753333333333333,0.04699666666666668,0.12833666666666665,0.08133333333333334,0.075,1.1853333333333333,0.039333333333333324,0.12399666666666669,31.774666666666665,0.10166333333333336,0.18666999999999997,54.510666666666665,0.07299999999999998,0.10233666666666667,71.11933333333333,0.0033333333333333335,0.03500000000000001,0.5059999999999999,0.014000000000000004,0.11366666666666667,0.12466666666666668,0.075,0.011336666666666667,0.42366333333333334
81,96,2019-03-26,12,2,2018-2019,Bauru Basket,Mogi,0,0.39599999999999996,0.134,0.187,0.075,0.1675,0.043666666666666666,0.12383333333333338,0.08316666666666667,0.06533333333333333,1.332,0.04466666666666667,0.13499999999999998,33.24733333333334,0.0935,0.172,53.974,0.075,0.1013333333333333,76.05400000000002,0.004666666666666667,0.04183333333333333,0.6586666666666667,0.010500000000000002,0.10833333333333332,0.09400000000000003,0.06533333333333333,0.008833333333333334,0.43749999999999994,0.40800000000000003,0.11999999999999998,0.21933333333333332,0.06866666666666665,0.20033333333333334,0.057666666666666665,0.14266666666666664,0.09766666666666665,0.06366666666666668,1.6106666666666665,0.04000000000000001,0.11966666666666666,33.840666666666664,0.10966666666666666,0.20800000000000002,53.38333333333333,0.06866666666666665,0.09566666666666669,72.11933333333333,0.006666666666666667,0.029000000000000005,0.4773333333333334,0.015000000000000005,0.09466666666666668,0.158,0.06366666666666668,0.008666666666666666,0.48066666666666674
84,72,2019-03-26,12,2,2018-2019,Sesi Franca,Joinville / AABJ,1,0.43333333333333335,0.159,0.20166666666666666,0.07266666666666667,0.17366666666666666,0.04133333333333333,0.13233333333333333,0.08733333333333332,0.062000000000000006,1.4486666666666668,0.05300000000000001,0.13883333333333334,38.13,0.10083333333333333,0.1705,59.664666666666676,0.07266666666666667,0.0925,78.83133333333332,0.0085,0.03716666666666666,0.6413333333333333,0.009833333333333335,0.09016666666666667,0.10600000000000002,0.062000000000000006,0.010166666666666668,0.503,0.3924999999999999,0.15400000000000003,0.18166666666666664,0.05683333333333332,0.1716666666666667,0.05183333333333333,0.11983333333333336,0.06250000000000001,0.06949999999999999,0.9226666666666664,0.051333333333333335,0.15066666666666667,33.86066666666667,0.09083333333333332,0.18733333333333338,48.23333333333333,0.05683333333333332,0.07966666666666664,71.118,0.006,0.03766666666666667,0.5446666666666666,0.011500000000000003,0.1045,0.11533333333333334,0.06949999999999999,0.011833333333333336,0.38733333333333336
84,77,2019-03-26,12,2,2018-2019,Corinthians,Botafogo,1,0.4095000000000001,0.11349999999999998,0.20399666666666671,0.09200333333333335,0.18166666666666667,0.05033,0.13133666666666668,0.08782999999999999,0.07082999999999999,1.31,0.03783666666666666,0.11283,33.71933333333333,0.10200333333333335,0.19399666666666668,52.803999999999995,0.09200333333333335,0.11699666666666667,79.134,0.010666666666666668,0.03716666666666667,0.5393333333333332,0.010336666666666668,0.11600333333333337,0.09066666666666667,0.07082999999999999,0.008666666666666668,0.4630033333333333,0.37049999999999994,0.1185,0.19133333333333333,0.06066666666666666,0.171,0.063,0.10800000000000003,0.07650000000000001,0.06516666666666666,1.2526666666666668,0.0395,0.12250000000000001,32.80733333333333,0.09566666666666666,0.193,49.66600000000001,0.06066666666666666,0.08616666666666667,71.22466666666668,0.004333333333333333,0.03266666666666667,0.552,0.007500000000000001,0.11233333333333334,0.06733333333333333,0.06516666666666666,0.014666666666666668,0.3861666666666667
112,80,2019-03-26,12,2,2018-2019,Pinheiros,R10 Score Vasco da Gama,1,0.4083333333333333,0.15999999999999998,0.176,0.07233333333333333,0.18333333333333338,0.05633333333333334,0.12700000000000003,0.076,0.06766666666666668,1.2946666666666664,0.05333333333333335,0.142,37.83133333333334,0.088,0.1746666666666667,50.29399999999999,0.07233333333333333,0.103,71.31066666666668,0.006000000000000001,0.03566666666666666,0.612,0.006000000000000001,0.09533333333333333,0.06866666666666668,0.06766666666666668,0.014000000000000002,0.4356666666666666,0.37533333333333335,0.10800000000000001,0.19533333333333333,0.07200000000000002,0.19216666666666668,0.06049999999999999,0.13166666666666668,0.08583333333333334,0.07283333333333333,1.2213333333333334,0.03600000000000001,0.12116666666666664,29.616,0.09766666666666667,0.20833333333333334,46.841333333333345,0.07200000000000002,0.09666666666666666,73.91866666666667,0.0025,0.03366666666666667,0.48999999999999994,0.004166666666666667,0.09533333333333333,0.04733333333333334,0.07283333333333333,0.0085,0.3971666666666666
100,82,2019-03-26,12,2,2018-2019,Flamengo,Fortaleza B. C. / CFO,1,0.43716666666666665,0.1405,0.21766666666666665,0.07899999999999999,0.21833333333333335,0.06833333333333334,0.15,0.09733333333333333,0.066,1.568,0.046833333333333345,0.1373333333333333,34.29,0.10883333333333332,0.19566666666666668,56.001999999999995,0.07899999999999999,0.10183333333333336,77.33800000000001,0.005166666666666667,0.035333333333333335,0.5939999999999999,0.007000000000000001,0.09749999999999999,0.07400000000000001,0.066,0.006833333333333333,0.529,0.37350000000000005,0.11549999999999998,0.2033333333333333,0.054666666666666655,0.18183333333333335,0.05416666666666667,0.12766666666666668,0.06783333333333334,0.07216666666666667,0.9966666666666666,0.0385,0.11950000000000001,32.05466666666666,0.10166666666666666,0.19683333333333333,51.68733333333333,0.054666666666666655,0.0845,63.56466666666667,0.008,0.0395,0.5753333333333333,0.012000000000000002,0.1025,0.11866666666666668,0.07216666666666667,0.015333333333333336,0.39516666666666667
68,74,2019-03-26,12,2,2018-2019,Minas,Brasília,0,0.38850333333333326,0.12449999999999999,0.193,0.07100333333333333,0.1910033333333333,0.059333333333333356,0.13167000000000004,0.08299666666666668,0.08133,1.0466666666666666,0.041503333333333337,0.12783333333333335,32.63,0.0965,0.1894966666666667,51.08133333333333,0.07100333333333333,0.09867000000000001,69.52600000000001,0.009000000000000001,0.03883333333333334,0.48399999999999993,0.010666666666666666,0.10633666666666668,0.10466666666666667,0.08133,0.01233,0.4223333333333333,0.39466999999999997,0.12000000000000002,0.20167000000000002,0.07299999999999998,0.1795,0.04899666666666668,0.13050333333333333,0.08233333333333336,0.0765,1.1813333333333333,0.04,0.12533000000000002,31.97266666666666,0.10083,0.1885033333333333,53.477999999999994,0.07299999999999998,0.10350333333333332,70.222,0.002833333333333333,0.03566666666666667,0.5086666666666666,0.015500000000000003,0.11383333333333336,0.13733333333333334,0.0765,0.011003333333333335,0.42533000000000004
65,73,2019-03-26,12,2,2018-2019,Coop/São José Basketball,Paulistano,0,0.40066333333333337,0.11800000000000001,0.19932999999999995,0.08333333333333331,0.17999666666666667,0.04733666666666667,0.13267000000000004,0.09899666666666665,0.07532999999999998,1.3506666666666667,0.03933666666666667,0.12399666666666666,31.94133333333333,0.09966999999999997,0.17866333333333334,55.89600000000001,0.08333333333333331,0.11033666666666667,74.71533333333335,0.005336666666666668,0.03633666666666667,0.5006666666666667,0.0050033333333333345,0.12233666666666669,0.044666666666666674,0.07532999999999998,0.010003333333333333,0.455,0.43749666666666676,0.173,0.1893333333333333,0.07516333333333333,0.20682999999999999,0.06217000000000001,0.14467,0.09217000000000002,0.07666333333333333,1.2439999999999998,0.05766666666666668,0.15550333333333333,37.26,0.09466666666666665,0.17117000000000002,54.99933333333334,0.07516333333333333,0.10233333333333335,73.512,0.015170000000000006,0.02533333333333334,0.33399999999999996,0.013336666666666667,0.11016666666666669,0.12666666666666668,0.07666333333333333,0.009166666666666668,0.4938366666666667
87,78,2019-03-30,1,3,2018-2019,Brasília,Corinthians,1,0.38878,0.12000000000000004,0.19644666666666669,0.07233333333333333,0.18266666666666667,0.049886666666666676,0.13278,0.08100000000000002,0.08000000000000002,1.0933333333333335,0.04000000000000001,0.12488666666666669,32.06999999999999,0.09822000000000002,0.1881133333333333,52.092666666666666,0.07233333333333333,0.10311333333333333,69.80866666666667,0.003,0.03466666666666667,0.46799999999999997,0.016333333333333335,0.11533333333333333,0.14266666666666666,0.08000000000000002,0.011446666666666667,0.4155533333333334,0.40933333333333344,0.11400000000000002,0.2056633333333334,0.08967,0.17800000000000002,0.047830000000000004,0.13017,0.08749666666666665,0.07116333333333331,1.2980000000000003,0.038003333333333326,0.11199666666666666,34.099999999999994,0.10283666666666669,0.19316333333333338,53.43133333333333,0.08967,0.11232999999999999,80.10799999999999,0.010833333333333335,0.038833333333333324,0.5613333333333332,0.010836666666666668,0.11300333333333336,0.098,0.07116333333333331,0.0085,0.4656700000000001
81,87,2019-04-01,1,3,2018-2019,Coop/São José Basketball,Botafogo,0,0.39166333333333336,0.11800000000000001,0.19533000000000003,0.07833333333333332,0.17799666666666666,0.04683666666666667,0.13117000000000004,0.09749666666666665,0.07649666666666666,1.2973333333333334,0.03933666666666667,0.12833,31.021999999999995,0.09766999999999999,0.17333,56.54533333333334,0.07833333333333332,0.10483666666666666,73.49733333333333,0.005503333333333335,0.03617,0.4893333333333334,0.004670000000000001,0.11850333333333335,0.04200000000000001,0.07649666666666666,0.00967,0.44033333333333335,0.3756666666666666,0.1225,0.191,0.06216666666666666,0.17283333333333334,0.06533333333333333,0.10750000000000001,0.07683333333333334,0.064,1.276,0.04083333333333334,0.12583333333333332,32.73799999999999,0.0955,0.19283333333333336,49.62466666666668,0.06216666666666666,0.088,71.394,0.003833333333333333,0.033,0.5653333333333334,0.007166666666666667,0.11200000000000002,0.06466666666666668,0.064,0.015166666666666667,0.39250000000000007
78,71,2019-04-03,1,3,2018-2019,Minas,Bauru Basket,1,0.3914466666666666,0.12433333333333331,0.19466666666666665,0.07244666666666667,0.19211333333333333,0.05966666666666668,0.13244666666666668,0.08388666666666668,0.08088666666666668,1.0659999999999998,0.04144666666666666,0.12933333333333333,32.28866666666667,0.09733333333333333,0.19022,51.34066666666666,0.07244666666666667,0.10044666666666667,69.61066666666667,0.009333333333333334,0.04,0.5039999999999999,0.011333333333333332,0.10811333333333334,0.10866666666666666,0.08088666666666668,0.012553333333333335,0.42799999999999994,0.4029999999999999,0.13900000000000004,0.19000000000000003,0.074,0.1673333333333333,0.044333333333333336,0.12300000000000004,0.08466666666666667,0.06366666666666668,1.3753333333333333,0.046333333333333344,0.13766666666666666,33.874,0.09500000000000001,0.1733333333333333,54.49933333333332,0.074,0.09999999999999999,76.11,0.005000000000000001,0.043000000000000003,0.684,0.010000000000000002,0.10766666666666666,0.08866666666666669,0.06366666666666668,0.007666666666666666,0.44766666666666655
92,86,2019-04-04,2,3,2018-2019,Corinthians,Brasília,1,0.4070000000000001,0.112,0.2059966666666667,0.08900333333333334,0.175,0.04699666666666668,0.12800333333333336,0.08566333333333333,0.07032999999999999,1.2873333333333332,0.037336666666666664,0.11166333333333332,33.60466666666667,0.10300333333333336,0.19266333333333338,53.635999999999996,0.08900333333333334,0.11066333333333332,80.46399999999998,0.010666666666666668,0.03833333333333333,0.5573333333333331,0.011003333333333335,0.11267000000000002,0.09933333333333333,0.07032999999999999,0.008333333333333333,0.46033666666666667,0.39055666666666666,0.11900000000000001,0.19822333333333336,0.07333333333333333,0.18566666666666665,0.051110000000000017,0.13455666666666666,0.07933333333333334,0.08033333333333334,1.0500000000000003,0.03966666666666667,0.12211000000000001,32.56466666666667,0.09911000000000002,0.18955666666666668,52.12533333333334,0.07333333333333333,0.10422333333333332,70.01466666666667,0.0036666666666666666,0.03366666666666667,0.44466666666666665,0.016666666666666663,0.11633333333333333,0.1446666666666667,0.08033333333333334,0.012223333333333336,0.4194433333333334
75,68,2019-04-05,1,3,2018-2019,Fortaleza B. C. / CFO,Paulistano,1,0.3776666666666667,0.11649999999999999,0.20400000000000001,0.05716666666666666,0.18016666666666664,0.053000000000000005,0.12716666666666665,0.06816666666666667,0.07316666666666666,0.9879999999999999,0.03883333333333334,0.11833333333333336,32.65,0.10200000000000001,0.19749999999999998,51.69733333333333,0.05716666666666666,0.08566666666666668,65.214,0.007333333333333334,0.039,0.5619999999999999,0.012666666666666666,0.10416666666666667,0.12333333333333332,0.07316666666666666,0.014166666666666668,0.3998333333333333,0.44499666666666676,0.174,0.1953333333333333,0.07566333333333333,0.20699666666666666,0.06167000000000001,0.14533666666666667,0.09567,0.07699666666666667,1.285333333333333,0.05800000000000002,0.15466999999999997,37.64466666666667,0.09766666666666665,0.17267,56.48200000000001,0.07566333333333333,0.10233333333333335,74.01199999999999,0.014336666666666671,0.024666666666666674,0.3233333333333333,0.01367,0.11033333333333337,0.12933333333333336,0.07699666666666667,0.009333333333333336,0.5073366666666667
66,61,2019-04-05,2,3,2018-2019,Botafogo,Coop/São José Basketball,1,0.37966666666666665,0.12299999999999998,0.19133333333333333,0.06533333333333333,0.17200000000000001,0.06366666666666666,0.10833333333333335,0.07700000000000001,0.06233333333333333,1.3079999999999998,0.041,0.12633333333333333,32.688,0.09566666666666666,0.19,50.62533333333333,0.06533333333333333,0.09233333333333334,71.42933333333333,0.003666666666666666,0.034,0.5966666666666666,0.008,0.11000000000000001,0.07466666666666667,0.06233333333333333,0.015000000000000001,0.40099999999999997,0.3879966666666667,0.11900000000000001,0.19533000000000006,0.07366666666666664,0.1759966666666667,0.04667000000000001,0.12933666666666668,0.09699666666666665,0.07733,1.264666666666667,0.039670000000000004,0.12866333333333332,31.228666666666662,0.09767,0.17199666666666671,56.908666666666676,0.07366666666666664,0.09933666666666667,72.756,0.0060033333333333345,0.03566999999999999,0.4753333333333334,0.0043366666666666675,0.1173366666666667,0.03933333333333334,0.07733,0.009336666666666667,0.43466666666666665
66,59,2019-04-06,2,3,2018-2019,Bauru Basket,Minas,1,0.3983333333333333,0.14100000000000001,0.18666666666666668,0.07066666666666667,0.1633333333333333,0.042666666666666665,0.1206666666666667,0.084,0.063,1.38,0.04700000000000001,0.13933333333333334,33.874,0.09333333333333334,0.17133333333333328,54.09866666666665,0.07066666666666667,0.094,77.58466666666666,0.004,0.04166666666666667,0.6693333333333334,0.009666666666666667,0.105,0.08800000000000002,0.063,0.007666666666666667,0.4393333333333332,0.3932233333333332,0.12866666666666665,0.19333333333333333,0.07122333333333333,0.19189,0.05900000000000002,0.13289,0.08544333333333334,0.07911,1.1326666666666665,0.042890000000000005,0.12933333333333336,33.35866666666667,0.09666666666666666,0.18844333333333335,51.46666666666666,0.07122333333333333,0.10055666666666667,68.07333333333332,0.009666666666666669,0.03933333333333333,0.5113333333333333,0.011333333333333334,0.10655666666666667,0.11066666666666665,0.07911,0.012776666666666669,0.4336666666666666
83,74,2019-04-06,3,3,2018-2019,Corinthians,Brasília,1,0.40866666666666673,0.114,0.20666333333333334,0.08800333333333334,0.176,0.04699666666666667,0.12900333333333333,0.08466333333333333,0.06966333333333334,1.2933333333333332,0.038003333333333326,0.11299666666666666,33.763333333333335,0.10333666666666669,0.19499666666666673,53.129333333333335,0.08800333333333334,0.11033,79.886,0.011666666666666667,0.03966666666666666,0.594,0.011336666666666669,0.11300333333333334,0.10200000000000001,0.06966333333333334,0.008666666666666666,0.4613366666666667,0.392,0.11800000000000001,0.198,0.07600000000000001,0.18866666666666668,0.05100000000000002,0.13766666666666666,0.07733333333333332,0.08166666666666665,0.9793333333333335,0.03933333333333333,0.121,32.57066666666667,0.099,0.18933333333333333,52.13400000000001,0.07600000000000001,0.10766666666666666,70.23,0.004,0.03233333333333334,0.4086666666666667,0.016666666666666666,0.11699999999999998,0.14400000000000002,0.08166666666666665,0.012333333333333335,0.41933333333333345
74,84,2019-04-08,2,3,2018-2019,Paulistano,Fortaleza B. C. / CFO,0,0.4356633333333334,0.1705,0.19099999999999998,0.07416333333333334,0.20649666666666666,0.06183666666666667,0.14467,0.09283666666666666,0.07616333333333333,1.2639999999999998,0.056833333333333354,0.15483666666666665,36.68933333333334,0.09549999999999999,0.17300333333333331,55.359333333333346,0.07416333333333334,0.10083333333333334,73.42,0.013170000000000005,0.024166666666666673,0.31799999999999995,0.012336666666666668,0.11000000000000003,0.11600000000000002,0.07616333333333333,0.009833333333333335,0.48983666666666664,0.37900000000000006,0.11399999999999996,0.20666666666666667,0.058333333333333334,0.17733333333333332,0.04900000000000001,0.12833333333333333,0.069,0.07200000000000001,1.03,0.038000000000000006,0.11633333333333334,32.39333333333333,0.10333333333333333,0.19799999999999998,52.220666666666666,0.058333333333333334,0.08566666666666668,66.44200000000001,0.006666666666666668,0.03766666666666666,0.5493333333333332,0.013333333333333332,0.10466666666666667,0.13,0.07200000000000001,0.01366666666666667,0.4029999999999999
85,64,2019-04-08,3,3,2018-2019,Bauru Basket,Minas,1,0.3926666666666666,0.14300000000000004,0.18266666666666667,0.06699999999999999,0.16599999999999998,0.041,0.12500000000000003,0.08200000000000002,0.063,1.3299999999999998,0.04766666666666667,0.14066666666666666,34.05466666666668,0.09133333333333334,0.16833333333333333,53.862666666666655,0.06699999999999999,0.09,76.43333333333334,0.004,0.04033333333333334,0.636,0.009666666666666667,0.1036666666666667,0.08933333333333335,0.063,0.008,0.434,0.38866666666666655,0.12699999999999997,0.19199999999999998,0.06966666666666667,0.19266666666666665,0.05766666666666668,0.13499999999999998,0.08333333333333333,0.077,1.1326666666666665,0.04233333333333334,0.12866666666666665,33.08533333333334,0.09599999999999999,0.18766666666666668,51.289333333333325,0.06966666666666667,0.10033333333333334,66.33999999999999,0.009666666666666667,0.038000000000000006,0.5093333333333333,0.012,0.10633333333333338,0.11799999999999998,0.077,0.01266666666666667,0.4283333333333333
91,76,2019-04-12,1,4,2018-2019,Botafogo,Pinheiros,1,0.37633333333333324,0.12299999999999998,0.18600000000000003,0.06733333333333331,0.17866666666666664,0.06599999999999999,0.11266666666666669,0.07633333333333335,0.05933333333333334,1.339333333333333,0.04100000000000001,0.13166666666666665,31.56533333333333,0.09300000000000001,0.18933333333333335,49.274,0.06733333333333331,0.094,72.02933333333333,0.004333333333333332,0.03333333333333333,0.6066666666666668,0.008333333333333333,0.11033333333333335,0.07800000000000001,0.05933333333333334,0.014333333333333335,0.39933333333333326,0.4153333333333334,0.16099999999999998,0.18000000000000002,0.07433333333333333,0.18733333333333338,0.058333333333333334,0.12900000000000003,0.078,0.06933333333333333,1.2,0.053666666666666675,0.14166666666666664,38.15333333333334,0.09000000000000001,0.17566666666666672,50.94799999999999,0.07433333333333333,0.10466666666666669,72.10600000000001,0.006666666666666667,0.03666666666666667,0.5599999999999999,0.007000000000000001,0.09666666666666666,0.07733333333333334,0.06933333333333333,0.014333333333333335,0.45099999999999996
73,92,2019-04-13,1,4,2018-2019,Corinthians,Flamengo,0,0.4093333333333334,0.10933333333333332,0.2088866666666667,0.09111333333333334,0.181,0.048220000000000006,0.13278,0.08621999999999999,0.07122,1.2893333333333337,0.03644666666666666,0.11122000000000001,32.684,0.1044466666666667,0.19722000000000006,53.129333333333335,0.09111333333333334,0.11555333333333333,79.32533333333335,0.011666666666666665,0.03966666666666667,0.5793333333333333,0.012780000000000001,0.11344666666666668,0.11266666666666666,0.07122,0.009,0.4654466666666666,0.4453333333333333,0.14600000000000002,0.22133333333333335,0.078,0.22100000000000003,0.06866666666666667,0.15233333333333335,0.10033333333333332,0.06766666666666667,1.5699999999999998,0.04866666666666668,0.1366666666666667,35.55733333333333,0.11066666666666668,0.19666666666666668,56.67866666666666,0.078,0.10133333333333336,76.74466666666667,0.005333333333333334,0.034999999999999996,0.5579999999999999,0.007000000000000001,0.097,0.07400000000000001,0.06766666666666667,0.007,0.5436666666666666
69,77,2019-04-13,1,4,2018-2019,Fortaleza B. C. / CFO,Mogi,0,0.3836666666666667,0.11399999999999996,0.20400000000000001,0.06566666666666666,0.17799999999999996,0.04766666666666667,0.13033333333333333,0.06966666666666667,0.06833333333333333,1.0979999999999999,0.038,0.11966666666666666,31.576000000000004,0.10200000000000001,0.196,51.972,0.06566666666666666,0.09033333333333333,70.55333333333334,0.006000000000000001,0.03666666666666666,0.5640000000000001,0.013333333333333332,0.10633333333333332,0.13,0.06833333333333333,0.012666666666666666,0.4119999999999999,0.40950000000000003,0.1275,0.2176666666666667,0.06433333333333333,0.197,0.0555,0.1415,0.0981666666666667,0.064,1.6073333333333333,0.04250000000000001,0.12083333333333335,35.45333333333333,0.10883333333333335,0.204,54.19599999999999,0.06433333333333333,0.08883333333333336,74.00600000000001,0.006333333333333333,0.030000000000000002,0.49200000000000005,0.01416666666666667,0.09433333333333335,0.15,0.064,0.0085,0.4861666666666667
82,94,2019-04-16,1,4,2018-2019,Bauru Basket,Sesi Franca,0,0.3929999999999999,0.14150000000000001,0.18433333333333335,0.06716666666666667,0.1638333333333333,0.04016666666666667,0.12366666666666666,0.08516666666666667,0.063,1.3786666666666667,0.047166666666666676,0.1378333333333333,34.658666666666676,0.09216666666666667,0.1688333333333333,54.172666666666665,0.06716666666666667,0.08850000000000001,77.42733333333332,0.0038333333333333336,0.03933333333333334,0.6206666666666668,0.009666666666666667,0.10283333333333336,0.09066666666666669,0.063,0.007833333333333335,0.43866666666666654,0.43066666666666664,0.15400000000000003,0.2033333333333333,0.07333333333333333,0.1796666666666667,0.04266666666666667,0.137,0.08866666666666667,0.063,1.4473333333333334,0.05133333333333335,0.13733333333333334,37.34,0.10166666666666666,0.17466666666666666,58.680000000000014,0.07333333333333333,0.094,78.42799999999998,0.008666666666666666,0.03833333333333333,0.6533333333333332,0.009666666666666667,0.09000000000000002,0.10466666666666669,0.063,0.010333333333333335,0.5036666666666665
79,60,2019-04-17,2,4,2018-2019,Flamengo,Corinthians,1,0.442,0.147,0.22000000000000003,0.075,0.22500000000000003,0.06866666666666667,0.15633333333333335,0.09733333333333331,0.06899999999999999,1.4973333333333332,0.04900000000000001,0.13533333333333336,36.302,0.11000000000000001,0.20033333333333336,55.31466666666666,0.075,0.09733333333333334,77.29866666666666,0.005666666666666668,0.03566666666666666,0.5586666666666668,0.006666666666666667,0.09600000000000002,0.07066666666666667,0.06899999999999999,0.007666666666666666,0.5386666666666665,0.4066666666666667,0.11266666666666666,0.20644333333333334,0.08755666666666667,0.17899999999999996,0.04710999999999999,0.13189,0.08711,0.07044333333333334,1.3226666666666667,0.03755666666666667,0.11244333333333335,33.20933333333333,0.10322333333333332,0.19744333333333336,52.42733333333334,0.08755666666666667,0.11144333333333334,79.01466666666668,0.011333333333333332,0.039999999999999994,0.5966666666666668,0.013556666666666668,0.11122333333333333,0.12266666666666667,0.07044333333333334,0.008333333333333331,0.46255666666666667
67,58,2019-04-18,2,4,2018-2019,Pinheiros,Botafogo,1,0.4136666666666666,0.15849999999999997,0.17766666666666667,0.0775,0.18483333333333332,0.056333333333333346,0.1285,0.07583333333333334,0.06966666666666668,1.1686666666666665,0.05283333333333335,0.13766666666666663,38.616666666666674,0.08883333333333333,0.1751666666666667,50.39466666666666,0.0775,0.10800000000000001,72.66866666666668,0.006,0.037166666666666674,0.564,0.007666666666666667,0.09716666666666665,0.084,0.06966666666666668,0.014666666666666668,0.44783333333333336,0.38199999999999995,0.12499999999999997,0.18866666666666668,0.06833333333333332,0.178,0.06633333333333333,0.11166666666666668,0.07833333333333334,0.060333333333333336,1.3486666666666665,0.04166666666666667,0.13066666666666665,32.25666666666667,0.09433333333333334,0.19033333333333333,49.67266666666665,0.06833333333333332,0.09099999999999998,75.02933333333334,0.005,0.033,0.5946666666666668,0.008333333333333333,0.10800000000000003,0.07933333333333334,0.060333333333333336,0.013666666666666667,0.411
96,71,2019-04-19,2,4,2018-2019,Mogi,Fortaleza B. C. / CFO,1,0.4046666666666667,0.126,0.2133333333333334,0.06533333333333333,0.19866666666666669,0.05566666666666666,0.14299999999999996,0.09733333333333336,0.063,1.6420000000000001,0.042,0.11933333333333333,35.364000000000004,0.1066666666666667,0.2023333333333333,53.611999999999995,0.06533333333333333,0.08733333333333335,75.89266666666667,0.006,0.029,0.4806666666666667,0.014666666666666668,0.09366666666666669,0.156,0.063,0.008333333333333333,0.48566666666666675,0.3835,0.11349999999999998,0.20400000000000004,0.066,0.18283333333333332,0.05300000000000001,0.12983333333333333,0.07166666666666667,0.06666666666666668,1.1953333333333331,0.03783333333333334,0.12250000000000001,30.940000000000005,0.10200000000000002,0.19849999999999998,51.43333333333332,0.066,0.091,70.37466666666666,0.0061666666666666675,0.035333333333333335,0.554,0.013,0.10566666666666667,0.12733333333333335,0.06666666666666668,0.012833333333333337,0.4128333333333333
91,65,2019-04-20,3,4,2018-2019,Flamengo,Corinthians,1,0.438,0.14300000000000004,0.22,0.07500000000000001,0.22233333333333338,0.06566666666666668,0.15666666666666665,0.09400000000000001,0.07233333333333333,1.377333333333333,0.04766666666666668,0.13066666666666665,36.32733333333333,0.11,0.20033333333333334,55.31466666666666,0.07500000000000001,0.09733333333333333,77.29866666666666,0.006666666666666668,0.03666666666666667,0.5486666666666665,0.007666666666666668,0.09666666666666669,0.08000000000000002,0.07233333333333333,0.009333333333333334,0.5306666666666666,0.3996666666666666,0.111,0.2046666666666667,0.084,0.18100000000000002,0.048333333333333325,0.13266666666666665,0.086,0.07266666666666667,1.2839999999999996,0.037000000000000005,0.10933333333333335,33.876000000000005,0.10233333333333335,0.20233333333333334,51.14533333333334,0.084,0.10700000000000003,79.13133333333333,0.011333333333333336,0.03966666666666666,0.5746666666666668,0.013666666666666667,0.11000000000000001,0.12466666666666668,0.07266666666666667,0.009333333333333332,0.4516666666666666
89,64,2019-04-20,3,4,2018-2019,Pinheiros,Botafogo,1,0.409,0.15299999999999997,0.17600000000000002,0.08000000000000002,0.18533333333333332,0.055000000000000014,0.13033333333333333,0.07466666666666667,0.07,1.15,0.05100000000000002,0.13333333333333333,38.330666666666666,0.08800000000000001,0.1746666666666667,50.04333333333332,0.08000000000000002,0.11133333333333333,72.59666666666668,0.005333333333333333,0.03666666666666667,0.5553333333333332,0.007666666666666667,0.098,0.08333333333333333,0.07,0.015000000000000001,0.4426666666666667,0.3783333333333333,0.12799999999999997,0.18133333333333335,0.06899999999999999,0.1756666666666667,0.06466666666666666,0.11100000000000002,0.07733333333333332,0.063,1.2973333333333332,0.04266666666666667,0.13133333333333333,32.87866666666667,0.09066666666666667,0.18633333333333332,48.55199999999999,0.06899999999999999,0.09266666666666667,74.15799999999999,0.004666666666666667,0.033,0.5820000000000001,0.008666666666666666,0.10866666666666668,0.08200000000000002,0.063,0.014000000000000002,0.4013333333333333
73,71,2019-04-21,3,4,2018-2019,Mogi,Fortaleza B. C. / CFO,1,0.40733333333333344,0.12100000000000001,0.2186666666666667,0.06766666666666668,0.19533333333333333,0.05466666666666667,0.14066666666666666,0.09500000000000001,0.06433333333333334,1.5400000000000003,0.04033333333333334,0.11633333333333333,34.85,0.10933333333333335,0.2023333333333333,54.882,0.06766666666666668,0.08933333333333335,76.89133333333334,0.007,0.029999999999999995,0.48733333333333334,0.013333333333333334,0.09266666666666667,0.14333333333333334,0.06433333333333334,0.008666666666666666,0.4853333333333333,0.384,0.11699999999999998,0.202,0.065,0.18166666666666664,0.055000000000000014,0.12666666666666665,0.07233333333333333,0.06733333333333334,1.1973333333333331,0.03900000000000001,0.12366666666666666,31.577999999999996,0.101,0.1993333333333333,50.75666666666667,0.065,0.08866666666666667,72.27933333333334,0.006000000000000001,0.036000000000000004,0.5579999999999999,0.012666666666666666,0.10533333333333333,0.12466666666666668,0.06733333333333334,0.013666666666666669,0.4116666666666667
83,77,2019-04-22,2,4,2018-2019,Sesi Franca,Bauru Basket,1,0.4356666666666666,0.16100000000000003,0.20199999999999999,0.07266666666666667,0.17833333333333334,0.041999999999999996,0.13633333333333333,0.08966666666666666,0.06066666666666667,1.5213333333333334,0.053666666666666675,0.1396666666666667,38.61000000000001,0.10099999999999999,0.17433333333333334,58.442,0.07266666666666667,0.09466666666666666,76.91199999999999,0.008333333333333333,0.04066666666666667,0.7146666666666666,0.009666666666666667,0.08933333333333333,0.10533333333333335,0.06066666666666667,0.010000000000000002,0.5113333333333332,0.39233333333333337,0.143,0.18533333333333335,0.06400000000000002,0.16266666666666665,0.04033333333333333,0.12233333333333335,0.087,0.06333333333333332,1.398,0.04766666666666666,0.141,34.306666666666665,0.09266666666666667,0.16766666666666666,54.958666666666666,0.06400000000000002,0.083,78.42133333333332,0.004,0.03766666666666667,0.594,0.009000000000000001,0.10200000000000002,0.08466666666666667,0.06333333333333332,0.007333333333333333,0.43733333333333324
90,68,2019-04-24,3,4,2018-2019,Sesi Franca,Bauru Basket,1,0.43166666666666664,0.162,0.19999999999999998,0.06966666666666667,0.178,0.043333333333333335,0.13466666666666666,0.09066666666666667,0.06000000000000002,1.5559999999999998,0.05400000000000002,0.14033333333333334,38.686666666666675,0.09999999999999999,0.17500000000000002,57.51200000000001,0.06966666666666667,0.09200000000000001,76.198,0.008666666666666666,0.04200000000000001,0.7466666666666666,0.010666666666666668,0.09066666666666667,0.11800000000000002,0.06000000000000002,0.009333333333333332,0.5086666666666665,0.39066666666666666,0.144,0.18533333333333332,0.061333333333333344,0.16366666666666668,0.043000000000000003,0.12066666666666667,0.08433333333333333,0.064,1.3466666666666665,0.048,0.14466666666666667,33.514,0.09266666666666666,0.16766666666666666,54.958666666666666,0.061333333333333344,0.07933333333333334,78.42133333333332,0.004333333333333333,0.037000000000000005,0.5793333333333333,0.009333333333333334,0.10333333333333335,0.08666666666666668,0.064,0.008,0.43066666666666664
88,73,2019-04-27,4,4,2018-2019,Botafogo,Pinheiros,1,0.3755,0.1265,0.17966666666666667,0.06933333333333333,0.17316666666666664,0.06433333333333334,0.10883333333333335,0.07600000000000001,0.0635,1.2713333333333334,0.04216666666666668,0.13016666666666668,32.775333333333336,0.08983333333333333,0.18599999999999997,48.203999999999986,0.06933333333333333,0.09266666666666667,74.52866666666665,0.004666666666666667,0.033,0.5793333333333333,0.009000000000000001,0.1095,0.08466666666666667,0.0635,0.013666666666666667,0.3950000000000001,0.4096666666666666,0.15899999999999997,0.174,0.07666666666666666,0.18533333333333332,0.05433333333333334,0.13100000000000003,0.077,0.07033333333333333,1.1726666666666667,0.053000000000000005,0.13166666666666665,40.236000000000004,0.087,0.17400000000000002,49.605999999999995,0.07666666666666666,0.107,72.16533333333335,0.005333333333333333,0.03500000000000001,0.5346666666666666,0.008,0.098,0.08600000000000001,0.07033333333333333,0.014000000000000002,0.44833333333333325
78,82,2019-04-30,5,4,2018-2019,Pinheiros,Botafogo,0,0.4071666666666667,0.15299999999999997,0.17666666666666667,0.07749999999999999,0.18599999999999997,0.05666666666666668,0.12933333333333336,0.07616666666666667,0.07066666666666667,1.1520000000000001,0.051000000000000004,0.13299999999999998,38.41533333333334,0.08833333333333333,0.1736666666666667,50.422,0.07749999999999999,0.10800000000000001,72.32133333333334,0.005166666666666667,0.036666666666666674,0.5599999999999999,0.007666666666666668,0.098,0.08266666666666668,0.07066666666666667,0.014000000000000002,0.4445,0.3806666666666667,0.13199999999999998,0.18000000000000002,0.06866666666666667,0.174,0.06333333333333334,0.11066666666666668,0.07766666666666668,0.06466666666666666,1.2746666666666664,0.04400000000000001,0.13333333333333333,33.246,0.09000000000000001,0.18366666666666662,48.959333333333326,0.06866666666666667,0.09100000000000001,75.35533333333333,0.005,0.03266666666666667,0.5693333333333331,0.009666666666666665,0.11133333333333334,0.08866666666666667,0.06466666666666666,0.013000000000000005,0.404
77,79,2019-05-03,1,5,2018-2019,Botafogo,Flamengo,0,0.38400000000000006,0.13899999999999998,0.174,0.07100000000000001,0.17733333333333332,0.06400000000000002,0.11333333333333333,0.07666666666666667,0.06533333333333333,1.2513333333333334,0.046333333333333324,0.13233333333333333,35.58533333333333,0.087,0.18233333333333332,47.61666666666666,0.07100000000000001,0.09433333333333334,75.26866666666666,0.004666666666666667,0.03266666666666667,0.5653333333333332,0.011,0.11100000000000002,0.10133333333333333,0.06533333333333333,0.011666666666666669,0.4110000000000001,0.438,0.143,0.2206666666666667,0.07433333333333335,0.22433333333333338,0.06666666666666668,0.15766666666666662,0.09333333333333334,0.071,1.3906666666666667,0.04766666666666668,0.13499999999999998,34.902,0.11033333333333335,0.1996666666666667,55.707333333333324,0.07433333333333335,0.096,77.71533333333333,0.006333333333333332,0.038666666666666655,0.5866666666666666,0.008000000000000002,0.09466666666666668,0.08466666666666668,0.071,0.009000000000000001,0.5329999999999999
77,85,2019-05-04,1,5,2018-2019,Mogi,Sesi Franca,0,0.40199999999999997,0.125,0.2116666666666667,0.06533333333333334,0.19483333333333336,0.05566666666666668,0.13916666666666663,0.09350000000000001,0.063,1.5426666666666669,0.04166666666666667,0.1193333333333333,35.12533333333333,0.10583333333333335,0.20083333333333328,53.556,0.06533333333333334,0.08566666666666665,77.16466666666666,0.007,0.029833333333333333,0.4926666666666667,0.013000000000000001,0.09283333333333335,0.13933333333333334,0.063,0.008166666666666666,0.4766666666666666,0.4343333333333333,0.165,0.19799999999999998,0.07133333333333332,0.181,0.044666666666666674,0.13633333333333333,0.09333333333333332,0.05900000000000002,1.6453333333333333,0.055000000000000014,0.14100000000000001,39.263333333333335,0.09899999999999999,0.17633333333333334,56.49066666666667,0.07133333333333332,0.09400000000000001,76.29333333333334,0.009000000000000003,0.04100000000000001,0.7393333333333333,0.010333333333333335,0.092,0.11333333333333336,0.05900000000000002,0.008,0.5143333333333333
89,78,2019-05-08,2,5,2018-2019,Sesi Franca,Mogi,1,0.4368333333333333,0.165,0.2,0.07183333333333332,0.18066666666666667,0.04433333333333334,0.13633333333333333,0.09316666666666666,0.05883333333333334,1.6466666666666667,0.05500000000000002,0.1406666666666667,39.34733333333334,0.1,0.17766666666666667,56.669333333333334,0.07183333333333332,0.09366666666666666,77.07400000000001,0.009333333333333336,0.04233333333333334,0.7653333333333333,0.009833333333333331,0.09133333333333332,0.10733333333333335,0.05883333333333334,0.0085,0.5183333333333333,0.398,0.12699999999999997,0.2086666666666667,0.06233333333333334,0.1926666666666667,0.05500000000000001,0.13766666666666666,0.093,0.061000000000000006,1.576,0.04233333333333335,0.12066666666666666,35.33866666666666,0.10433333333333335,0.2003333333333333,52.98666666666667,0.06233333333333334,0.08166666666666668,76.83533333333334,0.006333333333333332,0.02866666666666667,0.4866666666666667,0.011333333333333334,0.09233333333333335,0.12266666666666666,0.061000000000000006,0.007000000000000001,0.4686666666666666
81,69,2019-05-09,2,5,2018-2019,Flamengo,Botafogo,1,0.4361666666666667,0.1435,0.22166666666666668,0.07100000000000001,0.221,0.06533333333333334,0.15566666666666665,0.09550000000000002,0.07,1.4439999999999997,0.047833333333333346,0.13533333333333336,34.948,0.11083333333333334,0.1993333333333334,56.07199999999999,0.07100000000000001,0.09266666666666666,76.45266666666666,0.0065,0.03916666666666666,0.6,0.007666666666666668,0.09583333333333335,0.08133333333333334,0.07,0.009333333333333334,0.5318333333333333,0.3866666666666667,0.1375,0.17633333333333334,0.07283333333333335,0.17266666666666666,0.061333333333333344,0.11133333333333334,0.07816666666666668,0.06449999999999999,1.2993333333333335,0.04583333333333332,0.13116666666666668,35.464000000000006,0.08816666666666667,0.181,48.75,0.07283333333333335,0.09450000000000001,77.17333333333333,0.004666666666666667,0.032000000000000015,0.56,0.010499999999999999,0.11133333333333331,0.096,0.06449999999999999,0.011833333333333336,0.415
108,100,2019-05-10,3,5,2018-2019,Sesi Franca,Mogi,1,0.4406666666666667,0.16999999999999998,0.19866666666666666,0.072,0.18333333333333332,0.04633333333333334,0.13699999999999998,0.09433333333333334,0.057666666666666686,1.718,0.05666666666666667,0.14366666666666666,39.638,0.09933333333333333,0.17733333333333334,56.30799999999999,0.072,0.09366666666666669,77.24066666666666,0.009000000000000003,0.04200000000000001,0.7726666666666667,0.009333333333333334,0.09233333333333334,0.10133333333333334,0.057666666666666686,0.008333333333333333,0.5246666666666667,0.3985,0.1255,0.21100000000000002,0.06200000000000001,0.19116666666666668,0.05583333333333334,0.13533333333333336,0.09266666666666667,0.059500000000000004,1.6066666666666667,0.04183333333333335,0.12316666666666667,33.96666666666667,0.10550000000000001,0.20183333333333334,53.20466666666667,0.06200000000000001,0.08016666666666668,77.60799999999999,0.006166666666666667,0.028000000000000004,0.4853333333333333,0.011666666666666667,0.09450000000000001,0.12466666666666669,0.059500000000000004,0.006666666666666667,0.46633333333333327
77,81,2019-05-11,3,5,2018-2019,Flamengo,Botafogo,0,0.4350000000000001,0.144,0.21800000000000003,0.07300000000000001,0.22,0.06366666666666668,0.15633333333333332,0.09600000000000003,0.06866666666666667,1.4786666666666668,0.04800000000000001,0.13499999999999998,35.215333333333334,0.10900000000000001,0.19733333333333336,55.66066666666666,0.07300000000000001,0.09566666666666666,76.24733333333333,0.006666666666666666,0.03866666666666666,0.598,0.008666666666666666,0.09466666666666668,0.09266666666666667,0.06866666666666667,0.010000000000000002,0.5316666666666666,0.3866666666666667,0.137,0.17866666666666664,0.071,0.16666666666666666,0.056666666666666685,0.11,0.08000000000000002,0.06433333333333333,1.3326666666666669,0.04566666666666666,0.13,35.60933333333333,0.08933333333333332,0.1793333333333333,50.019333333333336,0.071,0.09266666666666666,76.3,0.004666666666666667,0.032000000000000015,0.5613333333333335,0.010333333333333333,0.11433333333333334,0.092,0.06433333333333333,0.012666666666666668,0.41433333333333333
75,90,2019-05-14,4,5,2018-2019,Botafogo,Flamengo,0,0.39133333333333337,0.14,0.17666666666666667,0.07466666666666666,0.16899999999999998,0.05633333333333336,0.11266666666666669,0.08066666666666668,0.06566666666666666,1.2766666666666668,0.04666666666666667,0.12833333333333335,36.778,0.08833333333333333,0.17899999999999996,49.588,0.07466666666666666,0.09566666666666666,77.88733333333333,0.004666666666666667,0.031333333333333345,0.4993333333333334,0.009666666666666667,0.11666666666666665,0.08466666666666667,0.06566666666666666,0.013666666666666667,0.42200000000000004,0.43233333333333335,0.1445,0.21033333333333337,0.0775,0.2158333333333333,0.06333333333333334,0.15250000000000002,0.09716666666666669,0.06883333333333334,1.496,0.04816666666666668,0.13533333333333336,35.274,0.10516666666666669,0.19200000000000003,55.18266666666667,0.0775,0.10316666666666666,75.81866666666666,0.006666666666666666,0.03816666666666667,0.5873333333333333,0.008166666666666668,0.09633333333333334,0.08600000000000001,0.06883333333333334,0.009333333333333334,0.5231666666666666
82,68,2019-05-19,1,6,2018-2019,Flamengo,Sesi Franca,1,0.434,0.149,0.20733333333333334,0.07766666666666668,0.2123333333333333,0.06300000000000001,0.14933333333333335,0.09933333333333333,0.06866666666666668,1.544,0.04966666666666668,0.13766666666666666,35.832666666666675,0.10366666666666667,0.18900000000000003,55.330666666666666,0.07766666666666668,0.10233333333333333,76.83466666666666,0.006333333333333334,0.03933333333333333,0.612,0.008000000000000002,0.09666666666666668,0.08333333333333334,0.06866666666666668,0.009000000000000001,0.5263333333333333,0.4473333333333333,0.17799999999999996,0.198,0.07133333333333332,0.18166666666666664,0.04533333333333333,0.13633333333333333,0.09600000000000002,0.056666666666666685,1.7706666666666666,0.059333333333333335,0.14566666666666664,40.84199999999999,0.099,0.176,56.562666666666665,0.07133333333333332,0.09366666666666669,76.57400000000001,0.010333333333333333,0.04100000000000001,0.7633333333333334,0.008666666666666666,0.094,0.09266666666666667,0.056666666666666685,0.009000000000000001,0.5316666666666666
88,79,2019-05-23,2,6,2018-2019,Sesi Franca,Flamengo,1,0.4453333333333333,0.18000000000000002,0.19666666666666668,0.06866666666666667,0.18133333333333332,0.04466666666666666,0.1366666666666667,0.09566666666666669,0.056666666666666685,1.764,0.05999999999999999,0.14666666666666667,41.039333333333325,0.09833333333333334,0.1753333333333333,56.346666666666664,0.06866666666666667,0.08933333333333333,77.46266666666666,0.009666666666666665,0.03900000000000001,0.7233333333333334,0.007666666666666667,0.09133333333333332,0.08600000000000001,0.056666666666666685,0.008666666666666666,0.5273333333333334,0.4296666666666667,0.15,0.20466666666666666,0.075,0.21266666666666664,0.061333333333333344,0.15133333333333338,0.09933333333333333,0.06766666666666668,1.644,0.05000000000000002,0.13933333333333334,35.656666666666666,0.10233333333333333,0.1856666666666667,55.491333333333344,0.075,0.09866666666666665,77.08866666666668,0.005333333333333334,0.03866666666666667,0.64,0.008666666666666666,0.09466666666666668,0.09333333333333334,0.06766666666666668,0.009333333333333334,0.525
77,71,2019-05-25,3,6,2018-2019,Sesi Franca,Flamengo,1,0.4436666666666667,0.17899999999999996,0.19833333333333336,0.06633333333333333,0.18249999999999997,0.04383333333333334,0.13866666666666666,0.09200000000000001,0.05583333333333335,1.7213333333333332,0.05966666666666666,0.1456666666666667,41.15133333333334,0.09916666666666668,0.17666666666666664,56.39199999999999,0.06633333333333333,0.08716666666666666,76.37200000000001,0.009000000000000001,0.0375,0.7046666666666668,0.008000000000000002,0.09066666666666666,0.09066666666666667,0.05583333333333335,0.008166666666666666,0.5228333333333334,0.4296666666666667,0.156,0.20066666666666666,0.073,0.21033333333333332,0.060666666666666674,0.14966666666666667,0.09666666666666666,0.06633333333333334,1.6326666666666667,0.05200000000000002,0.14066666666666666,36.88866666666667,0.10033333333333333,0.18433333333333335,54.88400000000001,0.073,0.09633333333333333,76.93,0.004666666666666667,0.03866666666666667,0.6566666666666666,0.007999999999999998,0.09366666666666666,0.08866666666666669,0.06633333333333334,0.009333333333333334,0.521
76,62,2019-06-01,4,6,2018-2019,Flamengo,Sesi Franca,1,0.42900000000000005,0.15899999999999997,0.1993333333333333,0.07066666666666667,0.20800000000000002,0.061333333333333344,0.14666666666666667,0.09566666666666666,0.06233333333333335,1.6780000000000002,0.05300000000000001,0.14333333333333334,36.915333333333336,0.09966666666666665,0.18666666666666668,53.70933333333334,0.07066666666666667,0.09466666666666666,75.70800000000001,0.004333333333333333,0.03966666666666666,0.6826666666666665,0.008,0.09433333333333334,0.08866666666666669,0.06233333333333335,0.008666666666666666,0.5166666666666667,0.43833333333333335,0.17400000000000002,0.1993333333333333,0.065,0.18666666666666665,0.046,0.14066666666666666,0.08833333333333335,0.05433333333333335,1.6986666666666668,0.05800000000000001,0.14666666666666667,39.684,0.09966666666666665,0.17566666666666667,56.976,0.065,0.086,75.80066666666669,0.008666666666666666,0.03666666666666667,0.7093333333333335,0.007666666666666667,0.09,0.08800000000000002,0.05433333333333335,0.008,0.5170000000000001
72,81,2019-06-08,5,6,2018-2019,Sesi Franca,Flamengo,0,0.428,0.16899999999999998,0.19533333333333333,0.06366666666666666,0.186,0.04600000000000001,0.13999999999999999,0.08733333333333333,0.05500000000000001,1.68,0.05633333333333333,0.146,38.60333333333334,0.09766666666666667,0.1743333333333333,56.190000000000005,0.06366666666666666,0.08600000000000001,74.46733333333333,0.008666666666666666,0.036666666666666674,0.7066666666666668,0.007000000000000001,0.09099999999999998,0.08133333333333334,0.05500000000000001,0.007666666666666667,0.5006666666666667,0.427,0.153,0.202,0.07200000000000002,0.20533333333333334,0.059000000000000004,0.14633333333333334,0.095,0.06200000000000003,1.6740000000000002,0.051000000000000004,0.141,35.88333333333333,0.101,0.1846666666666667,54.70133333333334,0.07200000000000002,0.09666666666666666,75.68,0.004999999999999999,0.03966666666666667,0.6866666666666664,0.007333333333333333,0.09600000000000002,0.08133333333333334,0.06200000000000003,0.008333333333333333,0.514
85,93,2019-10-12,1,1,2019-2020,Minas,Flamengo,0,0.0,0.0,0.0,0.0,0.0,0.0,0.0,0.0,0.0,0.0,0.0,0.0,0.0,0.0,0.0,0.0,0.0,0.0,0.0,0.0,0.0,0.0,0.0,0.0,0.0,0.0,0.0,0.0,0.0,0.0,0.0,0.0,0.0,0.0,0.0,0.0,0.0,0.0,0.0,0.0,0.0,0.0,0.0,0.0,0.0,0.0,0.0,0.0,0.0,0.0,0.0,0.0,0.0,0.0,0.0,0.0
101,86,2019-10-12,1,1,2019-2020,UNIFACISA,Rio Claro,1,0.0,0.0,0.0,0.0,0.0,0.0,0.0,0.0,0.0,0.0,0.0,0.0,0.0,0.0,0.0,0.0,0.0,0.0,0.0,0.0,0.0,0.0,0.0,0.0,0.0,0.0,0.0,0.0,0.0,0.0,0.0,0.0,0.0,0.0,0.0,0.0,0.0,0.0,0.0,0.0,0.0,0.0,0.0,0.0,0.0,0.0,0.0,0.0,0.0,0.0,0.0,0.0,0.0,0.0,0.0,0.0
87,90,2019-10-14,1,1,2019-2020,Fortaleza B. C. / CFO,Rio Claro,0,0.0,0.0,0.0,0.0,0.0,0.0,0.0,0.0,0.0,0.0,0.0,0.0,0.0,0.0,0.0,0.0,0.0,0.0,0.0,0.0,0.0,0.0,0.0,0.0,0.0,0.0,0.0,0.0,0.44,0.15,0.185,0.105,0.18,0.0325,0.1475,0.0675,0.065,1.04,0.05,0.1275,39.22,0.0925,0.175,52.86,0.105,0.13,80.77,0.0075,0.0175,0.27,0.005,0.125,0.04,0.065,0.01,0.46
84,85,2019-10-14,1,1,2019-2020,Minas,Botafogo,0,0.4225,0.1575,0.195,0.07,0.16,0.0625,0.0975,0.09,0.0625,1.44,0.0525,0.15,35.0,0.0975,0.165,59.09,0.07,0.1,70.0,0.005,0.0425,0.68,0.0125,0.1225,0.1,0.0625,0.01,0.47,0.0,0.0,0.0,0.0,0.0,0.0,0.0,0.0,0.0,0.0,0.0,0.0,0.0,0.0,0.0,0.0,0.0,0.0,0.0,0.0,0.0,0.0,0.0,0.0,0.0,0.0,0.0,0.0
93,75,2019-10-15,1,1,2019-2020,Paulistano,Coop/São José Basketball,1,0.0,0.0,0.0,0.0,0.0,0.0,0.0,0.0,0.0,0.0,0.0,0.0,0.0,0.0,0.0,0.0,0.0,0.0,0.0,0.0,0.0,0.0,0.0,0.0,0.0,0.0,0.0,0.0,0.0,0.0,0.0,0.0,0.0,0.0,0.0,0.0,0.0,0.0,0.0,0.0,0.0,0.0,0.0,0.0,0.0,0.0,0.0,0.0,0.0,0.0,0.0,0.0,0.0,0.0,0.0,0.0
84,97,2019-10-15,1,1,2019-2020,Corinthians,São Paulo,0,0.0,0.0,0.0,0.0,0.0,0.0,0.0,0.0,0.0,0.0,0.0,0.0,0.0,0.0,0.0,0.0,0.0,0.0,0.0,0.0,0.0,0.0,0.0,0.0,0.0,0.0,0.0,0.0,0.0,0.0,0.0,0.0,0.0,0.0,0.0,0.0,0.0,0.0,0.0,0.0,0.0,0.0,0.0,0.0,0.0,0.0,0.0,0.0,0.0,0.0,0.0,0.0,0.0,0.0,0.0,0.0
76,60,2019-10-16,1,1,2019-2020,UNIFACISA,Pato Basquete,1,0.4425,0.1575,0.22,0.065,0.21,0.0575,0.1525,0.09,0.065,1.38,0.0525,0.1325,39.62,0.11,0.2225,49.44,0.065,0.1025,63.41,0.0125,0.045,0.69,0.015,0.1,0.15,0.065,0.015,0.5075,0.0,0.0,0.0,0.0,0.0,0.0,0.0,0.0,0.0,0.0,0.0,0.0,0.0,0.0,0.0,0.0,0.0,0.0,0.0,0.0,0.0,0.0,0.0,0.0,0.0,0.0,0.0,0.0
78,63,2019-10-16,1,1,2019-2020,Brasília,Botafogo,1,0.0,0.0,0.0,0.0,0.0,0.0,0.0,0.0,0.0,0.0,0.0,0.0,0.0,0.0,0.0,0.0,0.0,0.0,0.0,0.0,0.0,0.0,0.0,0.0,0.0,0.0,0.0,0.0,0.37,0.18,0.11,0.08,0.1875,0.0675,0.12,0.065,0.0925,0.7,0.06,0.1525,39.34,0.055,0.15,36.67,0.08,0.105,76.19,0.0025,0.0425,0.46,0.0125,0.11,0.11,0.0925,0.0175,0.3725
94,105,2019-10-17,1,1,2019-2020,Paulistano,Mogi,0,0.4675,0.195,0.195,0.0775,0.195,0.0575,0.1375,0.115,0.07,1.64,0.065,0.1925,33.77,0.0975,0.1525,63.93,0.0775,0.0975,79.49,0.03,0.055,0.79,0.0075,0.1325,0.06,0.07,0.01,0.5675,0.0,0.0,0.0,0.0,0.0,0.0,0.0,0.0,0.0,0.0,0.0,0.0,0.0,0.0,0.0,0.0,0.0,0.0,0.0,0.0,0.0,0.0,0.0,0.0,0.0,0.0,0.0,0.0
78,58,2019-10-18,1,1,2019-2020,Fortaleza B. C. / CFO,Pato Basquete,1,0.4125,0.135,0.185,0.0925,0.1825,0.055,0.1275,0.0675,0.0475,1.42,0.045,0.1375,32.73,0.0925,0.18,51.39,0.0925,0.12,77.08,0.0025,0.0325,0.68,0.0125,0.105,0.12,0.0475,0.0075,0.4525,0.295,0.06,0.185,0.05,0.2025,0.07,0.1325,0.06,0.08,0.75,0.02,0.09,22.22,0.0925,0.225,41.11,0.05,0.0725,68.97,0.0075,0.0325,0.41,0.01,0.095,0.11,0.08,0.025,0.295
73,67,2019-10-18,1,1,2019-2020,São Paulo,Coop/São José Basketball,1,0.425,0.135,0.225,0.065,0.2275,0.0425,0.185,0.1,0.0825,1.21,0.045,0.1325,33.96,0.1125,0.19,59.21,0.065,0.0925,70.27,0.01,0.0325,0.39,0.025,0.0725,0.34,0.0825,0.0075,0.535,0.355,0.1125,0.17,0.0725,0.2125,0.08,0.1325,0.0825,0.0525,1.57,0.0375,0.14,26.79,0.085,0.2325,36.56,0.0725,0.0925,78.38,0.0025,0.03,0.57,0.005,0.095,0.05,0.0525,0.005,0.3625
81,86,2019-10-18,1,1,2019-2020,Brasília,Flamengo,0,0.3975,0.1425,0.195,0.06,0.2175,0.065,0.1525,0.07,0.0825,0.85,0.0475,0.1175,40.43,0.0975,0.1925,50.65,0.06,0.09,66.67,0.015,0.0325,0.39,0.0125,0.1075,0.12,0.0825,0.01,0.445,0.4475,0.1125,0.235,0.1,0.1575,0.0375,0.12,0.0975,0.0525,1.86,0.0375,0.115,32.61,0.1175,0.19,61.84,0.1,0.13,76.92,0.0075,0.035,0.67,0.0075,0.0875,0.09,0.0525,0.0075,0.5125
87,89,2019-10-19,1,1,2019-2020,Corinthians,Sesi Franca,0,0.4275,0.1575,0.21,0.06,0.1725,0.055,0.1175,0.0825,0.055,1.5,0.0525,0.13,40.38,0.105,0.2225,47.19,0.06,0.085,70.59,0.0175,0.025,0.45,0.015,0.1175,0.13,0.055,0.005,0.4475,0.0,0.0,0.0,0.0,0.0,0.0,0.0,0.0,0.0,0.0,0.0,0.0,0.0,0.0,0.0,0.0,0.0,0.0,0.0,0.0,0.0,0.0,0.0,0.0,0.0,0.0,0.0,0.0
87,96,2019-10-21,2,1,2019-2020,Pinheiros,Sesi Franca,0,0.0,0.0,0.0,0.0,0.0,0.0,0.0,0.0,0.0,0.0,0.0,0.0,0.0,0.0,0.0,0.0,0.0,0.0,0.0,0.0,0.0,0.0,0.0,0.0,0.0,0.0,0.0,0.0,0.445,0.165,0.15,0.13,0.185,0.045,0.14,0.095,0.075,1.27,0.055,0.125,44.0,0.075,0.14,53.57,0.13,0.15,86.67,0.005,0.02,0.27,0.0,0.11,0.0,0.075,0.02,0.515
88,71,2019-10-21,2,1,2019-2020,Corinthians,Bauru Basket,1,0.4275,0.1575,0.21,0.06,0.1725,0.055,0.1175,0.0825,0.055,1.5,0.0525,0.13,40.38,0.105,0.2225,47.19,0.06,0.085,70.59,0.0175,0.025,0.45,0.015,0.1175,0.13,0.055,0.005,0.4475,0.0,0.0,0.0,0.0,0.0,0.0,0.0,0.0,0.0,0.0,0.0,0.0,0.0,0.0,0.0,0.0,0.0,0.0,0.0,0.0,0.0,0.0,0.0,0.0,0.0,0.0,0.0,0.0
78,75,2019-10-22,2,1,2019-2020,Flamengo,Paulistano,1,0.4475,0.1125,0.235,0.1,0.1575,0.0375,0.12,0.0975,0.0525,1.86,0.0375,0.115,32.61,0.1175,0.19,61.84,0.1,0.13,76.92,0.0075,0.035,0.67,0.0075,0.0875,0.09,0.0525,0.0075,0.5125,0.4675,0.195,0.195,0.0775,0.195,0.0575,0.1375,0.115,0.07,1.64,0.065,0.1925,33.77,0.0975,0.1525,63.93,0.0775,0.0975,79.49,0.03,0.055,0.79,0.0075,0.1325,0.06,0.07,0.01,0.5675
80,83,2019-10-22,2,1,2019-2020,São Paulo,Mogi,0,0.425,0.135,0.225,0.065,0.2275,0.0425,0.185,0.1,0.0825,1.21,0.045,0.1325,33.96,0.1125,0.19,59.21,0.065,0.0925,70.27,0.01,0.0325,0.39,0.025,0.0725,0.34,0.0825,0.0075,0.535,0.525,0.225,0.17,0.13,0.175,0.04,0.135,0.1,0.08,1.25,0.075,0.155,48.39,0.085,0.17,50.0,0.13,0.155,83.87,0.0,0.06,0.75,0.0,0.09,0.0,0.08,0.01,0.59
89,90,2019-10-22,2,1,2019-2020,Rio Claro,Minas,0,0.44,0.15,0.185,0.105,0.18,0.0325,0.1475,0.0675,0.065,1.04,0.05,0.1275,39.22,0.0925,0.175,52.86,0.105,0.13,80.77,0.0075,0.0175,0.27,0.005,0.125,0.04,0.065,0.01,0.46,0.4225,0.1575,0.195,0.07,0.16,0.0625,0.0975,0.09,0.0625,1.44,0.0525,0.15,35.0,0.0975,0.165,59.09,0.07,0.1,70.0,0.005,0.0425,0.68,0.0125,0.1225,0.1,0.0625,0.01,0.47
76,68,2019-10-23,2,1,2019-2020,Pinheiros,Bauru Basket,1,0.40665,0.15,0.19335000000000002,0.06335,0.19,0.05835,0.13165,0.07835,0.06835,1.15,0.05,0.135,37.04,0.09664999999999999,0.19665,49.15,0.06335,0.08835000000000001,71.7,0.01165,0.04665,0.68,0.00835,0.105,0.08,0.06835,0.013349999999999999,0.45165,0.3475,0.105,0.17,0.0725,0.1725,0.0425,0.13,0.055,0.0825,0.67,0.035,0.1275,27.45,0.085,0.165,51.52,0.0725,0.105,69.05,0.01,0.0425,0.52,0.01,0.0925,0.11,0.0825,0.015,0.34
62,80,2019-10-24,2,1,2019-2020,Pato Basquete,Minas,0,0.295,0.06,0.185,0.05,0.2025,0.07,0.1325,0.06,0.08,0.75,0.02,0.09,22.22,0.0925,0.225,41.11,0.05,0.0725,68.97,0.0075,0.0325,0.41,0.01,0.095,0.11,0.08,0.025,0.295,0.42333333333333334,0.135,0.21333333333333335,0.07500000000000001,0.17833333333333334,0.06166666666666667,0.11666666666666665,0.08750000000000001,0.065,1.3533333333333333,0.045000000000000005,0.14166666666666666,31.333333333333332,0.10666666666666667,0.17250000000000001,61.616666666666674,0.07500000000000001,0.105,71.30333333333333,0.004166666666666667,0.04,0.62,0.01,0.12083333333333333,0.08,0.065,0.008333333333333333,0.4808333333333333
85,79,2019-10-24,2,1,2019-2020,Mogi,Corinthians,1,0.47250000000000003,0.16875,0.1775,0.12625,0.16875,0.035,0.13375,0.08375,0.0625,1.375,0.056249999999999994,0.14750000000000002,37.59,0.08875,0.16375,54.364999999999995,0.12625,0.15125,83.46000000000001,0.005,0.04625,0.735,0.00875,0.09375,0.09,0.0625,0.0125,0.52625,0.425,0.16166666666666665,0.20778333333333332,0.055549999999999995,0.17945,0.055,0.12444999999999999,0.08721666666666666,0.05833333333333333,1.4966666666666668,0.05388333333333333,0.12721666666666667,42.446666666666665,0.10388333333333333,0.21278333333333332,48.99,0.055549999999999995,0.08221666666666667,67.35000000000001,0.016116666666666668,0.026116666666666667,0.4466666666666667,0.011666666666666665,0.11111666666666666,0.10333333333333333,0.05833333333333333,0.00555,0.46221666666666666
86,75,2019-10-25,2,1,2019-2020,Sesi Franca,UNIFACISA,1,0.45,0.1575,0.185,0.10750000000000001,0.1875,0.045,0.14250000000000002,0.0925,0.07125000000000001,1.3,0.052500000000000005,0.13125,40.18,0.0925,0.16375,56.120000000000005,0.10750000000000001,0.125,85.83500000000001,0.00375,0.027500000000000004,0.395,0.00375,0.10250000000000001,0.04,0.07125000000000001,0.01375,0.5225,0.4425,0.1575,0.22,0.065,0.21,0.0575,0.1525,0.09,0.065,1.38,0.0525,0.1325,39.62,0.11,0.2225,49.44,0.065,0.1025,63.41,0.0125,0.045,0.69,0.015,0.1,0.15,0.065,0.015,0.5075
95,102,2019-10-25,2,1,2019-2020,Flamengo,São Paulo,0,0.44250000000000006,0.145,0.21,0.08750000000000001,0.165,0.03833333333333333,0.12666666666666668,0.09999999999999999,0.047499999999999994,2.1733333333333333,0.04833333333333334,0.1325,35.669999999999995,0.105,0.17500000000000002,59.616666666666674,0.08750000000000001,0.11666666666666665,74.42666666666666,0.005833333333333333,0.0275,0.5566666666666668,0.005,0.08416666666666667,0.06,0.047499999999999994,0.005,0.5091666666666667,0.435,0.17250000000000001,0.20166666666666666,0.06083333333333333,0.22833333333333336,0.05416666666666667,0.17416666666666666,0.10333333333333333,0.07,1.6199999999999999,0.057499999999999996,0.15916666666666668,35.580000000000005,0.10083333333333333,0.18166666666666667,55.129999999999995,0.06083333333333333,0.08750000000000001,69.42666666666666,0.008333333333333333,0.028333333333333335,0.4066666666666667,0.01916666666666667,0.08166666666666667,0.25333333333333335,0.07,0.0075,0.535
70,85,2019-10-26,2,1,2019-2020,Coop/São José Basketball,Corinthians,0,0.355,0.1125,0.17,0.0725,0.2125,0.08,0.1325,0.0825,0.0525,1.57,0.0375,0.14,26.79,0.085,0.2325,36.56,0.0725,0.0925,78.38,0.0025,0.03,0.57,0.005,0.095,0.05,0.0525,0.005,0.3625,0.42374999999999996,0.16375,0.206675,0.053325,0.182925,0.055,0.12792499999999998,0.08957499999999999,0.06,1.495,0.054575,0.125825,43.480000000000004,0.103325,0.207925,49.89,0.053325,0.08082500000000001,65.73,0.015425000000000001,0.026675,0.445,0.009999999999999998,0.107925,0.09,0.06,0.005825,0.46957499999999996
76,81,2019-10-26,2,1,2019-2020,Rio Claro,Pinheiros,0,0.43083333333333335,0.145,0.18166666666666664,0.10416666666666667,0.1725,0.0325,0.13999999999999999,0.07833333333333334,0.0625,1.2733333333333334,0.04833333333333334,0.13,37.25666666666667,0.09083333333333332,0.1658333333333333,55.01333333333333,0.10416666666666667,0.13333333333333333,78.25,0.009166666666666667,0.02,0.3233333333333333,0.005,0.12333333333333334,0.04,0.0625,0.0075,0.4583333333333333,0.40665,0.15,0.19335000000000002,0.06335,0.19,0.05835,0.13165,0.07835,0.06835,1.15,0.05,0.135,37.04,0.09664999999999999,0.19665,49.15,0.06335,0.08835000000000001,71.7,0.01165,0.04665,0.68,0.00835,0.105,0.08,0.06835,0.013349999999999999,0.45165
92,99,2019-10-27,3,1,2019-2020,Bauru Basket,UNIFACISA,0,0.3475,0.105,0.17,0.0725,0.1725,0.0425,0.13,0.055,0.0825,0.67,0.035,0.1275,27.45,0.085,0.165,51.52,0.0725,0.105,69.05,0.01,0.0425,0.52,0.01,0.0925,0.11,0.0825,0.015,0.34,0.42,0.13999999999999999,0.21,0.07,0.20166666666666666,0.05666666666666667,0.145,0.09333333333333334,0.06666666666666667,1.3966666666666665,0.04666666666666667,0.14500000000000002,33.276666666666664,0.105,0.20333333333333334,52.15333333333333,0.07,0.09999999999999999,70.34333333333332,0.008333333333333333,0.03833333333333333,0.58,0.013333333333333334,0.10000000000000002,0.13333333333333333,0.06666666666666667,0.016666666666666666,0.47333333333333333
73,76,2019-10-28,3,1,2019-2020,Pato Basquete,Brasília,0,0.3,0.065,0.17666666666666667,0.05833333333333333,0.20000000000000004,0.07,0.13,0.06166666666666667,0.07666666666666667,0.81,0.021666666666666667,0.10833333333333332,20.56,0.08833333333333333,0.21,42.22,0.05833333333333333,0.09333333333333334,64.5,0.006666666666666667,0.03666666666666667,0.48666666666666664,0.011666666666666667,0.10333333333333333,0.11666666666666665,0.07666666666666667,0.02,0.29,0.3975,0.1425,0.195,0.06,0.2175,0.065,0.1525,0.07,0.0825,0.85,0.0475,0.1175,40.43,0.0975,0.1925,50.65,0.06,0.09,66.67,0.015,0.0325,0.39,0.0125,0.1075,0.12,0.0825,0.01,0.445
88,80,2019-10-29,3,1,2019-2020,Sesi Franca,Fortaleza B. C. / CFO,1,0.45166666666666666,0.155,0.19666666666666666,0.10000000000000002,0.18833333333333332,0.045000000000000005,0.14333333333333334,0.09166666666666667,0.07,1.31,0.05166666666666667,0.13333333333333333,38.906666666666666,0.09833333333333333,0.17166666666666666,56.970000000000006,0.10000000000000002,0.11666666666666665,85.55666666666667,0.0033333333333333335,0.030000000000000002,0.4366666666666667,0.005,0.10000000000000002,0.05333333333333334,0.07,0.011666666666666667,0.525,0.4125,0.135,0.185,0.0925,0.1825,0.055,0.1275,0.0675,0.0475,1.42,0.045,0.1375,32.73,0.0925,0.18,51.39,0.0925,0.12,77.08,0.0025,0.0325,0.68,0.0125,0.105,0.12,0.0475,0.0075,0.4525
70,84,2019-10-29,3,1,2019-2020,Botafogo,Paulistano,0,0.37,0.18,0.11,0.08,0.1875,0.0675,0.12,0.065,0.0925,0.7,0.06,0.1525,39.34,0.055,0.15,36.67,0.08,0.105,76.19,0.0025,0.0425,0.46,0.0125,0.11,0.11,0.0925,0.0175,0.3725,0.4366666666666667,0.16,0.21666666666666667,0.06,0.20166666666666666,0.06333333333333334,0.13833333333333334,0.11166666666666668,0.05833333333333334,2.0933333333333333,0.05333333333333334,0.17500000000000002,29.656666666666666,0.10833333333333334,0.18000000000000002,61.06,0.06,0.075,80.77,0.028333333333333332,0.045000000000000005,0.7633333333333333,0.006666666666666667,0.11333333333333334,0.06333333333333334,0.05833333333333334,0.008333333333333333,0.535
84,89,2019-10-30,3,1,2019-2020,Coop/São José Basketball,Pinheiros,0,0.35333333333333333,0.105,0.19000000000000003,0.05833333333333333,0.19333333333333333,0.06833333333333334,0.125,0.08833333333333333,0.051666666666666666,1.7133333333333336,0.034999999999999996,0.13333333333333333,26.19333333333333,0.09500000000000001,0.23,41.410000000000004,0.05833333333333333,0.07666666666666666,74.47666666666667,0.0033333333333333335,0.034999999999999996,0.68,0.0033333333333333335,0.09500000000000001,0.03333333333333333,0.051666666666666666,0.005,0.36999999999999994,0.40665,0.15,0.19335000000000002,0.06335,0.19000000000000003,0.05834999999999999,0.13165,0.07835,0.06835,1.15,0.05000000000000001,0.135,37.04,0.09664999999999997,0.19665,49.15,0.06335,0.08835,71.7,0.01165,0.04665,0.68,0.00835,0.105,0.08,0.06835,0.013349999999999999,0.45165000000000005
75,86,2019-10-30,3,1,2019-2020,Rio Claro,Brasília,0,0.42625,0.14250000000000002,0.18,0.10375,0.16874999999999998,0.0325,0.13624999999999998,0.08375,0.06125,1.3900000000000001,0.0475,0.13125,36.275,0.09,0.16124999999999998,56.089999999999996,0.10375,0.135,76.99,0.01,0.02125,0.35,0.005,0.1225,0.04,0.06125,0.0062499999999999995,0.4575,0.4000000000000001,0.13999999999999999,0.19666666666666668,0.06333333333333334,0.1975,0.05333333333333334,0.14416666666666667,0.08416666666666667,0.085,0.9833333333333334,0.04666666666666667,0.11666666666666665,39.99666666666667,0.09833333333333334,0.18416666666666667,53.666666666666664,0.06333333333333334,0.08916666666666666,71.11333333333333,0.013333333333333334,0.0325,0.38000000000000006,0.01,0.10916666666666668,0.09333333333333332,0.085,0.012500000000000002,0.45249999999999996
90,80,2019-10-31,3,1,2019-2020,Bauru Basket,Fortaleza B. C. / CFO,1,0.3833333333333333,0.1175,0.19333333333333336,0.0725,0.17166666666666666,0.041666666666666664,0.13,0.07166666666666667,0.07833333333333334,0.9466666666666667,0.03916666666666667,0.12833333333333333,30.48,0.09666666666666668,0.17500000000000002,54.86000000000001,0.0725,0.1025,70.82,0.01,0.04083333333333333,0.5266666666666667,0.008333333333333333,0.09666666666666666,0.09000000000000001,0.07833333333333334,0.011666666666666665,0.4000000000000001,0.4083333333333334,0.1275,0.19666666666666666,0.08416666666666667,0.18666666666666668,0.059166666666666666,0.1275,0.06916666666666667,0.05333333333333334,1.32,0.0425,0.12833333333333333,33.18333333333333,0.09833333333333333,0.19583333333333333,50.376666666666665,0.08416666666666667,0.1125,74.46333333333332,0.0025,0.03166666666666667,0.6066666666666667,0.009166666666666667,0.11166666666666665,0.08666666666666667,0.05333333333333334,0.010833333333333334,0.44
73,69,2019-11-01,3,1,2019-2020,Mogi,Pinheiros,1,0.455,0.15,0.18000000000000002,0.125,0.16666666666666666,0.03333333333333333,0.13333333333333333,0.07833333333333334,0.056666666666666664,1.4166666666666667,0.049999999999999996,0.14500000000000002,33.99,0.09000000000000001,0.16166666666666665,55.81999999999999,0.125,0.15,83.32333333333334,0.006666666666666667,0.041666666666666664,0.73,0.011666666666666667,0.09500000000000001,0.12,0.056666666666666664,0.013333333333333334,0.505,0.4037375,0.13124999999999998,0.2025125,0.0700125,0.19375,0.0618875,0.1318625,0.07626250000000001,0.0662625,1.1549999999999998,0.043750000000000004,0.12812500000000002,33.595,0.10123749999999998,0.2006125,50.3925,0.0700125,0.0968875,72.14250000000001,0.011237500000000001,0.0424875,0.635,0.0087625,0.104375,0.08499999999999999,0.0662625,0.0143875,0.4481125
102,76,2019-11-01,3,1,2019-2020,Corinthians,Botafogo,1,0.42299999999999993,0.165,0.20600999999999997,0.05199,0.18501,0.05500000000000001,0.13001,0.09098999999999999,0.061,1.4940000000000002,0.05499,0.12499,44.1,0.10299,0.20501,50.43,0.05199,0.07999,64.75800000000001,0.01501,0.02701,0.44400000000000006,0.008999999999999998,0.10601000000000001,0.08199999999999999,0.061,0.0059900000000000005,0.47398999999999997,0.36833333333333335,0.155,0.135,0.07833333333333332,0.17666666666666667,0.06083333333333333,0.11583333333333333,0.07,0.08583333333333333,0.8333333333333334,0.051666666666666666,0.13999999999999999,36.370000000000005,0.0675,0.15666666666666665,42.583333333333336,0.07833333333333332,0.10166666666666667,77.11,0.004166666666666667,0.0375,0.43333333333333335,0.011666666666666667,0.11416666666666668,0.09999999999999999,0.08583333333333333,0.016666666666666666,0.3775
75,78,2019-11-02,3,1,2019-2020,São Paulo,Minas,0,0.44,0.19125000000000003,0.19,0.05875,0.22875,0.06,0.16874999999999998,0.105,0.06375,1.8249999999999997,0.06375,0.17250000000000001,36.39,0.095,0.17750000000000002,53.089999999999996,0.05875,0.085,69.005,0.007500000000000001,0.026250000000000002,0.415,0.01625,0.08625,0.21,0.06375,0.0075,0.535,0.42375,0.12375,0.2225,0.07750000000000001,0.1875,0.06125,0.12625,0.08625000000000001,0.06625,1.3099999999999998,0.04125,0.1375,29.5,0.11125,0.17625000000000002,62.88000000000001,0.07750000000000001,0.1075,71.955,0.0037500000000000003,0.03875000000000001,0.5900000000000001,0.00875,0.12,0.07,0.06625,0.007500000000000001,0.48624999999999996
80,76,2019-11-04,4,1,2019-2020,Paulistano,Minas,1,0.4325,0.16875,0.1975,0.06625,0.20124999999999998,0.06625,0.135,0.10500000000000001,0.0625,1.8524999999999998,0.05625,0.17,32.7275,0.09875,0.17125,57.865,0.06625,0.08875,76.9225,0.024999999999999998,0.043750000000000004,0.7050000000000001,0.0075,0.115,0.0675,0.0625,0.007500000000000001,0.5175,0.417,0.126,0.21200000000000002,0.07900000000000001,0.199,0.06799999999999999,0.131,0.08700000000000001,0.064,1.376,0.042,0.14,29.6,0.10600000000000001,0.184,58.210000000000015,0.07900000000000001,0.10800000000000001,73.018,0.004,0.036000000000000004,0.562,0.01,0.122,0.08,0.064,0.009,0.479
72,64,2019-11-04,4,1,2019-2020,UNIFACISA,Botafogo,1,0.43875,0.1575,0.215,0.06625,0.19125,0.052500000000000005,0.13874999999999998,0.1,0.0675,1.4749999999999999,0.052500000000000005,0.14125000000000001,38.42,0.1075,0.205,52.80499999999999,0.06625,0.0925,72.39999999999999,0.00875,0.042499999999999996,0.6325,0.015,0.09625000000000002,0.16,0.0675,0.01375,0.5075,0.3675,0.1425,0.14750000000000002,0.0775,0.17125,0.057499999999999996,0.11374999999999999,0.07250000000000001,0.0825,0.9,0.0475,0.13375,34.885000000000005,0.07375000000000001,0.16,45.54,0.0775,0.1,77.57,0.005,0.035,0.42000000000000004,0.011250000000000001,0.11625,0.095,0.0825,0.01625,0.38
47,82,2019-11-05,4,1,2019-2020,Pato Basquete,Sesi Franca,0,0.31625,0.07875,0.18,0.057499999999999996,0.18750000000000003,0.061250000000000006,0.12625,0.06375,0.08,0.8025,0.026250000000000002,0.11499999999999999,22.827499999999997,0.09,0.1975,46.51,0.057499999999999996,0.08750000000000001,68.0175,0.00625,0.03375,0.435,0.01,0.10625,0.09749999999999999,0.08,0.018750000000000003,0.305,0.44875,0.1575,0.195,0.09625000000000002,0.18874999999999997,0.0475,0.14125000000000001,0.095,0.065,1.5075,0.052500000000000005,0.135,39.0025,0.0975,0.17125,56.697500000000005,0.09625000000000002,0.1175,81.875,0.00375,0.027500000000000004,0.4275,0.0125,0.09625000000000002,0.1425,0.065,0.00875,0.53
73,82,2019-11-05,4,1,2019-2020,Rio Claro,Corinthians,0,0.41600000000000004,0.138,0.178,0.1,0.16099999999999998,0.029000000000000005,0.13199999999999998,0.08600000000000001,0.066,1.336,0.046,0.129,35.686,0.089,0.15699999999999997,57.013999999999996,0.1,0.132,75.758,0.01,0.024,0.362,0.004,0.123,0.032,0.066,0.006999999999999999,0.442,0.4375,0.1625,0.21667499999999998,0.058324999999999995,0.179175,0.05416666666666667,0.1250083333333333,0.095825,0.056666666666666664,1.8166666666666667,0.05415833333333333,0.12249166666666667,44.324999999999996,0.108325,0.20834166666666668,52.025,0.058324999999999995,0.083325,68.965,0.013341666666666668,0.028341666666666668,0.5366666666666667,0.009999999999999998,0.10750833333333333,0.09000000000000001,0.056666666666666664,0.004991666666666667,0.500825
79,80,2019-11-06,4,1,2019-2020,UNIFACISA,Flamengo,0,0.4265,0.147,0.21400000000000002,0.0655,0.1905,0.052000000000000005,0.13849999999999998,0.0945,0.0635,1.486,0.049,0.1405,35.826,0.10700000000000001,0.2,53.90999999999999,0.0655,0.093,71.078,0.0075000000000000015,0.040999999999999995,0.6539999999999999,0.013000000000000001,0.098,0.138,0.0635,0.012,0.48999999999999994,0.44000000000000006,0.16125,0.1975,0.08125,0.16875,0.03875,0.13,0.10124999999999999,0.045,2.33,0.053750000000000006,0.14125000000000001,37.199999999999996,0.09875,0.1675,58.50500000000001,0.08125,0.10999999999999999,73.18,0.004999999999999999,0.02375,0.5,0.00375,0.0825,0.045,0.045,0.00375,0.5075
72,76,2019-11-06,4,1,2019-2020,Fortaleza B. C. / CFO,Botafogo,0,0.40625,0.12375,0.20249999999999999,0.08,0.18875000000000003,0.06125,0.1275,0.07,0.05625,1.27,0.04125,0.12375,33.41,0.10124999999999999,0.20375000000000001,49.87,0.08,0.10875000000000001,73.155,0.0025,0.03125,0.5700000000000001,0.0075,0.11499999999999999,0.07,0.05625,0.0125,0.43375,0.364,0.13199999999999998,0.15300000000000002,0.079,0.17550000000000002,0.055499999999999994,0.12,0.07250000000000001,0.0755,1.026,0.044,0.1365,31.976000000000006,0.07650000000000001,0.1615,46.88,0.079,0.10250000000000001,77.16799999999999,0.005,0.030000000000000006,0.378,0.0105,0.11699999999999999,0.088,0.0755,0.016,0.376
96,98,2019-11-07,4,1,2019-2020,Bauru Basket,Coop/São José Basketball,0,0.40125,0.12375,0.20500000000000002,0.0725,0.17125,0.04125,0.13,0.08,0.07625000000000001,1.085,0.04125,0.12875,31.994999999999997,0.10250000000000001,0.18,56.53,0.0725,0.10125,71.705,0.01,0.04,0.53,0.007500000000000001,0.09874999999999999,0.08,0.07625000000000001,0.009999999999999998,0.43000000000000005,0.37,0.10875,0.195,0.06625,0.1825,0.060000000000000005,0.1225,0.0925,0.05875,1.6125000000000003,0.03625,0.13375,27.0525,0.0975,0.21500000000000002,46.4975,0.06625,0.08625,75.4225,0.00375,0.03125,0.5725,0.005,0.10625000000000001,0.0425,0.05875,0.0075,0.38749999999999996
81,69,2019-11-07,4,1,2019-2020,São Paulo,Brasília,1,0.42699999999999994,0.17700000000000002,0.188,0.062,0.225,0.06,0.16499999999999998,0.099,0.064,1.69,0.059,0.167,34.63,0.094,0.177,52.757999999999996,0.062,0.094,66.74199999999999,0.008,0.026000000000000002,0.40800000000000003,0.02,0.094,0.22400000000000003,0.064,0.008,0.51,0.40125000000000005,0.13874999999999998,0.1975,0.065,0.1875,0.0475,0.14,0.09125,0.08625,1.05,0.04625,0.11624999999999999,39.78,0.09875,0.18,55.175,0.065,0.08875,73.33500000000001,0.0125,0.0325,0.375,0.00875,0.11,0.07999999999999999,0.08625,0.013750000000000002,0.45625
67,81,2019-11-08,4,1,2019-2020,Pato Basquete,Pinheiros,0,0.30999999999999994,0.08249999999999999,0.17099999999999999,0.056499999999999995,0.18100000000000002,0.06050000000000001,0.12050000000000001,0.0655,0.079,0.836,0.027500000000000004,0.12049999999999998,22.823999999999998,0.08549999999999999,0.1935,44.814,0.056499999999999995,0.08600000000000001,67.53999999999999,0.0075000000000000015,0.0345,0.44800000000000006,0.0095,0.10500000000000001,0.094,0.079,0.0195,0.2905,0.40198999999999996,0.11999999999999997,0.20801000000000003,0.07400999999999999,0.196,0.06401,0.13199,0.07501000000000001,0.06501,1.158,0.04,0.12400000000000003,31.528,0.10398999999999999,0.20299,51.138,0.07400999999999999,0.10201,72.40800000000002,0.010990000000000002,0.03999,0.608,0.00901,0.10400000000000001,0.088,0.06501,0.01501,0.44599
71,88,2019-11-08,4,1,2019-2020,Fortaleza B. C. / CFO,Flamengo,0,0.39649999999999996,0.11850000000000001,0.195,0.083,0.191,0.062,0.129,0.065,0.057499999999999996,1.16,0.0395,0.12349999999999998,32.034,0.0975,0.20049999999999998,48.696,0.083,0.11500000000000002,72.096,0.003,0.032,0.5680000000000001,0.008,0.12,0.07,0.057499999999999996,0.0125,0.41600000000000004,0.43600000000000005,0.1545,0.205,0.0765,0.17400000000000002,0.041999999999999996,0.132,0.098,0.049,2.1260000000000003,0.051500000000000004,0.1375,36.69799999999999,0.1025,0.17400000000000002,58.55400000000001,0.0765,0.1055,71.686,0.006,0.025,0.492,0.0045,0.08600000000000001,0.052000000000000005,0.049,0.0034999999999999996,0.502
87,75,2019-11-09,4,1,2019-2020,Bauru Basket,Mogi,1,0.4125,0.11850000000000001,0.217,0.077,0.17350000000000002,0.044,0.1295,0.08449999999999999,0.07550000000000001,1.15,0.0395,0.1295,30.502,0.1085,0.1905,56.622,0.077,0.10900000000000001,70.936,0.009,0.047,0.6300000000000001,0.0085,0.09999999999999999,0.088,0.07550000000000001,0.0115,0.4465,0.4325,0.15375,0.1625,0.11624999999999999,0.16625,0.037500000000000006,0.12875,0.08125,0.056249999999999994,1.4725,0.05125,0.14375000000000002,35.315,0.08125,0.15875,51.0325,0.11624999999999999,0.13749999999999998,84.9925,0.00625,0.04125,0.73,0.015000000000000001,0.09375,0.16,0.056249999999999994,0.015,0.48875
86,68,2019-11-09,4,1,2019-2020,Paulistano,Brasília,1,0.429,0.17250000000000001,0.192,0.0645,0.20349999999999996,0.064,0.1395,0.10250000000000001,0.062,1.7899999999999998,0.057499999999999996,0.1675,34.118,0.096,0.1665,57.818000000000005,0.0645,0.0875,75.478,0.0225,0.0395,0.64,0.006999999999999999,0.11100000000000002,0.064,0.062,0.009,0.5149999999999999,0.38950000000000007,0.12149999999999998,0.199,0.069,0.1835,0.0475,0.136,0.0905,0.07899999999999999,1.19,0.0405,0.1145,35.08,0.0995,0.187,53.674,0.069,0.096,72.268,0.011,0.034,0.45999999999999996,0.01,0.10800000000000001,0.094,0.07899999999999999,0.012,0.4365
95,90,2019-11-09,4,1,2019-2020,Sesi Franca,Coop/São José Basketball,1,0.44749999999999995,0.1545,0.197,0.09600000000000002,0.19449999999999998,0.0485,0.14600000000000002,0.10049999999999999,0.0665,1.544,0.051500000000000004,0.132,39.117999999999995,0.0985,0.173,56.746,0.09600000000000002,0.118,81.334,0.006,0.027000000000000003,0.41,0.0125,0.09350000000000001,0.144,0.0665,0.0085,0.538,0.39,0.126,0.198,0.066,0.1885,0.06100000000000001,0.1275,0.0965,0.06499999999999999,1.5400000000000003,0.041999999999999996,0.137,30.308,0.099,0.21350000000000002,47.318,0.066,0.086,75.63199999999999,0.004,0.033,0.546,0.005,0.10950000000000001,0.042,0.06499999999999999,0.008,0.4185
86,80,2019-11-11,5,1,2019-2020,Sesi Franca,Mogi,1,0.4466666666666666,0.1525,0.19833333333333333,0.09583333333333334,0.19833333333333333,0.049166666666666664,0.1491666666666667,0.10416666666666667,0.0675,1.5683333333333334,0.050833333333333335,0.13,39.19499999999999,0.09916666666666667,0.17416666666666666,56.778333333333336,0.09583333333333334,0.11833333333333333,80.97333333333334,0.0075,0.02666666666666667,0.39833333333333326,0.012499999999999999,0.09166666666666667,0.145,0.0675,0.008333333333333333,0.5433333333333333,0.421,0.156,0.164,0.101,0.173,0.04,0.133,0.079,0.062,1.342,0.052000000000000005,0.14200000000000002,36.4,0.082,0.16299999999999998,50.269999999999996,0.101,0.12,83.994,0.005,0.042,0.6900000000000001,0.015000000000000003,0.095,0.158,0.062,0.013000000000000001,0.47800000000000004
78,85,2019-11-12,5,1,2019-2020,Botafogo,São Paulo,0,0.36166666666666664,0.12499999999999999,0.1566666666666667,0.08,0.17833333333333334,0.05416666666666666,0.12416666666666666,0.07250000000000001,0.07083333333333333,1.11,0.041666666666666664,0.13833333333333334,30.036666666666672,0.07833333333333335,0.1625,47.77333333333333,0.08,0.10416666666666669,76.89999999999999,0.005,0.026666666666666672,0.35000000000000003,0.01,0.1175,0.08333333333333333,0.07083333333333333,0.015833333333333335,0.3733333333333333,0.42333333333333334,0.17250000000000001,0.18833333333333332,0.0625,0.22833333333333336,0.059166666666666666,0.16916666666666666,0.09916666666666667,0.06833333333333334,1.593333333333333,0.057499999999999996,0.16166666666666668,35.031666666666666,0.09416666666666666,0.17833333333333334,52.52333333333333,0.0625,0.09500000000000001,66.45166666666667,0.010833333333333334,0.02666666666666667,0.395,0.01916666666666667,0.09499999999999999,0.21166666666666667,0.06833333333333334,0.008333333333333333,0.5075000000000001
76,59,2019-11-12,5,1,2019-2020,Flamengo,Pato Basquete,1,0.43333333333333335,0.15,0.20999999999999996,0.07333333333333333,0.17750000000000002,0.04416666666666667,0.13333333333333333,0.09583333333333333,0.051666666666666666,1.9900000000000002,0.049999999999999996,0.135,36.36333333333333,0.10499999999999998,0.17833333333333334,58.58666666666667,0.07333333333333333,0.1025,70.69,0.006666666666666667,0.025833333333333333,0.48666666666666664,0.005,0.08833333333333333,0.05666666666666667,0.051666666666666666,0.0033333333333333327,0.4983333333333333,0.3058333333333333,0.085,0.165,0.055833333333333325,0.17666666666666667,0.060000000000000005,0.11666666666666668,0.06666666666666667,0.07833333333333334,0.8583333333333333,0.028333333333333335,0.12416666666666665,22.821666666666662,0.0825,0.19083333333333333,43.68333333333334,0.055833333333333325,0.085,67.22166666666666,0.008333333333333333,0.035,0.4566666666666667,0.009166666666666667,0.10416666666666667,0.09166666666666666,0.07833333333333334,0.02,0.2808333333333333
74,82,2019-11-13,5,1,2019-2020,Bauru Basket,Paulistano,0,0.42,0.115,0.225,0.08,0.17500000000000002,0.04583333333333334,0.12916666666666665,0.08750000000000001,0.07500000000000001,1.1933333333333334,0.03833333333333334,0.13,29.506666666666664,0.1125,0.1975,56.68333333333334,0.08,0.11416666666666668,70.42333333333333,0.008333333333333333,0.051666666666666666,0.6966666666666668,0.009166666666666668,0.10083333333333333,0.09333333333333334,0.07500000000000001,0.012499999999999999,0.4575,0.4266666666666667,0.17500000000000002,0.18833333333333335,0.06333333333333334,0.20499999999999996,0.0625,0.1425,0.10083333333333334,0.06166666666666667,1.748333333333333,0.05833333333333333,0.16583333333333333,35.045,0.09416666666666668,0.16333333333333333,57.78666666666667,0.06333333333333334,0.08666666666666667,74.515,0.020833333333333332,0.03666666666666667,0.5966666666666667,0.006666666666666665,0.10833333333333334,0.06166666666666667,0.06166666666666667,0.01,0.5133333333333333
77,81,2019-11-14,5,1,2019-2020,Fortaleza B. C. / CFO,Coop/São José Basketball,0,0.38999999999999996,0.115,0.18999999999999997,0.085,0.1925,0.0625,0.13,0.06166666666666667,0.05833333333333333,1.0866666666666667,0.03833333333333334,0.12333333333333334,31.116666666666664,0.09499999999999999,0.19833333333333333,47.913333333333334,0.085,0.11916666666666668,71.39,0.0033333333333333335,0.0325,0.5666666666666668,0.008333333333333333,0.12333333333333334,0.07,0.05833333333333333,0.012499999999999999,0.4041666666666666,0.4033333333333333,0.13749999999999998,0.19999999999999998,0.06583333333333334,0.1925,0.061666666666666675,0.13083333333333333,0.09916666666666667,0.06916666666666665,1.491666666666667,0.04583333333333334,0.1391666666666667,32.47833333333333,0.09999999999999999,0.21250000000000002,47.865,0.06583333333333334,0.08583333333333333,75.77166666666666,0.004166666666666667,0.03416666666666667,0.5283333333333333,0.005,0.11166666666666669,0.041666666666666664,0.06916666666666665,0.008333333333333333,0.43916666666666665
85,79,2019-11-15,5,1,2019-2020,Botafogo,Pato Basquete,1,0.36821428571428566,0.12964285714285712,0.16214285714285717,0.07642857142857143,0.17714285714285713,0.05499999999999999,0.12214285714285714,0.0767857142857143,0.07285714285714286,1.1242857142857143,0.04321428571428571,0.13964285714285712,30.830000000000005,0.08107142857142859,0.16428571428571428,48.90714285714285,0.07642857142857143,0.09821428571428573,78.48571428571428,0.005,0.026428571428571433,0.34142857142857147,0.011428571428571429,0.11642857142857142,0.09714285714285713,0.07285714285714286,0.015357142857142857,0.3857142857142857,0.3114285714285714,0.09,0.1657142857142857,0.05571428571428571,0.1757142857142857,0.05928571428571429,0.11642857142857144,0.06821428571428571,0.08178571428571428,0.8442857142857142,0.030000000000000002,0.1257142857142857,23.79428571428571,0.08285714285714285,0.18714285714285714,44.80285714285714,0.05571428571428571,0.08607142857142858,66.11285714285714,0.007500000000000001,0.03642857142857143,0.4542857142857143,0.010357142857142858,0.10714285714285714,0.09857142857142856,0.08178571428571428,0.019642857142857146,0.28928571428571426
74,75,2019-11-15,5,1,2019-2020,Flamengo,Mogi,0,0.425,0.14678571428571427,0.20428571428571424,0.07392857142857143,0.18428571428571433,0.04928571428571429,0.135,0.09607142857142857,0.054642857142857146,1.8971428571428572,0.048928571428571425,0.1375,35.15,0.10214285714285712,0.18071428571428574,56.44428571428572,0.07392857142857143,0.105,69.81714285714285,0.006071428571428572,0.029285714285714286,0.5157142857142857,0.005714285714285714,0.08964285714285715,0.06285714285714286,0.054642857142857146,0.0035714285714285713,0.48749999999999993,0.4154166666666667,0.1525,0.165,0.09791666666666667,0.1725,0.03875,0.13375,0.08041666666666668,0.0625,1.3433333333333335,0.050833333333333335,0.13708333333333336,37.0,0.0825,0.16916666666666666,48.975,0.09791666666666667,0.11791666666666667,82.78500000000001,0.004166666666666667,0.042083333333333334,0.6833333333333335,0.013333333333333336,0.10041666666666667,0.13833333333333334,0.0625,0.011666666666666667,0.4683333333333333
89,92,2019-11-16,5,1,2019-2020,Sesi Franca,Paulistano,0,0.44535714285714284,0.1575,0.1907142857142857,0.09714285714285716,0.19428571428571426,0.046785714285714285,0.14750000000000002,0.10250000000000001,0.06535714285714286,1.5957142857142856,0.0525,0.13285714285714287,39.54857142857143,0.09535714285714285,0.1682142857142857,56.48428571428571,0.09714285714285716,0.1207142857142857,80.51714285714286,0.0075,0.027857142857142858,0.4371428571428571,0.012499999999999999,0.09214285714285715,0.14285714285714285,0.06535714285714286,0.007857142857142858,0.5396428571428571,0.4278571428571429,0.1767857142857143,0.1892857142857143,0.061785714285714284,0.1996428571428571,0.05964285714285714,0.13999999999999999,0.1,0.06321428571428571,1.6857142857142855,0.05892857142857143,0.15928571428571428,37.478571428571435,0.09464285714285715,0.165,57.49,0.061785714285714284,0.08392857142857144,74.98142857142857,0.02107142857142857,0.036071428571428574,0.5757142857142857,0.007857142857142856,0.10928571428571429,0.07142857142857142,0.06321428571428571,0.009642857142857144,0.5142857142857142
89,77,2019-11-16,5,1,2019-2020,UNIFACISA,Coop/São José Basketball,1,0.4183333333333333,0.13999999999999999,0.21333333333333335,0.065,0.19000000000000003,0.051666666666666666,0.1383333333333333,0.09083333333333334,0.06083333333333333,1.4933333333333332,0.04666666666666667,0.14,34.096666666666664,0.10666666666666667,0.19666666666666666,54.646666666666654,0.065,0.09333333333333332,70.19666666666667,0.006666666666666668,0.04,0.6683333333333333,0.011666666666666667,0.09916666666666668,0.12333333333333335,0.06083333333333333,0.010833333333333334,0.4783333333333333,0.40214285714285714,0.1307142857142857,0.20285714285714285,0.06857142857142857,0.19035714285714286,0.05821428571428572,0.13214285714285715,0.09535714285714285,0.06964285714285713,1.4214285714285715,0.04357142857142858,0.13035714285714287,33.36857142857143,0.10142857142857142,0.21321428571428575,48.25142857142857,0.06857142857142857,0.09035714285714287,75.28142857142858,0.004642857142857143,0.03428571428571429,0.5214285714285715,0.005357142857142858,0.10857142857142858,0.047142857142857146,0.06964285714285713,0.008571428571428572,0.4371428571428571
62,96,2019-11-17,6,1,2019-2020,Brasília,Bauru Basket,0,0.38166666666666665,0.10999999999999999,0.19999999999999998,0.07166666666666667,0.18083333333333332,0.047499999999999994,0.13333333333333333,0.09000000000000001,0.07416666666666666,1.2833333333333334,0.036666666666666674,0.11333333333333334,31.94666666666667,0.09999999999999999,0.19166666666666665,52.67333333333334,0.07166666666666667,0.10083333333333333,71.55666666666667,0.01,0.035,0.5166666666666666,0.010833333333333334,0.10666666666666667,0.10333333333333333,0.07416666666666666,0.010833333333333334,0.42333333333333334,0.41285714285714287,0.11357142857142857,0.22142857142857145,0.07785714285714285,0.16285714285714287,0.04,0.12285714285714285,0.08499999999999999,0.0735714285714286,1.1771428571428573,0.03785714285714286,0.12571428571428572,30.291428571428572,0.11071428571428572,0.19142857142857145,57.80285714285714,0.07785714285714285,0.11071428571428572,70.67999999999999,0.007142857142857143,0.049999999999999996,0.6857142857142858,0.009285714285714286,0.09857142857142856,0.09714285714285716,0.0735714285714286,0.011428571428571429,0.445
73,64,2019-11-18,6,1,2019-2020,Mogi,Pato Basquete,1,0.4114285714285715,0.15,0.16571428571428573,0.09571428571428572,0.17214285714285713,0.03785714285714286,0.13428571428571429,0.08142857142857143,0.06285714285714286,1.3442857142857143,0.049999999999999996,0.1335714285714286,37.42857142857143,0.08285714285714287,0.17357142857142854,48.050000000000004,0.09571428571428572,0.11642857142857144,81.92142857142858,0.0035714285714285718,0.04214285714285714,0.6785714285714287,0.012142857142857146,0.10428571428571429,0.1242857142857143,0.06285714285714286,0.010714285714285716,0.4614285714285714,0.31562499999999993,0.09375,0.16624999999999998,0.055624999999999994,0.175,0.058750000000000004,0.11625,0.069375,0.084375,0.8337499999999999,0.03125,0.126875,24.523749999999996,0.08312499999999999,0.184375,45.6425,0.055624999999999994,0.08687500000000001,65.28125,0.006875000000000001,0.0375,0.4525,0.011250000000000001,0.109375,0.10375,0.084375,0.019375000000000003,0.29562499999999997
78,64,2019-11-19,6,1,2019-2020,Corinthians,Paulistano,1,0.4335714285714286,0.16285714285714287,0.21572142857142856,0.05499285714285714,0.18000714285714287,0.055714285714285716,0.12429285714285712,0.0985642857142857,0.060714285714285714,1.75,0.05427857142857142,0.12070714285714286,45.135714285714286,0.10785,0.20715,52.09285714285714,0.05499285714285714,0.07927857142857143,68.20428571428572,0.012864285714285715,0.03143571428571429,0.5442857142857143,0.010714285714285713,0.11000714285714286,0.09428571428571429,0.060714285714285714,0.007135714285714286,0.50285,0.42875,0.178125,0.19000000000000003,0.060625,0.19562499999999997,0.057499999999999996,0.138125,0.099375,0.064375,1.63875,0.059375,0.15437499999999998,39.30375,0.09500000000000001,0.16625,57.2675,0.060625,0.081875,75.33125,0.021249999999999998,0.035625000000000004,0.56,0.008749999999999999,0.11,0.07875,0.064375,0.009375000000000001,0.5149999999999999
87,68,2019-11-19,6,1,2019-2020,Minas,Bauru Basket,1,0.41083333333333333,0.13,0.20833333333333334,0.07250000000000001,0.19583333333333333,0.06583333333333333,0.13,0.08583333333333333,0.059166666666666666,1.528333333333333,0.043333333333333335,0.14,30.618333333333336,0.10416666666666667,0.18833333333333335,56.048333333333346,0.07250000000000001,0.09833333333333334,74.18166666666666,0.005,0.03416666666666667,0.5866666666666668,0.008333333333333333,0.12083333333333333,0.06666666666666667,0.059166666666666666,0.0075,0.4683333333333333,0.41250000000000003,0.11343750000000001,0.22125,0.07781249999999999,0.16968750000000002,0.043125000000000004,0.1265625,0.08562499999999999,0.07281250000000002,1.19625,0.0378125,0.1253125,30.331249999999997,0.110625,0.1946875,56.89875,0.07781249999999999,0.111875,69.9175,0.006874999999999999,0.048437499999999994,0.6700000000000002,0.0096875,0.09687499999999999,0.10375000000000001,0.07281250000000002,0.01,0.4475
78,88,2019-11-20,6,1,2019-2020,Pinheiros,São Paulo,0,0.4024916666666667,0.12749999999999997,0.20334166666666667,0.071675,0.1925,0.059175,0.133325,0.07500833333333334,0.07250833333333333,1.0783333333333331,0.0425,0.12583333333333335,33.06333333333333,0.10165833333333331,0.19082500000000002,54.153333333333336,0.071675,0.096675,74.62500000000001,0.009158333333333334,0.04249166666666667,0.59,0.008341666666666666,0.09916666666666667,0.085,0.07250833333333333,0.016675,0.45082500000000003,0.42357142857142854,0.17357142857142857,0.18999999999999997,0.06,0.22,0.055714285714285716,0.16428571428571428,0.09999999999999999,0.06857142857142857,1.5799999999999998,0.05785714285714285,0.15785714285714286,36.37571428571429,0.09499999999999999,0.1757142857142857,53.94857142857143,0.06,0.09142857142857144,66.14285714285714,0.01,0.027857142857142858,0.41000000000000003,0.02,0.09285714285714285,0.22571428571428573,0.06857142857142857,0.009285714285714286,0.5107142857142858
81,71,2019-11-20,6,1,2019-2020,Coop/São José Basketball,Pato Basquete,1,0.40125,0.125625,0.205,0.07062500000000001,0.18875,0.055625,0.133125,0.0925,0.06999999999999999,1.3687500000000001,0.04187500000000001,0.12375000000000001,34.03625,0.1025,0.21375000000000002,48.54125,0.07062500000000001,0.09375,74.91375000000001,0.005,0.034375,0.51625,0.005625000000000001,0.10625000000000001,0.051250000000000004,0.06999999999999999,0.00875,0.43562499999999993,0.3180555555555555,0.09749999999999999,0.16277777777777777,0.05777777777777777,0.17388888888888887,0.05777777777777778,0.11611111111111112,0.07166666666666667,0.08583333333333334,0.8433333333333333,0.0325,0.12527777777777777,25.996666666666663,0.08138888888888889,0.18194444444444446,45.18666666666667,0.05777777777777777,0.08888888888888889,65.96444444444445,0.006666666666666667,0.03861111111111111,0.4566666666666667,0.010833333333333334,0.10944444444444444,0.09999999999999999,0.08583333333333334,0.019444444444444445,0.30222222222222217
81,83,2019-11-21,6,1,2019-2020,Mogi,Rio Claro,0,0.40812500000000007,0.14625,0.16875,0.093125,0.17375,0.0403125,0.1334375,0.08468750000000001,0.064375,1.355,0.048749999999999995,0.13000000000000003,37.5125,0.084375,0.17562499999999998,48.29375,0.093125,0.11406250000000001,81.29625,0.0034375,0.0409375,0.6475000000000001,0.013125000000000003,0.103125,0.135,0.064375,0.010625,0.4628125,0.40750000000000003,0.135,0.17666666666666667,0.09583333333333333,0.15583333333333332,0.02916666666666667,0.12666666666666665,0.08666666666666667,0.07,1.28,0.045000000000000005,0.1225,37.145,0.08833333333333333,0.15916666666666665,55.845,0.09583333333333333,0.12666666666666668,75.63166666666666,0.009166666666666667,0.025000000000000005,0.35666666666666663,0.005,0.12,0.043333333333333335,0.07,0.008333333333333333,0.43083333333333335
72,81,2019-11-21,6,1,2019-2020,Brasília,Sesi Franca,0,0.375,0.10714285714285712,0.19642857142857142,0.07142857142857142,0.18107142857142858,0.04928571428571428,0.1317857142857143,0.08678571428571429,0.07499999999999998,1.2200000000000002,0.03571428571428571,0.11464285714285714,30.881428571428575,0.09821428571428571,0.19285714285714284,51.39857142857143,0.07142857142857142,0.09964285714285714,72.14571428571429,0.009642857142857144,0.03642857142857143,0.5228571428571428,0.01107142857142857,0.10392857142857144,0.10857142857142857,0.07499999999999998,0.012499999999999999,0.4107142857142857,0.44437499999999996,0.16125,0.185,0.098125,0.19124999999999998,0.045,0.14625000000000002,0.10125,0.06375,1.61625,0.05375,0.135,39.81375,0.0925,0.16375,56.26375,0.098125,0.1225,80.175,0.0075,0.02875,0.46624999999999994,0.012499999999999999,0.0925,0.14125,0.06375,0.0075,0.536875
76,78,2019-11-22,6,1,2019-2020,Paulistano,Fortaleza B. C. / CFO,0,0.42000000000000004,0.17666666666666667,0.18333333333333338,0.060000000000000005,0.19444444444444442,0.058055555555555555,0.1363888888888889,0.09472222222222222,0.06333333333333334,1.5733333333333333,0.05888888888888889,0.15666666666666665,38.42888888888889,0.09166666666666669,0.16583333333333336,55.34888888888889,0.060000000000000005,0.08083333333333334,75.39,0.021666666666666664,0.035,0.5588888888888889,0.008888888888888887,0.10972222222222222,0.08,0.06333333333333334,0.01027777777777778,0.4958333333333333,0.38928571428571423,0.12214285714285715,0.1857142857142857,0.08142857142857143,0.18714285714285714,0.057857142857142864,0.12928571428571428,0.062142857142857146,0.05928571428571428,1.0742857142857143,0.04071428571428572,0.12642857142857142,32.089999999999996,0.09285714285714285,0.19214285714285714,48.441428571428574,0.08142857142857143,0.11214285714285717,73.4357142857143,0.004285714285714286,0.03428571428571429,0.5842857142857143,0.011428571428571429,0.12357142857142857,0.09428571428571429,0.05928571428571428,0.012857142857142857,0.40857142857142853
70,75,2019-11-22,6,1,2019-2020,Pinheiros,Flamengo,0,0.39785000000000004,0.12642857142857142,0.19786428571428574,0.07357857142857142,0.18892857142857142,0.05643571428571428,0.13249285714285716,0.0739357142857143,0.07286428571428571,1.0528571428571427,0.04214285714285714,0.12571428571428572,32.91142857142857,0.09892142857142856,0.18785000000000002,53.35000000000001,0.07357857142857142,0.09750714285714286,75.81142857142858,0.008207142857142859,0.04106428571428571,0.5671428571428572,0.008935714285714285,0.1032142857142857,0.08714285714285715,0.07286428571428571,0.015007142857142858,0.4414214285714286,0.41875,0.14437499999999998,0.19999999999999996,0.074375,0.18937500000000004,0.053125000000000006,0.13625,0.09625,0.056875,1.8275000000000001,0.048124999999999994,0.139375,34.239999999999995,0.09999999999999998,0.18250000000000002,54.837500000000006,0.074375,0.106875,69.1625,0.005625000000000001,0.031875,0.5375,0.00625,0.09062500000000001,0.0675,0.056875,0.00375,0.47937499999999994
89,97,2019-11-23,6,1,2019-2020,Minas,Sesi Franca,0,0.415,0.135,0.20642857142857143,0.07357142857142858,0.2,0.06607142857142857,0.13392857142857142,0.08821428571428572,0.058571428571428566,1.5757142857142854,0.045,0.14607142857142857,30.550000000000004,0.10321428571428572,0.18821428571428572,55.47000000000001,0.07357142857142858,0.09785714285714286,75.61428571428571,0.0064285714285714285,0.03535714285714286,0.612857142857143,0.008571428571428572,0.12107142857142857,0.06857142857142857,0.058571428571428566,0.009285714285714286,0.47750000000000004,0.4444444444444444,0.16666666666666666,0.1827777777777778,0.095,0.19194444444444442,0.04444444444444444,0.14750000000000002,0.10055555555555556,0.065,1.5777777777777777,0.05555555555555555,0.13666666666666666,40.57555555555555,0.0913888888888889,0.165,55.25,0.095,0.12027777777777778,78.85444444444444,0.008333333333333333,0.027777777777777776,0.4444444444444444,0.013055555555555555,0.09416666666666668,0.1433333333333333,0.065,0.008055555555555555,0.5322222222222223
87,95,2019-11-23,6,1,2019-2020,Coop/São José Basketball,Rio Claro,0,0.4033333333333333,0.12166666666666666,0.2122222222222222,0.06944444444444445,0.1875,0.0563888888888889,0.1311111111111111,0.09472222222222222,0.07388888888888888,1.3355555555555556,0.04055555555555557,0.11972222222222223,34.06444444444445,0.1061111111111111,0.2163888888888889,49.46333333333333,0.06944444444444445,0.09416666666666668,73.42777777777778,0.006388888888888889,0.03666666666666667,0.5166666666666667,0.006944444444444444,0.10861111111111112,0.061111111111111116,0.07388888888888888,0.010277777777777778,0.4405555555555555,0.41285714285714287,0.135,0.1792857142857143,0.09857142857142856,0.15678571428571428,0.03178571428571429,0.12499999999999999,0.08928571428571429,0.07,1.3114285714285714,0.045,0.12571428571428572,36.27142857142857,0.08964285714285715,0.16035714285714286,56.18285714285714,0.09857142857142856,0.1285714285714286,76.56142857142856,0.011428571428571429,0.028571428571428574,0.4071428571428571,0.0060714285714285705,0.11892857142857143,0.05285714285714286,0.07,0.008214285714285714,0.4421428571428571
80,69,2019-11-24,7,1,2019-2020,Corinthians,Fortaleza B. C. / CFO,1,0.42812500000000003,0.155625,0.21500624999999998,0.05749375,0.18688125,0.056875,0.13000625,0.09686874999999999,0.063125,1.66375,0.05186874999999999,0.11811875,43.86875,0.10749375,0.20625625,52.14375,0.05749375,0.08374375,67.83125,0.013756250000000001,0.030631250000000002,0.515,0.011249999999999998,0.10625625,0.10625000000000001,0.063125,0.008118750000000001,0.49811875,0.38937499999999997,0.12000000000000001,0.18999999999999997,0.079375,0.185,0.05437500000000001,0.130625,0.06375,0.059375,1.09625,0.04000000000000001,0.123125,32.45375,0.09499999999999999,0.1925,49.4375,0.079375,0.10812500000000001,74.41250000000001,0.0043749999999999995,0.0325,0.5525,0.010625,0.12125,0.08875000000000001,0.059375,0.013125,0.411875
76,81,2019-11-25,7,1,2019-2020,Pinheiros,Paulistano,0,0.39436875000000005,0.125625,0.19375625000000002,0.07500625,0.18625,0.05438124999999999,0.13186875,0.07313125000000001,0.07313125,1.03375,0.041874999999999996,0.12562500000000001,32.7975,0.09686874999999999,0.18561875,52.7475,0.07500625,0.09813125,76.70125000000002,0.007493750000000001,0.039993749999999995,0.55,0.009381249999999999,0.10624999999999998,0.08875,0.07313125,0.013756250000000001,0.43436874999999997,0.413,0.17550000000000002,0.17800000000000002,0.05950000000000001,0.19349999999999998,0.058499999999999996,0.135,0.091,0.06250000000000001,1.5210000000000001,0.05850000000000001,0.1585,37.729,0.08900000000000001,0.16550000000000004,53.814,0.05950000000000001,0.08,75.437,0.022,0.03450000000000001,0.558,0.008999999999999998,0.1095,0.08099999999999999,0.06250000000000001,0.011000000000000001,0.4805
81,72,2019-11-25,7,1,2019-2020,Flamengo,Botafogo,1,0.4138888888888889,0.1383333333333333,0.19999999999999996,0.07555555555555554,0.1944444444444445,0.05722222222222222,0.13722222222222225,0.09166666666666667,0.05777777777777778,1.718888888888889,0.0461111111111111,0.13555555555555554,33.60999999999999,0.09999999999999998,0.18833333333333335,53.47222222222223,0.07555555555555554,0.1111111111111111,67.99111111111111,0.005000000000000001,0.03333333333333333,0.5544444444444445,0.005555555555555556,0.09611111111111112,0.060000000000000005,0.05777777777777778,0.0038888888888888883,0.4677777777777777,0.37312499999999993,0.133125,0.16625000000000004,0.07375000000000001,0.17625,0.055624999999999994,0.120625,0.08000000000000002,0.074375,1.135,0.044375,0.140625,31.425000000000004,0.08312500000000002,0.165625,49.75749999999999,0.07375000000000001,0.09375000000000001,79.675,0.005,0.026250000000000002,0.335,0.0125,0.11562499999999999,0.10749999999999998,0.074375,0.015,0.39499999999999996
91,75,2019-11-26,7,1,2019-2020,Corinthians,UNIFACISA,1,0.4270388888888889,0.15000000000000002,0.21778333333333333,0.059255555555555554,0.18463333333333332,0.05611111111111111,0.1285222222222222,0.09628888888888888,0.06333333333333334,1.6355555555555557,0.04999444444444444,0.1148111111111111,43.39666666666667,0.10888333333333333,0.20778333333333332,52.41111111111111,0.059255555555555554,0.08758888888888888,67.18,0.013155555555555556,0.03296666666666667,0.5455555555555556,0.011294444444444444,0.10500555555555555,0.10777777777777779,0.06333333333333334,0.008511111111111112,0.49555,0.4221428571428571,0.14785714285714285,0.20857142857142857,0.06571428571428571,0.1942857142857143,0.055,0.13928571428571426,0.09214285714285715,0.05928571428571428,1.5657142857142856,0.04928571428571429,0.14714285714285716,34.112857142857145,0.10428571428571429,0.19428571428571426,53.982857142857135,0.06571428571428571,0.09214285714285712,71.93285714285715,0.007142857142857144,0.04071428571428571,0.7014285714285714,0.010714285714285716,0.09714285714285716,0.1142857142857143,0.05928571428571428,0.01,0.4864285714285714
74,92,2019-11-26,7,1,2019-2020,Rio Claro,Bauru Basket,0,0.416875,0.135,0.18125000000000002,0.10062499999999999,0.1575,0.03375,0.12374999999999999,0.09125,0.07,1.335,0.045,0.128125,35.61625,0.09062500000000001,0.16125,56.436249999999994,0.10062499999999999,0.13,77.25874999999999,0.013125000000000001,0.03125,0.44499999999999995,0.006874999999999999,0.11812500000000001,0.06,0.07,0.008125,0.45062499999999994,0.41222222222222227,0.11333333333333334,0.22111111111111112,0.07777777777777778,0.17500000000000002,0.04555555555555556,0.12944444444444445,0.0861111111111111,0.07222222222222224,1.2111111111111112,0.03777777777777777,0.125,30.362222222222222,0.11055555555555556,0.19722222222222224,56.19555555555556,0.07777777777777778,0.1127777777777778,69.32444444444445,0.006666666666666665,0.047222222222222214,0.657777777777778,0.01,0.09555555555555555,0.1088888888888889,0.07222222222222224,0.008888888888888889,0.4494444444444444
83,70,2019-11-27,7,1,2019-2020,Pinheiros,Fortaleza B. C. / CFO,1,0.3947166666666667,0.1275,0.19389444444444448,0.0733388888888889,0.18555555555555556,0.0530611111111111,0.13249444444444444,0.07639444444444446,0.07278333333333332,1.0811111111111111,0.042499999999999996,0.1252777777777778,33.462222222222216,0.09693888888888888,0.18388333333333332,53.25888888888889,0.0733388888888889,0.09833888888888889,74.84555555555556,0.007772222222222224,0.03860555555555555,0.5322222222222223,0.008894444444444444,0.10499999999999998,0.08444444444444445,0.07278333333333332,0.013894444444444444,0.4366611111111111,0.38537222222222217,0.12166666666666669,0.18740555555555552,0.07629444444444444,0.18184999999999998,0.05166666666666667,0.13018333333333332,0.06555555555555555,0.06018333333333333,1.1077777777777778,0.04055555555555556,0.12222222222222223,33.19555555555556,0.09370555555555554,0.19055555555555556,49.23555555555556,0.07629444444444444,0.10592777777777779,72.64333333333335,0.004444444444444444,0.03277777777777778,0.55,0.010372222222222222,0.11777777777777779,0.08888888888888889,0.06018333333333333,0.012222222222222223,0.40685
77,76,2019-11-28,7,1,2019-2020,Paulistano,UNIFACISA,1,0.4113636363636364,0.17454545454545456,0.1763636363636364,0.060454545454545455,0.1918181818181818,0.057499999999999996,0.1343181818181818,0.09068181818181818,0.06136363636363638,1.541818181818182,0.058181818181818196,0.1593181818181818,37.28454545454545,0.0881818181818182,0.16431818181818184,53.690909090909095,0.060454545454545455,0.08181818181818182,74.94272727272727,0.021818181818181816,0.034318181818181824,0.5663636363636364,0.009090909090909089,0.10795454545454546,0.08363636363636363,0.06136363636363638,0.011136363636363637,0.47613636363636364,0.41656249999999995,0.1396875,0.213125,0.06375,0.19312500000000002,0.055,0.138125,0.091875,0.0615625,1.515,0.04656250000000001,0.144375,32.598749999999995,0.1065625,0.19499999999999998,54.89124999999999,0.06375,0.08875,72.55624999999999,0.007812500000000002,0.03937499999999999,0.6625,0.010937500000000001,0.1,0.1125,0.0615625,0.010625,0.47874999999999995
68,80,2019-11-29,7,1,2019-2020,Pato Basquete,Corinthians,0,0.31999999999999995,0.10049999999999999,0.15999999999999998,0.05949999999999998,0.173,0.05700000000000001,0.11600000000000002,0.0735,0.08700000000000001,0.851,0.033499999999999995,0.124,27.175,0.07999999999999999,0.18000000000000002,44.822,0.05949999999999998,0.0905,66.51100000000001,0.006500000000000001,0.03949999999999999,0.4600000000000001,0.0105,0.1095,0.097,0.08700000000000001,0.0195,0.3075,0.42617000000000005,0.14550000000000002,0.220005,0.060665000000000004,0.182835,0.05550000000000001,0.12733499999999998,0.095825,0.0635,1.613,0.048494999999999996,0.11216499999999999,43.019,0.109995,0.20900500000000002,52.625,0.060665000000000004,0.090665,66.659,0.012675,0.034835000000000005,0.5700000000000001,0.011329999999999998,0.10400499999999999,0.10900000000000001,0.0635,0.008825,0.49349499999999996
92,73,2019-11-29,7,1,2019-2020,São Paulo,Fortaleza B. C. / CFO,1,0.425625,0.165,0.19874999999999998,0.061875,0.21375,0.053125000000000006,0.160625,0.09999999999999999,0.06875,1.5612499999999998,0.05499999999999999,0.15125,35.995,0.09937499999999999,0.18,54.942499999999995,0.061875,0.09062500000000001,68.905,0.011250000000000001,0.02875,0.42125,0.018750000000000003,0.09312499999999999,0.21125000000000002,0.06875,0.00875,0.5125000000000001,0.38216999999999995,0.12300000000000003,0.18532999999999997,0.07382999999999999,0.17933,0.04950000000000001,0.12982999999999997,0.06699999999999999,0.060829999999999995,1.1169999999999998,0.041,0.12150000000000001,33.789,0.09267,0.189,49.074,0.07382999999999999,0.10417000000000001,71.22800000000001,0.004499999999999999,0.03300000000000001,0.548,0.01017,0.11500000000000002,0.089,0.060829999999999995,0.0115,0.40282999999999997
71,78,2019-11-30,7,1,2019-2020,Bauru Basket,Botafogo,0,0.41175000000000006,0.11325,0.221,0.07749999999999999,0.17350000000000002,0.04575,0.12775,0.08299999999999999,0.07075000000000001,1.186,0.03774999999999999,0.1255,30.211000000000002,0.1105,0.19475000000000003,56.952999999999996,0.07749999999999999,0.11300000000000002,68.91400000000002,0.006499999999999999,0.047499999999999994,0.6790000000000002,0.00975,0.09599999999999999,0.10600000000000001,0.07075000000000001,0.008749999999999999,0.44725000000000004,0.3733333333333333,0.13416666666666666,0.1677777777777778,0.07138888888888889,0.17555555555555555,0.05333333333333333,0.12222222222222223,0.07944444444444446,0.07472222222222222,1.1166666666666667,0.04472222222222222,0.1375,32.62444444444444,0.0838888888888889,0.16749999999999998,49.70888888888888,0.07138888888888889,0.09055555555555557,79.79666666666667,0.004722222222222222,0.025555555555555557,0.3266666666666667,0.0125,0.11472222222222223,0.10888888888888887,0.07472222222222222,0.015277777777777779,0.39583333333333326
92,94,2019-11-30,7,1,2019-2020,Coop/São José Basketball,Brasília,0,0.40499999999999997,0.11850000000000001,0.21799999999999997,0.0685,0.1865,0.05700000000000001,0.1295,0.0965,0.07699999999999999,1.3090000000000002,0.039500000000000014,0.1165,34.087,0.10899999999999999,0.2185,50.201,0.0685,0.0945,72.239,0.0075000000000000015,0.0385,0.517,0.008,0.1105,0.069,0.07699999999999999,0.0115,0.44449999999999995,0.37,0.10499999999999998,0.19375,0.07125000000000001,0.18125000000000002,0.050624999999999996,0.13062500000000002,0.084375,0.07562499999999998,1.1725,0.035,0.115625,30.082500000000003,0.096875,0.19374999999999998,50.4425,0.07125000000000001,0.09875,72.5875,0.009375000000000001,0.0375,0.5275,0.01125,0.10187500000000001,0.1125,0.07562499999999998,0.013749999999999998,0.40125
83,82,2019-12-01,8,1,2019-2020,Pinheiros,UNIFACISA,1,0.39499500000000004,0.129,0.19400500000000004,0.07200500000000001,0.185,0.05200499999999999,0.132995,0.07900500000000002,0.072505,1.1190000000000002,0.043,0.12500000000000003,33.99399999999999,0.096995,0.182495,53.668000000000006,0.07200500000000001,0.098505,73.36100000000002,0.007995,0.037495,0.518,0.008505,0.10399999999999998,0.081,0.072505,0.014005,0.43849499999999997,0.41222222222222216,0.13333333333333333,0.21666666666666667,0.06222222222222223,0.19222222222222224,0.055,0.13722222222222222,0.09166666666666666,0.06333333333333332,1.4755555555555555,0.04444444444444445,0.14222222222222222,31.421111111111106,0.10833333333333334,0.19555555555555554,55.59777777777777,0.06222222222222223,0.0861111111111111,73.04111111111109,0.008333333333333335,0.03833333333333333,0.6322222222222221,0.011111111111111112,0.10222222222222223,0.1111111111111111,0.06333333333333332,0.011111111111111112,0.47277777777777774
93,84,2019-12-02,8,1,2019-2020,Mogi,Brasília,1,0.4055555555555556,0.14333333333333334,0.1711111111111111,0.0911111111111111,0.175,0.042222222222222223,0.13277777777777777,0.08722222222222224,0.06555555555555555,1.3633333333333333,0.04777777777777777,0.12722222222222224,37.57777777777778,0.08555555555555555,0.1772222222222222,48.483333333333334,0.0911111111111111,0.11222222222222222,80.81,0.003333333333333333,0.04,0.6233333333333334,0.013888888888888892,0.10222222222222221,0.14333333333333334,0.06555555555555555,0.010555555555555556,0.46388888888888885,0.38111111111111107,0.10999999999999999,0.1988888888888889,0.07222222222222223,0.18333333333333335,0.051666666666666666,0.13166666666666668,0.08555555555555555,0.07444444444444444,1.2044444444444444,0.03666666666666667,0.11555555555555556,31.571111111111115,0.09944444444444445,0.19555555555555554,51.18666666666667,0.07222222222222223,0.10444444444444445,70.44777777777779,0.00888888888888889,0.03722222222222222,0.5288888888888889,0.010555555555555556,0.10333333333333333,0.10444444444444445,0.07444444444444444,0.01333333333333333,0.4138888888888889
85,68,2019-12-02,8,1,2019-2020,Sesi Franca,Botafogo,1,0.44449999999999995,0.17099999999999999,0.181,0.0925,0.19249999999999998,0.044,0.14850000000000002,0.1,0.06599999999999999,1.547,0.05700000000000001,0.13799999999999998,41.185,0.0905,0.166,54.439,0.0925,0.11850000000000001,77.79799999999999,0.009,0.027000000000000003,0.42699999999999994,0.013500000000000002,0.0955,0.14499999999999996,0.06599999999999999,0.008499999999999999,0.5285,0.37349999999999994,0.135,0.169,0.0695,0.175,0.051500000000000004,0.12350000000000001,0.079,0.075,1.102,0.045,0.135,33.584,0.0845,0.16899999999999998,49.669999999999995,0.0695,0.08800000000000001,79.89399999999999,0.0045000000000000005,0.025,0.32,0.0125,0.11399999999999999,0.10999999999999999,0.075,0.015500000000000003,0.39649999999999996
87,90,2019-12-03,8,1,2019-2020,Paulistano,Rio Claro,0,0.41,0.17375,0.17500000000000002,0.061250000000000006,0.19041666666666665,0.056666666666666664,0.13375,0.09041666666666666,0.06041666666666668,1.5591666666666668,0.05791666666666668,0.16,36.91416666666667,0.08750000000000001,0.16333333333333336,53.58833333333334,0.061250000000000006,0.08333333333333333,74.53083333333333,0.021666666666666664,0.03416666666666667,0.5733333333333334,0.009166666666666665,0.10666666666666667,0.08583333333333333,0.06041666666666668,0.011250000000000001,0.4725,0.4116666666666667,0.12833333333333333,0.18555555555555558,0.09777777777777777,0.15666666666666665,0.03333333333333334,0.12333333333333332,0.09,0.07111111111111111,1.2977777777777777,0.042777777777777776,0.12722222222222224,33.97333333333333,0.09277777777777779,0.16166666666666668,57.57333333333333,0.09777777777777777,0.125,78.47888888888889,0.012222222222222225,0.03166666666666667,0.4444444444444444,0.0061111111111111106,0.11722222222222224,0.05333333333333333,0.07111111111111111,0.01,0.4444444444444444
79,89,2019-12-03,8,1,2019-2020,São Paulo,UNIFACISA,0,0.4294444444444444,0.16833333333333333,0.19777777777777775,0.06333333333333332,0.21333333333333332,0.051666666666666666,0.16166666666666665,0.10388888888888888,0.06722222222222224,1.6599999999999997,0.0561111111111111,0.155,35.9,0.09888888888888887,0.17388888888888887,57.28222222222222,0.06333333333333332,0.09055555555555556,70.50777777777779,0.013333333333333334,0.028333333333333335,0.42444444444444446,0.01777777777777778,0.09055555555555556,0.20333333333333334,0.06722222222222224,0.008333333333333335,0.5244444444444445,0.41374999999999995,0.13499999999999998,0.2165,0.06225000000000001,0.19,0.05375,0.13624999999999998,0.09275,0.06275,1.5059999999999998,0.045000000000000005,0.14150000000000001,31.982999999999997,0.10825,0.19524999999999998,55.62199999999999,0.06225000000000001,0.08574999999999999,73.31299999999999,0.008000000000000002,0.0375,0.6209999999999999,0.011,0.10275000000000001,0.10900000000000001,0.06275,0.010750000000000001,0.47474999999999995
91,84,2019-12-04,8,1,2019-2020,Mogi,Minas,1,0.41100000000000003,0.14475,0.1715,0.09475,0.176,0.04425,0.13174999999999998,0.08800000000000001,0.06425,1.408,0.048249999999999994,0.12975000000000003,37.263000000000005,0.08575,0.17624999999999996,48.859,0.09475,0.11625,81.09,0.0032500000000000003,0.03924999999999999,0.623,0.013500000000000003,0.101,0.14,0.06425,0.01,0.47000000000000003,0.41812499999999997,0.13875,0.20500000000000002,0.074375,0.20312500000000003,0.06625,0.136875,0.09000000000000001,0.058124999999999996,1.6112499999999996,0.04625,0.150625,30.49875,0.10250000000000001,0.18812500000000001,55.03625000000001,0.074375,0.0975,76.68875,0.0075,0.036250000000000004,0.6325000000000001,0.00875,0.12125,0.07,0.058124999999999996,0.010625,0.484375
66,79,2019-12-05,8,1,2019-2020,Bauru Basket,Flamengo,0,0.4113636363636364,0.11318181818181819,0.22090909090909092,0.07727272727272726,0.17227272727272727,0.045909090909090906,0.12636363636363637,0.08045454545454546,0.06954545454545456,1.1654545454545455,0.03772727272727272,0.1259090909090909,30.08727272727273,0.11045454545454546,0.19272727272727275,57.57272727272727,0.07727272727272726,0.11318181818181819,68.57818181818183,0.006363636363636363,0.04772727272727272,0.6963636363636365,0.009545454545454546,0.09636363636363635,0.10363636363636365,0.06954545454545456,0.008636363636363636,0.4454545454545455,0.413,0.13799999999999998,0.19799999999999995,0.07699999999999999,0.19600000000000004,0.057499999999999996,0.1385,0.091,0.058499999999999996,1.6780000000000002,0.04599999999999999,0.13399999999999998,33.998999999999995,0.09899999999999998,0.18950000000000003,52.625,0.07699999999999999,0.1115,69.018,0.0045000000000000005,0.033999999999999996,0.561,0.0055,0.097,0.05900000000000001,0.058499999999999996,0.0055,0.4674999999999999
91,56,2019-12-06,8,1,2019-2020,Fortaleza B. C. / CFO,Brasília,1,0.37955,0.12409090909090911,0.18363181818181815,0.07181363636363636,0.1772681818181818,0.047727272727272736,0.12954090909090907,0.06818181818181818,0.061359090909090905,1.1245454545454543,0.041363636363636366,0.12090909090909091,34.27454545454545,0.09182272727272726,0.18772727272727271,48.941818181818185,0.07181363636363636,0.10273181818181819,70.07000000000001,0.004545454545454544,0.033181818181818194,0.5463636363636364,0.010004545454545453,0.11272727272727275,0.0890909090909091,0.061359090909090905,0.01090909090909091,0.39954090909090906,0.378,0.11099999999999999,0.195,0.072,0.18325,0.05275,0.1305,0.08425,0.07549999999999998,1.169,0.037,0.1165,31.614000000000004,0.0975,0.19399999999999998,50.512,0.072,0.10600000000000001,69.23600000000002,0.009000000000000001,0.03799999999999999,0.529,0.01075,0.10600000000000001,0.10400000000000001,0.07549999999999998,0.012749999999999997,0.40675
93,109,2019-12-06,8,1,2019-2020,Coop/São José Basketball,Minas,0,0.41,0.12272727272727274,0.21727272727272726,0.07,0.18500000000000003,0.055909090909090915,0.1290909090909091,0.09681818181818183,0.07636363636363636,1.32,0.04090909090909092,0.11954545454545454,34.32181818181819,0.10863636363636363,0.21500000000000002,50.940000000000005,0.07,0.09590909090909093,72.69636363636363,0.008181818181818182,0.038181818181818185,0.5154545454545455,0.008636363636363636,0.11272727272727273,0.07272727272727274,0.07636363636363636,0.010454545454545454,0.4509090909090908,0.42527777777777775,0.14416666666666667,0.20666666666666667,0.07444444444444444,0.2038888888888889,0.06861111111111112,0.13527777777777777,0.09250000000000001,0.056944444444444436,1.6955555555555553,0.04805555555555555,0.15472222222222223,30.813333333333333,0.10333333333333333,0.1875,55.61777777777778,0.07444444444444444,0.09722222222222222,76.94,0.007777777777777777,0.03555555555555556,0.6322222222222222,0.008611111111111113,0.12222222222222223,0.0688888888888889,0.056944444444444436,0.009444444444444445,0.4947222222222222
78,82,2019-12-07,8,1,2019-2020,Sesi Franca,Flamengo,0,0.44113636363636355,0.16568181818181818,0.18272727272727274,0.09272727272727273,0.19249999999999998,0.04454545454545454,0.14795454545454548,0.09772727272727272,0.06386363636363636,1.5663636363636364,0.05522727272727273,0.13636363636363635,40.28181818181818,0.09136363636363637,0.16818181818181818,54.27454545454545,0.09272727272727273,0.11886363636363638,77.77545454545454,0.008863636363636363,0.026363636363636367,0.43090909090909085,0.012954545454545456,0.09636363636363637,0.13818181818181816,0.06386363636363636,0.00840909090909091,0.5222727272727273,0.41204545454545455,0.14113636363636362,0.19590909090909084,0.075,0.19181818181818186,0.054772727272727265,0.13704545454545455,0.09,0.05931818181818182,1.6336363636363638,0.04704545454545454,0.13409090909090907,34.779999999999994,0.09795454545454542,0.18681818181818183,52.81272727272728,0.075,0.10954545454545456,68.2990909090909,0.004090909090909091,0.03477272727272727,0.5672727272727273,0.006136363636363637,0.09636363636363637,0.06636363636363637,0.05931818181818182,0.007045454545454544,0.46454545454545443
92,72,2019-12-08,9,1,2019-2020,Botafogo,Rio Claro,1,0.37045454545454537,0.1390909090909091,0.16272727272727275,0.06863636363636365,0.1759090909090909,0.05318181818181818,0.12272727272727274,0.07772727272727273,0.07363636363636364,1.1,0.046363636363636364,0.1409090909090909,33.25818181818182,0.08136363636363637,0.16454545454545455,48.94272727272726,0.06863636363636365,0.08636363636363638,80.42272727272727,0.004545454545454546,0.024545454545454547,0.3209090909090909,0.011818181818181818,0.1159090909090909,0.10363636363636362,0.07363636363636364,0.015000000000000003,0.3909090909090909,0.41550000000000004,0.1305,0.188,0.09699999999999999,0.1585,0.0345,0.12399999999999997,0.093,0.069,1.408,0.0435,0.1295,33.909,0.094,0.1635,57.649,0.09699999999999999,0.12250000000000001,79.631,0.011500000000000002,0.031000000000000007,0.45,0.0055,0.11550000000000002,0.048,0.069,0.011,0.4534999999999999
91,72,2019-12-08,9,1,2019-2020,UNIFACISA,Brasília,1,0.415,0.13636363636363635,0.21636363636363634,0.06227272727272728,0.1881818181818182,0.05272727272727273,0.13545454545454544,0.09363636363636364,0.062272727272727264,1.530909090909091,0.04545454545454546,0.1409090909090909,32.442727272727275,0.10818181818181817,0.19499999999999995,55.641818181818174,0.06227272727272728,0.08545454545454545,73.53545454545453,0.007727272727272729,0.03681818181818182,0.6118181818181817,0.010909090909090908,0.10318181818181818,0.10727272727272728,0.062272727272727264,0.010454545454545456,0.4763636363636363,0.37545454545454543,0.11181818181818182,0.1918181818181818,0.07181818181818182,0.1831818181818182,0.053636363636363635,0.12954545454545457,0.08318181818181819,0.07636363636363636,1.14,0.03727272727272727,0.11727272727272728,31.649090909090912,0.0959090909090909,0.1927272727272727,49.959999999999994,0.07181818181818182,0.10727272727272728,68.24454545454547,0.009090909090909092,0.03863636363636363,0.5290909090909092,0.010909090909090908,0.10818181818181817,0.10363636363636365,0.07636363636363636,0.01227272727272727,0.40090909090909094
70,73,2019-12-08,9,1,2019-2020,Bauru Basket,São Paulo,0,0.40458333333333335,0.11375000000000002,0.21750000000000003,0.07333333333333332,0.17125,0.046250000000000006,0.12500000000000003,0.0775,0.07208333333333335,1.1058333333333332,0.03791666666666666,0.12499999999999999,30.478333333333335,0.10875000000000001,0.19083333333333333,57.18666666666667,0.07333333333333332,0.10833333333333334,67.40916666666668,0.006666666666666665,0.04708333333333333,0.6716666666666669,0.00875,0.09583333333333333,0.09500000000000001,0.07208333333333335,0.007916666666666667,0.43291666666666667,0.426,0.1665,0.19499999999999998,0.06449999999999999,0.2165,0.05700000000000001,0.15949999999999998,0.101,0.068,1.5939999999999999,0.055499999999999994,0.161,34.635999999999996,0.09749999999999999,0.17149999999999999,57.22099999999999,0.06449999999999999,0.0935,69.70700000000001,0.0125,0.028500000000000004,0.42200000000000004,0.018000000000000002,0.0895,0.20800000000000002,0.068,0.0075000000000000015,0.5135000000000001
67,71,2019-12-09,9,1,2019-2020,Fortaleza B. C. / CFO,Mogi,0,0.3858375,0.12500000000000003,0.18666249999999998,0.07416249999999999,0.1824958333333333,0.05000000000000001,0.1324958333333333,0.06833333333333332,0.0629125,1.1041666666666665,0.041666666666666664,0.12208333333333334,34.19583333333333,0.0933375,0.1875,49.818333333333335,0.07416249999999999,0.10542083333333334,70.40333333333335,0.004999999999999999,0.03541666666666667,0.5633333333333334,0.0095875,0.11250000000000003,0.08583333333333333,0.0629125,0.011250000000000001,0.4120791666666666,0.41545454545454547,0.1459090909090909,0.17181818181818184,0.09772727272727272,0.17681818181818182,0.045909090909090906,0.1309090909090909,0.08863636363636364,0.06318181818181817,1.4445454545454546,0.04863636363636363,0.13181818181818186,37.00545454545455,0.08590909090909092,0.17545454545454542,49.16636363636364,0.09772727272727272,0.11954545454545457,81.3190909090909,0.003181818181818182,0.03863636363636363,0.6227272727272728,0.013181818181818185,0.1,0.1372727272727273,0.06318181818181817,0.009545454545454546,0.47500000000000003
81,82,2019-12-09,9,1,2019-2020,Corinthians,Pinheiros,0,0.42545909090909095,0.14181818181818182,0.2218227272727273,0.06181818181818182,0.18136363636363637,0.05500000000000001,0.12636363636363634,0.09544545454545453,0.06363636363636363,1.5945454545454545,0.04726818181818182,0.10999999999999997,42.71,0.11090454545454544,0.2100045454545455,52.8,0.06181818181818182,0.09318181818181817,66.23272727272727,0.012281818181818182,0.03636363636363637,0.59,0.011359090909090907,0.10318636363636363,0.11,0.06363636363636363,0.00908181818181818,0.4918136363636363,0.39681363636363637,0.12681818181818183,0.19727727272727275,0.07273181818181819,0.1827272727272727,0.050913636363636355,0.13181363636363636,0.07909545454545455,0.07273181818181818,1.1145454545454547,0.04227272727272727,0.12181818181818184,34.4390909090909,0.0986318181818182,0.1845409090909091,53.88909090909092,0.07273181818181819,0.09773181818181818,74.77272727272728,0.008177272727272727,0.03681363636363637,0.5072727272727273,0.009550000000000001,0.10318181818181817,0.09272727272727273,0.07273181818181818,0.01545909090909091,0.4418136363636363
87,88,2019-12-10,9,1,2019-2020,Sesi Franca,São Paulo,0,0.43833333333333324,0.16125,0.1841666666666667,0.09291666666666666,0.19249999999999998,0.04499999999999999,0.14750000000000002,0.09583333333333333,0.062083333333333324,1.5825000000000002,0.05375,0.135,39.52916666666667,0.09208333333333335,0.17,54.137499999999996,0.09291666666666666,0.11916666666666668,77.75666666666665,0.00875,0.025833333333333337,0.4341666666666666,0.012500000000000002,0.09708333333333334,0.13249999999999998,0.062083333333333324,0.008333333333333333,0.5170833333333333,0.4265136363636364,0.16772727272727272,0.1927272727272727,0.0660590909090909,0.21621363636363639,0.05636363636363637,0.15984999999999996,0.10060454545454545,0.06575909090909092,1.6518181818181816,0.05590909090909091,0.16151363636363636,34.76,0.09636363636363635,0.17121363636363635,56.60999999999999,0.0660590909090909,0.09515000000000001,70.01818181818182,0.012422727272727273,0.027577272727272728,0.42181818181818187,0.01696818181818182,0.08818181818181817,0.19727272727272727,0.06575909090909092,0.007727272727272728,0.5125772727272728
91,78,2019-12-10,9,1,2019-2020,Flamengo,Rio Claro,1,0.41124999999999995,0.14374999999999996,0.1941666666666666,0.07333333333333333,0.18833333333333335,0.05249999999999999,0.13583333333333333,0.08916666666666667,0.06,1.596666666666667,0.04791666666666666,0.13416666666666666,35.43083333333333,0.0970833333333333,0.18458333333333335,52.96916666666667,0.07333333333333333,0.10791666666666667,67.7,0.0037500000000000003,0.03541666666666666,0.5725,0.006666666666666667,0.09583333333333334,0.07250000000000001,0.06,0.008333333333333331,0.4620833333333332,0.4153045454545455,0.12863636363636363,0.18939545454545456,0.09727272727272726,0.15969545454545456,0.034545454545454546,0.12514999999999998,0.09242272727272725,0.0689409090909091,1.3954545454545455,0.04287727272727273,0.12727272727272726,34.00090909090909,0.09469545454545454,0.1642409090909091,57.791818181818186,0.09727272727272726,0.12303181818181819,79.47545454545454,0.011213636363636365,0.029395454545454548,0.4272727272727273,0.005604545454545454,0.11636363636363639,0.04818181818181819,0.0689409090909091,0.010909090909090908,0.45378636363636354
99,83,2019-12-11,9,1,2019-2020,UNIFACISA,Mogi,1,0.4184708333333333,0.14291666666666666,0.2111125,0.06444583333333334,0.18833333333333335,0.0526375,0.13569583333333332,0.09277916666666668,0.06180416666666666,1.5258333333333332,0.047637500000000006,0.14277916666666668,33.395833333333336,0.10555416666666666,0.19222083333333329,54.956666666666656,0.06444583333333334,0.08680416666666667,74.64833333333333,0.007637500000000002,0.036250000000000004,0.6049999999999999,0.011112499999999999,0.10319583333333333,0.10916666666666668,0.06180416666666666,0.010137500000000002,0.48041666666666666,0.41291666666666665,0.143125,0.17375,0.09604166666666665,0.18041666666666667,0.046875,0.13354166666666667,0.08604166666666668,0.06416666666666666,1.3883333333333334,0.047708333333333325,0.13083333333333336,36.52583333333334,0.086875,0.1770833333333333,49.23583333333334,0.09604166666666665,0.11937500000000001,80.03916666666667,0.0037500000000000003,0.03854166666666666,0.6125,0.012500000000000004,0.099375,0.13000000000000003,0.06416666666666666,0.010208333333333335,0.46916666666666673
79,82,2019-12-12,9,1,2019-2020,Fortaleza B. C. / CFO,Minas,0,0.3842346153846154,0.1251923076923077,0.18499615384615384,0.07403461538461538,0.18576538461538458,0.05153846153846155,0.13422692307692305,0.0671153846153846,0.06249615384615384,1.089230769230769,0.04173076923076923,0.12634615384615386,33.40692307692307,0.09250384615384616,0.18576923076923077,49.832307692307694,0.07403461538461538,0.10558076923076923,70.17538461538463,0.005384615384615384,0.0351923076923077,0.5638461538461539,0.010196153846153846,0.11365384615384617,0.09,0.06249615384615384,0.010961538461538464,0.4096115384615384,0.43099999999999994,0.14850000000000002,0.20800000000000002,0.07449999999999998,0.20450000000000004,0.07050000000000001,0.134,0.09450000000000001,0.055999999999999994,1.763,0.0495,0.158,31.064999999999998,0.10400000000000001,0.187,56.083000000000006,0.07449999999999998,0.097,77.141,0.007999999999999998,0.03500000000000001,0.632,0.008500000000000002,0.123,0.06800000000000002,0.055999999999999994,0.0085,0.5029999999999999
98,84,2019-12-13,9,1,2019-2020,Rio Claro,Sesi Franca,1,0.41514166666666674,0.12708333333333335,0.19055833333333336,0.09749999999999999,0.16069166666666668,0.034583333333333334,0.1261083333333333,0.09194166666666664,0.06889166666666667,1.385,0.04235833333333333,0.12541666666666665,34.0775,0.095275,0.16485833333333336,57.910833333333336,0.09749999999999999,0.123475,79.34583333333332,0.010975,0.028058333333333334,0.4083333333333334,0.005691666666666667,0.11708333333333336,0.04833333333333334,0.06889166666666667,0.010833333333333334,0.4540249999999999,0.43749999999999994,0.1609615384615385,0.18346153846153848,0.09307692307692307,0.19057692307692303,0.0448076923076923,0.1457692307692308,0.09403846153846153,0.061346153846153835,1.566923076923077,0.053653846153846156,0.135,39.480000000000004,0.09173076923076924,0.1698076923076923,53.99153846153846,0.09307692307692307,0.11942307692307694,77.74076923076922,0.008461538461538463,0.025576923076923084,0.43384615384615377,0.012500000000000002,0.09884615384615386,0.13,0.061346153846153835,0.007884615384615386,0.5125
92,98,2019-12-14,9,1,2019-2020,Paulistano,São Paulo,0,0.4119230769230769,0.17307692307692307,0.17923076923076925,0.059615384615384626,0.19038461538461535,0.05653846153846154,0.13384615384615384,0.09038461538461538,0.05884615384615387,1.6123076923076924,0.05769230769230771,0.16,36.71923076923077,0.08961538461538462,0.1653846153846154,54.12230769230769,0.059615384615384626,0.08115384615384615,74.3923076923077,0.020769230769230766,0.03307692307692308,0.5676923076923077,0.009615384615384612,0.10576923076923077,0.09153846153846154,0.05884615384615387,0.010384615384615384,0.47538461538461535,0.4269416666666667,0.16874999999999998,0.1908333333333333,0.06735833333333333,0.21597500000000003,0.055833333333333346,0.16014166666666663,0.10027499999999999,0.06389166666666667,1.7,0.05625,0.16194166666666668,34.86333333333333,0.09541666666666665,0.170975,56.10083333333333,0.06735833333333333,0.09652500000000001,70.2775,0.012358333333333332,0.026808333333333333,0.4216666666666667,0.016108333333333332,0.08708333333333333,0.18833333333333332,0.06389166666666667,0.007916666666666667,0.5118083333333334
84,92,2019-12-14,9,1,2019-2020,UNIFACISA,Minas,0,0.42140769230769226,0.14846153846153845,0.20666923076923077,0.0662846153846154,0.18846153846153849,0.05256153846153845,0.13589999999999997,0.09205384615384617,0.0614076923076923,1.5215384615384613,0.04948461538461539,0.14436153846153846,34.20230769230769,0.10333076923076921,0.1898692307692307,54.37692307692306,0.0662846153846154,0.08794615384615384,75.58999999999999,0.007561538461538463,0.035769230769230775,0.5992307692307691,0.011284615384615384,0.10320769230769232,0.11076923076923076,0.0614076923076923,0.00986923076923077,0.48384615384615387,0.4313636363636363,0.14863636363636365,0.20681818181818182,0.0759090909090909,0.20227272727272733,0.06818181818181819,0.1340909090909091,0.09363636363636366,0.05568181818181817,1.75,0.04954545454545455,0.15636363636363637,31.487272727272725,0.10340909090909091,0.18681818181818183,55.77545454545455,0.0759090909090909,0.0984090909090909,77.4009090909091,0.007272727272727272,0.0340909090909091,0.6181818181818183,0.008181818181818184,0.1225,0.06545454545454547,0.05568181818181817,0.008636363636363636,0.5006818181818181
103,83,2019-12-16,10,1,2019-2020,Flamengo,Coop/São José Basketball,1,0.4146153846153846,0.1465384615384615,0.1961538461538461,0.07192307692307692,0.18730769230769231,0.05192307692307692,0.1353846153846154,0.09076923076923078,0.057692307692307696,1.7561538461538466,0.048846153846153845,0.13576923076923075,35.68307692307692,0.09807692307692305,0.18653846153846157,52.92384615384616,0.07192307692307692,0.10461538461538462,69.00153846153846,0.0038461538461538464,0.034230769230769224,0.58,0.006153846153846154,0.095,0.06692307692307693,0.057692307692307696,0.008846153846153844,0.46692307692307683,0.4145833333333333,0.12125000000000001,0.2183333333333333,0.075,0.18083333333333332,0.05375000000000001,0.12708333333333333,0.09666666666666668,0.075,1.3416666666666668,0.04041666666666668,0.11916666666666666,33.99750000000001,0.10916666666666665,0.21208333333333337,52.01916666666667,0.075,0.10041666666666667,73.86083333333333,0.007916666666666667,0.037916666666666675,0.5208333333333334,0.009166666666666667,0.1125,0.07833333333333334,0.075,0.010416666666666666,0.45666666666666655
76,79,2019-12-17,10,1,2019-2020,Pato Basquete,Bauru Basket,0,0.3218181818181817,0.09545454545454544,0.16727272727272727,0.05909090909090908,0.17,0.05363636363636364,0.11636363636363639,0.07227272727272727,0.08681818181818182,0.838181818181818,0.031818181818181815,0.11681818181818181,27.734545454545454,0.08363636363636363,0.18272727272727274,45.941818181818185,0.05909090909090908,0.08863636363636364,67.60727272727273,0.007272727272727273,0.03954545454545454,0.46090909090909093,0.010454545454545454,0.1109090909090909,0.09545454545454546,0.08681818181818182,0.02090909090909091,0.3131818181818182,0.4003846153846154,0.12000000000000002,0.21153846153846156,0.06884615384615383,0.17192307692307696,0.045000000000000005,0.12692307692307694,0.07846153846153846,0.07038461538461539,1.1592307692307693,0.039999999999999994,0.1269230769230769,31.466923076923077,0.10576923076923078,0.18769230769230769,56.37769230769231,0.06884615384615383,0.10230769230769231,66.07000000000001,0.006153846153846153,0.045384615384615384,0.6584615384615387,0.008076923076923077,0.09499999999999999,0.08769230769230771,0.07038461538461539,0.008076923076923077,0.43153846153846154
95,106,2019-12-17,10,1,2019-2020,São Paulo,Rio Claro,0,0.4273038461538462,0.1696153846153846,0.1892307692307692,0.0684576923076923,0.21577307692307696,0.0553846153846154,0.16038846153846148,0.09999615384615382,0.06231153846153847,1.7407692307692306,0.056538461538461544,0.16230384615384616,34.950769230769225,0.0946153846153846,0.1707730769230769,55.669999999999995,0.0684576923076923,0.09768846153846154,70.49692307692308,0.012303846153846153,0.026157692307692305,0.4215384615384616,0.015380769230769229,0.08615384615384615,0.18076923076923074,0.06231153846153847,0.008076923076923077,0.5111576923076924,0.4150038461538462,0.1257692307692308,0.1915423076923077,0.09769230769230769,0.1615346153846154,0.03461538461538462,0.12691923076923073,0.09153461538461535,0.06885000000000001,1.3761538461538463,0.041919230769230764,0.12384615384615384,34.142307692307696,0.09576538461538461,0.16538076923076922,58.01153846153847,0.09769230769230769,0.12385,79.23615384615384,0.010773076923076923,0.026926923076923074,0.39230769230769236,0.005765384615384616,0.11769230769230771,0.04846153846153847,0.06885000000000001,0.01076923076923077,0.454226923076923
93,75,2019-12-18,10,1,2019-2020,Botafogo,Coop/São José Basketball,1,0.3779166666666666,0.145,0.16416666666666668,0.06875000000000002,0.17541666666666667,0.05291666666666667,0.12250000000000001,0.08,0.07083333333333335,1.2275,0.04833333333333334,0.14333333333333334,33.91833333333334,0.08208333333333334,0.16625,48.91833333333332,0.06875000000000002,0.08500000000000002,82.05416666666666,0.005,0.0275,0.4191666666666667,0.012083333333333335,0.1175,0.10416666666666667,0.07083333333333335,0.013750000000000004,0.4058333333333333,0.413076923076923,0.12057692307692308,0.21846153846153846,0.07403846153846154,0.18,0.05384615384615386,0.12615384615384614,0.09673076923076923,0.07538461538461537,1.3323076923076924,0.0401923076923077,0.11923076923076922,33.78615384615385,0.10923076923076923,0.21173076923076925,52.09538461538462,0.07403846153846154,0.1,73.24,0.008076923076923077,0.037500000000000006,0.5123076923076924,0.009423076923076923,0.11211538461538462,0.08153846153846155,0.07538461538461537,0.01096153846153846,0.45326923076923065
57,64,2019-12-19,10,1,2019-2020,Minas,Pinheiros,0,0.4316666666666666,0.14875,0.2058333333333333,0.07708333333333332,0.20041666666666672,0.06625000000000002,0.13416666666666668,0.09291666666666669,0.05541666666666666,1.7391666666666667,0.04958333333333334,0.15500000000000003,31.83916666666666,0.10291666666666666,0.18666666666666668,55.51916666666668,0.07708333333333332,0.09958333333333334,77.6175,0.006666666666666665,0.03333333333333335,0.6066666666666668,0.007916666666666669,0.12208333333333332,0.06333333333333335,0.05541666666666666,0.008749999999999999,0.49874999999999997,0.39791250000000006,0.1225,0.2025041666666667,0.07292083333333334,0.18458333333333332,0.05375416666666666,0.13082916666666666,0.07708750000000002,0.07250416666666666,1.0875000000000001,0.04083333333333333,0.1191666666666667,33.88416666666666,0.10124583333333333,0.19124583333333334,53.48666666666668,0.07292083333333334,0.09917083333333333,73.97666666666667,0.0074958333333333335,0.03666250000000001,0.5066666666666667,0.010004166666666666,0.10166666666666664,0.09999999999999999,0.07250416666666666,0.015004166666666667,0.43916249999999996
85,73,2019-12-19,10,1,2019-2020,Brasília,Corinthians,1,0.3741666666666667,0.1075,0.19499999999999998,0.07166666666666667,0.18458333333333335,0.05458333333333334,0.13000000000000003,0.08375,0.07541666666666665,1.16,0.035833333333333335,0.11416666666666668,31.095000000000002,0.09749999999999999,0.19833333333333333,49.482499999999995,0.07166666666666667,0.10625000000000001,68.6975,0.008333333333333333,0.0375,0.5166666666666667,0.01,0.10625,0.09500000000000001,0.07541666666666665,0.011666666666666665,0.39916666666666667,0.4237541666666667,0.13875,0.22333750000000005,0.06166666666666667,0.18166666666666664,0.055833333333333346,0.12583333333333332,0.09624166666666666,0.06499999999999999,1.570833333333333,0.04624583333333334,0.11041666666666665,41.68666666666667,0.1116625,0.21042083333333336,53.05083333333332,0.06166666666666667,0.09249999999999999,66.59583333333335,0.012091666666666667,0.03666666666666667,0.5825,0.011662499999999998,0.10458749999999999,0.11166666666666665,0.06499999999999999,0.009574999999999998,0.48999583333333324
80,78,2019-12-20,10,1,2019-2020,Pato Basquete,Rio Claro,1,0.32749999999999996,0.09874999999999999,0.16708333333333333,0.061666666666666654,0.17041666666666666,0.053125000000000006,0.11729166666666668,0.07416666666666666,0.08645833333333335,0.8641666666666666,0.032916666666666664,0.11625,28.8325,0.08354166666666667,0.18375,45.639166666666675,0.061666666666666654,0.09125000000000001,68.22333333333334,0.007083333333333334,0.03875,0.45250000000000007,0.01,0.11104166666666666,0.09083333333333334,0.08645833333333335,0.020416666666666666,0.3208333333333333,0.41821785714285725,0.12910714285714286,0.19214642857142858,0.09696428571428571,0.1607107142857143,0.03339285714285715,0.12731785714285712,0.09303214285714283,0.06714642857142858,1.4564285714285714,0.04303214285714285,0.12339285714285712,35.199285714285715,0.09606785714285715,0.16553214285714285,58.13214285714287,0.09696428571428571,0.1228607142857143,79.25857142857141,0.010539285714285715,0.026789285714285713,0.4042857142857143,0.006067857142857143,0.11732142857142859,0.051428571428571435,0.06714642857142858,0.010357142857142858,0.46196071428571417
69,79,2019-12-20,10,1,2019-2020,Botafogo,Mogi,0,0.37999999999999995,0.14711538461538462,0.165,0.0678846153846154,0.1757692307692308,0.05346153846153846,0.12230769230769233,0.0821153846153846,0.07173076923076924,1.2330769230769232,0.049038461538461545,0.1453846153846154,33.91076923076923,0.0825,0.16596153846153847,49.2976923076923,0.0678846153846154,0.08423076923076925,81.64,0.004615384615384616,0.02769230769230769,0.41461538461538466,0.011730769230769232,0.11788461538461538,0.10076923076923078,0.07173076923076924,0.014230769230769233,0.40865384615384615,0.4107692307692308,0.14076923076923079,0.17538461538461536,0.0946153846153846,0.18346153846153848,0.047692307692307694,0.13576923076923078,0.08384615384615388,0.06499999999999999,1.3407692307692307,0.046923076923076915,0.13000000000000003,36.120000000000005,0.08769230769230768,0.17846153846153842,49.29461538461539,0.0946153846153846,0.11923076923076924,78.95615384615385,0.0042307692307692315,0.03846153846153845,0.6038461538461539,0.011923076923076927,0.09884615384615386,0.12384615384615387,0.06499999999999999,0.01076923076923077,0.46423076923076934
83,82,2019-12-21,10,1,2019-2020,Minas,Corinthians,1,0.42538461538461525,0.1448076923076923,0.20307692307692304,0.07749999999999999,0.20057692307692315,0.06634615384615386,0.13423076923076924,0.09019230769230771,0.057307692307692296,1.6607692307692308,0.04826923076923077,0.15115384615384617,31.770769230769226,0.10153846153846152,0.18711538461538463,54.64538461538462,0.07749999999999999,0.10019230769230769,77.55000000000001,0.0069230769230769216,0.032500000000000015,0.5815384615384617,0.00903846153846154,0.12115384615384615,0.07384615384615387,0.057307692307692296,0.008653846153846153,0.4888461538461538,0.4209653846153847,0.13673076923076924,0.2223115384615385,0.06192307692307692,0.18134615384615385,0.056538461538461544,0.1248076923076923,0.09422307692307691,0.06346153846153846,1.5699999999999998,0.045573076923076924,0.11307692307692306,40.46923076923077,0.11115,0.21019615384615387,52.86230769230769,0.06192307692307692,0.09192307692307691,67.35538461538462,0.011353846153846155,0.03692307692307692,0.6061538461538462,0.011919230769230767,0.10750384615384614,0.11153846153846153,0.06346153846153846,0.00903076923076923,0.4840346153846153
79,86,2019-12-21,10,1,2019-2020,Brasília,Pinheiros,0,0.37692307692307697,0.10673076923076923,0.19846153846153847,0.07173076923076924,0.18711538461538463,0.05480769230769231,0.13230769230769232,0.08346153846153848,0.07538461538461537,1.1530769230769229,0.035576923076923075,0.11346153846153847,31.083846153846157,0.09923076923076923,0.1998076923076923,49.919999999999995,0.07173076923076924,0.10711538461538463,68.15923076923079,0.008461538461538461,0.036538461538461534,0.5023076923076923,0.01,0.1071153846153846,0.09461538461538463,0.07538461538461537,0.011153846153846153,0.40326923076923077,0.39615000000000006,0.12288461538461538,0.19846538461538465,0.07481153846153846,0.18480769230769228,0.0536576923076923,0.13115,0.07596538461538463,0.0715423076923077,1.083846153846154,0.04096153846153846,0.12000000000000004,33.79230769230769,0.09922692307692307,0.19018846153846156,52.6223076923077,0.07481153846153846,0.10192692307692308,73.84153846153848,0.007111538461538462,0.037688461538461546,0.5315384615384615,0.009619230769230769,0.10153846153846152,0.09615384615384616,0.0715423076923077,0.015196153846153847,0.4353807692307692
74,96,2019-12-27,11,1,2019-2020,Paulistano,Pato Basquete,0,0.4153571428571428,0.1789285714285714,0.17857142857142858,0.05785714285714287,0.19214285714285712,0.05607142857142857,0.13607142857142857,0.09071428571428572,0.05678571428571431,1.7235714285714288,0.05964285714285716,0.1682142857142857,36.30428571428572,0.08928571428571429,0.16321428571428573,54.75357142857143,0.05785714285714287,0.07928571428571428,73.62428571428572,0.020714285714285713,0.03142857142857143,0.5507142857142858,0.009285714285714284,0.10535714285714286,0.08857142857142856,0.05678571428571431,0.010357142857142858,0.47678571428571426,0.33230769230769225,0.10153846153846152,0.16692307692307692,0.06384615384615383,0.17076923076923076,0.0526923076923077,0.1180769230769231,0.07576923076923076,0.08615384615384616,0.8861538461538461,0.033846153846153845,0.11576923076923078,29.76153846153846,0.08346153846153846,0.1846153846153846,45.38307692307693,0.06384615384615383,0.09346153846153848,68.74461538461539,0.006923076923076924,0.03807692307692308,0.44538461538461543,0.009615384615384616,0.11115384615384616,0.08692307692307694,0.08615384615384616,0.02,0.3273076923076923
92,98,2019-12-27,11,1,2019-2020,Pinheiros,Botafogo,0,0.39463928571428575,0.1232142857142857,0.19500357142857144,0.07643214285714285,0.185,0.05357499999999999,0.131425,0.07500357142857143,0.07071785714285715,1.0807142857142857,0.04107142857142857,0.12071428571428575,33.71357142857142,0.09749642857142857,0.1892821428571429,51.88142857142858,0.07643214285714285,0.10428928571428572,73.72571428571429,0.006782142857142857,0.03856785714285715,0.5528571428571428,0.009289285714285713,0.10142857142857142,0.09285714285714286,0.07071785714285715,0.015360714285714287,0.43213928571428567,0.3817857142857143,0.14892857142857144,0.1657142857142857,0.06714285714285716,0.1760714285714286,0.05392857142857144,0.12214285714285718,0.08392857142857142,0.07250000000000001,1.237857142857143,0.04964285714285715,0.14714285714285716,33.90428571428571,0.08285714285714285,0.16571428571428573,49.622857142857136,0.06714285714285716,0.08357142857142859,81.285,0.004285714285714286,0.027857142857142858,0.41071428571428575,0.01142857142857143,0.11821428571428572,0.09785714285714286,0.07250000000000001,0.014642857142857143,0.4110714285714286
61,80,2019-12-27,11,1,2019-2020,Bauru Basket,Sesi Franca,0,0.39999999999999997,0.1210714285714286,0.2085714285714286,0.07035714285714285,0.1760714285714286,0.04785714285714286,0.12821428571428573,0.07821428571428571,0.07321428571428572,1.125,0.040357142857142855,0.12714285714285714,31.69214285714286,0.1042857142857143,0.18928571428571428,55.24214285714286,0.07035714285714285,0.10392857142857144,66.49357142857143,0.0060714285714285705,0.046785714285714285,0.6535714285714287,0.007500000000000001,0.09857142857142856,0.08142857142857143,0.07321428571428572,0.008214285714285714,0.43000000000000005,0.4367857142857142,0.16071428571428575,0.18285714285714286,0.09321428571428571,0.1889285714285714,0.04464285714285714,0.14428571428571432,0.0925,0.06071428571428571,1.5535714285714286,0.05357142857142857,0.135,39.43785714285714,0.09142857142857143,0.16964285714285715,53.86642857142857,0.09321428571428571,0.11964285714285716,77.72714285714285,0.008214285714285716,0.025357142857142863,0.43357142857142844,0.012500000000000002,0.10035714285714288,0.12785714285714286,0.06071428571428571,0.007500000000000001,0.5085714285714286
68,72,2019-12-28,11,1,2019-2020,Corinthians,Flamengo,0,0.4185750000000001,0.135,0.22143214285714288,0.06214285714285713,0.18107142857142858,0.05714285714285715,0.12392857142857142,0.09249285714285714,0.062142857142857146,1.569285714285714,0.04499642857142857,0.11535714285714284,39.425714285714285,0.11071071428571429,0.21000357142857146,52.700714285714284,0.06214285714285713,0.09142857142857141,68.00642857142859,0.010721428571428573,0.037142857142857144,0.6264285714285714,0.012139285714285714,0.11000357142857142,0.11142857142857143,0.062142857142857146,0.008564285714285714,0.4789249999999999,0.42178571428571426,0.14785714285714283,0.19999999999999996,0.07392857142857144,0.18964285714285717,0.05392857142857142,0.13571428571428573,0.0942857142857143,0.05857142857142857,1.773571428571429,0.04928571428571429,0.13607142857142857,35.940714285714286,0.09999999999999998,0.18821428571428572,53.395,0.07392857142857144,0.10750000000000001,68.99928571428572,0.004642857142857143,0.034642857142857135,0.5792857142857143,0.0067857142857142855,0.09357142857142857,0.07642857142857143,0.05857142857142857,0.008214285714285712,0.479642857142857
65,55,2019-12-28,11,1,2019-2020,UNIFACISA,Fortaleza B. C. / CFO,1,0.42392499999999994,0.15321428571428572,0.2028607142857143,0.0678607142857143,0.18857142857142858,0.05249642857142856,0.13607499999999997,0.09143214285714286,0.06106785714285713,1.5178571428571426,0.05106785714285715,0.14571785714285715,34.89357142857143,0.10142499999999997,0.18785357142857137,53.87999999999999,0.0678607142857143,0.088925,76.39714285714285,0.007496428571428573,0.035357142857142865,0.5942857142857142,0.011432142857142858,0.10321785714285715,0.11214285714285713,0.06106785714285713,0.009639285714285715,0.4867857142857143,0.3828607142857143,0.12535714285714286,0.18356785714285714,0.07392499999999999,0.18856785714285712,0.05285714285714287,0.13571071428571427,0.06607142857142856,0.06213928571428571,1.0764285714285713,0.04178571428571428,0.13,32.730714285714285,0.09178928571428571,0.1842857142857143,49.84428571428572,0.07392499999999999,0.10571785714285713,69.98000000000002,0.005714285714285713,0.03500000000000001,0.5642857142857144,0.010717857142857144,0.11464285714285716,0.09357142857142857,0.06213928571428571,0.010714285714285716,0.40749642857142854
85,78,2019-12-28,11,1,2019-2020,Mogi,Coop/São José Basketball,1,0.4096428571428571,0.14035714285714287,0.1757142857142857,0.09357142857142856,0.18321428571428575,0.047142857142857146,0.1360714285714286,0.08392857142857145,0.06785714285714285,1.3028571428571427,0.04678571428571428,0.1278571428571429,36.75428571428572,0.08785714285714286,0.17821428571428566,49.44714285714286,0.09357142857142856,0.11785714285714287,79.0307142857143,0.003928571428571429,0.03928571428571428,0.595,0.011428571428571432,0.09892857142857145,0.11857142857142859,0.06785714285714285,0.011071428571428574,0.4632142857142858,0.4117857142857142,0.12000000000000001,0.21857142857142858,0.0732142857142857,0.17928571428571427,0.053928571428571444,0.12535714285714286,0.09678571428571428,0.0757142857142857,1.3242857142857143,0.04,0.11928571428571429,33.605000000000004,0.10928571428571429,0.21142857142857147,52.160714285714285,0.0732142857142857,0.09964285714285714,72.70785714285714,0.008214285714285714,0.037142857142857144,0.505,0.009642857142857144,0.11178571428571428,0.0842857142857143,0.0757142857142857,0.011428571428571427,0.45035714285714273
87,63,2019-12-29,11,1,2019-2020,São Paulo,Pato Basquete,1,0.43071071428571434,0.17035714285714287,0.19071428571428567,0.06963928571428571,0.2121464285714286,0.055357142857142876,0.15678928571428566,0.09785357142857141,0.06214642857142857,1.6999999999999997,0.056785714285714294,0.16213928571428574,35.13285714285714,0.09535714285714283,0.17143214285714284,55.86,0.06963928571428571,0.09785357142857144,71.53285714285714,0.012139285714285714,0.026074999999999997,0.42142857142857143,0.014996428571428572,0.0882142857142857,0.17428571428571424,0.06214642857142857,0.007857142857142858,0.5096464285714287,0.33696428571428566,0.10124999999999998,0.16964285714285715,0.06607142857142856,0.1732142857142857,0.052857142857142866,0.12035714285714286,0.0775,0.085,0.9249999999999999,0.033749999999999995,0.11535714285714287,29.74642857142857,0.08482142857142858,0.1869642857142857,45.50785714285714,0.06607142857142856,0.09535714285714289,69.48928571428571,0.006607142857142858,0.03785714285714286,0.44928571428571434,0.01,0.11071428571428572,0.09071428571428572,0.085,0.019285714285714288,0.33714285714285713
90,60,2019-12-29,11,1,2019-2020,Minas,Brasília,1,0.4199999999999999,0.1414285714285714,0.20071428571428568,0.07785714285714285,0.2007142857142858,0.06642857142857143,0.13428571428571429,0.08785714285714288,0.05892857142857142,1.5935714285714284,0.047142857142857146,0.14785714285714288,31.71214285714285,0.10035714285714284,0.1875,53.89642857142858,0.07785714285714285,0.10071428571428571,77.49214285714287,0.007142857142857141,0.0317857142857143,0.5600000000000002,0.01,0.12035714285714286,0.08285714285714287,0.05892857142857142,0.008571428571428572,0.4803571428571428,0.37928571428571434,0.10607142857142857,0.20142857142857146,0.0717857142857143,0.18928571428571428,0.055,0.13428571428571429,0.08321428571428573,0.07535714285714283,1.147142857142857,0.03535714285714286,0.11285714285714286,31.074285714285715,0.10071428571428573,0.20107142857142854,50.294999999999995,0.0717857142857143,0.10785714285714286,67.69785714285716,0.008571428571428572,0.03571428571428571,0.49000000000000005,0.01,0.10785714285714285,0.0942857142857143,0.07535714285714283,0.010714285714285714,0.40678571428571425
76,73,2020-01-13,1,2,2019-2020,Brasília,Pato Basquete,1,0.374,0.106,0.19666666666666668,0.07133333333333333,0.18733333333333332,0.05366666666666667,0.13366666666666666,0.08233333333333336,0.07666666666666665,1.1199999999999999,0.035333333333333335,0.114,30.797333333333334,0.09833333333333334,0.19799999999999995,49.73799999999999,0.07133333333333333,0.10733333333333334,67.51800000000001,0.008333333333333333,0.036333333333333336,0.4886666666666667,0.010000000000000002,0.106,0.09666666666666668,0.07666666666666665,0.010333333333333333,0.39766666666666667,0.34099999999999997,0.10099999999999998,0.17200000000000001,0.06799999999999999,0.1753333333333333,0.05300000000000001,0.12233333333333334,0.079,0.08400000000000002,0.9586666666666666,0.03366666666666666,0.11500000000000002,29.733333333333334,0.08600000000000001,0.18899999999999997,45.616,0.06799999999999999,0.09700000000000003,70.13466666666666,0.006333333333333334,0.03766666666666667,0.4526666666666667,0.010333333333333335,0.11033333333333334,0.09400000000000001,0.08400000000000002,0.018666666666666668,0.3456666666666666
94,90,2020-01-14,1,2,2019-2020,Rio Claro,São Paulo,1,0.4210033333333334,0.132,0.19267000000000004,0.09633333333333333,0.15999666666666668,0.03233333333333334,0.12766333333333332,0.09432999999999998,0.06567000000000002,1.526,0.04399666666666666,0.12299999999999998,36.11533333333333,0.09633000000000001,0.16566333333333333,58.23666666666668,0.09633333333333333,0.12200333333333334,79.27799999999999,0.010336666666666668,0.026670000000000003,0.4146666666666667,0.00633,0.11700000000000002,0.054000000000000006,0.06567000000000002,0.010000000000000002,0.46866333333333327,0.43099666666666664,0.17,0.19199999999999998,0.06899666666666665,0.21267000000000005,0.05466666666666668,0.15800333333333327,0.09999666666666665,0.062336666666666665,1.7199999999999998,0.05666666666666668,0.16233,35.01266666666666,0.09599999999999999,0.17166999999999996,56.135999999999996,0.06899666666666665,0.09633000000000001,72.09733333333334,0.012996666666666665,0.026670000000000003,0.42933333333333334,0.01533,0.08866666666666666,0.17666666666666664,0.062336666666666665,0.008333333333333333,0.5143366666666668
103,92,2020-01-14,1,2,2019-2020,Corinthians,Coop/São José Basketball,1,0.41333666666666674,0.13500000000000004,0.2173366666666667,0.06099999999999999,0.18033333333333335,0.05566666666666667,0.12466666666666666,0.09099333333333333,0.06166666666666667,1.549333333333333,0.04499666666666667,0.11466666666666665,39.65466666666667,0.10866333333333333,0.21000333333333335,51.727333333333334,0.06099999999999999,0.09099999999999998,67.00200000000001,0.011006666666666668,0.03833333333333334,0.6513333333333333,0.01133,0.11000333333333333,0.10400000000000001,0.06166666666666667,0.00866,0.47032999999999986,0.4103333333333332,0.12200000000000001,0.21600000000000003,0.07233333333333333,0.17899999999999996,0.05400000000000002,0.125,0.096,0.07499999999999998,1.3233333333333333,0.04066666666666667,0.12033333333333333,33.83400000000001,0.10800000000000001,0.21300000000000002,51.236666666666665,0.07233333333333333,0.098,73.19399999999999,0.008333333333333333,0.03833333333333334,0.528,0.009666666666666667,0.11233333333333334,0.08400000000000002,0.07499999999999998,0.011,0.4473333333333332
57,77,2020-01-15,1,2,2019-2020,Fortaleza B. C. / CFO,Pinheiros,0,0.37567000000000006,0.12100000000000001,0.18333000000000002,0.07132999999999998,0.19199666666666668,0.05566666666666668,0.13632999999999998,0.06399999999999999,0.06199666666666666,1.0433333333333332,0.04033333333333333,0.12866666666666668,31.760666666666665,0.09167,0.18833333333333335,48.970000000000006,0.07132999999999998,0.10233666666666666,69.55733333333336,0.005666666666666666,0.03566666666666667,0.5766666666666668,0.011336666666666667,0.11266666666666668,0.10333333333333333,0.06199666666666666,0.010666666666666668,0.39932999999999996,0.3989966666666667,0.128,0.19467,0.07633666666666666,0.18166666666666664,0.052003333333333325,0.12966333333333332,0.07767,0.06900333333333333,1.1793333333333331,0.04266666666666666,0.12100000000000002,34.93266666666666,0.09732999999999999,0.18766333333333338,52.26133333333335,0.07633666666666666,0.10533666666666666,72.97733333333333,0.0063300000000000006,0.03833,0.568,0.00867,0.10233333333333333,0.08666666666666667,0.06900333333333333,0.014336666666666668,0.4379966666666666
86,76,2020-01-15,1,2,2019-2020,Minas,Pato Basquete,1,0.4219999999999999,0.14299999999999996,0.204,0.07499999999999998,0.20200000000000007,0.06566666666666668,0.13633333333333333,0.08800000000000004,0.05966666666666665,1.5733333333333333,0.04766666666666667,0.14666666666666667,32.41866666666666,0.102,0.18933333333333333,54.17933333333334,0.07499999999999998,0.09766666666666665,76.56866666666669,0.009,0.03266666666666668,0.5653333333333335,0.010333333333333335,0.12000000000000001,0.08600000000000001,0.05966666666666665,0.008333333333333333,0.48599999999999993,0.3461666666666666,0.10499999999999998,0.17300000000000001,0.06816666666666667,0.17400000000000002,0.05200000000000001,0.12199999999999997,0.08200000000000002,0.08316666666666667,1.0126666666666666,0.035,0.11816666666666668,30.19133333333333,0.08650000000000001,0.18733333333333332,46.208666666666666,0.06816666666666667,0.09666666666666668,70.722,0.006333333333333335,0.037333333333333336,0.4526666666666667,0.010666666666666668,0.11200000000000002,0.09533333333333334,0.08316666666666667,0.017333333333333333,0.3541666666666667
73,72,2020-01-16,1,2,2019-2020,Paulistano,Botafogo,1,0.41233333333333333,0.174,0.18066666666666667,0.05766666666666668,0.19066666666666662,0.05633333333333333,0.13433333333333333,0.08966666666666666,0.057333333333333354,1.6853333333333333,0.05800000000000002,0.16666666666666666,35.49333333333334,0.09033333333333333,0.165,54.787333333333336,0.05766666666666668,0.08099999999999999,72.20800000000001,0.02,0.031000000000000007,0.5393333333333334,0.009333333333333332,0.10600000000000001,0.08866666666666667,0.057333333333333354,0.010333333333333335,0.4676666666666666,0.389,0.155,0.16466666666666666,0.06933333333333334,0.1736666666666667,0.05100000000000001,0.12266666666666669,0.088,0.07133333333333333,1.3313333333333335,0.051666666666666666,0.14866666666666667,34.781333333333336,0.08233333333333333,0.16133333333333336,51.31466666666666,0.06933333333333334,0.08633333333333335,81.19933333333333,0.005000000000000001,0.02766666666666667,0.4133333333333334,0.010666666666666668,0.11833333333333333,0.09133333333333334,0.07133333333333333,0.014000000000000002,0.424
80,81,2020-01-17,1,2,2019-2020,UNIFACISA,Pinheiros,0,0.4173299999999999,0.151,0.20200333333333334,0.06433666666666668,0.19066666666666668,0.052663333333333326,0.1380033333333333,0.09067000000000001,0.060663333333333326,1.513333333333333,0.05033000000000001,0.14567,34.406666666666666,0.10099666666666664,0.18799666666666662,53.62133333333332,0.06433666666666668,0.08566333333333334,73.804,0.007663333333333335,0.03533333333333334,0.5973333333333333,0.012336666666666666,0.10133666666666667,0.12666666666666665,0.060663333333333326,0.009663333333333335,0.4813333333333334,0.39822,0.12649999999999997,0.19577999999999998,0.07594666666666666,0.18166666666666662,0.05044666666666666,0.13122,0.07878000000000002,0.06978000000000001,1.1819999999999997,0.04216666666666666,0.11900000000000001,35.162,0.09788666666666666,0.18605333333333335,53.042666666666676,0.07594666666666666,0.10561333333333335,72.34133333333334,0.005886666666666668,0.03688666666666667,0.5433333333333333,0.008613333333333334,0.10083333333333333,0.08733333333333335,0.06978000000000001,0.01394666666666667,0.43905333333333335
80,108,2020-01-17,1,2,2019-2020,Coop/São José Basketball,Bauru Basket,0,0.4153333333333333,0.12400000000000001,0.21766666666666667,0.07366666666666667,0.17649999999999996,0.05266666666666668,0.12383333333333334,0.09749999999999999,0.07699999999999999,1.3033333333333335,0.04133333333333333,0.11883333333333335,34.74333333333334,0.10883333333333334,0.21083333333333337,52.04933333333334,0.07366666666666667,0.10066666666666667,72.62266666666666,0.0085,0.038000000000000006,0.51,0.010000000000000002,0.11383333333333331,0.08666666666666667,0.07699999999999999,0.011166666666666665,0.4531666666666666,0.3936666666666666,0.11700000000000002,0.2086666666666667,0.06799999999999999,0.17533333333333337,0.048666666666666664,0.12666666666666668,0.07966666666666668,0.07233333333333335,1.1613333333333336,0.039,0.12633333333333333,30.738666666666667,0.10433333333333335,0.19,55.059333333333335,0.06799999999999999,0.101,65.94933333333334,0.005666666666666666,0.04533333333333334,0.6380000000000001,0.007000000000000001,0.09966666666666665,0.07600000000000001,0.07233333333333335,0.008333333333333333,0.4226666666666667
83,68,2020-01-18,1,2,2019-2020,São Paulo,Botafogo,1,0.4314966666666667,0.17099999999999999,0.189,0.07149666666666667,0.21150333333333338,0.05600000000000002,0.1555033333333333,0.0996633333333333,0.06216999999999999,1.718666666666667,0.05700000000000002,0.1614966666666667,35.526666666666664,0.0945,0.17133666666666666,55.432,0.07149666666666667,0.09816333333333335,73.10733333333334,0.012996666666666667,0.02650333333333333,0.42866666666666664,0.01483,0.09099999999999998,0.16466666666666668,0.06216999999999999,0.0085,0.5135033333333333,0.3876666666666667,0.15249999999999997,0.16666666666666666,0.0685,0.1728333333333333,0.049500000000000016,0.12333333333333334,0.09,0.06866666666666668,1.4053333333333335,0.05083333333333333,0.14816666666666664,34.342666666666666,0.08333333333333333,0.16333333333333339,51.46266666666667,0.0685,0.08499999999999999,81.414,0.0051666666666666675,0.027000000000000003,0.4240000000000001,0.010666666666666668,0.1175,0.09266666666666667,0.06866666666666668,0.013333333333333334,0.42499999999999993
87,92,2020-01-20,2,2,2019-2020,Brasília,Rio Claro,0,0.37283333333333335,0.10349999999999998,0.19566666666666668,0.07366666666666667,0.18516666666666665,0.05266666666666666,0.1325,0.083,0.07583333333333332,1.139333333333333,0.0345,0.11316666666666668,30.324,0.09783333333333334,0.19716666666666663,49.694666666666656,0.07366666666666667,0.111,67.44133333333335,0.007333333333333332,0.037166666666666674,0.5053333333333333,0.009500000000000001,0.1045,0.09266666666666667,0.07583333333333332,0.011333333333333334,0.39566666666666667,0.42300333333333334,0.134,0.1923366666666667,0.09666666666666666,0.15833,0.033166666666666664,0.12516333333333332,0.09816333333333332,0.06533666666666667,1.5953333333333333,0.04466333333333334,0.12349999999999998,36.46333333333334,0.09616333333333335,0.16599666666666668,58.046000000000014,0.09666666666666666,0.12200333333333332,79.53466666666667,0.010836666666666668,0.02750333333333333,0.43000000000000005,0.005996666666666667,0.11600000000000002,0.051333333333333335,0.06533666666666667,0.010000000000000002,0.47366333333333327
97,99,2020-01-21,2,2,2019-2020,Coop/São José Basketball,São Paulo,0,0.4203333333333333,0.126,0.21933333333333335,0.075,0.17399999999999996,0.05133333333333335,0.12266666666666666,0.09899999999999999,0.079,1.2833333333333334,0.042,0.11733333333333333,35.65266666666667,0.10966666666666668,0.2086666666666667,52.861999999999995,0.075,0.10333333333333333,72.05133333333333,0.008666666666666666,0.03766666666666667,0.49199999999999994,0.010333333333333335,0.11533333333333333,0.08933333333333335,0.079,0.011333333333333336,0.4589999999999999,0.43199666666666664,0.172,0.186,0.07399666666666667,0.21033666666666667,0.05733333333333335,0.15300333333333332,0.09932999999999999,0.06200333333333332,1.7173333333333336,0.05733333333333335,0.16066333333333335,36.04066666666667,0.093,0.1710033333333333,54.727999999999994,0.07399666666666667,0.09999666666666668,74.11733333333333,0.012996666666666667,0.026336666666666668,0.428,0.014329999999999999,0.09333333333333331,0.15266666666666673,0.06200333333333332,0.008666666666666665,0.5126700000000001
77,70,2020-01-21,2,2,2019-2020,UNIFACISA,Corinthians,1,0.4144966666666666,0.1495,0.2013366666666667,0.06367000000000002,0.18566666666666667,0.05083,0.13483666666666666,0.09100333333333334,0.060329999999999995,1.5266666666666666,0.049830000000000006,0.14750333333333332,33.64066666666666,0.10066333333333331,0.18449666666666661,54.44266666666666,0.06367000000000002,0.08316333333333333,75.218,0.00783,0.03533333333333335,0.6013333333333333,0.012003333333333333,0.10200333333333335,0.12266666666666667,0.060329999999999995,0.009663333333333335,0.4765,0.41917000000000004,0.1395,0.21667000000000006,0.06299999999999999,0.18083333333333332,0.05599999999999999,0.12483333333333331,0.09116,0.06100000000000001,1.575333333333333,0.04649666666666667,0.11766666666666667,39.82000000000001,0.10833000000000001,0.20683666666666667,52.390666666666675,0.06299999999999999,0.09233333333333332,68.01000000000002,0.010173333333333335,0.03933333333333333,0.6806666666666668,0.01133,0.10917000000000002,0.10466666666666669,0.06100000000000001,0.008993333333333332,0.48049666666666646
104,71,2020-01-22,2,2,2019-2020,Minas,Rio Claro,1,0.42249999999999993,0.1425,0.20366666666666663,0.07633333333333332,0.20466666666666672,0.06416666666666668,0.14049999999999999,0.0896666666666667,0.059833333333333315,1.5953333333333333,0.0475,0.1446666666666667,32.86333333333333,0.10183333333333332,0.18933333333333333,54.07866666666666,0.07633333333333332,0.09899999999999999,76.90200000000002,0.009333333333333334,0.03216666666666667,0.5560000000000002,0.009833333333333335,0.11716666666666668,0.08333333333333333,0.059833333333333315,0.008666666666666666,0.49133333333333334,0.42200333333333334,0.13266666666666668,0.1928933333333334,0.09644333333333331,0.15833,0.03455666666666667,0.12377333333333333,0.09899666666666666,0.06600333333333334,1.5973333333333335,0.04422,0.12422333333333332,35.937333333333335,0.09644000000000001,0.1661066666666667,58.17000000000001,0.09644333333333331,0.12222666666666668,79.23333333333333,0.011113333333333334,0.027780000000000003,0.43133333333333346,0.005886666666666667,0.11600000000000002,0.05066666666666666,0.06600333333333334,0.010666666666666666,0.4715533333333333
78,84,2020-01-23,2,2,2019-2020,Fortaleza B. C. / CFO,Corinthians,0,0.36717,0.11600000000000002,0.18299666666666667,0.06816333333333333,0.19049666666666668,0.05533333333333334,0.13516333333333333,0.06383333333333334,0.06383,1.0066666666666666,0.03866666666666666,0.1265,30.848666666666666,0.09150333333333335,0.19033333333333335,48.40133333333334,0.06816333333333333,0.09867,69.034,0.0065,0.035500000000000004,0.558,0.012169999999999999,0.113,0.11066666666666666,0.06383,0.010500000000000002,0.38682999999999995,0.41633666666666674,0.138,0.21367,0.06466666666666666,0.18183333333333337,0.055833333333333325,0.126,0.08999333333333333,0.06200000000000001,1.5373333333333332,0.04599666666666667,0.11733333333333335,39.528000000000006,0.10683000000000001,0.20333666666666664,52.480000000000004,0.06466666666666666,0.09433333333333332,68.23133333333334,0.00984,0.04,0.6839999999999999,0.01083,0.10850333333333334,0.1006666666666667,0.06200000000000001,0.00866,0.47816333333333316
92,78,2020-01-24,2,2,2019-2020,Rio Claro,Coop/São José Basketball,1,0.42283666666666664,0.13233333333333333,0.1941166666666667,0.09638666666666666,0.15983,0.03594666666666667,0.12388333333333333,0.09766333333333335,0.06717000000000001,1.5526666666666666,0.04411,0.12444666666666665,35.804,0.09705000000000001,0.16805,57.863333333333344,0.09638666666666666,0.12178333333333334,79.43599999999998,0.011056666666666666,0.027556666666666667,0.422,0.005776666666666668,0.11633333333333334,0.05,0.06717000000000001,0.011833333333333333,0.4697766666666666,0.42616666666666664,0.1285,0.22000000000000006,0.07766666666666668,0.17416666666666664,0.051500000000000004,0.12266666666666667,0.09883333333333333,0.08033333333333334,1.242666666666667,0.04283333333333333,0.11716666666666668,36.397333333333336,0.11000000000000003,0.20733333333333334,53.35733333333334,0.07766666666666668,0.10666666666666667,72.51866666666666,0.008333333333333333,0.03716666666666667,0.46799999999999997,0.010833333333333335,0.11733333333333332,0.09333333333333335,0.08033333333333334,0.012000000000000004,0.4653333333333334
94,77,2020-01-24,2,2,2019-2020,Flamengo,Brasília,1,0.41766666666666663,0.14499999999999996,0.19799999999999995,0.07466666666666667,0.19133333333333333,0.05333333333333333,0.138,0.09400000000000003,0.05933333333333334,1.7413333333333336,0.04833333333333334,0.136,35.273333333333326,0.09899999999999998,0.186,53.491333333333344,0.07466666666666667,0.10800000000000001,69.32666666666667,0.005,0.03433333333333333,0.5693333333333332,0.007333333333333333,0.09333333333333334,0.08266666666666667,0.05933333333333334,0.007999999999999998,0.4769999999999999,0.37366666666666665,0.10049999999999998,0.19666666666666666,0.07650000000000001,0.18283333333333335,0.05266666666666667,0.13016666666666665,0.08233333333333334,0.07716666666666666,1.1219999999999999,0.033499999999999995,0.11266666666666668,29.598666666666663,0.09833333333333333,0.1968333333333333,50.05133333333333,0.07650000000000001,0.11383333333333333,68.15400000000001,0.006333333333333333,0.0365,0.494,0.0095,0.1055,0.09133333333333334,0.07716666666666666,0.011500000000000002,0.39199999999999996
72,85,2020-01-25,2,2,2019-2020,Paulistano,Sesi Franca,0,0.4055,0.16999999999999998,0.17899999999999996,0.05650000000000001,0.191,0.055166666666666676,0.13583333333333333,0.08766666666666666,0.055666666666666684,1.7020000000000002,0.05666666666666668,0.16383333333333333,35.242000000000004,0.08949999999999998,0.16616666666666668,53.858666666666664,0.05650000000000001,0.08016666666666668,71.61466666666666,0.018,0.02866666666666667,0.5160000000000001,0.0095,0.10383333333333335,0.09133333333333334,0.055666666666666684,0.009666666666666667,0.45783333333333337,0.4343333333333333,0.15700000000000003,0.18266666666666667,0.09466666666666666,0.18766666666666662,0.04366666666666666,0.14400000000000004,0.094,0.06033333333333333,1.5893333333333333,0.052333333333333336,0.13433333333333333,38.675333333333334,0.09133333333333334,0.16666666666666666,55.07533333333333,0.09466666666666666,0.12033333333333335,78.44266666666665,0.008666666666666666,0.025666666666666674,0.44133333333333324,0.012333333333333337,0.10033333333333336,0.126,0.06033333333333333,0.007666666666666667,0.51
110,106,2020-01-25,2,2,2019-2020,Pinheiros,Mogi,1,0.39744333333333337,0.12499999999999999,0.19688999999999998,0.07555666666666669,0.18166666666666664,0.048889999999999996,0.13277666666666665,0.07989,0.07055666666666668,1.1846666666666665,0.041666666666666664,0.11699999999999999,35.391333333333336,0.09844333333333334,0.18444333333333335,53.824,0.07555666666666669,0.10589000000000001,71.70533333333334,0.005443333333333336,0.03544333333333334,0.5186666666666667,0.008556666666666667,0.09933333333333333,0.08800000000000002,0.07055666666666668,0.013556666666666668,0.44010999999999995,0.4106666666666666,0.14,0.17666666666666667,0.094,0.18500000000000003,0.04633333333333334,0.13866666666666666,0.0836666666666667,0.06999999999999999,1.2693333333333332,0.04666666666666666,0.12833333333333335,36.526,0.08833333333333333,0.17699999999999996,50.10933333333333,0.094,0.11966666666666667,78.36,0.004666666666666667,0.039,0.5786666666666667,0.012000000000000004,0.09833333333333336,0.12533333333333335,0.06999999999999999,0.011000000000000003,0.4636666666666667
79,86,2020-01-27,3,2,2019-2020,São Paulo,Sesi Franca,0,0.4346633333333333,0.16349999999999998,0.19233333333333333,0.07883,0.20767,0.05716666666666667,0.15050333333333335,0.09799666666666668,0.06400333333333333,1.6346666666666667,0.054500000000000014,0.15449666666666667,35.67466666666667,0.09616666666666666,0.17367,55.662,0.07883,0.10583000000000001,74.652,0.012996666666666667,0.027336666666666676,0.43,0.013829999999999999,0.09266666666666666,0.14733333333333337,0.06400333333333333,0.008833333333333332,0.5126700000000001,0.433,0.158,0.18266666666666664,0.09233333333333332,0.18699999999999997,0.041999999999999996,0.145,0.095,0.06166666666666666,1.5819999999999999,0.05266666666666667,0.13533333333333336,38.599333333333334,0.09133333333333332,0.16666666666666669,55.07533333333334,0.09233333333333332,0.11766666666666668,78.42199999999998,0.008666666666666666,0.027000000000000007,0.45133333333333325,0.01266666666666667,0.10000000000000003,0.12933333333333336,0.06166666666666666,0.006999999999999998,0.5089999999999999
78,73,2020-01-27,3,2,2019-2020,Mogi,Fortaleza B. C. / CFO,1,0.4109999999999999,0.13899999999999998,0.18000000000000005,0.092,0.18400000000000005,0.046333333333333344,0.13766666666666666,0.08333333333333334,0.07066666666666666,1.2566666666666666,0.04633333333333334,0.12866666666666668,36.21666666666667,0.09000000000000002,0.178,50.74,0.092,0.11800000000000001,77.89666666666668,0.005000000000000001,0.03833333333333333,0.5660000000000001,0.012333333333333337,0.101,0.12800000000000003,0.07066666666666666,0.010666666666666668,0.4613333333333334,0.36567,0.115,0.18533000000000002,0.06533000000000001,0.19066333333333332,0.056333333333333346,0.13433,0.062333333333333345,0.06466333333333332,0.962,0.03833333333333333,0.126,30.718,0.09267000000000003,0.19266666666666668,48.385999999999996,0.06533000000000001,0.09600333333333334,68.06200000000001,0.007,0.035666666666666666,0.5513333333333335,0.012336666666666666,0.11533333333333333,0.11000000000000001,0.06466333333333332,0.010666666666666668,0.3819966666666666
83,77,2020-01-28,3,2,2019-2020,Flamengo,UNIFACISA,1,0.41916666666666663,0.14950000000000002,0.19433333333333333,0.07533333333333335,0.19349999999999998,0.0575,0.136,0.09216666666666669,0.05850000000000001,1.7339999999999998,0.049833333333333334,0.14,35.38533333333334,0.09716666666666667,0.18533333333333332,52.702,0.07533333333333335,0.10766666666666666,70.06533333333333,0.004833333333333334,0.03566666666666666,0.6166666666666667,0.008833333333333334,0.09683333333333334,0.09066666666666666,0.05850000000000001,0.008166666666666666,0.4798333333333333,0.41066333333333327,0.148,0.19800333333333336,0.06467,0.18466666666666667,0.05066333333333333,0.13400333333333334,0.09100333333333334,0.05899666666666667,1.5679999999999998,0.049330000000000006,0.14800333333333335,33.141999999999996,0.09899666666666665,0.18132999999999996,54.38466666666667,0.06467,0.08399666666666668,75.62866666666667,0.007996666666666668,0.03566666666666667,0.6293333333333333,0.011669999999999998,0.10133666666666669,0.11999999999999998,0.05899666666666667,0.008996666666666668,0.4736666666666667
84,86,2020-01-28,3,2,2019-2020,Botafogo,Minas,0,0.3863333333333333,0.14999999999999997,0.1686666666666667,0.06766666666666668,0.172,0.048000000000000015,0.12399999999999999,0.092,0.066,1.4793333333333334,0.049999999999999996,0.14766666666666664,33.903999999999996,0.08433333333333334,0.1653333333333334,51.61066666666667,0.06766666666666668,0.08366666666666665,81.62866666666667,0.005333333333333334,0.026333333333333327,0.43466666666666676,0.010666666666666668,0.11666666666666667,0.09400000000000001,0.066,0.012666666666666666,0.42600000000000005,0.42899999999999994,0.144,0.2033333333333333,0.08166666666666665,0.20700000000000002,0.06366666666666669,0.14333333333333337,0.09066666666666667,0.058666666666666666,1.6546666666666667,0.048,0.14433333333333334,33.288666666666664,0.10166666666666666,0.19099999999999998,53.47266666666666,0.08166666666666665,0.10466666666666666,77.64066666666666,0.009666666666666667,0.03233333333333334,0.5773333333333334,0.009333333333333334,0.12100000000000001,0.07866666666666666,0.058666666666666666,0.008666666666666666,0.5006666666666667
83,82,2020-01-29,3,2,2019-2020,Mogi,Sesi Franca,1,0.40983333333333327,0.14400000000000002,0.1766666666666667,0.08916666666666669,0.18450000000000003,0.046666666666666676,0.13783333333333334,0.08516666666666667,0.073,1.236,0.048,0.12833333333333335,37.51733333333333,0.08833333333333335,0.17733333333333334,49.87533333333333,0.08916666666666669,0.11483333333333334,77.69333333333334,0.004333333333333333,0.0375,0.5346666666666666,0.011666666666666667,0.10116666666666667,0.12133333333333336,0.073,0.010333333333333335,0.46,0.4317766666666667,0.16033333333333336,0.18,0.09144333333333332,0.18555666666666665,0.04133333333333333,0.14422333333333331,0.09610999999999999,0.06116666666666667,1.6119999999999999,0.05344333333333333,0.13605666666666671,38.94666666666667,0.09,0.1651666666666667,54.800666666666665,0.09144333333333332,0.11666666666666668,78.37599999999998,0.008943333333333333,0.02655666666666667,0.4479999999999999,0.01316666666666667,0.10022333333333334,0.134,0.06116666666666667,0.007056666666666667,0.5083333333333333
104,76,2020-01-29,3,2,2019-2020,Bauru Basket,Rio Claro,1,0.4065,0.12200000000000003,0.2146666666666667,0.06983333333333333,0.17616666666666667,0.04916666666666667,0.127,0.08366666666666668,0.07116666666666666,1.2346666666666666,0.040666666666666657,0.12516666666666668,32.54533333333334,0.10733333333333335,0.19466666666666665,55.31266666666667,0.06983333333333333,0.10233333333333335,66.67933333333333,0.005666666666666665,0.046833333333333345,0.67,0.006666666666666667,0.10216666666666666,0.07133333333333333,0.07116666666666666,0.007666666666666667,0.4443333333333334,0.42366999999999994,0.13199999999999998,0.19534,0.09633000000000001,0.16133000000000003,0.03733666666666667,0.12399333333333333,0.09633000000000001,0.06833666666666667,1.5079999999999998,0.044000000000000004,0.12466999999999999,35.67066666666666,0.09766,0.16999333333333333,57.556666666666686,0.09633000000000001,0.12134000000000003,79.63866666666667,0.011,0.02733333333333333,0.4126666666666667,0.005666666666666668,0.11666666666666668,0.04933333333333333,0.06833666666666667,0.013,0.46799999999999997
76,81,2020-01-30,3,2,2019-2020,Botafogo,UNIFACISA,0,0.3893333333333333,0.15199999999999997,0.16855666666666666,0.06877666666666667,0.17410999999999993,0.04883333333333335,0.12527666666666665,0.09210999999999998,0.06583333333333334,1.4839999999999998,0.050666666666666665,0.14844333333333332,34.244,0.08427666666666668,0.16577666666666674,51.44266666666667,0.06877666666666667,0.08522333333333333,81.52933333333334,0.005390000000000001,0.02694333333333333,0.444,0.011223333333333335,0.11572333333333333,0.1,0.06583333333333334,0.012223333333333333,0.43149999999999994,0.4119966666666667,0.14900000000000002,0.19767000000000004,0.06533666666666667,0.18466666666666665,0.049830000000000006,0.13483666666666666,0.09000333333333335,0.05999666666666668,1.539333333333333,0.049663333333333344,0.14400333333333332,34.193333333333335,0.09883,0.1829966666666666,53.791333333333334,0.06533666666666667,0.08449666666666668,75.868,0.008663333333333334,0.03683333333333334,0.6386666666666667,0.012503333333333333,0.10083666666666669,0.12933333333333336,0.05999666666666668,0.008663333333333334,0.4776666666666667
83,104,2020-01-30,3,2,2019-2020,Coop/São José Basketball,Fortaleza B. C. / CFO,0,0.4273333333333333,0.129,0.222,0.07633333333333335,0.17466666666666666,0.05233333333333334,0.12233333333333334,0.09833333333333333,0.07966666666666668,1.2480000000000002,0.043,0.116,36.833333333333336,0.111,0.20966666666666667,53.142666666666656,0.07633333333333335,0.10533333333333333,72.21333333333334,0.008,0.03833333333333333,0.4873333333333333,0.010666666666666668,0.11633333333333332,0.09266666666666669,0.07966666666666668,0.012000000000000004,0.4680000000000001,0.36667,0.11650000000000002,0.1859966666666667,0.06416333333333334,0.1888866666666667,0.05583333333333334,0.13305333333333333,0.06250000000000001,0.06499666666666666,0.9586666666666667,0.03883333333333334,0.12644333333333335,31.016666666666666,0.09300333333333335,0.19094333333333333,48.96399999999999,0.06416333333333334,0.09406,68.32466666666667,0.007499999999999999,0.036109999999999996,0.5553333333333335,0.012836666666666666,0.11410999999999999,0.11466666666666668,0.06499666666666666,0.009943333333333335,0.38488666666666665
75,74,2020-01-31,3,2,2019-2020,São Paulo,Paulistano,1,0.42999666666666664,0.155,0.19633333333333333,0.07866333333333334,0.20700333333333332,0.05666666666666667,0.15033666666666667,0.09399666666666669,0.06466999999999999,1.5326666666666668,0.05166666666666668,0.15183,34.632666666666665,0.09816666666666667,0.17450333333333332,56.568,0.07866333333333334,0.10566333333333336,74.58066666666667,0.013330000000000002,0.02700333333333334,0.41866666666666663,0.014163333333333335,0.09183333333333331,0.15133333333333338,0.06466999999999999,0.008833333333333332,0.5036700000000001,0.3983333333333334,0.16900000000000004,0.176,0.05333333333333335,0.1916666666666667,0.05633333333333333,0.13533333333333333,0.08499999999999999,0.056333333333333346,1.6553333333333335,0.056333333333333346,0.16499999999999998,34.89533333333334,0.088,0.166,52.92999999999999,0.05333333333333335,0.078,69.39200000000001,0.01733333333333333,0.028666666666666667,0.5093333333333334,0.009333333333333332,0.10200000000000002,0.09066666666666667,0.056333333333333346,0.011000000000000001,0.444
91,95,2020-01-31,3,2,2019-2020,Flamengo,Minas,0,0.4183333333333333,0.1525,0.19133333333333333,0.07450000000000001,0.19499999999999998,0.05883333333333333,0.13616666666666666,0.09166666666666669,0.05900000000000002,1.71,0.05083333333333333,0.1438333333333333,35.24,0.09566666666666666,0.1845,52.147333333333336,0.07450000000000001,0.10816666666666666,69.18,0.004666666666666667,0.036166666666666666,0.6193333333333333,0.009000000000000001,0.09900000000000002,0.09000000000000001,0.05900000000000002,0.008166666666666666,0.47533333333333333,0.4308333333333333,0.144,0.2036666666666667,0.08316666666666665,0.2055,0.06300000000000001,0.14250000000000002,0.09016666666666666,0.058499999999999996,1.65,0.048,0.1436666666666667,33.428,0.10183333333333335,0.19266666666666665,53.028,0.08316666666666665,0.10650000000000001,77.74266666666668,0.010000000000000002,0.03216666666666667,0.5760000000000001,0.009833333333333333,0.12083333333333333,0.08333333333333333,0.058499999999999996,0.009500000000000001,0.5
94,83,2020-02-01,3,2,2019-2020,Sesi Franca,Corinthians,1,0.43055333333333334,0.16266666666666665,0.17733333333333334,0.09055333333333332,0.18411333333333335,0.04066666666666666,0.14344666666666667,0.09721999999999999,0.060666666666666674,1.642,0.05422,0.13678,39.294000000000004,0.08866666666666667,0.16366666666666668,54.52599999999999,0.09055333333333332,0.11566666666666667,78.32999999999998,0.009219999999999999,0.026113333333333325,0.44466666666666654,0.01366666666666667,0.10044666666666666,0.13866666666666666,0.060666666666666674,0.007113333333333333,0.5076666666666667,0.41400333333333333,0.13566666666666669,0.21111333333333338,0.06722333333333333,0.18144333333333335,0.05566666666666666,0.12577666666666668,0.08788333333333333,0.06233333333333335,1.5,0.04522000000000001,0.11755666666666668,38.82266666666668,0.10555333333333335,0.20177999999999996,52.20933333333333,0.06722333333333333,0.09688999999999998,69.10066666666668,0.009783333333333335,0.04044333333333334,0.6880000000000001,0.01099666666666667,0.10911333333333334,0.10200000000000002,0.06233333333333335,0.008216666666666666,0.4728866666666665
86,72,2020-02-01,3,2,2019-2020,Botafogo,Fortaleza B. C. / CFO,1,0.3923333333333333,0.15399999999999997,0.16844666666666666,0.06988666666666667,0.17622,0.04966666666666667,0.12655333333333332,0.09222,0.06566666666666668,1.4886666666666666,0.051333333333333335,0.14922000000000002,34.583999999999996,0.08422,0.16622,51.27466666666667,0.06988666666666667,0.08678,81.43,0.0054466666666666665,0.027553333333333332,0.45333333333333337,0.011780000000000004,0.11477999999999998,0.106,0.06566666666666668,0.01178,0.437,0.36767000000000005,0.11800000000000001,0.18666333333333332,0.06299666666666667,0.18711000000000003,0.05533333333333335,0.13177666666666668,0.06266666666666668,0.06533000000000001,0.9553333333333334,0.03933333333333333,0.12688666666666665,31.31533333333333,0.09333666666666668,0.18922,49.541999999999994,0.06299666666666667,0.09211666666666667,68.58733333333335,0.008,0.03655333333333333,0.5593333333333333,0.013336666666666667,0.11288666666666665,0.11933333333333335,0.06533000000000001,0.009219999999999999,0.38777666666666666
96,94,2020-02-02,4,2,2019-2020,Mogi,UNIFACISA,1,0.4086666666666666,0.14900000000000002,0.17333333333333337,0.08633333333333335,0.18500000000000003,0.047000000000000014,0.138,0.08699999999999998,0.07533333333333332,1.2153333333333336,0.04966666666666667,0.128,38.81799999999999,0.08666666666666668,0.17666666666666667,49.010666666666665,0.08633333333333335,0.11166666666666668,77.49000000000001,0.0036666666666666666,0.03666666666666667,0.5033333333333334,0.011000000000000001,0.10133333333333336,0.1146666666666667,0.07533333333333332,0.010000000000000002,0.45866666666666667,0.4053299999999999,0.14300000000000004,0.19467,0.06767,0.1863333333333333,0.04999666666666667,0.1363366666666667,0.08767,0.06099666666666667,1.4920000000000002,0.04766333333333335,0.14266999999999996,33.02733333333333,0.09733,0.18166333333333332,53.385999999999996,0.06767,0.08666333333333334,76.48333333333333,0.008663333333333332,0.036000000000000004,0.6193333333333334,0.012669999999999999,0.10133666666666669,0.12933333333333336,0.06099666666666667,0.009330000000000001,0.468
78,71,2020-02-03,4,2,2019-2020,Flamengo,Fortaleza B. C. / CFO,1,0.4184999999999999,0.14900000000000002,0.19333333333333333,0.07616666666666667,0.19499999999999998,0.060000000000000005,0.13500000000000004,0.09066666666666669,0.06050000000000001,1.6233333333333333,0.04966666666666667,0.14416666666666667,34.48266666666667,0.09666666666666666,0.18666666666666665,52.037333333333336,0.07616666666666667,0.11133333333333333,68.79333333333332,0.004833333333333333,0.03816666666666666,0.6446666666666668,0.009666666666666667,0.10183333333333336,0.09533333333333334,0.06050000000000001,0.008666666666666666,0.47150000000000003,0.37150333333333335,0.1205,0.19099666666666665,0.059996666666666684,0.18500000000000003,0.055000000000000014,0.13,0.06466666666666668,0.06583000000000001,0.9786666666666667,0.04016666666666667,0.12649666666666665,32.118,0.09550333333333333,0.19016333333333332,50.40999999999999,0.059996666666666684,0.08734,68.94133333333333,0.008333333333333333,0.03666333333333333,0.5566666666666668,0.013336666666666667,0.11066333333333331,0.12066666666666669,0.06583000000000001,0.00883,0.39533333333333337
86,106,2020-02-03,4,2,2019-2020,Pato Basquete,São Paulo,0,0.35133333333333333,0.10899999999999999,0.17400000000000004,0.06833333333333333,0.17266666666666672,0.05100000000000002,0.12166666666666665,0.08499999999999999,0.08233333333333333,1.0666666666666667,0.036333333333333336,0.12133333333333335,30.649333333333328,0.08700000000000002,0.18566666666666667,46.80133333333334,0.06833333333333333,0.09633333333333333,71.30933333333333,0.006333333333333335,0.037,0.4526666666666667,0.011000000000000003,0.11366666666666667,0.09666666666666668,0.08233333333333333,0.016000000000000004,0.3626666666666667,0.4306633333333333,0.15499999999999997,0.19866666666666663,0.07699666666666667,0.20767,0.05733333333333334,0.15033666666666667,0.09233000000000001,0.06400333333333334,1.5166666666666668,0.05166666666666668,0.15366333333333332,34.339333333333336,0.09933333333333332,0.17467,57.176666666666655,0.07699666666666667,0.10199666666666667,75.17933333333333,0.013330000000000003,0.026336666666666675,0.41133333333333333,0.012663333333333337,0.08933333333333332,0.14200000000000002,0.06400333333333334,0.008666666666666666,0.5030033333333335
75,74,2020-02-04,4,2,2019-2020,Bauru Basket,Corinthians,1,0.418,0.12800000000000003,0.22066666666666665,0.06933333333333332,0.177,0.04866666666666667,0.12833333333333333,0.087,0.06766666666666668,1.4233333333333331,0.04266666666666666,0.12566666666666668,33.925333333333334,0.11033333333333332,0.19633333333333333,56.43933333333334,0.06933333333333332,0.10233333333333335,66.20266666666666,0.006,0.04566666666666666,0.6906666666666668,0.006000000000000002,0.10233333333333333,0.064,0.06766666666666668,0.006666666666666666,0.464,0.41367,0.13333333333333333,0.2115566666666667,0.06878,0.18022,0.057,0.12322000000000001,0.08710666666666667,0.06133333333333336,1.514,0.04444333333333334,0.11878000000000002,37.86,0.10577666666666667,0.20255666666666663,52.118,0.06878,0.09877999999999999,69.48733333333334,0.008893333333333333,0.04122000000000001,0.712,0.010663333333333335,0.10989,0.0986666666666667,0.06133333333333336,0.00844,0.4691099999999998
91,71,2020-02-04,4,2,2019-2020,Coop/São José Basketball,UNIFACISA,1,0.42366666666666664,0.125,0.22266666666666668,0.07600000000000003,0.16983333333333336,0.052000000000000005,0.11783333333333333,0.09716666666666665,0.078,1.2620000000000002,0.041666666666666664,0.11299999999999999,36.80200000000001,0.11133333333333334,0.20983333333333337,53.261333333333326,0.07600000000000003,0.10500000000000001,72.11533333333334,0.008,0.037000000000000005,0.4786666666666666,0.010666666666666668,0.11416666666666668,0.09400000000000003,0.078,0.012333333333333337,0.4605,0.4076633333333332,0.14550000000000005,0.19333666666666668,0.06883666666666667,0.18783333333333332,0.050663333333333324,0.13717,0.08900333333333332,0.06399666666666666,1.4566666666666668,0.048496666666666674,0.14117,34.083999999999996,0.09666333333333334,0.18266333333333332,52.74533333333333,0.06883666666666667,0.08816333333333334,76.63666666666664,0.009663333333333335,0.034666666666666665,0.5806666666666668,0.013003333333333335,0.10100333333333336,0.13266666666666668,0.06399666666666666,0.010163333333333335,0.4695
78,69,2020-02-04,4,2,2019-2020,Sesi Franca,Pinheiros,1,0.43033000000000005,0.164,0.1766666666666667,0.08966333333333333,0.18267,0.03933333333333334,0.1433366666666667,0.09732999999999999,0.061333333333333344,1.620666666666667,0.05466333333333333,0.1373366666666667,39.446000000000005,0.08833333333333335,0.16333333333333336,54.43733333333332,0.08966333333333333,0.11333333333333336,79.22866666666665,0.00933,0.026669999999999992,0.4493333333333333,0.012333333333333337,0.10133666666666666,0.12133333333333335,0.061333333333333344,0.007669999999999999,0.506,0.407,0.12699999999999997,0.204,0.07600000000000001,0.18099999999999997,0.04833333333333334,0.13266666666666665,0.08033333333333334,0.07300000000000001,1.162,0.042333333333333334,0.11533333333333332,36.55866666666667,0.102,0.1873333333333333,54.71400000000001,0.07600000000000001,0.107,71.36999999999999,0.004666666666666667,0.03600000000000001,0.5079999999999999,0.008333333333333335,0.10066666666666667,0.08533333333333334,0.07300000000000001,0.013000000000000005,0.44966666666666666
71,86,2020-02-05,4,2,2019-2020,Pato Basquete,Flamengo,0,0.3568333333333333,0.11000000000000001,0.18033333333333337,0.06649999999999999,0.1686666666666667,0.04983333333333335,0.11883333333333332,0.08683333333333333,0.08083333333333334,1.1346666666666667,0.03666666666666666,0.11750000000000001,31.785999999999994,0.09016666666666669,0.1901666666666667,47.27333333333333,0.06649999999999999,0.09233333333333334,71.82733333333333,0.006666666666666668,0.03633333333333334,0.45933333333333337,0.010166666666666668,0.11283333333333333,0.08933333333333332,0.08083333333333334,0.015833333333333335,0.3710000000000001,0.4161099999999999,0.145,0.19399999999999998,0.07711,0.19589,0.06044333333333333,0.13544333333333336,0.09100000000000001,0.06189000000000002,1.5626666666666664,0.04833333333333334,0.142,34.166000000000004,0.09699999999999999,0.18822333333333335,51.726,0.07711,0.11244333333333331,68.95599999999999,0.005223333333333333,0.03955666666666667,0.6606666666666666,0.010333333333333335,0.10211,0.10333333333333335,0.06189000000000002,0.009443333333333333,0.47044333333333344
70,86,2020-02-05,4,2,2019-2020,Brasília,Mogi,0,0.374,0.09799999999999999,0.1973333333333333,0.07866666666666668,0.18450000000000003,0.055,0.12949999999999998,0.07883333333333334,0.078,1.078,0.03266666666666666,0.11233333333333334,28.959999999999997,0.09866666666666665,0.19816666666666666,49.80466666666666,0.07866666666666668,0.11683333333333334,67.97800000000001,0.005666666666666667,0.035833333333333335,0.48466666666666663,0.01,0.10616666666666667,0.09533333333333334,0.078,0.011166666666666668,0.3868333333333333,0.4122233333333333,0.14800000000000002,0.18022333333333335,0.08400000000000002,0.18600000000000003,0.046776666666666675,0.13922333333333334,0.08633333333333333,0.07566666666666667,1.1946666666666668,0.04933333333333333,0.12811,38.55133333333333,0.09011,0.17955666666666667,50.244,0.08400000000000002,0.10989000000000002,76.49000000000001,0.0037766666666666665,0.03577666666666666,0.48400000000000004,0.010333333333333335,0.10133333333333334,0.10733333333333334,0.07566666666666667,0.00889,0.4602233333333333
70,63,2020-02-06,4,2,2019-2020,Bauru Basket,Pinheiros,1,0.4118333333333333,0.12450000000000003,0.2183333333333333,0.069,0.17866666666666664,0.04916666666666667,0.1295,0.08299999999999999,0.06916666666666667,1.356,0.0415,0.12316666666666667,33.651333333333326,0.10916666666666665,0.19649999999999998,55.79666666666666,0.069,0.10250000000000001,65.74533333333333,0.005833333333333333,0.04650000000000001,0.6906666666666667,0.006000000000000002,0.10183333333333332,0.064,0.06916666666666667,0.007500000000000001,0.45433333333333337,0.4026666666666667,0.13049999999999998,0.1993333333333333,0.07283333333333333,0.179,0.047000000000000014,0.132,0.08,0.07400000000000001,1.142,0.043500000000000004,0.11583333333333332,37.472,0.09966666666666665,0.18650000000000003,53.772666666666666,0.07283333333333333,0.10233333333333333,71.86866666666667,0.0045000000000000005,0.03600000000000001,0.5013333333333333,0.007833333333333335,0.09966666666666665,0.08066666666666668,0.07400000000000001,0.012833333333333337,0.4421666666666667
84,78,2020-02-07,4,2,2019-2020,Botafogo,Brasília,1,0.39633333333333337,0.15699999999999997,0.1690033333333333,0.07033,0.17583000000000001,0.0505,0.12532999999999997,0.09283000000000001,0.06716666666666668,1.464666666666667,0.052333333333333336,0.14783,35.596666666666664,0.08449666666666666,0.16683,51.251333333333335,0.07033,0.08716999999999998,81.55666666666666,0.005669999999999999,0.029330000000000002,0.474,0.012503333333333335,0.1140033333333333,0.11333333333333331,0.06716666666666668,0.011336666666666667,0.4443333333333333,0.3716666666666667,0.09749999999999999,0.19466666666666665,0.0795,0.18500000000000003,0.056000000000000015,0.12899999999999998,0.07616666666666666,0.07583333333333335,1.0786666666666667,0.0325,0.11266666666666669,28.712666666666667,0.09733333333333333,0.19883333333333333,48.829333333333345,0.0795,0.11766666666666668,68.14466666666667,0.0051666666666666675,0.0355,0.4926666666666666,0.010333333333333333,0.105,0.10000000000000002,0.07583333333333335,0.01016666666666667,0.382
75,97,2020-02-07,4,2,2019-2020,Fortaleza B. C. / CFO,Sesi Franca,0,0.3720033333333334,0.12100000000000001,0.19499666666666665,0.05599666666666669,0.18183333333333335,0.05200000000000002,0.12983333333333333,0.06716666666666665,0.06599666666666668,1.0153333333333334,0.04033333333333333,0.12566333333333335,32.470666666666666,0.09750333333333333,0.19099666666666665,51.22666666666667,0.05599666666666669,0.08100666666666666,69.60266666666666,0.008333333333333333,0.03633,0.55,0.013670000000000005,0.10782999999999995,0.126,0.06599666666666668,0.008496666666666665,0.3995,0.42999666666666675,0.164,0.17800000000000002,0.08799666666666667,0.17966999999999997,0.037833333333333344,0.1418366666666667,0.09499666666666663,0.05966666666666667,1.6306666666666667,0.05466333333333332,0.13683666666666666,39.622,0.08900000000000001,0.164,54.58866666666666,0.08799666666666667,0.11083333333333335,79.60733333333332,0.008663333333333335,0.027003333333333327,0.4686666666666666,0.01266666666666667,0.10066999999999998,0.12733333333333333,0.05966666666666667,0.007836666666666665,0.5041666666666667
85,87,2020-02-07,4,2,2019-2020,Minas,São Paulo,0,0.4326666666666666,0.144,0.204,0.08466666666666665,0.20400000000000001,0.06233333333333336,0.14166666666666666,0.08966666666666664,0.05833333333333333,1.6453333333333333,0.048,0.14300000000000004,33.56733333333333,0.102,0.1943333333333333,52.583333333333336,0.08466666666666665,0.10833333333333336,77.84466666666667,0.010333333333333335,0.032,0.5746666666666668,0.010333333333333333,0.12066666666666667,0.08800000000000001,0.05833333333333333,0.010333333333333335,0.49933333333333335,0.43583,0.15899999999999997,0.19799999999999998,0.07883000000000001,0.20350333333333337,0.05733333333333333,0.14617000000000002,0.09199666666666668,0.061169999999999995,1.5760000000000003,0.05300000000000001,0.15533000000000002,34.78666666666666,0.09899999999999999,0.17167000000000004,58.039333333333325,0.07883000000000001,0.10416333333333333,75.49999999999999,0.012496666666666668,0.02550333333333334,0.414,0.012330000000000004,0.08783333333333333,0.14066666666666666,0.061169999999999995,0.009166666666666667,0.5073366666666668
69,74,2020-02-08,4,2,2019-2020,Mogi,Flamengo,0,0.4151133333333334,0.147,0.18311333333333338,0.085,0.18466666666666667,0.046553333333333335,0.13811333333333337,0.087,0.074,1.2286666666666666,0.04900000000000001,0.12855333333333335,38.187999999999995,0.09155333333333333,0.18044666666666667,50.773999999999994,0.085,0.1114466666666667,76.15666666666667,0.00422,0.03455333333333333,0.4780000000000001,0.010333333333333335,0.10066666666666668,0.10866666666666668,0.074,0.00878,0.4621133333333333,0.4145533333333333,0.1465,0.18966666666666665,0.07838666666666665,0.19578000000000004,0.059886666666666664,0.13588666666666668,0.09266666666666669,0.06144666666666668,1.6013333333333333,0.04883333333333335,0.14283333333333328,34.32266666666667,0.09483333333333333,0.18611333333333338,51.176,0.07838666666666665,0.11371999999999999,69.36733333333333,0.005113333333333333,0.03978,0.6679999999999999,0.010500000000000002,0.10088666666666667,0.10600000000000002,0.06144666666666668,0.010053333333333333,0.47088666666666673
86,92,2020-02-10,5,2,2019-2020,UNIFACISA,Sesi Franca,0,0.40999666666666656,0.14800000000000005,0.19200333333333336,0.07000333333333335,0.18933333333333333,0.051329999999999994,0.1380033333333333,0.09033666666666668,0.06699666666666665,1.4213333333333333,0.04933,0.13967000000000002,35.14066666666667,0.09599666666666666,0.18366333333333335,52.10466666666667,0.07000333333333335,0.08966333333333334,76.78999999999998,0.010663333333333332,0.03333333333333333,0.542,0.013336666666666669,0.10067000000000004,0.136,0.06699666666666665,0.01099666666666667,0.4709999999999999,0.4296633333333334,0.164,0.17933333333333337,0.08633,0.17667000000000002,0.03633333333333334,0.1403366666666667,0.0926633333333333,0.05800000000000001,1.640666666666667,0.05466333333333333,0.13633666666666666,39.798,0.08966666666666669,0.16466666666666666,54.739999999999995,0.08633,0.10833333333333335,79.98599999999998,0.00799666666666667,0.027336666666666662,0.48799999999999993,0.013000000000000005,0.10000333333333332,0.13333333333333333,0.05800000000000001,0.008003333333333331,0.5023333333333333
70,86,2020-02-10,5,2,2019-2020,Paulistano,Flamengo,0,0.398,0.17700000000000005,0.16733333333333328,0.053666666666666675,0.19200000000000003,0.057,0.13500000000000004,0.08466666666666667,0.05700000000000001,1.6033333333333333,0.05900000000000002,0.16966666666666666,35.68866666666667,0.08366666666666664,0.161,51.95066666666666,0.053666666666666675,0.07866666666666668,68.83666666666666,0.016666666666666663,0.028000000000000008,0.484,0.009666666666666667,0.1036666666666667,0.09266666666666669,0.05700000000000001,0.011333333333333334,0.441,0.4129966666666666,0.148,0.18533333333333332,0.07966333333333334,0.19567000000000004,0.059329999999999994,0.13633,0.09433333333333335,0.06100333333333335,1.6400000000000001,0.04933333333333335,0.1436666666666667,34.47933333333334,0.09266666666666666,0.18400333333333338,50.626,0.07966333333333334,0.11499666666666664,69.77866666666665,0.005003333333333333,0.04000333333333333,0.6753333333333333,0.010666666666666668,0.09966333333333334,0.10866666666666669,0.06100333333333335,0.010663333333333332,0.47133
88,79,2020-02-11,5,2,2019-2020,Corinthians,Rio Claro,1,0.4103366666666667,0.129,0.21000000000000002,0.07133666666666666,0.17933000000000002,0.056333333333333326,0.12299666666666667,0.08566333333333333,0.06100000000000002,1.498,0.04300000000000001,0.11900333333333334,36.62133333333334,0.10500000000000001,0.20266666666666663,51.68866666666667,0.07133666666666666,0.10067,70.826,0.008336666666666666,0.04133,0.716,0.010663333333333334,0.11000000000000001,0.09866666666666668,0.06100000000000002,0.00833,0.46199999999999986,0.4240033333333333,0.13,0.20000666666666672,0.09399666666666667,0.16633,0.04167,0.12465999999999999,0.09333000000000001,0.06633666666666667,1.494,0.04333333333333334,0.12333666666666666,35.44866666666667,0.09999333333333332,0.1773266666666667,56.70933333333335,0.09399666666666667,0.12000666666666669,78.25,0.010666666666666666,0.02566666666666667,0.3973333333333333,0.006666666666666668,0.11466666666666668,0.060000000000000005,0.06633666666666667,0.01333333333333333,0.46633333333333327
87,71,2020-02-11,5,2,2019-2020,Minas,Mogi,1,0.43499999999999994,0.14399999999999996,0.208,0.083,0.20133333333333334,0.06033333333333335,0.14100000000000001,0.09,0.056666666666666664,1.7473333333333334,0.04800000000000001,0.14233333333333334,33.709999999999994,0.104,0.19399999999999998,53.59866666666667,0.083,0.10633333333333338,77.69333333333334,0.011333333333333334,0.032,0.6,0.009666666666666667,0.11933333333333333,0.08333333333333334,0.056666666666666664,0.010000000000000002,0.5036666666666666,0.41717,0.148,0.18600333333333338,0.08316666666666665,0.18533333333333335,0.04749666666666666,0.1378366666666667,0.08650000000000001,0.07366666666666667,1.2273333333333332,0.04933333333333333,0.13049666666666668,37.874,0.09299666666666666,0.18000333333333338,51.618666666666655,0.08316666666666665,0.10917,76.04066666666668,0.0046633333333333336,0.03349666666666667,0.46400000000000013,0.011000000000000003,0.0981666666666667,0.11733333333333333,0.07366666666666667,0.00867,0.4650033333333334
83,92,2020-02-12,5,2,2019-2020,Pinheiros,Coop/São José Basketball,0,0.3983333333333334,0.13399999999999998,0.19466666666666665,0.06966666666666667,0.177,0.045666666666666675,0.13133333333333336,0.07966666666666665,0.075,1.1219999999999999,0.04466666666666666,0.11633333333333334,38.38533333333334,0.09733333333333333,0.18566666666666667,52.83133333333333,0.06966666666666667,0.09766666666666665,72.36733333333333,0.004333333333333333,0.036000000000000004,0.49466666666666664,0.007333333333333334,0.09866666666666665,0.07600000000000001,0.075,0.01266666666666667,0.43466666666666676,0.42266666666666663,0.12000000000000002,0.22600000000000003,0.07666666666666669,0.16733333333333336,0.05100000000000001,0.11633333333333334,0.09799999999999999,0.07366666666666667,1.5120000000000002,0.04,0.11266666666666665,35.75266666666667,0.11300000000000002,0.2106666666666667,53.82733333333333,0.07666666666666669,0.10566666666666666,72.28066666666668,0.008333333333333333,0.03733333333333333,0.5693333333333332,0.010333333333333333,0.113,0.09133333333333335,0.07366666666666667,0.012000000000000004,0.4616666666666667
83,64,2020-02-12,5,2,2019-2020,UNIFACISA,Bauru Basket,1,0.40849666666666656,0.14850000000000002,0.19233666666666668,0.06767,0.18533333333333335,0.04883,0.1365033333333333,0.09117,0.06766333333333334,1.4133333333333333,0.04949666666666666,0.13683666666666666,35.910666666666664,0.09616333333333332,0.18249666666666667,52.566,0.06767,0.08749666666666668,75.74466666666667,0.011163333333333336,0.032999999999999995,0.5266666666666667,0.01367,0.10083666666666669,0.13933333333333336,0.06766333333333334,0.011330000000000003,0.4698333333333332,0.4056666666666666,0.12100000000000002,0.21599999999999994,0.06866666666666667,0.18033333333333332,0.049666666666666665,0.13066666666666665,0.07899999999999999,0.07066666666666667,1.2886666666666666,0.04033333333333333,0.12066666666666669,33.37733333333333,0.10799999999999997,0.19666666666666663,55.153999999999996,0.06866666666666667,0.10266666666666668,65.288,0.005666666666666668,0.04733333333333334,0.6906666666666667,0.006000000000000002,0.10133333333333332,0.064,0.07066666666666667,0.008333333333333333,0.4446666666666667
69,75,2020-02-12,5,2,2019-2020,Pato Basquete,Botafogo,0,0.3586666666666666,0.10800000000000001,0.1846666666666667,0.06599999999999999,0.1676666666666667,0.05100000000000001,0.11666666666666665,0.08833333333333333,0.07800000000000003,1.2126666666666668,0.036000000000000004,0.11433333333333334,32.096666666666664,0.09233333333333335,0.19600000000000004,46.74933333333333,0.06599999999999999,0.09266666666666665,70.81133333333332,0.006999999999999998,0.03700000000000001,0.49000000000000005,0.010000000000000002,0.11233333333333334,0.088,0.07800000000000003,0.01533333333333334,0.37466666666666676,0.401,0.16499999999999998,0.16800333333333334,0.06799666666666668,0.1719966666666667,0.04866666666666668,0.12332999999999998,0.09266333333333335,0.06833333333333334,1.434666666666667,0.055000000000000014,0.14866333333333334,37.15733333333333,0.08399666666666668,0.16399666666666668,52.035333333333334,0.06799666666666668,0.08400333333333333,81.64733333333334,0.005336666666666666,0.029996666666666668,0.4806666666666665,0.012003333333333335,0.11567,0.10933333333333331,0.06833333333333334,0.011336666666666669,0.4489999999999999
66,71,2020-02-13,5,2,2019-2020,Minas,Paulistano,0,0.4351666666666666,0.1425,0.20866666666666667,0.084,0.20116666666666666,0.06000000000000001,0.1411666666666667,0.09,0.059333333333333335,1.6660000000000001,0.0475,0.14016666666666666,33.96466666666666,0.10433333333333333,0.19350000000000003,53.87466666666667,0.084,0.10833333333333336,76.94333333333334,0.010833333333333334,0.033499999999999995,0.5946666666666668,0.010666666666666668,0.11816666666666667,0.09333333333333334,0.059333333333333335,0.010833333333333335,0.505,0.39433333333333337,0.17300000000000004,0.16910999999999998,0.05222333333333335,0.19255666666666668,0.05689,0.13566666666666669,0.08466666666666667,0.05666666666666667,1.6086666666666667,0.05766666666666667,0.17089,34.623333333333335,0.08455666666666665,0.16177666666666665,52.278000000000006,0.05222333333333335,0.07600000000000001,69.16933333333333,0.01689,0.027000000000000007,0.47266666666666673,0.009333333333333334,0.10200000000000002,0.09066666666666669,0.05666666666666667,0.011666666666666665,0.436
73,96,2020-02-13,5,2,2019-2020,Brasília,São Paulo,0,0.37350000000000005,0.10249999999999998,0.1916666666666667,0.07933333333333334,0.18483333333333332,0.05583333333333334,0.129,0.07516666666666666,0.07633333333333335,1.046,0.034166666666666665,0.11350000000000003,29.98866666666667,0.09583333333333335,0.19633333333333336,48.65600000000001,0.07933333333333334,0.11600000000000002,69.11133333333333,0.005000000000000001,0.03466666666666667,0.4713333333333333,0.01,0.10466666666666667,0.09733333333333336,0.07633333333333335,0.010000000000000004,0.3844999999999999,0.43966333333333324,0.16099999999999998,0.19666666666666668,0.08199666666666668,0.20433666666666672,0.05866666666666667,0.14567,0.09133,0.05967,1.6093333333333333,0.053666666666666675,0.15699666666666667,34.74066666666667,0.09833333333333334,0.1703366666666667,58.15866666666666,0.08199666666666668,0.10833000000000001,75.86799999999998,0.012996666666666672,0.024336666666666673,0.4053333333333333,0.011330000000000003,0.08766666666666664,0.12866666666666665,0.05967,0.009333333333333332,0.5093366666666668
78,83,2020-02-14,5,2,2019-2020,Fortaleza B. C. / CFO,Bauru Basket,0,0.3706700000000001,0.117,0.19932999999999998,0.05433000000000002,0.18166666666666664,0.05133333333333335,0.13033333333333333,0.06833333333333333,0.06599666666666668,1.0333333333333334,0.039,0.12333000000000001,32.063333333333325,0.09967000000000001,0.19399666666666668,51.535999999999994,0.05433000000000002,0.07934,69.074,0.008,0.03533,0.5346666666666666,0.012670000000000004,0.10599666666666664,0.12000000000000002,0.06599666666666668,0.007996666666666668,0.39766666666666667,0.3996666666666666,0.11950000000000001,0.21233333333333332,0.06783333333333334,0.1808333333333333,0.0495,0.13133333333333333,0.07666666666666666,0.06949999999999999,1.2766666666666664,0.03983333333333334,0.11800000000000001,33.544,0.10616666666666666,0.19549999999999995,54.61066666666667,0.06783333333333334,0.10116666666666667,65.44466666666668,0.0058333333333333345,0.04400000000000001,0.6519999999999998,0.005666666666666668,0.10066666666666665,0.06133333333333334,0.06949999999999999,0.007666666666666668,0.4365
89,90,2020-02-14,5,2,2019-2020,Rio Claro,Botafogo,0,0.42766999999999994,0.12849999999999998,0.20467333333333335,0.09449666666666667,0.16949666666666666,0.04250333333333333,0.12699333333333332,0.0939966666666667,0.06550333333333333,1.5133333333333332,0.04283333333333334,0.12383666666666665,34.708,0.10232666666666666,0.17966000000000001,57.27866666666667,0.09449666666666667,0.12067333333333337,78.25,0.011333333333333332,0.025500000000000005,0.3986666666666666,0.006000000000000002,0.11583333333333336,0.05333333333333334,0.06550333333333333,0.013499999999999996,0.4726666666666666,0.4013333333333334,0.16699999999999998,0.16367,0.07066333333333334,0.17016333333333336,0.04650000000000001,0.12366333333333332,0.09166333333333333,0.06733333333333334,1.4373333333333336,0.05566666666666668,0.14866333333333331,37.60933333333333,0.08183000000000001,0.1614966666666667,51.47266666666666,0.07066333333333334,0.08783666666666665,81.05866666666667,0.005836666666666666,0.03016333333333334,0.48733333333333323,0.011836666666666669,0.11633666666666667,0.10733333333333331,0.06733333333333334,0.011836666666666667,0.4473333333333332
81,78,2020-02-15,5,2,2019-2020,Pinheiros,Corinthians,1,0.3986666666666666,0.13049999999999998,0.1983333333333333,0.06983333333333334,0.1758333333333333,0.047166666666666676,0.12866666666666668,0.08116666666666665,0.07116666666666666,1.2006666666666665,0.04349999999999999,0.11483333333333334,37.89133333333334,0.09916666666666665,0.19050000000000003,52.083999999999996,0.06983333333333334,0.09983333333333334,70.71866666666666,0.005666666666666667,0.034833333333333334,0.5086666666666667,0.00816666666666667,0.1008333333333333,0.082,0.07116666666666666,0.011333333333333336,0.43416666666666676,0.4040033333333333,0.1265,0.20733333333333331,0.07017000000000001,0.17983,0.05533333333333334,0.1244966666666667,0.08532999999999999,0.06250000000000003,1.402666666666667,0.04216666666666667,0.11867000000000001,35.972,0.10366666666666666,0.20066666666666666,51.620000000000005,0.07017000000000001,0.09983666666666664,70.35,0.00867,0.041663333333333344,0.696,0.01049666666666667,0.10949999999999999,0.09800000000000002,0.06250000000000003,0.008496666666666668,0.4543333333333332
90,78,2020-02-15,5,2,2019-2020,Brasília,Paulistano,1,0.37783333333333335,0.10799999999999997,0.18966666666666668,0.08016666666666668,0.18583333333333335,0.05616666666666667,0.12966666666666665,0.07616666666666666,0.07733333333333334,1.0346666666666666,0.036000000000000004,0.11516666666666668,31.167333333333332,0.09483333333333334,0.19433333333333336,48.63133333333334,0.08016666666666668,0.11583333333333336,69.884,0.0051666666666666675,0.03383333333333334,0.44599999999999995,0.0095,0.10216666666666667,0.09533333333333334,0.07733333333333334,0.010333333333333337,0.3908333333333333,0.39100000000000007,0.16949999999999996,0.16888666666666668,0.05261333333333334,0.19227999999999998,0.05811333333333333,0.13416666666666668,0.08416666666666665,0.05733333333333334,1.5866666666666667,0.05650000000000001,0.17194666666666666,33.708666666666666,0.08444666666666666,0.16238666666666662,51.982,0.05261333333333334,0.07650000000000001,69.214,0.01728,0.027166666666666672,0.4713333333333333,0.009333333333333334,0.10200000000000002,0.09066666666666669,0.05733333333333334,0.011333333333333334,0.42833333333333334
84,72,2020-02-26,6,2,2019-2020,Pato Basquete,Fortaleza B. C. / CFO,1,0.36266666666666664,0.10850000000000003,0.18433333333333335,0.06983333333333333,0.16933333333333336,0.05116666666666667,0.11816666666666663,0.0885,0.07866666666666668,1.2066666666666666,0.036166666666666666,0.1115,32.90933333333333,0.09216666666666667,0.19650000000000004,46.556666666666665,0.06983333333333333,0.0973333333333333,71.32466666666666,0.006500000000000001,0.03683333333333335,0.48400000000000004,0.010500000000000002,0.115,0.09000000000000002,0.07866666666666668,0.015500000000000005,0.3818333333333334,0.37067,0.11600000000000002,0.19866333333333333,0.05599666666666668,0.18233333333333332,0.05200000000000002,0.13033333333333333,0.06733333333333331,0.06499666666666667,1.0386666666666666,0.03866666666666667,0.12399666666666669,31.548,0.09933666666666667,0.19366333333333335,51.45933333333333,0.05599666666666668,0.08267333333333333,68.27266666666665,0.008333333333333333,0.03533000000000001,0.5419999999999999,0.013003333333333337,0.10699666666666664,0.12200000000000003,0.06499666666666667,0.0073300000000000014,0.396
124,119,2020-02-27,6,2,2019-2020,Minas,Coop/São José Basketball,1,0.4313333333333333,0.14,0.20900000000000002,0.08233333333333333,0.19799999999999998,0.058833333333333356,0.1391666666666667,0.08850000000000001,0.06066666666666667,1.6133333333333335,0.04666666666666667,0.13516666666666668,34.59066666666666,0.10450000000000001,0.19450000000000003,53.7,0.08233333333333333,0.10733333333333336,75.91266666666667,0.01,0.03383333333333333,0.5853333333333334,0.011000000000000003,0.11649999999999999,0.09800000000000002,0.06066666666666667,0.010333333333333335,0.49849999999999994,0.427,0.12000000000000001,0.23,0.07700000000000001,0.1665,0.051500000000000004,0.115,0.09949999999999998,0.07283333333333333,1.5506666666666666,0.04,0.11283333333333333,35.672000000000004,0.115,0.2115,54.513999999999996,0.07700000000000001,0.10616666666666667,72.25800000000001,0.008166666666666666,0.037333333333333336,0.5760000000000001,0.009833333333333335,0.11433333333333334,0.08600000000000002,0.07283333333333333,0.011666666666666669,0.4680000000000001
71,61,2020-02-28,6,2,2019-2020,Pato Basquete,UNIFACISA,1,0.3695,0.10950000000000001,0.19,0.06999999999999999,0.17316666666666666,0.051166666666666666,0.12199999999999998,0.09033333333333333,0.07783333333333334,1.2486666666666666,0.0365,0.10916666666666665,33.714,0.095,0.19983333333333336,47.24466666666667,0.06999999999999999,0.09733333333333333,71.53266666666667,0.006166666666666667,0.03733333333333335,0.4986666666666667,0.010333333333333335,0.11433333333333334,0.08866666666666669,0.07783333333333334,0.015500000000000003,0.39799999999999996,0.4114966666666666,0.15650000000000003,0.18833666666666665,0.06667,0.1836666666666667,0.04766333333333333,0.13600333333333334,0.09267,0.06649666666666666,1.461333333333333,0.05216333333333333,0.13833666666666666,37.494666666666674,0.09416333333333333,0.17999666666666667,52.27733333333333,0.06667,0.08666333333333333,75.06133333333334,0.01149666666666667,0.033666666666666664,0.5453333333333334,0.013503333333333334,0.09867,0.14000000000000004,0.06649666666666666,0.01099666666666667,0.476
86,79,2020-02-28,6,2,2019-2020,Rio Claro,Fortaleza B. C. / CFO,1,0.42600333333333323,0.12599999999999997,0.2076733333333334,0.09233000000000001,0.17049666666666669,0.04217,0.12832666666666664,0.09366333333333336,0.06600333333333333,1.4993333333333332,0.042,0.12066999999999999,34.86133333333333,0.10382666666666666,0.18216000000000002,57.300666666666665,0.09233000000000001,0.11867333333333337,77.77400000000002,0.010666666666666668,0.024000000000000004,0.3746666666666666,0.005166666666666667,0.11650000000000002,0.046000000000000006,0.06600333333333333,0.014166666666666668,0.4699999999999999,0.37228000000000006,0.11750000000000001,0.19722000000000003,0.05755333333333334,0.18139,0.05200000000000002,0.12939,0.06666666666666667,0.06522,1.0253333333333332,0.03916666666666667,0.12533,31.531999999999996,0.09861333333333334,0.19199666666666668,51.50666666666667,0.05755333333333334,0.08361666666666669,69.25133333333332,0.008333333333333333,0.03649666666666667,0.5566666666666665,0.012613333333333336,0.10749666666666664,0.11800000000000002,0.06522,0.007996666666666668,0.39739
88,93,2020-02-28,6,2,2019-2020,Paulistano,Bauru Basket,0,0.38766666666666677,0.16599999999999995,0.16866333333333336,0.05300333333333334,0.19200333333333333,0.05933666666666667,0.13266666666666668,0.08366666666666664,0.05800000000000001,1.5646666666666669,0.055333333333333345,0.17300333333333334,32.794,0.08433666666666667,0.16299666666666662,51.686,0.05300333333333334,0.077,69.25866666666667,0.01767,0.027333333333333338,0.4700000000000001,0.009333333333333334,0.10200000000000001,0.09066666666666669,0.05800000000000001,0.011000000000000001,0.42066666666666663,0.3936666666666666,0.11800000000000002,0.20866666666666667,0.067,0.18133333333333332,0.04933333333333333,0.13199999999999998,0.07433333333333332,0.06833333333333334,1.2646666666666666,0.03933333333333334,0.11533333333333334,33.71066666666666,0.10433333333333333,0.19433333333333327,54.06733333333333,0.067,0.09966666666666667,65.60133333333334,0.006000000000000002,0.04066666666666667,0.6133333333333333,0.005333333333333334,0.09999999999999999,0.058666666666666666,0.06833333333333334,0.007000000000000001,0.4283333333333333
89,80,2020-02-29,6,2,2019-2020,São Paulo,Corinthians,1,0.44233,0.17099999999999996,0.19133333333333333,0.07999666666666667,0.20700333333333337,0.06000000000000002,0.1470033333333333,0.09199666666666667,0.05900333333333334,1.636,0.057000000000000016,0.16466333333333336,35.09466666666667,0.09566666666666666,0.16600333333333336,58.16999999999999,0.07999666666666667,0.10599666666666667,75.98533333333332,0.012663333333333334,0.02533666666666667,0.42733333333333334,0.011996666666666668,0.08833333333333333,0.13399999999999998,0.05900333333333334,0.009333333333333334,0.5153366666666668,0.4043366666666667,0.12300000000000001,0.20866666666666667,0.07267,0.17799666666666666,0.053333333333333344,0.12466333333333336,0.08532999999999999,0.060666666666666674,1.4460000000000002,0.041,0.11833666666666669,35.019333333333336,0.10433333333333333,0.2003333333333333,52.05133333333334,0.07267,0.10200333333333331,71.63133333333333,0.00867,0.040996666666666674,0.7033333333333333,0.010330000000000002,0.10833333333333332,0.09800000000000002,0.060666666666666674,0.007330000000000001,0.45466666666666655
88,86,2020-02-29,6,2,2019-2020,Botafogo,Pinheiros,1,0.40166666666666667,0.169,0.15933666666666663,0.07332999999999999,0.16832999999999998,0.044333333333333336,0.12399666666666663,0.09066333333333332,0.06633333333333336,1.4400000000000002,0.056333333333333346,0.14866333333333334,38.06133333333333,0.07966333333333334,0.15899666666666665,50.91,0.07332999999999999,0.09166999999999999,80.47000000000001,0.006336666666666666,0.03033000000000001,0.49399999999999983,0.011670000000000003,0.11700333333333332,0.10533333333333332,0.06633333333333336,0.012336666666666666,0.4456666666666666,0.4013333333333334,0.12999999999999998,0.20299999999999996,0.06833333333333333,0.17516666666666666,0.04833333333333334,0.12683333333333335,0.08316666666666664,0.06966666666666667,1.2646666666666666,0.04333333333333333,0.11400000000000002,37.980000000000004,0.10149999999999998,0.1926666666666667,52.71666666666666,0.06833333333333333,0.09983333333333334,69.25533333333333,0.006833333333333334,0.035166666666666666,0.5273333333333333,0.008500000000000002,0.09949999999999998,0.08600000000000001,0.06966666666666667,0.011333333333333336,0.43966666666666676
90,80,2020-03-02,7,2,2019-2020,Rio Claro,UNIFACISA,1,0.4250033333333333,0.12499999999999997,0.2100066666666667,0.08999666666666668,0.17132999999999995,0.04133666666666667,0.12999333333333332,0.09333000000000001,0.06733666666666666,1.4733333333333332,0.041666666666666664,0.11833666666666666,35.21666666666666,0.10499333333333334,0.18265999999999996,57.800666666666665,0.08999666666666668,0.1150066666666667,78.57266666666668,0.009333333333333332,0.022333333333333337,0.3459999999999999,0.004666666666666667,0.11733333333333333,0.04133333333333334,0.06733666666666666,0.014333333333333335,0.4699999999999999,0.4066633333333333,0.15600000000000006,0.18400333333333335,0.06667,0.18433333333333335,0.04699666666666666,0.13733666666666666,0.09133666666666666,0.06666333333333334,1.4426666666666665,0.05199666666666666,0.13867,37.31000000000001,0.09199666666666667,0.17866333333333334,51.52733333333333,0.06667,0.08666333333333333,75.06133333333332,0.010996666666666665,0.03366666666666666,0.5446666666666666,0.01367,0.09600333333333334,0.14600000000000002,0.06666333333333334,0.010330000000000002,0.4693333333333333
81,87,2020-03-02,7,2,2019-2020,Coop/São José Basketball,Botafogo,0,0.44033333333333335,0.12900000000000003,0.2306666666666667,0.08066666666666669,0.16566666666666666,0.05366666666666666,0.11200000000000003,0.10200000000000001,0.07366666666666667,1.5699999999999998,0.043,0.12133333333333332,35.53066666666667,0.11533333333333334,0.20966666666666667,55.178,0.08066666666666669,0.11,72.76866666666668,0.007666666666666667,0.03866666666666667,0.5873333333333334,0.009666666666666665,0.11666666666666668,0.08333333333333334,0.07366666666666667,0.011000000000000003,0.4800000000000001,0.40599999999999997,0.1705,0.15933666666666665,0.07616333333333333,0.17033,0.04666666666666666,0.1236633333333333,0.09132999999999998,0.06750000000000002,1.434666666666667,0.05683333333333334,0.15116333333333332,37.691333333333326,0.07966333333333335,0.15783000000000003,51.258666666666656,0.07616333333333333,0.09700333333333333,79.45333333333335,0.007169999999999998,0.03199666666666667,0.5079999999999998,0.010836666666666668,0.11850333333333335,0.09733333333333333,0.06750000000000002,0.012503333333333332,0.4491666666666666
93,82,2020-03-03,7,2,2019-2020,Flamengo,Pinheiros,1,0.4166633333333333,0.1535,0.18533333333333332,0.07783,0.19367,0.05533,0.13832999999999998,0.09350000000000001,0.059836666666666684,1.6540000000000001,0.05116666666666667,0.1431666666666667,35.84000000000001,0.09266666666666666,0.18167000000000003,51.26199999999999,0.07783,0.11099666666666665,71.02866666666665,0.004836666666666666,0.03900333333333334,0.672,0.011000000000000003,0.09916333333333333,0.11333333333333337,0.059836666666666684,0.010663333333333332,0.4794966666666667,0.4053333333333333,0.12999999999999998,0.20733333333333331,0.068,0.17533333333333337,0.05,0.12533333333333335,0.08233333333333331,0.07166666666666667,1.2393333333333332,0.043333333333333335,0.11400000000000002,37.980000000000004,0.10366666666666666,0.19433333333333333,53.412666666666674,0.068,0.10133333333333334,67.99333333333334,0.007000000000000001,0.036000000000000004,0.5273333333333333,0.007666666666666667,0.09899999999999999,0.07933333333333333,0.07166666666666667,0.011333333333333336,0.4396666666666667
97,71,2020-03-03,7,2,2019-2020,Sesi Franca,Brasília,1,0.43116333333333334,0.1655,0.18233333333333332,0.08333,0.17600333333333334,0.03750000000000001,0.13850333333333337,0.09216333333333332,0.05850000000000001,1.6179999999999997,0.055163333333333335,0.13733666666666666,39.84799999999999,0.09116666666666666,0.1655,55.46,0.08333,0.10366666666666666,80.95466666666665,0.008496666666666668,0.02733666666666667,0.482,0.012500000000000004,0.09933666666666666,0.12866666666666665,0.05850000000000001,0.008336666666666666,0.5035000000000001,0.3826666666666666,0.11099999999999999,0.18966666666666668,0.082,0.18583333333333338,0.05566666666666666,0.13016666666666665,0.0785,0.07633333333333334,1.0839999999999999,0.037000000000000005,0.11583333333333336,31.798666666666666,0.09483333333333334,0.19333333333333336,48.868,0.082,0.11783333333333336,70.14466666666667,0.0051666666666666675,0.03266666666666667,0.4366666666666666,0.009166666666666665,0.10049999999999999,0.09400000000000001,0.07633333333333334,0.009500000000000001,0.39866666666666656
83,94,2020-03-03,7,2,2019-2020,Mogi,Paulistano,0,0.4150033333333333,0.148,0.18400333333333338,0.08299999999999998,0.1846666666666667,0.04932999999999999,0.1353366666666667,0.08566666666666665,0.07600000000000001,1.1873333333333336,0.04933333333333334,0.13066333333333333,37.816,0.09199666666666666,0.17900333333333335,51.30799999999999,0.08299999999999998,0.10867000000000002,76.258,0.0046633333333333336,0.033996666666666675,0.45400000000000007,0.011333333333333336,0.09600000000000002,0.12200000000000003,0.07600000000000001,0.00967,0.4600033333333334,0.388,0.16249999999999995,0.17033000000000004,0.055170000000000004,0.19216999999999998,0.05983666666666667,0.13233333333333336,0.08466666666666665,0.05783333333333334,1.5820000000000003,0.05416666666666668,0.17267000000000002,31.93066666666666,0.08517000000000001,0.1656633333333333,51.38266666666667,0.055170000000000004,0.08016666666666666,69.00066666666666,0.016503333333333335,0.027500000000000007,0.4733333333333335,0.009000000000000001,0.10033333333333334,0.08933333333333335,0.05783333333333334,0.012166666666666668,0.41866666666666663
77,57,2020-03-04,7,2,2019-2020,Rio Claro,Pato Basquete,1,0.42816999999999994,0.12799999999999997,0.20834000000000005,0.09183000000000002,0.17616333333333334,0.04367000000000001,0.13249333333333332,0.09533000000000001,0.06533666666666667,1.5533333333333332,0.042666666666666665,0.11833666666666666,36.04999999999999,0.10416000000000002,0.18582666666666664,56.41466666666667,0.09183000000000002,0.11734000000000003,78.38466666666666,0.009833333333333335,0.021833333333333337,0.35333333333333333,0.005000000000000001,0.11733333333333335,0.044666666666666674,0.06533666666666667,0.013500000000000005,0.4783333333333333,0.37233333333333335,0.10900000000000001,0.19333333333333336,0.06999999999999999,0.17600000000000002,0.051333333333333335,0.12466666666666668,0.09183333333333334,0.07516666666666666,1.3046666666666666,0.03633333333333333,0.10733333333333331,34.064,0.09666666666666668,0.20400000000000001,47.03333333333333,0.06999999999999999,0.0965,72.15200000000002,0.006500000000000001,0.03733333333333335,0.5173333333333333,0.009500000000000001,0.11200000000000002,0.08333333333333334,0.07516666666666666,0.015833333333333335,0.407
79,83,2020-03-05,7,2,2019-2020,Bauru Basket,Brasília,0,0.39999999999999997,0.12000000000000002,0.21133333333333332,0.06866666666666667,0.18933333333333333,0.053,0.13633333333333333,0.07466666666666666,0.06866666666666668,1.264,0.04000000000000001,0.11566666666666668,34.23466666666666,0.10566666666666666,0.19999999999999993,53.099333333333334,0.06866666666666667,0.101,66.24133333333334,0.006333333333333335,0.03933333333333334,0.5913333333333333,0.005,0.10099999999999999,0.054000000000000006,0.06866666666666668,0.008,0.4373333333333333,0.38599999999999995,0.11299999999999999,0.18966666666666662,0.08333333333333333,0.18733333333333338,0.055333333333333345,0.132,0.07933333333333334,0.07833333333333334,1.0766666666666667,0.03766666666666666,0.11533333333333334,32.48466666666666,0.09483333333333331,0.19016666666666668,49.776666666666664,0.08333333333333333,0.12100000000000002,69.38533333333334,0.004833333333333334,0.03100000000000001,0.41133333333333333,0.008833333333333334,0.09983333333333332,0.09133333333333334,0.07833333333333334,0.009833333333333333,0.4028333333333333
97,102,2020-03-05,7,2,2019-2020,Coop/São José Basketball,Flamengo,0,0.442,0.13099999999999998,0.23133333333333336,0.07966666666666669,0.16483333333333333,0.053,0.11183333333333335,0.10166666666666667,0.07066666666666667,1.6179999999999997,0.04366666666666666,0.12366666666666666,35.42133333333334,0.11566666666666668,0.20983333333333334,55.27733333333334,0.07966666666666669,0.1075,73.66600000000001,0.007000000000000001,0.0375,0.5946666666666667,0.009166666666666667,0.11583333333333333,0.08000000000000002,0.07066666666666667,0.010166666666666668,0.4818333333333334,0.42416333333333334,0.1575,0.18566666666666662,0.08099666666666666,0.18983666666666668,0.053163333333333326,0.13666333333333333,0.096,0.05950333333333334,1.6980000000000002,0.052500000000000005,0.143,36.760000000000005,0.09283333333333331,0.17883666666666667,52.18133333333333,0.08099666666666666,0.11316333333333331,72.188,0.005169999999999998,0.03833666666666667,0.6653333333333333,0.010666666666666665,0.09782999999999999,0.11066666666666668,0.05950333333333334,0.01133,0.49049666666666675
91,82,2020-03-05,7,2,2019-2020,Sesi Franca,Minas,1,0.43332999999999994,0.164,0.18766666666666668,0.08166333333333335,0.17633666666666667,0.03850000000000001,0.13783666666666672,0.09299666666666666,0.05866666666666668,1.628,0.054663333333333335,0.13700333333333334,39.59866666666666,0.09383333333333334,0.16983333333333336,55.60933333333333,0.08166333333333335,0.10066666666666667,81.69533333333334,0.008496666666666668,0.028169999999999997,0.4946666666666666,0.01216666666666667,0.09983666666666666,0.12466666666666668,0.05866666666666668,0.008503333333333331,0.5066666666666666,0.44333333333333336,0.13899999999999998,0.21866666666666665,0.08566666666666668,0.19633333333333336,0.05800000000000002,0.13833333333333334,0.09200000000000001,0.06366666666666666,1.592666666666667,0.04633333333333333,0.13199999999999998,35.05066666666666,0.10933333333333332,0.19766666666666668,55.056000000000004,0.08566666666666668,0.11200000000000003,75.55133333333333,0.010000000000000002,0.036,0.5840000000000001,0.011000000000000003,0.11766666666666664,0.09733333333333333,0.06366666666666666,0.010000000000000002,0.5146666666666666
89,61,2020-03-05,7,2,2019-2020,Mogi,Botafogo,1,0.4180033333333333,0.1505,0.1843366666666667,0.08316666666666665,0.18416666666666667,0.049996666666666655,0.13417,0.08433333333333333,0.07483333333333335,1.1933333333333336,0.05016666666666668,0.13433,37.46333333333334,0.09216333333333332,0.17800333333333335,51.68866666666666,0.08316666666666665,0.10850333333333335,76.56866666666664,0.0053300000000000005,0.034996666666666676,0.4806666666666668,0.010833333333333335,0.09600000000000002,0.11666666666666667,0.07483333333333335,0.009503333333333334,0.46150333333333343,0.4056666666666667,0.1695,0.16000333333333333,0.07616333333333333,0.16932999999999998,0.04683333333333333,0.12249666666666666,0.09132999999999997,0.06733333333333333,1.4366666666666665,0.0565,0.15149666666666667,37.28799999999999,0.07999666666666667,0.15783,51.44066666666665,0.07616333333333333,0.09667,79.902,0.007169999999999998,0.03266333333333334,0.5173333333333332,0.010836666666666668,0.11683666666666666,0.09933333333333332,0.06733333333333333,0.012003333333333333,0.44883333333333325
99,95,2020-03-06,7,2,2019-2020,Fortaleza B. C. / CFO,Paulistano,1,0.3738900000000001,0.11900000000000001,0.19577666666666665,0.059109999999999996,0.18044666666666667,0.05200000000000002,0.12844666666666668,0.06600000000000002,0.06544333333333334,1.012,0.03966666666666666,0.12666333333333332,31.516,0.09789,0.19033,51.553999999999995,0.059109999999999996,0.08456000000000001,70.22999999999999,0.008333333333333333,0.03766333333333334,0.5713333333333334,0.012223333333333338,0.10799666666666666,0.11400000000000002,0.06544333333333334,0.008663333333333334,0.39878,0.39050000000000007,0.15899999999999997,0.1729966666666667,0.05850333333333334,0.1938366666666666,0.06033666666666668,0.13350000000000004,0.08399999999999999,0.05950000000000001,1.5526666666666669,0.05300000000000002,0.1728366666666667,30.90733333333333,0.08650333333333335,0.16532999999999998,52.27666666666667,0.05850333333333334,0.084,69.282,0.01617,0.02700000000000001,0.4606666666666667,0.009166666666666667,0.10066666666666665,0.09066666666666667,0.05950000000000001,0.0125,0.4201666666666667
93,81,2020-03-06,7,2,2019-2020,Corinthians,Pato Basquete,1,0.4050033333333334,0.12300000000000001,0.20733333333333331,0.07467,0.17666333333333334,0.053666666666666675,0.12299666666666668,0.08499666666666665,0.05833333333333334,1.494,0.041,0.12000333333333334,34.55266666666667,0.10366666666666666,0.2023333333333333,51.30466666666667,0.07467,0.10266999999999998,72.88333333333334,0.00767,0.041996666666666675,0.7419999999999999,0.009330000000000003,0.11299999999999999,0.08533333333333334,0.05833333333333334,0.0066633333333333345,0.45333333333333325,0.37233333333333335,0.10450000000000002,0.195,0.07283333333333333,0.1751666666666667,0.05016666666666667,0.125,0.09333333333333334,0.07250000000000001,1.360666666666667,0.034833333333333334,0.10449999999999998,33.35,0.0975,0.20683333333333334,46.73133333333333,0.07283333333333333,0.098,73.84,0.006500000000000001,0.03583333333333334,0.512,0.009166666666666667,0.11033333333333335,0.08266666666666668,0.07250000000000001,0.015000000000000001,0.40916666666666657
84,94,2020-03-07,7,2,2019-2020,Bauru Basket,Minas,0,0.39983333333333326,0.12000000000000002,0.21066666666666667,0.06916666666666667,0.18416666666666667,0.05083333333333333,0.1333333333333333,0.07366666666666667,0.06816666666666668,1.2586666666666666,0.04000000000000001,0.11683333333333333,33.98,0.10533333333333333,0.19699999999999998,53.78600000000001,0.06916666666666667,0.10066666666666665,66.86333333333333,0.006333333333333335,0.03966666666666667,0.6013333333333333,0.005,0.10400000000000001,0.05066666666666666,0.06816666666666668,0.008166666666666668,0.43416666666666665,0.4405000000000001,0.1345,0.22033333333333335,0.08566666666666665,0.19316666666666668,0.05433333333333334,0.13883333333333334,0.0895,0.06466666666666666,1.5146666666666666,0.04483333333333334,0.12683333333333333,35.252666666666656,0.11016666666666668,0.19983333333333334,54.83666666666667,0.08566666666666665,0.11216666666666669,75.416,0.010833333333333334,0.03616666666666666,0.5766666666666667,0.011166666666666668,0.11649999999999999,0.09933333333333333,0.06466666666666666,0.010833333333333335,0.5076666666666666
87,83,2020-03-08,8,2,2019-2020,Pinheiros,Pato Basquete,1,0.4061666666666667,0.13149999999999998,0.2076666666666667,0.067,0.17300000000000001,0.049833333333333334,0.12316666666666667,0.08183333333333333,0.07233333333333333,1.2213333333333334,0.04383333333333334,0.11216666666666668,39.254,0.10383333333333335,0.19633333333333336,52.922666666666665,0.067,0.09966666666666667,67.99333333333333,0.006666666666666667,0.03583333333333334,0.5219999999999999,0.007666666666666668,0.10066666666666665,0.07866666666666668,0.07233333333333333,0.011333333333333336,0.438,0.37283333333333335,0.0995,0.19899999999999998,0.07433333333333333,0.1746666666666667,0.04933333333333333,0.12533333333333335,0.09400000000000003,0.07016666666666667,1.4060000000000001,0.03316666666666667,0.10316666666666667,32.09266666666667,0.09949999999999999,0.20983333333333334,47.09466666666667,0.07433333333333333,0.09866666666666667,74.73,0.006333333333333335,0.03416666666666667,0.5033333333333334,0.009500000000000003,0.10966666666666666,0.08666666666666666,0.07016666666666667,0.014,0.4103333333333332
101,90,2020-03-09,8,2,2019-2020,UNIFACISA,Paulistano,1,0.40482999999999997,0.155,0.18167000000000003,0.06817000000000001,0.18400000000000002,0.04716333333333333,0.13683666666666666,0.08917000000000001,0.06716333333333334,1.396,0.05166333333333333,0.1393366666666667,36.90933333333333,0.09083000000000001,0.1761633333333333,51.67533333333333,0.06817000000000001,0.08749666666666665,75.97533333333332,0.01099666666666667,0.03266666666666666,0.5253333333333334,0.014336666666666666,0.09683666666666667,0.15133333333333338,0.06716333333333334,0.01083,0.4651666666666667,0.3986666666666668,0.15699999999999997,0.17999666666666667,0.06167000000000001,0.19433666666666663,0.059503333333333346,0.13483333333333336,0.08583333333333333,0.06233333333333335,1.5406666666666669,0.05233333333333334,0.1693366666666667,31.260666666666665,0.09000333333333334,0.16582999999999998,54.218,0.06167000000000001,0.0875,69.69133333333333,0.015670000000000003,0.026666666666666675,0.44133333333333336,0.009666666666666667,0.10149999999999999,0.09466666666666666,0.06233333333333335,0.012166666666666666,0.43349999999999994
77,92,2020-03-09,8,2,2019-2020,Brasília,Coop/São José Basketball,0,0.3803333333333333,0.111,0.1853333333333333,0.08400000000000002,0.1876666666666667,0.055000000000000014,0.13266666666666665,0.07833333333333335,0.08133333333333334,1.028,0.037000000000000005,0.11533333333333333,31.904666666666664,0.09266666666666665,0.18633333333333332,49.792666666666655,0.08400000000000002,0.12033333333333338,70.116,0.004666666666666667,0.03000000000000001,0.38733333333333336,0.009000000000000001,0.09733333333333331,0.09533333333333334,0.08133333333333334,0.011000000000000001,0.39499999999999996,0.4436666666666667,0.133,0.23200000000000004,0.07866666666666666,0.164,0.05233333333333333,0.11166666666666666,0.10133333333333333,0.06766666666666668,1.6659999999999997,0.04433333333333333,0.126,35.312,0.11600000000000002,0.21000000000000002,55.37666666666667,0.07866666666666666,0.10500000000000001,74.56333333333335,0.006333333333333333,0.03633333333333333,0.6020000000000001,0.008666666666666665,0.115,0.07666666666666667,0.06766666666666668,0.009333333333333334,0.48366666666666674
99,64,2020-03-10,8,2,2019-2020,São Paulo,Bauru Basket,1,0.44133000000000006,0.16499999999999998,0.19133333333333338,0.08499666666666666,0.2093366666666667,0.06266666666666668,0.14666999999999997,0.08766333333333336,0.05933666666666668,1.5506666666666666,0.05500000000000001,0.16166333333333333,34.41866666666667,0.09566666666666669,0.1703366666666667,56.43666666666665,0.08499666666666666,0.11299666666666666,75.55799999999999,0.011663333333333333,0.025670000000000002,0.4306666666666666,0.01233,0.09133333333333332,0.1333333333333333,0.05933666666666668,0.009333333333333334,0.5073366666666668,0.3996666666666666,0.12000000000000002,0.21000000000000002,0.06966666666666667,0.17900000000000002,0.048666666666666664,0.1303333333333333,0.07266666666666667,0.0676666666666667,1.2533333333333334,0.04,0.11800000000000004,33.72533333333333,0.10500000000000001,0.19399999999999995,54.472666666666676,0.06966666666666667,0.10033333333333333,67.48533333333333,0.006333333333333335,0.04,0.6113333333333334,0.005,0.107,0.04733333333333333,0.0676666666666667,0.008333333333333333,0.431
78,70,2020-03-10,8,2,2019-2020,Corinthians,Mogi,1,0.4081133333333334,0.13100000000000003,0.20333333333333334,0.07378,0.17888666666666667,0.05533333333333334,0.12355333333333335,0.08722,0.05966666666666667,1.498,0.04366666666666666,0.12344666666666668,35.48266666666667,0.10166666666666667,0.19999999999999998,50.91133333333333,0.07378,0.10044666666666666,73.458,0.007113333333333333,0.04055333333333334,0.7126666666666667,0.009553333333333332,0.11433333333333333,0.08600000000000001,0.05966666666666667,0.007886666666666669,0.45933333333333326,0.4210033333333333,0.153,0.18467,0.08333333333333333,0.18366666666666667,0.050663333333333324,0.13300333333333336,0.08299999999999998,0.07366666666666667,1.1993333333333331,0.05100000000000001,0.13799666666666666,37.110666666666674,0.09232999999999998,0.17700333333333335,52.06933333333333,0.08333333333333333,0.10833666666666669,76.87933333333332,0.005996666666666667,0.03599666666666667,0.5073333333333335,0.010333333333333335,0.096,0.11133333333333333,0.07366666666666667,0.009336666666666668,0.4630033333333334
80,86,2020-03-11,8,2,2019-2020,Pinheiros,Rio Claro,0,0.41000000000000003,0.13266666666666665,0.20977666666666664,0.06755666666666667,0.17333333333333334,0.05066666666666667,0.12266666666666669,0.08255666666666665,0.07166666666666667,1.2499999999999998,0.04422333333333333,0.11311,39.269999999999996,0.10489,0.19722333333333333,53.22066666666667,0.06755666666666667,0.09866666666666667,69.35266666666668,0.006333333333333334,0.03566666666666666,0.524,0.007890000000000001,0.10089,0.08066666666666668,0.07166666666666667,0.010556666666666667,0.4447766666666667,0.42600333333333323,0.126,0.20734000000000002,0.09266333333333335,0.17933000000000002,0.045003333333333326,0.13432666666666665,0.09466333333333335,0.06533666666666667,1.5399999999999998,0.04200000000000001,0.11633666666666667,36.04999999999999,0.10365999999999999,0.18799333333333332,55.584666666666664,0.09266333333333335,0.11867333333333337,78.07933333333334,0.010333333333333335,0.022000000000000006,0.3566666666666667,0.005333333333333334,0.11800000000000002,0.048000000000000015,0.06533666666666667,0.013000000000000005,0.4773333333333332
97,89,2020-03-12,8,2,2019-2020,Coop/São José Basketball,Mogi,1,0.4445,0.133,0.23533333333333334,0.07616666666666667,0.16416666666666666,0.051166666666666666,0.113,0.10433333333333333,0.06766666666666668,1.7086666666666663,0.044333333333333336,0.12433333333333334,35.800666666666665,0.11766666666666667,0.21100000000000002,55.93266666666667,0.07616666666666667,0.10250000000000001,73.78,0.005500000000000001,0.035833333333333335,0.5946666666666667,0.008666666666666666,0.11200000000000002,0.08066666666666666,0.06766666666666668,0.009833333333333335,0.4895,0.4168366666666667,0.15099999999999997,0.1870033333333333,0.07883333333333332,0.1821666666666667,0.04983,0.1323366666666667,0.08266666666666665,0.07466666666666667,1.1673333333333331,0.050333333333333334,0.13616333333333333,37.082,0.09349666666666664,0.18000333333333335,51.88066666666667,0.07883333333333332,0.10433666666666667,75.62933333333334,0.005996666666666667,0.03649666666666667,0.5053333333333334,0.010333333333333335,0.09733333333333333,0.11000000000000001,0.07466666666666667,0.009836666666666669,0.45533666666666667
81,79,2020-03-13,8,2,2019-2020,Sesi Franca,Bauru Basket,1,0.43499666666666664,0.16100000000000003,0.19166666666666668,0.08233000000000001,0.17483666666666664,0.039000000000000014,0.1358366666666667,0.09366333333333333,0.05733333333333334,1.6706666666666667,0.053663333333333334,0.13667,39.016,0.09583333333333334,0.17133333333333328,56.26400000000001,0.08233000000000001,0.09983333333333334,83.06866666666666,0.007996666666666668,0.03000333333333333,0.534,0.011500000000000003,0.09950333333333333,0.11866666666666668,0.05733333333333334,0.00817,0.5113333333333333,0.39633333333333326,0.12050000000000001,0.20633333333333337,0.06949999999999998,0.18033333333333337,0.04966666666666666,0.13066666666666663,0.073,0.06783333333333336,1.2560000000000002,0.04016666666666667,0.11800000000000001,33.85333333333334,0.10316666666666668,0.19633333333333333,52.872,0.06949999999999998,0.09883333333333333,68.36266666666667,0.006500000000000002,0.03900000000000001,0.5920000000000001,0.005166666666666667,0.10516666666666666,0.051333333333333335,0.06783333333333336,0.008333333333333335,0.42566666666666664
70,77,2020-03-14,8,2,2019-2020,Corinthians,Minas,0,0.40489,0.132,0.198,0.07489,0.1802766666666667,0.05466666666666667,0.12561,0.08594333333333333,0.059666666666666666,1.4786666666666666,0.044,0.12739,34.649333333333324,0.099,0.1953333333333333,50.830000000000005,0.07489,0.09989,74.78133333333332,0.007056666666666667,0.03894333333333333,0.6880000000000001,0.009443333333333333,0.11499999999999999,0.08466666666666667,0.059666666666666666,0.008443333333333334,0.4546666666666666,0.4376666666666668,0.13,0.22200000000000003,0.08566666666666668,0.19000000000000003,0.05066666666666667,0.13933333333333334,0.08699999999999998,0.06566666666666666,1.4366666666666665,0.04333333333333334,0.12166666666666666,35.45466666666666,0.11100000000000002,0.20199999999999996,54.61733333333334,0.08566666666666668,0.11233333333333334,75.28066666666669,0.011666666666666665,0.036333333333333336,0.5693333333333332,0.011333333333333336,0.11533333333333333,0.10133333333333334,0.06566666666666666,0.011666666666666669,0.5006666666666666
106,71,2020-03-14,8,2,2019-2020,Pinheiros,Brasília,1,0.4126666666666667,0.13633333333333333,0.2095533333333333,0.06678,0.175,0.05166666666666667,0.12333333333333334,0.08478000000000002,0.07066666666666666,1.3046666666666664,0.04544666666666666,0.11621999999999999,39.27866666666666,0.10478000000000001,0.19577999999999998,53.602000000000004,0.06678,0.09833333333333333,68.786,0.006000000000000002,0.035333333333333335,0.5253333333333333,0.0071133333333333335,0.10111333333333335,0.07200000000000001,0.07066666666666666,0.00878,0.45022000000000006,0.38166666666666665,0.10749999999999998,0.18966666666666662,0.08450000000000002,0.18650000000000005,0.05450000000000001,0.13199999999999998,0.07883333333333335,0.08066666666666668,1.0426666666666666,0.03583333333333332,0.11366666666666667,31.271333333333327,0.09483333333333331,0.18916666666666665,50.20066666666666,0.08450000000000002,0.11950000000000002,71.03333333333333,0.0045000000000000005,0.029500000000000005,0.3853333333333333,0.008333333333333333,0.09349999999999999,0.09066666666666667,0.08066666666666668,0.011333333333333334,0.3963333333333333
103,106,2020-03-15,9,2,2019-2020,UNIFACISA,São Paulo,0,0.4099966666666667,0.16100000000000006,0.17933666666666667,0.06967,0.1876666666666667,0.04933,0.13833666666666664,0.08967000000000001,0.06599666666666668,1.4606666666666663,0.05366333333333333,0.14500333333333335,36.864000000000004,0.08966333333333334,0.17332999999999998,51.952666666666666,0.06967,0.08899666666666665,76.32133333333333,0.01099666666666667,0.03133333333333333,0.5073333333333333,0.015003333333333332,0.09500333333333334,0.162,0.06599666666666668,0.011663333333333335,0.473,0.44799666666666665,0.17099999999999996,0.194,0.08299666666666665,0.21267000000000003,0.062333333333333345,0.15033666666666662,0.09199666666666667,0.05933666666666667,1.6086666666666667,0.057,0.16066333333333335,35.534666666666666,0.097,0.1723366666666667,56.547333333333334,0.08299666666666665,0.10966333333333335,75.67733333333332,0.013663333333333336,0.025336666666666674,0.426,0.012329999999999999,0.09033333333333333,0.1373333333333333,0.05933666666666667,0.010666666666666666,0.5250033333333335
61,74,2020-11-10,1,1,2020-2021,VipTech CMB,Fortaleza B. C. / CFO,0,0.0,0.0,0.0,0.0,0.0,0.0,0.0,0.0,0.0,0.0,0.0,0.0,0.0,0.0,0.0,0.0,0.0,0.0,0.0,0.0,0.0,0.0,0.0,0.0,0.0,0.0,0.0,0.0,0.0,0.0,0.0,0.0,0.0,0.0,0.0,0.0,0.0,0.0,0.0,0.0,0.0,0.0,0.0,0.0,0.0,0.0,0.0,0.0,0.0,0.0,0.0,0.0,0.0,0.0,0.0,0.0
102,68,2020-11-10,1,1,2020-2021,Flamengo,Minas,1,0.0,0.0,0.0,0.0,0.0,0.0,0.0,0.0,0.0,0.0,0.0,0.0,0.0,0.0,0.0,0.0,0.0,0.0,0.0,0.0,0.0,0.0,0.0,0.0,0.0,0.0,0.0,0.0,0.0,0.0,0.0,0.0,0.0,0.0,0.0,0.0,0.0,0.0,0.0,0.0,0.0,0.0,0.0,0.0,0.0,0.0,0.0,0.0,0.0,0.0,0.0,0.0,0.0,0.0,0.0,0.0
86,88,2020-11-12,1,1,2020-2021,UNIFACISA,VipTech CMB,0,0.0,0.0,0.0,0.0,0.0,0.0,0.0,0.0,0.0,0.0,0.0,0.0,0.0,0.0,0.0,0.0,0.0,0.0,0.0,0.0,0.0,0.0,0.0,0.0,0.0,0.0,0.0,0.0,0.33835,0.115,0.17335,0.05,0.20165,0.07335,0.12835000000000002,0.085,0.07335,1.16,0.03835,0.15164999999999998,25.27,0.08664999999999999,0.17,50.98,0.05,0.07835,63.83,0.0,0.01165,0.16,0.01165,0.09835,0.12,0.07335,0.01,0.35
109,86,2020-11-12,1,1,2020-2021,Corinthians,Sesi Franca,1,0.0,0.0,0.0,0.0,0.0,0.0,0.0,0.0,0.0,0.0,0.0,0.0,0.0,0.0,0.0,0.0,0.0,0.0,0.0,0.0,0.0,0.0,0.0,0.0,0.0,0.0,0.0,0.0,0.0,0.0,0.0,0.0,0.0,0.0,0.0,0.0,0.0,0.0,0.0,0.0,0.0,0.0,0.0,0.0,0.0,0.0,0.0,0.0,0.0,0.0,0.0,0.0,0.0,0.0,0.0,0.0
69,82,2020-11-12,1,1,2020-2021,Fortaleza B. C. / CFO,Flamengo,0,0.365,0.105,0.21,0.05,0.20165,0.05835,0.14335,0.09165,0.06665,1.38,0.035,0.11835000000000001,29.58,0.105,0.205,51.22,0.05,0.075,66.67,0.00835,0.03,0.45,0.01665,0.11,0.15,0.06665,0.018349999999999998,0.43,0.45,0.175,0.19335000000000002,0.08164999999999999,0.23,0.065,0.165,0.10835,0.06665,1.63,0.05835,0.18,32.41,0.09664999999999999,0.16335,59.18,0.08164999999999999,0.115,71.01,0.0066500000000000005,0.03335,0.5,0.013349999999999999,0.07835,0.17,0.06665,0.005,0.54665
76,54,2020-11-12,1,1,2020-2021,Minas,Pato Basquete,1,0.39,0.135,0.20335,0.05165,0.195,0.04165,0.15335000000000001,0.095,0.07165,1.33,0.045,0.12335000000000002,36.49,0.10164999999999999,0.18164999999999998,55.96,0.05165,0.08335000000000001,62.0,0.01165,0.04165,0.58,0.01,0.10335000000000001,0.1,0.07165,0.015,0.47,0.0,0.0,0.0,0.0,0.0,0.0,0.0,0.0,0.0,0.0,0.0,0.0,0.0,0.0,0.0,0.0,0.0,0.0,0.0,0.0,0.0,0.0,0.0,0.0,0.0,0.0,0.0,0.0
85,90,2020-11-13,1,1,2020-2021,Mogi,Bauru Basket,0,0.0,0.0,0.0,0.0,0.0,0.0,0.0,0.0,0.0,0.0,0.0,0.0,0.0,0.0,0.0,0.0,0.0,0.0,0.0,0.0,0.0,0.0,0.0,0.0,0.0,0.0,0.0,0.0,0.0,0.0,0.0,0.0,0.0,0.0,0.0,0.0,0.0,0.0,0.0,0.0,0.0,0.0,0.0,0.0,0.0,0.0,0.0,0.0,0.0,0.0,0.0,0.0,0.0,0.0,0.0,0.0
54,90,2020-11-14,1,1,2020-2021,VipTech CMB,Minas,0,0.33835,0.115,0.17335,0.05,0.20165,0.07335,0.12835000000000002,0.085,0.07335,1.16,0.03835,0.15164999999999998,25.27,0.08664999999999999,0.17,50.98,0.05,0.07835,63.83,0.0,0.01165,0.16,0.01165,0.09835,0.12,0.07335,0.01,0.35,0.39,0.135,0.20335,0.05165,0.195,0.04165,0.15335000000000001,0.095,0.07165,1.33,0.045,0.12335000000000002,36.49,0.10164999999999999,0.18164999999999998,55.96,0.05165,0.08335000000000001,62.0,0.01165,0.04165,0.58,0.01,0.10335000000000001,0.1,0.07165,0.015,0.47
107,61,2020-11-14,1,1,2020-2021,São Paulo,Corinthians,1,0.0,0.0,0.0,0.0,0.0,0.0,0.0,0.0,0.0,0.0,0.0,0.0,0.0,0.0,0.0,0.0,0.0,0.0,0.0,0.0,0.0,0.0,0.0,0.0,0.0,0.0,0.0,0.0,0.425,0.225,0.14,0.06,0.145,0.0375,0.1075,0.095,0.07,1.36,0.075,0.16,46.88,0.07,0.16,43.75,0.06,0.07,85.71,0.005,0.03,0.43,0.0125,0.1075,0.12,0.07,0.01,0.4525
69,76,2020-11-14,1,1,2020-2021,Pato Basquete,Fortaleza B. C. / CFO,0,0.3075,0.105,0.12,0.0825,0.15,0.0575,0.0925,0.055,0.0575,0.96,0.035,0.135,25.93,0.06,0.175,34.29,0.0825,0.1325,62.26,0.0,0.0325,0.57,0.0075,0.11,0.07,0.0575,0.0125,0.23,0.365,0.105,0.21,0.05,0.20165,0.05835,0.14335,0.09165,0.06665,1.38,0.035,0.11835000000000001,29.58,0.105,0.205,51.22,0.05,0.075,66.67,0.00835,0.03,0.45,0.01665,0.11,0.15,0.06665,0.018349999999999998,0.43
57,73,2020-11-14,1,1,2020-2021,Brasília,Paulistano,0,0.0,0.0,0.0,0.0,0.0,0.0,0.0,0.0,0.0,0.0,0.0,0.0,0.0,0.0,0.0,0.0,0.0,0.0,0.0,0.0,0.0,0.0,0.0,0.0,0.0,0.0,0.0,0.0,0.0,0.0,0.0,0.0,0.0,0.0,0.0,0.0,0.0,0.0,0.0,0.0,0.0,0.0,0.0,0.0,0.0,0.0,0.0,0.0,0.0,0.0,0.0,0.0,0.0,0.0,0.0,0.0
86,79,2020-11-14,1,1,2020-2021,Flamengo,UNIFACISA,1,0.45,0.175,0.19335000000000002,0.08164999999999999,0.23,0.065,0.165,0.10835,0.06665,1.63,0.05835,0.18,32.41,0.09664999999999999,0.16335,59.18,0.08164999999999999,0.115,71.01,0.0066500000000000005,0.03335,0.5,0.013349999999999999,0.07835,0.17,0.06665,0.005,0.54665,0.4125,0.1425,0.21,0.06,0.1825,0.0625,0.12,0.0875,0.0575,1.52,0.0475,0.145,32.76,0.105,0.21,50.0,0.06,0.08,75.0,0.0,0.0425,0.74,0.005,0.11,0.05,0.0575,0.0125,0.45
80,60,2020-11-14,1,1,2020-2021,Sesi Franca,Pinheiros,1,0.415,0.1125,0.205,0.0975,0.195,0.055,0.14,0.1025,0.0625,1.64,0.0375,0.105,35.71,0.1025,0.2025,50.62,0.0975,0.1175,82.98,0.0225,0.025,0.4,0.0075,0.1075,0.07,0.0625,0.0025,0.495,0.0,0.0,0.0,0.0,0.0,0.0,0.0,0.0,0.0,0.0,0.0,0.0,0.0,0.0,0.0,0.0,0.0,0.0,0.0,0.0,0.0,0.0,0.0,0.0,0.0,0.0,0.0,0.0
79,86,2020-11-16,2,1,2020-2021,Cerrado,Sesi Franca,0,0.0,0.0,0.0,0.0,0.0,0.0,0.0,0.0,0.0,0.0,0.0,0.0,0.0,0.0,0.0,0.0,0.0,0.0,0.0,0.0,0.0,0.0,0.0,0.0,0.0,0.0,0.0,0.0,0.415,0.1125,0.205,0.0975,0.195,0.055,0.14,0.1025,0.0625,1.64,0.0375,0.105,35.71,0.1025,0.2025,50.62,0.0975,0.1175,82.98,0.0225,0.025,0.4,0.0075,0.1075,0.07,0.0625,0.0025,0.495
93,70,2020-11-16,2,1,2020-2021,Bauru Basket,Brasília,1,0.45,0.165,0.19,0.095,0.175,0.065,0.11,0.075,0.08,0.94,0.055,0.125,44.0,0.095,0.185,51.35,0.095,0.115,82.61,0.005,0.06,0.75,0.005,0.12,0.04,0.08,0.02,0.505,0.285,0.12,0.13,0.035,0.155,0.025,0.13,0.08,0.065,1.23,0.04,0.12,33.33,0.065,0.165,39.39,0.035,0.045,77.78,0.0,0.01,0.15,0.015,0.065,0.23,0.065,0.015,0.29
76,74,2020-11-16,2,1,2020-2021,Corinthians,Pinheiros,1,0.425,0.225,0.14,0.06,0.145,0.0375,0.1075,0.095,0.07,1.36,0.075,0.16,46.88,0.07,0.16,43.75,0.06,0.07,85.71,0.005,0.03,0.43,0.0125,0.1075,0.12,0.07,0.01,0.4525,0.3,0.045,0.19,0.065,0.19,0.07,0.12,0.07,0.065,1.08,0.015,0.105,14.29,0.095,0.245,38.78,0.065,0.085,76.47,0.005,0.045,0.69,0.005,0.115,0.04,0.065,0.0,0.285
78,82,2020-11-17,2,1,2020-2021,VipTech CMB,Pato Basquete,0,0.33835,0.115,0.17335,0.05000000000000001,0.20165,0.07335,0.12835000000000002,0.085,0.07335,1.16,0.03835,0.15164999999999998,25.27,0.08664999999999999,0.17,50.98,0.05000000000000001,0.07835,63.830000000000005,0.0,0.01165,0.16,0.01165,0.09835,0.12,0.07335,0.01,0.3499999999999999,0.3075,0.105,0.12,0.0825,0.15,0.0575,0.0925,0.055,0.0575,0.96,0.035,0.135,25.93,0.06,0.175,34.29,0.0825,0.1325,62.26,0.0,0.0325,0.57,0.0075,0.11,0.07,0.0575,0.0125,0.23
69,67,2020-11-17,2,1,2020-2021,UNIFACISA,Fortaleza B. C. / CFO,1,0.4125,0.1425,0.21,0.06,0.1825,0.0625,0.12,0.0875,0.0575,1.52,0.0475,0.145,32.76,0.105,0.21,50.0,0.06,0.08,75.0,0.0,0.0425,0.74,0.005,0.11,0.05,0.0575,0.0125,0.45,0.365,0.105,0.21,0.05000000000000001,0.20165,0.05834999999999999,0.14335,0.09165,0.06665,1.38,0.035,0.11835000000000001,29.58,0.105,0.205,51.22,0.05000000000000001,0.075,66.67,0.00835,0.03,0.45,0.01665,0.11,0.15,0.06665,0.018349999999999998,0.43
75,112,2020-11-17,2,1,2020-2021,Mogi,São Paulo,0,0.425,0.135,0.22,0.07,0.13,0.03,0.1,0.105,0.08,1.31,0.045,0.115,39.13,0.11,0.175,62.86,0.07,0.115,60.87,0.0,0.035,0.44,0.015,0.125,0.12,0.08,0.005,0.45,0.535,0.24,0.23,0.065,0.21,0.03,0.18,0.115,0.05,2.3,0.08,0.165,48.48,0.115,0.155,74.19,0.065,0.08,81.25,0.025,0.045,0.9,0.015,0.08,0.19,0.05,0.005,0.73
84,69,2020-11-18,2,1,2020-2021,Caxias do Sul Basquete,Brasília,1,0.0,0.0,0.0,0.0,0.0,0.0,0.0,0.0,0.0,0.0,0.0,0.0,0.0,0.0,0.0,0.0,0.0,0.0,0.0,0.0,0.0,0.0,0.0,0.0,0.0,0.0,0.0,0.0,0.328325,0.12,0.153325,0.055,0.1575,0.0325,0.125,0.079175,0.070825,1.125,0.04,0.11582499999999998,34.575,0.07667500000000001,0.165825,46.195,0.055,0.07832499999999999,72.47,0.000825,0.019175,0.26,0.0125,0.069175,0.185,0.070825,0.015,0.3375
81,83,2020-11-18,2,1,2020-2021,Cerrado,Bauru Basket,0,0.36835,0.13,0.17665,0.06165,0.16665,0.06165,0.105,0.06335,0.06835,0.93,0.04335,0.13,33.33,0.08835000000000001,0.18664999999999998,47.32,0.06165,0.07835,78.72,0.00165,0.03335,0.49,0.013349999999999999,0.09335,0.14,0.06835,0.01165,0.375,0.43332499999999996,0.14,0.21000000000000002,0.08332500000000001,0.185825,0.061675,0.12417500000000001,0.083325,0.066675,1.33,0.046675,0.12,38.665,0.10500000000000001,0.198325,52.84,0.08332500000000001,0.10167500000000002,81.87,0.005825,0.051675,0.78,0.005,0.11499999999999999,0.045,0.066675,0.015,0.5075000000000001
75,74,2020-11-18,2,1,2020-2021,Paulistano,Corinthians,1,0.365,0.165,0.14,0.06,0.23,0.075,0.155,0.085,0.05,1.7,0.055,0.14,39.29,0.07,0.19,36.84,0.06,0.07,85.71,0.0,0.03,0.6,0.01,0.085,0.12,0.05,0.015,0.455,0.4083333333333334,0.1975,0.14833333333333334,0.0625,0.155,0.0375,0.11750000000000001,0.09416666666666666,0.07333333333333335,1.2933333333333332,0.06583333333333334,0.15,43.43333333333334,0.07416666666666667,0.1625,45.583333333333336,0.0625,0.07416666666666667,84.41333333333333,0.0075,0.03,0.41333333333333333,0.015833333333333335,0.10666666666666667,0.15,0.07333333333333335,0.012500000000000002,0.4458333333333333
85,76,2020-11-19,2,1,2020-2021,Pato Basquete,UNIFACISA,1,0.33666666666666667,0.10333333333333333,0.15,0.08333333333333333,0.17278333333333332,0.065,0.10778333333333334,0.06055,0.058883333333333336,1.0266666666666666,0.03445,0.12666666666666668,27.386666666666667,0.075,0.19778333333333334,37.24333333333333,0.08333333333333333,0.12333333333333334,68.49,0.0016666666666666668,0.031116666666666667,0.5333333333333333,0.007783333333333333,0.11166666666666668,0.07,0.058883333333333336,0.012783333333333334,0.295,0.41054999999999997,0.13166666666666665,0.21445,0.06445,0.18499999999999997,0.06055,0.12444999999999999,0.08778333333333332,0.058883333333333336,1.49,0.04388333333333333,0.13666666666666666,32.026666666666664,0.10721666666666667,0.21611666666666665,49.63666666666666,0.06445,0.08611666666666667,74.86,0.00055,0.041666666666666664,0.71,0.006116666666666666,0.10611666666666668,0.06,0.058883333333333336,0.01,0.4488833333333333
67,82,2020-11-19,2,1,2020-2021,Fortaleza B. C. / CFO,Minas,0,0.3575,0.106875,0.2025,0.04812500000000001,0.1931125,0.0543875,0.1387625,0.0868625,0.0656125,1.325,0.035625000000000004,0.12126250000000001,29.3975,0.10125,0.203125,49.8075,0.04812500000000001,0.071875,67.0025,0.008137499999999999,0.03,0.4575,0.015612500000000001,0.10500000000000001,0.1475,0.0656125,0.0175125,0.40625,0.38999999999999996,0.135,0.20335,0.05165,0.19499999999999998,0.04165,0.15335000000000001,0.09500000000000001,0.07165,1.33,0.045000000000000005,0.12335000000000002,36.49,0.10164999999999998,0.18164999999999998,55.96,0.05165,0.08335,62.0,0.01165,0.04165,0.58,0.01,0.10335000000000001,0.10000000000000002,0.07165,0.015,0.47
73,100,2020-11-19,2,1,2020-2021,Pinheiros,São Paulo,0,0.3375,0.08249999999999999,0.195,0.06,0.184175,0.06417500000000001,0.12,0.081675,0.074175,1.1,0.0275,0.1,28.2,0.0975,0.238325,40.975,0.06,0.08,74.9,0.005825,0.034175,0.485,0.004175,0.10917500000000001,0.035,0.074175,0.008325,0.334175,0.5191749999999999,0.22249999999999998,0.221675,0.07500000000000001,0.1925,0.035824999999999996,0.156675,0.1,0.050825,1.9749999999999999,0.07417499999999999,0.160825,46.05,0.110825,0.1725,65.16499999999999,0.07500000000000001,0.09082499999999999,82.43,0.02,0.043325,0.855,0.013325,0.0825,0.165,0.050825,0.006675,0.6533249999999999
94,82,2020-11-19,2,1,2020-2021,Sesi Franca,Mogi,1,0.43,0.13,0.20333333333333334,0.09666666666666668,0.18778333333333333,0.05445,0.13333333333333333,0.10054999999999999,0.06278333333333334,1.6033333333333333,0.043333333333333335,0.11278333333333335,38.093333333333334,0.10166666666666667,0.19721666666666668,51.60333333333333,0.09666666666666668,0.11499999999999999,84.10666666666667,0.01721666666666667,0.027783333333333337,0.44333333333333336,0.010549999999999999,0.09945,0.11333333333333334,0.06278333333333334,0.00555,0.51055,0.40875,0.1575,0.1975,0.053750000000000006,0.1575,0.04625,0.11125,0.1,0.0875,1.155,0.0525,0.14,37.745000000000005,0.09875,0.17625,56.08,0.053750000000000006,0.07875,74.55499999999999,0.005,0.036250000000000004,0.41500000000000004,0.01125,0.1175,0.095,0.0875,0.011250000000000001,0.43625
72,61,2020-11-20,2,1,2020-2021,Paulistano,Cerrado,1,0.376675,0.14,0.173325,0.06332499999999999,0.211675,0.060825,0.150825,0.084175,0.052500000000000005,1.6099999999999999,0.046675,0.13,35.615,0.086675,0.189175,45.855000000000004,0.06332499999999999,0.07250000000000001,87.3,0.005,0.033325,0.635,0.0125,0.083325,0.15,0.052500000000000005,0.0125,0.470825,0.36835,0.13,0.17665,0.06165,0.16665,0.06165,0.105,0.06335,0.06835,0.93,0.04335,0.13,33.33,0.08835000000000001,0.18664999999999998,47.32,0.06165,0.07835,78.72,0.00165,0.03335,0.49,0.013349999999999999,0.09335,0.14,0.06835,0.01165,0.375
74,54,2020-11-20,2,1,2020-2021,Bauru Basket,Caxias do Sul Basquete,1,0.42776666666666663,0.13166666666666668,0.21666666666666667,0.07943333333333334,0.18943333333333334,0.060566666666666664,0.12890000000000001,0.0861,0.062233333333333335,1.46,0.0439,0.11833333333333333,36.88666666666666,0.10833333333333334,0.20276666666666668,53.336666666666666,0.07943333333333334,0.09723333333333335,81.62333333333333,0.0061,0.0489,0.79,0.005,0.11333333333333333,0.04666666666666667,0.062233333333333335,0.013333333333333334,0.5083333333333334,0.33335000000000004,0.115,0.17335,0.045,0.175,0.04835,0.12664999999999998,0.07335,0.06665,1.1,0.03835,0.11664999999999999,32.86,0.08664999999999999,0.18164999999999998,47.71,0.045,0.075,60.0,0.005,0.02665,0.4,0.01165,0.09664999999999999,0.12,0.06665,0.00835,0.35
78,63,2020-11-20,2,1,2020-2021,Flamengo,VipTech CMB,1,0.45,0.17499999999999996,0.19335000000000002,0.08164999999999999,0.23,0.065,0.165,0.10835,0.06665,1.63,0.05834999999999999,0.18000000000000002,32.41,0.09664999999999997,0.16335,59.18,0.08164999999999999,0.115,71.01,0.0066500000000000005,0.03335,0.5,0.013349999999999999,0.07835,0.17,0.06665,0.005,0.54665,0.3418875,0.135,0.1600125,0.04687500000000001,0.1931125,0.0662625,0.12688750000000001,0.084375,0.0750125,1.1275,0.045012500000000004,0.14936249999999998,30.355,0.07998749999999999,0.17,47.0575,0.04687500000000001,0.07313750000000001,64.17750000000001,0.001875,0.016237500000000002,0.215,0.0124875,0.1000125,0.125,0.0750125,0.011875,0.3524999999999999
90,96,2020-11-21,2,1,2020-2021,São Paulo,Sesi Franca,0,0.5138999999999999,0.21666666666666665,0.2189,0.07833333333333335,0.18666666666666668,0.037766666666666664,0.1489,0.09500000000000001,0.0511,1.8666666666666665,0.07223333333333333,0.15943333333333332,45.24,0.10943333333333334,0.17833333333333332,62.15666666666666,0.07833333333333335,0.09443333333333333,82.82333333333334,0.018333333333333333,0.04276666666666667,0.84,0.012766666666666667,0.08333333333333333,0.15666666666666668,0.0511,0.007233333333333334,0.6277666666666666,0.4375,0.13875,0.2025,0.09625,0.184175,0.054175,0.13,0.099575,0.06292500000000001,1.585,0.04625,0.11667500000000001,39.285,0.10125,0.194575,52.095,0.09625,0.11374999999999999,84.67,0.014575000000000001,0.029175,0.465,0.012074999999999999,0.09542500000000001,0.135,0.06292500000000001,0.0070750000000000006,0.5183249999999999
108,99,2020-11-21,2,1,2020-2021,Minas,UNIFACISA,1,0.41125,0.144375,0.2075125,0.0593625,0.195625,0.0437375,0.1518875,0.1,0.07186250000000001,1.395,0.048125,0.12251250000000001,39.3475,0.10373749999999998,0.1868625,55.55,0.0593625,0.0881375,66.6225,0.0099875,0.0393625,0.5475,0.011875,0.10501250000000001,0.11500000000000002,0.07186250000000001,0.014374999999999999,0.5,0.40957499999999997,0.12625,0.216675,0.066675,0.18624999999999997,0.059575,0.12667499999999998,0.087925,0.059575,1.4749999999999999,0.042075,0.1325,31.66,0.10832499999999999,0.219175,49.455,0.066675,0.089175,74.78999999999999,0.000825,0.04125,0.695,0.0066749999999999995,0.104175,0.065,0.059575,0.00875,0.448325
84,78,2020-11-21,2,1,2020-2021,Brasília,Pinheiros,1,0.34276666666666666,0.12,0.1611,0.06166666666666667,0.15833333333333333,0.035,0.12333333333333334,0.0789,0.07276666666666666,1.09,0.04,0.11443333333333332,34.99,0.08056666666666668,0.1661,48.46333333333333,0.06166666666666667,0.08943333333333332,70.7,0.0011,0.022233333333333338,0.2966666666666667,0.011666666666666667,0.07056666666666667,0.17,0.07276666666666666,0.015,0.35333333333333333,0.35000000000000003,0.09499999999999999,0.19666666666666668,0.05833333333333333,0.18223333333333333,0.06223333333333334,0.12,0.08556666666666667,0.07723333333333333,1.1066666666666667,0.03166666666666667,0.09833333333333334,32.836666666666666,0.09833333333333334,0.2361,41.70666666666667,0.05833333333333333,0.07833333333333332,74.37666666666667,0.0061,0.030566666666666662,0.4166666666666667,0.0039000000000000003,0.10723333333333335,0.03333333333333333,0.07723333333333333,0.0111,0.3505666666666667
62,86,2020-11-22,2,1,2020-2021,Caxias do Sul Basquete,Paulistano,0,0.33335000000000004,0.115,0.17335,0.045,0.175,0.04835,0.12664999999999998,0.07335,0.06665,1.1,0.03835,0.11664999999999999,32.86,0.08664999999999999,0.18164999999999998,47.71,0.045,0.075,60.0,0.005,0.02665,0.4,0.01165,0.09664999999999999,0.12,0.06665,0.00835,0.35,0.38056666666666666,0.13166666666666668,0.18443333333333334,0.06443333333333333,0.20556666666666668,0.056100000000000004,0.14943333333333333,0.08390000000000002,0.05333333333333334,1.58,0.0439,0.12666666666666668,34.39,0.09223333333333333,0.18889999999999998,48.86000000000001,0.06443333333333333,0.07333333333333335,87.83,0.006666666666666667,0.03443333333333334,0.6466666666666666,0.013333333333333334,0.08276666666666666,0.16,0.05333333333333334,0.011666666666666667,0.47609999999999997
105,70,2020-11-22,2,1,2020-2021,Flamengo,Pato Basquete,1,0.451875,0.17812499999999998,0.19001250000000003,0.08373749999999999,0.22812500000000002,0.0625,0.165625,0.1093875,0.0662375,1.6549999999999998,0.059387499999999996,0.17875000000000002,33.235,0.09498749999999997,0.1600125,59.385,0.08373749999999999,0.113125,74.1875,0.006237500000000001,0.036887500000000004,0.5575,0.0143875,0.0775125,0.185,0.0662375,0.006875,0.5606125,0.35125,0.10250000000000001,0.16499999999999998,0.08375,0.184175,0.06875,0.115425,0.063325,0.059575,1.06,0.034175,0.1225,28.115,0.08249999999999999,0.209175,38.72,0.08375,0.11875,71.605,0.0025,0.030425,0.515,0.007925,0.1125,0.07,0.059575,0.012925,0.3275
71,85,2020-11-23,3,1,2020-2021,Brasília,Corinthians,0,0.3499875,0.12,0.16498749999999998,0.065,0.15875,0.036250000000000004,0.1225,0.0787625,0.0737375,1.0725,0.04,0.11373749999999998,35.1975,0.08251250000000002,0.16623749999999998,49.5975,0.065,0.09498749999999999,69.815,0.0012374999999999999,0.023762500000000002,0.315,0.011250000000000001,0.0712625,0.1625,0.0737375,0.015,0.36125,0.4,0.18375,0.15250000000000002,0.06375,0.15999999999999998,0.0375,0.12250000000000001,0.09375,0.07500000000000001,1.26,0.06125,0.14500000000000002,41.71,0.07625000000000001,0.16375,46.5,0.06375,0.07625000000000001,83.76499999999999,0.00875,0.03,0.405,0.0175,0.10625,0.16499999999999998,0.07500000000000001,0.013750000000000002,0.4425
81,75,2020-11-23,3,1,2020-2021,Mogi,Cerrado,1,0.4033333333333333,0.165,0.19000000000000003,0.04833333333333334,0.16666666666666666,0.051666666666666666,0.11499999999999999,0.09833333333333334,0.09000000000000001,1.1033333333333333,0.05499999999999999,0.14833333333333334,37.28333333333334,0.09500000000000001,0.17666666666666667,53.81999999999999,0.04833333333333334,0.06666666666666667,79.11666666666666,0.006666666666666667,0.036666666666666674,0.40666666666666673,0.01,0.11499999999999999,0.08666666666666667,0.09000000000000001,0.013333333333333336,0.43166666666666664,0.36835,0.13,0.17665,0.06165,0.16665,0.06165,0.105,0.06335,0.06835,0.93,0.04335,0.13,33.33,0.08835,0.18664999999999998,47.32,0.06165,0.07835,78.72,0.0016499999999999998,0.03335,0.49,0.013349999999999999,0.09335,0.14,0.06835,0.01165,0.375
67,63,2020-11-25,3,1,2020-2021,Cerrado,Caxias do Sul Basquete,1,0.3650125,0.12562500000000001,0.17373750000000002,0.0656125,0.1668625,0.0581125,0.10875,0.06938749999999999,0.0650125,1.095,0.0418875,0.12687500000000002,32.975,0.0868875,0.18186249999999998,47.8025,0.0656125,0.0837625,78.41499999999999,0.0037375,0.0350125,0.55,0.0106375,0.0968875,0.11000000000000001,0.0650125,0.011237500000000001,0.38375,0.33335000000000004,0.115,0.17335,0.045000000000000005,0.17499999999999996,0.04835,0.12664999999999998,0.07335,0.06665,1.1,0.03835,0.11664999999999999,32.86,0.08664999999999999,0.18164999999999998,47.71,0.045000000000000005,0.075,60.0,0.005,0.026649999999999997,0.4000000000000001,0.01165,0.09664999999999997,0.12,0.06665,0.00835,0.3499999999999999
81,87,2020-11-28,3,1,2020-2021,Corinthians,Mogi,0,0.403,0.177,0.15500000000000003,0.071,0.16749999999999998,0.040999999999999995,0.1265,0.0915,0.07100000000000001,1.308,0.059,0.14900000000000002,39.428000000000004,0.07750000000000001,0.1625,47.676,0.071,0.0855,83.338,0.009000000000000001,0.0305,0.442,0.015500000000000003,0.10400000000000001,0.14799999999999996,0.07100000000000001,0.013500000000000002,0.44749999999999995,0.4075,0.170625,0.18500000000000003,0.051875000000000004,0.1675,0.048125,0.119375,0.100625,0.08375,1.24,0.056874999999999995,0.14625000000000002,39.1225,0.09250000000000001,0.171875,53.857499999999995,0.051875000000000004,0.069375,79.5,0.005,0.035,0.42000000000000004,0.01,0.11312499999999999,0.0875,0.08375,0.011875000000000002,0.45062499999999994
67,75,2020-12-02,4,1,2020-2021,Cerrado,UNIFACISA,0,0.36301,0.12300000000000003,0.17199000000000003,0.06799000000000001,0.16699,0.05599,0.11099999999999999,0.07300999999999999,0.06301,1.194,0.041010000000000005,0.125,32.762,0.08601,0.17898999999999998,48.092,0.06799000000000001,0.08701,78.232,0.00499,0.03601,0.5860000000000001,0.00901,0.09901,0.09200000000000001,0.06301,0.010990000000000002,0.38899999999999996,0.40899,0.123,0.21800999999999998,0.06800999999999999,0.18699999999999997,0.05899,0.12800999999999998,0.08801,0.05999,1.4659999999999997,0.040990000000000006,0.13,31.439999999999998,0.10898999999999999,0.22101,49.346,0.06800999999999999,0.09101000000000001,74.74799999999999,0.00099,0.041,0.6859999999999999,0.00701,0.10301,0.068,0.05999,0.008,0.44799
85,78,2020-12-02,4,1,2020-2021,Fortaleza B. C. / CFO,Caxias do Sul Basquete,1,0.353,0.10800000000000001,0.198,0.04700000000000001,0.18799,0.05201,0.13601000000000002,0.08399,0.06499,1.292,0.036000000000000004,0.12301000000000002,29.288,0.099,0.202,48.959999999999994,0.04700000000000001,0.06999999999999999,67.202,0.00801,0.03,0.462,0.01499,0.10200000000000001,0.146,0.06499,0.01701,0.392,0.3287625,0.10125,0.17501250000000002,0.052500000000000005,0.175,0.051262499999999996,0.12373749999999999,0.07251250000000001,0.0687375,1.0575,0.0337625,0.1074875,30.895,0.0874875,0.1837375,47.625,0.052500000000000005,0.08374999999999999,62.045,0.005,0.0299875,0.43250000000000005,0.0099875,0.09498749999999997,0.105,0.0687375,0.0100125,0.34624999999999995
105,100,2020-12-02,4,1,2020-2021,Minas,BRB/Brasília,1,0.42400000000000004,0.15,0.21000999999999997,0.06399,0.196,0.044989999999999995,0.15101,0.10300000000000001,0.07199000000000001,1.434,0.05,0.12201,41.062,0.10498999999999999,0.18999,55.303999999999995,0.06399,0.09101,69.396,0.00899,0.03799,0.528,0.013000000000000001,0.10601000000000001,0.12400000000000003,0.07199000000000001,0.013999999999999999,0.518,0.0,0.0,0.0,0.0,0.0,0.0,0.0,0.0,0.0,0.0,0.0,0.0,0.0,0.0,0.0,0.0,0.0,0.0,0.0,0.0,0.0,0.0,0.0,0.0,0.0,0.0,0.0,0.0
64,86,2020-12-03,4,1,2020-2021,Pato Basquete,Sesi Franca,0,0.36,0.10200000000000001,0.174,0.084,0.19101,0.07100000000000001,0.12000999999999999,0.06499,0.05999,1.08,0.03401,0.12,28.552,0.087,0.21600999999999998,39.606,0.084,0.11599999999999999,73.474,0.003,0.030010000000000002,0.504,0.00801,0.11300000000000002,0.07,0.05999,0.013009999999999999,0.34700000000000003,0.442,0.14400000000000002,0.202,0.096,0.18201,0.05401,0.128,0.09899,0.06301000000000001,1.574,0.048,0.11901000000000002,40.0,0.101,0.19299,52.39,0.096,0.11299999999999999,85.00800000000001,0.012990000000000002,0.03001,0.47800000000000004,0.012989999999999998,0.09301000000000001,0.148,0.06301000000000001,0.00799,0.5229899999999998
62,95,2020-12-03,4,1,2020-2021,Pinheiros,Flamengo,0,0.35625,0.10124999999999999,0.1975,0.057499999999999996,0.1812625,0.06126250000000001,0.12,0.0875125,0.07876250000000001,1.11,0.03375,0.0975,35.155,0.09875,0.23498750000000002,42.072500000000005,0.057499999999999996,0.0775,74.115,0.0062375,0.028762499999999996,0.3825,0.0037625000000000002,0.10626250000000001,0.0325,0.07876250000000001,0.012487500000000002,0.35876250000000004,0.453,0.18,0.18801,0.08498999999999998,0.227,0.061,0.16599999999999998,0.11001000000000001,0.06599000000000001,1.67,0.060009999999999994,0.17800000000000002,33.730000000000004,0.09398999999999998,0.15801,59.507999999999996,0.08498999999999998,0.11200000000000002,76.09400000000001,0.0059900000000000005,0.03901,0.592,0.01501,0.07701,0.194,0.06599000000000001,0.008,0.56899
92,79,2020-12-03,4,1,2020-2021,São Paulo,VipTech CMB,1,0.5112625,0.21374999999999997,0.21751250000000003,0.08000000000000002,0.18375000000000002,0.038737499999999994,0.1450125,0.09250000000000001,0.0512375,1.8125,0.07126249999999999,0.15873749999999998,44.835,0.10873750000000001,0.18124999999999997,60.65249999999999,0.08000000000000002,0.0962375,83.02000000000001,0.0175,0.0424875,0.8325,0.0124875,0.08375,0.15250000000000002,0.0512375,0.0075125,0.6149874999999999,0.34401000000000004,0.14700000000000002,0.15201,0.045000000000000005,0.18799,0.062009999999999996,0.12601,0.084,0.07601,1.108,0.049010000000000005,0.14798999999999998,33.406,0.07598999999999999,0.17,44.70399999999999,0.045000000000000005,0.07001,64.38600000000001,0.003,0.01899,0.248,0.012990000000000002,0.10101,0.128,0.07601,0.013000000000000001,0.3539999999999999
63,94,2020-12-04,4,1,2020-2021,Caxias do Sul Basquete,Minas,0,0.33168000000000003,0.10400000000000001,0.17001000000000002,0.05767,0.172,0.05101,0.12099,0.06768,0.06899000000000001,0.984,0.03468,0.11198999999999999,30.613999999999997,0.08499,0.18066,47.010000000000005,0.05767,0.09033,63.064,0.00533,0.02866,0.41200000000000003,0.00866,0.10132,0.09,0.06899000000000001,0.01034,0.33399999999999996,0.4355583333333333,0.15,0.21278333333333332,0.07276666666666666,0.1991666666666667,0.04915833333333333,0.15000833333333333,0.10360833333333334,0.07193333333333334,1.4433333333333334,0.049999999999999996,0.12556666666666666,40.031666666666666,0.10638333333333332,0.19221666666666667,55.376666666666665,0.07276666666666666,0.09861666666666664,72.05833333333334,0.008324999999999999,0.03805,0.5283333333333333,0.012775,0.10806666666666669,0.12000000000000001,0.07193333333333334,0.014441666666666665,0.5299999999999999
91,74,2020-12-04,4,1,2020-2021,UNIFACISA,BRB/Brasília,1,0.4119333333333333,0.12583333333333332,0.22111666666666666,0.06500833333333332,0.18944166666666665,0.05943333333333333,0.1300083333333333,0.08695000000000001,0.061383333333333324,1.4216666666666666,0.04193333333333334,0.12916666666666668,32.42166666666666,0.11055,0.21861666666666668,50.665,0.06500833333333332,0.08750833333333334,74.195,0.0022166666666666667,0.040275000000000005,0.6616666666666666,0.007233333333333332,0.10334166666666667,0.07,0.061383333333333324,0.008058333333333334,0.45665833333333333,0.395,0.16,0.13665,0.09835,0.19165,0.07165,0.12,0.06665,0.08835000000000001,0.75,0.05335,0.17665,30.19,0.06835,0.14835,46.07,0.09835,0.13165,74.68,0.0066500000000000005,0.03,0.34,0.01165,0.09664999999999999,0.12,0.08835000000000001,0.02165,0.37
69,62,2020-12-04,4,1,2020-2021,Paulistano,Mogi,1,0.3825125,0.1275,0.1899875,0.06498749999999999,0.2025125,0.0537375,0.1487375,0.08376250000000002,0.05375,1.565,0.0425125,0.125,33.7775,0.0950125,0.1887625,50.362500000000004,0.06498749999999999,0.07375000000000001,88.095,0.0075,0.034987500000000005,0.6525,0.01375,0.08248749999999999,0.16499999999999998,0.05375,0.011250000000000001,0.4787375,0.41,0.174,0.18200000000000002,0.054000000000000006,0.168,0.046,0.122,0.10200000000000001,0.08,1.3219999999999998,0.057999999999999996,0.14500000000000002,40.226,0.09100000000000001,0.16899999999999998,53.879999999999995,0.054000000000000006,0.07100000000000001,79.72999999999999,0.004,0.034,0.42800000000000005,0.01,0.11199999999999999,0.088,0.08,0.011000000000000001,0.4619999999999999
73,75,2020-12-04,4,1,2020-2021,Cerrado,Fortaleza B. C. / CFO,0,0.3627833333333333,0.12000000000000001,0.17499166666666668,0.06776666666666667,0.17276666666666665,0.055549999999999995,0.11722499999999998,0.071675,0.06334166666666667,1.1616666666666666,0.04000833333333333,0.12555833333333333,31.846666666666668,0.08750833333333334,0.18055,48.48333333333333,0.06776666666666667,0.08861666666666668,76.68833333333333,0.004991666666666667,0.03445,0.5566666666666668,0.009175,0.09973333333333334,0.09333333333333334,0.06334166666666667,0.010266666666666669,0.38805833333333334,0.35833333333333334,0.10916666666666668,0.19444166666666665,0.054725,0.1886,0.05056666666666667,0.13806666666666667,0.07915833333333333,0.06471666666666667,1.2216666666666667,0.03639166666666667,0.12111666666666669,30.12833333333333,0.097225,0.20110833333333333,48.28666666666666,0.054725,0.08,67.96666666666667,0.007508333333333332,0.030833333333333334,0.47666666666666674,0.0161,0.10444166666666667,0.15333333333333332,0.06471666666666667,0.015566666666666666,0.39444166666666663
79,66,2020-12-05,4,1,2020-2021,VipTech CMB,Pinheiros,1,0.35250833333333337,0.15000000000000002,0.15584166666666666,0.04666666666666667,0.18874166666666667,0.05834166666666666,0.13042499999999999,0.08375,0.072925,1.1616666666666666,0.05000833333333334,0.14749166666666666,34.160000000000004,0.07790833333333332,0.17166666666666666,45.355,0.04666666666666667,0.072925,64.13166666666667,0.0033333333333333335,0.020825,0.29333333333333333,0.011658333333333335,0.10250833333333333,0.115,0.072925,0.012916666666666667,0.36708333333333326,0.34900000000000003,0.10499999999999998,0.19,0.05399999999999999,0.17751,0.056510000000000005,0.121,0.08551,0.07951000000000001,1.076,0.035,0.101,35.08,0.095,0.22799,41.658,0.05399999999999999,0.0775,69.614,0.00549,0.03051,0.396,0.00651,0.10451000000000002,0.062,0.07951000000000001,0.011990000000000002,0.34701000000000004
71,80,2020-12-05,4,1,2020-2021,Pato Basquete,São Paulo,0,0.35625,0.09250000000000001,0.18666666666666665,0.07708333333333334,0.18542500000000003,0.06583333333333334,0.11959166666666665,0.063325,0.059158333333333334,1.0666666666666667,0.030841666666666667,0.11499999999999999,26.57166666666667,0.09333333333333332,0.22000833333333333,41.685,0.07708333333333334,0.10999999999999999,70.08333333333333,0.0033333333333333335,0.033758333333333335,0.5783333333333333,0.006675,0.11333333333333334,0.05833333333333334,0.059158333333333334,0.012091666666666667,0.3425,0.49501,0.20549999999999996,0.21301,0.07650000000000001,0.187,0.043989999999999994,0.14301,0.09100000000000001,0.05149,1.7740000000000002,0.06850999999999999,0.15648999999999996,43.664,0.10649000000000002,0.18249999999999997,58.92199999999999,0.07650000000000001,0.09698999999999999,78.91600000000001,0.017,0.04249,0.8280000000000001,0.01549,0.0835,0.18800000000000003,0.05149,0.00701,0.5949899999999999
93,62,2020-12-05,4,1,2020-2021,Flamengo,Sesi Franca,1,0.45583333333333337,0.19125,0.18250833333333336,0.082075,0.23416666666666666,0.06624999999999999,0.16791666666666663,0.10875833333333335,0.06415833333333333,1.7016666666666664,0.06375833333333333,0.18458333333333335,34.43,0.09124166666666665,0.16000833333333334,57.18833333333333,0.082075,0.10833333333333334,75.91166666666668,0.006241666666666667,0.04000833333333333,0.63,0.013341666666666668,0.07625833333333333,0.17333333333333334,0.06415833333333333,0.007916666666666667,0.572075,0.43,0.135,0.20083333333333334,0.09416666666666666,0.19084166666666666,0.05459166666666667,0.13625,0.09665833333333333,0.06584166666666667,1.4883333333333333,0.045000000000000005,0.11834166666666668,37.681666666666665,0.10041666666666667,0.19540833333333332,51.49,0.09416666666666666,0.11208333333333333,84.01833333333333,0.011241666666666669,0.02750833333333333,0.43,0.012908333333333332,0.09334166666666667,0.145,0.06584166666666667,0.0070750000000000006,0.5058249999999999
82,67,2020-12-05,4,1,2020-2021,Bauru Basket,Corinthians,1,0.42498749999999996,0.1275,0.22,0.0774875,0.1912375,0.060012499999999996,0.1312625,0.0874875,0.0600125,1.525,0.0425125,0.1175,35.9975,0.11,0.20498750000000002,53.584999999999994,0.0774875,0.09501250000000003,81.5,0.0062375,0.0475125,0.795,0.005,0.11249999999999999,0.0475,0.0600125,0.0125,0.50875,0.405,0.1725,0.1566666666666667,0.07583333333333332,0.1725,0.043333333333333335,0.12916666666666668,0.09000000000000001,0.06833333333333334,1.3399999999999999,0.057499999999999996,0.1516666666666667,37.90666666666667,0.07833333333333335,0.16166666666666665,48.46,0.07583333333333332,0.09166666666666667,83.05333333333333,0.009166666666666668,0.030833333333333334,0.4666666666666666,0.01416666666666667,0.1025,0.13666666666666663,0.06833333333333334,0.013333333333333334,0.45083333333333336
71,63,2020-12-06,4,1,2020-2021,Fortaleza B. C. / CFO,BRB/Brasília,1,0.36214285714285716,0.11,0.1919,0.06024285714285715,0.18903571428571425,0.04953571428571429,0.1395357142857143,0.07570714285714286,0.06452142857142858,1.1714285714285713,0.03667142857142858,0.11976428571428574,30.728571428571424,0.09595714285714287,0.20047142857142858,47.80571428571428,0.06024285714285715,0.08714285714285715,68.51285714285714,0.007149999999999998,0.03142857142857143,0.48714285714285716,0.016892857142857143,0.1061857142857143,0.15857142857142856,0.06452142857142858,0.014535714285714285,0.39618571428571425,0.395,0.16,0.13665,0.09835,0.19165,0.07165,0.12,0.06665,0.08835000000000001,0.75,0.05335,0.17665,30.19,0.06835,0.14835,46.07,0.09835,0.13165,74.68,0.0066500000000000005,0.03,0.34,0.01165,0.09664999999999999,0.12,0.08835000000000001,0.02165,0.37
97,77,2020-12-06,4,1,2020-2021,Minas,Cerrado,1,0.4438142857142857,0.15,0.2147642857142857,0.07903571428571429,0.20142857142857146,0.052135714285714285,0.14929285714285714,0.10404285714285715,0.07189285714285716,1.45,0.049999999999999996,0.12810714285714284,39.29571428571428,0.10737857142857142,0.19380714285714284,55.42857142857143,0.07903571428571429,0.10404999999999998,73.96000000000001,0.00785,0.038092857142857144,0.5285714285714286,0.012614285714285713,0.10953571428571429,0.11714285714285715,0.07189285714285716,0.014757142857142856,0.5385714285714285,0.36262142857142854,0.11785714285714287,0.1771357142857143,0.06760714285714285,0.17689285714285713,0.055235714285714284,0.12167142857142856,0.07072142857142857,0.06357857142857143,1.1385714285714286,0.03929285714285714,0.12595714285714285,31.192857142857147,0.08857857142857142,0.1816642857142857,48.762857142857136,0.06760714285714285,0.08976428571428573,75.58571428571429,0.0049928571428571435,0.03333571428571429,0.5357142857142858,0.009292857142857143,0.10025000000000002,0.09428571428571429,0.06357857142857143,0.00975,0.3873857142857143
65,90,2020-12-06,4,1,2020-2021,Caxias do Sul Basquete,UNIFACISA,0,0.333625,0.10583333333333333,0.16667500000000002,0.06111666666666667,0.17,0.05084166666666667,0.11915833333333332,0.06445833333333334,0.06915833333333334,0.9349999999999999,0.035291666666666666,0.11499166666666666,30.426666666666666,0.083325,0.17860833333333334,46.6,0.06111666666666667,0.09471666666666666,63.74333333333333,0.00555,0.027775000000000005,0.3983333333333334,0.007775,0.10554166666666664,0.08,0.06915833333333334,0.010558333333333334,0.32583333333333325,0.4140357142857143,0.12785714285714286,0.22333571428571428,0.0628642857142857,0.19118571428571426,0.05974999999999999,0.13143571428571427,0.08619285714285715,0.06237857142857143,1.39,0.04260714285714286,0.1285714285714286,33.122857142857136,0.1116642857142857,0.21690714285714288,51.607142857142854,0.0628642857142857,0.08500714285714286,73.79999999999998,0.003092857142857143,0.039757142857142866,0.6442857142857142,0.007392857142857141,0.10357857142857142,0.07142857142857142,0.06237857142857143,0.0081,0.46285
85,77,2020-12-07,5,1,2020-2021,Pinheiros,Pato Basquete,1,0.3441666666666667,0.10749999999999998,0.18500000000000003,0.05166666666666666,0.17500833333333332,0.05334166666666667,0.12166666666666666,0.084175,0.08000833333333335,1.0533333333333335,0.035833333333333335,0.10333333333333333,35.03,0.09250000000000001,0.223325,41.38166666666667,0.05166666666666666,0.0775,66.61333333333333,0.004991666666666666,0.031675,0.405,0.008341666666666667,0.10334166666666668,0.08166666666666667,0.08000833333333335,0.011658333333333335,0.339175,0.3535714285714286,0.08571428571428573,0.1957142857142857,0.07214285714285715,0.1814357142857143,0.062142857142857146,0.11929285714285712,0.06213571428571429,0.058564285714285715,1.0571428571428572,0.02857857142857143,0.11142857142857142,25.157142857142862,0.09785714285714285,0.2228642857142857,43.17,0.07214285714285715,0.10571428571428569,67.66142857142857,0.0035714285714285718,0.03643571428571429,0.6314285714285715,0.005721428571428572,0.11357142857142857,0.05,0.058564285714285715,0.011435714285714287,0.3392857142857143
95,58,2020-12-07,5,1,2020-2021,Sesi Franca,VipTech CMB,1,0.42142857142857143,0.1285714285714286,0.2,0.09285714285714285,0.19714999999999996,0.05500714285714286,0.14214285714285715,0.09499285714285713,0.06786428571428572,1.4271428571428573,0.042857142857142864,0.11786428571428573,36.02571428571429,0.1,0.19713571428571428,50.847142857142856,0.09285714285714285,0.11142857142857143,83.31142857142858,0.009992857142857145,0.02572142857142857,0.39571428571428574,0.012849999999999999,0.09357857142857143,0.14285714285714285,0.06786428571428572,0.006421428571428572,0.4935642857142856,0.35857857142857147,0.15214285714285716,0.15857857142857143,0.04785714285714286,0.1892785714285714,0.05572142857142857,0.1335785714285714,0.08357142857142859,0.07072142857142857,1.2,0.05072142857142858,0.1471357142857143,34.698571428571434,0.07927857142857142,0.17285714285714285,45.82,0.04785714285714286,0.07500714285714286,63.95000000000001,0.0035714285714285718,0.022135714285714286,0.32571428571428573,0.01070714285714286,0.10357857142857142,0.10571428571428573,0.07072142857142857,0.012857142857142857,0.3764285714285714
81,62,2020-12-08,5,1,2020-2021,Bauru Basket,Paulistano,1,0.42199,0.13799999999999998,0.20600000000000002,0.07799,0.18999000000000002,0.05700999999999999,0.13301000000000002,0.08798999999999998,0.05901000000000001,1.5479999999999998,0.04601,0.12,38.028000000000006,0.10300000000000001,0.19699000000000003,51.95799999999999,0.07799,0.09901000000000001,79.114,0.0069900000000000006,0.04901,0.836,0.004,0.10999999999999999,0.038,0.05901000000000001,0.011,0.5050000000000001,0.37500999999999995,0.123,0.18999000000000002,0.06198999999999999,0.20801000000000003,0.054990000000000004,0.15299000000000001,0.08701,0.05500000000000001,1.5859999999999999,0.041010000000000005,0.126,32.406000000000006,0.09501,0.19100999999999999,49.790000000000006,0.06198999999999999,0.07500000000000001,82.976,0.008,0.03699,0.6719999999999999,0.012,0.08798999999999998,0.142,0.05500000000000001,0.01,0.46998999999999996
80,68,2020-12-08,5,1,2020-2021,São Paulo,Flamengo,1,0.484175,0.19999999999999996,0.21000833333333335,0.07416666666666667,0.18916666666666668,0.04749166666666666,0.141675,0.09000000000000001,0.051658333333333334,1.7483333333333337,0.066675,0.15499166666666664,42.88333333333333,0.10499166666666669,0.18333333333333332,57.768333333333324,0.07416666666666667,0.09749166666666666,76.18,0.016666666666666666,0.04249166666666667,0.8250000000000002,0.017491666666666666,0.08333333333333333,0.2116666666666667,0.051658333333333334,0.0066749999999999995,0.5816583333333333,0.45785714285714285,0.1992857142857143,0.17857857142857145,0.07999285714285713,0.2392857142857143,0.06999999999999999,0.16928571428571426,0.10786428571428573,0.06285,1.724285714285714,0.06643571428571429,0.1892857142857143,34.93,0.08927857142857142,0.1614357142857143,55.53142857142858,0.07999285714285713,0.10571428571428572,75.78142857142858,0.006421428571428572,0.04072142857142857,0.6571428571428571,0.012150000000000003,0.07572142857142858,0.15857142857142859,0.06285,0.007857142857142858,0.5742785714285714
94,74,2020-12-09,5,1,2020-2021,UNIFACISA,Corinthians,1,0.4156125,0.12937500000000002,0.225,0.06125624999999999,0.19249374999999996,0.05998749999999999,0.13250625,0.085625,0.063125,1.3662499999999997,0.0431125,0.128125,33.64874999999999,0.11249999999999999,0.215625,52.31375,0.06125624999999999,0.08313125000000002,73.50375,0.00375,0.03936875000000001,0.63125,0.007512499999999998,0.10375625,0.0725,0.063125,0.00813125,0.46749375,0.395,0.16285714285714284,0.15714285714285717,0.07499999999999998,0.17214285714285713,0.04357142857142857,0.1285714285714286,0.08785714285714286,0.06857142857142857,1.3014285714285714,0.054285714285714284,0.14785714285714288,36.49142857142858,0.07857142857142858,0.16428571428571428,47.885714285714286,0.07499999999999998,0.09142857142857143,82.29999999999998,0.01,0.03214285714285715,0.4814285714285714,0.013571428571428573,0.10214285714285713,0.1314285714285714,0.06857142857142857,0.011428571428571429,0.43642857142857144
80,79,2020-12-10,5,1,2020-2021,Pato Basquete,Bauru Basket,1,0.35625,0.09000000000000001,0.19499999999999998,0.07125000000000001,0.1827125,0.06166875,0.12104999999999998,0.064575,0.06145,1.05,0.03000625,0.11124999999999999,26.557500000000005,0.09749999999999999,0.22063125,43.56625,0.07125000000000001,0.10374999999999998,68.23125,0.0039562500000000006,0.0370875,0.61625,0.007712500000000001,0.11041875000000001,0.07500000000000001,0.06145,0.012506250000000002,0.35,0.4163833333333333,0.13916666666666666,0.202775,0.07443333333333334,0.18443333333333334,0.053899999999999997,0.1305666666666667,0.08749166666666665,0.05890000000000001,1.5333333333333332,0.0464,0.12277500000000001,37.585,0.10139166666666667,0.19165833333333335,52.72666666666666,0.07443333333333334,0.09528333333333334,78.24666666666667,0.007216666666666667,0.048341666666666665,0.8249999999999998,0.004166666666666667,0.10694166666666666,0.04,0.05890000000000001,0.011666666666666667,0.4944416666666667
104,76,2020-12-10,5,1,2020-2021,Flamengo,Paulistano,1,0.45520625000000003,0.2025,0.1745875,0.07811874999999999,0.23375,0.0675,0.16624999999999998,0.10625625000000001,0.0622875,1.7125,0.06750625,0.18937500000000002,35.4975,0.08728749999999999,0.1583375,55.2975,0.07811874999999999,0.10229375,76.68125,0.005825,0.03813125,0.6174999999999999,0.011462500000000002,0.07605,0.15000000000000002,0.0622875,0.00854375,0.5654125,0.371675,0.12666666666666668,0.18555000000000002,0.05943333333333332,0.20500833333333335,0.05805000000000001,0.14693333333333333,0.08500833333333334,0.05860833333333334,1.485,0.04223333333333334,0.12833333333333333,32.75833333333334,0.09278333333333333,0.1925083333333333,48.296666666666674,0.05943333333333332,0.072775,81.76,0.008333333333333333,0.03526666666666667,0.6183333333333333,0.010558333333333334,0.0886,0.125,0.05860833333333334,0.01,0.4497166666666666
98,91,2020-12-11,5,1,2020-2021,Mogi,UNIFACISA,1,0.3933333333333333,0.165,0.17000000000000004,0.05833333333333334,0.17333333333333334,0.045000000000000005,0.12833333333333333,0.09916666666666667,0.07916666666666668,1.2899999999999998,0.05499999999999999,0.14500000000000002,38.12,0.08500000000000002,0.1625,51.95166666666666,0.05833333333333334,0.07916666666666668,77.55333333333333,0.005,0.03416666666666667,0.43500000000000005,0.008333333333333333,0.11083333333333333,0.07333333333333332,0.07916666666666668,0.010833333333333334,0.44083333333333324,0.4208222222222222,0.135,0.22611111111111112,0.059727777777777775,0.19360555555555553,0.0586,0.13500555555555555,0.08444444444444445,0.0625,1.3588888888888888,0.044988888888888884,0.1288888888888889,34.84777777777777,0.11305555555555553,0.2152777777777778,52.644444444444446,0.059727777777777775,0.08111666666666667,73.45666666666666,0.0044444444444444444,0.03805000000000001,0.6144444444444443,0.008066666666666665,0.10389444444444444,0.07777777777777778,0.0625,0.008338888888888889,0.4749944444444444
79,72,2020-12-11,5,1,2020-2021,Pinheiros,Caxias do Sul Basquete,1,0.35309285714285715,0.1157142857142857,0.18285714285714286,0.05452142857142856,0.17786428571428572,0.054528571428571426,0.12333571428571428,0.08429285714285714,0.07905714285714287,1.0685714285714287,0.038571428571428576,0.10857142857142857,35.63857142857143,0.09142857142857143,0.21808571428571427,41.97571428571429,0.05452142857142856,0.08095,67.16714285714286,0.0042785714285714285,0.03238571428571429,0.4185714285714286,0.008814285714285715,0.10357857142857144,0.08571428571428572,0.07905714285714287,0.012135714285714288,0.35429285714285713,0.3350142857142857,0.10714285714285714,0.16429285714285716,0.06357857142857144,0.16857142857142857,0.05072142857142857,0.11785,0.06215714285714286,0.06927857142857144,0.8999999999999998,0.03572857142857143,0.11713571428571427,30.292857142857144,0.08213571428571428,0.17714285714285713,46.307142857142864,0.06357857142857144,0.09784999999999999,64.22857142857143,0.005707142857142858,0.027142857142857146,0.3885714285714286,0.007142857142857143,0.10855714285714282,0.07285714285714286,0.06927857142857144,0.010714285714285716,0.31999999999999995
80,104,2020-12-11,5,1,2020-2021,BRB/Brasília,São Paulo,0,0.395,0.16,0.13665,0.09835,0.19165,0.07165,0.12,0.06665,0.08835,0.75,0.05335,0.17665,30.19,0.06835,0.14835,46.07,0.09835,0.13165,74.68,0.0066500000000000005,0.03,0.34,0.01165,0.09664999999999997,0.12,0.08835,0.02165,0.36999999999999994,0.4847714285714286,0.19571428571428567,0.21524285714285715,0.07380714285714286,0.18857142857142858,0.045471428571428565,0.1431,0.09357142857142857,0.05047142857142857,1.8771428571428574,0.06524285714285713,0.15475714285714284,42.037142857142854,0.10761428571428573,0.18452142857142853,58.70857142857142,0.07380714285714286,0.09522857142857143,77.83428571428571,0.017857142857142856,0.04308571428571428,0.8614285714285715,0.016185714285714286,0.08262142857142858,0.1971428571428572,0.05047142857142857,0.007628571428571428,0.5878500000000001
73,90,2020-12-12,5,1,2020-2021,Bauru Basket,Flamengo,0,0.4123785714285714,0.13999999999999999,0.20047142857142858,0.07189285714285713,0.18046428571428572,0.05167857142857142,0.1288214285714286,0.08713571428571427,0.05882142857142858,1.522857142857143,0.04667857142857142,0.12475714285714286,37.26857142857143,0.10024285714285716,0.18785000000000002,53.27571428571428,0.07189285714285713,0.09262142857142859,77.62714285714286,0.007378571428571429,0.047864285714285706,0.817142857142857,0.004285714285714286,0.10475714285714285,0.041428571428571426,0.05882142857142858,0.012142857142857144,0.48690000000000005,0.4531444444444445,0.20500000000000002,0.17148333333333332,0.0766611111111111,0.22944444444444445,0.06555555555555556,0.16388888888888886,0.10500555555555556,0.061849999999999995,1.7033333333333331,0.0683388888888889,0.18944444444444444,35.9388888888889,0.08573888888888888,0.15592777777777778,55.11555555555555,0.0766611111111111,0.09963333333333334,77.38111111111112,0.005361111111111112,0.036116666666666665,0.5866666666666666,0.01092777777777778,0.07630555555555557,0.14333333333333337,0.061849999999999995,0.009077777777777777,0.5585166666666667
75,68,2020-12-12,5,1,2020-2021,Paulistano,Pato Basquete,1,0.36929285714285714,0.12928571428571428,0.18237857142857145,0.05760714285714284,0.20286428571428572,0.060235714285714295,0.14260714285714288,0.08357857142857142,0.06118571428571429,1.412857142857143,0.04310714285714286,0.13,33.010000000000005,0.09119285714285714,0.1935785714285714,47.230000000000004,0.05760714285714284,0.07118571428571428,80.89142857142858,0.008571428571428572,0.03403571428571429,0.58,0.00952857142857143,0.08903571428571429,0.11285714285714286,0.06118571428571429,0.01,0.4352357142857142,0.35833333333333334,0.09333333333333334,0.19444444444444442,0.07055555555555555,0.18370555555555557,0.06129999999999999,0.12241666666666665,0.06647222222222221,0.06369444444444444,1.0444444444444445,0.031116666666666667,0.1111111111111111,27.646666666666672,0.09722222222222221,0.21889444444444445,43.87444444444444,0.07055555555555555,0.1022222222222222,68.67444444444445,0.004255555555555557,0.03759444444444445,0.6044444444444443,0.009261111111111112,0.10796666666666668,0.09444444444444446,0.06369444444444444,0.013338888888888891,0.3583333333333333
90,93,2020-12-13,5,1,2020-2021,Sesi Franca,BRB/Brasília,0,0.4265625,0.135,0.20187500000000003,0.08968749999999999,0.20281874999999996,0.05531875,0.1475,0.10124375,0.06906875000000001,1.4825,0.045000000000000005,0.12375625000000001,36.0675,0.10093750000000001,0.19749375,51.21,0.08968749999999999,0.1075,83.44500000000001,0.009681250000000002,0.028443749999999997,0.4225,0.013431249999999999,0.09500625,0.14625,0.06906875000000001,0.0065562500000000004,0.51030625,0.40437500000000004,0.16875,0.1449875,0.09063750000000001,0.19248749999999998,0.0649875,0.1275,0.07498750000000001,0.0831375,0.9325,0.0562625,0.1781125,31.5475,0.0725125,0.15876250000000003,45.737500000000004,0.09063750000000001,0.12061249999999998,75.295,0.004987500000000001,0.03125,0.385,0.0106125,0.09373749999999999,0.11249999999999999,0.0831375,0.0162375,0.39249999999999996
80,77,2020-12-13,5,1,2020-2021,Pinheiros,Cerrado,1,0.3597875,0.121875,0.18125,0.05666249999999999,0.18000625,0.055418749999999996,0.12458749999999999,0.08438124999999999,0.07834375000000002,1.08,0.040625,0.1125,36.095,0.090625,0.21415625,42.42125000000001,0.05666249999999999,0.0835375,67.5825,0.0037437499999999997,0.032918750000000004,0.42875,0.00916875,0.10375625000000001,0.08875,0.07834375000000002,0.012493750000000001,0.36563124999999996,0.3625,0.11625,0.17874375,0.0674875,0.17998749999999997,0.055,0.12500624999999999,0.07000624999999999,0.06375625,1.1212499999999999,0.038756250000000006,0.12625625,30.702500000000004,0.08938125,0.1825,48.9725,0.0674875,0.09062500000000001,74.75875,0.00499375,0.0325,0.52,0.009381249999999999,0.10063750000000002,0.095,0.06375625,0.009362500000000001,0.38688125
89,109,2020-12-13,5,1,2020-2021,Caxias do Sul Basquete,São Paulo,0,0.34345,0.1096875,0.16875625,0.06500625,0.165625,0.049693749999999995,0.11593125,0.06407500000000001,0.07030625,0.9124999999999999,0.036574999999999996,0.11686875,31.126250000000002,0.08436874999999999,0.178125,47.275000000000006,0.06500625,0.09811874999999999,65.57499999999999,0.005306250000000001,0.028125000000000004,0.39625000000000005,0.0065625,0.10967499999999997,0.06625,0.07030625,0.010625,0.33031249999999995,0.48521875000000003,0.19249999999999995,0.21916875000000002,0.0735375,0.18812500000000001,0.043956249999999995,0.14416875,0.09625,0.04958125,1.9737500000000003,0.06416875,0.15458125,41.402499999999996,0.10958125000000002,0.18541249999999998,59.41374999999999,0.0735375,0.09353125,79.075,0.01875,0.043531249999999994,0.8887500000000002,0.01520625,0.08208750000000001,0.18625000000000005,0.04958125,0.008343749999999999,0.59249375
85,88,2020-12-14,6,1,2020-2021,Fortaleza B. C. / CFO,Mogi,0,0.365,0.110625,0.18999375,0.06438125,0.1893625,0.0487625,0.1406375,0.07311875000000001,0.064375,1.1337499999999998,0.036881250000000004,0.11875000000000002,31.178749999999994,0.09500625000000001,0.19999375,47.445,0.06438125,0.0925,68.9225,0.0068812499999999985,0.031875,0.495,0.0174875,0.10749375000000001,0.16249999999999998,0.064375,0.013762499999999999,0.39749375,0.4071428571428571,0.16285714285714284,0.18000000000000002,0.0642857142857143,0.17785714285714288,0.045,0.13285714285714287,0.10142857142857142,0.07214285714285715,1.6528571428571428,0.05428571428571428,0.14214285714285715,38.38857142857143,0.09000000000000001,0.1742857142857143,51.527142857142856,0.0642857142857143,0.08714285714285716,77.05571428571429,0.0064285714285714285,0.03357142857142857,0.5157142857142858,0.01,0.10857142857142855,0.09285714285714285,0.07214285714285715,0.010714285714285714,0.46285714285714274
84,81,2020-12-15,6,1,2020-2021,Sesi Franca,Caxias do Sul Basquete,1,0.4305555555555556,0.14,0.20333333333333337,0.08722222222222221,0.20722777777777773,0.05556111111111111,0.15166666666666667,0.10610555555555555,0.07000555555555557,1.5255555555555556,0.04666666666666667,0.1283388888888889,36.1,0.10166666666666668,0.1977722222222222,51.492222222222225,0.08722222222222221,0.10444444444444444,83.5488888888889,0.009438888888888892,0.03056111111111111,0.4433333333333333,0.013883333333333333,0.09611666666666667,0.14888888888888888,0.07000555555555557,0.006661111111111112,0.5233277777777777,0.35001111111111105,0.11166666666666665,0.17222777777777776,0.06611666666666666,0.16333333333333333,0.048894444444444435,0.11443888888888888,0.06556666666666668,0.07110555555555556,0.922222222222222,0.03723333333333333,0.1166611111111111,31.77444444444445,0.08610555555555555,0.1788888888888889,48.027777777777786,0.06611666666666666,0.09832777777777776,66.6222222222222,0.0049944444444444454,0.02888888888888889,0.40222222222222226,0.006111111111111111,0.1105444444444444,0.061111111111111116,0.07110555555555556,0.010555555555555556,0.33833333333333326
75,88,2020-12-15,6,1,2020-2021,VipTech CMB,Bauru Basket,0,0.35000625,0.15000000000000002,0.15250625,0.0475,0.18936874999999997,0.056881249999999994,0.13250625,0.08000000000000002,0.07375625,1.1225,0.05000625,0.15186875,33.401250000000005,0.07624375,0.168125,45.185,0.0475,0.07750625,61.87750000000001,0.0037500000000000003,0.02311875,0.325,0.009993750000000003,0.10188124999999999,0.1,0.07375625,0.012499999999999999,0.355,0.409375,0.140625,0.19874375,0.0699875,0.1774875,0.050012499999999994,0.1275125,0.08686874999999998,0.05876250000000001,1.5150000000000001,0.0468875,0.12624375,37.03125,0.09938125000000002,0.18499375,53.68749999999999,0.0699875,0.09062500000000001,77.1625,0.0075,0.04750624999999999,0.8112499999999998,0.004375,0.10311875,0.042499999999999996,0.05876250000000001,0.0125,0.4812437500000001
91,83,2020-12-15,6,1,2020-2021,São Paulo,Cerrado,1,0.48556666666666665,0.18999999999999995,0.2222222222222222,0.07332777777777778,0.1877777777777778,0.042777777777777776,0.14500000000000002,0.09833333333333333,0.04888888888888889,2.048888888888889,0.06333333333333332,0.15444444444444447,40.90888888888888,0.11111111111111113,0.18610555555555555,59.962222222222216,0.07332777777777778,0.0922111111111111,80.04,0.019444444444444445,0.043877777777777766,0.9100000000000001,0.014444444444444446,0.08167222222222223,0.17777777777777784,0.04888888888888889,0.008899999999999998,0.5961055555555556,0.365,0.12166666666666666,0.17554999999999998,0.06776666666666668,0.18387777777777775,0.05444444444444444,0.12944999999999998,0.0716722222222222,0.06389444444444445,1.1422222222222222,0.04056111111111112,0.1283388888888889,31.505555555555556,0.08778333333333332,0.1811111111111111,48.43333333333333,0.06776666666666668,0.09277777777777779,73.52333333333334,0.004994444444444444,0.03222222222222223,0.5133333333333333,0.010005555555555554,0.10001111111111112,0.10222222222222223,0.06389444444444445,0.009433333333333334,0.3927833333333333
74,80,2020-12-16,6,1,2020-2021,Mogi,Minas,0,0.406875,0.1640625,0.17687500000000003,0.06593750000000001,0.1771875,0.045,0.1321875,0.1025,0.0728125,1.62375,0.05468749999999999,0.1415625,38.8175,0.08843750000000002,0.173125,50.957499999999996,0.06593750000000001,0.08781250000000002,77.89625,0.0062499999999999995,0.0334375,0.50375,0.01,0.10781249999999999,0.09374999999999999,0.0728125,0.0115625,0.4637499999999999,0.45000625,0.15,0.21625,0.0837375,0.20312500000000003,0.05436875,0.14875625,0.10436875000000001,0.07186250000000001,1.455,0.049999999999999996,0.1300125,38.74375,0.108125,0.19499999999999998,55.4675,0.0837375,0.10812499999999997,75.38625,0.007493749999999999,0.038125,0.52875,0.012493749999999998,0.1106375,0.115,0.07186250000000001,0.014993749999999998,0.5449999999999999
103,101,2020-12-17,6,1,2020-2021,Paulistano,VipTech CMB,1,0.36750625,0.13125,0.18,0.05623749999999998,0.20125625,0.06187500000000001,0.1393625,0.08250624999999999,0.06311875,1.3587500000000001,0.0437625,0.13125,33.198750000000004,0.09,0.19438124999999998,46.43,0.05623749999999998,0.06999375000000001,80.24000000000001,0.00875,0.0331125,0.5512499999999999,0.008756250000000002,0.0893625,0.10375000000000001,0.06311875,0.01,0.42437499999999995,0.3614888888888889,0.15222222222222223,0.15926666666666667,0.05,0.19054999999999997,0.05796666666666666,0.1326,0.08333333333333334,0.07148888888888888,1.2266666666666668,0.050744444444444446,0.15110555555555555,34.032222222222224,0.07962222222222222,0.17315,45.72,0.05,0.07944999999999999,63.1888888888889,0.003888888888888889,0.02351111111111111,0.34444444444444444,0.009811111111111112,0.10148888888888889,0.09777777777777778,0.07148888888888888,0.012222222222222221,0.3738888888888889
74,103,2020-12-18,6,1,2020-2021,BRB/Brasília,Flamengo,0,0.41000000000000003,0.17400000000000002,0.14999,0.08601,0.19299,0.06099,0.132,0.07999,0.08001,1.042,0.058010000000000006,0.17899,32.362,0.07501,0.16501000000000002,45.538000000000004,0.08601,0.11399,75.664,0.0039900000000000005,0.032,0.41200000000000003,0.00999,0.09198999999999999,0.10799999999999998,0.08001,0.012989999999999998,0.40599999999999997,0.4514950000000001,0.20700000000000002,0.16899999999999998,0.07549499999999998,0.22599999999999998,0.06400000000000002,0.16199999999999998,0.10400500000000001,0.0615,1.6959999999999997,0.069005,0.1895,36.29200000000001,0.08449999999999999,0.15399999999999997,54.96999999999999,0.07549499999999998,0.09750500000000001,77.941,0.00499,0.034505,0.5619999999999999,0.010500000000000002,0.07651000000000001,0.13800000000000004,0.0615,0.009505,0.553
92,85,2020-12-19,6,1,2020-2021,UNIFACISA,Sesi Franca,1,0.42499000000000003,0.1395,0.227,0.058504999999999995,0.194495,0.05749,0.137005,0.08349999999999999,0.062,1.353,0.04649,0.1295,35.806999999999995,0.11349999999999998,0.215,52.909000000000006,0.058504999999999995,0.079505,73.41900000000001,0.005,0.036995000000000014,0.601,0.008509999999999998,0.10400499999999999,0.08199999999999999,0.062,0.008504999999999999,0.48099499999999995,0.42975,0.14175,0.20050000000000004,0.0875,0.20200499999999993,0.055005000000000005,0.147,0.105745,0.06850500000000001,1.559,0.04725,0.12950500000000004,36.24,0.10025000000000002,0.19499499999999997,51.489999999999995,0.0875,0.10625,82.54100000000001,0.009495000000000002,0.030504999999999994,0.454,0.013744999999999999,0.09725500000000001,0.146,0.06850500000000001,0.006745000000000001,0.5174949999999999
96,92,2020-12-19,6,1,2020-2021,Minas,São Paulo,1,0.44889444444444443,0.15,0.21444444444444444,0.08443333333333333,0.20138888888888892,0.05582777777777778,0.1455611111111111,0.10360555555555556,0.06971111111111111,1.5,0.049999999999999996,0.13084444444444443,38.47888888888889,0.10722222222222222,0.1947222222222222,55.07666666666667,0.08443333333333333,0.10861111111111109,75.89888888888889,0.008049999999999998,0.03722222222222222,0.5333333333333334,0.011938888888888888,0.1102888888888889,0.11,0.06971111111111111,0.014438888888888887,0.5408333333333333,0.48276,0.18899999999999995,0.219,0.074745,0.18550000000000003,0.043,0.14250000000000002,0.09575,0.0495,1.9760000000000002,0.06299999999999999,0.15150000000000002,41.617999999999995,0.10950000000000001,0.184495,59.553999999999995,0.074745,0.09274,81.01,0.01875,0.04198999999999999,0.8640000000000001,0.014000000000000002,0.08275500000000001,0.17100000000000007,0.0495,0.00926,0.588995
79,62,2020-12-19,6,1,2020-2021,Fortaleza B. C. / CFO,Pinheiros,1,0.37,0.10833333333333334,0.1966611111111111,0.06500555555555557,0.18665555555555555,0.046955555555555556,0.13973333333333335,0.07499444444444445,0.06527777777777778,1.1455555555555554,0.03611666666666667,0.11833333333333335,30.613333333333326,0.0983388888888889,0.20138333333333333,48.708888888888886,0.06500555555555557,0.09222222222222222,69.90666666666667,0.006672222222222221,0.036111111111111115,0.5477777777777777,0.017488888888888887,0.10638333333333334,0.16444444444444442,0.06527777777777778,0.013622222222222221,0.4074944444444444,0.3649944444444444,0.12666666666666665,0.18,0.05832777777777777,0.18167222222222223,0.05611111111111111,0.12556111111111112,0.08444999999999998,0.07778888888888891,1.088888888888889,0.042222222222222223,0.11555555555555556,36.45,0.09,0.21109999999999998,42.76777777777779,0.05832777777777777,0.08555,67.90555555555555,0.0033277777777777776,0.03333333333333334,0.4366666666666667,0.009444444444444443,0.10389444444444446,0.0911111111111111,0.07778888888888891,0.012772222222222223,0.37444999999999995
98,104,2020-12-20,6,1,2020-2021,BRB/Brasília,Pato Basquete,0,0.4133333333333334,0.17750000000000002,0.15415833333333331,0.08167500000000001,0.19499166666666667,0.061241666666666666,0.13375,0.083325,0.08250833333333334,1.0433333333333332,0.059175000000000005,0.17874166666666666,33.071666666666665,0.07709166666666667,0.16709166666666667,46.165,0.08167500000000001,0.11124166666666667,73.31,0.0033250000000000003,0.03208333333333333,0.39999999999999997,0.009991666666666668,0.094575,0.10499999999999998,0.08250833333333334,0.012491666666666665,0.4120833333333333,0.36,0.096,0.19399999999999998,0.06999999999999999,0.18450000000000003,0.061005,0.12350999999999998,0.06799,0.06548999999999999,1.04,0.032005,0.11099999999999999,28.518000000000008,0.09699999999999999,0.217505,44.121,0.06999999999999999,0.10099999999999998,69.02900000000001,0.004495000000000001,0.038000000000000006,0.595,0.0105,0.10600500000000002,0.11000000000000001,0.06548999999999999,0.014005,0.36499999999999994
67,87,2020-12-20,6,1,2020-2021,Cerrado,Flamengo,0,0.366,0.123,0.177995,0.06499000000000002,0.18198999999999999,0.05425,0.127755,0.07200499999999999,0.062505,1.178,0.041005,0.12625499999999998,32.541000000000004,0.08900499999999999,0.1835,48.467999999999996,0.06499000000000002,0.09125000000000001,71.33200000000001,0.0049949999999999994,0.030750000000000006,0.497,0.009505,0.09926000000000001,0.097,0.062505,0.00999,0.39175499999999996,0.4536318181818182,0.20659090909090913,0.17363636363636362,0.07340454545454543,0.2240909090909091,0.06340909090909091,0.16068181818181818,0.1061409090909091,0.06090909090909091,1.7527272727272725,0.06886818181818181,0.19045454545454546,36.0609090909091,0.08681818181818181,0.15409090909090908,56.42454545454545,0.07340454545454543,0.09523181818181818,77.43818181818182,0.005218181818181818,0.03545909090909091,0.5854545454545454,0.010000000000000002,0.07660000000000002,0.13090909090909095,0.06090909090909091,0.010231818181818182,0.5577272727272727
76,96,2020-12-20,6,1,2020-2021,Caxias do Sul Basquete,VipTech CMB,0,0.35425999999999996,0.10799999999999998,0.17950499999999997,0.066755,0.16399999999999998,0.04875499999999999,0.115245,0.06626000000000001,0.071745,0.9239999999999998,0.03601,0.11674499999999999,30.725,0.08974499999999999,0.17875000000000002,50.126000000000005,0.066755,0.098245,67.39599999999999,0.005495000000000002,0.028750000000000005,0.3970000000000001,0.00625,0.11098999999999996,0.06200000000000001,0.071745,0.0115,0.3464999999999999,0.370675,0.154,0.164675,0.052000000000000005,0.19149499999999997,0.05883499999999999,0.13267500000000002,0.08600000000000001,0.069675,1.31,0.051335,0.150495,34.537,0.08232500000000001,0.17717,46.148,0.052000000000000005,0.081005,64.23800000000001,0.004,0.023825000000000002,0.36,0.009665000000000002,0.10117499999999999,0.096,0.069675,0.011999999999999999,0.38899999999999996
76,84,2020-12-21,7,1,2020-2021,Pinheiros,Minas,0,0.359495,0.12449999999999999,0.177,0.057995,0.187005,0.057999999999999996,0.12900499999999998,0.08450499999999998,0.08251000000000001,1.048,0.0415,0.11800000000000002,35.305,0.0885,0.20848999999999998,42.54500000000001,0.057995,0.087495,66.353,0.002995,0.034,0.425,0.010499999999999999,0.102505,0.10400000000000001,0.08251000000000001,0.012495000000000001,0.3670049999999999,0.44800500000000004,0.14999999999999997,0.213,0.08499,0.2,0.056995000000000004,0.143005,0.10299500000000002,0.06799000000000001,1.536,0.049999999999999996,0.13151,38.267,0.1065,0.19449999999999998,54.763999999999996,0.08499,0.10899999999999999,76.309,0.008494999999999999,0.0365,0.5370000000000001,0.011495,0.11001000000000001,0.10600000000000001,0.06799000000000001,0.013994999999999999,0.5375
98,81,2020-12-21,7,1,2020-2021,Sesi Franca,Fortaleza B. C. / CFO,1,0.42909090909090913,0.1431818181818182,0.1981818181818182,0.08772727272727271,0.19773181818181812,0.05455000000000001,0.1431818181818182,0.10545,0.06727727272727274,1.5863636363636362,0.04772727272727273,0.13045909090909094,36.35454545454546,0.0990909090909091,0.19272272727272724,51.48818181818182,0.08772727272727271,0.10772727272727273,81.71636363636365,0.009540909090909093,0.030459090909090904,0.4627272727272727,0.013631818181818182,0.09818636363636363,0.14363636363636365,0.06727727272727274,0.0068136363636363655,0.5127227272727272,0.374,0.1065,0.20199499999999998,0.06550500000000001,0.18449,0.045509999999999995,0.13901000000000002,0.07649500000000001,0.066,1.1549999999999998,0.03550500000000001,0.11800000000000002,30.16099999999999,0.10100500000000001,0.202495,49.72,0.06550500000000001,0.092,70.69399999999999,0.006504999999999999,0.0395,0.59,0.01749,0.105495,0.16599999999999998,0.066,0.01351,0.41549499999999995
77,65,2020-12-21,7,1,2020-2021,São Paulo,UNIFACISA,1,0.48046363636363637,0.18818181818181812,0.21636363636363634,0.07590454545454546,0.18363636363636363,0.043181818181818175,0.1404545454545455,0.09363636363636364,0.05,1.9163636363636365,0.06272727272727273,0.1490909090909091,42.198181818181816,0.1081818181818182,0.18317727272727272,59.22,0.07590454545454546,0.09317272727272727,81.80363636363637,0.018181818181818184,0.04044545454545454,0.8263636363636363,0.01363636363636364,0.0836409090909091,0.16545454545454552,0.05,0.009554545454545453,0.5831772727272728,0.4281727272727273,0.1431818181818182,0.22272727272727275,0.06227727272727272,0.19545,0.05771818181818182,0.13773181818181818,0.08318181818181818,0.06272727272727273,1.3336363636363637,0.04771818181818181,0.13272727272727272,35.85727272727272,0.11136363636363635,0.21045454545454545,53.058181818181815,0.06227727272727272,0.0836409090909091,74.01727272727273,0.004545454545454546,0.037268181818181825,0.5981818181818181,0.008190909090909089,0.10409545454545453,0.07909090909090909,0.06272727272727273,0.00955,0.4840863636363636
79,68,2020-12-22,7,1,2020-2021,Pato Basquete,Cerrado,1,0.37454545454545457,0.09818181818181819,0.20272727272727267,0.07363636363636362,0.1890909090909091,0.06182272727272728,0.12728181818181816,0.0718090909090909,0.0668090909090909,1.070909090909091,0.03273181818181818,0.11499999999999999,28.271818181818187,0.10136363636363634,0.2186409090909091,45.84090909090909,0.07363636363636362,0.10727272727272724,68.63636363636364,0.004540909090909092,0.04000000000000001,0.609090909090909,0.01090909090909091,0.10909545454545455,0.11000000000000001,0.0668090909090909,0.013640909090909092,0.3863636363636363,0.3668181818181818,0.12409090909090909,0.17999545454545454,0.06271818181818184,0.18044545454545455,0.054090909090909085,0.12636818181818182,0.0722772727272727,0.06136818181818183,1.2072727272727273,0.04136818181818182,0.12454999999999998,33.38818181818182,0.09000454545454545,0.18545454545454546,48.49636363636363,0.06271818181818184,0.09000000000000001,69.53909090909092,0.004995454545454545,0.029545454545454552,0.4836363636363636,0.009095454545454545,0.09864545454545456,0.09272727272727273,0.06136818181818183,0.010445454545454546,0.39091363636363635
94,78,2020-12-22,7,1,2020-2021,VipTech CMB,BRB/Brasília,1,0.3781909090909091,0.15545454545454546,0.1691,0.05363636363636364,0.1922681818181818,0.05954545454545454,0.13273636363636365,0.0881818181818182,0.0681909090909091,1.3781818181818184,0.05181818181818181,0.14999545454545454,34.949999999999996,0.08453636363636365,0.18045909090909087,46.49818181818182,0.05363636363636364,0.08227727272727271,65.09636363636365,0.00409090909090909,0.024081818181818183,0.3727272727272727,0.009545454545454546,0.10091818181818181,0.09454545454545454,0.0681909090909091,0.011818181818181816,0.40136363636363637,0.4157142857142858,0.18000000000000002,0.1571357142857143,0.07857857142857143,0.19642142857142858,0.06142142857142857,0.13499999999999998,0.08570714285714286,0.08429285714285714,1.0442857142857143,0.06000714285714286,0.1785642857142857,33.57857142857143,0.07857857142857143,0.16857857142857144,46.612857142857145,0.07857857142857143,0.10927857142857143,71.62857142857143,0.0028500000000000005,0.03214285714285715,0.3914285714285714,0.009992857142857142,0.09642142857142857,0.10285714285714284,0.08429285714285714,0.012135714285714283,0.41642857142857137
80,76,2020-12-22,7,1,2020-2021,Flamengo,Caxias do Sul Basquete,1,0.4554125,0.20625000000000004,0.1775,0.07166249999999998,0.2225,0.06291666666666668,0.15958333333333333,0.10792083333333334,0.060416666666666674,1.7999999999999998,0.06875416666666666,0.19125000000000003,35.86833333333334,0.08875,0.15416666666666665,57.63666666666666,0.07166249999999998,0.0933375,77.01916666666666,0.005408333333333334,0.036254166666666664,0.605,0.009583333333333336,0.07667500000000001,0.12500000000000003,0.060416666666666674,0.0108375,0.5616666666666666,0.35773636363636363,0.10499999999999998,0.1854590909090909,0.06727727272727273,0.16454545454545452,0.04864090909090908,0.11590454545454545,0.06682727272727274,0.07226818181818183,0.9254545454545453,0.035009090909090906,0.11681363636363634,29.866363636363634,0.09272272727272726,0.17863636363636365,51.84272727272728,0.06727727272727273,0.09817727272727272,68.0290909090909,0.005904545454545455,0.02863636363636364,0.39272727272727276,0.006363636363636364,0.11135454545454543,0.06272727272727274,0.07226818181818183,0.012272727272727274,0.3531818181818181
72,84,2020-12-23,7,1,2020-2021,UNIFACISA,Pinheiros,0,0.42103333333333337,0.13999999999999999,0.21875,0.06229583333333333,0.19249583333333334,0.05645,0.13604583333333334,0.08291666666666665,0.06333333333333334,1.3175000000000001,0.04665833333333333,0.13333333333333333,34.95249999999999,0.10937499999999999,0.2075,52.803333333333335,0.06229583333333333,0.08292083333333333,74.79333333333334,0.004375,0.03728750000000001,0.5933333333333334,0.007716666666666666,0.1039625,0.07416666666666667,0.06333333333333334,0.009379166666666666,0.47270416666666665,0.3631772727272727,0.12545454545454546,0.17727272727272725,0.06045,0.18636818181818182,0.057272727272727274,0.12909545454545454,0.08454999999999999,0.08114545454545456,1.0672727272727274,0.04181818181818182,0.11840909090909092,35.43454545454546,0.08863636363636362,0.20726363636363632,42.87272727272728,0.06045,0.08954090909090909,67.34545454545454,0.00295,0.034772727272727275,0.4436363636363636,0.010454545454545454,0.10227727272727273,0.10363636363636365,0.08114545454545456,0.012268181818181819,0.37386818181818177
89,82,2020-12-23,7,1,2020-2021,Minas,Sesi Franca,1,0.4465954545454546,0.15409090909090908,0.20636363636363636,0.08612727272727273,0.1993181818181818,0.05635909090909092,0.14295909090909092,0.10204090909090911,0.06930909090909092,1.4981818181818183,0.05136363636363636,0.13205454545454545,39.085454545454546,0.10318181818181818,0.1909090909090909,53.89090909090908,0.08612727272727273,0.1084090909090909,78.0190909090909,0.007949999999999999,0.03613636363636363,0.5236363636363637,0.011586363636363638,0.10910000000000002,0.10818181818181817,0.06930909090909092,0.014086363636363635,0.5356818181818181,0.4308333333333334,0.149375,0.19666666666666668,0.08479166666666665,0.1929208333333333,0.05167083333333334,0.14125,0.10478749999999999,0.06708750000000002,1.5791666666666666,0.04979166666666667,0.1337541666666667,36.87916666666667,0.09833333333333334,0.18770416666666664,52.857499999999995,0.08479166666666665,0.10416666666666667,81.6375,0.009162500000000002,0.030004166666666665,0.4558333333333333,0.013329166666666668,0.09750416666666667,0.14083333333333334,0.06708750000000002,0.0068708333333333356,0.5120791666666665
92,85,2020-12-23,7,1,2020-2021,Fortaleza B. C. / CFO,São Paulo,1,0.37931818181818183,0.11249999999999999,0.20090454545454542,0.06591363636363638,0.18294545454545455,0.04478181818181817,0.13819090909090911,0.07567727272727273,0.06477272727272727,1.1672727272727272,0.037504545454545464,0.11954545454545457,31.290909090909086,0.10045909090909091,0.20067727272727273,49.93181818181818,0.06591363636363638,0.09181818181818181,71.33818181818181,0.007049999999999998,0.03977272727272727,0.6099999999999999,0.016581818181818184,0.10295,0.15999999999999998,0.06477272727272727,0.013190909090909092,0.4213590909090909,0.474175,0.18624999999999994,0.21166666666666667,0.07624583333333333,0.18395833333333333,0.04333333333333333,0.14062500000000003,0.093125,0.05083333333333334,1.8783333333333336,0.06208333333333333,0.14916666666666667,41.7375,0.10583333333333335,0.1806208333333333,58.656666666666666,0.07624583333333333,0.09311666666666667,82.19416666666667,0.017083333333333336,0.03999166666666667,0.8058333333333333,0.013750000000000004,0.08354583333333333,0.16666666666666674,0.05083333333333334,0.009591666666666665,0.5754125000000001
87,56,2020-12-28,7,1,2020-2021,Flamengo,Mogi,1,0.4524961538461539,0.20250000000000007,0.1776923076923077,0.07230384615384614,0.22192307692307692,0.0626923076923077,0.15923076923076923,0.10711923076923077,0.058846153846153854,1.8492307692307692,0.06750384615384615,0.1876923076923077,35.89461538461539,0.08884615384615385,0.15576923076923077,57.15923076923077,0.07230384615384614,0.09500384615384615,76.44615384615385,0.005376923076923077,0.035003846153846156,0.5969230769230769,0.009423076923076925,0.07770000000000002,0.12153846153846158,0.058846153846153854,0.010196153846153846,0.5573076923076923,0.4066666666666667,0.16499999999999998,0.17444444444444449,0.06722222222222224,0.17666666666666664,0.045,0.13166666666666668,0.10333333333333333,0.07333333333333333,1.6011111111111112,0.05499999999999999,0.1411111111111111,39.15111111111111,0.08722222222222224,0.17222222222222222,50.51444444444444,0.06722222222222224,0.08833333333333335,78.55,0.0061111111111111106,0.03333333333333334,0.49444444444444446,0.01,0.10722222222222222,0.09444444444444443,0.07333333333333333,0.012222222222222223,0.4644444444444443
87,85,2020-12-28,8,1,2020-2021,Paulistano,Sesi Franca,1,0.3838944444444444,0.14,0.18666666666666665,0.0572111111111111,0.2072277777777778,0.065,0.14221111111111112,0.08500555555555554,0.06166111111111112,1.4411111111111112,0.04667777777777778,0.14,33.21333333333334,0.09333333333333332,0.19667222222222222,47.47222222222222,0.0572111111111111,0.07388333333333334,78.20222222222223,0.008888888888888889,0.03276666666666667,0.5566666666666665,0.010005555555555557,0.0911,0.11333333333333334,0.06166111111111112,0.010555555555555556,0.44388888888888883,0.4323076923076924,0.1546153846153846,0.19538461538461543,0.08230769230769229,0.18884999999999996,0.04923461538461539,0.1396153846153846,0.10422692307692306,0.06692692307692309,1.573076923076923,0.05153846153846154,0.1365423076923077,37.323076923076925,0.09769230769230772,0.18345769230769227,54.01615384615384,0.08230769230769229,0.10115384615384615,81.57076923076923,0.008842307692307694,0.02961923076923077,0.44999999999999996,0.013073076923076925,0.09692692307692309,0.13846153846153847,0.06692692307692309,0.006919230769230771,0.5115346153846153
79,68,2020-12-28,8,1,2020-2021,Bauru Basket,São Paulo,1,0.41277777777777774,0.145,0.19999444444444445,0.06776666666666667,0.1761,0.04834444444444444,0.1277888888888889,0.08666111111111109,0.057233333333333344,1.5566666666666669,0.04834444444444444,0.13055,36.95666666666667,0.10000555555555557,0.18221666666666667,55.014444444444436,0.06776666666666667,0.08833333333333335,76.52555555555556,0.007222222222222223,0.04611666666666666,0.8077777777777776,0.0044444444444444444,0.10221666666666666,0.04333333333333333,0.057233333333333344,0.012222222222222223,0.4838833333333334,0.4688538461538462,0.18461538461538457,0.2076923076923077,0.07653461538461538,0.18423076923076923,0.043461538461538454,0.1407692307692308,0.09269230769230768,0.05153846153846155,1.8461538461538465,0.06153846153846154,0.14923076923076922,41.347692307692306,0.10384615384615387,0.17845769230769226,58.18,0.07653461538461538,0.09306923076923077,82.52461538461537,0.016153846153846154,0.03960769230769231,0.7884615384615384,0.01384615384615385,0.08346538461538462,0.16769230769230778,0.05153846153846155,0.009623076923076922,0.5688423076923078
74,68,2020-12-29,8,1,2020-2021,Mogi,Pinheiros,1,0.394,0.15899999999999997,0.16900000000000004,0.06600000000000002,0.181,0.0495,0.1315,0.099,0.07050000000000001,1.574,0.05299999999999999,0.1395,38.036,0.08450000000000002,0.176,48.32,0.06600000000000002,0.08900000000000001,76.484,0.0055,0.03200000000000001,0.48900000000000005,0.010499999999999999,0.1055,0.10199999999999998,0.07050000000000001,0.012,0.44499999999999995,0.3662458333333333,0.12625,0.1775,0.06249583333333333,0.18583750000000002,0.05666666666666667,0.12917083333333332,0.08458749999999998,0.08000833333333335,1.0833333333333333,0.042083333333333334,0.11875000000000002,35.542500000000004,0.08875,0.20624166666666663,43.14583333333334,0.06249583333333333,0.09124583333333335,68.1725,0.0029125,0.035416666666666666,0.45916666666666667,0.010416666666666666,0.10208750000000001,0.10333333333333335,0.08000833333333335,0.012079166666666669,0.37958749999999997
83,69,2020-12-29,8,1,2020-2021,Corinthians,Flamengo,1,0.39187500000000003,0.16499999999999998,0.15625,0.070625,0.16562499999999997,0.041874999999999996,0.12375,0.084375,0.06875,1.2462499999999999,0.055,0.14875000000000002,36.768750000000004,0.078125,0.160625,48.845,0.070625,0.08687500000000001,81.10374999999999,0.00875,0.033125,0.49249999999999994,0.013125000000000001,0.09937499999999999,0.13124999999999998,0.06875,0.01125,0.426875,0.44999642857142863,0.19928571428571434,0.17785714285714288,0.0728535714285714,0.2214285714285714,0.06250000000000001,0.1589285714285714,0.10643214285714285,0.05750000000000001,1.8914285714285715,0.06643214285714286,0.18464285714285716,35.917142857142856,0.08892857142857144,0.1571428571428571,56.74999999999999,0.0728535714285714,0.09643214285714286,75.955,0.005350000000000001,0.03393214285714286,0.59,0.009285714285714288,0.07857857142857146,0.11857142857142862,0.05750000000000001,0.009646428571428571,0.5535714285714286
82,89,2020-12-30,8,1,2020-2021,Sesi Franca,Bauru Basket,0,0.4312500000000001,0.15107142857142855,0.19821428571428573,0.0819642857142857,0.18678928571428569,0.04750357142857144,0.1392857142857143,0.10356785714285713,0.0666107142857143,1.5692857142857142,0.050357142857142864,0.13339642857142858,37.36,0.09910714285714287,0.18571071428571423,54.061428571428564,0.0819642857142857,0.10089285714285713,81.42214285714286,0.008567857142857144,0.02911071428571429,0.44357142857142856,0.013210714285714286,0.09750357142857144,0.1385714285714286,0.0666107142857143,0.006960714285714288,0.5087464285714285,0.4135,0.1485,0.196495,0.06849,0.17699,0.04725999999999999,0.12976000000000001,0.08649499999999997,0.05851000000000002,1.5220000000000002,0.04951,0.134245,36.843,0.09825500000000001,0.17824500000000001,55.302,0.06849,0.08850000000000001,77.206,0.007000000000000001,0.045004999999999996,0.7769999999999999,0.005,0.101495,0.049999999999999996,0.05851000000000002,0.0125,0.48374500000000004
78,64,2020-12-30,8,1,2020-2021,São Paulo,Paulistano,1,0.46143571428571434,0.17892857142857138,0.20642857142857143,0.07606785714285715,0.18589285714285714,0.04446428571428571,0.14142857142857146,0.09107142857142857,0.05285714285714287,1.785714285714286,0.05964285714285715,0.14857142857142858,40.18,0.10321428571428573,0.1791035714285714,57.64357142857143,0.07606785714285715,0.09338571428571428,81.75785714285713,0.015535714285714288,0.03981428571428571,0.7757142857142857,0.014107142857142861,0.08232500000000001,0.17428571428571438,0.05285714285714287,0.010007142857142857,0.5573178571428572,0.383255,0.14475,0.183,0.05549,0.206005,0.06500000000000002,0.14099,0.08450499999999998,0.06274500000000001,1.407,0.048260000000000004,0.145,33.181,0.0915,0.19425499999999998,47.073,0.05549,0.072245,77.33900000000001,0.0085,0.033490000000000006,0.5559999999999998,0.009505000000000003,0.09074,0.10800000000000001,0.06274500000000001,0.01075,0.43775
92,86,2021-01-04,9,1,2020-2021,VipTech CMB,Mogi,1,0.38584166666666664,0.15625,0.1775083333333333,0.05208333333333334,0.19332916666666666,0.06083333333333332,0.13250833333333334,0.09000000000000001,0.06750833333333334,1.4158333333333335,0.052083333333333336,0.15082916666666665,34.902499999999996,0.08874166666666668,0.18375416666666666,47.73666666666667,0.05208333333333334,0.08042083333333333,64.53250000000001,0.005416666666666667,0.027075000000000002,0.425,0.00875,0.10042499999999999,0.08666666666666667,0.06750833333333334,0.011249999999999998,0.4154166666666667,0.39181818181818184,0.15409090909090908,0.17181818181818184,0.06590909090909092,0.18363636363636363,0.04818181818181819,0.13545454545454547,0.09772727272727272,0.07318181818181818,1.508181818181818,0.05136363636363636,0.1390909090909091,36.93545454545455,0.08590909090909092,0.17454545454545453,49.60909090909092,0.06590909090909092,0.08954545454545455,75.75090909090908,0.005909090909090908,0.03227272727272728,0.4763636363636364,0.011818181818181818,0.10272727272727272,0.12272727272727271,0.07318181818181818,0.012272727272727274,0.444090909090909
75,80,2021-01-04,9,1,2020-2021,Pato Basquete,Corinthians,0,0.37625000000000003,0.10375000000000001,0.19833333333333328,0.07416666666666666,0.1875,0.05958750000000001,0.12792499999999998,0.07082499999999999,0.065825,1.0725,0.0345875,0.11583333333333333,29.582500000000007,0.09916666666666664,0.21333749999999999,46.05333333333334,0.07416666666666666,0.10791666666666665,68.71416666666669,0.0041625,0.041666666666666664,0.6491666666666666,0.011250000000000001,0.10875416666666667,0.1125,0.065825,0.01375416666666667,0.3924999999999999,0.3944444444444445,0.15833333333333333,0.16777777777777778,0.06833333333333333,0.16666666666666663,0.03944444444444444,0.12722222222222224,0.085,0.06777777777777778,1.2744444444444443,0.05277777777777778,0.1444444444444445,36.21888888888889,0.08388888888888889,0.1688888888888889,49.56444444444444,0.06833333333333333,0.0838888888888889,81.35111111111111,0.008333333333333335,0.035555555555555556,0.5399999999999999,0.013333333333333334,0.10388888888888888,0.1288888888888889,0.06777777777777778,0.01,0.435
75,85,2021-01-05,9,1,2020-2021,Bauru Basket,Minas,0,0.41409090909090907,0.15136363636363634,0.19363181818181818,0.06908181818181817,0.17771818181818183,0.04637272727272726,0.13137272727272728,0.08635909090909089,0.05955454545454548,1.4936363636363639,0.050463636363636356,0.13726818181818182,36.75,0.09682272727272728,0.17499545454545457,55.53727272727272,0.06908181818181817,0.08863636363636364,77.76272727272728,0.00681818181818182,0.04409545454545454,0.7518181818181818,0.005454545454545455,0.10090454545454546,0.05545454545454545,0.05955454545454548,0.012727272727272728,0.4836318181818182,0.4454208333333334,0.1575,0.20083333333333334,0.087075,0.19874999999999998,0.05582916666666668,0.14292083333333336,0.10124583333333335,0.07040833333333334,1.4666666666666668,0.05249999999999999,0.1325083333333333,39.7675,0.10041666666666667,0.18791666666666662,53.16333333333333,0.087075,0.10791666666666666,79.44416666666667,0.007495833333333333,0.03583333333333333,0.5125000000000001,0.011662500000000001,0.10834166666666668,0.10999999999999999,0.07040833333333334,0.0141625,0.5341666666666667
78,73,2021-01-05,9,1,2020-2021,Paulistano,Fortaleza B. C. / CFO,1,0.3827318181818182,0.14863636363636365,0.17999999999999997,0.05408181818181818,0.20500454545454544,0.065,0.13999090909090908,0.08409545454545453,0.06363181818181819,1.3790909090909091,0.049554545454545455,0.14909090909090908,33.154545454545456,0.08999999999999998,0.19227727272727269,46.74636363636364,0.05408181818181818,0.07090454545454546,76.63272727272728,0.008181818181818182,0.034081818181818185,0.5554545454545453,0.009095454545454547,0.09044545454545455,0.10363636363636365,0.06363181818181819,0.010909090909090908,0.4327272727272727,0.38375000000000004,0.11749999999999998,0.1999958333333333,0.06625416666666668,0.18165833333333334,0.04417499999999999,0.13750833333333334,0.07499583333333333,0.06375,1.1775,0.03917083333333334,0.12083333333333335,32.232499999999995,0.10000416666666667,0.19916250000000002,50.10833333333333,0.06625416666666668,0.09166666666666667,71.87499999999999,0.007504166666666665,0.04,0.6266666666666666,0.015825000000000002,0.10082916666666665,0.155,0.06375,0.012925,0.4262458333333334
97,85,2021-01-06,9,1,2020-2021,Cerrado,BRB/Brasília,1,0.3645833333333333,0.1225,0.18082916666666668,0.06124166666666669,0.18124166666666666,0.05499999999999999,0.12625416666666667,0.07292083333333331,0.06292083333333334,1.19,0.0408375,0.12375416666666665,33.14166666666667,0.09042083333333333,0.18666666666666668,48.41333333333333,0.06124166666666669,0.08875000000000001,68.74416666666667,0.0054125,0.029166666666666674,0.46916666666666657,0.009170833333333333,0.10000833333333335,0.09250000000000001,0.06292083333333334,0.009575,0.3875041666666666,0.4125000000000001,0.18000000000000002,0.15749375,0.07500625000000001,0.19186875,0.05811875,0.13374999999999998,0.08499374999999999,0.08438124999999999,1.03125,0.060006250000000004,0.17561875,34.22,0.07875625,0.16438125,48.19375,0.07500625000000001,0.10624375,70.0275,0.0024937500000000003,0.031875,0.38625,0.00936875,0.09499375,0.09749999999999998,0.08438124999999999,0.011868749999999997,0.41374999999999995
78,63,2021-01-06,9,1,2020-2021,Mogi,Pato Basquete,1,0.3952083333333334,0.1525,0.17562500000000003,0.06708333333333334,0.18541666666666667,0.04854166666666667,0.136875,0.09781250000000001,0.07302083333333334,1.4983333333333333,0.050833333333333335,0.139375,36.48916666666667,0.08781250000000002,0.17614583333333333,50.1525,0.06708333333333334,0.09010416666666667,76.365,0.005624999999999999,0.03239583333333334,0.47583333333333333,0.012395833333333333,0.10281249999999999,0.12749999999999997,0.07302083333333334,0.012083333333333335,0.4503124999999999,0.3748730769230769,0.10307692307692308,0.1971807692307692,0.07461538461538461,0.18666538461538462,0.05923461538461539,0.1274423076923077,0.07101923076923077,0.06588846153846153,1.0746153846153847,0.03436153846153846,0.11487307692307692,29.664615384615388,0.09858846153846151,0.2135923076923077,45.76538461538462,0.07461538461538461,0.10858846153846151,68.70307692307694,0.0041,0.040896153846153846,0.6361538461538461,0.011026923076923077,0.10820769230769231,0.11000000000000001,0.06588846153846153,0.013592307692307693,0.3891038461538461
96,72,2021-01-06,9,1,2020-2021,Corinthians,VipTech CMB,1,0.39666500000000005,0.15599999999999997,0.171335,0.06933500000000001,0.17066499999999998,0.04016499999999999,0.1305,0.084165,0.06800000000000002,1.257,0.052000000000000005,0.14316500000000004,36.015,0.085665,0.168835,50.647999999999996,0.06933500000000001,0.0855,81.049,0.007835000000000002,0.033165,0.5029999999999999,0.013000000000000001,0.10383499999999998,0.126,0.06800000000000002,0.009665,0.439165,0.38565,0.15192307692307694,0.1823153846153846,0.05141153846153847,0.19358461538461538,0.06166538461538461,0.13193076923076924,0.08871923076923077,0.06590384615384616,1.4276923076923078,0.050642307692307695,0.1488423076923077,34.26923076923077,0.09114615384615386,0.1889769230769231,47.73230769230769,0.05141153846153847,0.08089999999999999,63.4146153846154,0.005511538461538462,0.027942307692307693,0.4553846153846154,0.008461538461538463,0.10039230769230768,0.08384615384615385,0.06590384615384616,0.011026923076923075,0.41295000000000004
71,60,2021-01-07,9,1,2020-2021,Fortaleza B. C. / CFO,Bauru Basket,1,0.381923076923077,0.11884615384615382,0.19922692307692305,0.06385000000000002,0.1844153846153846,0.045007692307692304,0.13943076923076925,0.07345769230769231,0.06307692307692309,1.1638461538461538,0.03961923076923078,0.1228846153846154,32.099999999999994,0.09961923076923077,0.1988423076923077,50.00153846153846,0.06385000000000002,0.08846153846153847,71.73076923076923,0.0073115384615384605,0.039038461538461536,0.6169230769230769,0.015953846153846155,0.09922692307692307,0.16,0.06307692307692309,0.013276923076923079,0.4246115384615385,0.4106958333333333,0.1475,0.19332916666666666,0.06985416666666666,0.1787416666666667,0.046395833333333324,0.13237083333333335,0.08569166666666665,0.05875833333333336,1.5000000000000002,0.049174999999999996,0.13694166666666666,35.875,0.09667083333333333,0.1772166666666667,54.835,0.06985416666666666,0.09000000000000001,77.49916666666668,0.006945833333333334,0.04375416666666667,0.7558333333333334,0.005833333333333334,0.1004125,0.06,0.05875833333333336,0.0123625,0.4774958333333334
70,63,2021-01-07,9,1,2020-2021,Minas,Paulistano,1,0.44096538461538465,0.1575,0.1980769230769231,0.08537692307692307,0.19884615384615384,0.054034615384615396,0.14481153846153846,0.10018846153846155,0.07037692307692309,1.4500000000000002,0.05249999999999999,0.1319307692307692,39.939230769230775,0.09903846153846155,0.18499999999999994,53.30461538461538,0.08537692307692307,0.10615384615384614,79.21538461538461,0.007111538461538461,0.03519230769230769,0.5030769230769231,0.011150000000000002,0.10770000000000003,0.10538461538461538,0.07037692307692309,0.013649999999999999,0.5298076923076923,0.37986666666666663,0.14791666666666667,0.17833333333333332,0.05360416666666667,0.205975,0.0648625,0.14110416666666667,0.08417083333333332,0.06346666666666667,1.3791666666666667,0.0493125,0.15097083333333333,32.656666666666666,0.08916666666666666,0.1890333333333333,47.19833333333333,0.05360416666666667,0.0704125,76.44333333333334,0.007779166666666668,0.03374166666666667,0.5499999999999999,0.009308333333333335,0.08902083333333333,0.10833333333333334,0.06346666666666667,0.0113875,0.43124999999999997
77,92,2021-01-08,9,1,2020-2021,Pato Basquete,Caxias do Sul Basquete,0,0.37369285714285716,0.10250000000000001,0.19619285714285709,0.07499999999999998,0.18595,0.05893214285714287,0.12702857142857144,0.07118571428571428,0.06594285714285714,1.0764285714285715,0.034167857142857146,0.11405,29.735000000000003,0.09809285714285712,0.21381071428571427,45.51857142857143,0.07499999999999998,0.10916428571428569,68.69357142857143,0.0040464285714285715,0.04023571428571428,0.625,0.010835714285714285,0.10773928571428572,0.10785714285714287,0.06594285714285714,0.01345357142857143,0.38619285714285706,0.3595916666666667,0.10874999999999997,0.1841708333333333,0.06667083333333333,0.16874999999999998,0.050420833333333324,0.11832916666666667,0.066675,0.0716625,0.9316666666666665,0.03625833333333333,0.12041249999999998,29.981666666666666,0.09207916666666666,0.17833333333333334,51.570000000000014,0.06667083333333333,0.09707916666666666,68.24249999999999,0.005412500000000001,0.028750000000000008,0.3983333333333334,0.006250000000000001,0.11249166666666664,0.06083333333333335,0.0716625,0.01375,0.35749999999999993
66,74,2021-01-08,9,1,2020-2021,VipTech CMB,Cerrado,0,0.38548571428571426,0.14821428571428572,0.1864357142857143,0.0508357142857143,0.19380357142857144,0.062378571428571415,0.1314357142857143,0.08762142857142859,0.06452857142857142,1.437857142857143,0.04940714285714286,0.1471392857142857,33.72642857142857,0.09320714285714289,0.19345357142857145,47.72857142857142,0.0508357142857143,0.08131071428571426,62.45642857142859,0.005592857142857143,0.028685714285714287,0.48142857142857143,0.008214285714285716,0.10036428571428571,0.08142857142857143,0.06452857142857142,0.010835714285714284,0.4108357142857143,0.36756538461538457,0.12115384615384615,0.18384230769230772,0.06255769230769233,0.18242692307692307,0.0552576923076923,0.1271846153846154,0.07423461538461537,0.06423461538461539,1.1853846153846155,0.04038846153846154,0.12218461538461536,33.197692307692314,0.09192692307692307,0.18833461538461538,48.75076923076922,0.06255769230769233,0.09064230769230772,68.77307692307693,0.005765384615384615,0.030642307692307698,0.4792307692307691,0.009234615384615385,0.10065,0.09230769230769233,0.06423461538461539,0.009992307692307693,0.3935923076923077
86,90,2021-01-08,9,1,2020-2021,BRB/Brasília,Mogi,0,0.4141666666666668,0.1741666666666667,0.16332777777777777,0.07667222222222222,0.18943888888888888,0.057772222222222225,0.13166666666666665,0.08610555555555555,0.08195,1.0855555555555556,0.05806111111111112,0.1702722222222222,34.121111111111105,0.08167222222222222,0.16945,48.394444444444446,0.07667222222222222,0.10721666666666667,70.94222222222223,0.0024944444444444445,0.032777777777777774,0.41444444444444445,0.008605555555555556,0.09666111111111111,0.08888888888888886,0.08195,0.011383333333333332,0.41861111111111104,0.3980769230769231,0.15115384615384614,0.17884615384615385,0.06807692307692308,0.18692307692307694,0.048846153846153845,0.1380769230769231,0.09788461538461538,0.0728846153846154,1.49,0.05038461538461539,0.13961538461538464,36.11153846153846,0.08942307692307692,0.17750000000000002,50.612307692307695,0.06807692307692308,0.09057692307692308,76.88461538461537,0.005384615384615384,0.03250000000000001,0.47538461538461535,0.012884615384615383,0.10288461538461538,0.13153846153846152,0.0728846153846154,0.011923076923076925,0.455576923076923
89,75,2021-01-09,9,1,2020-2021,Bauru Basket,UNIFACISA,1,0.40782307692307695,0.14423076923076922,0.1930730769230769,0.0705076923076923,0.17960769230769233,0.0464153846153846,0.13321538461538462,0.08512692307692306,0.05808461538461541,1.5053846153846158,0.048084615384615385,0.13666538461538463,35.13461538461539,0.09654230769230769,0.17909615384615385,54.24076923076923,0.0705076923076923,0.09115384615384615,77.27615384615386,0.0070538461538461545,0.04346538461538462,0.7592307692307693,0.006153846153846154,0.09999615384615385,0.06384615384615384,0.05808461538461541,0.012053846153846155,0.4723038461538462,0.41499230769230777,0.1373076923076923,0.21538461538461537,0.06231153846153846,0.18999615384615387,0.055376923076923074,0.13461923076923077,0.08269230769230769,0.06384615384615386,1.3038461538461539,0.04576153846153846,0.13384615384615386,34.18692307692307,0.10769230769230767,0.20499999999999996,52.58769230769231,0.06231153846153846,0.08231153846153846,75.45000000000002,0.0042307692307692315,0.03730384615384616,0.5892307692307692,0.007315384615384614,0.10385,0.07,0.06384615384615386,0.009234615384615385,0.4630730769230769
68,46,2021-01-09,9,1,2020-2021,Paulistano,Pinheiros,1,0.3774423076923077,0.1473076923076923,0.1769230769230769,0.0532,0.20679615384615382,0.06474615384615386,0.14204615384615385,0.08423461538461538,0.06332692307692309,1.3792307692307693,0.049107692307692304,0.15256153846153847,32.23538461538462,0.08846153846153845,0.18628846153846151,47.58076923076923,0.0532,0.06999615384615385,76.28307692307693,0.0074384615384615405,0.03345384615384616,0.5453846153846154,0.00948846153846154,0.08781538461538461,0.1123076923076923,0.06332692307692309,0.011792307692307692,0.43,0.36422692307692306,0.1246153846153846,0.18,0.05961153846153845,0.1865423076923077,0.05615384615384616,0.1303884615384615,0.08538846153846152,0.07962307692307694,1.0976923076923077,0.04153846153846154,0.12115384615384617,34.60307692307693,0.09,0.20653076923076918,43.673076923076934,0.05961153846153845,0.08807307692307693,66.77461538461537,0.0026884615384615384,0.03576923076923077,0.4646153846153846,0.010384615384615383,0.10154230769230771,0.10384615384615387,0.07962307692307694,0.012688461538461539,0.3780807692307692
87,92,2021-01-10,9,1,2020-2021,Caxias do Sul Basquete,Mogi,0,0.36635384615384614,0.11480769230769229,0.18500384615384613,0.06654230769230768,0.16999999999999998,0.04981153846153845,0.12018846153846155,0.06943076923076924,0.07172692307692308,0.9684615384615383,0.038276923076923076,0.12211153846153845,31.049230769230768,0.09249615384615383,0.17903846153846154,51.603076923076934,0.06654230769230768,0.09672692307692307,68.39846153846153,0.005765384615384616,0.028846153846153855,0.3992307692307693,0.00576923076923077,0.11268461538461536,0.05615384615384617,0.07172692307692308,0.01423076923076923,0.368076923076923,0.40053571428571433,0.14999999999999997,0.18160714285714286,0.06892857142857142,0.18821428571428572,0.049107142857142856,0.13910714285714287,0.09794642857142856,0.07276785714285715,1.4828571428571429,0.05,0.1398214285714286,35.78785714285714,0.09080357142857143,0.1786607142857143,51.00642857142857,0.06892857142857142,0.09098214285714286,77.33,0.005178571428571428,0.03258928571428572,0.475,0.013303571428571427,0.10294642857142856,0.13499999999999998,0.07276785714285715,0.011785714285714288,0.4600892857142856
71,74,2021-01-10,9,1,2020-2021,Cerrado,Corinthians,0,0.37012142857142855,0.12,0.18642500000000004,0.0636857142857143,0.18344285714285716,0.055478571428571426,0.12798214285714285,0.07536071428571427,0.06536071428571429,1.1814285714285713,0.04000357142857143,0.1208392857142857,33.24571428571429,0.09321785714285714,0.1897642857142857,49.039999999999985,0.0636857142857143,0.09226428571428573,68.79785714285715,0.006067857142857141,0.03190714285714286,0.4878571428571427,0.009289285714285713,0.1012,0.09214285714285717,0.06536071428571429,0.010350000000000002,0.39881071428571424,0.3984818181818182,0.15409090909090908,0.17424545454545454,0.07015454545454546,0.1739363636363636,0.040754545454545446,0.13318181818181818,0.08348181818181818,0.0681818181818182,1.2427272727272725,0.05136363636363637,0.14211818181818184,35.84818181818182,0.08711818181818182,0.1687909090909091,51.53454545454545,0.07015454545454546,0.08681818181818182,80.80181818181819,0.007427272727272729,0.03120909090909091,0.47272727272727266,0.012727272727272728,0.10379090909090909,0.12363636363636364,0.0681818181818182,0.00939090909090909,0.44257272727272734
89,77,2021-01-11,10,1,2020-2021,UNIFACISA,Paulistano,1,0.4121357142857143,0.13392857142857142,0.21928571428571428,0.05893214285714286,0.18821071428571431,0.053207142857142856,0.13500357142857142,0.08285714285714285,0.0642857142857143,1.2971428571428572,0.044635714285714286,0.13321428571428573,33.45928571428571,0.10964285714285713,0.20535714285714282,53.42357142857143,0.05893214285714286,0.07893214285714285,73.12214285714286,0.004285714285714286,0.036425,0.5728571428571428,0.006792857142857142,0.10393214285714285,0.065,0.0642857142857143,0.010003571428571428,0.45785357142857136,0.3753642857142857,0.1467857142857143,0.1757142857142857,0.05285357142857143,0.2075,0.06464642857142858,0.14285357142857144,0.0842892857142857,0.06320714285714286,1.3792857142857142,0.048932142857142855,0.153925,31.874285714285715,0.08785714285714286,0.18393571428571429,47.90857142857142,0.05285357142857143,0.06963928571428571,76.14571428571428,0.0071464285714285735,0.033207142857142866,0.5414285714285714,0.009642857142857144,0.08678214285714285,0.1157142857142857,0.06320714285714286,0.012139285714285714,0.42892857142857144
89,92,2021-01-11,10,1,2020-2021,Pinheiros,Bauru Basket,0,0.3546392857142857,0.1232142857142857,0.17357142857142854,0.05785357142857143,0.1846464285714286,0.05428571428571429,0.13036071428571425,0.08286071428571427,0.07965000000000001,1.0642857142857143,0.04107142857142858,0.1210714285714286,34.215,0.08678571428571427,0.20320714285714284,42.56285714285715,0.05785357142857143,0.08535357142857145,67.005,0.0024964285714285718,0.03428571428571429,0.445,0.009999999999999998,0.09928928571428573,0.10142857142857145,0.07965000000000001,0.012139285714285715,0.36286071428571426,0.40536071428571435,0.1414285714285714,0.19285357142857143,0.07106785714285714,0.18035,0.046432142857142845,0.13393928571428573,0.08464285714285712,0.05750714285714288,1.5100000000000002,0.047150000000000004,0.13642857142857143,34.5,0.09643214285714286,0.18070714285714287,53.73142857142857,0.07106785714285714,0.09214285714285715,77.08500000000001,0.007146428571428572,0.04321785714285715,0.7621428571428572,0.0064285714285714285,0.09963928571428571,0.06714285714285714,0.05750714285714288,0.011789285714285714,0.4678535714285715
77,83,2021-01-12,10,1,2020-2021,Corinthians,Caxias do Sul Basquete,0,0.39999583333333333,0.1525,0.17667083333333333,0.07083750000000001,0.17666249999999997,0.04124583333333332,0.13541666666666666,0.0829125,0.06833333333333336,1.2308333333333332,0.05083333333333334,0.14124583333333338,35.70916666666667,0.08832916666666667,0.16875416666666668,52.27333333333333,0.07083750000000001,0.08791666666666668,80.59583333333335,0.007087500000000003,0.029579166666666667,0.44749999999999995,0.012500000000000002,0.10375416666666666,0.12166666666666669,0.06833333333333336,0.0091625,0.44541250000000004,0.37215,0.11999999999999998,0.1857178571428571,0.06643214285714284,0.17107142857142857,0.0492892857142857,0.12178214285714287,0.07179285714285714,0.07178214285714286,0.9999999999999999,0.04000714285714286,0.12356785714285713,31.964285714285715,0.09285357142857141,0.17964285714285716,51.63142857142858,0.06643214285714284,0.096425,68.53214285714286,0.006067857142857143,0.02892857142857144,0.4,0.005357142857142858,0.11284999999999998,0.05214285714285716,0.07178214285714286,0.014642857142857141,0.3771428571428571
86,81,2021-01-25,1,2,2020-2021,São Paulo,Caxias do Sul Basquete,1,0.4550066666666667,0.17399999999999996,0.20533333333333334,0.07566333333333335,0.18733333333333332,0.04533333333333333,0.14200000000000002,0.08966666666666666,0.05400000000000002,1.7333333333333336,0.05800000000000001,0.14800000000000002,39.168,0.10266666666666668,0.1796633333333333,57.178666666666665,0.07566333333333335,0.09366,81.09333333333332,0.015000000000000003,0.03999333333333333,0.7646666666666666,0.014333333333333339,0.08133666666666667,0.18000000000000008,0.05400000000000002,0.01034,0.5473300000000001,0.37500666666666665,0.11899999999999998,0.18800333333333333,0.06800333333333333,0.17099999999999999,0.05000333333333332,0.12099666666666668,0.07200666666666668,0.07132999999999999,1.01,0.03967333333333334,0.12099666666666666,32.57866666666667,0.09399666666666666,0.18066666666666667,51.95000000000001,0.06800333333333333,0.09866333333333334,68.57866666666665,0.00633,0.029000000000000012,0.404,0.005333333333333334,0.11332666666666663,0.05133333333333335,0.07132999999999999,0.014999999999999998,0.3823333333333333
60,72,2021-01-25,1,2,2020-2021,Bauru Basket,Pinheiros,0,0.4090033333333334,0.145,0.19333,0.07066333333333333,0.18099333333333334,0.04700333333333332,0.13401000000000002,0.08699999999999998,0.05834000000000003,1.5233333333333337,0.04834000000000001,0.137,35.18866666666667,0.09667,0.17966000000000001,54.190000000000005,0.07066333333333333,0.093,76.07266666666668,0.007003333333333334,0.04267000000000001,0.7446666666666668,0.006333333333333333,0.09932999999999999,0.066,0.05834000000000003,0.011336666666666667,0.4736633333333334,0.36066333333333334,0.128,0.176,0.05666333333333333,0.1843366666666667,0.055000000000000014,0.12933666666666663,0.08533666666666664,0.07834000000000002,1.1266666666666665,0.04266666666666667,0.12366666666666667,34.64266666666667,0.088,0.2029933333333333,43.22533333333334,0.05666333333333333,0.08499666666666668,65.87133333333333,0.002663333333333333,0.035666666666666666,0.4766666666666667,0.010333333333333332,0.09867000000000002,0.10600000000000002,0.07834000000000002,0.011330000000000002,0.37367
84,81,2021-01-25,1,2,2020-2021,Sesi Franca,Corinthians,1,0.43033333333333346,0.148,0.2006666666666667,0.08166666666666664,0.18500333333333333,0.04600333333333335,0.13899999999999998,0.10299666666666665,0.06633666666666668,1.5659999999999998,0.04933333333333334,0.13067,37.392,0.10033333333333334,0.18766333333333327,54.10066666666666,0.08166666666666664,0.10066666666666665,81.29333333333334,0.008330000000000002,0.028670000000000005,0.438,0.013330000000000002,0.09800333333333335,0.1386666666666667,0.06633666666666668,0.006996666666666669,0.50633,0.39884230769230766,0.15230769230769228,0.17461923076923075,0.07192692307692308,0.1749961538461538,0.04268846153846152,0.1323076923076923,0.08307307692307692,0.06769230769230772,1.2453846153846153,0.05076923076923078,0.14115000000000005,35.70923076923077,0.08730384615384615,0.16808076923076926,51.85846153846153,0.07192692307692308,0.08961538461538464,80.34,0.00692692307692308,0.029996153846153846,0.4576923076923076,0.011923076923076925,0.1042346153846154,0.11615384615384618,0.06769230769230772,0.009611538461538461,0.4423038461538462
98,76,2021-01-26,1,2,2020-2021,Pato Basquete,BRB/Brasília,1,0.37267,0.10200000000000001,0.1953366666666666,0.07533333333333332,0.18533,0.058670000000000014,0.12667,0.07132999999999999,0.06599,1.078,0.034,0.11333666666666667,29.796,0.09766333333333331,0.214,45.30466666666666,0.07533333333333332,0.1096633333333333,68.68533333333333,0.004,0.03966333333333332,0.6153333333333334,0.01067,0.10733333333333334,0.10600000000000002,0.06599,0.013333333333333334,0.3836699999999999,0.4155000000000001,0.1695,0.16799499999999998,0.078005,0.187495,0.057495000000000004,0.12999999999999998,0.08699499999999999,0.08000499999999999,1.129,0.05650500000000001,0.16599499999999998,34.041999999999994,0.084005,0.173505,48.555,0.078005,0.107995,71.674,0.002495,0.033499999999999995,0.437,0.007995,0.097995,0.08199999999999999,0.08000499999999999,0.010995,0.4225
59,72,2021-01-26,1,2,2020-2021,VipTech CMB,UNIFACISA,0,0.3853433333333333,0.14500000000000002,0.19000666666666668,0.050336666666666675,0.19399333333333332,0.06299666666666666,0.13100666666666666,0.08667000000000001,0.06333666666666667,1.4466666666666668,0.04833666666666667,0.1456633333333333,33.256,0.09499333333333336,0.19733333333333336,47.725333333333325,0.050336666666666675,0.08166666666666664,61.62600000000001,0.0056633333333333345,0.029330000000000002,0.504,0.008000000000000002,0.10034000000000001,0.07933333333333334,0.06333666666666667,0.010669999999999997,0.4090033333333334,0.41432666666666673,0.137,0.22,0.05733666666666667,0.18533000000000002,0.050993333333333335,0.13433666666666666,0.08533333333333332,0.06333333333333334,1.3706666666666665,0.045660000000000006,0.13100000000000003,35.22866666666666,0.10999999999999997,0.20699999999999996,53.19533333333333,0.05733666666666667,0.07666999999999999,73.43266666666668,0.004333333333333333,0.03833,0.6213333333333334,0.007339999999999999,0.10233666666666667,0.07333333333333333,0.06333333333333334,0.010003333333333333,0.4656633333333333
80,93,2021-01-26,1,2,2020-2021,Cerrado,Minas,0,0.3723366666666666,0.119,0.18866333333333338,0.06466333333333335,0.18432333333333334,0.05567,0.12867333333333333,0.07633666666666666,0.06633666666666667,1.178,0.039670000000000004,0.11967333333333333,33.287333333333336,0.09433666666666668,0.1910033333333333,49.29066666666665,0.06466333333333335,0.09367000000000002,68.81933333333333,0.006329999999999999,0.03300333333333334,0.4953333333333332,0.009336666666666667,0.10167666666666667,0.09200000000000003,0.06633666666666667,0.010660000000000003,0.40333333333333327,0.43714642857142866,0.1575,0.19571428571428573,0.08392142857142856,0.19892857142857143,0.052496428571428576,0.14643214285714287,0.09928214285714286,0.07035000000000001,1.4357142857142857,0.05249999999999999,0.13143571428571427,40.08642857142858,0.09785714285714286,0.18249999999999994,53.42571428571428,0.08392142857142856,0.10464285714285713,79.01928571428572,0.006782142857142856,0.03464285714285714,0.495,0.010710714285714287,0.10715000000000004,0.10142857142857142,0.07035000000000001,0.013210714285714286,0.5260714285714286
77,74,2021-01-26,1,2,2020-2021,Flamengo,Fortaleza B. C. / CFO,1,0.4429966666666667,0.18900000000000006,0.17866666666666667,0.07532999999999998,0.22166666666666665,0.06266666666666668,0.15899999999999997,0.10400333333333332,0.05900000000000001,1.824,0.06300333333333333,0.18233333333333335,34.18933333333334,0.08933333333333333,0.15799999999999997,56.69199999999999,0.07532999999999998,0.10033666666666667,75.62266666666666,0.00566,0.03500333333333334,0.5926666666666667,0.008666666666666668,0.0800066666666667,0.1106666666666667,0.05900000000000001,0.009003333333333334,0.5403333333333333,0.38035714285714295,0.11999999999999998,0.1985678571428571,0.061789285714285734,0.1867785714285714,0.04572142857142857,0.14107857142857144,0.07213928571428573,0.06250000000000001,1.1521428571428571,0.04000357142857144,0.12464285714285715,31.98642857142857,0.09928928571428572,0.19856785714285713,49.910000000000004,0.061789285714285734,0.08571428571428573,71.60714285714285,0.00714642857142857,0.03821428571428571,0.6085714285714285,0.01606428571428572,0.09785357142857143,0.1642857142857143,0.06250000000000001,0.013578571428571431,0.42321071428571433
63,71,2021-01-27,1,2,2020-2021,Caxias do Sul Basquete,Bauru Basket,0,0.3758933333333333,0.1193333333333333,0.18800333333333336,0.06855999999999998,0.17066666666666663,0.04967,0.12099666666666668,0.07267333333333334,0.07144333333333333,1.018,0.03978333333333333,0.12032999999999999,32.888,0.09399666666666666,0.18111333333333335,51.83733333333334,0.06855999999999998,0.09866333333333333,69.31933333333333,0.006220000000000001,0.028780000000000007,0.4000000000000001,0.005000000000000001,0.11265999999999997,0.04866666666666667,0.07144333333333333,0.015109999999999997,0.38377666666666665,0.40067,0.1413333333333333,0.19133000000000003,0.06799666666666666,0.18077,0.045559999999999996,0.13523333333333334,0.08633333333333333,0.056673333333333346,1.5393333333333337,0.047116666666666675,0.138,34.001333333333335,0.09567000000000002,0.17821666666666666,54.032000000000004,0.06799666666666666,0.09110999999999998,74.796,0.006893333333333333,0.040780000000000004,0.7333333333333335,0.00711,0.09777333333333332,0.07466666666666666,0.056673333333333346,0.010226666666666665,0.46244
101,99,2021-01-27,1,2,2020-2021,Pinheiros,Sesi Franca,1,0.36844,0.13466666666666666,0.178,0.055773333333333334,0.18456,0.053776666666666674,0.13077999999999998,0.08811333333333332,0.07900666666666667,1.154,0.04489,0.12589,36.019333333333336,0.089,0.20043666666666665,44.18866666666667,0.055773333333333334,0.08422000000000002,65.47,0.0031066666666666664,0.03589,0.4733333333333334,0.010890000000000002,0.09822666666666668,0.11133333333333335,0.07900666666666667,0.011886666666666667,0.38800333333333337,0.4331666666666667,0.151,0.201,0.08116666666666665,0.1843366666666667,0.04450333333333334,0.13983333333333334,0.10366333333333332,0.06717000000000001,1.5566666666666669,0.050333333333333334,0.13100333333333336,38.193333333333335,0.1005,0.18866333333333327,53.944666666666656,0.08116666666666665,0.09999999999999996,81.34266666666666,0.0073300000000000014,0.02950333333333334,0.44466666666666665,0.013496666666666672,0.09750333333333334,0.14066666666666672,0.06717000000000001,0.007496666666666669,0.50933
96,72,2021-01-27,1,2,2020-2021,São Paulo,Mogi,1,0.44967333333333337,0.16799999999999998,0.20533333333333337,0.07633,0.185,0.04633333333333333,0.13866666666666666,0.08866666666666667,0.05466666666666668,1.6913333333333336,0.05600000000000001,0.14483333333333334,38.77266666666666,0.10266666666666668,0.18266333333333332,56.066,0.07633,0.09465999999999998,80.94000000000001,0.014500000000000002,0.04032666666666667,0.76,0.014500000000000002,0.08150333333333333,0.18133333333333337,0.05466666666666668,0.010673333333333335,0.53633,0.40266666666666673,0.14899999999999997,0.184,0.06966666666666667,0.18933333333333335,0.04933333333333333,0.14,0.09799999999999999,0.07266666666666667,1.4766666666666668,0.04966666666666667,0.14,35.507333333333335,0.092,0.1796666666666667,51.348,0.06966666666666667,0.09133333333333332,77.71599999999998,0.005,0.03266666666666667,0.4746666666666666,0.013666666666666664,0.103,0.13799999999999998,0.07266666666666667,0.011666666666666669,0.46399999999999986
68,71,2021-01-28,1,2,2020-2021,Fortaleza B. C. / CFO,Pato Basquete,0,0.37866666666666676,0.11749999999999998,0.20032999999999998,0.060836666666666685,0.1873266666666666,0.04684,0.14050666666666667,0.07233,0.062166666666666676,1.162,0.03917000000000001,0.12466666666666668,31.320666666666664,0.10017000000000001,0.20033,49.916000000000004,0.060836666666666685,0.085,71.05533333333332,0.006836666666666666,0.03866666666666666,0.6199999999999999,0.01582666666666667,0.09816333333333334,0.16133333333333336,0.062166666666666676,0.012673333333333337,0.4208300000000001,0.3793933333333333,0.104,0.20000333333333328,0.07539,0.18977333333333332,0.059280000000000006,0.13050333333333333,0.07255333333333333,0.06704666666666667,1.0806666666666667,0.034666666666666665,0.11211333333333333,30.638666666666666,0.09999666666666666,0.216,46.108,0.07539,0.1080533333333333,69.66266666666667,0.005000000000000001,0.03972,0.6073333333333333,0.010280000000000001,0.10711000000000001,0.1026666666666667,0.06704666666666667,0.01339,0.39855999999999997
74,57,2021-01-28,1,2,2020-2021,Cerrado,VipTech CMB,1,0.37344666666666654,0.11866666666666667,0.18933,0.06544333333333334,0.1865466666666667,0.05600333333333333,0.13056333333333334,0.07777999999999999,0.06688999999999998,1.19,0.03955666666666667,0.11856333333333334,33.516000000000005,0.09467000000000002,0.19233666666666666,49.146666666666654,0.06544333333333334,0.09567,68.084,0.006663333333333332,0.03378000000000001,0.5019999999999999,0.009556666666666666,0.10234333333333333,0.09333333333333334,0.06688999999999998,0.010993333333333332,0.4073333333333332,0.38211999999999996,0.14333333333333334,0.18878333333333333,0.05000333333333334,0.19421666666666665,0.06310666666666666,0.1311166666666667,0.08433666666666667,0.06278,1.4206666666666665,0.04778,0.1450533333333333,32.974666666666664,0.09438333333333335,0.19883333333333336,47.01066666666666,0.05000333333333334,0.08144333333333331,61.37066666666667,0.0059966666666666675,0.030386666666666666,0.5213333333333333,0.007556666666666667,0.09995000000000002,0.07466666666666667,0.06278,0.01067,0.40267000000000003
75,99,2021-01-28,1,2,2020-2021,BRB/Brasília,Minas,0,0.4093954545454546,0.16636363636363638,0.1651454545454545,0.07788181818181818,0.18514545454545453,0.05666363636363637,0.12848636363636362,0.0862090909090909,0.07818636363636364,1.1454545454545455,0.055459090909090916,0.16454090909090907,33.67454545454545,0.08258181818181819,0.1725818181818182,47.944545454545455,0.07788181818181818,0.10832727272727273,71.39999999999999,0.0025727272727272725,0.03242272727272727,0.43000000000000005,0.007872727272727274,0.09575454545454544,0.0827272727272727,0.07818636363636364,0.010754545454545454,0.41333181818181813,0.43911333333333336,0.15766666666666668,0.19711,0.08432666666666666,0.19977666666666669,0.05299666666666667,0.14678000000000002,0.10022,0.06932666666666668,1.4773333333333334,0.05255666666666666,0.1305633333333333,40.418666666666674,0.09855666666666667,0.1844433333333333,53.27599999999999,0.08432666666666666,0.10511,79.12466666666666,0.0067733333333333335,0.034109999999999994,0.494,0.01099666666666667,0.10678333333333337,0.10466666666666666,0.06932666666666668,0.012996666666666667,0.5302233333333334
79,81,2021-01-28,1,2,2020-2021,UNIFACISA,Flamengo,0,0.41205,0.13516666666666666,0.21933333333333332,0.05756000000000001,0.1842733333333334,0.049936666666666664,0.13433666666666666,0.08449999999999999,0.06339000000000002,1.3553333333333333,0.04505,0.12811000000000003,35.558,0.10966666666666665,0.20688999999999996,53.062,0.05756000000000001,0.07689333333333331,73.49933333333335,0.004443333333333333,0.03805333333333334,0.6160000000000001,0.00734,0.10233666666666669,0.07333333333333333,0.06339000000000002,0.010060000000000001,0.46322,0.44332999999999995,0.1926666666666667,0.17711,0.07355333333333332,0.22100000000000003,0.063,0.158,0.10500333333333332,0.05922333333333334,1.8326666666666669,0.06422333333333333,0.18299999999999997,34.718666666666664,0.08855666666666667,0.15688666666666667,56.61,0.07355333333333332,0.09789333333333333,75.56933333333333,0.00566,0.03500333333333334,0.5913333333333334,0.008333333333333335,0.08056,0.10600000000000005,0.05922333333333334,0.009446666666666666,0.542
71,64,2021-01-30,1,2,2020-2021,Paulistano,Caxias do Sul Basquete,1,0.37600666666666666,0.14900000000000002,0.17466666666666666,0.05233,0.2053333333333333,0.06267000000000002,0.14266333333333334,0.08467,0.06432666666666667,1.3626666666666665,0.04967,0.15433,32.24933333333333,0.08733333333333333,0.18200666666666665,48.15533333333333,0.05233,0.06899666666666666,76.06933333333333,0.007336666666666668,0.03332666666666668,0.5346666666666666,0.009666666666666667,0.08499666666666666,0.11933333333333332,0.06432666666666667,0.011663333333333333,0.42866666666666664,0.37678000000000006,0.11966666666666666,0.18800333333333336,0.06911666666666666,0.1703333333333333,0.04933666666666666,0.12099666666666668,0.07334,0.07155666666666666,1.026,0.03989333333333334,0.11966333333333332,33.19733333333333,0.09399666666666666,0.18156,51.724666666666664,0.06911666666666666,0.09866333333333334,70.05999999999999,0.006110000000000001,0.02856,0.396,0.004666666666666666,0.1119933333333333,0.046,0.07155666666666666,0.01522,0.38522
74,64,2021-01-30,1,2,2020-2021,Corinthians,Bauru Basket,1,0.39803214285714283,0.1526785714285714,0.17286071428571428,0.07250357142857143,0.1792821428571428,0.044996428571428555,0.13428571428571426,0.08196071428571429,0.06678571428571431,1.2442857142857142,0.05089285714285715,0.14142500000000005,35.745,0.08642499999999999,0.17000357142857145,50.901428571428575,0.07250357142857143,0.0905357142857143,80.17642857142857,0.006610714285714288,0.029460714285714288,0.45428571428571424,0.011785714285714288,0.10411071428571429,0.11500000000000002,0.06678571428571431,0.009460714285714286,0.4416035714285715,0.3945600000000001,0.141,0.18666333333333335,0.06688666666666668,0.17910333333333334,0.044559999999999995,0.1345666666666667,0.08455666666666665,0.056783333333333345,1.5033333333333336,0.04700333333333333,0.1396666666666667,33.525333333333336,0.09333666666666668,0.17499666666666663,53.675333333333334,0.06688666666666668,0.09099666666666664,73.61800000000001,0.006673333333333333,0.04,0.7180000000000001,0.007886666666666667,0.09688333333333331,0.08266666666666667,0.056783333333333345,0.009783333333333333,0.4508833333333333
77,81,2021-01-30,1,2,2020-2021,Pinheiros,Mogi,0,0.37121666666666664,0.13633333333333333,0.17933333333333332,0.055549999999999995,0.18556000000000003,0.05333000000000001,0.13222333333333333,0.08933333333333332,0.07844999999999999,1.1786666666666668,0.04544666666666666,0.12878,35.541333333333334,0.08966666666666666,0.19877000000000003,44.85933333333334,0.055549999999999995,0.08411,65.278,0.00344,0.03755666666666666,0.49733333333333335,0.011556666666666666,0.09856,0.11733333333333335,0.07844999999999999,0.011333333333333332,0.39578,0.39983333333333343,0.14899999999999997,0.18266666666666664,0.06816666666666667,0.19316666666666665,0.051000000000000004,0.14216666666666666,0.09749999999999998,0.07300000000000001,1.466,0.04966666666666668,0.14233333333333334,34.89866666666667,0.09133333333333332,0.18000000000000002,50.86133333333334,0.06816666666666667,0.08766666666666666,78.93599999999999,0.005666666666666666,0.03283333333333334,0.4746666666666666,0.013666666666666664,0.10116666666666667,0.13999999999999999,0.07300000000000001,0.012000000000000004,0.4631666666666666
115,58,2021-01-31,1,2,2020-2021,Flamengo,BRB/Brasília,1,0.44366333333333335,0.1963333333333334,0.1755533333333333,0.07177666666666666,0.22033333333333338,0.06333333333333334,0.157,0.10600333333333332,0.059446666666666675,1.8413333333333337,0.06544333333333334,0.18366666666666662,35.248000000000005,0.08778,0.15577333333333337,56.528,0.07177666666666666,0.09545000000000001,75.516,0.005659999999999999,0.03500333333333334,0.59,0.008000000000000002,0.08111333333333333,0.10133333333333336,0.059446666666666675,0.00989,0.5436666666666667,0.40430833333333344,0.16375,0.1627708333333333,0.07777916666666666,0.18318749999999998,0.05597083333333334,0.127225,0.08555416666666665,0.07667083333333334,1.1591666666666667,0.05458750000000001,0.16332916666666664,33.36833333333333,0.08139583333333333,0.1718125,47.435833333333335,0.07777916666666666,0.10860416666666667,71.17166666666667,0.0026374999999999997,0.031525,0.42416666666666675,0.0077708333333333345,0.0938875,0.08333333333333331,0.07667083333333334,0.010554166666666665,0.4056916666666666
77,76,2021-01-31,1,2,2020-2021,Cerrado,Pato Basquete,1,0.3745566666666666,0.11833333333333333,0.1899966666666667,0.06622333333333334,0.18877000000000002,0.05633666666666667,0.13245333333333334,0.07922333333333333,0.06744333333333333,1.2019999999999997,0.03944333333333334,0.11745333333333335,33.74466666666667,0.09500333333333334,0.19366999999999995,49.00266666666665,0.06622333333333334,0.09766999999999999,67.34866666666667,0.006996666666666666,0.03455666666666667,0.5086666666666665,0.009776666666666666,0.10301,0.09466666666666666,0.06744333333333333,0.011326666666666667,0.4113333333333332,0.3861166666666667,0.106,0.20466999999999996,0.07544666666666665,0.19421666666666665,0.05989000000000001,0.13433666666666666,0.07377666666666667,0.06810333333333334,1.0833333333333333,0.035333333333333335,0.11089,31.481333333333332,0.10232999999999999,0.21800000000000003,46.91133333333334,0.07544666666666665,0.1064433333333333,70.64,0.006000000000000001,0.03977666666666667,0.5993333333333333,0.009890000000000001,0.10688666666666667,0.09933333333333334,0.06810333333333334,0.013446666666666666,0.41345000000000004
76,88,2021-01-31,1,2,2020-2021,UNIFACISA,Minas,0,0.4097733333333334,0.13333333333333333,0.21866666666666668,0.05778333333333333,0.1832166666666667,0.04888,0.13433666666666666,0.08366666666666664,0.06344666666666668,1.34,0.04444000000000001,0.12522000000000003,35.88733333333333,0.10933333333333332,0.20677999999999994,52.92866666666667,0.05778333333333333,0.07711666666666667,73.56600000000002,0.004553333333333334,0.037776666666666674,0.6106666666666668,0.00734,0.10233666666666669,0.07333333333333335,0.06344666666666668,0.010116666666666668,0.4607766666666667,0.4442233333333333,0.15933333333333335,0.19799666666666668,0.08688333333333335,0.2008866666666667,0.05422000000000001,0.14666666666666667,0.10144333333333333,0.06821666666666668,1.5259999999999998,0.05311333333333333,0.13022999999999998,40.99066666666668,0.09900333333333333,0.18644333333333335,52.957333333333324,0.08688333333333335,0.10699666666666667,80.36466666666665,0.00644,0.03311,0.48733333333333334,0.011330000000000003,0.10667000000000003,0.10799999999999997,0.06821666666666668,0.012663333333333334,0.5381133333333333
98,100,2021-02-02,2,2,2020-2021,Corinthians,Paulistano,0,0.39733,0.153,0.17133666666666664,0.07300333333333334,0.1829966666666666,0.04699666666666665,0.13599999999999998,0.08099666666666666,0.06600000000000003,1.2433333333333332,0.05100000000000001,0.14166333333333336,35.775999999999996,0.08566333333333333,0.17167000000000002,50.072,0.07300333333333334,0.09133333333333335,80.03466666666667,0.006336666666666669,0.02899666666666667,0.4513333333333333,0.011666666666666669,0.10400333333333335,0.11400000000000003,0.06600000000000003,0.009330000000000001,0.44099666666666676,0.37534000000000006,0.147,0.17866666666666667,0.04966333333333333,0.20400000000000001,0.062336666666666665,0.14166333333333336,0.08500333333333333,0.06432666666666667,1.3693333333333333,0.049003333333333336,0.1539966666666667,31.852,0.08933333333333333,0.18233999999999997,49.11799999999999,0.04966333333333333,0.06666333333333334,74.16466666666666,0.008670000000000002,0.03299333333333334,0.528,0.010666666666666666,0.08433,0.13333333333333333,0.06432666666666667,0.011996666666666666,0.42866666666666664
75,77,2021-02-06,2,2,2020-2021,Mogi,Corinthians,0,0.3991666666666668,0.14599999999999996,0.18433333333333335,0.06883333333333333,0.19333333333333333,0.0505,0.14283333333333334,0.09766666666666665,0.07233333333333335,1.4759999999999998,0.048666666666666684,0.14133333333333334,34.47466666666666,0.09216666666666667,0.1801666666666667,51.27866666666667,0.06883333333333333,0.08883333333333333,78.33133333333333,0.005666666666666666,0.03283333333333333,0.478,0.014166666666666664,0.10033333333333333,0.14533333333333331,0.07233333333333335,0.011500000000000003,0.46416666666666656,0.3981633333333333,0.1495,0.17633666666666664,0.07233666666666667,0.18699666666666662,0.04899666666666666,0.13799999999999996,0.08049666666666665,0.06700000000000002,1.2213333333333334,0.04983333333333333,0.14133,35.124,0.08816333333333333,0.17600333333333332,50.34066666666667,0.07233666666666667,0.091,79.44866666666668,0.006170000000000003,0.029330000000000005,0.45,0.011666666666666669,0.10333666666666667,0.11466666666666668,0.06700000000000002,0.009330000000000001,0.4416633333333334
76,97,2021-02-06,2,2,2020-2021,Sesi Franca,São Paulo,0,0.43599999999999994,0.154,0.20133333333333334,0.08066666666666668,0.18367000000000006,0.04300333333333333,0.1406666666666667,0.10433,0.06800333333333333,1.5473333333333334,0.051333333333333335,0.1313366666666667,38.994666666666674,0.10066666666666667,0.1896633333333333,53.788666666666664,0.08066666666666668,0.0993333333333333,81.39200000000001,0.006330000000000002,0.03033666666666667,0.45133333333333336,0.013663333333333338,0.09700333333333334,0.1426666666666667,0.06800333333333333,0.00799666666666667,0.51233,0.4464500000000001,0.16433333333333333,0.20644333333333334,0.07566333333333333,0.185,0.04655666666666667,0.1384433333333333,0.0896666666666667,0.05522333333333334,1.6926666666666668,0.05477666666666668,0.14222333333333334,38.70133333333333,0.10322333333333335,0.18333000000000005,56.156666666666666,0.07566333333333333,0.09421666666666666,80.62933333333334,0.014666666666666668,0.04088333333333335,0.7613333333333333,0.014890000000000004,0.08133666666666667,0.186,0.05522333333333334,0.010783333333333334,0.5355533333333333
69,64,2021-02-06,2,2,2020-2021,Paulistano,Bauru Basket,1,0.37761666666666666,0.14883333333333335,0.17755666666666667,0.05122,0.20644333333333334,0.06439333333333333,0.1420533333333334,0.08444666666666668,0.06582666666666666,1.3326666666666662,0.04961333333333333,0.15533000000000005,31.98466666666667,0.08877666666666667,0.18361666666666665,48.51199999999999,0.05122,0.06966333333333333,73.23866666666666,0.008670000000000002,0.033383333333333334,0.52,0.01,0.08505333333333334,0.12466666666666666,0.06582666666666666,0.012663333333333332,0.4270566666666667,0.38845,0.14066666666666666,0.1819966666666667,0.06577666666666668,0.17743666666666666,0.043559999999999995,0.13390000000000002,0.08277999999999999,0.05689333333333335,1.4673333333333334,0.04689,0.14133333333333337,33.04933333333333,0.09100333333333335,0.17177666666666666,53.31866666666667,0.06577666666666668,0.0908833333333333,72.44000000000001,0.006453333333333334,0.03921999999999999,0.7026666666666668,0.008663333333333334,0.09599333333333332,0.09066666666666666,0.05689333333333335,0.009339999999999998,0.4393266666666666
86,103,2021-02-07,2,2,2020-2021,BRB/Brasília,UNIFACISA,0,0.4000038461538462,0.16153846153846155,0.16076153846153843,0.0776923076923077,0.18153076923076922,0.05538461538461539,0.1261576923076923,0.08499999999999998,0.07538846153846154,1.1707692307692308,0.053850000000000016,0.16230384615384613,33.10923076923076,0.08039230769230768,0.17116153846153845,47.00538461538462,0.0776923076923077,0.10883846153846154,70.97846153846153,0.002692307692307692,0.030765384615384615,0.4192307692307693,0.007684615384615386,0.0923076923076923,0.08384615384615383,0.07538846153846154,0.010384615384615383,0.39922692307692303,0.4078866666666667,0.13366666666666666,0.21711,0.05711666666666667,0.18166000000000004,0.04821333333333333,0.13344666666666666,0.08277666666666665,0.06322666666666668,1.3306666666666664,0.044553333333333334,0.12399666666666669,36.36333333333333,0.10855666666666668,0.2054466666666666,52.868,0.05711666666666667,0.07611666666666667,73.66066666666666,0.004553333333333334,0.03766666666666666,0.6113333333333333,0.007116666666666668,0.10311333333333336,0.07133333333333335,0.06322666666666668,0.010673333333333335,0.4585566666666667
86,77,2021-02-07,2,2,2020-2021,Fortaleza B. C. / CFO,Cerrado,1,0.3780000000000001,0.11599999999999998,0.20133,0.060670000000000016,0.1868833333333333,0.04711666666666667,0.13978333333333334,0.07122,0.061556666666666676,1.1566666666666667,0.038669999999999996,0.12511,30.815333333333335,0.10067000000000001,0.2016633333333333,49.83466666666667,0.060670000000000016,0.08499999999999999,70.83266666666667,0.0064466666666666665,0.03966666666666667,0.6419999999999999,0.015550000000000005,0.09766333333333335,0.15933333333333335,0.061556666666666676,0.01145,0.41799666666666674,0.3756666666666666,0.11800000000000001,0.19066333333333335,0.06700333333333335,0.19099333333333338,0.05667,0.13434333333333334,0.08066666666666665,0.06799666666666665,1.2139999999999997,0.03933,0.11634333333333337,33.973333333333336,0.09533666666666667,0.1950033333333333,48.85866666666666,0.06700333333333335,0.09967,66.61333333333333,0.00733,0.035333333333333335,0.5153333333333332,0.009996666666666664,0.10367666666666667,0.09599999999999999,0.06799666666666665,0.01166,0.41533333333333317
86,75,2021-02-08,3,2,2020-2021,Mogi,Caxias do Sul Basquete,1,0.3980000000000001,0.141,0.18666666666666668,0.07033333333333333,0.19366666666666665,0.04933333333333334,0.14433333333333337,0.09899999999999998,0.07233333333333335,1.4899999999999998,0.047000000000000014,0.138,34.07933333333333,0.09333333333333334,0.18033333333333337,51.88066666666666,0.07033333333333333,0.09200000000000001,76.89333333333335,0.006333333333333334,0.03433333333333333,0.49399999999999994,0.013666666666666667,0.09899999999999999,0.14066666666666666,0.07233333333333335,0.011000000000000001,0.4666666666666666,0.3776666666666667,0.12000000000000002,0.18800333333333338,0.06967333333333331,0.16999999999999998,0.04900333333333333,0.12099666666666667,0.07400666666666668,0.07167,1.034,0.04000333333333334,0.11899666666666665,33.50666666666667,0.09399666666666666,0.18200666666666662,51.611999999999995,0.06967333333333331,0.09866333333333333,70.80066666666667,0.006000000000000001,0.02834,0.392,0.004333333333333333,0.11132666666666663,0.04333333333333333,0.07167,0.015330000000000002,0.3866633333333333
67,98,2021-02-08,3,2,2020-2021,Pinheiros,Corinthians,0,0.37399333333333323,0.138,0.1806666666666667,0.05532666666666666,0.18656000000000003,0.05288333333333333,0.13366666666666666,0.09055333333333333,0.07789333333333333,1.2033333333333331,0.04600333333333333,0.13166999999999998,35.06333333333334,0.09033333333333335,0.19710333333333332,45.53,0.05532666666666666,0.08400000000000002,65.08600000000001,0.003773333333333334,0.03922333333333334,0.5213333333333333,0.012223333333333333,0.09889333333333332,0.12333333333333336,0.07789333333333333,0.01078,0.4035566666666667,0.3989966666666666,0.14599999999999996,0.18133666666666662,0.07167,0.19099666666666668,0.05099666666666666,0.13999999999999999,0.07999666666666666,0.06800000000000002,1.1993333333333334,0.048666666666666664,0.1409966666666667,34.471999999999994,0.09066333333333332,0.18033666666666667,50.60933333333333,0.07167,0.09066666666666666,78.86266666666668,0.006003333333333335,0.029663333333333337,0.4486666666666667,0.011666666666666667,0.10267000000000001,0.11533333333333336,0.06800000000000002,0.009330000000000001,0.4423300000000001
90,82,2021-02-08,3,2,2020-2021,Sesi Franca,Paulistano,1,0.43066666666666664,0.14800000000000002,0.204,0.07866666666666668,0.18111333333333335,0.041780000000000005,0.13933333333333336,0.10255333333333334,0.06878,1.5073333333333332,0.04933333333333334,0.13011333333333336,37.65266666666667,0.102,0.19155333333333327,53.937999999999995,0.07866666666666668,0.09699999999999998,81.41266666666667,0.006553333333333334,0.031113333333333333,0.456,0.013553333333333336,0.09811333333333334,0.1393333333333334,0.06878,0.007886666666666667,0.5015533333333333,0.3798933333333333,0.15066666666666667,0.17644666666666664,0.052776666666666666,0.20888666666666664,0.06645,0.1424433333333334,0.08388999999999999,0.06732666666666666,1.2959999999999996,0.05022333333333332,0.15666333333333338,32.117333333333335,0.08821999999999999,0.18489333333333333,47.90599999999999,0.052776666666666666,0.07266333333333333,72.31266666666667,0.008670000000000002,0.033773333333333336,0.512,0.009333333333333332,0.08577666666666667,0.116,0.06732666666666666,0.01333,0.4254466666666667
92,84,2021-02-08,3,2,2020-2021,São Paulo,Bauru Basket,1,0.4452266666666667,0.16666666666666666,0.20488666666666663,0.07366333333333333,0.18533333333333332,0.04678000000000001,0.1385533333333333,0.09133333333333335,0.057446666666666674,1.6686666666666667,0.05555333333333334,0.14344666666666664,38.84066666666668,0.10244666666666664,0.18099666666666667,56.49999999999999,0.07366333333333333,0.09144,81.16666666666667,0.014333333333333339,0.04077333333333334,0.7386666666666667,0.01444666666666667,0.08100333333333334,0.1806666666666667,0.057446666666666674,0.010893333333333335,0.5354433333333333,0.38200666666666666,0.138,0.1799966666666667,0.06400000000000002,0.17699333333333334,0.043669999999999994,0.13334333333333334,0.08133666666666667,0.05700333333333336,1.4373333333333334,0.046,0.1406666666666667,32.41466666666666,0.09000333333333335,0.17299999999999996,52.595333333333336,0.06400000000000002,0.08965999999999999,71.31733333333335,0.006010000000000001,0.03933,0.7033333333333333,0.008663333333333334,0.09432666666666664,0.09133333333333334,0.05700333333333336,0.00934,0.4279933333333332
86,82,2021-02-09,3,2,2020-2021,Pato Basquete,VipTech CMB,1,0.3870066666666668,0.10833333333333334,0.2033366666666666,0.07533666666666666,0.19410333333333332,0.05900000000000001,0.13511333333333334,0.07389000000000001,0.06888333333333334,1.0726666666666664,0.036109999999999996,0.11133333333333333,32.032666666666664,0.10166333333333331,0.21544333333333335,47.124,0.07533666666666666,0.10666666666666665,70.37133333333333,0.006666666666666667,0.04010999999999999,0.5986666666666666,0.009443333333333335,0.10633,0.09600000000000003,0.06888333333333334,0.013446666666666664,0.4153400000000001,0.37889666666666666,0.14166666666666666,0.18755999999999998,0.049670000000000006,0.19444,0.06321666666666666,0.13122666666666666,0.08200333333333334,0.062223333333333325,1.3946666666666665,0.047223333333333326,0.14444333333333334,32.693333333333335,0.09377333333333333,0.20033333333333334,46.296,0.049670000000000006,0.08121999999999999,61.11533333333334,0.006330000000000001,0.03144333333333334,0.5386666666666666,0.0071133333333333335,0.09956000000000004,0.07,0.062223333333333325,0.01067,0.39633666666666667
67,81,2021-02-09,3,2,2020-2021,UNIFACISA,Cerrado,0,0.41511000000000003,0.1383333333333333,0.22022,0.056560000000000006,0.17866,0.04710333333333332,0.13155666666666668,0.08488666666666665,0.06211666666666669,1.4133333333333336,0.04610999999999999,0.12599666666666667,36.992666666666665,0.11011333333333335,0.20422333333333328,53.89333333333333,0.056560000000000006,0.07622666666666668,73.02199999999999,0.005443333333333333,0.039,0.6566666666666666,0.007226666666666668,0.10489000000000002,0.07133333333333335,0.06211666666666669,0.010673333333333335,0.46911333333333344,0.3776666666666666,0.1205,0.19166333333333338,0.06550333333333334,0.19516000000000003,0.05883666666666666,0.13634333333333334,0.07883333333333332,0.07066333333333333,1.1499999999999997,0.04016333333333334,0.11951000000000003,33.866,0.09583666666666667,0.19916999999999996,48.18399999999999,0.06550333333333334,0.09933666666666666,65.306,0.0066633333333333345,0.037,0.5119999999999999,0.01116333333333333,0.10351,0.10733333333333332,0.07066333333333333,0.01166,0.4126666666666666
94,96,2021-02-09,3,2,2020-2021,Minas,Flamengo,0,0.44933333333333325,0.16100000000000003,0.19888333333333333,0.08944,0.2019966666666667,0.05544333333333335,0.14655333333333337,0.10266666666666667,0.06710666666666668,1.5746666666666664,0.05367,0.12989666666666666,41.56266666666667,0.09945,0.18844333333333335,52.63866666666665,0.08944,0.10888333333333335,81.60466666666666,0.006106666666666667,0.03211,0.48066666666666663,0.011663333333333336,0.10655666666666669,0.11133333333333333,0.06710666666666668,0.012330000000000002,0.5460033333333333,0.44399666666666676,0.20000000000000007,0.17399666666666663,0.07,0.21966666666666673,0.06366666666666669,0.156,0.10700333333333334,0.05967000000000001,1.8500000000000005,0.06666333333333334,0.18433333333333332,35.77733333333333,0.08700333333333332,0.15466000000000005,56.446000000000005,0.07,0.09300666666666667,75.46266666666666,0.00566,0.03500333333333334,0.5886666666666667,0.007666666666666668,0.08166666666666664,0.09666666666666669,0.05967000000000001,0.010333333333333333,0.5453333333333334
87,67,2021-02-09,3,2,2020-2021,BRB/Brasília,Fortaleza B. C. / CFO,1,0.4021464285714286,0.15642857142857142,0.16570714285714283,0.08,0.18142142857142857,0.05428571428571429,0.12714642857142858,0.08499999999999998,0.07714642857142859,1.147857142857143,0.05214642857142859,0.15749642857142857,32.99999999999999,0.08286428571428571,0.17215,48.087857142857146,0.08,0.11106428571428571,71.52071428571428,0.0032142857142857142,0.03106785714285714,0.4142857142857143,0.007492857142857144,0.09285714285714286,0.08142857142857142,0.07714642857142859,0.011428571428571427,0.4042821428571428,0.3823333333333334,0.11799999999999998,0.20199666666666669,0.06233666666666668,0.1877733333333333,0.04622666666666666,0.14156000000000002,0.06944333333333333,0.06344666666666668,1.11,0.039336666666666666,0.12522,31.34333333333333,0.10100333333333335,0.20232999999999998,49.830666666666666,0.06233666666666668,0.088,70.55466666666668,0.00589,0.042666666666666665,0.6646666666666666,0.016440000000000003,0.09699666666666669,0.16933333333333334,0.06344666666666668,0.011226666666666666,0.42233
74,70,2021-02-10,3,2,2020-2021,Bauru Basket,Sesi Franca,1,0.38100666666666677,0.138,0.18166333333333334,0.06133333333333336,0.17549333333333333,0.04417,0.13134333333333334,0.08183666666666665,0.057836666666666675,1.424,0.046,0.1416666666666667,32.096666666666664,0.09083666666666668,0.17333333333333328,52.99666666666668,0.06133333333333336,0.08665999999999999,70.48866666666667,0.006010000000000001,0.039330000000000004,0.6906666666666667,0.009163333333333334,0.09432666666666664,0.09666666666666668,0.057836666666666675,0.009340000000000003,0.42549333333333317,0.42610999999999993,0.14533333333333331,0.20266666666666663,0.07810999999999998,0.17978000000000002,0.04022333333333334,0.13955666666666666,0.10066666666666668,0.06878,1.4773333333333332,0.04844333333333333,0.12866666666666668,37.39933333333333,0.10133333333333332,0.19133333333333327,53.63933333333333,0.07810999999999998,0.09666666666666665,81.158,0.006443333333333333,0.030889999999999994,0.45199999999999996,0.013000000000000003,0.09866666666666668,0.13200000000000003,0.06878,0.007553333333333332,0.49288666666666664
100,74,2021-02-10,3,2,2020-2021,São Paulo,Pinheiros,1,0.4408933333333334,0.16366666666666668,0.20443999999999996,0.07277333333333333,0.18822333333333333,0.04778,0.14043999999999998,0.09222333333333335,0.05811333333333334,1.6646666666666667,0.05455333333333334,0.14367,38.15466666666668,0.10222666666666666,0.17977333333333334,56.76999999999998,0.07277333333333333,0.09066333333333335,80.90133333333333,0.014556666666666671,0.03988666666666666,0.7153333333333335,0.014670000000000006,0.07956000000000002,0.1873333333333333,0.05811333333333334,0.010780000000000001,0.5332233333333333,0.37276999999999993,0.13733333333333334,0.17977666666666672,0.05566,0.18756000000000003,0.05321666666666666,0.13433333333333333,0.08966333333333334,0.07644666666666665,1.2153333333333334,0.04578000000000001,0.13377999999999998,34.186,0.08989000000000003,0.19688333333333333,45.37733333333333,0.05566,0.08410999999999999,65.41466666666668,0.0035533333333333333,0.03966666666666666,0.5353333333333333,0.012666666666666668,0.09889333333333332,0.12800000000000003,0.07644666666666665,0.010003333333333333,0.4024433333333333
79,78,2021-02-10,3,2,2020-2021,Caxias do Sul Basquete,Corinthians,1,0.38222333333333336,0.12200000000000003,0.1884466666666667,0.07178333333333332,0.17099999999999999,0.04800333333333333,0.12299666666666667,0.07445,0.07111333333333333,1.0486666666666669,0.04067000000000001,0.12199666666666666,33.440000000000005,0.09421999999999998,0.18067333333333332,52.11399999999999,0.07178333333333332,0.10155333333333334,70.89333333333335,0.006443333333333334,0.027896666666666667,0.38999999999999996,0.004666666666666667,0.11243666666666664,0.04533333333333333,0.07111333333333333,0.015220000000000001,0.39155333333333336,0.40333,0.1505,0.18066999999999994,0.07217,0.19083,0.050663333333333324,0.14016666666666663,0.08082999999999999,0.06566666666666668,1.2773333333333337,0.050166666666666665,0.14333000000000004,34.864,0.09032999999999998,0.18000333333333338,50.505333333333326,0.07217,0.09233333333333332,78.05933333333334,0.005503333333333334,0.03133000000000001,0.5046666666666667,0.011000000000000003,0.10167000000000001,0.11066666666666668,0.06566666666666668,0.00833,0.4486633333333334
75,87,2021-02-11,3,2,2020-2021,Fortaleza B. C. / CFO,UNIFACISA,0,0.38166666666666677,0.1165,0.20199666666666666,0.06317,0.18382999999999997,0.04467,0.13917000000000002,0.06733333333333333,0.06417,1.0693333333333332,0.038836666666666665,0.12583,30.80933333333333,0.10100333333333335,0.20199666666666669,49.916000000000004,0.06317,0.08833333333333335,71.31866666666669,0.005666666666666668,0.044000000000000004,0.678,0.015663333333333338,0.09783000000000001,0.162,0.06417,0.011169999999999998,0.41516333333333333,0.4136666666666667,0.13899999999999998,0.2189966666666667,0.055670000000000004,0.1788266666666667,0.04666,0.13216666666666668,0.08482999999999997,0.06434000000000001,1.379333333333333,0.04633333333333334,0.12599666666666667,37.17733333333333,0.10950333333333336,0.20183333333333328,54.18266666666667,0.055670000000000004,0.07567000000000003,72.49466666666667,0.0055000000000000005,0.03833333333333334,0.6346666666666667,0.007670000000000001,0.1056666666666667,0.07533333333333334,0.06434000000000001,0.011340000000000001,0.46700333333333344
73,86,2021-02-11,3,2,2020-2021,BRB/Brasília,Cerrado,0,0.4020033333333334,0.155,0.16765999999999998,0.07933333333333334,0.18382666666666664,0.054166666666666675,0.12967,0.08349999999999998,0.07683666666666668,1.1286666666666667,0.051670000000000015,0.15633,32.94266666666666,0.08383999999999998,0.17267333333333335,48.49333333333333,0.07933333333333334,0.10982666666666667,71.798,0.003333333333333333,0.031163333333333328,0.41666666666666674,0.007160000000000001,0.0925,0.078,0.07683666666666668,0.011333333333333332,0.40682999999999997,0.3818333333333333,0.12299999999999998,0.19366333333333335,0.06517,0.19766000000000003,0.05950333333333333,0.1381766666666667,0.07816666666666666,0.07049666666666667,1.1426666666666665,0.04099666666666668,0.1206766666666667,34.208,0.09683666666666667,0.2020033333333333,47.995999999999995,0.06517,0.09817,65.998,0.006330000000000001,0.03649999999999999,0.5046666666666666,0.011829999999999999,0.10184333333333334,0.11599999999999998,0.07049666666666667,0.01182666666666667,0.41766666666666663
61,85,2021-02-12,3,2,2020-2021,Pato Basquete,Flamengo,0,0.3844500000000001,0.10966666666666666,0.20177999999999993,0.07300333333333334,0.19098999999999997,0.05689,0.13411333333333333,0.07367,0.06999666666666667,1.0533333333333332,0.03655333333333334,0.11077666666666666,32.63533333333333,0.10088666666666665,0.21311,47.23400000000001,0.07300333333333334,0.10522333333333331,68.97466666666666,0.006889999999999999,0.04122000000000001,0.606,0.009776666666666668,0.10566333333333332,0.10000000000000003,0.06999666666666667,0.013666666666666666,0.4114500000000001,0.44393999999999995,0.20149999999999998,0.17310666666666663,0.06933333333333333,0.21827666666666673,0.06377666666666668,0.1545,0.10628000000000001,0.05878000000000001,1.8660000000000003,0.06716333333333332,0.18677666666666667,35.601333333333336,0.08656,0.15388333333333334,56.46200000000001,0.06933333333333333,0.09272999999999999,75.04266666666668,0.00577,0.034613333333333336,0.594,0.007166666666666667,0.08144333333333333,0.09066666666666669,0.05878000000000001,0.01039,0.5411666666666667
91,70,2021-02-12,3,2,2020-2021,Minas,VipTech CMB,1,0.45310999999999996,0.16133333333333336,0.20110333333333333,0.09066333333333335,0.20288666666666666,0.05533333333333334,0.14755333333333334,0.10344333333333335,0.06766333333333335,1.5746666666666664,0.05378,0.12889666666666663,42.002,0.10056333333333332,0.19044333333333335,52.635333333333314,0.09066333333333335,0.10877,83.18533333333333,0.0055533333333333355,0.030556666666666666,0.4573333333333333,0.011886666666666669,0.10733333333333335,0.11266666666666666,0.06766333333333335,0.011996666666666668,0.5511133333333333,0.38145,0.14300000000000004,0.19022666666666666,0.04822666666666667,0.19244,0.06166,0.13077999999999998,0.08278,0.061223333333333324,1.4280000000000002,0.04766666666666666,0.14355666666666667,33.17733333333334,0.09510666666666666,0.20288999999999996,46.31066666666666,0.04822666666666667,0.07955333333333334,60.40200000000001,0.0065533333333333355,0.03333333333333334,0.5740000000000001,0.007003333333333334,0.10000333333333336,0.06866666666666668,0.061223333333333324,0.010893333333333333,0.40077999999999997
76,73,2021-02-13,3,2,2020-2021,Caxias do Sul Basquete,Pinheiros,1,0.38489000000000007,0.12033333333333338,0.19089000000000003,0.07366999999999999,0.173,0.047670000000000004,0.12533,0.07633666666666666,0.07089000000000002,1.0793333333333335,0.040113333333333334,0.1216633333333333,33.074,0.09544333333333332,0.18078333333333335,52.80399999999999,0.07366999999999999,0.10400000000000002,71.05533333333332,0.006776666666666668,0.028563333333333326,0.4013333333333334,0.00511,0.11110333333333329,0.04933333333333333,0.07089000000000002,0.015333333333333334,0.3997766666666667,0.3752133333333333,0.1366666666666667,0.18155333333333334,0.05699333333333333,0.1896166666666667,0.05493999999999999,0.13466666666666666,0.08983000000000002,0.07505666666666665,1.2393333333333334,0.04555666666666666,0.13455666666666666,33.79733333333333,0.09078000000000001,0.1987733333333333,45.436,0.05699333333333333,0.08405333333333331,67.19133333333335,0.00361,0.03916666666666667,0.5379999999999999,0.012166666666666666,0.09928333333333333,0.12266666666666669,0.07505666666666665,0.009670000000000002,0.4068866666666666
63,71,2021-02-13,3,2,2020-2021,Paulistano,São Paulo,0,0.37817,0.15450000000000003,0.1730033333333333,0.050666666666666665,0.20883,0.06717333333333335,0.14166666666666672,0.08466666666666665,0.06782666666666666,1.2959999999999996,0.0515,0.16133,32.00533333333333,0.08649666666666664,0.18317000000000003,47.42733333333334,0.050666666666666665,0.07099666666666665,71.05333333333333,0.009003333333333334,0.03483000000000001,0.5233333333333333,0.0085,0.08733333333333333,0.10533333333333335,0.06782666666666666,0.013663333333333331,0.4203366666666667,0.44145,0.16283333333333333,0.20521666666666666,0.07338333333333334,0.18944666666666668,0.047223333333333326,0.14221666666666663,0.09311333333333334,0.05872333333333333,1.662666666666667,0.05427666666666667,0.14450333333333332,37.778000000000006,0.10261666666666666,0.1787166666666667,57.316,0.07338333333333334,0.0899966666666667,82.04333333333334,0.014780000000000005,0.03894333333333333,0.6920000000000003,0.01383666666666667,0.07828333333333334,0.18133333333333337,0.05872333333333333,0.01089,0.5351133333333332
87,75,2021-02-13,3,2,2020-2021,Mogi,Sesi Franca,1,0.39883333333333343,0.142,0.1846666666666667,0.07216666666666667,0.19583333333333333,0.04966666666666667,0.1461666666666667,0.0998333333333333,0.07416666666666667,1.4666666666666666,0.04733333333333334,0.13883333333333334,34.053999999999995,0.09233333333333335,0.17833333333333337,51.94266666666666,0.07216666666666667,0.09383333333333334,77.23066666666665,0.007000000000000001,0.03366666666666666,0.478,0.013666666666666667,0.10133333333333332,0.13933333333333328,0.07416666666666667,0.012,0.46849999999999997,0.4215533333333334,0.14266666666666664,0.2013333333333333,0.07755333333333332,0.1784466666666667,0.038666666666666676,0.13978000000000004,0.09878,0.06878,1.447333333333333,0.04755333333333333,0.12722,37.146,0.10066666666666665,0.19111333333333333,53.34066666666668,0.07755333333333332,0.09633333333333333,80.90333333333334,0.006333333333333332,0.030666666666666665,0.4479999999999999,0.012446666666666668,0.09922000000000002,0.1246666666666667,0.06878,0.00722,0.48421999999999993
74,93,2021-02-14,3,2,2020-2021,VipTech CMB,Flamengo,0,0.38306,0.13900000000000004,0.19644999999999999,0.04761666666666667,0.19271666666666668,0.06199333333333333,0.13072333333333333,0.08372333333333333,0.05978000000000001,1.47,0.04633333333333334,0.14328,32.30533333333334,0.09821666666666665,0.20544666666666664,47.37133333333334,0.04761666666666667,0.07927666666666666,59.596000000000004,0.006276666666666668,0.034,0.5946666666666667,0.00667,0.10000333333333336,0.06600000000000002,0.05978000000000001,0.010616666666666665,0.40455666666666656,0.4438833333333333,0.20299999999999999,0.17221666666666666,0.06866666666666667,0.21688666666666673,0.06388666666666667,0.153,0.10555666666666669,0.05789,1.8820000000000001,0.06766333333333334,0.18922,35.425333333333334,0.08611666666666666,0.15310666666666664,56.478000000000016,0.06866666666666667,0.09245333333333333,74.62266666666667,0.00588,0.034223333333333335,0.5993333333333335,0.006666666666666665,0.08122,0.08466666666666667,0.05789,0.010446666666666667,0.537
67,83,2021-02-14,3,2,2020-2021,Pato Basquete,Minas,0,0.3818933333333335,0.111,0.20022333333333328,0.07067000000000001,0.18787666666666666,0.05478,0.13311333333333333,0.07345,0.07111,1.0339999999999998,0.03699666666666667,0.11022,33.23800000000001,0.10010999999999999,0.21077666666666667,47.344,0.07067000000000001,0.10378,67.57799999999999,0.007113333333333333,0.042330000000000007,0.6133333333333334,0.01011,0.10499666666666665,0.10400000000000001,0.07111,0.013886666666666665,0.4075600000000001,0.45122,0.15916666666666668,0.20221333333333336,0.08983000000000002,0.20360999999999996,0.05466666666666667,0.14894333333333337,0.10288666666666667,0.06816333333333335,1.5573333333333332,0.05305666666666666,0.12811999999999996,41.67933333333334,0.10112,0.19105333333333338,52.741333333333316,0.08983000000000002,0.10738000000000002,83.53333333333335,0.005443333333333336,0.029613333333333332,0.4426666666666667,0.011610000000000002,0.10766666666666666,0.11,0.06816333333333335,0.011830000000000004,0.5482233333333333
88,83,2021-02-24,4,2,2020-2021,UNIFACISA,Caxias do Sul Basquete,1,0.41089,0.13766666666666666,0.21688666666666673,0.05633666666666669,0.17821666666666666,0.04588333333333334,0.13233333333333336,0.08521999999999999,0.06611666666666667,1.360666666666667,0.045890000000000014,0.12566333333333335,36.910666666666664,0.10844666666666668,0.20088999999999996,53.915333333333336,0.05633666666666669,0.07700333333333335,72.17733333333332,0.00511,0.03789000000000001,0.62,0.008113333333333335,0.10600000000000004,0.07933333333333335,0.06611666666666667,0.011783333333333335,0.4613366666666668,0.3875566666666667,0.1186666666666667,0.19333333333333336,0.07555666666666666,0.175,0.04733666666666667,0.12766333333333332,0.07822333333333334,0.07066666666666667,1.11,0.03955666666666667,0.12132999999999998,32.708,0.09666666666666666,0.18089333333333332,53.49399999999999,0.07555666666666666,0.10644666666666668,71.21733333333333,0.007110000000000002,0.029229999999999992,0.4126666666666667,0.005553333333333333,0.10976999999999996,0.05333333333333333,0.07066666666666667,0.015446666666666668,0.4080000000000001
52,97,2021-02-24,4,2,2020-2021,Pinheiros,BRB/Brasília,0,0.37765666666666664,0.13600000000000004,0.18333000000000002,0.05832666666666668,0.1916733333333334,0.05666333333333333,0.13499999999999998,0.08999666666666668,0.07366666666666664,1.2633333333333334,0.04533333333333332,0.13533333333333333,33.40866666666666,0.09167,0.20066333333333328,45.49466666666667,0.05832666666666668,0.08399666666666666,68.968,0.0036666666666666666,0.03866666666666667,0.5406666666666666,0.011666666666666667,0.09967333333333334,0.11733333333333335,0.07366666666666664,0.009336666666666667,0.41133000000000003,0.40233666666666673,0.15333333333333332,0.17154999999999995,0.07744333333333334,0.18554999999999996,0.05289,0.13267,0.08322333333333333,0.07578,1.136,0.05111333333333335,0.15388666666666667,33.07266666666666,0.08578333333333332,0.17478333333333335,49.03333333333333,0.07744333333333334,0.10721666666666667,71.86466666666666,0.003223333333333333,0.03133,0.4240000000000001,0.006550000000000002,0.09189,0.072,0.07578,0.010556666666666666,0.4116633333333333
78,84,2021-02-24,4,2,2020-2021,Cerrado,Mogi,0,0.3855566666666667,0.12599999999999997,0.19399666666666665,0.06556000000000001,0.19788333333333336,0.05977999999999999,0.13812,0.07899999999999997,0.06966333333333334,1.1746666666666665,0.041996666666666675,0.12112000000000003,34.85933333333333,0.09700333333333333,0.20344666666666666,47.728666666666655,0.06556000000000001,0.09722666666666666,67.25866666666668,0.006330000000000001,0.03688999999999999,0.5186666666666666,0.011996666666666666,0.10045333333333334,0.1193333333333333,0.06966333333333334,0.012216666666666669,0.42444333333333334,0.3996666666666667,0.143,0.1826666666666667,0.07400000000000001,0.198,0.05000000000000001,0.14800000000000005,0.10066666666666665,0.076,1.4433333333333336,0.04766666666666666,0.1396666666666667,34.028666666666666,0.09133333333333335,0.17633333333333337,52.00466666666666,0.07400000000000001,0.09566666666666666,77.568,0.007666666666666667,0.033,0.46199999999999997,0.013666666666666667,0.10366666666666667,0.13799999999999998,0.076,0.013,0.4703333333333333
109,68,2021-02-25,4,2,2020-2021,Sesi Franca,Pato Basquete,1,0.42299666666666663,0.145,0.20033333333333336,0.07766333333333333,0.17300333333333334,0.03683333333333335,0.13617,0.09766999999999998,0.06766999999999998,1.4486666666666665,0.04833,0.12666333333333335,38.01066666666667,0.10016666666666668,0.1895033333333333,53.48066666666668,0.07766333333333333,0.09616666666666666,81.13466666666666,0.0065000000000000014,0.03166666666666666,0.4666666666666666,0.012169999999999997,0.09899666666666668,0.12200000000000003,0.06766999999999998,0.007496666666666666,0.4836633333333333,0.38317,0.11600000000000002,0.19600000000000004,0.07117000000000001,0.18882000000000002,0.05533666666666667,0.13350333333333333,0.07434,0.07266666666666667,1.0253333333333332,0.038663333333333334,0.11099666666666666,34.74933333333333,0.09800000000000002,0.20866666666666664,46.85866666666666,0.07117000000000001,0.10400333333333335,68.03599999999999,0.007336666666666667,0.041830000000000006,0.5880000000000002,0.011,0.10432999999999999,0.11266666666666666,0.07266666666666667,0.014496666666666665,0.41067
90,92,2021-02-25,4,2,2020-2021,São Paulo,Minas,0,0.4420066666666667,0.162,0.20599333333333328,0.07399333333333334,0.19067,0.046666666666666655,0.14399333333333333,0.09400333333333334,0.05933333333333333,1.6606666666666667,0.054000000000000006,0.1453366666666667,37.40133333333334,0.10300666666666668,0.17766,57.862,0.07399333333333334,0.08933000000000003,83.18533333333335,0.015003333333333337,0.038,0.668666666666667,0.013003333333333337,0.07700666666666667,0.1753333333333333,0.05933333333333333,0.011,0.5370033333333333,0.44933,0.157,0.20332333333333336,0.08899666666666667,0.2043333333333333,0.05400000000000002,0.15033333333333332,0.10233,0.06866333333333334,1.5399999999999996,0.05233333333333333,0.1273433333333333,41.356666666666676,0.10167666666666665,0.19166333333333338,52.84733333333331,0.08899666666666667,0.10599000000000001,83.88133333333334,0.005333333333333335,0.028669999999999998,0.4280000000000001,0.011333333333333334,0.108,0.10733333333333335,0.06866333333333334,0.011663333333333336,0.5453333333333333
70,84,2021-02-25,4,2,2020-2021,Paulistano,Flamengo,0,0.3793366666666666,0.159,0.17066999999999993,0.049666666666666665,0.20632999999999999,0.06700666666666667,0.13933333333333336,0.08433333333333332,0.06799333333333334,1.286,0.052999999999999985,0.16533,32.227999999999994,0.08532999999999996,0.18067000000000005,47.44000000000001,0.049666666666666665,0.06899666666666666,71.55333333333333,0.009336666666666667,0.03533,0.5293333333333333,0.008333333333333333,0.087,0.10333333333333335,0.06799333333333334,0.014329999999999999,0.41867000000000004,0.4429933333333333,0.20049999999999998,0.17299333333333336,0.06949999999999999,0.21233000000000005,0.06149666666666667,0.15083333333333332,0.10550000000000001,0.057666666666666665,1.8893333333333333,0.06683,0.18883,35.101333333333336,0.08650666666666666,0.15099666666666664,57.454666666666675,0.06949999999999999,0.09334333333333335,74.784,0.005823333333333334,0.034,0.5986666666666668,0.006999999999999998,0.08116333333333332,0.08933333333333332,0.057666666666666665,0.010836666666666666,0.5338333333333334
66,88,2021-02-26,4,2,2020-2021,BRB/Brasília,Caxias do Sul Basquete,0,0.4018933333333334,0.152,0.17554999999999998,0.07433,0.1857733333333333,0.05178000000000001,0.13400333333333336,0.08444666666666666,0.07522333333333335,1.1566666666666665,0.05066666666666667,0.15188666666666664,33.181333333333335,0.08778333333333332,0.17745000000000002,49.44266666666667,0.07433,0.10299666666666665,71.92666666666666,0.0027799999999999995,0.031663333333333335,0.4306666666666668,0.006216666666666668,0.09177999999999999,0.06866666666666667,0.07522333333333335,0.010223333333333334,0.4152199999999999,0.3937766666666667,0.12333333333333338,0.1955566666666667,0.07488999999999998,0.17744333333333331,0.04778000000000001,0.12966333333333332,0.08166666666666668,0.07022333333333333,1.1693333333333336,0.041109999999999994,0.1225533333333333,33.513333333333335,0.09777666666666666,0.18156,53.950666666666656,0.07488999999999998,0.10533666666666669,71.29666666666665,0.006776666666666667,0.02967333333333333,0.422,0.0056633333333333345,0.10821666666666663,0.05466666666666666,0.07022333333333333,0.015336666666666669,0.4223333333333334
73,87,2021-02-26,4,2,2020-2021,Pinheiros,UNIFACISA,0,0.36954666666666663,0.13033333333333336,0.18199666666666667,0.05721666666666667,0.19256333333333334,0.05588666666666667,0.13666666666666666,0.0881066666666667,0.07388666666666666,1.2353333333333332,0.04344333333333332,0.13499999999999995,32.106,0.09100333333333334,0.20132999999999998,45.001333333333335,0.05721666666666667,0.08288666666666668,68.58266666666667,0.004223333333333333,0.03844666666666667,0.536,0.011446666666666667,0.09645000000000001,0.12000000000000002,0.07388666666666666,0.009226666666666666,0.3986633333333333,0.4116699999999999,0.14066666666666666,0.21377666666666667,0.05722666666666668,0.17844,0.04588333333333334,0.1325566666666667,0.08721999999999998,0.06556000000000001,1.4046666666666667,0.04689000000000001,0.12788666666666668,37.01866666666667,0.10689000000000001,0.20055666666666663,53.23866666666667,0.05722666666666668,0.07800333333333334,72.38266666666667,0.004776666666666667,0.038336666666666665,0.6320000000000001,0.00889,0.10577666666666669,0.08733333333333335,0.06556000000000001,0.012003333333333333,0.46356000000000014
83,61,2021-02-26,4,2,2020-2021,Corinthians,Cerrado,1,0.4076633333333334,0.15499999999999997,0.18000333333333327,0.07267,0.19066333333333332,0.05032999999999999,0.14033333333333334,0.08166333333333334,0.06333333333333334,1.3553333333333333,0.05166666666666667,0.14566333333333334,35.256,0.08999666666666664,0.17967000000000002,50.40133333333333,0.07267,0.09399999999999999,77.256,0.005003333333333334,0.032996666666666674,0.5606666666666666,0.010333333333333335,0.10067000000000001,0.10600000000000002,0.06333333333333334,0.0073300000000000014,0.45499666666666677,0.38666999999999996,0.12599999999999997,0.1957733333333333,0.06489333333333334,0.19633,0.05955666666666667,0.13678666666666667,0.07899999999999997,0.06955333333333333,1.1766666666666665,0.04199666666666668,0.11989666666666669,35.162666666666674,0.09789333333333333,0.2055566666666667,47.648666666666664,0.06489333333333334,0.09534,68.18933333333334,0.006773333333333335,0.03788999999999999,0.5353333333333333,0.012106666666666667,0.09945333333333334,0.1213333333333333,0.06955333333333333,0.012883333333333335,0.4264433333333334
84,94,2021-02-26,4,2,2020-2021,Mogi,Fortaleza B. C. / CFO,0,0.40544333333333343,0.14466666666666667,0.18733333333333338,0.07344333333333332,0.19911,0.051890000000000006,0.14722333333333334,0.10189000000000002,0.07644333333333334,1.4526666666666668,0.04822333333333333,0.1402233333333333,34.29066666666666,0.09366666666666669,0.17989000000000002,52.45666666666666,0.07344333333333332,0.09355666666666666,78.532,0.007776666666666667,0.03244333333333334,0.4526666666666666,0.014890000000000002,0.10411000000000001,0.14866666666666667,0.07644333333333334,0.012889999999999997,0.479,0.38300000000000006,0.1145,0.2039966666666667,0.06450333333333334,0.18216333333333332,0.04417000000000001,0.13800333333333334,0.0665,0.06517,1.0433333333333334,0.03817,0.12566333333333332,30.323999999999998,0.10200333333333335,0.2021633333333334,50.37800000000001,0.06450333333333334,0.08950000000000001,71.994,0.0055000000000000005,0.04533333333333334,0.6893333333333334,0.015163333333333338,0.09999666666666668,0.15533333333333335,0.06517,0.011336666666666669,0.41433
101,55,2021-02-27,4,2,2020-2021,Bauru Basket,Pato Basquete,1,0.38145,0.14033333333333334,0.18088666666666667,0.06022333333333336,0.17588333333333334,0.04511333333333334,0.1307866666666667,0.08267,0.05844666666666668,1.4226666666666667,0.046776666666666675,0.14222333333333337,32.49733333333333,0.09044666666666666,0.17366666666666664,52.65666666666667,0.06022333333333336,0.08621666666666666,69.37066666666668,0.00612,0.03999666666666667,0.6933333333333334,0.009330000000000001,0.09488333333333333,0.09866666666666668,0.05844666666666668,0.008673333333333335,0.4262166666666666,0.38117000000000006,0.12000000000000002,0.18800000000000003,0.07317000000000001,0.1889866666666667,0.055670000000000004,0.1333366666666667,0.07534,0.07283333333333335,1.0399999999999998,0.039996666666666666,0.11466333333333334,35.24733333333334,0.09400000000000001,0.20466666666666666,45.794,0.07317000000000001,0.10467000000000001,69.86466666666665,0.007169999999999999,0.04049666666666667,0.5626666666666668,0.011333333333333332,0.10399666666666667,0.116,0.07283333333333335,0.01483,0.40767000000000003
78,86,2021-02-27,4,2,2020-2021,VipTech CMB,Paulistano,0,0.38466999999999996,0.13500000000000004,0.20267333333333332,0.04700666666666667,0.19299333333333335,0.06232666666666667,0.13066666666666665,0.08466666666666667,0.05833666666666667,1.512,0.045000000000000005,0.14300333333333334,31.433333333333334,0.10132666666666663,0.20800333333333326,48.432000000000016,0.04700666666666667,0.079,58.79,0.006000000000000003,0.034666666666666665,0.6153333333333334,0.006336666666666666,0.10000333333333335,0.06333333333333334,0.05833666666666667,0.010339999999999998,0.40833333333333327,0.38166999999999995,0.15883333333333335,0.17377999999999993,0.049056666666666665,0.20649666666666666,0.06545000000000001,0.1410566666666667,0.08516666666666664,0.06671666666666667,1.3219999999999998,0.05294333333333333,0.16449666666666665,32.41,0.08688666666666664,0.1808366666666667,48.17466666666667,0.049056666666666665,0.06972,69.95599999999999,0.009170000000000001,0.035886666666666664,0.5466666666666666,0.008443333333333334,0.08639000000000001,0.10466666666666669,0.06671666666666667,0.014663333333333332,0.4247800000000001
93,74,2021-02-27,4,2,2020-2021,Flamengo,São Paulo,1,0.44115999999999994,0.20249999999999999,0.17099333333333336,0.06766666666666668,0.20833000000000002,0.06033,0.148,0.10683333333333336,0.0575,1.9206666666666667,0.06749666666666668,0.18899666666666667,35.376,0.08550666666666666,0.14899666666666667,57.39133333333334,0.06766666666666668,0.09117666666666668,74.422,0.005490000000000001,0.03316666666666667,0.5853333333333334,0.006999999999999998,0.08183,0.08866666666666667,0.0575,0.01067,0.5305,0.4367833333333334,0.16066666666666665,0.2018833333333333,0.07421666666666667,0.1888366666666667,0.04610999999999999,0.14271666666666666,0.09117,0.06011,1.5719999999999998,0.05355666666666667,0.14261333333333331,37.9,0.10095000000000001,0.1767166666666667,57.046000000000014,0.07421666666666667,0.09038666666666667,82.46266666666666,0.013503333333333336,0.036056666666666654,0.6180000000000002,0.013113333333333336,0.07795,0.17533333333333337,0.06011,0.01044333333333333,0.5248366666666667
87,93,2021-02-27,4,2,2020-2021,Sesi Franca,Minas,0,0.43099666666666675,0.1475,0.20533333333333334,0.07816333333333332,0.1693366666666667,0.03500000000000001,0.1343366666666667,0.09900333333333332,0.06533666666666667,1.5333333333333328,0.04916333333333333,0.12633000000000003,38.847333333333346,0.10266666666666667,0.18967,54.63400000000001,0.07816333333333332,0.097,81.00199999999998,0.007500000000000001,0.033166666666666664,0.5093333333333333,0.012003333333333331,0.09866333333333334,0.1206666666666667,0.06533666666666667,0.007496666666666666,0.4961633333333333,0.4472733333333334,0.1615,0.20154666666666668,0.08422,0.20149999999999996,0.05283333333333333,0.1486666666666667,0.10138666666666667,0.06755333333333334,1.5526666666666666,0.05383333333333332,0.12728666666666666,42.42333333333333,0.10078666666666665,0.1901066666666667,52.83533333333332,0.08422,0.10221333333333334,81.94000000000001,0.005500000000000003,0.02761333333333333,0.42000000000000015,0.011223333333333333,0.10677666666666667,0.10733333333333335,0.06755333333333334,0.011053333333333335,0.5406666666666666
91,88,2021-02-28,4,2,2020-2021,Caxias do Sul Basquete,Cerrado,1,0.3960533333333333,0.1271666666666667,0.1944466666666667,0.07444666666666667,0.18088666666666667,0.048723333333333334,0.13216333333333333,0.08316666666666667,0.06928000000000001,1.2080000000000004,0.04238666666666666,0.12477666666666666,33.82066666666667,0.09722000000000001,0.18111666666666668,53.77399999999999,0.07444666666666667,0.10533666666666669,70.852,0.00672,0.029339999999999995,0.4233333333333333,0.005830000000000001,0.10727333333333332,0.05666666666666667,0.06928000000000001,0.01533666666666667,0.4288333333333334,0.38778333333333337,0.12599999999999997,0.19754999999999998,0.06422666666666668,0.19477666666666668,0.059333333333333335,0.13545333333333334,0.07899999999999999,0.06944333333333333,1.1786666666666668,0.04199666666666668,0.11867333333333337,35.466,0.09878333333333332,0.20766666666666672,47.56866666666666,0.06422666666666668,0.09345333333333332,69.11999999999999,0.007216666666666667,0.038889999999999994,0.5519999999999999,0.012216666666666666,0.09845333333333332,0.12333333333333331,0.06944333333333333,0.013550000000000003,0.4284433333333334
96,70,2021-02-28,4,2,2020-2021,Corinthians,BRB/Brasília,1,0.4098300000000001,0.16049999999999998,0.17966999999999994,0.06967,0.18999666666666665,0.04933,0.14066666666666666,0.08283,0.06416666666666668,1.3539999999999999,0.053500000000000006,0.14483,36.624,0.08982999999999998,0.18017000000000002,50.14133333333333,0.06967,0.09033333333333333,77.246,0.004836666666666667,0.033163333333333336,0.5559999999999999,0.0105,0.09933666666666667,0.10933333333333334,0.06416666666666668,0.006496666666666667,0.45983000000000007,0.40145,0.15066666666666667,0.17954999999999996,0.07121666666666666,0.18599666666666662,0.05067000000000001,0.13533666666666672,0.08567,0.07466666666666667,1.1773333333333331,0.05022,0.14988666666666667,33.28999999999999,0.08978333333333333,0.18011666666666665,49.852,0.07121666666666666,0.09877666666666668,71.98866666666667,0.002336666666666667,0.031996666666666666,0.4373333333333334,0.005883333333333335,0.09166999999999999,0.06533333333333334,0.07466666666666667,0.00989,0.4187766666666667
88,70,2021-02-28,4,2,2020-2021,UNIFACISA,Mogi,1,0.41244999999999993,0.1436666666666667,0.21066666666666667,0.058116666666666685,0.1786633333333333,0.045883333333333325,0.13278,0.08922,0.06500333333333333,1.4486666666666665,0.04789,0.13011,37.126666666666665,0.10533333333333333,0.20022333333333328,52.562000000000005,0.058116666666666685,0.07900333333333333,72.588,0.004443333333333333,0.03878333333333333,0.6440000000000001,0.009666666666666665,0.10555333333333335,0.09533333333333334,0.06500333333333333,0.012223333333333334,0.4657833333333334,0.39922,0.14433333333333334,0.18333333333333338,0.07155333333333333,0.19988666666666668,0.05344666666666667,0.1464466666666667,0.10111333333333335,0.07988666666666666,1.282,0.048113333333333334,0.14211333333333334,33.725333333333325,0.09166666666666669,0.17578,52.464000000000006,0.07155333333333333,0.09044666666666666,79.00266666666667,0.007553333333333332,0.03222,0.40799999999999986,0.014780000000000005,0.10522000000000002,0.14533333333333331,0.07988666666666666,0.012779999999999996,0.4703333333333333
46,92,2021-02-28,4,2,2020-2021,Pinheiros,Fortaleza B. C. / CFO,0,0.3614366666666667,0.1246666666666667,0.18066333333333334,0.05610666666666667,0.19345333333333334,0.055110000000000006,0.1383333333333333,0.08621666666666669,0.07410666666666664,1.2073333333333331,0.041553333333333324,0.13466666666666663,30.80333333333333,0.09033666666666666,0.20199666666666663,44.508,0.05610666666666667,0.08177666666666665,68.19733333333335,0.00478,0.038226666666666666,0.5313333333333333,0.011226666666666668,0.0932266666666667,0.12266666666666669,0.07410666666666664,0.009116666666666667,0.3859966666666666,0.39166666666666666,0.1185,0.20766333333333334,0.06550333333333333,0.18683,0.04583666666666667,0.14100333333333334,0.068,0.06367,1.1246666666666667,0.039503333333333335,0.12816333333333332,30.68933333333333,0.10383666666666666,0.20433000000000004,50.746,0.06550333333333333,0.09166666666666666,71.49600000000001,0.005333333333333334,0.046333333333333344,0.7326666666666668,0.01616333333333334,0.09883000000000002,0.1713333333333333,0.06367,0.010836666666666668,0.4299966666666667
84,85,2021-03-01,5,2,2020-2021,São Paulo,Pato Basquete,0,0.43156000000000005,0.1593333333333333,0.1977733333333333,0.07444,0.18700333333333335,0.04555333333333333,0.14144000000000004,0.08833666666666667,0.060886666666666665,1.4833333333333334,0.05311333333333334,0.13989,38.39866666666667,0.09889333333333333,0.17577333333333336,56.230000000000004,0.07444,0.09144333333333332,81.74000000000001,0.012003333333333335,0.03411333333333333,0.5673333333333334,0.013223333333333339,0.07889333333333333,0.1753333333333333,0.060886666666666665,0.009886666666666665,0.5126700000000001,0.37667000000000006,0.11900000000000001,0.184,0.07367000000000003,0.1868766666666667,0.05478000000000001,0.13211333333333333,0.07456333333333334,0.07122333333333335,1.0546666666666666,0.039663333333333335,0.11699666666666668,34.43266666666667,0.092,0.20299999999999999,45.111999999999995,0.07367000000000003,0.10467000000000001,70.42066666666665,0.006893333333333333,0.03988666666666666,0.5666666666666668,0.010223333333333333,0.10544,0.10266666666666664,0.07122333333333335,0.01433,0.39767
76,74,2021-03-01,5,2,2020-2021,Paulistano,Minas,1,0.38400333333333325,0.15866666666666665,0.17688999999999994,0.048446666666666666,0.2066633333333333,0.06389333333333334,0.14278000000000005,0.08599999999999998,0.06544,1.3579999999999999,0.05288666666666666,0.16366333333333333,32.592,0.0884433333333333,0.18100333333333338,48.90933333333334,0.048446666666666666,0.07044333333333334,68.35866666666668,0.009003333333333334,0.036443333333333335,0.5640000000000001,0.008553333333333335,0.08578000000000001,0.10600000000000002,0.06544,0.014996666666666669,0.4308900000000001,0.44521666666666676,0.16599999999999998,0.19977000000000003,0.07944333333333332,0.19866666666666663,0.05166666666666667,0.147,0.10044333333333334,0.06644333333333334,1.565333333333333,0.05533333333333333,0.12723,43.489999999999995,0.09989666666666668,0.18855000000000008,52.82333333333333,0.07944333333333332,0.09843666666666667,79.99866666666668,0.00566666666666667,0.026556666666666666,0.4120000000000001,0.011113333333333334,0.10555333333333335,0.10733333333333335,0.06644333333333334,0.010443333333333334,0.5359999999999999
104,92,2021-03-02,5,2,2020-2021,Bauru Basket,VipTech CMB,1,0.3892266666666666,0.14966666666666667,0.17844333333333326,0.06111333333333335,0.1791066666666667,0.04522333333333333,0.1338966666666667,0.08533666666666666,0.05789000000000001,1.4920000000000002,0.049886666666666676,0.14411333333333334,33.977999999999994,0.08922333333333331,0.17133333333333328,52.73133333333333,0.06111333333333335,0.08810666666666668,68.888,0.0058966666666666655,0.03799666666666667,0.6620000000000001,0.009330000000000001,0.09410666666666666,0.09933333333333334,0.05789000000000001,0.008006666666666669,0.43977333333333324,0.3843366666666666,0.13500000000000004,0.2030066666666667,0.04634000000000001,0.19416000000000003,0.06366000000000001,0.13049999999999998,0.08650000000000001,0.059169999999999986,1.5213333333333336,0.04500000000000001,0.14300333333333334,31.433333333333337,0.10149333333333331,0.20866999999999997,48.34933333333334,0.04634000000000001,0.07916666666666665,57.93266666666667,0.005666666666666669,0.034,0.5999999999999999,0.006003333333333332,0.09966999999999998,0.060000000000000005,0.059169999999999986,0.009839999999999998,0.40783333333333327
91,94,2021-03-02,5,2,2020-2021,Sesi Franca,Flamengo,0,0.4328300000000001,0.14400000000000002,0.20900000000000002,0.07983,0.16517000000000007,0.03316666666666668,0.13200333333333333,0.09633666666666665,0.06317,1.5639999999999996,0.04799666666666666,0.12266333333333336,38.99933333333334,0.10450000000000001,0.19033666666666668,55.33666666666667,0.07983,0.09966666666666667,80.51533333333332,0.008166666666666668,0.032499999999999994,0.5239999999999999,0.011503333333333334,0.09766333333333335,0.1166666666666667,0.06317,0.007163333333333333,0.49483,0.44155,0.206,0.16955,0.066,0.20933,0.061996666666666665,0.14733333333333334,0.10866666666666669,0.057109999999999994,1.9673333333333332,0.06866333333333334,0.19099666666666668,35.548,0.08478333333333334,0.14922,56.79,0.066,0.0897866666666667,73.52799999999999,0.0055466666666666685,0.034,0.604,0.0068899999999999986,0.08210666666666668,0.08666666666666668,0.057109999999999994,0.010113333333333334,0.5327766666666666
81,82,2021-03-03,5,2,2020-2021,Caxias do Sul Basquete,Fortaleza B. C. / CFO,0,0.39833,0.13100000000000003,0.19333666666666668,0.07400333333333334,0.18433,0.049666666666666665,0.13466333333333333,0.08466666666666668,0.06833666666666667,1.2466666666666668,0.043663333333333325,0.12699999999999997,34.128,0.09666333333333334,0.18067333333333335,53.59733333333332,0.07400333333333334,0.10533666666666669,70.40733333333333,0.006663333333333333,0.02900666666666667,0.4246666666666666,0.0059966666666666675,0.10633,0.05866666666666667,0.06833666666666667,0.01533666666666667,0.4353333333333334,0.397,0.12233333333333334,0.21155333333333332,0.06311333333333333,0.18988666666666668,0.04744666666666667,0.14244666666666667,0.07066666666666667,0.06211333333333334,1.2253333333333332,0.040780000000000004,0.13188666666666665,30.68933333333333,0.10578,0.20655333333333337,51.157333333333334,0.06311333333333333,0.08933333333333332,70.74533333333333,0.005333333333333334,0.047000000000000014,0.7713333333333333,0.016553333333333337,0.09588666666666668,0.184,0.06211333333333334,0.010780000000000001,0.4408866666666667
73,113,2021-03-04,5,2,2020-2021,VipTech CMB,Sesi Franca,0,0.38550333333333325,0.13600000000000004,0.2030066666666667,0.04650666666666667,0.19299333333333335,0.06466000000000001,0.12833333333333333,0.08816666666666667,0.061169999999999995,1.508,0.045333333333333344,0.14283666666666667,31.712,0.10149333333333331,0.20866999999999997,48.34933333333334,0.04650666666666667,0.08,57.57533333333333,0.005666666666666669,0.034499999999999996,0.5939999999999999,0.0061699999999999975,0.09883666666666666,0.06199999999999999,0.061169999999999995,0.009339999999999998,0.40799999999999986,0.4359966666666667,0.141,0.21400000000000002,0.08099666666666666,0.16217000000000006,0.03200000000000001,0.13017,0.09350333333333333,0.06217000000000001,1.5486666666666664,0.04699666666666667,0.11849666666666668,39.502,0.10700000000000001,0.1930033333333333,55.78133333333333,0.08099666666666666,0.10183333333333335,79.92733333333331,0.009166666666666667,0.03333333333333333,0.5473333333333332,0.011003333333333335,0.09766333333333334,0.11200000000000003,0.06217000000000001,0.007163333333333335,0.4954966666666667
91,86,2021-03-04,5,2,2020-2021,Flamengo,Bauru Basket,1,0.4432733333333333,0.2045,0.16943999999999998,0.06933333333333333,0.20916333333333328,0.06182999999999999,0.14733333333333334,0.10833333333333336,0.05772,1.947333333333333,0.06816333333333334,0.19016333333333335,35.452000000000005,0.08472666666666666,0.14877666666666667,56.93066666666666,0.06933333333333333,0.09373000000000002,73.57199999999999,0.005770000000000002,0.03383333333333333,0.5986666666666667,0.007613333333333332,0.08438333333333332,0.09133333333333332,0.05772,0.009890000000000001,0.5340533333333333,0.3950033333333333,0.15350000000000003,0.18066666666666664,0.06083666666666669,0.17949666666666667,0.04583333333333333,0.13367333333333334,0.08550333333333333,0.05716666666666668,1.5173333333333334,0.05116333333333334,0.14483666666666667,34.67066666666666,0.09033333333333332,0.1738333333333333,52.58133333333334,0.06083666666666669,0.08766333333333334,68.96066666666665,0.005673333333333333,0.038163333333333334,0.6773333333333335,0.009330000000000001,0.09633000000000001,0.0986666666666667,0.05716666666666668,0.007506666666666669,0.44632999999999995
77,83,2021-03-06,5,2,2020-2021,Fortaleza B. C. / CFO,Corinthians,0,0.39783333333333337,0.12166666666666665,0.21511,0.06105666666666666,0.18861,0.04789,0.1407233333333333,0.07066666666666666,0.06272333333333334,1.218,0.04055666666666667,0.13211,30.429333333333332,0.10755666666666666,0.20677666666666672,51.996,0.06105666666666666,0.08616666666666667,71.01,0.005333333333333334,0.047166666666666676,0.7693333333333333,0.016110000000000003,0.09494333333333334,0.18133333333333335,0.06272333333333334,0.011390000000000004,0.4417766666666667,0.41199666666666673,0.16599999999999998,0.17933666666666664,0.06667000000000001,0.18933,0.048330000000000005,0.141,0.08399666666666668,0.065,1.3526666666666667,0.05533333333333334,0.14399666666666666,37.992000000000004,0.08966333333333333,0.18067000000000003,49.88133333333334,0.06667000000000001,0.08666666666666666,77.23599999999998,0.00467,0.03333,0.5513333333333333,0.010666666666666668,0.09800333333333335,0.11266666666666666,0.065,0.005663333333333334,0.4646633333333334
62,69,2021-03-09,6,2,2020-2021,Mogi,Paulistano,0,0.39866333333333337,0.14250000000000002,0.18500000000000003,0.07116333333333333,0.20283,0.055003333333333335,0.14783666666666667,0.10067000000000002,0.08016333333333332,1.272,0.04750333333333333,0.14317000000000002,33.038666666666664,0.09250000000000001,0.17700333333333332,52.605333333333334,0.07116333333333333,0.09017,78.826,0.007996666666666664,0.031830000000000004,0.40199999999999997,0.01533666666666667,0.10583000000000002,0.14933333333333332,0.08016333333333332,0.012169999999999997,0.47,0.38566999999999996,0.161,0.1733333333333333,0.05133666666666667,0.20499666666666666,0.06267000000000002,0.14233666666666667,0.08699999999999998,0.06433,1.3926666666666667,0.05366333333333332,0.16466333333333333,32.87133333333333,0.08666666666666666,0.17600333333333337,49.12066666666668,0.05133666666666667,0.07533333333333334,67.758,0.009003333333333334,0.03666666666666667,0.574,0.009330000000000001,0.08733666666666667,0.11200000000000002,0.06433,0.015330000000000003,0.4350000000000001
92,46,2021-03-10,6,2,2020-2021,São Paulo,BRB/Brasília,1,0.42700333333333335,0.16,0.19132999999999997,0.07566333333333335,0.1893366666666667,0.046996666666666666,0.14233,0.08733666666666667,0.06133,1.4400000000000002,0.05333666666666668,0.14066666666666666,38.358666666666664,0.09567,0.17366333333333336,55.06533333333334,0.07566333333333335,0.09333333333333332,81.34400000000001,0.010670000000000002,0.03167,0.5086666666666667,0.01366666666666667,0.07867,0.18133333333333332,0.06133,0.009330000000000001,0.5046700000000001,0.39850666666666673,0.147,0.18132666666666666,0.07016,0.18599666666666664,0.051336666666666676,0.13467,0.08467,0.07550000000000003,1.1493333333333333,0.04899666666666666,0.14749666666666666,33.03666666666666,0.09067333333333333,0.1800066666666666,50.35,0.07016,0.09749999999999999,71.88666666666667,0.002336666666666667,0.03199666666666667,0.4320000000000001,0.005826666666666668,0.09233666666666666,0.06400000000000002,0.07550000000000003,0.011,0.41633333333333333
89,88,2021-03-11,6,2,2020-2021,Pato Basquete,Pinheiros,1,0.38000333333333336,0.121,0.18599999999999997,0.07300333333333334,0.18610000000000004,0.053556666666666676,0.13255666666666668,0.07745333333333335,0.06744666666666667,1.3213333333333332,0.04033,0.12066333333333334,34.028666666666666,0.093,0.20199999999999999,45.882,0.07300333333333334,0.10333666666666667,70.844,0.007449999999999999,0.03877666666666666,0.5993333333333335,0.009446666666666666,0.1062166666666667,0.09266666666666667,0.06744666666666667,0.013663333333333335,0.40467000000000003,0.3533266666666667,0.11900000000000004,0.17933000000000002,0.05499666666666668,0.19434333333333334,0.054333333333333345,0.14,0.08432666666666669,0.07432666666666667,1.1793333333333331,0.03966333333333332,0.1343333333333333,29.500666666666664,0.08966999999999999,0.2026633333333333,44.01466666666667,0.05499666666666668,0.08066666666666666,67.81200000000001,0.005336666666666667,0.03800666666666667,0.5266666666666666,0.011006666666666666,0.09000333333333337,0.12533333333333335,0.07432666666666667,0.009006666666666666,0.37333
96,79,2021-03-11,6,2,2020-2021,Mogi,VipTech CMB,1,0.3981066666666667,0.13933333333333336,0.18911000000000003,0.06966333333333333,0.20477333333333333,0.056446666666666666,0.14833666666666664,0.10000333333333336,0.07932999999999998,1.28,0.046446666666666664,0.14344666666666667,32.21133333333333,0.09455666666666668,0.17944666666666664,53.05533333333334,0.06966333333333333,0.08889333333333332,78.24066666666667,0.008439999999999998,0.03188666666666667,0.408,0.01544666666666667,0.10610666666666667,0.14999999999999997,0.07932999999999998,0.011893333333333332,0.4697766666666666,0.39366999999999996,0.13899999999999998,0.20734,0.04734,0.19199333333333335,0.06399333333333335,0.128,0.09166666666666666,0.06067,1.5513333333333332,0.04633333333333334,0.14000333333333334,32.898,0.10365999999999999,0.21166999999999994,48.87400000000001,0.04734,0.08033333333333334,58.25066666666667,0.005666666666666669,0.035,0.6013333333333332,0.006336666666666667,0.09933666666666666,0.06333333333333332,0.06067,0.009006666666666666,0.42333333333333323
81,65,2021-03-12,6,2,2020-2021,Paulistano,UNIFACISA,1,0.3763366666666666,0.15850000000000003,0.16833333333333333,0.04950333333333333,0.20116333333333328,0.060503333333333346,0.14067000000000002,0.08766666666666664,0.06516333333333332,1.3753333333333333,0.05283,0.16199666666666662,32.904,0.08416666666666667,0.17200333333333334,48.94866666666667,0.04950333333333333,0.07216666666666668,67.97933333333334,0.009003333333333335,0.03716666666666667,0.5740000000000001,0.008663333333333335,0.08617,0.10666666666666669,0.06516333333333332,0.01516333333333334,0.42616666666666675,0.41084,0.14400000000000002,0.20766666666666664,0.05917333333333334,0.17883000000000002,0.04682666666666666,0.13200333333333336,0.09166333333333333,0.06517,1.486,0.048,0.13166666666666668,36.760666666666665,0.10383333333333332,0.19949999999999998,52.016666666666666,0.05917333333333334,0.08033666666666667,72.68333333333334,0.004,0.03984,0.6600000000000001,0.010166666666666664,0.10533000000000001,0.10066666666666665,0.06517,0.012333333333333333,0.4656733333333334
74,70,2021-03-12,6,2,2020-2021,Minas,Caxias do Sul Basquete,1,0.4369933333333334,0.16599999999999995,0.1953266666666667,0.07566666666666667,0.19766666666666663,0.05166666666666666,0.146,0.098,0.066,1.538,0.05533333333333334,0.12667333333333333,43.634,0.09767333333333333,0.18699333333333343,52.07,0.07566666666666667,0.09599333333333335,78.30733333333335,0.005666666666666668,0.026333333333333334,0.4126666666666668,0.011670000000000002,0.10499666666666668,0.11266666666666668,0.066,0.010333333333333332,0.5236666666666666,0.39916333333333337,0.13600000000000004,0.19033666666666668,0.07283666666666667,0.18299666666666664,0.050166666666666665,0.13283,0.0855,0.06850333333333335,1.2546666666666664,0.04533,0.12516666666666668,36.413333333333334,0.09516333333333335,0.18250666666666668,52.24866666666665,0.07283666666666667,0.10417000000000003,70.03333333333333,0.00633,0.028506666666666673,0.4179999999999999,0.005496666666666668,0.10433,0.05400000000000001,0.06850333333333335,0.014670000000000004,0.43466666666666665
70,99,2021-03-12,6,2,2020-2021,BRB/Brasília,Bauru Basket,0,0.38900666666666667,0.14100000000000001,0.18066000000000002,0.06732666666666666,0.18449666666666661,0.05100333333333335,0.13350333333333336,0.08166999999999999,0.07783333333333334,1.0866666666666667,0.04699666666666666,0.14483,32.29933333333333,0.09034,0.17900666666666662,50.41466666666668,0.06732666666666666,0.09383333333333331,71.87200000000001,0.00267,0.03149666666666667,0.4153333333333334,0.005660000000000001,0.09366999999999999,0.061333333333333344,0.07783333333333334,0.011666666666666665,0.4015,0.39733666666666667,0.15499999999999997,0.18133333333333332,0.06100333333333334,0.17933000000000004,0.04666666666666667,0.13267333333333334,0.08566999999999998,0.05733333333333334,1.5139999999999998,0.05166333333333333,0.14367000000000002,35.29733333333333,0.09066666666666666,0.17666666666666664,51.82733333333336,0.06100333333333334,0.08766333333333336,69.19866666666667,0.005673333333333334,0.03899666666666667,0.6920000000000002,0.009330000000000001,0.09833000000000001,0.09800000000000003,0.05733333333333334,0.00734,0.44866333333333336
98,76,2021-03-13,6,2,2020-2021,São Paulo,Fortaleza B. C. / CFO,1,0.42816999999999994,0.16199999999999998,0.19266333333333333,0.07349666666666667,0.1935033333333334,0.04766333333333334,0.14583000000000002,0.08983666666666669,0.06099666666666668,1.4986666666666666,0.05400333333333334,0.1445,37.715999999999994,0.09633666666666667,0.17499666666666672,55.024,0.07349666666666667,0.0915,80.59933333333332,0.010836666666666668,0.033503333333333336,0.5486666666666667,0.013833333333333338,0.07617,0.18933333333333333,0.06099666666666668,0.008996666666666668,0.5106700000000001,0.3986666666666666,0.121,0.21866666666666665,0.059000000000000004,0.18733333333333332,0.04833333333333334,0.13899999999999996,0.07066666666666666,0.06333333333333334,1.210666666666667,0.04033333333333334,0.13233333333333333,30.16933333333333,0.10933333333333332,0.20700000000000005,52.83466666666667,0.059000000000000004,0.08299999999999999,71.27466666666668,0.005333333333333334,0.04733333333333334,0.7673333333333332,0.01566666666666667,0.09400000000000001,0.17866666666666664,0.06333333333333334,0.012000000000000004,0.4426666666666667
73,89,2021-03-14,6,2,2020-2021,VipTech CMB,Caxias do Sul Basquete,0,0.38877999999999996,0.13516666666666666,0.20578333333333332,0.04784,0.18832666666666667,0.06221666666666668,0.12611000000000003,0.09000000000000001,0.06061333333333333,1.522,0.04505666666666666,0.13783666666666666,32.51466666666667,0.10288333333333331,0.21078000000000002,48.70733333333333,0.04784,0.08083333333333334,58.379333333333335,0.005666666666666669,0.03489,0.6,0.005946666666666667,0.09961333333333333,0.05933333333333333,0.06061333333333333,0.009006666666666668,0.41366666666666657,0.3994966666666667,0.138,0.18833666666666668,0.07317,0.18566333333333332,0.051166666666666666,0.13449666666666668,0.08666666666666668,0.06650333333333333,1.318,0.04599666666666667,0.125,37.023333333333326,0.09416333333333335,0.18434000000000003,51.14399999999999,0.07317,0.10467000000000003,69.99666666666667,0.005996666666666666,0.02784000000000001,0.4193333333333333,0.005496666666666668,0.10416333333333334,0.054000000000000006,0.06650333333333333,0.013503333333333336,0.43799999999999994
85,80,2021-03-14,6,2,2020-2021,Minas,Mogi,1,0.4341600000000001,0.16299999999999998,0.1973266666666667,0.07383333333333335,0.197,0.0505,0.1465,0.09700000000000002,0.06583333333333334,1.524,0.05433333333333334,0.12467333333333333,43.38066666666667,0.09867333333333334,0.1879933333333334,52.301333333333325,0.07383333333333335,0.09499333333333335,77.24733333333333,0.0051666666666666675,0.026166666666666668,0.4113333333333334,0.012169999999999999,0.10433000000000002,0.11800000000000002,0.06583333333333334,0.009999999999999998,0.5198333333333333,0.4058833333333334,0.1406666666666667,0.19555333333333336,0.06966333333333334,0.20354999999999998,0.054889999999999994,0.14866999999999997,0.10267000000000003,0.08066333333333332,1.2939999999999998,0.046889999999999994,0.1445566666666667,32.30533333333333,0.09778,0.17888999999999997,54.732000000000006,0.06966333333333334,0.08745,79.38133333333333,0.009216666666666663,0.03277666666666667,0.4126666666666666,0.015223333333333335,0.10721666666666667,0.14599999999999996,0.08066333333333332,0.012116666666666664,0.48288666666666663
91,82,2021-03-14,6,2,2020-2021,Corinthians,Pato Basquete,1,0.41733000000000003,0.175,0.17867,0.06367000000000002,0.18832999999999997,0.04699666666666667,0.14133333333333334,0.08699666666666668,0.065,1.3953333333333333,0.05833333333333333,0.1479966666666667,39.00800000000001,0.08932999999999999,0.17867000000000002,50.251999999999995,0.06367000000000002,0.08233333333333333,78.71733333333331,0.004003333333333333,0.03233,0.5373333333333332,0.010333333333333335,0.09833666666666668,0.10933333333333332,0.065,0.006663333333333333,0.4726633333333334,0.38350333333333336,0.12349999999999998,0.18433333333333335,0.07567000000000003,0.1856566666666667,0.053166666666666675,0.13250000000000003,0.07734333333333335,0.06683666666666667,1.328,0.04116333333333333,0.12183000000000002,34.35000000000001,0.09216666666666667,0.201,45.687333333333335,0.07567000000000003,0.10717000000000002,70.77533333333332,0.00734,0.03916666666666666,0.6093333333333335,0.008336666666666666,0.1078266666666667,0.07866666666666668,0.06683666666666667,0.013663333333333335,0.40617000000000003
100,63,2021-03-14,6,2,2020-2021,Flamengo,Pinheiros,1,0.44499666666666665,0.20299999999999999,0.16932999999999998,0.07266666666666667,0.20899666666666664,0.06166333333333332,0.14733333333333334,0.10800000000000004,0.05833,1.9273333333333327,0.06766333333333335,0.18933000000000005,35.356,0.08467,0.14833333333333332,57.07133333333333,0.07266666666666667,0.09767333333333335,73.61599999999999,0.005993333333333336,0.033666666666666664,0.5933333333333334,0.008336666666666666,0.08666,0.096,0.05833,0.009666666666666669,0.53533,0.35782666666666674,0.12050000000000004,0.18166333333333332,0.055663333333333335,0.18934333333333336,0.05150000000000001,0.13783333333333334,0.08616000000000001,0.07182666666666666,1.22,0.04016333333333333,0.1335,30.055999999999994,0.09083666666666666,0.20282999999999998,44.600666666666676,0.055663333333333335,0.07949999999999999,69.27266666666668,0.005503333333333333,0.03867333333333334,0.5433333333333332,0.010506666666666666,0.09150333333333335,0.11800000000000001,0.07182666666666666,0.008673333333333333,0.3814966666666667
79,96,2021-03-14,7,2,2020-2021,BRB/Brasília,Sesi Franca,0,0.37967333333333336,0.13500000000000004,0.17966000000000001,0.06499333333333333,0.18232999999999996,0.049503333333333344,0.1328366666666667,0.07866999999999999,0.07833333333333332,1.0526666666666666,0.044996666666666664,0.14249666666666666,31.49533333333333,0.08984,0.17884,50.17533333333335,0.06499333333333333,0.08949999999999998,72.89733333333334,0.003003333333333333,0.03116333333333334,0.4106666666666667,0.005326666666666668,0.09350333333333333,0.058666666666666686,0.07833333333333332,0.011666666666666665,0.3878333333333333,0.44183,0.13949999999999999,0.22166666666666668,0.08066333333333332,0.16500333333333336,0.03133333333333334,0.13367,0.09350333333333334,0.06267000000000002,1.5339999999999998,0.04649666666666667,0.11599666666666668,39.928666666666665,0.11083333333333334,0.19766999999999998,56.37799999999999,0.08066333333333332,0.10116666666666667,80.06666666666665,0.01,0.035333333333333335,0.5746666666666667,0.010836666666666666,0.09749666666666666,0.1106666666666667,0.06267000000000002,0.007163333333333335,0.5069966666666667
79,90,2021-03-15,7,2,2020-2021,UNIFACISA,São Paulo,0,0.4016733333333333,0.14,0.2033333333333333,0.058340000000000024,0.17699666666666666,0.04732666666666666,0.12967,0.09133,0.06767,1.4486666666666665,0.04666666666666666,0.13033333333333336,36.11666666666666,0.10166666666666666,0.19666666666666663,51.66400000000001,0.058340000000000024,0.07933666666666667,72.478,0.003666666666666666,0.03967333333333334,0.6453333333333334,0.010000000000000002,0.10299666666666668,0.102,0.06767,0.013,0.4523400000000001,0.42933666666666664,0.16399999999999998,0.19399666666666665,0.07132999999999999,0.19767000000000004,0.048330000000000005,0.14933000000000002,0.09233666666666669,0.060663333333333354,1.5573333333333332,0.05467000000000001,0.14833333333333334,37.07333333333334,0.09700333333333333,0.17633000000000001,54.98266666666667,0.07132999999999999,0.08966666666666666,79.85466666666665,0.011003333333333335,0.03533666666666667,0.5886666666666667,0.014000000000000005,0.07367,0.19733333333333333,0.060663333333333354,0.008663333333333335,0.5166700000000001
74,89,2021-03-16,7,2,2020-2021,Mogi,Flamengo,0,0.40766,0.14200000000000002,0.19666333333333336,0.06899666666666666,0.2029933333333333,0.057,0.1460033333333333,0.10367000000000003,0.07833,1.3399999999999999,0.047333333333333324,0.14500000000000002,32.537333333333336,0.09833666666666667,0.18166666666666662,54.146666666666675,0.06899666666666666,0.08600666666666666,79.82000000000001,0.009326666666666665,0.03266666666666667,0.4233333333333333,0.014333333333333332,0.10932666666666664,0.13133333333333336,0.07833,0.012006666666666665,0.4849966666666666,0.44666333333333336,0.2035,0.16866333333333333,0.07450000000000001,0.2109966666666666,0.06216333333333332,0.14883333333333332,0.10850000000000003,0.05933,1.901333333333333,0.06783000000000002,0.1889966666666667,35.49933333333333,0.08433666666666667,0.14833333333333332,56.855999999999995,0.07450000000000001,0.09884000000000003,74.71466666666666,0.007493333333333335,0.03366666666666667,0.5813333333333334,0.008003333333333333,0.08482666666666666,0.092,0.05933,0.009166666666666667,0.5389966666666666
78,65,2021-03-16,7,2,2020-2021,Corinthians,Minas,1,0.42299666666666674,0.17299999999999996,0.18333666666666668,0.06667000000000001,0.19366333333333333,0.049330000000000006,0.14433333333333334,0.09166333333333335,0.064,1.4953333333333334,0.05766666666666667,0.14799666666666667,38.578,0.09166333333333335,0.18167000000000003,50.622,0.06667000000000001,0.086,79.01999999999998,0.004669999999999999,0.030663333333333338,0.5173333333333333,0.010666666666666668,0.10067000000000001,0.10933333333333334,0.064,0.006663333333333333,0.48599666666666663,0.43132666666666675,0.16,0.1993266666666667,0.07200000000000002,0.19633333333333336,0.04933333333333333,0.14699999999999996,0.09600000000000002,0.06566666666666668,1.51,0.05333333333333334,0.12267333333333333,43.127333333333326,0.09967333333333334,0.1889933333333334,52.53266666666665,0.07200000000000002,0.09399333333333333,76.18733333333334,0.004666666666666667,0.02600000000000001,0.41,0.012669999999999999,0.10366333333333336,0.12333333333333332,0.06566666666666668,0.009666666666666667,0.5159999999999999
96,89,2021-03-17,7,2,2020-2021,Sesi Franca,UNIFACISA,1,0.44566333333333324,0.13699999999999998,0.22833333333333333,0.08033,0.16717,0.030500000000000003,0.13666999999999999,0.09450333333333334,0.06317,1.5353333333333332,0.04566333333333335,0.11483000000000002,39.60533333333333,0.11416666666666667,0.20033666666666666,57.312,0.08033,0.10016666666666667,80.44,0.010499999999999999,0.0365,0.5886666666666667,0.011170000000000003,0.09633000000000001,0.11533333333333336,0.06317,0.007330000000000001,0.5166633333333334,0.3990066666666667,0.13750000000000004,0.205,0.05650666666666668,0.17449666666666666,0.04682666666666667,0.12767,0.09216333333333335,0.06883666666666667,1.443333333333333,0.04583333333333333,0.12816666666666668,36.08266666666666,0.1025,0.1986666666666666,51.531333333333336,0.05650666666666668,0.07700333333333334,72.51533333333332,0.004333333333333332,0.03950666666666667,0.636,0.010500000000000002,0.10333,0.10600000000000001,0.06883666666666667,0.012,0.44784
98,85,2021-03-18,8,2,2020-2021,Flamengo,Corinthians,1,0.44466333333333335,0.20299999999999999,0.16466333333333333,0.077,0.2099966666666666,0.062329999999999997,0.14766666666666667,0.1076666666666667,0.058996666666666676,1.8999999999999997,0.06766333333333334,0.18766333333333338,35.656666666666666,0.08233666666666668,0.1466666666666666,56.22733333333333,0.077,0.10167333333333335,75.10466666666666,0.007660000000000001,0.03266666666666666,0.5666666666666667,0.009670000000000002,0.08366000000000001,0.12133333333333332,0.058996666666666676,0.009333333333333332,0.5366633333333333,0.42133,0.175,0.17667000000000002,0.06967,0.1936633333333333,0.05133000000000001,0.1423333333333333,0.09099666666666666,0.06333333333333335,1.502,0.058333333333333334,0.1489966666666667,38.85666666666667,0.08833,0.17600333333333337,50.489333333333335,0.06967,0.08933333333333335,79.22199999999998,0.005336666666666667,0.027663333333333335,0.4693333333333333,0.010333333333333332,0.09766999999999999,0.10933333333333335,0.06333333333333335,0.006996666666666667,0.4826633333333333
92,66,2021-04-01,8,2,2020-2021,Minas,Fortaleza B. C. / CFO,1,0.42682666666666674,0.153,0.20399333333333336,0.06983333333333334,0.19683333333333336,0.05,0.14683333333333334,0.09416666666666668,0.06466666666666668,1.4993333333333334,0.05100000000000001,0.12233999999999999,41.48533333333332,0.10200666666666668,0.19149333333333335,53.15866666666666,0.06983333333333334,0.09366,74.29066666666668,0.0045,0.02566666666666667,0.41133333333333333,0.012836666666666666,0.10483,0.12333333333333334,0.06466666666666668,0.009666666666666667,0.507,0.3966666666666666,0.11799999999999997,0.22066666666666665,0.058,0.18766666666666668,0.04850000000000001,0.13916666666666666,0.07100000000000001,0.062166666666666676,1.2433333333333334,0.039333333333333345,0.13266666666666665,29.263333333333332,0.11033333333333332,0.2081666666666667,52.971333333333334,0.058,0.08233333333333333,70.67266666666666,0.005333333333333334,0.04466666666666667,0.7393333333333333,0.015166666666666669,0.09350000000000001,0.174,0.062166666666666676,0.011500000000000003,0.43750000000000006
80,86,2021-04-01,7,2,2020-2021,Cerrado,São Paulo,0,0.3873400000000001,0.12199999999999997,0.2019933333333333,0.06333666666666667,0.19233333333333333,0.05933333333333334,0.13301,0.07766666666666663,0.06933333333333333,1.1600000000000001,0.04066333333333334,0.11634000000000004,35.058666666666674,0.10100666666666666,0.21100000000000002,47.90999999999999,0.06333666666666667,0.09067666666666664,70.406,0.00766,0.039666666666666656,0.5653333333333334,0.011993333333333333,0.09800999999999999,0.12133333333333332,0.06933333333333333,0.013993333333333333,0.4266666666666668,0.43166999999999994,0.16049999999999995,0.20066333333333333,0.07049666666666667,0.1970033333333334,0.04866333333333334,0.14833000000000002,0.09217000000000003,0.060330000000000016,1.5633333333333332,0.05350333333333335,0.1461666666666667,36.75599999999999,0.10033666666666669,0.18066333333333334,55.47,0.07049666666666667,0.0895,79.08866666666664,0.011336666666666669,0.03717,0.626,0.014166666666666671,0.07283666666666667,0.20199999999999999,0.060330000000000016,0.00849666666666667,0.5198366666666667
49,87,2021-04-02,8,2,2020-2021,Pato Basquete,Paulistano,0,0.37733666666666665,0.12599999999999997,0.17600000000000002,0.07533666666666668,0.18232333333333337,0.052000000000000005,0.13033333333333333,0.07534333333333336,0.06633666666666668,1.3093333333333335,0.04199666666666667,0.11999666666666667,35.37466666666667,0.08800000000000001,0.19833333333333333,44.37933333333333,0.07533666666666668,0.10567,71.20733333333332,0.00734,0.03833333333333332,0.6033333333333334,0.007670000000000001,0.10599333333333337,0.07400000000000002,0.06633666666666668,0.01433,0.3960033333333334,0.37616999999999995,0.15750000000000003,0.16933333333333334,0.04933666666666666,0.20132999999999998,0.06000333333333334,0.1413366666666667,0.09,0.06449666666666666,1.4246666666666667,0.052496666666666664,0.1606633333333333,32.965999999999994,0.08466666666666667,0.17083666666666666,49.59866666666667,0.04933666666666666,0.07216666666666668,67.68933333333334,0.009336666666666667,0.037000000000000005,0.5773333333333334,0.008996666666666668,0.08617,0.11000000000000003,0.06449666666666666,0.01516333333333334,0.4318333333333334
77,71,2021-04-02,8,2,2020-2021,Caxias do Sul Basquete,Sesi Franca,1,0.40066333333333337,0.13500000000000004,0.19133666666666663,0.07433666666666668,0.18533,0.050666666666666665,0.13466333333333333,0.08833333333333335,0.06533666666666667,1.3773333333333333,0.04499666666666668,0.12200000000000001,36.96866666666666,0.09566333333333334,0.18634,51.402,0.07433666666666668,0.10600333333333337,70.21133333333334,0.00633,0.027006666666666675,0.41333333333333333,0.005663333333333335,0.10333,0.05600000000000001,0.06533666666666667,0.011670000000000002,0.4423333333333333,0.44766333333333336,0.1305,0.23466666666666663,0.08249666666666666,0.1703366666666667,0.03166666666666666,0.13867,0.09583666666666665,0.06300333333333334,1.5606666666666666,0.043496666666666677,0.11166333333333336,38.93866666666666,0.11733333333333332,0.20550333333333334,57.149333333333324,0.08249666666666666,0.103,80.32666666666665,0.011333333333333332,0.038,0.614,0.011670000000000003,0.09633000000000001,0.12066666666666669,0.06300333333333334,0.007496666666666668,0.5236633333333334
89,79,2021-04-03,8,2,2020-2021,BRB/Brasília,VipTech CMB,1,0.37517333333333336,0.131,0.17899333333333337,0.06516000000000001,0.18166333333333332,0.048670000000000005,0.13300333333333336,0.07683666666666666,0.07733333333333332,1.0433333333333332,0.043663333333333325,0.14049666666666666,31.087999999999997,0.08950666666666668,0.1786733333333333,50.031333333333336,0.06516000000000001,0.0885,73.84533333333334,0.00317,0.03183000000000001,0.4233333333333334,0.005160000000000001,0.09283666666666666,0.05800000000000002,0.07733333333333332,0.011333333333333334,0.384,0.38388999999999995,0.13133333333333333,0.20422666666666664,0.04834,0.18466000000000002,0.06044000000000002,0.12422000000000001,0.08833333333333333,0.06055666666666667,1.4926666666666668,0.04377999999999999,0.13567,32.13133333333334,0.10210666666666665,0.20989000000000002,48.54066666666667,0.04834,0.08133333333333333,58.508,0.005666666666666668,0.03478,0.5986666666666667,0.005556666666666667,0.09988999999999999,0.055333333333333325,0.06055666666666667,0.009006666666666668,0.40399999999999986
78,85,2021-04-03,8,2,2020-2021,Corinthians,São Paulo,0,0.4219966666666666,0.17700000000000002,0.17622333333333334,0.06878000000000001,0.19144333333333333,0.05133,0.14010999999999998,0.09088666666666666,0.06377666666666668,1.4940000000000002,0.05900000000000001,0.14866333333333337,39.47266666666667,0.08811000000000001,0.17733666666666673,49.94333333333334,0.06878000000000001,0.08855666666666667,78.90533333333333,0.005556666666666666,0.029553333333333338,0.4926666666666667,0.010110000000000001,0.09722333333333331,0.10733333333333335,0.06377666666666668,0.006886666666666667,0.48155333333333333,0.4340033333333333,0.15699999999999997,0.20732999999999996,0.06966333333333334,0.1963366666666667,0.04899666666666668,0.14733000000000002,0.09200333333333335,0.05999666666666669,1.5693333333333332,0.05233666666666667,0.14400000000000004,36.43866666666666,0.10367,0.18499666666666664,55.957333333333324,0.06966333333333334,0.08933333333333335,78.32266666666666,0.011670000000000003,0.03900333333333334,0.6633333333333334,0.014333333333333339,0.07200333333333335,0.20666666666666667,0.05999666666666669,0.008330000000000002,0.5230033333333333
98,97,2021-04-03,7,2,2020-2021,Bauru Basket,Fortaleza B. C. / CFO,1,0.4023366666666667,0.15,0.19033333333333333,0.06200333333333334,0.18133000000000002,0.0485,0.13283999999999999,0.08733666666666666,0.05733333333333334,1.538,0.049996666666666675,0.13983666666666666,35.03066666666666,0.09516666666666666,0.18183333333333335,52.51333333333335,0.06200333333333334,0.09099666666666668,67.92933333333332,0.006006666666666666,0.04133,0.7253333333333335,0.008663333333333334,0.09833,0.09066666666666669,0.05733333333333334,0.007006666666666667,0.45816333333333337,0.3952233333333333,0.12099999999999998,0.21733333333333332,0.05689,0.18977666666666665,0.05022333333333335,0.13955666666666666,0.07044333333333334,0.062443333333333344,1.2319999999999998,0.04033333333333334,0.13566666666666669,29.399333333333335,0.10866666666666666,0.20500000000000004,53.09066666666667,0.05689,0.08155666666666667,70.02666666666666,0.005110000000000001,0.042556666666666666,0.7080000000000001,0.015110000000000002,0.09422333333333334,0.172,0.062443333333333344,0.012110000000000003,0.4343333333333334
93,61,2021-04-04,8,2,2020-2021,Minas,Pinheiros,1,0.4288266666666667,0.15350000000000003,0.20632666666666666,0.069,0.2003333333333334,0.05216666666666667,0.14816666666666667,0.09533333333333334,0.06416666666666668,1.5226666666666664,0.05116666666666667,0.12367333333333333,41.191333333333326,0.10317333333333333,0.19332666666666667,53.344666666666654,0.069,0.09499333333333332,72.57533333333335,0.004666666666666666,0.025833333333333337,0.41666666666666663,0.012836666666666666,0.10299666666666665,0.12599999999999997,0.06416666666666668,0.009666666666666667,0.5103333333333334,0.3563266666666668,0.12000000000000004,0.18199666666666664,0.05433,0.18801000000000004,0.05033333333333334,0.13766666666666666,0.08799333333333334,0.07315999999999999,1.2220000000000002,0.039996666666666666,0.13383333333333333,29.82933333333333,0.09100333333333334,0.20233,44.81266666666667,0.05433,0.078,69.07400000000001,0.005503333333333333,0.039173333333333345,0.5393333333333333,0.010673333333333333,0.0923366666666667,0.11866666666666667,0.07315999999999999,0.008340000000000002,0.38016333333333335
73,62,2021-04-04,8,2,2020-2021,Pato Basquete,Mogi,1,0.37344666666666676,0.12033333333333333,0.17889000000000002,0.07422666666666669,0.1816566666666667,0.053110000000000004,0.12855666666666668,0.07545333333333334,0.06889333333333333,1.280666666666667,0.04010666666666666,0.11910666666666667,34.03333333333333,0.08944333333333333,0.20033333333333336,44.63666666666667,0.07422666666666669,0.10433666666666669,71.014,0.007563333333333334,0.037223333333333324,0.5613333333333335,0.007226666666666667,0.1064366666666667,0.06933333333333334,0.06889333333333333,0.013996666666666666,0.3861133333333333,0.4034933333333334,0.14500000000000002,0.19216333333333332,0.06633000000000001,0.20032666666666665,0.05683333333333333,0.14350333333333334,0.10408666666666669,0.07791333333333332,1.3553333333333333,0.048333333333333325,0.14650000000000002,32.856,0.09608666666666665,0.17874999999999994,53.73800000000001,0.06633000000000001,0.08325666666666667,79.12733333333334,0.009493333333333331,0.03141666666666667,0.4073333333333334,0.014083333333333333,0.10940999999999998,0.12866666666666668,0.07791333333333332,0.012339999999999999,0.47774666666666665
93,81,2021-04-04,8,2,2020-2021,Sesi Franca,Cerrado,1,0.44355333333333324,0.12333333333333335,0.23711,0.08310666666666666,0.17356,0.033223333333333334,0.14033666666666664,0.09489333333333333,0.06200333333333334,1.5719999999999998,0.04110666666666666,0.10710666666666668,38.5,0.11855666666666666,0.21211333333333335,55.73866666666667,0.08310666666666666,0.10400000000000001,80.08066666666666,0.011666666666666669,0.03866666666666666,0.6353333333333333,0.011559999999999997,0.09655333333333334,0.11933333333333335,0.06200333333333334,0.0073300000000000014,0.5197733333333334,0.38589666666666667,0.12199999999999997,0.20043666666666665,0.06344666666666667,0.19399999999999998,0.05950000000000001,0.13451,0.0772233333333333,0.07044333333333334,1.1286666666666667,0.04066333333333334,0.11795000000000004,34.54666666666667,0.10023,0.21155666666666673,47.41866666666667,0.06344666666666667,0.08950999999999998,71.59466666666667,0.00777,0.041389999999999996,0.5853333333333333,0.011993333333333333,0.09717666666666668,0.12199999999999997,0.07044333333333334,0.01355,0.4253900000000001
70,66,2021-04-05,7,2,2020-2021,Paulistano,BRB/Brasília,1,0.3780033333333333,0.1535,0.17400000000000002,0.05050333333333333,0.20366333333333328,0.060503333333333346,0.14317000000000005,0.09066666666666666,0.06449666666666667,1.4339999999999997,0.05116333333333333,0.15749666666666667,32.76133333333333,0.08700000000000001,0.17150333333333334,50.717999999999996,0.05050333333333333,0.07416666666666667,67.432,0.009503333333333334,0.037000000000000005,0.5773333333333334,0.008830000000000003,0.08533666666666666,0.10800000000000003,0.06449666666666667,0.015496666666666674,0.43916666666666676,0.37683999999999995,0.13200000000000003,0.17766000000000004,0.06716000000000001,0.18332999999999997,0.04850333333333334,0.1348366666666667,0.07733666666666665,0.07533333333333332,1.0866666666666667,0.04399666666666667,0.14133,31.094666666666665,0.08884000000000003,0.18000666666666662,49.09133333333333,0.06716000000000001,0.09,74.88533333333335,0.00317,0.03183000000000001,0.4366666666666667,0.005160000000000001,0.09400333333333334,0.05733333333333335,0.07533333333333332,0.011166666666666667,0.38783333333333325
93,79,2021-04-05,8,2,2020-2021,Corinthians,UNIFACISA,1,0.42266333333333334,0.17899999999999996,0.17577666666666666,0.06789,0.18922333333333335,0.051329999999999994,0.13788666666666669,0.09077666666666667,0.06422000000000001,1.4860000000000002,0.05966666666666667,0.14833000000000005,40.08866666666666,0.08789,0.17866999999999997,49.39733333333334,0.06789,0.08778,78.58866666666667,0.005776666666666667,0.03144333333333334,0.516,0.009886666666666663,0.09677666666666665,0.10533333333333335,0.06422000000000001,0.006776666666666668,0.4804433333333334,0.40417333333333333,0.14000000000000004,0.207,0.05717333333333334,0.17499666666666663,0.047493333333333325,0.12750333333333333,0.09299666666666667,0.07000333333333335,1.4379999999999997,0.04666666666666666,0.12766666666666668,36.806,0.1035,0.19999999999999993,51.702,0.05717333333333334,0.07800333333333334,72.33066666666666,0.004833333333333333,0.03950666666666667,0.6286666666666666,0.011166666666666668,0.10383000000000002,0.11200000000000002,0.07000333333333335,0.011833333333333333,0.45450666666666667
58,77,2021-04-05,8,2,2020-2021,Caxias do Sul Basquete,Flamengo,0,0.39333000000000007,0.13249999999999998,0.18666999999999997,0.07417000000000001,0.18499666666666667,0.050666666666666665,0.13433,0.08583333333333334,0.06400333333333333,1.3659999999999999,0.04416333333333334,0.123,36.16133333333333,0.09333,0.18317333333333335,50.91133333333333,0.07417000000000001,0.10650333333333335,69.69333333333334,0.0059966666666666675,0.027173333333333338,0.42733333333333334,0.006163333333333336,0.10216333333333334,0.06133333333333334,0.06400333333333333,0.011003333333333335,0.4325,0.44605333333333336,0.20583333333333337,0.16422,0.076,0.20988666666666664,0.06243999999999999,0.14744333333333334,0.10683333333333335,0.06044000000000001,1.8293333333333333,0.06860666666666668,0.18899666666666667,35.936,0.08211333333333334,0.14633333333333332,56.197333333333326,0.076,0.09934000000000003,75.88333333333334,0.008103333333333334,0.034333333333333334,0.582,0.009726666666666666,0.08232666666666669,0.12399999999999999,0.06044000000000001,0.010166666666666664,0.5384399999999999
74,99,2021-04-06,8,2,2020-2021,VipTech CMB,São Paulo,0,0.37999999999999995,0.12933333333333333,0.20266999999999996,0.04800666666666666,0.18366000000000002,0.05888666666666668,0.12477333333333335,0.08533333333333333,0.06211,1.4120000000000001,0.04311333333333333,0.13600333333333336,31.6,0.10132999999999999,0.20700000000000005,48.93266666666667,0.04800666666666666,0.08133333333333333,58.157333333333334,0.005556666666666668,0.03433666666666666,0.5826666666666666,0.005776666666666667,0.10055666666666666,0.057333333333333326,0.06211,0.008896666666666667,0.3951099999999999,0.4403366666666667,0.16349999999999998,0.20766333333333334,0.06916333333333333,0.19583666666666666,0.04833000000000001,0.14749666666666664,0.09167,0.05766333333333336,1.6266666666666667,0.05450333333333334,0.14566666666666667,37.49933333333333,0.10383666666666667,0.18466333333333332,56.14066666666666,0.06916333333333333,0.08800000000000001,78.91333333333333,0.01233666666666667,0.03800333333333334,0.6753333333333335,0.014833333333333337,0.07200333333333336,0.21400000000000002,0.05766333333333336,0.007663333333333337,0.53217
84,69,2021-04-06,8,2,2020-2021,Fortaleza B. C. / CFO,Sesi Franca,1,0.39789,0.12149999999999998,0.21866666666666668,0.05772333333333334,0.19527666666666668,0.052890000000000006,0.14239,0.07110999999999999,0.06411000000000001,1.2126666666666666,0.04050000000000001,0.13866666666666663,28.781999999999996,0.10933333333333334,0.2071666666666667,52.87666666666667,0.05772333333333334,0.08388999999999999,69.24133333333333,0.004276666666666666,0.042390000000000004,0.6886666666666666,0.015610000000000002,0.09589000000000002,0.17533333333333329,0.06411000000000001,0.012776666666666667,0.436,0.44161,0.12366666666666669,0.23588666666666663,0.08204999999999998,0.17544999999999997,0.03444666666666666,0.1410033333333333,0.09411666666666667,0.061170000000000016,1.5819999999999999,0.04121666666666666,0.10771666666666668,38.38199999999999,0.11794666666666664,0.21322333333333338,55.21266666666667,0.08204999999999998,0.10283333333333333,79.91999999999999,0.012,0.0395,0.6579999999999998,0.011116666666666664,0.09577666666666668,0.116,0.061170000000000016,0.007163333333333335,0.51805
81,79,2021-04-06,7,2,2020-2021,Minas,Bauru Basket,1,0.4338266666666667,0.1565,0.20699333333333328,0.07033333333333333,0.2033333333333334,0.0555,0.14783333333333334,0.09683333333333335,0.06450000000000002,1.537333333333333,0.052166666666666674,0.12583999999999998,41.248666666666665,0.10350666666666665,0.19549333333333332,52.87466666666666,0.07033333333333333,0.0974933333333333,72.10333333333332,0.004833333333333333,0.02633333333333334,0.422,0.01333666666666667,0.10116333333333331,0.13399999999999998,0.06450000000000002,0.010166666666666668,0.5163333333333333,0.40300333333333327,0.146,0.19377666666666665,0.06322666666666667,0.1839966666666667,0.04989,0.1341166666666667,0.08689333333333332,0.057223333333333334,1.5339999999999998,0.04866333333333334,0.13878000000000001,34.400666666666666,0.09688999999999999,0.18577666666666665,52.235333333333344,0.06322666666666667,0.09355333333333334,67.22266666666665,0.006116666666666668,0.041663333333333344,0.7313333333333335,0.009440000000000002,0.09888666666666666,0.09733333333333336,0.057223333333333334,0.006673333333333333,0.45844000000000007
83,85,2021-04-07,7,2,2020-2021,Caxias do Sul Basquete,Pato Basquete,0,0.3859966666666667,0.12999999999999998,0.18200333333333332,0.07400333333333335,0.18466333333333335,0.05066666666666666,0.13399666666666668,0.08333333333333331,0.06266999999999999,1.3546666666666665,0.04333000000000001,0.12400000000000001,35.354,0.09099666666666666,0.1800066666666667,50.42066666666666,0.07400333333333335,0.10700333333333335,69.17533333333334,0.0056633333333333345,0.02734,0.44133333333333336,0.006663333333333336,0.10099666666666667,0.06666666666666667,0.06266999999999999,0.010336666666666668,0.42266666666666663,0.372,0.11933333333333333,0.17955666666666664,0.07311666666666668,0.18054666666666672,0.052886666666666665,0.12767000000000003,0.07467333333333334,0.07067333333333335,1.2513333333333336,0.03977333333333333,0.11966,33.582,0.08977666666666664,0.19822333333333333,45.29933333333334,0.07311666666666668,0.10289333333333332,70.88733333333333,0.007563333333333334,0.038003333333333326,0.56,0.007226666666666667,0.10710333333333334,0.06866666666666668,0.07067333333333335,0.013886666666666667,0.38366666666666666
47,69,2021-04-07,9,2,2020-2021,Pinheiros,Paulistano,0,0.34999333333333343,0.12100000000000001,0.17599666666666666,0.05299666666666667,0.1846766666666667,0.04766666666666668,0.137,0.08599333333333332,0.07332666666666668,1.1906666666666665,0.040330000000000005,0.13766666666666666,29.23266666666666,0.08800333333333334,0.19733,44.236000000000004,0.05299666666666667,0.07666666666666666,68.73733333333332,0.005336666666666667,0.03934000000000001,0.5400000000000001,0.01134,0.09300333333333335,0.12399999999999999,0.07332666666666668,0.008340000000000002,0.36766333333333334,0.38261333333333336,0.15416666666666665,0.1766666666666667,0.05178,0.20555333333333334,0.061780000000000015,0.14378000000000002,0.09283333333333334,0.06522000000000001,1.4499999999999997,0.051386666666666664,0.15805333333333332,32.80133333333333,0.08833333333333335,0.17478000000000002,50.532000000000004,0.05178,0.07716666666666668,66.56533333333334,0.009280000000000002,0.039,0.6,0.009053333333333335,0.08728,0.10733333333333336,0.06522000000000001,0.014386666666666674,0.44533333333333336
88,57,2021-04-07,8,2,2020-2021,Flamengo,Cerrado,1,0.44744333333333336,0.2086666666666667,0.16377666666666668,0.075,0.20977666666666664,0.06254999999999998,0.14722,0.10600000000000002,0.06188333333333333,1.7586666666666666,0.06955,0.19033,36.21533333333333,0.08188999999999999,0.146,56.16733333333333,0.075,0.09700666666666669,76.66199999999999,0.008546666666666668,0.036,0.5973333333333333,0.009783333333333333,0.08099333333333335,0.12666666666666665,0.06188333333333333,0.011,0.5402166666666666,0.38367333333333337,0.11966666666666666,0.20065999999999998,0.06333666666666667,0.19455666666666666,0.059556666666666674,0.13500999999999996,0.07666666666666666,0.07033333333333333,1.1206666666666665,0.03988666666666667,0.1210066666666667,33.205333333333336,0.10034,0.2112233333333334,47.55533333333334,0.06333666666666667,0.08800999999999998,72.80066666666669,0.008213333333333333,0.042556666666666666,0.61,0.012660000000000001,0.09701,0.12999999999999998,0.07033333333333333,0.01299333333333333,0.4231133333333334
97,77,2021-04-08,8,2,2020-2021,Mogi,BRB/Brasília,1,0.40116000000000007,0.146,0.19032999999999997,0.06483000000000001,0.20082666666666663,0.05700000000000001,0.1438366666666667,0.10467000000000003,0.07882999999999998,1.3466666666666667,0.048666666666666664,0.1476666666666667,32.834,0.09516999999999999,0.17666666666666664,53.89333333333334,0.06483000000000001,0.08150666666666667,79.062,0.010326666666666666,0.03133333333333333,0.4013333333333334,0.013833333333333335,0.1089933333333333,0.12666666666666668,0.07882999999999998,0.012339999999999999,0.47583,0.3725066666666666,0.1325,0.17466,0.06532666666666666,0.18499666666666664,0.04817000000000001,0.1368366666666667,0.07583666666666668,0.0765,1.046,0.04416333333333334,0.14266333333333334,30.906666666666663,0.08734000000000001,0.1776733333333333,48.900666666666666,0.06532666666666666,0.08783333333333335,74.71866666666666,0.00317,0.03199666666666667,0.42933333333333334,0.005493333333333334,0.09316999999999999,0.061333333333333344,0.0765,0.011000000000000003,0.38299999999999995
72,88,2021-04-08,8,2,2020-2021,UNIFACISA,Bauru Basket,0,0.40911666666666663,0.14266666666666666,0.20977666666666667,0.056673333333333346,0.17544,0.048216666666666665,0.12722666666666668,0.09322000000000003,0.07100333333333333,1.4273333333333331,0.047556666666666664,0.12655666666666668,37.751999999999995,0.10489,0.20188999999999996,51.92066666666666,0.056673333333333346,0.07789333333333334,71.77533333333332,0.005,0.04000666666666667,0.628,0.012000000000000004,0.10422000000000001,0.12000000000000002,0.07100333333333333,0.01289,0.4615633333333333,0.40678,0.147,0.19555333333333333,0.06422666666666667,0.18633000000000002,0.05066999999999999,0.13567,0.08689333333333334,0.05844666666666667,1.5059999999999998,0.04899666666666668,0.14,34.40866666666667,0.09777999999999999,0.18577666666666665,52.67600000000001,0.06422666666666667,0.09511,67.098,0.006003333333333334,0.041663333333333344,0.7173333333333335,0.010216666666666669,0.09944333333333334,0.10400000000000001,0.05844666666666667,0.006783333333333333,0.46355
74,86,2021-04-08,9,2,2020-2021,VipTech CMB,Corinthians,0,0.375,0.12766666666666668,0.19733666666666663,0.05000666666666665,0.18232666666666666,0.056776666666666684,0.12555000000000002,0.08233333333333333,0.06322000000000001,1.3466666666666671,0.04255666666666666,0.1353366666666667,31.382,0.09866333333333333,0.20366666666666672,48.56733333333333,0.05000666666666665,0.08366666666666665,58.83,0.0044466666666666665,0.031670000000000004,0.5333333333333332,0.006553333333333333,0.10144666666666666,0.06466666666666666,0.06322000000000001,0.00912,0.38321999999999995,0.42333,0.181,0.17532999999999996,0.06699999999999999,0.18700333333333333,0.05133,0.13566333333333333,0.09066666666666666,0.06466333333333334,1.4780000000000002,0.06033333333333335,0.1479966666666667,40.70466666666666,0.08766999999999997,0.18000333333333335,48.85133333333335,0.06699999999999999,0.08700333333333332,78.27199999999999,0.0059966666666666675,0.03333333333333334,0.5393333333333333,0.009663333333333331,0.09632999999999997,0.10333333333333335,0.06466333333333334,0.006666666666666668,0.4793333333333333
63,71,2021-04-09,7,2,2020-2021,Cerrado,Pinheiros,0,0.38378333333333337,0.11933333333333333,0.20155,0.06289333333333333,0.19344666666666668,0.05878000000000001,0.13467666666666667,0.07577666666666666,0.06822333333333333,1.146,0.03977666666666667,0.12356333333333339,32.626,0.10078333333333332,0.21122333333333337,47.77733333333334,0.06289333333333333,0.08667666666666667,73.44733333333335,0.008323333333333332,0.04322333333333333,0.6373333333333334,0.012993333333333334,0.09534333333333335,0.13533333333333333,0.06822333333333333,0.013436666666666663,0.42300333333333334,0.34299333333333343,0.11699999999999999,0.1726633333333333,0.053329999999999995,0.18234333333333336,0.04766666666666667,0.13466666666666666,0.08465999999999997,0.07399333333333334,1.1646666666666665,0.03899666666666667,0.13299999999999998,28.92733333333333,0.08633666666666667,0.19699666666666668,43.504,0.053329999999999995,0.076,70.404,0.006003333333333333,0.03967333333333334,0.5399999999999999,0.011006666666666666,0.09133666666666668,0.12133333333333332,0.07399333333333334,0.008006666666666667,0.35933000000000004
99,80,2021-04-10,8,2,2020-2021,UNIFACISA,Pato Basquete,1,0.4118933333333333,0.14633333333333334,0.20622000000000001,0.05934000000000002,0.17555000000000004,0.05010666666666666,0.12545,0.09311000000000001,0.07200333333333334,1.4119999999999997,0.04878,0.12644666666666668,38.76466666666667,0.10311333333333333,0.2014466666666666,51.18666666666666,0.05934000000000002,0.08045,73.91799999999999,0.005,0.04134000000000001,0.6393333333333332,0.013000000000000005,0.10444333333333335,0.12933333333333336,0.07200333333333334,0.013113333333333334,0.4657866666666666,0.3764433333333333,0.126,0.18,0.07045,0.18110333333333334,0.05222,0.12889333333333336,0.07578333333333334,0.06823000000000001,1.3780000000000001,0.04199666666666667,0.12376999999999999,34.16466666666667,0.08999999999999998,0.19711333333333333,45.64533333333334,0.07045,0.10145,69.12333333333332,0.007340000000000001,0.03722666666666666,0.5726666666666667,0.00767,0.10932666666666667,0.07066666666666668,0.06823000000000001,0.013776666666666668,0.39011
82,91,2021-04-10,9,2,2020-2021,Bauru Basket,Mogi,0,0.4112233333333333,0.147,0.20155333333333333,0.06267,0.19133000000000006,0.05356,0.13777999999999999,0.08933666666666666,0.06044666666666666,1.4973333333333332,0.04899666666666668,0.1387766666666667,34.68733333333333,0.10078,0.18766666666666668,53.59333333333335,0.06267,0.09544333333333334,65.458,0.00678,0.041663333333333344,0.6973333333333334,0.01055,0.09944333333333333,0.10733333333333332,0.06044666666666666,0.007226666666666664,0.47421666666666673,0.3988266666666667,0.147,0.18849666666666662,0.06333000000000001,0.20132666666666665,0.05716666666666668,0.14417000000000002,0.10525333333333335,0.07974666666666666,1.338,0.04900000000000001,0.14883333333333335,32.812000000000005,0.09425333333333331,0.17458333333333328,54.048666666666676,0.06333000000000001,0.07975666666666668,78.99666666666668,0.01116,0.03125,0.39533333333333337,0.013583333333333336,0.10857666666666663,0.12466666666666668,0.07974666666666666,0.012339999999999999,0.47391333333333324
83,84,2021-04-10,8,2,2020-2021,Fortaleza B. C. / CFO,VipTech CMB,0,0.39494666666666667,0.119,0.21933333333333332,0.056613333333333335,0.19722,0.05428000000000001,0.14294666666666667,0.07205333333333333,0.06572000000000001,1.198,0.03966666666666667,0.14033333333333334,27.817999999999998,0.10966666666666666,0.206,53.44733333333334,0.056613333333333335,0.08311333333333333,68.59533333333333,0.003553333333333333,0.04211333333333333,0.6679999999999999,0.016220000000000002,0.09794666666666667,0.1786666666666666,0.06572000000000001,0.013553333333333334,0.43333333333333335,0.37411,0.13000000000000003,0.19266999999999998,0.05144999999999998,0.1812166666666667,0.05600000000000001,0.1252166666666667,0.08144333333333333,0.06444333333333334,1.303333333333334,0.04333333333333333,0.13666999999999999,31.672666666666668,0.09633,0.19889,48.53666666666666,0.05144999999999998,0.08355666666666667,60.59466666666666,0.004336666666666666,0.030446666666666674,0.4993333333333333,0.006553333333333333,0.10178,0.06466666666666666,0.06444333333333334,0.009896666666666666,0.38133000000000006
67,75,2021-04-11,8,2,2020-2021,Cerrado,Paulistano,0,0.38045,0.12133333333333333,0.19865999999999998,0.060446666666666655,0.19300333333333336,0.05855666666666669,0.13445333333333334,0.07433333333333333,0.06733333333333333,1.1393333333333333,0.040443333333333345,0.12545000000000003,32.64666666666667,0.09933999999999998,0.21155666666666673,47.018,0.060446666666666655,0.08312,73.46866666666669,0.008100000000000001,0.042890000000000005,0.6406666666666667,0.012660000000000001,0.09345333333333336,0.1333333333333333,0.06733333333333333,0.01299333333333333,0.41611666666666663,0.38239,0.15383333333333335,0.1766666666666667,0.05189,0.20777666666666664,0.06455666666666666,0.14322333333333334,0.09316666666666668,0.06610999999999999,1.4379999999999997,0.051276666666666665,0.15661,32.98933333333333,0.08833333333333335,0.17689000000000005,49.936666666666675,0.05189,0.07816666666666668,65.77466666666668,0.010056666666666669,0.04000000000000001,0.6073333333333333,0.008276666666666667,0.08805666666666666,0.09666666666666669,0.06610999999999999,0.014610000000000003,0.44533333333333336
84,75,2021-04-13,7,2,2020-2021,Pinheiros,VipTech CMB,1,0.35349333333333344,0.1175,0.18099666666666664,0.05499666666666667,0.18401000000000003,0.0485,0.13549999999999998,0.08782666666666665,0.07299333333333333,1.2226666666666666,0.039163333333333335,0.1335,28.943333333333328,0.09050333333333332,0.19949666666666666,45.25733333333333,0.05499666666666667,0.0785,70.30866666666667,0.006669999999999999,0.04184,0.5760000000000001,0.011839999999999998,0.09283666666666668,0.12933333333333333,0.07299333333333333,0.008506666666666666,0.37916333333333335,0.3748866666666667,0.13266666666666668,0.18933666666666665,0.05289333333333333,0.18044000000000002,0.05411333333333334,0.1263266666666667,0.08088666666666668,0.06644333333333333,1.2553333333333339,0.044219999999999995,0.13833666666666666,31.968666666666664,0.09466333333333334,0.19344666666666666,49.083333333333336,0.05289333333333333,0.08411333333333333,61.82266666666666,0.004116666666666666,0.029223333333333337,0.4619999999999999,0.006996666666666666,0.10233666666666666,0.06866666666666667,0.06644333333333333,0.009896666666666666,0.3818833333333334
81,69,2021-04-13,7,2,2020-2021,Bauru Basket,Cerrado,1,0.4136666666666667,0.14900000000000002,0.2028866666666667,0.06178000000000001,0.18799666666666673,0.051116666666666664,0.13689,0.09144666666666668,0.06244666666666666,1.4846666666666664,0.04966333333333335,0.13755333333333336,35.546,0.10144666666666667,0.18389,55.28,0.06178000000000001,0.09611000000000001,64.25266666666667,0.007223333333333333,0.041330000000000006,0.6733333333333333,0.009883333333333333,0.09877666666666668,0.1,0.06244666666666666,0.008336666666666666,0.47721666666666673,0.37633666666666676,0.12100000000000002,0.19755,0.05777999999999999,0.19145000000000004,0.05822333333333334,0.13323000000000002,0.07277666666666667,0.06522333333333334,1.1559999999999997,0.04033333333333334,0.12878333333333336,31.838,0.09878333333333332,0.21100000000000005,46.88666666666667,0.05777999999999999,0.07923,73.50733333333336,0.00821,0.042,0.6486666666666668,0.012993333333333334,0.09223000000000003,0.13866666666666663,0.06522333333333334,0.012436666666666662,0.4082299999999999
92,97,2021-04-13,7,2,2020-2021,Fortaleza B. C. / CFO,Paulistano,0,0.3968366666666666,0.119,0.22000000000000006,0.057836666666666675,0.19582999999999998,0.05450333333333334,0.14133666666666667,0.07383,0.06716333333333332,1.2026666666666666,0.03966666666666667,0.14116666666666663,27.659333333333333,0.11000000000000003,0.20400000000000001,54.24000000000001,0.057836666666666675,0.08500333333333332,68.468,0.0033299999999999996,0.04283666666666666,0.6679999999999999,0.01616333333333334,0.09983666666666667,0.17399999999999996,0.06716333333333332,0.013830000000000002,0.43566666666666676,0.3861666666666667,0.15299999999999997,0.18066666666666673,0.0525,0.20866666666666667,0.06516666666666666,0.14350000000000002,0.09350000000000001,0.06683333333333333,1.4286666666666663,0.051000000000000004,0.15466666666666665,33.16533333333333,0.09033333333333336,0.17883333333333337,50.476666666666674,0.0525,0.07966666666666668,65.19800000000001,0.010333333333333332,0.04066666666666667,0.6113333333333333,0.007666666666666666,0.08816666666666667,0.08800000000000002,0.06683333333333333,0.014666666666666668,0.4505
65,75,2021-04-21,1,3,2020-2021,Caxias do Sul Basquete,Bauru Basket,0,0.3859966666666668,0.13199999999999998,0.17933666666666664,0.07467000000000001,0.1879966666666667,0.04966666666666666,0.13832999999999998,0.08266666666666665,0.06300333333333333,1.3399999999999999,0.04399666666666668,0.12766666666666668,34.751333333333335,0.08966333333333333,0.17867333333333335,50.088666666666654,0.07467000000000001,0.10700333333333333,69.688,0.005663333333333334,0.02634,0.4246666666666667,0.006996666666666668,0.09999666666666666,0.07066666666666667,0.06300333333333333,0.010336666666666666,0.422,0.4116666666666667,0.14400000000000002,0.2039966666666667,0.06367000000000002,0.19033000000000003,0.05133999999999999,0.13899999999999998,0.08867000000000001,0.062336666666666665,1.4473333333333331,0.04799666666666668,0.13799666666666668,34.315333333333335,0.10200333333333332,0.18633333333333332,54.82066666666667,0.06367000000000002,0.09766666666666667,64.97466666666666,0.007333333333333333,0.04166333333333334,0.6793333333333333,0.010993333333333336,0.09933333333333333,0.11066666666666666,0.062336666666666665,0.00867,0.4726600000000001
70,77,2021-04-21,1,3,2020-2021,UNIFACISA,Mogi,0,0.4100033333333332,0.14400000000000002,0.20533,0.06067333333333335,0.1769933333333334,0.052329999999999995,0.12467333333333336,0.09066666666666669,0.07433666666666666,1.3173333333333335,0.04800333333333333,0.12800333333333336,37.37733333333334,0.10267,0.19966999999999993,51.40533333333333,0.06067333333333335,0.08234,73.73266666666667,0.005000000000000001,0.04000666666666667,0.5879999999999999,0.013000000000000005,0.10633333333333335,0.12600000000000003,0.07433666666666666,0.014003333333333335,0.45767666666666673,0.4003266666666667,0.156,0.18399666666666664,0.06033000000000001,0.19932666666666662,0.057000000000000016,0.14233666666666667,0.10700333333333334,0.07966333333333334,1.3646666666666667,0.05200000000000001,0.15333333333333335,33.56400000000001,0.09200333333333331,0.17066666666666663,54.01066666666669,0.06033000000000001,0.07700666666666668,77.69800000000001,0.01166,0.030666666666666665,0.388,0.012666666666666666,0.10899333333333332,0.116,0.07966333333333334,0.012339999999999999,0.4736633333333333
64,82,2021-04-22,1,3,2020-2021,Fortaleza B. C. / CFO,Sesi Franca,0,0.4043366666666667,0.12199999999999998,0.22133333333333335,0.06100333333333333,0.19799666666666665,0.056003333333333336,0.14200333333333334,0.07533,0.06866333333333333,1.2026666666666666,0.04066666666666667,0.14333333333333334,27.847333333333328,0.11066666666666668,0.2053333333333333,54.24800000000001,0.06100333333333333,0.09000333333333334,68.20133333333334,0.0029966666666666666,0.043669999999999994,0.6693333333333332,0.01599666666666667,0.10133666666666667,0.1693333333333333,0.06866333333333333,0.013996666666666666,0.44233333333333336,0.43966666666666665,0.12400000000000004,0.2346633333333333,0.08099333333333332,0.17733999999999994,0.03566999999999999,0.14167,0.09334,0.06033666666666668,1.592,0.04132666666666665,0.10832666666666668,38.263999999999996,0.11733666666666664,0.21433333333333335,54.686666666666675,0.08099333333333332,0.10166666666666667,79.75933333333332,0.012333333333333337,0.04033333333333333,0.6806666666666665,0.010673333333333332,0.09500000000000001,0.11266666666666666,0.06033666666666668,0.0069966666666666675,0.5163266666666667
61,90,2021-04-22,1,3,2020-2021,Pato Basquete,Corinthians,0,0.3749966666666666,0.12500000000000003,0.18066666666666667,0.06934,0.17999333333333334,0.05199666666666666,0.12800666666666669,0.07500333333333332,0.07001,1.3486666666666667,0.04166333333333334,0.12432333333333334,33.71333333333333,0.09033333333333332,0.19500333333333333,46.30800000000001,0.06934,0.10000666666666665,68.99666666666667,0.007340000000000001,0.03800666666666666,0.5713333333333334,0.007669999999999999,0.10999333333333333,0.07,0.07001,0.013666666666666667,0.38766333333333336,0.42633,0.18199999999999997,0.1786633333333333,0.06566666666666666,0.18900333333333333,0.05033,0.1386633333333333,0.09066666666666666,0.06466333333333334,1.4780000000000002,0.06066666666666668,0.1479966666666667,40.943333333333335,0.08933666666666665,0.18067,49.64733333333335,0.06566666666666666,0.08567,77.93533333333333,0.0069966666666666675,0.03333333333333333,0.5393333333333333,0.009996666666666664,0.09499666666666665,0.10733333333333336,0.06466333333333334,0.007000000000000002,0.486
74,73,2021-04-23,2,3,2020-2021,Bauru Basket,Caxias do Sul Basquete,1,0.41500000000000004,0.14666666666666667,0.20466333333333334,0.06367000000000002,0.18822000000000003,0.050116666666666664,0.13811,0.09100333333333335,0.06600333333333333,1.4293333333333331,0.04888666666666668,0.13666333333333336,35.34733333333333,0.10233666666666666,0.18377666666666667,56.08866666666667,0.06367000000000002,0.09722333333333336,65.32733333333334,0.008110000000000001,0.04222000000000001,0.6646666666666666,0.01055,0.10022333333333333,0.10533333333333333,0.06600333333333333,0.010446666666666667,0.4782166666666667,0.38455333333333347,0.12799999999999997,0.18177999999999997,0.07478000000000001,0.18866333333333338,0.05177666666666666,0.13688666666666668,0.08144333333333331,0.06444666666666665,1.3066666666666664,0.042663333333333345,0.12689,33.654666666666664,0.09088666666666666,0.1801166666666667,50.35399999999999,0.07478000000000001,0.10733666666666668,69.53066666666668,0.0054399999999999995,0.02811666666666667,0.4393333333333333,0.006886666666666668,0.10055333333333333,0.06866666666666665,0.06444666666666665,0.010336666666666666,0.41922333333333334
84,95,2021-04-23,2,3,2020-2021,Mogi,UNIFACISA,0,0.40049333333333337,0.157,0.18332999999999997,0.060163333333333346,0.19815999999999998,0.056000000000000015,0.14217000000000002,0.10717,0.07766333333333332,1.4093333333333333,0.05233333333333335,0.154,33.64733333333334,0.09166999999999997,0.17066666666666666,53.82533333333334,0.060163333333333346,0.07700666666666668,77.42,0.01166,0.03216666666666666,0.4313333333333333,0.012666666666666666,0.10815999999999999,0.11800000000000001,0.07766333333333332,0.012006666666666669,0.4754966666666666,0.4081133333333333,0.14333333333333337,0.20599666666666666,0.05878333333333335,0.18055000000000007,0.05322,0.12734,0.0916666666666667,0.07678,1.2946666666666666,0.04778,0.12889333333333336,36.89266666666666,0.10300333333333332,0.19977999999999999,51.538666666666664,0.05878333333333335,0.08178333333333332,71.77733333333335,0.004890000000000001,0.03945,0.5653333333333332,0.01366666666666667,0.10433333333333335,0.1353333333333334,0.07678,0.014113333333333334,0.4557866666666667
89,84,2021-04-24,2,3,2020-2021,Corinthians,Pato Basquete,1,0.4304966666666667,0.1835,0.18133,0.06566666666666665,0.18800333333333336,0.050663333333333324,0.13733,0.09249999999999999,0.06499666666666667,1.5013333333333336,0.06116666666666668,0.14799666666666667,41.288,0.09067,0.17966999999999997,50.602000000000004,0.06566666666666665,0.08650333333333333,77.36999999999999,0.007163333333333335,0.034166666666666665,0.5506666666666666,0.009996666666666666,0.09416333333333332,0.10800000000000004,0.06499666666666667,0.0071666666666666675,0.49349999999999994,0.3681066666666666,0.12500000000000003,0.17733333333333334,0.06578333333333335,0.17621666666666666,0.051553333333333326,0.12467333333333334,0.07377999999999998,0.07078666666666669,1.3253333333333333,0.04166333333333334,0.12521333333333334,33.45,0.08866666666666666,0.19267,45.964000000000006,0.06578333333333335,0.09611666666666666,67.86866666666667,0.006673333333333335,0.038116666666666674,0.5686666666666668,0.007559999999999999,0.11055,0.06866666666666667,0.07078666666666669,0.013776666666666666,0.37510666666666664
82,58,2021-04-24,2,3,2020-2021,Sesi Franca,Fortaleza B. C. / CFO,1,0.4365,0.12350000000000001,0.2346633333333333,0.07832666666666666,0.1766733333333333,0.03517,0.14150333333333334,0.09250666666666668,0.05967000000000001,1.5946666666666667,0.041159999999999995,0.10799333333333334,38.25666666666666,0.11733666666666664,0.2121666666666667,55.252,0.07832666666666666,0.09850000000000002,79.73333333333332,0.012500000000000004,0.04116666666666667,0.6986666666666664,0.010673333333333333,0.09300000000000001,0.11533333333333333,0.05967000000000001,0.006663333333333335,0.5159933333333334,0.4020033333333333,0.1285,0.21233333333333337,0.06117000000000001,0.19432999999999997,0.05383666666666667,0.1405033333333333,0.07433000000000001,0.07049666666666667,1.1633333333333336,0.04283333333333334,0.14533333333333331,28.961333333333325,0.10616666666666669,0.1983333333333333,53.414666666666676,0.06117000000000001,0.08933666666666666,69.10733333333334,0.0028299999999999996,0.04300333333333333,0.6446666666666666,0.01616333333333333,0.09983666666666667,0.17399999999999996,0.07049666666666667,0.014996666666666665,0.4365
94,85,2021-04-25,3,3,2020-2021,Mogi,UNIFACISA,1,0.4029933333333334,0.14999999999999997,0.18999666666666662,0.06299666666666667,0.19665999999999997,0.057000000000000016,0.13967000000000002,0.10733666666666666,0.07632999999999998,1.4353333333333331,0.05000000000000001,0.15066666666666667,32.31400000000001,0.0950033333333333,0.17400000000000002,54.469333333333346,0.06299666666666667,0.08034000000000002,77.59666666666666,0.01166,0.031000000000000003,0.42266666666666663,0.013333333333333332,0.11066,0.12066666666666666,0.07632999999999998,0.012006666666666669,0.4779966666666667,0.4145566666666666,0.14466666666666667,0.20866333333333334,0.06122666666666668,0.18344000000000002,0.057109999999999994,0.12634,0.09300000000000001,0.07755666666666668,1.2993333333333332,0.04822333333333333,0.12978333333333336,36.98800000000001,0.10433666666666666,0.2022233333333333,51.604,0.06122666666666668,0.08489333333333333,71.83866666666667,0.0051133333333333334,0.039893333333333336,0.564,0.013333333333333338,0.10499999999999998,0.13200000000000003,0.07755666666666668,0.015556666666666668,0.4635633333333334
79,109,2021-04-28,1,4,2020-2021,Mogi,Flamengo,0,0.40932666666666667,0.15099999999999997,0.19132999999999997,0.06699666666666666,0.19765999999999997,0.05633333333333334,0.14133666666666667,0.10767,0.07399666666666667,1.488,0.05033333333333335,0.151,32.507333333333335,0.09566999999999998,0.174,54.84,0.06699666666666666,0.08367333333333336,78.866,0.011993333333333333,0.028999999999999995,0.4139999999999999,0.014,0.11132666666666667,0.12733333333333333,0.07399666666666667,0.011673333333333336,0.48799666666666663,0.45366666666666666,0.21900000000000003,0.16266666666666665,0.072,0.209,0.062326666666666655,0.14666333333333334,0.10700000000000001,0.06066,1.7919999999999996,0.07299333333333333,0.19133000000000003,38.24199999999999,0.08133333333333331,0.146,55.84066666666667,0.072,0.0920066666666667,77.34733333333334,0.008656666666666667,0.03566666666666666,0.604,0.010339999999999998,0.07899333333333335,0.13466666666666666,0.06066,0.012,0.5519933333333334
66,78,2021-04-28,1,4,2020-2021,Bauru Basket,Paulistano,0,0.41800000000000004,0.15033333333333332,0.20532999999999998,0.06233666666666668,0.18444333333333338,0.04956000000000001,0.13488666666666665,0.09267000000000002,0.06533666666666667,1.4839999999999998,0.05011000000000001,0.13666333333333336,36.220666666666666,0.10266999999999998,0.18322,56.47933333333334,0.06233666666666668,0.09511333333333334,65.33933333333333,0.008220000000000002,0.04177666666666667,0.6633333333333333,0.010440000000000001,0.10144666666666667,0.10266666666666667,0.06533666666666667,0.01089,0.4821066666666667,0.3883333333333334,0.15099999999999997,0.1833333333333334,0.054,0.21333333333333335,0.06833333333333333,0.14500000000000002,0.09533333333333333,0.06633333333333333,1.4613333333333332,0.05033333333333334,0.156,32.51733333333333,0.0916666666666667,0.18200000000000002,50.328,0.054,0.083,64.28866666666667,0.009666666666666667,0.042333333333333334,0.6373333333333334,0.008,0.091,0.08666666666666667,0.06633333333333333,0.014333333333333335,0.456
71,78,2021-04-29,1,4,2020-2021,Corinthians,São Paulo,0,0.43433,0.183,0.18333000000000002,0.068,0.18533666666666668,0.04933,0.13599666666666668,0.09633333333333333,0.06466333333333334,1.5859999999999999,0.06100000000000002,0.14899666666666667,40.95733333333333,0.09167,0.17966999999999997,51.11466666666667,0.068,0.08933666666666668,77.45400000000001,0.0073300000000000014,0.036333333333333336,0.5966666666666666,0.010330000000000002,0.09399666666666667,0.11133333333333335,0.06466333333333334,0.007,0.5006666666666667,0.44667,0.16999999999999998,0.20799666666666664,0.06866333333333333,0.1953366666666667,0.04766333333333334,0.1476633333333333,0.09133666666666666,0.05533000000000001,1.6840000000000002,0.05667,0.14733333333333334,38.559999999999995,0.10400333333333332,0.18433,56.32399999999999,0.06866333333333333,0.08666666666666667,79.50399999999999,0.013003333333333337,0.037003333333333326,0.6873333333333332,0.015333333333333336,0.07200333333333334,0.22133333333333335,0.05533000000000001,0.006996666666666669,0.5413366666666666
85,91,2021-04-29,1,4,2020-2021,Sesi Franca,Minas,0,0.4333333333333334,0.11900000000000004,0.23666333333333334,0.07766,0.18200666666666665,0.03700333333333334,0.14500333333333332,0.09134,0.05833666666666668,1.61,0.03966000000000001,0.11032666666666668,36.45399999999999,0.11833666666666666,0.21066666666666667,56.135999999999996,0.07766,0.09933333333333334,78.59666666666665,0.013000000000000005,0.04066666666666667,0.702,0.01034,0.093,0.112,0.05833666666666668,0.006330000000000001,0.51466,0.4323266666666667,0.152,0.20999333333333328,0.07033333333333333,0.2033333333333334,0.05733333333333334,0.14600000000000002,0.09533333333333334,0.06433333333333334,1.5179999999999998,0.050666666666666665,0.12633999999999998,39.958,0.10500666666666665,0.19832666666666665,52.84466666666666,0.07033333333333333,0.09832666666666666,71.45,0.004666666666666666,0.026333333333333337,0.4233333333333333,0.014003333333333338,0.10232999999999998,0.13933333333333328,0.06433333333333334,0.010666666666666668,0.5100000000000001
77,87,2021-04-30,2,4,2020-2021,Paulistano,Bauru Basket,0,0.39066666666666666,0.15399999999999997,0.18200000000000005,0.05466666666666666,0.21200000000000002,0.068,0.14400000000000002,0.09400000000000001,0.06566666666666668,1.4579999999999997,0.051333333333333335,0.15633333333333335,33.15266666666667,0.09100000000000003,0.18100000000000005,50.242666666666665,0.05466666666666666,0.08566666666666665,63.14600000000001,0.008666666666666665,0.04333333333333334,0.6706666666666666,0.007,0.09233333333333332,0.07200000000000001,0.06566666666666668,0.014000000000000002,0.4553333333333334,0.4183333333333334,0.15,0.20466333333333334,0.06367000000000002,0.1846666666666667,0.049336666666666674,0.13533000000000003,0.09333666666666668,0.06667,1.472,0.05000000000000002,0.13433,36.69666666666667,0.10233666666666667,0.18299666666666664,56.339333333333336,0.06367000000000002,0.09566999999999999,66.372,0.007996666666666668,0.041,0.6426666666666667,0.009330000000000001,0.10100333333333335,0.09133333333333334,0.06667,0.011000000000000003,0.48299666666666663
77,67,2021-04-30,2,4,2020-2021,Flamengo,Mogi,1,0.4596666666666666,0.2246666666666667,0.16,0.075,0.207,0.06132666666666667,0.1456633333333333,0.10677666666666666,0.05932666666666667,1.8346666666666664,0.07488333333333334,0.19366333333333335,38.66333333333332,0.07999999999999999,0.14422333333333331,55.58866666666666,0.075,0.09578333333333335,77.60466666666666,0.008879999999999999,0.037443333333333335,0.6519999999999999,0.010783333333333334,0.0772166666666667,0.1446666666666667,0.05932666666666667,0.012556666666666666,0.5585500000000001,0.4068266666666666,0.14550000000000002,0.19732999999999998,0.06399666666666667,0.19715999999999995,0.05716666666666668,0.14000333333333334,0.10833666666666666,0.07349666666666668,1.5033333333333334,0.04850000000000001,0.14783333333333332,32.096666666666664,0.09866999999999998,0.18083333333333335,54.51333333333333,0.06399666666666667,0.0810066666666667,77.76733333333333,0.011993333333333333,0.02866666666666667,0.4113333333333333,0.014,0.11016000000000001,0.128,0.07349666666666668,0.010506666666666668,0.4829966666666667
79,68,2021-05-01,2,4,2020-2021,São Paulo,Corinthians,1,0.4423366666666667,0.169,0.20399666666666666,0.06933000000000002,0.19867000000000004,0.04899666666666667,0.14966333333333334,0.09033666666666666,0.05733000000000001,1.6353333333333333,0.05633666666666667,0.14950000000000002,37.723333333333336,0.10200333333333331,0.18099666666666667,56.268666666666654,0.06933000000000002,0.08766666666666666,79.39200000000001,0.011836666666666669,0.03600333333333334,0.6579999999999998,0.014833333333333336,0.07117000000000001,0.2166666666666667,0.05733000000000001,0.008663333333333334,0.5343366666666667,0.42882999999999993,0.18149999999999997,0.18033000000000002,0.06699999999999999,0.18333666666666665,0.04916333333333333,0.13416333333333333,0.09516666666666665,0.06299666666666667,1.5953333333333333,0.060500000000000026,0.15032999999999996,40.38866666666668,0.09017000000000001,0.17733666666666667,50.912,0.06699999999999999,0.08833666666666669,76.99266666666668,0.007163333333333335,0.03666666666666667,0.614,0.009830000000000002,0.09449666666666667,0.10600000000000002,0.06299666666666667,0.007666666666666666,0.49249999999999994
72,82,2021-05-01,2,4,2020-2021,Minas,Sesi Franca,0,0.43155000000000004,0.15233333333333335,0.21021666666666664,0.06899999999999999,0.20022333333333334,0.05533333333333334,0.14489000000000002,0.09444333333333337,0.06666666666666667,1.4546666666666666,0.05077666666666668,0.12444999999999999,41.02733333333333,0.10511666666666666,0.19788333333333333,53.01,0.06899999999999999,0.09854999999999998,70.13466666666665,0.004223333333333332,0.02789,0.42866666666666664,0.013670000000000005,0.10255333333333332,0.13599999999999998,0.06666666666666667,0.011000000000000003,0.5051100000000001,0.43633333333333335,0.12400000000000003,0.23332999999999998,0.07899333333333332,0.18400666666666668,0.03833666666666667,0.14566999999999997,0.09334,0.05833666666666667,1.636666666666667,0.04132666666666667,0.11232666666666669,37.31933333333333,0.11666999999999998,0.20833333333333334,55.934,0.07899333333333332,0.10233333333333337,77.54066666666668,0.013333333333333338,0.04133333333333335,0.7106666666666667,0.010006666666666667,0.09400000000000001,0.10800000000000001,0.05833666666666667,0.005996666666666668,0.52066
78,65,2021-05-02,3,4,2020-2021,Paulistano,Bauru Basket,1,0.3881666666666667,0.15449999999999997,0.18133333333333337,0.052333333333333336,0.2086666666666667,0.06749999999999999,0.1411666666666667,0.09366666666666669,0.06283333333333334,1.5266666666666666,0.05150000000000001,0.15766666666666668,32.974000000000004,0.09066666666666669,0.17883333333333337,50.61933333333333,0.052333333333333336,0.08366666666666668,62.22000000000001,0.009000000000000001,0.04183333333333333,0.6719999999999999,0.007000000000000001,0.0925,0.07200000000000002,0.06283333333333334,0.013000000000000001,0.4508333333333334,0.42600000000000005,0.15499999999999997,0.2066633333333333,0.06433666666666667,0.1836666666666667,0.04700333333333335,0.13666333333333336,0.09600333333333336,0.06566999999999999,1.5706666666666667,0.05166666666666668,0.13533000000000003,37.88733333333334,0.10333666666666666,0.17966333333333334,57.7,0.06433666666666667,0.09467,68.75266666666667,0.00833,0.04,0.638,0.00999666666666667,0.10133666666666669,0.09866666666666667,0.06566999999999999,0.010666666666666668,0.4996633333333333
93,68,2021-05-03,3,4,2020-2021,Minas,Sesi Franca,1,0.42444000000000004,0.15266666666666667,0.20510666666666666,0.06666666666666667,0.2004466666666667,0.05600000000000001,0.14444666666666667,0.09188666666666669,0.07,1.3646666666666667,0.05088666666666668,0.12689333333333336,40.388000000000005,0.10256,0.19344,52.81666666666667,0.06666666666666667,0.09677333333333334,69.07533333333332,0.003779999999999999,0.02744666666666667,0.4093333333333333,0.01433666666666667,0.10277666666666667,0.142,0.07,0.012333333333333335,0.49155333333333334,0.43755666666666665,0.12866666666666668,0.23266333333333333,0.07621666666666665,0.18478333333333335,0.03933666666666667,0.14544666666666667,0.09645000000000001,0.05744666666666668,1.718,0.04288333333333334,0.11455000000000001,37.81066666666666,0.11633666666666666,0.20877666666666667,55.644000000000005,0.07621666666666665,0.10000000000000002,76.32400000000001,0.014000000000000005,0.04300000000000002,0.7526666666666666,0.010116666666666668,0.09389000000000002,0.10933333333333335,0.05744666666666668,0.006553333333333334,0.52655
70,88,2021-05-10,1,5,2020-2021,Minas,São Paulo,0,0.4243300000000001,0.158,0.20066333333333333,0.06566666666666666,0.20000333333333337,0.05466666666666667,0.14533666666666667,0.09099666666666667,0.07166666666666667,1.3106666666666669,0.05266333333333335,0.13000333333333336,40.61533333333333,0.10033666666666667,0.18633,54.166666666666664,0.06566666666666666,0.09533,69.25733333333332,0.003336666666666666,0.027003333333333334,0.39399999999999996,0.013336666666666669,0.10366666666666666,0.13199999999999998,0.07166666666666667,0.013000000000000001,0.4909966666666667,0.4383366666666667,0.16799999999999998,0.20132999999999995,0.06899666666666666,0.20333666666666675,0.05099666666666667,0.15233,0.08833666666666666,0.05733000000000001,1.602,0.056003333333333336,0.15166666666666667,36.88666666666667,0.10067,0.18033,55.768666666666654,0.06899666666666666,0.08633333333333333,80.35066666666665,0.012003333333333335,0.035336666666666676,0.6473333333333333,0.015000000000000001,0.07033666666666669,0.22200000000000003,0.05733000000000001,0.00933,0.5303366666666666
92,69,2021-05-10,1,5,2020-2021,Flamengo,Paulistano,1,0.45499999999999996,0.22033333333333338,0.16133333333333333,0.07333333333333332,0.20500000000000002,0.058660000000000004,0.14633000000000002,0.10422,0.05932666666666667,1.7979999999999998,0.07343999999999999,0.19066333333333332,38.50199999999999,0.08066666666666666,0.14678000000000002,55.14866666666667,0.07333333333333332,0.09322666666666667,77.92399999999999,0.00877,0.038220000000000004,0.6626666666666666,0.010559999999999998,0.07510666666666668,0.14400000000000002,0.05932666666666667,0.012446666666666667,0.55044,0.38599999999999995,0.15299999999999997,0.18133333333333335,0.051666666666666666,0.20533333333333337,0.065,0.14033333333333337,0.09433333333333332,0.059000000000000004,1.7453333333333334,0.05100000000000001,0.15566666666666668,33.136,0.09066666666666667,0.18033333333333337,50.32066666666666,0.051666666666666666,0.08166666666666668,63.146,0.008666666666666665,0.04133333333333333,0.752,0.007333333333333333,0.09233333333333334,0.07600000000000001,0.059000000000000004,0.012,0.451
90,85,2021-05-12,2,5,2020-2021,São Paulo,Minas,1,0.43533666666666665,0.17,0.1986633333333333,0.06666333333333334,0.20567000000000002,0.052663333333333326,0.15299666666666667,0.08700333333333334,0.05666333333333333,1.596,0.056670000000000005,0.155,36.506,0.09933666666666664,0.17833,55.68266666666666,0.06666333333333334,0.08433333333333334,78.684,0.012003333333333335,0.03467,0.6426666666666667,0.01633333333333333,0.07067000000000001,0.23733333333333334,0.05666333333333333,0.009996666666666666,0.5273366666666666,0.4178866666666667,0.1516666666666667,0.20088666666666669,0.06533333333333333,0.19644666666666666,0.05466666666666667,0.14178000000000004,0.08955333333333333,0.07033333333333332,1.3166666666666667,0.050553333333333346,0.13078,38.57666666666667,0.10044666666666666,0.18488666666666667,54.64999999999999,0.06533333333333333,0.09622,68.10466666666666,0.0037799999999999995,0.02744666666666667,0.4066666666666667,0.012780000000000001,0.1,0.12933333333333333,0.07033333333333332,0.012666666666666666,0.4782200000000001
75,81,2021-05-12,2,5,2020-2021,Paulistano,Flamengo,0,0.3848333333333333,0.14849999999999997,0.181,0.05533333333333334,0.20550000000000004,0.06550000000000002,0.14,0.09166666666666665,0.0585,1.7106666666666668,0.0495,0.15166666666666667,32.913333333333334,0.0905,0.18250000000000002,49.70533333333333,0.05533333333333334,0.08666666666666667,63.27933333333335,0.008,0.03916666666666667,0.7200000000000001,0.007166666666666667,0.09366666666666666,0.07466666666666667,0.0585,0.011333333333333336,0.44433333333333336,0.45533333333333326,0.21600000000000005,0.164,0.07533333333333332,0.20533333333333334,0.05799333333333333,0.14733000000000002,0.10299666666666664,0.05766000000000001,1.8359999999999999,0.07199666666666667,0.18766333333333335,38.34066666666666,0.082,0.14933666666666667,55.06933333333333,0.07533333333333332,0.09700333333333334,77.44066666666666,0.009326666666666667,0.03799666666666667,0.6753333333333333,0.010670000000000002,0.07733000000000002,0.14266666666666666,0.05766000000000001,0.012003333333333335,0.5499966666666667
58,69,2021-05-15,3,5,2020-2021,Paulistano,Flamengo,0,0.38566666666666666,0.144,0.18466666666666667,0.057,0.2046666666666667,0.065,0.13966666666666666,0.09099999999999998,0.05800000000000002,1.7126666666666668,0.04800000000000001,0.146,33.118,0.09233333333333334,0.1876666666666667,49.44266666666666,0.057,0.08833333333333333,63.946000000000005,0.008000000000000002,0.03833333333333334,0.7126666666666667,0.008,0.095,0.08133333333333334,0.05800000000000002,0.011666666666666667,0.445,0.4518899999999999,0.20700000000000005,0.16888999999999996,0.07600000000000001,0.20589,0.05721666666666667,0.14866333333333334,0.10055333333333331,0.05855000000000001,1.771333333333333,0.06899666666666665,0.18155333333333334,37.52466666666667,0.08444333333333333,0.15344666666666668,55.05333333333333,0.07600000000000001,0.09811333333333332,77.27933333333334,0.008883333333333332,0.037219999999999996,0.652,0.010003333333333335,0.07922000000000003,0.13333333333333336,0.05855000000000001,0.011113333333333333,0.54333
80,79,2021-05-15,3,5,2020-2021,São Paulo,Minas,1,0.43611333333333335,0.17233333333333334,0.19621999999999998,0.06755333333333333,0.20311333333333337,0.05255333333333334,0.15055333333333332,0.08511333333333333,0.05488666666666667,1.6233333333333333,0.05744666666666666,0.15566666666666668,36.833333333333336,0.09811333333333332,0.17722,55.32599999999999,0.06755333333333333,0.08633333333333333,78.09733333333332,0.011113333333333333,0.034780000000000005,0.6693333333333332,0.016666666666666666,0.07278000000000001,0.23533333333333334,0.05488666666666667,0.009553333333333334,0.5247799999999999,0.41644333333333333,0.15333333333333335,0.19844333333333336,0.06466666666666668,0.19355666666666665,0.05400000000000002,0.13955666666666666,0.08711,0.06733333333333331,1.3613333333333335,0.05111000000000001,0.13389,38.07000000000001,0.09922333333333337,0.18144333333333335,55.08933333333332,0.06466666666666668,0.09477666666666669,69.05733333333335,0.0038899999999999994,0.02722333333333334,0.42,0.012223333333333333,0.10066666666666667,0.12400000000000001,0.06733333333333331,0.012,0.47411
96,93,2021-05-22,1,6,2020-2021,Flamengo,São Paulo,1,0.4444466666666666,0.19800000000000004,0.17178,0.07466666666666666,0.21044666666666664,0.057773333333333336,0.15266333333333335,0.10144333333333333,0.05810666666666667,1.8106666666666662,0.06599666666666668,0.1797766666666667,36.220666666666666,0.08588666666666667,0.15589,55.037333333333336,0.07466666666666666,0.09589,77.83200000000001,0.009106666666666667,0.035776666666666665,0.6273333333333334,0.010003333333333335,0.07844333333333336,0.1353333333333334,0.05810666666666667,0.011223333333333333,0.5389966666666667,0.43355666666666676,0.17366666666666666,0.19310999999999998,0.06677666666666666,0.20055666666666666,0.052110000000000004,0.14844333333333332,0.08455666666666667,0.05277666666666667,1.7173333333333334,0.05789000000000001,0.15633333333333332,36.964000000000006,0.09655666666666667,0.1764433333333333,54.64666666666666,0.06677666666666666,0.08566666666666668,77.78866666666666,0.01089,0.03455666666666667,0.6940000000000001,0.016,0.07489,0.22266666666666665,0.05277666666666667,0.010110000000000001,0.5192233333333334
81,82,2021-05-24,2,6,2020-2021,São Paulo,Flamengo,0,0.4353333333333334,0.17600000000000002,0.19333333333333333,0.066,0.19866666666666666,0.052000000000000005,0.14666666666666667,0.08400000000000002,0.05100000000000001,1.7826666666666666,0.05866666666666667,0.15633333333333335,37.450666666666656,0.09666666666666666,0.17833333333333334,54.134,0.066,0.08433333333333334,78.19399999999999,0.010666666666666668,0.03333333333333334,0.6826666666666665,0.015666666666666666,0.07533333333333334,0.21600000000000003,0.05100000000000001,0.010333333333333335,0.5183333333333333,0.4460033333333333,0.20000000000000007,0.17333666666666667,0.07266666666666666,0.21133666666666664,0.05966333333333334,0.15166333333333334,0.10099999999999998,0.056663333333333336,1.890666666666666,0.06666333333333334,0.1816666666666667,36.23799999999999,0.08666333333333331,0.15633333333333335,55.38933333333333,0.07266666666666666,0.09333333333333331,77.79866666666666,0.009330000000000001,0.034,0.6066666666666667,0.010336666666666668,0.07900000000000003,0.1386666666666667,0.056663333333333336,0.010333333333333335,0.5406633333333333
85,93,2021-05-27,3,6,2020-2021,São Paulo,Flamengo,0,0.4350000000000001,0.17099999999999999,0.197,0.067,0.20083333333333334,0.05300000000000001,0.14783333333333332,0.08416666666666667,0.050666666666666665,1.7946666666666666,0.05700000000000001,0.15516666666666667,36.24266666666667,0.0985,0.18116666666666667,54.29666666666666,0.067,0.08583333333333334,78.066,0.011166666666666668,0.0335,0.688,0.016,0.07416666666666667,0.22200000000000003,0.050666666666666665,0.011000000000000003,0.5191666666666667,0.4438366666666666,0.1965,0.17433666666666667,0.073,0.21067,0.05866333333333333,0.15199666666666667,0.09816666666666667,0.05683000000000001,1.8319999999999996,0.06549666666666668,0.18066666666666667,35.874,0.08716333333333331,0.15666666666666668,55.632,0.073,0.09383333333333334,77.77600000000001,0.009496666666666669,0.03316666666666667,0.5893333333333334,0.010336666666666668,0.08183333333333334,0.13733333333333336,0.05683000000000001,0.011000000000000003,0.53383
61,86,2021-10-23,1,1,2021-2022,São Paulo,Flamengo,0,0.0,0.0,0.0,0.0,0.0,0.0,0.0,0.0,0.0,0.0,0.0,0.0,0.0,0.0,0.0,0.0,0.0,0.0,0.0,0.0,0.0,0.0,0.0,0.0,0.0,0.0,0.0,0.0,0.0,0.0,0.0,0.0,0.0,0.0,0.0,0.0,0.0,0.0,0.0,0.0,0.0,0.0,0.0,0.0,0.0,0.0,0.0,0.0,0.0,0.0,0.0,0.0,0.0,0.0,0.0,0.0
59,77,2021-10-25,2,1,2021-2022,União Corinthians,Minas,0,0.0,0.0,0.0,0.0,0.0,0.0,0.0,0.0,0.0,0.0,0.0,0.0,0.0,0.0,0.0,0.0,0.0,0.0,0.0,0.0,0.0,0.0,0.0,0.0,0.0,0.0,0.0,0.0,0.0,0.0,0.0,0.0,0.0,0.0,0.0,0.0,0.0,0.0,0.0,0.0,0.0,0.0,0.0,0.0,0.0,0.0,0.0,0.0,0.0,0.0,0.0,0.0,0.0,0.0,0.0,0.0
76,87,2021-10-26,2,1,2021-2022,Bauru Basket,Sesi Franca,0,0.0,0.0,0.0,0.0,0.0,0.0,0.0,0.0,0.0,0.0,0.0,0.0,0.0,0.0,0.0,0.0,0.0,0.0,0.0,0.0,0.0,0.0,0.0,0.0,0.0,0.0,0.0,0.0,0.0,0.0,0.0,0.0,0.0,0.0,0.0,0.0,0.0,0.0,0.0,0.0,0.0,0.0,0.0,0.0,0.0,0.0,0.0,0.0,0.0,0.0,0.0,0.0,0.0,0.0,0.0,0.0
76,78,2021-10-26,2,1,2021-2022,São Paulo,Cerrado,0,0.305,0.06,0.21,0.035,0.16,0.04,0.12,0.04,0.07,0.57,0.02,0.13,15.38,0.105,0.205,51.22,0.035,0.06,58.33,0.0,0.055,0.79,0.005,0.085,0.06,0.07,0.005,0.26,0.0,0.0,0.0,0.0,0.0,0.0,0.0,0.0,0.0,0.0,0.0,0.0,0.0,0.0,0.0,0.0,0.0,0.0,0.0,0.0,0.0,0.0,0.0,0.0,0.0,0.0,0.0,0.0
86,75,2021-10-26,2,1,2021-2022,Pinheiros,Rio Claro,1,0.0,0.0,0.0,0.0,0.0,0.0,0.0,0.0,0.0,0.0,0.0,0.0,0.0,0.0,0.0,0.0,0.0,0.0,0.0,0.0,0.0,0.0,0.0,0.0,0.0,0.0,0.0,0.0,0.0,0.0,0.0,0.0,0.0,0.0,0.0,0.0,0.0,0.0,0.0,0.0,0.0,0.0,0.0,0.0,0.0,0.0,0.0,0.0,0.0,0.0,0.0,0.0,0.0,0.0,0.0,0.0
71,72,2021-10-27,2,1,2021-2022,Fortaleza B. C. / CFO,UNIFACISA,0,0.0,0.0,0.0,0.0,0.0,0.0,0.0,0.0,0.0,0.0,0.0,0.0,0.0,0.0,0.0,0.0,0.0,0.0,0.0,0.0,0.0,0.0,0.0,0.0,0.0,0.0,0.0,0.0,0.0,0.0,0.0,0.0,0.0,0.0,0.0,0.0,0.0,0.0,0.0,0.0,0.0,0.0,0.0,0.0,0.0,0.0,0.0,0.0,0.0,0.0,0.0,0.0,0.0,0.0,0.0,0.0
75,83,2021-10-27,2,1,2021-2022,Caxias do Sul Basquete,Minas,0,0.0,0.0,0.0,0.0,0.0,0.0,0.0,0.0,0.0,0.0,0.0,0.0,0.0,0.0,0.0,0.0,0.0,0.0,0.0,0.0,0.0,0.0,0.0,0.0,0.0,0.0,0.0,0.0,0.4,0.1425,0.175,0.0825,0.195,0.045,0.15,0.0575,0.0825,0.7,0.0475,0.125,38.0,0.0875,0.17,51.47,0.0825,0.1025,80.49,0.01,0.03,0.36,0.0125,0.065,0.19,0.0825,0.0125,0.4325
76,87,2021-10-27,2,1,2021-2022,União Corinthians,Flamengo,0,0.3375,0.1125,0.195,0.03,0.17,0.04,0.13,0.0625,0.075,0.83,0.0375,0.1425,26.32,0.0975,0.1975,49.37,0.03,0.0625,48.0,0.0075,0.0525,0.7,0.015,0.11,0.14,0.075,0.015,0.325,0.43,0.12,0.29,0.02,0.235,0.05,0.185,0.125,0.08,1.56,0.04,0.13,30.77,0.145,0.215,67.44,0.02,0.035,57.14,0.0,0.045,0.56,0.0,0.08,0.0,0.08,0.005,0.58
73,80,2021-10-28,2,1,2021-2022,Pato Basquete,Corinthians,0,0.0,0.0,0.0,0.0,0.0,0.0,0.0,0.0,0.0,0.0,0.0,0.0,0.0,0.0,0.0,0.0,0.0,0.0,0.0,0.0,0.0,0.0,0.0,0.0,0.0,0.0,0.0,0.0,0.0,0.0,0.0,0.0,0.0,0.0,0.0,0.0,0.0,0.0,0.0,0.0,0.0,0.0,0.0,0.0,0.0,0.0,0.0,0.0,0.0,0.0,0.0,0.0,0.0,0.0,0.0,0.0
77,72,2021-10-28,2,1,2021-2022,Mogi,Paulistano,1,0.0,0.0,0.0,0.0,0.0,0.0,0.0,0.0,0.0,0.0,0.0,0.0,0.0,0.0,0.0,0.0,0.0,0.0,0.0,0.0,0.0,0.0,0.0,0.0,0.0,0.0,0.0,0.0,0.0,0.0,0.0,0.0,0.0,0.0,0.0,0.0,0.0,0.0,0.0,0.0,0.0,0.0,0.0,0.0,0.0,0.0,0.0,0.0,0.0,0.0,0.0,0.0,0.0,0.0,0.0,0.0
80,89,2021-10-28,2,1,2021-2022,Pinheiros,Sesi Franca,0,0.415,0.1575,0.175,0.0825,0.225,0.0725,0.1525,0.0925,0.065,1.42,0.0525,0.145,36.21,0.0875,0.205,42.68,0.0825,0.11,75.0,0.015,0.03,0.46,0.0125,0.1075,0.12,0.065,0.0075,0.4725,0.44,0.135,0.225,0.08,0.215,0.0525,0.1625,0.11,0.0575,1.91,0.045,0.1325,33.96,0.1125,0.195,57.69,0.08,0.0975,82.05,0.015,0.035,0.61,0.015,0.09,0.17,0.0575,0.005,0.57
77,65,2021-10-28,2,1,2021-2022,Bauru Basket,Rio Claro,1,0.3825,0.1425,0.175,0.065,0.185,0.04,0.145,0.07,0.075,0.93,0.0475,0.15,31.67,0.0875,0.15,58.33,0.065,0.0925,70.27,0.0075,0.0325,0.43,0.005,0.09,0.06,0.075,0.015,0.4075,0.35,0.12,0.165,0.065,0.17,0.045,0.125,0.08,0.05,1.6,0.04,0.1475,27.12,0.0825,0.19,43.42,0.065,0.0875,74.29,0.0075,0.0375,0.75,0.015,0.1225,0.12,0.05,0.005,0.365
73,86,2021-10-29,2,1,2021-2022,Caxias do Sul Basquete,Flamengo,0,0.37,0.105,0.23,0.035,0.1475,0.0425,0.105,0.065,0.0575,1.13,0.035,0.1075,32.56,0.115,0.2025,56.79,0.035,0.055,63.64,0.0025,0.035,0.61,0.005,0.1025,0.05,0.0575,0.005,0.385,0.43125,0.14250000000000002,0.22499999999999998,0.06375,0.22999999999999998,0.06125,0.16875,0.1,0.08374999999999999,1.21,0.0475,0.135,35.03,0.11249999999999999,0.19624999999999998,56.254999999999995,0.06375,0.085,68.38499999999999,0.0025,0.04,0.48000000000000004,0.00375,0.08625,0.04,0.08374999999999999,0.011250000000000001,0.5287499999999999
85,66,2021-10-29,2,1,2021-2022,São Paulo,BRB/Brasília,1,0.35375,0.0975,0.215,0.04125,0.15375,0.0325,0.12125,0.07375,0.06375,1.22,0.0325,0.125,26.44,0.1075,0.2,53.815,0.04125,0.0675,60.83,0.00125,0.04625,0.72,0.011250000000000001,0.085,0.135,0.06375,0.0075,0.36375,0.0,0.0,0.0,0.0,0.0,0.0,0.0,0.0,0.0,0.0,0.0,0.0,0.0,0.0,0.0,0.0,0.0,0.0,0.0,0.0,0.0,0.0,0.0,0.0,0.0,0.0,0.0,0.0
70,69,2021-10-30,2,1,2021-2022,Mogi,Corinthians,1,0.3675,0.1425,0.165,0.06,0.1925,0.0575,0.135,0.105,0.0725,1.45,0.0475,0.1125,42.22,0.0825,0.195,42.31,0.06,0.07,85.71,0.015,0.045,0.62,0.01,0.08,0.13,0.0725,0.01,0.46,0.3725,0.2175,0.11,0.045,0.18,0.055,0.125,0.09,0.0825,1.09,0.0725,0.1725,42.03,0.055,0.1275,43.14,0.045,0.065,69.23,0.0025,0.035,0.42,0.0175,0.0875,0.2,0.0825,0.025,0.42
55,68,2021-10-30,2,1,2021-2022,Pato Basquete,Paulistano,0,0.32,0.135,0.135,0.05,0.1775,0.045,0.1325,0.0525,0.0825,0.64,0.045,0.1525,29.51,0.0675,0.1375,49.09,0.05,0.11,45.45,0.005,0.03,0.36,0.0025,0.1125,0.02,0.0825,0.02,0.2625,0.35,0.105,0.165,0.08,0.2125,0.0625,0.15,0.0675,0.085,0.79,0.035,0.1325,26.42,0.0825,0.1825,45.21,0.08,0.1175,68.09,0.0125,0.0525,0.62,0.01,0.0875,0.11,0.085,0.03,0.3725
74,63,2021-11-01,3,1,2021-2022,Rio Claro,União Corinthians,1,0.35,0.12,0.165,0.065,0.17,0.045,0.125,0.08,0.05,1.6,0.04,0.1475,27.12,0.0825,0.19,43.42,0.065,0.0875,74.29,0.0075,0.0375,0.75,0.015,0.1225,0.12,0.05,0.005,0.365,0.3375,0.1125,0.195,0.03,0.17,0.04,0.13,0.0625,0.075,0.83,0.0375,0.1425,26.32,0.0975,0.1975,49.37,0.03,0.0625,48.0,0.0075,0.0525,0.7,0.015,0.11,0.14,0.075,0.015,0.325
74,69,2021-11-02,3,1,2021-2022,Paulistano,Corinthians,1,0.35,0.105,0.165,0.08,0.2125,0.0625,0.15,0.0675,0.085,0.79,0.035,0.1325,26.42,0.0825,0.1825,45.21,0.08,0.1175,68.09,0.0125,0.0525,0.62,0.01,0.0875,0.11,0.085,0.03,0.3725,0.3725,0.2175,0.11,0.045,0.18,0.055,0.125,0.09,0.0825,1.09,0.0725,0.1725,42.03,0.055,0.1275,43.14,0.045,0.065,69.23,0.0025,0.035,0.42,0.0175,0.0875,0.2,0.0825,0.025,0.42
88,79,2021-11-02,3,1,2021-2022,Cerrado,Pinheiros,1,0.39,0.12,0.22,0.05,0.215,0.065,0.15,0.09,0.11,0.82,0.04,0.135,29.63,0.11,0.195,56.41,0.05,0.07,71.43,0.01,0.035,0.32,0.015,0.085,0.18,0.11,0.035,0.435,0.415,0.1575,0.175,0.0825,0.225,0.0725,0.1525,0.0925,0.065,1.42,0.0525,0.145,36.21,0.0875,0.205,42.68,0.0825,0.11,75.0,0.015,0.03,0.46,0.0125,0.1075,0.12,0.065,0.0075,0.4725
109,75,2021-11-03,3,1,2021-2022,Minas,Mogi,1,0.4,0.1425,0.175,0.0825,0.195,0.045,0.15,0.0575,0.0825,0.7,0.0475,0.125,38.0,0.0875,0.17,51.47,0.0825,0.1025,80.49,0.01,0.03,0.36,0.0125,0.065,0.19,0.0825,0.0125,0.4325,0.3675,0.1425,0.165,0.06,0.1925,0.0575,0.135,0.105,0.0725,1.45,0.0475,0.1125,42.22,0.0825,0.195,42.31,0.06,0.07,85.71,0.015,0.045,0.62,0.01,0.08,0.13,0.0725,0.01,0.46
63,65,2021-11-03,3,1,2021-2022,Rio Claro,Caxias do Sul Basquete,0,0.3475,0.1225,0.15333333333333335,0.07166666666666667,0.17500000000000002,0.04666666666666667,0.12833333333333333,0.07666666666666667,0.05833333333333333,1.3766666666666667,0.04083333333333333,0.14166666666666666,28.97666666666667,0.07666666666666667,0.17916666666666667,42.70333333333334,0.07166666666666667,0.09499999999999999,75.28333333333335,0.006666666666666667,0.03916666666666666,0.69,0.011666666666666665,0.11833333333333333,0.09666666666666666,0.05833333333333333,0.0075,0.365,0.37,0.105,0.23,0.035,0.1475,0.0425,0.105,0.065,0.0575,1.13,0.035,0.1075,32.56,0.115,0.2025,56.79,0.035,0.055,63.64,0.0025,0.035,0.61,0.005,0.1025,0.05,0.0575,0.005,0.385
115,74,2021-11-03,3,1,2021-2022,Sesi Franca,União Corinthians,1,0.44,0.135,0.225,0.08,0.215,0.0525,0.1625,0.11,0.0575,1.91,0.045,0.1325,33.96,0.1125,0.195,57.69,0.08,0.0975,82.05,0.015,0.035,0.61,0.015,0.09,0.17,0.0575,0.005,0.57,0.33916666666666667,0.1225,0.17833333333333334,0.03833333333333333,0.165,0.035833333333333335,0.12916666666666668,0.06583333333333334,0.06999999999999999,0.9566666666666667,0.04083333333333333,0.15333333333333332,26.593333333333334,0.08916666666666667,0.18166666666666667,49.02333333333333,0.03833333333333333,0.06916666666666667,54.223333333333336,0.01,0.049166666666666664,0.7033333333333333,0.013333333333333334,0.10916666666666668,0.12333333333333334,0.06999999999999999,0.012499999999999999,0.32666666666666666
94,62,2021-11-03,3,1,2021-2022,Flamengo,Pato Basquete,1,0.43166666666666664,0.15000000000000002,0.20333333333333334,0.07833333333333332,0.2283333333333333,0.065,0.16333333333333333,0.09166666666666667,0.085,1.0933333333333333,0.049999999999999996,0.1366666666666667,36.449999999999996,0.10166666666666667,0.18999999999999997,52.526666666666664,0.07833333333333332,0.10166666666666668,72.13333333333333,0.0033333333333333335,0.03833333333333334,0.45333333333333337,0.005,0.08833333333333333,0.05333333333333334,0.085,0.013333333333333336,0.5116666666666666,0.32,0.135,0.135,0.05,0.1775,0.045,0.1325,0.0525,0.0825,0.64,0.045,0.1525,29.51,0.0675,0.1375,49.09,0.05,0.11,45.45,0.005,0.03,0.36,0.0025,0.1125,0.02,0.0825,0.02,0.2625
68,81,2021-11-04,3,1,2021-2022,Fortaleza B. C. / CFO,São Paulo,0,0.355,0.09,0.21,0.055,0.205,0.045,0.16,0.055,0.045,1.22,0.03,0.145,20.69,0.105,0.215,48.84,0.055,0.065,84.62,0.01,0.035,0.78,0.01,0.095,0.11,0.045,0.02,0.38,0.37000000000000005,0.11,0.21666666666666667,0.043333333333333335,0.15166666666666664,0.03,0.12166666666666666,0.085,0.06166666666666667,1.4366666666666668,0.03666666666666667,0.12333333333333334,30.126666666666665,0.10833333333333334,0.19833333333333333,54.68,0.043333333333333335,0.07,61.663333333333334,0.0016666666666666668,0.043333333333333335,0.6966666666666667,0.013333333333333336,0.085,0.16,0.06166666666666667,0.008333333333333333,0.3983333333333334
92,93,2021-11-04,3,1,2021-2022,BRB/Brasília,Pinheiros,0,0.33,0.135,0.15,0.045,0.235,0.095,0.14,0.07,0.075,0.93,0.045,0.1,45.0,0.075,0.235,31.91,0.045,0.06,75.0,0.005,0.01,0.13,0.01,0.085,0.12,0.075,0.005,0.35,0.42,0.15,0.19666666666666666,0.07333333333333333,0.2325,0.08416666666666667,0.14833333333333334,0.09500000000000001,0.0675,1.4066666666666665,0.049999999999999996,0.14166666666666666,35.25,0.09833333333333333,0.2275,43.13333333333333,0.07333333333333333,0.1025,70.95333333333333,0.014166666666666666,0.03333333333333333,0.49000000000000005,0.0175,0.1075,0.16666666666666666,0.0675,0.01,0.4808333333333333
87,92,2021-11-04,3,1,2021-2022,Cerrado,Bauru Basket,0,0.41375,0.13124999999999998,0.225,0.0575,0.21875,0.0675,0.15125,0.07875,0.08499999999999999,0.9749999999999999,0.04375,0.15250000000000002,28.785,0.1125,0.19875,56.599999999999994,0.0575,0.08,71.825,0.01125,0.0325,0.41000000000000003,0.015,0.09375,0.16499999999999998,0.08499999999999999,0.025,0.45625,0.3825,0.1425,0.175,0.065,0.185,0.04,0.145,0.07,0.075,0.93,0.0475,0.15,31.67,0.0875,0.15,58.33,0.065,0.0925,70.27,0.0075,0.0325,0.43,0.005,0.09,0.06,0.075,0.015,0.4075
116,73,2021-11-05,3,1,2021-2022,Flamengo,Mogi,1,0.45499999999999996,0.174375,0.205,0.075625,0.23124999999999998,0.06875,0.1625,0.10500000000000001,0.085,1.2475,0.058124999999999996,0.149375,38.3375,0.1025,0.18187499999999998,56.0625,0.075625,0.10250000000000001,70.1725,0.005,0.04,0.47250000000000003,0.0075,0.084375,0.0925,0.085,0.012500000000000002,0.5562499999999999,0.36833333333333335,0.13999999999999999,0.17333333333333334,0.05499999999999999,0.18583333333333332,0.06083333333333333,0.125,0.10166666666666667,0.07666666666666666,1.3399999999999999,0.04666666666666667,0.125,38.14666666666667,0.08666666666666667,0.19416666666666668,44.656666666666666,0.05499999999999999,0.06666666666666667,82.14,0.013333333333333334,0.04,0.5299999999999999,0.012500000000000002,0.08916666666666667,0.14,0.07666666666666666,0.010833333333333334,0.43416666666666665
79,67,2021-11-05,3,1,2021-2022,Minas,Pato Basquete,1,0.42333333333333334,0.16,0.17833333333333332,0.085,0.2025,0.05499999999999999,0.1475,0.08083333333333333,0.0725,1.2766666666666666,0.05333333333333334,0.135,39.31333333333333,0.08916666666666666,0.17166666666666666,51.93333333333334,0.085,0.11333333333333333,75.88333333333333,0.011666666666666667,0.03333333333333333,0.49333333333333335,0.010833333333333334,0.0725,0.15666666666666665,0.0725,0.014166666666666668,0.48583333333333334,0.32083333333333336,0.12250000000000001,0.1416666666666667,0.05666666666666667,0.16666666666666666,0.03916666666666666,0.1275,0.06333333333333334,0.075,0.9,0.04083333333333333,0.14333333333333334,28.340000000000003,0.07083333333333335,0.14916666666666667,47.70333333333334,0.05666666666666667,0.1075,53.06333333333333,0.005,0.0375,0.5333333333333333,0.0025,0.11,0.02,0.075,0.015833333333333335,0.2841666666666667
84,75,2021-11-05,3,1,2021-2022,Sesi Franca,Caxias do Sul Basquete,1,0.45916666666666667,0.14500000000000002,0.22833333333333336,0.08583333333333333,0.21916666666666665,0.049999999999999996,0.1691666666666667,0.10666666666666667,0.059166666666666666,1.8066666666666666,0.04833333333333333,0.13333333333333333,36.22,0.11416666666666668,0.19416666666666668,58.806666666666665,0.08583333333333333,0.11166666666666668,77.91333333333334,0.015833333333333335,0.0325,0.5533333333333333,0.015833333333333335,0.085,0.19000000000000003,0.059166666666666666,0.0075,0.5833333333333334,0.3633333333333333,0.1225,0.20000000000000004,0.04083333333333333,0.14916666666666667,0.035,0.11416666666666668,0.07583333333333334,0.06583333333333334,1.1466666666666665,0.04083333333333333,0.1125,35.99333333333333,0.10000000000000002,0.18000000000000002,55.14333333333334,0.04083333333333333,0.06833333333333334,60.846666666666664,0.0025,0.03416666666666667,0.5366666666666666,0.008333333333333333,0.11499999999999999,0.07,0.06583333333333334,0.010833333333333334,0.3858333333333333
66,78,2021-11-06,3,1,2021-2022,UNIFACISA,São Paulo,0,0.36,0.135,0.15,0.075,0.23,0.05,0.18,0.06,0.07,0.86,0.045,0.13,34.62,0.075,0.195,38.46,0.075,0.09,83.33,0.005,0.02,0.29,0.005,0.1,0.05,0.07,0.015,0.385,0.376875,0.110625,0.2225,0.04375,0.15875,0.03,0.12875,0.08687500000000001,0.06,1.4975,0.036875,0.125625,29.669999999999998,0.11125,0.191875,58.402499999999996,0.04375,0.0675,64.9975,0.005,0.04,0.6599999999999999,0.011875000000000002,0.080625,0.1475,0.06,0.008125,0.42125
49,60,2021-11-06,3,1,2021-2022,BRB/Brasília,Bauru Basket,0,0.34125,0.1275,0.155,0.05875,0.22625,0.07875,0.14750000000000002,0.07250000000000001,0.07125000000000001,1.02,0.042499999999999996,0.10875,39.519999999999996,0.0775,0.22999999999999998,33.735,0.05875,0.07375,78.93,0.0025,0.02125,0.305,0.01125,0.09,0.125,0.07125000000000001,0.01,0.3675,0.38166666666666665,0.125,0.18833333333333332,0.06833333333333334,0.19000000000000003,0.03666666666666667,0.15333333333333332,0.07250000000000001,0.06833333333333333,1.09,0.041666666666666664,0.14166666666666666,29.113333333333333,0.09416666666666666,0.16166666666666665,58.25666666666666,0.06833333333333334,0.09416666666666666,72.48666666666666,0.005,0.03,0.4366666666666667,0.010833333333333334,0.09000000000000001,0.12333333333333334,0.06833333333333333,0.011666666666666665,0.42333333333333334
81,60,2021-11-08,4,1,2021-2022,Pinheiros,Fortaleza B. C. / CFO,1,0.4225,0.14625,0.2075,0.06875,0.23625000000000002,0.09,0.14625,0.09625,0.06875,1.4,0.04875,0.14,34.769999999999996,0.10375,0.23875000000000002,43.36,0.06875,0.09875,68.93,0.013749999999999998,0.035,0.5050000000000001,0.02,0.1075,0.19,0.06875,0.01125,0.485,0.34750000000000003,0.08249999999999999,0.22,0.045,0.2175,0.065,0.1525,0.052500000000000005,0.05,1.065,0.0275,0.1475,18.68,0.11,0.22749999999999998,48.38,0.045,0.052500000000000005,86.06,0.005,0.035,0.71,0.005,0.0825,0.055,0.05,0.0175,0.3625
75,76,2021-11-08,4,1,2021-2022,União Corinthians,Cerrado,0,0.34,0.1275,0.17,0.042499999999999996,0.1625,0.03375,0.12875,0.0675,0.0675,1.02,0.042499999999999996,0.15875,26.73,0.085,0.17375000000000002,48.849999999999994,0.042499999999999996,0.07250000000000001,57.33500000000001,0.01125,0.0475,0.705,0.0125,0.10875,0.11499999999999999,0.0675,0.01125,0.3275,0.4216666666666667,0.13499999999999998,0.22666666666666668,0.06,0.22,0.06833333333333334,0.15166666666666664,0.075,0.07666666666666666,1.0266666666666666,0.045000000000000005,0.15833333333333335,28.503333333333334,0.11333333333333334,0.20000000000000004,56.66333333333333,0.06,0.08333333333333333,71.95666666666666,0.011666666666666667,0.03166666666666667,0.44,0.015,0.09666666666666666,0.16,0.07666666666666666,0.021666666666666667,0.4633333333333333
80,83,2021-11-09,4,1,2021-2022,Corinthians,Flamengo,0,0.3633333333333333,0.19000000000000003,0.12333333333333334,0.049999999999999996,0.18833333333333332,0.05833333333333333,0.13,0.08166666666666667,0.08,1.0166666666666668,0.06333333333333334,0.16833333333333333,37.39666666666667,0.06166666666666667,0.13833333333333334,44.38666666666666,0.049999999999999996,0.07166666666666667,69.68333333333334,0.005,0.035,0.4366666666666667,0.016666666666666666,0.09000000000000001,0.18666666666666668,0.08,0.02,0.40166666666666667,0.469,0.189,0.20600000000000002,0.074,0.233,0.07100000000000001,0.162,0.11300000000000002,0.085,1.34,0.063,0.157,39.47,0.10300000000000001,0.177,58.184000000000005,0.074,0.10300000000000001,68.99600000000001,0.006,0.041,0.484,0.009,0.082,0.11599999999999999,0.085,0.012000000000000002,0.583
72,64,2021-11-10,4,1,2021-2022,Caxias do Sul Basquete,Cerrado,1,0.36,0.13125,0.18500000000000003,0.04375,0.15,0.03125,0.11875000000000001,0.08125,0.07,1.1549999999999998,0.04375,0.115,37.71,0.09250000000000001,0.16875,54.32,0.04375,0.07500000000000001,59.449999999999996,0.0025,0.03375,0.5,0.01,0.12125,0.08,0.07,0.01375,0.38625,0.40375000000000005,0.13874999999999998,0.21000000000000002,0.055,0.218125,0.064375,0.15375,0.07125000000000001,0.081875,0.9249999999999999,0.04625,0.15875000000000003,29.19,0.10500000000000001,0.19312500000000002,54.092499999999994,0.055,0.08,68.2525,0.009375000000000001,0.033125,0.42500000000000004,0.012499999999999999,0.09375,0.135,0.081875,0.01875,0.43124999999999997
74,59,2021-11-10,4,1,2021-2022,Bauru Basket,Fortaleza B. C. / CFO,1,0.38125,0.11624999999999999,0.19499999999999998,0.07,0.1925,0.035,0.1575,0.07375000000000001,0.065,1.17,0.03875,0.1375,27.835,0.09749999999999999,0.16749999999999998,58.22,0.07,0.095,73.595,0.00375,0.028749999999999998,0.44,0.01375,0.09,0.155,0.065,0.009999999999999998,0.43125,0.33083333333333337,0.085,0.19999999999999998,0.04583333333333334,0.2058333333333333,0.0625,0.14333333333333334,0.059166666666666666,0.059166666666666666,1.0233333333333332,0.028333333333333332,0.13833333333333334,20.786666666666665,0.09999999999999999,0.21583333333333332,46.10666666666666,0.04583333333333334,0.06,78.48333333333333,0.0033333333333333335,0.035,0.6233333333333333,0.008333333333333333,0.08416666666666667,0.09333333333333334,0.059166666666666666,0.016666666666666666,0.34
67,86,2021-11-10,4,1,2021-2022,Pinheiros,UNIFACISA,0,0.41200000000000003,0.1425,0.20299999999999999,0.0665,0.23600000000000004,0.0925,0.14350000000000002,0.094,0.066,1.43,0.0475,0.14700000000000002,32.67399999999999,0.10149999999999999,0.2285,44.553999999999995,0.0665,0.0965,68.286,0.013999999999999999,0.036000000000000004,0.55,0.018,0.1025,0.176,0.066,0.0095,0.4734999999999999,0.345,0.12,0.175,0.05,0.20750000000000002,0.0625,0.145,0.07250000000000001,0.07,1.035,0.04,0.1325,30.275,0.0875,0.195,44.870000000000005,0.05,0.075,62.5,0.0075,0.025,0.36,0.0025,0.10250000000000001,0.025,0.07,0.0125,0.35750000000000004
70,55,2021-11-10,4,1,2021-2022,União Corinthians,BRB/Brasília,1,0.34450000000000003,0.129,0.175,0.040499999999999994,0.173,0.042,0.131,0.0665,0.0675,1.002,0.043,0.157,27.384000000000004,0.0875,0.189,46.879999999999995,0.040499999999999994,0.068,58.86800000000001,0.011,0.05450000000000001,0.808,0.013500000000000002,0.10900000000000001,0.124,0.0675,0.0125,0.3415,0.345,0.125,0.15666666666666665,0.06333333333333334,0.22333333333333336,0.07333333333333333,0.15000000000000002,0.07333333333333335,0.07,1.05,0.041666666666666664,0.11166666666666665,37.69333333333333,0.07833333333333332,0.2283333333333333,34.343333333333334,0.06333333333333334,0.07833333333333332,80.24000000000001,0.0016666666666666668,0.025000000000000005,0.3633333333333333,0.011666666666666667,0.09166666666666667,0.12666666666666668,0.07,0.011666666666666667,0.37333333333333335
87,81,2021-11-11,4,1,2021-2022,Paulistano,Flamengo,1,0.35666666666666663,0.12,0.17333333333333334,0.06333333333333334,0.20166666666666666,0.056666666666666664,0.145,0.07833333333333334,0.07333333333333335,1.1933333333333334,0.04,0.12833333333333333,31.503333333333334,0.08666666666666667,0.18999999999999997,45.586666666666666,0.06333333333333334,0.09666666666666666,63.576666666666675,0.01,0.04666666666666667,0.6466666666666666,0.01,0.09333333333333332,0.10666666666666667,0.07333333333333335,0.02333333333333333,0.395,0.45916666666666667,0.1825,0.1991666666666667,0.0775,0.22458333333333336,0.06875,0.15583333333333335,0.10500000000000002,0.08416666666666667,1.2516666666666667,0.06083333333333333,0.15333333333333335,39.065,0.09958333333333334,0.1745833333333333,56.94833333333333,0.0775,0.10666666666666667,70.16333333333334,0.005,0.03916666666666667,0.4666666666666666,0.010416666666666666,0.08541666666666668,0.125,0.08416666666666667,0.013333333333333336,0.5575
65,82,2021-11-11,4,1,2021-2022,Corinthians,Minas,0,0.363125,0.18375000000000002,0.1275,0.051875,0.18312499999999998,0.058124999999999996,0.125,0.081875,0.073125,1.155,0.06125,0.175,35.1,0.06375,0.14,45.36,0.051875,0.07187500000000001,72.09,0.005,0.0325,0.4475,0.015625,0.09062500000000001,0.17500000000000002,0.073125,0.015625,0.393125,0.435,0.16875,0.18,0.08625,0.20625000000000002,0.06,0.14625,0.0925,0.0675,1.565,0.05625,0.14,39.97,0.09,0.1725,52.165000000000006,0.08625,0.11875,73.58,0.0125,0.035,0.56,0.01,0.07625,0.13999999999999999,0.0675,0.015000000000000001,0.5125
66,88,2021-11-11,4,1,2021-2022,Pato Basquete,Sesi Franca,0,0.32125000000000004,0.11625000000000002,0.14500000000000002,0.060000000000000005,0.16125,0.03625,0.125,0.06875,0.07125000000000001,1.03,0.03875,0.13874999999999998,27.755000000000003,0.07250000000000001,0.155,47.010000000000005,0.060000000000000005,0.10625,56.870000000000005,0.005,0.041249999999999995,0.62,0.0025,0.10875,0.02,0.07125000000000001,0.01375,0.29500000000000004,0.46875,0.15000000000000002,0.23,0.08875,0.22125,0.04875,0.17250000000000001,0.10500000000000001,0.06,1.755,0.049999999999999996,0.13375,37.35,0.115,0.19375,59.364999999999995,0.08875,0.11875000000000001,75.845,0.01625,0.03125,0.525,0.01625,0.0825,0.2,0.06,0.00875,0.59
64,60,2021-11-11,4,1,2021-2022,Mogi,Rio Claro,1,0.36875,0.13874999999999998,0.1775,0.05249999999999999,0.1825,0.0625,0.12,0.1,0.07875,1.285,0.04625,0.13125,36.11,0.08875,0.19375,45.83,0.05249999999999999,0.065,80.35499999999999,0.0125,0.0375,0.485,0.013750000000000002,0.09375,0.14500000000000002,0.07875,0.01125,0.42125,0.34625,0.12375,0.14750000000000002,0.07500000000000001,0.1775,0.0475,0.13,0.07500000000000001,0.0625,1.265,0.04125,0.13874999999999998,29.905,0.07375000000000001,0.17375,42.345000000000006,0.07500000000000001,0.09874999999999999,75.78,0.00625,0.04,0.6599999999999999,0.009999999999999998,0.11624999999999999,0.08499999999999999,0.0625,0.00875,0.365
84,68,2021-11-12,4,1,2021-2022,Bauru Basket,UNIFACISA,1,0.384,0.12449999999999999,0.192,0.0675,0.193,0.0405,0.1525,0.078,0.0625,1.298,0.041499999999999995,0.14400000000000002,28.444,0.096,0.16349999999999998,58.779999999999994,0.0675,0.089,76.568,0.003,0.027999999999999997,0.44800000000000006,0.014500000000000002,0.0895,0.164,0.0625,0.009999999999999998,0.44350000000000006,0.35833333333333334,0.13999999999999999,0.16333333333333333,0.055,0.19083333333333333,0.05416666666666667,0.13666666666666666,0.08083333333333334,0.065,1.28,0.04666666666666667,0.13749999999999998,33.74333333333333,0.08166666666666667,0.17333333333333334,47.86333333333334,0.055,0.07666666666666666,68.75,0.009166666666666667,0.028333333333333335,0.4533333333333333,0.0033333333333333335,0.09500000000000001,0.03666666666666667,0.065,0.011666666666666667,0.39250000000000007
76,64,2021-11-12,4,1,2021-2022,Caxias do Sul Basquete,BRB/Brasília,1,0.362,0.12150000000000001,0.196,0.0445,0.16099999999999998,0.038,0.123,0.087,0.069,1.2619999999999998,0.040499999999999994,0.11400000000000002,35.168,0.098,0.17950000000000002,54.242,0.0445,0.07350000000000001,61.63399999999999,0.004,0.039,0.584,0.0115,0.1155,0.10200000000000001,0.069,0.014500000000000002,0.40750000000000003,0.333125,0.106875,0.15375,0.07250000000000001,0.21375,0.06375,0.15000000000000002,0.064375,0.080625,0.8700000000000001,0.035625000000000004,0.103125,33.91499999999999,0.076875,0.21062499999999998,37.265,0.07250000000000001,0.0875,81.92,0.001875,0.021875000000000002,0.3,0.014375,0.08812500000000001,0.16749999999999998,0.080625,0.009375000000000001,0.350625
67,96,2021-11-13,4,1,2021-2022,Paulistano,Minas,0,0.36374999999999996,0.12,0.18,0.06375,0.195,0.056249999999999994,0.13874999999999998,0.079375,0.07187500000000001,1.2,0.04,0.12687500000000002,31.79,0.09,0.193125,46.535,0.06375,0.09562499999999999,65.25,0.007500000000000001,0.043750000000000004,0.615,0.008749999999999999,0.09812499999999999,0.09,0.07187500000000001,0.021249999999999998,0.39687500000000003,0.437,0.17250000000000001,0.185,0.07949999999999999,0.21000000000000002,0.059,0.151,0.091,0.068,1.494,0.057499999999999996,0.14250000000000002,40.172,0.0925,0.1735,53.282000000000004,0.07949999999999999,0.10800000000000001,75.018,0.0115,0.036500000000000005,0.5700000000000001,0.01,0.077,0.13799999999999998,0.068,0.014500000000000002,0.522
96,102,2021-11-13,4,1,2021-2022,Mogi,Sesi Franca,0,0.375,0.13799999999999998,0.178,0.059,0.1895,0.063,0.1265,0.0975,0.079,1.246,0.046,0.1335,35.20399999999999,0.089,0.1915,46.528,0.059,0.0755,78.752,0.012,0.037,0.476,0.011500000000000002,0.093,0.12200000000000003,0.079,0.012,0.425,0.47000000000000003,0.16050000000000003,0.225,0.08449999999999999,0.21600000000000003,0.0475,0.1685,0.10500000000000001,0.0605,1.7399999999999998,0.05349999999999999,0.14100000000000001,37.822,0.1125,0.187,60.303999999999995,0.08449999999999999,0.11400000000000002,74.886,0.0165,0.033,0.548,0.015,0.083,0.184,0.0605,0.009000000000000001,0.587
72,77,2021-11-13,4,1,2021-2022,Pato Basquete,Rio Claro,0,0.326,0.11700000000000002,0.154,0.05500000000000001,0.1665,0.040999999999999995,0.1255,0.068,0.07200000000000001,0.998,0.039,0.13649999999999998,28.478,0.077,0.1635,47.228,0.05500000000000001,0.0985,55.86600000000001,0.005,0.03699999999999999,0.55,0.004,0.10800000000000001,0.036,0.07200000000000001,0.014000000000000002,0.30200000000000005,0.34550000000000003,0.12150000000000001,0.15100000000000002,0.07300000000000001,0.18,0.0505,0.1295,0.07100000000000001,0.0615,1.204,0.0405,0.1335,30.589999999999996,0.07550000000000001,0.18,41.92400000000001,0.07300000000000001,0.09849999999999999,73.958,0.006500000000000001,0.04,0.6679999999999999,0.008999999999999998,0.1145,0.07799999999999999,0.0615,0.0125,0.361
79,77,2021-11-16,5,1,2021-2022,São Paulo,Bauru Basket,1,0.381,0.11100000000000002,0.22599999999999998,0.044,0.16299999999999998,0.03,0.133,0.08800000000000001,0.059,1.534,0.037,0.127,29.395999999999997,0.11299999999999999,0.188,60.63599999999999,0.044,0.066,66.998,0.007000000000000001,0.038,0.6379999999999999,0.011000000000000001,0.078,0.13999999999999999,0.059,0.008,0.43499999999999994,0.3858333333333333,0.12999999999999998,0.18999999999999997,0.06583333333333334,0.19333333333333336,0.04416666666666667,0.14916666666666667,0.08083333333333333,0.06083333333333333,1.3833333333333335,0.043333333333333335,0.14833333333333334,28.849999999999998,0.09499999999999999,0.1608333333333333,59.15333333333333,0.06583333333333334,0.085,78.55,0.0025,0.027499999999999997,0.45333333333333337,0.015000000000000001,0.08916666666666667,0.17,0.06083333333333333,0.01,0.4516666666666667
94,85,2021-11-17,5,1,2021-2022,Fortaleza B. C. / CFO,Caxias do Sul Basquete,1,0.3225,0.08625,0.19,0.04625,0.19999999999999998,0.06125,0.13874999999999998,0.0625,0.06375,1.0025,0.028749999999999998,0.13374999999999998,21.84,0.095,0.21,44.97,0.04625,0.06375,74.695,0.0025,0.035,0.58,0.01,0.08499999999999999,0.11250000000000002,0.06375,0.01625,0.32875,0.36333333333333334,0.115,0.20333333333333337,0.04499999999999999,0.16833333333333333,0.0425,0.12583333333333332,0.09083333333333334,0.06833333333333334,1.333333333333333,0.03833333333333333,0.11333333333333334,33.473333333333336,0.10166666666666668,0.18666666666666668,54.19,0.04499999999999999,0.07250000000000001,63.089999999999996,0.005,0.0425,0.64,0.012500000000000002,0.11166666666666668,0.11666666666666665,0.06833333333333334,0.015000000000000001,0.4216666666666667
104,99,2021-11-17,5,1,2021-2022,UNIFACISA,União Corinthians,1,0.365,0.15,0.1575,0.0575,0.1825,0.05,0.1325,0.085,0.0625,1.4024999999999999,0.05,0.13999999999999999,35.4775,0.07875,0.1625,49.36,0.0575,0.0775,71.875,0.01,0.030000000000000002,0.5,0.00375,0.09125000000000001,0.042499999999999996,0.0625,0.011250000000000001,0.41000000000000003,0.3475,0.13,0.17833333333333334,0.03916666666666666,0.18000000000000002,0.04750000000000001,0.1325,0.06583333333333334,0.0675,0.9899999999999999,0.04333333333333333,0.15583333333333335,27.820000000000004,0.08916666666666667,0.1991666666666667,45.56666666666666,0.03916666666666666,0.065,59.89000000000001,0.010833333333333334,0.05916666666666667,0.8766666666666666,0.014166666666666668,0.10916666666666668,0.13,0.0675,0.013333333333333334,0.35083333333333333
85,79,2021-11-18,5,1,2021-2022,Rio Claro,Paulistano,1,0.34500000000000003,0.12000000000000001,0.15333333333333335,0.07166666666666667,0.18166666666666664,0.0525,0.12916666666666665,0.06833333333333334,0.06083333333333333,1.1633333333333333,0.04,0.13,31.046666666666663,0.07666666666666667,0.18416666666666667,41.64333333333334,0.07166666666666667,0.09833333333333333,72.74333333333334,0.006666666666666667,0.04,0.6733333333333333,0.008333333333333331,0.11333333333333334,0.07333333333333332,0.06083333333333333,0.015,0.35833333333333334,0.368,0.12,0.184,0.064,0.191,0.055999999999999994,0.13499999999999998,0.08,0.07100000000000001,1.204,0.04,0.12600000000000003,31.962,0.092,0.195,47.104,0.064,0.095,66.25399999999999,0.006,0.042,0.596,0.007999999999999998,0.101,0.07999999999999999,0.07100000000000001,0.019999999999999997,0.398
86,70,2021-11-18,5,1,2021-2022,São Paulo,Pinheiros,1,0.38625,0.11750000000000001,0.22666666666666666,0.04208333333333333,0.16291666666666665,0.03,0.13291666666666668,0.09166666666666667,0.06,1.5599999999999998,0.03916666666666666,0.12875,30.55666666666666,0.11333333333333333,0.18458333333333332,61.97333333333332,0.04208333333333333,0.06333333333333334,66.665,0.007916666666666667,0.03666666666666667,0.6083333333333333,0.011666666666666667,0.07833333333333334,0.14833333333333332,0.06,0.009166666666666667,0.4470833333333333,0.405,0.13999999999999999,0.19999999999999998,0.065,0.23583333333333334,0.09416666666666666,0.1416666666666667,0.09250000000000001,0.06416666666666666,1.45,0.04666666666666667,0.1516666666666667,31.27666666666666,0.09999999999999999,0.22166666666666668,45.349999999999994,0.065,0.09500000000000001,67.85666666666667,0.014166666666666666,0.036666666666666674,0.5800000000000001,0.016666666666666666,0.09916666666666667,0.16666666666666666,0.06416666666666666,0.008333333333333333,0.4658333333333333
86,62,2021-11-18,5,1,2021-2022,Sesi Franca,Corinthians,1,0.4708333333333334,0.1675,0.22166666666666668,0.08166666666666667,0.21250000000000002,0.04666666666666667,0.16583333333333333,0.105,0.06083333333333333,1.7299999999999998,0.055833333333333325,0.14583333333333334,38.13666666666667,0.11083333333333334,0.1825,60.93,0.08166666666666667,0.11083333333333334,74.24666666666667,0.016666666666666666,0.03416666666666667,0.5633333333333334,0.014166666666666666,0.08333333333333333,0.17333333333333334,0.06083333333333333,0.009166666666666668,0.585,0.363,0.18000000000000002,0.13,0.053000000000000005,0.18,0.057999999999999996,0.122,0.082,0.06899999999999999,1.238,0.06,0.179,33.722,0.065,0.14100000000000001,45.944,0.053000000000000005,0.07200000000000001,73.534,0.005,0.031,0.454,0.015,0.09100000000000001,0.168,0.06899999999999999,0.013000000000000001,0.388
53,70,2021-11-19,5,1,2021-2022,UNIFACISA,Caxias do Sul Basquete,0,0.3705,0.1485,0.16499999999999998,0.05700000000000001,0.188,0.053500000000000006,0.1345,0.08700000000000001,0.0605,1.484,0.0495,0.145,34.14,0.08249999999999999,0.16899999999999998,49.488,0.05700000000000001,0.0775,71.694,0.0105,0.028000000000000004,0.476,0.0045,0.09000000000000001,0.052000000000000005,0.0605,0.011000000000000001,0.41500000000000004,0.3667857142857143,0.11785714285714287,0.20285714285714287,0.04607142857142856,0.17035714285714285,0.04142857142857143,0.12892857142857142,0.08928571428571429,0.06714285714285714,1.3328571428571425,0.03928571428571428,0.11214285714285714,34.81428571428571,0.10142857142857144,0.18857142857142858,53.59142857142857,0.04607142857142856,0.07214285714285716,64.79142857142857,0.005714285714285714,0.04178571428571428,0.6385714285714286,0.012857142857142859,0.10928571428571429,0.12285714285714286,0.06714285714285714,0.015714285714285715,0.4278571428571429
77,76,2021-11-19,5,1,2021-2022,Fortaleza B. C. / CFO,União Corinthians,1,0.3435,0.096,0.195,0.052500000000000005,0.19899999999999998,0.0605,0.13849999999999998,0.06799999999999999,0.062,1.13,0.031999999999999994,0.1255,27.201999999999998,0.0975,0.21349999999999997,45.426,0.052500000000000005,0.074,73.234,0.0055000000000000005,0.033,0.554,0.0105,0.08549999999999999,0.11800000000000002,0.062,0.0155,0.361,0.3603571428571429,0.1382142857142857,0.18,0.04214285714285714,0.18250000000000002,0.050357142857142864,0.13214285714285715,0.06928571428571428,0.065,1.1057142857142856,0.04607142857142856,0.1582142857142857,29.021428571428572,0.09,0.19821428571428573,46.107142857142854,0.04214285714285714,0.06714285714285714,62.048571428571435,0.01,0.055,0.8371428571428571,0.013571428571428571,0.105,0.13,0.065,0.013214285714285715,0.37035714285714283
78,73,2021-11-19,5,1,2021-2022,BRB/Brasília,Mogi,1,0.32599999999999996,0.096,0.152,0.078,0.20800000000000002,0.05800000000000001,0.15000000000000002,0.059,0.087,0.7620000000000001,0.03200000000000001,0.098,31.64799999999999,0.076,0.19999999999999998,39.018,0.078,0.093,82.928,0.002,0.02,0.262,0.016,0.08600000000000001,0.192,0.087,0.008000000000000002,0.337,0.37916666666666665,0.13749999999999998,0.17833333333333332,0.06333333333333334,0.19416666666666668,0.06333333333333334,0.13083333333333333,0.09583333333333334,0.07916666666666668,1.22,0.04583333333333333,0.13499999999999998,34.599999999999994,0.08916666666666666,0.19000000000000003,46.99333333333333,0.06333333333333334,0.0825,77.68333333333334,0.011666666666666667,0.03666666666666667,0.47,0.010000000000000002,0.09249999999999999,0.10666666666666669,0.07916666666666668,0.012499999999999999,0.4275
85,86,2021-11-19,5,1,2021-2022,Cerrado,Pato Basquete,0,0.39300000000000007,0.141,0.2,0.052000000000000005,0.217,0.062,0.155,0.069,0.085,0.8639999999999999,0.047,0.15900000000000003,29.601999999999997,0.1,0.189,52.55,0.052000000000000005,0.078,66.03,0.008000000000000002,0.034,0.41600000000000004,0.011,0.092,0.12000000000000002,0.085,0.016999999999999998,0.41200000000000003,0.32916666666666666,0.11750000000000001,0.16,0.05166666666666667,0.17,0.04416666666666667,0.12583333333333332,0.0675,0.07250000000000001,0.9766666666666667,0.03916666666666667,0.13499999999999998,28.960000000000004,0.08,0.1691666666666667,47.373333333333335,0.05166666666666667,0.09333333333333334,55.19666666666668,0.005,0.03416666666666666,0.5033333333333333,0.005,0.1075,0.04666666666666667,0.07250000000000001,0.014166666666666668,0.3066666666666667
99,63,2021-11-20,5,1,2021-2022,Flamengo,Minas,1,0.4521428571428571,0.17785714285714285,0.1942857142857143,0.07999999999999999,0.2185714285714286,0.06714285714285714,0.15142857142857144,0.0992857142857143,0.08357142857142856,1.1885714285714286,0.05928571428571428,0.15071428571428575,38.77571428571429,0.09714285714285716,0.17285714285714285,56.065714285714286,0.07999999999999999,0.10928571428571429,70.99714285714286,0.004285714285714286,0.03785714285714286,0.45428571428571424,0.011428571428571429,0.08785714285714287,0.13142857142857142,0.08357142857142856,0.014285714285714289,0.5392857142857143,0.4383333333333333,0.17500000000000002,0.18833333333333332,0.075,0.21250000000000002,0.05833333333333333,0.15416666666666667,0.09000000000000001,0.06833333333333334,1.4466666666666665,0.05833333333333333,0.14416666666666667,40.306666666666665,0.09416666666666666,0.17416666666666666,54.02666666666667,0.075,0.10083333333333333,75.97666666666666,0.010833333333333334,0.037500000000000006,0.5766666666666667,0.01,0.0775,0.13666666666666666,0.06833333333333334,0.014166666666666668,0.5283333333333333
63,75,2021-11-20,5,1,2021-2022,Rio Claro,Corinthians,0,0.34857142857142864,0.1167857142857143,0.16357142857142862,0.06821428571428571,0.17678571428571427,0.049999999999999996,0.12678571428571428,0.07250000000000001,0.05964285714285714,1.262857142857143,0.03892857142857143,0.12428571428571429,31.77,0.08178571428571431,0.18714285714285714,43.53428571428572,0.06821428571428571,0.09428571428571428,72.0457142857143,0.007500000000000001,0.04,0.6857142857142857,0.007857142857142856,0.11035714285714286,0.06999999999999999,0.05964285714285714,0.013928571428571429,0.3692857142857143,0.3595833333333333,0.17500000000000002,0.13166666666666668,0.05291666666666667,0.17791666666666664,0.056666666666666664,0.12125000000000001,0.07916666666666668,0.07208333333333333,1.155,0.05833333333333333,0.17458333333333334,33.56666666666667,0.06583333333333334,0.13958333333333336,47.09166666666667,0.05291666666666667,0.07,75.86166666666666,0.005416666666666667,0.03125,0.44,0.015,0.08916666666666667,0.17166666666666666,0.07208333333333333,0.014166666666666668,0.38375
82,78,2021-11-20,5,1,2021-2022,Sesi Franca,Paulistano,1,0.4635714285714286,0.16071428571428573,0.22357142857142856,0.07928571428571428,0.20750000000000002,0.045000000000000005,0.1625,0.10107142857142858,0.062142857142857146,1.6414285714285712,0.05357142857142856,0.14,38.13142857142857,0.11178571428571428,0.18392857142857144,60.94571428571429,0.07928571428571428,0.10714285714285714,74.56428571428572,0.017142857142857144,0.032857142857142856,0.5342857142857144,0.014285714285714285,0.08178571428571428,0.17857142857142858,0.062142857142857146,0.008571428571428572,0.5707142857142856,0.3720833333333333,0.13,0.17999999999999997,0.06208333333333333,0.18583333333333332,0.05374999999999999,0.13208333333333333,0.0775,0.06791666666666667,1.21,0.043333333333333335,0.13250000000000003,32.695,0.08999999999999998,0.18791666666666665,47.99666666666666,0.06208333333333333,0.09000000000000001,68.67333333333333,0.006250000000000001,0.04125,0.615,0.009583333333333333,0.10083333333333333,0.09666666666666666,0.06791666666666667,0.019166666666666665,0.4033333333333334
53,70,2021-11-21,5,1,2021-2022,BRB/Brasília,Pato Basquete,0,0.32625,0.09749999999999999,0.15,0.07875,0.21041666666666667,0.05583333333333334,0.15458333333333335,0.05958333333333333,0.08374999999999999,0.79,0.03250000000000001,0.10625,30.328333333333322,0.075,0.19249999999999998,40.041666666666664,0.07875,0.09999999999999999,79.29166666666667,0.00375,0.018333333333333333,0.24333333333333332,0.015,0.08583333333333333,0.18000000000000002,0.08374999999999999,0.009583333333333334,0.3333333333333333,0.3378571428571429,0.11892857142857143,0.16642857142857143,0.052500000000000005,0.17857142857142858,0.048214285714285716,0.13035714285714284,0.0675,0.0692857142857143,1.03,0.039642857142857146,0.13464285714285712,29.40571428571429,0.08321428571428571,0.18142857142857144,46.348571428571425,0.052500000000000005,0.09428571428571429,55.525714285714294,0.0064285714285714285,0.03607142857142857,0.5671428571428571,0.005714285714285714,0.10607142857142858,0.054285714285714284,0.0692857142857143,0.0125,0.3214285714285715
74,86,2021-11-21,5,1,2021-2022,Cerrado,Mogi,0,0.39375000000000004,0.13499999999999998,0.20166666666666666,0.05708333333333334,0.22083333333333333,0.06624999999999999,0.15458333333333332,0.06958333333333334,0.08166666666666668,0.9066666666666666,0.045000000000000005,0.15958333333333335,28.25833333333333,0.10083333333333333,0.19333333333333336,51.93166666666667,0.05708333333333334,0.08708333333333333,65.40166666666666,0.00875,0.035833333333333335,0.46166666666666667,0.010833333333333332,0.09458333333333334,0.115,0.08166666666666668,0.014166666666666666,0.41208333333333336,0.3817857142857143,0.13714285714285715,0.1807142857142857,0.06392857142857143,0.19892857142857143,0.06,0.13892857142857143,0.09357142857142857,0.0767857142857143,1.2285714285714284,0.04571428571428571,0.13749999999999998,33.872857142857136,0.09035714285714284,0.18964285714285717,47.708571428571425,0.06392857142857143,0.0825,78.27428571428572,0.013214285714285715,0.03571428571428571,0.4714285714285714,0.01142857142857143,0.09749999999999999,0.11428571428571431,0.0767857142857143,0.013214285714285715,0.435
66,63,2021-12-01,6,1,2021-2022,Pato Basquete,Fortaleza B. C. / CFO,1,0.34437500000000004,0.12,0.17125,0.053125000000000006,0.185,0.051250000000000004,0.13374999999999998,0.0675,0.066875,1.07,0.04,0.134375,29.740000000000002,0.085625,0.190625,45.58,0.053125000000000006,0.095,55.77250000000001,0.0075,0.03749999999999999,0.615,0.00625,0.10500000000000001,0.06,0.066875,0.011250000000000001,0.3325000000000001,0.3575,0.1025,0.19833333333333333,0.05666666666666667,0.19833333333333333,0.06,0.1383333333333333,0.07166666666666666,0.06083333333333333,1.2149999999999999,0.03416666666666666,0.12,30.776666666666667,0.09916666666666667,0.21583333333333332,45.73,0.05666666666666667,0.08083333333333333,72.25999999999999,0.007500000000000001,0.03166666666666667,0.5366666666666667,0.010833333333333334,0.08583333333333333,0.12166666666666669,0.06083333333333333,0.015,0.3825
85,84,2021-12-01,6,1,2021-2022,Paulistano,Cerrado,1,0.375,0.13714285714285715,0.1771428571428571,0.060714285714285714,0.18214285714285713,0.05214285714285714,0.12999999999999998,0.07571428571428572,0.06571428571428571,1.2142857142857142,0.045714285714285714,0.13714285714285718,33.21857142857143,0.08857142857142855,0.18285714285714286,48.6342857142857,0.060714285714285714,0.08642857142857142,70.40142857142857,0.006428571428571429,0.04071428571428572,0.6285714285714287,0.010714285714285714,0.10071428571428571,0.10857142857142857,0.06571428571428571,0.018571428571428572,0.4071428571428572,0.3942857142857143,0.1307142857142857,0.20285714285714285,0.06071428571428572,0.22357142857142856,0.06928571428571428,0.1542857142857143,0.07,0.07928571428571429,0.937142857142857,0.04357142857142858,0.16,27.298571428571424,0.10142857142857142,0.19642857142857145,51.49000000000001,0.06071428571428572,0.09357142857142857,64.95285714285714,0.009285714285714286,0.037142857142857144,0.4942857142857143,0.010714285714285713,0.09642857142857143,0.11142857142857143,0.07928571428571429,0.012142857142857141,0.4121428571428572
75,85,2021-12-01,6,1,2021-2022,Mogi,UNIFACISA,0,0.38375,0.136875,0.1825,0.064375,0.2025,0.057499999999999996,0.145,0.091875,0.07500000000000001,1.2349999999999999,0.04562499999999999,0.139375,33.32749999999999,0.09125,0.18937500000000002,48.245,0.064375,0.0825,78.7175,0.014374999999999999,0.035,0.4725,0.012500000000000002,0.10124999999999998,0.12000000000000002,0.07500000000000001,0.01375,0.440625,0.3741666666666667,0.1475,0.17,0.05666666666666667,0.19166666666666665,0.05583333333333334,0.13583333333333333,0.08833333333333333,0.059166666666666666,1.5383333333333333,0.049166666666666664,0.14833333333333334,33.24833333333333,0.085,0.17333333333333334,49.57333333333333,0.05666666666666667,0.0775,71.57333333333334,0.010833333333333334,0.02666666666666667,0.45999999999999996,0.005,0.08916666666666667,0.05833333333333333,0.059166666666666666,0.010833333333333334,0.4183333333333334
73,64,2021-12-01,6,1,2021-2022,Corinthians,BRB/Brasília,1,0.35714285714285715,0.17142857142857143,0.13285714285714287,0.05285714285714286,0.1764285714285714,0.05571428571428571,0.1207142857142857,0.07714285714285715,0.07428571428571429,1.0957142857142859,0.05714285714285714,0.17142857142857146,33.455714285714286,0.06642857142857143,0.1385714285714286,47.91142857142857,0.05285714285714286,0.06857142857142857,77.52428571428572,0.005714285714285714,0.03142857142857143,0.43000000000000005,0.015,0.08785714285714286,0.1742857142857143,0.07428571428571429,0.015000000000000001,0.38071428571428567,0.32642857142857146,0.09857142857142856,0.14857142857142858,0.07928571428571429,0.21214285714285713,0.054285714285714284,0.15785714285714286,0.06,0.08142857142857142,0.8099999999999999,0.03285714285714286,0.11214285714285713,29.385714285714275,0.07428571428571429,0.1871428571428571,40.77285714285714,0.07928571428571429,0.105,76.69428571428571,0.005,0.017142857142857144,0.22999999999999998,0.014285714285714285,0.08571428571428572,0.17142857142857146,0.08142857142857142,0.010714285714285716,0.3307142857142857
73,68,2021-12-02,6,1,2021-2022,Bauru Basket,Pinheiros,1,0.38571428571428573,0.12642857142857142,0.19714285714285712,0.062142857142857146,0.1892857142857143,0.045,0.1442857142857143,0.08357142857142856,0.058571428571428566,1.5028571428571431,0.04214285714285715,0.14785714285714288,28.177142857142858,0.09857142857142856,0.16357142857142853,60.22714285714285,0.062142857142857146,0.08,78.75714285714285,0.002857142857142857,0.02857142857142857,0.5,0.013571428571428573,0.08928571428571429,0.1542857142857143,0.058571428571428566,0.009999999999999998,0.4535714285714286,0.3971428571428572,0.13928571428571426,0.19,0.06785714285714287,0.23,0.09071428571428572,0.1392857142857143,0.09,0.0642857142857143,1.407142857142857,0.04642857142857143,0.1492857142857143,31.569999999999993,0.095,0.21714285714285714,43.75857142857142,0.06785714285714287,0.09714285714285716,69.20142857142856,0.012142857142857141,0.03571428571428571,0.562857142857143,0.015714285714285712,0.09428571428571428,0.16428571428571428,0.0642857142857143,0.008571428571428572,0.45
75,96,2021-12-02,6,1,2021-2022,Minas,Sesi Franca,0,0.4207142857142857,0.16071428571428573,0.19142857142857142,0.06857142857142857,0.20071428571428576,0.058571428571428566,0.14214285714285715,0.08571428571428573,0.06357142857142858,1.4842857142857144,0.05357142857142857,0.14214285714285715,37.29571428571428,0.09571428571428571,0.17857142857142858,53.62571428571429,0.06857142857142857,0.09285714285714286,74.64714285714285,0.011428571428571429,0.037142857142857144,0.6371428571428571,0.010714285714285716,0.07285714285714286,0.16428571428571428,0.06357142857142858,0.012142857142857144,0.49571428571428566,0.458125,0.155625,0.22499999999999998,0.07749999999999999,0.20375000000000001,0.04375000000000001,0.16,0.098125,0.063125,1.5749999999999997,0.05187499999999999,0.13562500000000002,38.127500000000005,0.11249999999999999,0.185,60.9575,0.07749999999999999,0.104375,74.80250000000001,0.0175,0.031875,0.5125000000000001,0.014374999999999999,0.080625,0.1825,0.063125,0.008125,0.5599999999999999
91,66,2021-12-02,6,1,2021-2022,Flamengo,Rio Claro,1,0.4575,0.18562499999999998,0.19875,0.073125,0.21750000000000003,0.065625,0.151875,0.1,0.080625,1.25875,0.061875,0.148125,41.62125,0.099375,0.174375,56.8275,0.073125,0.1,71.05125000000001,0.0043749999999999995,0.035625000000000004,0.43875,0.010625,0.08312500000000002,0.1275,0.080625,0.015000000000000003,0.5525,0.35125000000000006,0.11437500000000002,0.17125000000000004,0.065625,0.17312499999999997,0.048125,0.125,0.07562500000000001,0.05875,1.3375,0.038125000000000006,0.12,32.3125,0.08562500000000002,0.18937500000000002,44.95250000000001,0.065625,0.09125,71.52250000000001,0.008125,0.04,0.695,0.007499999999999998,0.10812500000000001,0.06749999999999999,0.05875,0.013125000000000001,0.3775
71,66,2021-12-02,6,1,2021-2022,União Corinthians,São Paulo,1,0.37,0.144375,0.18125,0.044375,0.184375,0.052500000000000005,0.13187500000000002,0.071875,0.063125,1.1925,0.048124999999999994,0.15999999999999998,29.9225,0.090625,0.1975,46.5125,0.044375,0.06875,63.667500000000004,0.009375000000000001,0.051875000000000004,0.8074999999999999,0.013125,0.101875,0.13,0.063125,0.013125,0.38499999999999995,0.39,0.12214285714285715,0.22714285714285712,0.0407142857142857,0.16285714285714284,0.03,0.13285714285714287,0.09428571428571429,0.060714285714285714,1.5785714285714285,0.04071428571428571,0.12999999999999998,31.385714285714283,0.11357142857142856,0.18214285714285713,62.92857142857141,0.0407142857142857,0.06142857142857143,66.42714285714285,0.008571428571428572,0.03571428571428571,0.5871428571428571,0.012142857142857144,0.07857142857142858,0.15428571428571428,0.060714285714285714,0.01,0.4557142857142856
79,89,2021-12-03,6,1,2021-2022,Corinthians,Cerrado,0,0.36,0.1696875,0.13625,0.0540625,0.1775,0.055312499999999994,0.1221875,0.076875,0.0709375,1.15625,0.056562499999999995,0.17468750000000002,32.59625,0.068125,0.13937500000000003,48.81875,0.0540625,0.06875,78.995,0.005625,0.03,0.42875,0.0146875,0.088125,0.16999999999999998,0.0709375,0.014375,0.3840625,0.39906250000000004,0.1303125,0.20687499999999998,0.061875000000000006,0.22375,0.0703125,0.1534375,0.0740625,0.07625000000000001,1.0525,0.043437500000000004,0.15406250000000002,28.608749999999997,0.10343749999999999,0.20312500000000003,50.92875000000001,0.061875000000000006,0.0921875,67.44,0.0096875,0.0365625,0.50625,0.011874999999999998,0.09468750000000001,0.1275,0.07625000000000001,0.014062499999999999,0.4284375
75,77,2021-12-03,6,1,2021-2022,Paulistano,BRB/Brasília,0,0.378125,0.135,0.18249999999999997,0.060625,0.18437499999999998,0.05437499999999999,0.13,0.0765625,0.06406250000000001,1.25875,0.045,0.13718750000000002,32.7025,0.09124999999999998,0.19,48.28374999999999,0.060625,0.08625,70.425,0.006875000000000001,0.03906250000000001,0.615,0.0109375,0.1003125,0.11125,0.06406250000000001,0.017812500000000002,0.40843750000000006,0.3296875,0.0946875,0.1575,0.07750000000000001,0.2125,0.0528125,0.15968749999999998,0.0634375,0.08062499999999999,0.855,0.03156250000000001,0.1109375,28.45624999999999,0.07875,0.18874999999999997,42.551249999999996,0.07750000000000001,0.104375,75.2325,0.004687500000000001,0.0171875,0.22999999999999998,0.015625,0.0875,0.18125000000000002,0.08062499999999999,0.011562500000000002,0.3415625
86,79,2021-12-03,6,1,2021-2022,Mogi,Fortaleza B. C. / CFO,1,0.3858333333333333,0.13583333333333333,0.1811111111111111,0.06888888888888889,0.20083333333333334,0.05611111111111111,0.14472222222222222,0.0925,0.07388888888888889,1.2644444444444443,0.04527777777777777,0.13944444444444443,32.99777777777777,0.09055555555555556,0.18694444444444447,48.52333333333333,0.06888888888888889,0.08750000000000001,79.12111111111112,0.014166666666666668,0.035833333333333335,0.49222222222222217,0.01277777777777778,0.10055555555555554,0.12444444444444445,0.07388888888888889,0.012777777777777779,0.4447222222222222,0.35714285714285715,0.10178571428571428,0.195,0.060357142857142866,0.19428571428571426,0.054642857142857146,0.13964285714285712,0.06999999999999999,0.0642857142857143,1.1428571428571428,0.033928571428571426,0.11928571428571429,30.417142857142856,0.0975,0.20785714285714282,47.01,0.060357142857142866,0.08535714285714287,72.41285714285713,0.0071428571428571435,0.03214285714285715,0.5185714285714286,0.01,0.08857142857142856,0.11142857142857145,0.0642857142857143,0.015714285714285715,0.37857142857142856
69,80,2021-12-03,6,1,2021-2022,Pato Basquete,UNIFACISA,0,0.34361111111111114,0.1225,0.1688888888888889,0.052222222222222225,0.18194444444444444,0.04972222222222222,0.1322222222222222,0.06583333333333334,0.06777777777777777,1.028888888888889,0.04083333333333333,0.13527777777777777,30.13888888888889,0.08444444444444445,0.18638888888888888,45.98,0.052222222222222225,0.09333333333333332,55.82555555555556,0.007222222222222223,0.038055555555555544,0.61,0.006666666666666667,0.10305555555555557,0.06555555555555555,0.06777777777777777,0.01138888888888889,0.33083333333333337,0.37964285714285717,0.15107142857142855,0.1742857142857143,0.054285714285714284,0.19035714285714286,0.05535714285714286,0.13499999999999998,0.08964285714285715,0.05964285714285714,1.5414285714285716,0.05035714285714286,0.15178571428571427,33.26,0.08714285714285715,0.17107142857142857,51.56142857142857,0.054285714285714284,0.07464285714285715,71.28714285714287,0.010714285714285714,0.029642857142857144,0.5028571428571428,0.004285714285714286,0.09,0.049999999999999996,0.05964285714285714,0.01107142857142857,0.4282142857142857
65,80,2021-12-04,6,1,2021-2022,Flamengo,Sesi Franca,0,0.44999999999999996,0.1825,0.195,0.0725,0.21666666666666667,0.06444444444444446,0.15222222222222223,0.09861111111111112,0.07805555555555556,1.2877777777777777,0.06083333333333333,0.1511111111111111,40.330000000000005,0.0975,0.1713888888888889,56.72777777777778,0.0725,0.10027777777777779,70.47333333333334,0.004722222222222221,0.03472222222222223,0.4433333333333333,0.010277777777777778,0.08444444444444446,0.12222222222222223,0.07805555555555556,0.014722222222222227,0.5402777777777777,0.45611111111111113,0.15833333333333333,0.22277777777777777,0.075,0.2036111111111111,0.04305555555555556,0.16055555555555556,0.0975,0.0625,1.5788888888888886,0.05277777777777777,0.13861111111111113,37.99333333333334,0.11138888888888888,0.1813888888888889,61.65222222222222,0.075,0.10138888888888889,74.37666666666668,0.016944444444444446,0.030833333333333338,0.49888888888888894,0.01361111111111111,0.0813888888888889,0.17222222222222222,0.0625,0.008611111111111111,0.5569444444444444
89,61,2021-12-04,6,1,2021-2022,Minas,Rio Claro,1,0.419375,0.1603125,0.19249999999999998,0.0665625,0.19531250000000003,0.0553125,0.14,0.08656250000000001,0.06312500000000001,1.49125,0.0534375,0.1428125,37.082499999999996,0.09624999999999999,0.1765625,54.615,0.0665625,0.0915625,73.27125,0.0125,0.039375,0.6725,0.011562500000000002,0.074375,0.16999999999999998,0.06312500000000001,0.013125000000000001,0.49437499999999995,0.34750000000000003,0.10916666666666669,0.17444444444444449,0.0638888888888889,0.17277777777777775,0.049166666666666664,0.12361111111111112,0.07694444444444445,0.06027777777777778,1.3233333333333333,0.036388888888888894,0.12083333333333332,30.68333333333333,0.08722222222222224,0.19083333333333335,45.44444444444445,0.0638888888888889,0.09,70.52000000000001,0.008333333333333333,0.03944444444444444,0.671111111111111,0.007777777777777776,0.10944444444444446,0.06888888888888887,0.06027777777777778,0.012777777777777779,0.37
69,79,2021-12-04,6,1,2021-2022,Caxias do Sul Basquete,São Paulo,0,0.36937500000000006,0.12000000000000001,0.2025,0.04687499999999999,0.171875,0.04062500000000001,0.13125,0.088125,0.06625,1.3324999999999998,0.039999999999999994,0.11125,35.82,0.10125,0.19,53.1425,0.04687499999999999,0.07187500000000002,66.0675,0.00625,0.041249999999999995,0.6375,0.013125000000000001,0.1075,0.1275,0.06625,0.01625,0.4325,0.3865625,0.12000000000000001,0.223125,0.04343749999999999,0.1646875,0.03,0.13468750000000002,0.0909375,0.0634375,1.48375,0.039999999999999994,0.12843749999999998,31.186249999999998,0.1115625,0.18093749999999997,62.12749999999998,0.04343749999999999,0.0659375,66.13625,0.008125,0.0378125,0.5937499999999999,0.0125,0.08031250000000001,0.15499999999999997,0.0634375,0.010625,0.4487499999999999
92,67,2021-12-07,7,1,2021-2022,Bauru Basket,União Corinthians,1,0.38312500000000005,0.13124999999999998,0.19249999999999998,0.059375,0.19125000000000003,0.045,0.14625,0.0875,0.061875,1.4837500000000001,0.043750000000000004,0.150625,28.69875,0.09624999999999999,0.15999999999999998,60.106249999999996,0.059375,0.07687500000000001,78.00375,0.003125,0.03,0.49624999999999997,0.013750000000000002,0.08875,0.1575,0.061875,0.009999999999999998,0.45562500000000006,0.36833333333333335,0.14166666666666666,0.17888888888888888,0.04777777777777778,0.18833333333333335,0.05055555555555556,0.1377777777777778,0.06777777777777777,0.06944444444444445,1.092222222222222,0.047222222222222214,0.15833333333333333,29.66333333333333,0.08944444444444444,0.19111111111111112,47.693333333333335,0.04777777777777778,0.07333333333333333,64.16888888888889,0.009444444444444445,0.050555555555555555,0.7544444444444444,0.014444444444444446,0.09999999999999999,0.14777777777777779,0.06944444444444445,0.013333333333333332,0.3816666666666666
60,69,2021-12-07,7,1,2021-2022,BRB/Brasília,Flamengo,0,0.33222222222222225,0.09166666666666666,0.16444444444444445,0.07611111111111112,0.2127777777777778,0.051666666666666666,0.1611111111111111,0.0661111111111111,0.07999999999999999,0.89,0.030555555555555565,0.11,27.733333333333324,0.08222222222222222,0.18999999999999997,43.93444444444444,0.07611111111111112,0.10388888888888888,74.09555555555556,0.004444444444444445,0.017222222222222226,0.22999999999999998,0.016666666666666666,0.08888888888888888,0.1888888888888889,0.07999999999999999,0.012222222222222225,0.35,0.44399999999999995,0.18,0.192,0.072,0.21600000000000003,0.06350000000000001,0.15250000000000002,0.0975,0.076,1.311,0.06,0.15350000000000003,39.297000000000004,0.096,0.16899999999999998,56.648,0.072,0.1005,70.01100000000001,0.004999999999999999,0.03400000000000001,0.44699999999999995,0.01,0.0855,0.11800000000000002,0.076,0.014500000000000004,0.5305
75,79,2021-12-07,7,1,2021-2022,Pinheiros,Caxias do Sul Basquete,0,0.39,0.13687499999999997,0.18625,0.066875,0.225,0.085625,0.13937500000000003,0.08687500000000001,0.06375,1.36625,0.045625,0.14875000000000002,31.072499999999994,0.093125,0.2125,43.84374999999999,0.066875,0.094375,70.55125,0.010624999999999999,0.038125,0.6075,0.016874999999999998,0.09312499999999999,0.18,0.06375,0.00875,0.443125,0.36666666666666675,0.11666666666666667,0.20222222222222222,0.04777777777777777,0.17166666666666666,0.04333333333333334,0.12833333333333333,0.08722222222222221,0.06333333333333334,1.4066666666666665,0.03888888888888889,0.11833333333333333,33.74444444444444,0.10111111111111111,0.18888888888888888,53.41111111111111,0.04777777777777777,0.07111111111111112,68.12888888888888,0.006111111111111111,0.04333333333333333,0.7333333333333333,0.011666666666666667,0.10722222222222222,0.11333333333333334,0.06333333333333334,0.015000000000000001,0.42666666666666664
74,90,2021-12-07,7,1,2021-2022,Cerrado,Minas,0,0.40277777777777785,0.13,0.20999999999999996,0.06277777777777778,0.22388888888888892,0.07111111111111111,0.1527777777777778,0.07722222222222223,0.0738888888888889,1.1422222222222222,0.043333333333333335,0.14944444444444446,29.627777777777776,0.10499999999999998,0.20833333333333337,50.49222222222223,0.06277777777777778,0.09111111111111111,69.37444444444445,0.01,0.03611111111111111,0.5155555555555555,0.012777777777777777,0.09333333333333334,0.14,0.0738888888888889,0.015555555555555553,0.4411111111111111,0.41833333333333333,0.16,0.1933333333333333,0.065,0.19111111111111112,0.05277777777777778,0.13833333333333334,0.08722222222222224,0.0627777777777778,1.4966666666666666,0.05333333333333333,0.14333333333333334,36.916666666666664,0.09666666666666665,0.17500000000000002,55.38444444444445,0.065,0.09055555555555556,72.2011111111111,0.013333333333333334,0.04111111111111111,0.7,0.012222222222222225,0.07555555555555554,0.17444444444444443,0.0627777777777778,0.013888888888888888,0.4933333333333333
86,76,2021-12-08,7,1,2021-2022,Sesi Franca,Rio Claro,1,0.45450000000000007,0.1605,0.221,0.073,0.20350000000000001,0.0425,0.161,0.097,0.062,1.5819999999999996,0.05349999999999999,0.14100000000000004,37.88600000000001,0.1105,0.17850000000000002,62.208000000000006,0.073,0.099,74.03600000000002,0.016500000000000004,0.030000000000000006,0.488,0.013000000000000001,0.082,0.164,0.062,0.009,0.5544999999999999,0.34450000000000003,0.10500000000000002,0.17700000000000002,0.06250000000000001,0.17249999999999996,0.05,0.12250000000000001,0.07800000000000001,0.0615,1.312,0.03500000000000001,0.12149999999999998,29.379999999999995,0.08850000000000001,0.19200000000000003,45.83800000000001,0.06250000000000001,0.089,69.718,0.008499999999999999,0.039,0.6519999999999999,0.007999999999999997,0.1105,0.06999999999999998,0.0615,0.0125,0.364
72,69,2021-12-09,7,1,2021-2022,Fortaleza B. C. / CFO,Paulistano,1,0.356875,0.10125,0.1925,0.063125,0.19124999999999998,0.050625,0.14062499999999997,0.06874999999999999,0.066875,1.0887499999999999,0.033749999999999995,0.11875,30.147499999999997,0.09625,0.20187499999999997,47.97,0.063125,0.08875000000000001,72.52749999999999,0.006875,0.0325,0.505,0.009375000000000001,0.090625,0.10375000000000002,0.066875,0.01625,0.375625,0.38055555555555554,0.13333333333333336,0.18666666666666665,0.06055555555555555,0.1861111111111111,0.0561111111111111,0.13,0.07722222222222223,0.06277777777777778,1.2933333333333334,0.04444444444444444,0.13722222222222225,32.30111111111111,0.09333333333333332,0.19555555555555557,48.0111111111111,0.06055555555555555,0.0861111111111111,70.44333333333333,0.007222222222222223,0.037777777777777785,0.6044444444444443,0.01111111111111111,0.1,0.11333333333333334,0.06277777777777778,0.017222222222222226,0.4094444444444445
77,82,2021-12-09,7,1,2021-2022,BRB/Brasília,Minas,0,0.333835,0.092,0.167335,0.07450000000000001,0.21083500000000002,0.052164999999999996,0.15866499999999997,0.065165,0.07849999999999999,0.8879999999999999,0.030665000000000008,0.11000000000000001,27.83899999999999,0.083665,0.18999999999999997,44.629,0.07450000000000001,0.10366499999999998,72.588,0.004665000000000001,0.017665000000000004,0.24,0.015835,0.088165,0.18000000000000002,0.07849999999999999,0.011835000000000002,0.35,0.41950000000000004,0.1605,0.19499999999999998,0.064,0.19175000000000003,0.05375,0.138,0.08625000000000002,0.06100000000000002,1.519,0.053500000000000006,0.14325000000000002,37.085,0.09749999999999999,0.17625000000000002,55.446000000000005,0.064,0.08925000000000001,72.078,0.013500000000000002,0.040249999999999994,0.702,0.0125,0.07649999999999998,0.175,0.06100000000000002,0.013500000000000002,0.49549999999999994
89,81,2021-12-09,7,1,2021-2022,Bauru Basket,Caxias do Sul Basquete,1,0.39083333333333337,0.13416666666666666,0.19499999999999998,0.06166666666666666,0.18972222222222224,0.043888888888888894,0.14583333333333334,0.08944444444444444,0.06194444444444444,1.5055555555555555,0.044722222222222226,0.14916666666666667,29.75222222222222,0.09749999999999999,0.1608333333333333,60.55888888888889,0.06166666666666666,0.08000000000000002,77.80222222222223,0.0030555555555555557,0.031111111111111107,0.5122222222222221,0.013611111111111112,0.08888888888888888,0.15555555555555556,0.06194444444444444,0.010555555555555554,0.4666666666666667,0.37000000000000005,0.12075,0.198,0.05125,0.16924999999999998,0.04225000000000001,0.127,0.0865,0.06200000000000001,1.4259999999999997,0.040249999999999994,0.12075,34.053999999999995,0.099,0.18725,52.708000000000006,0.05125,0.07325000000000001,70.23499999999999,0.00575,0.042749999999999996,0.735,0.012,0.1075,0.11600000000000002,0.06200000000000001,0.014250000000000002,0.42774999999999996
88,66,2021-12-09,7,1,2021-2022,Pinheiros,União Corinthians,1,0.39194444444444443,0.1383333333333333,0.18611111111111112,0.0675,0.22611111111111112,0.085,0.14111111111111113,0.08555555555555555,0.06638888888888889,1.3099999999999998,0.04611111111111111,0.14833333333333334,31.451111111111103,0.09305555555555556,0.20944444444444443,44.52777777777777,0.0675,0.09527777777777778,70.57111111111111,0.010277777777777778,0.03805555555555555,0.5877777777777777,0.01722222222222222,0.09166666666666665,0.18777777777777777,0.06638888888888889,0.010833333333333334,0.44611111111111107,0.36475,0.13799999999999998,0.1785,0.04825,0.1855,0.04900000000000001,0.1365,0.06875,0.06999999999999999,1.0859999999999999,0.046,0.15624999999999997,29.241999999999997,0.08925,0.18950000000000003,47.924,0.04825,0.07275000000000001,65.53,0.0095,0.04875,0.7219999999999999,0.013500000000000002,0.09774999999999999,0.139,0.06999999999999999,0.013250000000000001,0.37625
78,66,2021-12-11,7,1,2021-2022,Fortaleza B. C. / CFO,Corinthians,1,0.35888888888888887,0.10166666666666667,0.19666666666666666,0.06055555555555556,0.19555555555555554,0.051388888888888894,0.14416666666666667,0.0661111111111111,0.0675,1.0366666666666664,0.033888888888888885,0.1186111111111111,30.107777777777773,0.09833333333333333,0.20361111111111108,48.51444444444444,0.06055555555555556,0.08666666666666667,70.81777777777776,0.006111111111111111,0.03027777777777778,0.4677777777777778,0.01027777777777778,0.09194444444444444,0.11111111111111113,0.0675,0.015555555555555557,0.3775,0.3622222222222222,0.16833333333333333,0.1388888888888889,0.055,0.17833333333333334,0.05499999999999999,0.12333333333333335,0.07666666666666666,0.06833333333333333,1.2033333333333334,0.05611111111111111,0.17722222222222225,31.927777777777774,0.06944444444444445,0.14,49.52444444444445,0.055,0.0688888888888889,80.13888888888889,0.005555555555555555,0.02888888888888889,0.4277777777777778,0.014444444444444446,0.08833333333333332,0.16666666666666666,0.06833333333333333,0.013888888888888888,0.3866666666666666
72,87,2021-12-11,7,1,2021-2022,UNIFACISA,Paulistano,0,0.38375000000000004,0.15375,0.1775,0.0525,0.18937500000000002,0.055,0.134375,0.09062500000000001,0.06,1.5437500000000002,0.05125,0.15437499999999998,33.26875,0.08875,0.169375,53.0525,0.0525,0.07250000000000001,71.0725,0.010624999999999999,0.031875,0.5349999999999999,0.00375,0.090625,0.04375,0.06,0.01125,0.435625,0.3815,0.135,0.18749999999999997,0.059,0.18974999999999997,0.056499999999999995,0.13325,0.077,0.0645,1.258,0.045,0.138,32.519,0.09374999999999999,0.19675,47.90899999999999,0.059,0.08449999999999999,69.828,0.006750000000000001,0.037750000000000006,0.591,0.01125,0.09975,0.11499999999999999,0.0645,0.017750000000000002,0.41125000000000006
72,82,2021-12-11,7,1,2021-2022,BRB/Brasília,Cerrado,0,0.3351545454545455,0.09227272727272727,0.16970000000000002,0.0731818181818182,0.20924545454545457,0.052572727272727264,0.15666363636363634,0.06439090909090908,0.07727272727272726,0.8863636363636362,0.030754545454545465,0.11000000000000001,27.925454545454542,0.08484545454545454,0.18999999999999997,45.197272727272725,0.0731818181818182,0.10348181818181817,71.35454545454546,0.004845454545454547,0.01802727272727273,0.24818181818181817,0.015154545454545454,0.08757272727272726,0.17272727272727276,0.07727272727272726,0.011518181818181818,0.35000000000000003,0.4015000000000001,0.1335,0.20799999999999996,0.06000000000000001,0.22000000000000003,0.06999999999999999,0.15,0.08,0.07200000000000002,1.2189999999999999,0.0445,0.15050000000000002,30.102999999999998,0.10399999999999998,0.20650000000000004,50.443000000000005,0.06000000000000001,0.08775000000000001,68.524,0.010499999999999999,0.034499999999999996,0.5,0.013250000000000001,0.09375000000000001,0.144,0.07200000000000002,0.01475,0.441
99,87,2021-12-13,8,1,2021-2022,UNIFACISA,Corinthians,1,0.3811111111111111,0.14333333333333334,0.1811111111111111,0.05666666666666667,0.18666666666666668,0.05555555555555555,0.1311111111111111,0.08666666666666668,0.060000000000000005,1.4744444444444447,0.04777777777777778,0.15111111111111108,31.349999999999998,0.09055555555555556,0.17388888888888887,52.71333333333334,0.05666666666666667,0.07611111111111112,72.6988888888889,0.009444444444444443,0.034444444444444444,0.5777777777777777,0.003333333333333333,0.09,0.03888888888888889,0.060000000000000005,0.010555555555555556,0.4261111111111111,0.359,0.16349999999999998,0.141,0.05450000000000001,0.1805,0.057499999999999996,0.123,0.0725,0.0655,1.171,0.05450000000000001,0.17500000000000002,31.315999999999995,0.0705,0.1395,50.498000000000005,0.05450000000000001,0.07300000000000001,76.67,0.004999999999999999,0.027500000000000004,0.42300000000000004,0.013000000000000001,0.08549999999999999,0.15,0.0655,0.013000000000000001,0.37899999999999995
83,73,2021-12-14,8,1,2021-2022,Pinheiros,Paulistano,1,0.39349999999999996,0.13949999999999996,0.186,0.068,0.227,0.08449999999999999,0.14250000000000002,0.08449999999999999,0.0685,1.265,0.0465,0.14800000000000002,31.753999999999998,0.093,0.207,45.074999999999996,0.068,0.096,70.587,0.01,0.03799999999999999,0.572,0.017499999999999995,0.09049999999999998,0.194,0.0685,0.0125,0.44849999999999995,0.38227272727272726,0.13636363636363635,0.18818181818181817,0.05772727272727273,0.1927272727272727,0.056818181818181816,0.13590909090909092,0.07681818181818181,0.0659090909090909,1.229090909090909,0.04545454545454545,0.13863636363636364,32.697272727272725,0.09409090909090909,0.19772727272727272,47.82545454545454,0.05772727272727273,0.08318181818181819,69.32454545454544,0.006363636363636364,0.03772727272727273,0.58,0.011363636363636362,0.09954545454545455,0.11636363636363635,0.0659090909090909,0.018181818181818184,0.41272727272727283
81,69,2021-12-16,8,1,2021-2022,Pato Basquete,Pinheiros,1,0.343,0.12450000000000001,0.16699999999999998,0.051500000000000004,0.1795,0.0485,0.131,0.0645,0.06849999999999999,0.9959999999999999,0.041499999999999995,0.136,30.458,0.08349999999999999,0.183,46.3,0.051500000000000004,0.092,55.86800000000001,0.007000000000000001,0.03849999999999999,0.6060000000000001,0.007000000000000001,0.1015,0.06999999999999999,0.06849999999999999,0.0115,0.3295,0.3922727272727272,0.13977272727272724,0.18545454545454546,0.06704545454545455,0.22431818181818183,0.08113636363636363,0.1431818181818182,0.08204545454545455,0.06931818181818182,1.217272727272727,0.046590909090909086,0.14727272727272728,31.95181818181818,0.09272727272727273,0.2052272727272727,45.340909090909086,0.06704545454545455,0.09590909090909093,69.67272727272727,0.00931818181818182,0.03795454545454545,0.5636363636363636,0.017045454545454544,0.08999999999999998,0.18999999999999997,0.06931818181818182,0.012727272727272728,0.4422727272727272
89,72,2021-12-16,8,1,2021-2022,São Paulo,Mogi,1,0.38388888888888884,0.11833333333333335,0.22,0.045555555555555544,0.1661111111111111,0.030000000000000002,0.13611111111111113,0.08833333333333333,0.06555555555555555,1.41,0.03944444444444444,0.1272222222222222,31.03111111111111,0.11,0.17999999999999997,61.50444444444443,0.045555555555555544,0.06944444444444445,65.91000000000001,0.007777777777777778,0.03944444444444444,0.5988888888888888,0.012777777777777779,0.08166666666666668,0.15555555555555553,0.06555555555555555,0.011111111111111112,0.44333333333333325,0.38749999999999996,0.13499999999999998,0.18,0.0725,0.1995,0.05500000000000001,0.14450000000000002,0.093,0.073,1.2879999999999998,0.04499999999999999,0.1395,32.733999999999995,0.09,0.185,48.745999999999995,0.0725,0.0915,79.444,0.014000000000000002,0.0365,0.508,0.013000000000000001,0.09999999999999998,0.128,0.073,0.012,0.44799999999999995
89,72,2021-12-16,8,1,2021-2022,Caxias do Sul Basquete,União Corinthians,1,0.3727272727272728,0.12409090909090909,0.19454545454545455,0.054090909090909085,0.16727272727272727,0.04136363636363637,0.12590909090909091,0.0859090909090909,0.06090909090909092,1.4418181818181817,0.04136363636363636,0.12272727272727274,34.307272727272725,0.09727272727272727,0.1859090909090909,52.13272727272727,0.054090909090909085,0.07500000000000001,71.95818181818181,0.005454545454545455,0.04227272727272727,0.7363636363636363,0.012272727272727274,0.10772727272727273,0.11818181818181821,0.06090909090909092,0.01363636363636364,0.42863636363636365,0.3618181818181818,0.13499999999999998,0.1781818181818182,0.04863636363636364,0.1831818181818182,0.047727272727272736,0.13545454545454547,0.06954545454545455,0.07045454545454545,1.0809090909090906,0.045,0.1545454545454545,28.89727272727272,0.0890909090909091,0.1881818181818182,48.11272727272728,0.04863636363636364,0.07227272727272728,66.64363636363636,0.009545454545454544,0.04727272727272727,0.6954545454545453,0.012727272727272728,0.0959090909090909,0.13181818181818183,0.07045454545454545,0.013181818181818183,0.3718181818181818
93,75,2021-12-16,8,1,2021-2022,Rio Claro,Cerrado,1,0.3477272727272727,0.10500000000000002,0.1781818181818182,0.06454545454545456,0.17136363636363633,0.05045454545454546,0.12090909090909091,0.07863636363636364,0.060454545454545455,1.3472727272727274,0.03500000000000001,0.12409090909090907,28.829999999999995,0.0890909090909091,0.1913636363636364,46.33909090909091,0.06454545454545456,0.08954545454545454,71.51363636363637,0.008636363636363635,0.03909090909090909,0.6654545454545454,0.007727272727272725,0.11136363636363637,0.06727272727272726,0.060454545454545455,0.012727272727272728,0.36772727272727274,0.40045454545454545,0.13636363636363635,0.20636363636363633,0.05772727272727274,0.21681818181818183,0.06909090909090909,0.14772727272727273,0.08227272727272728,0.07045454545454548,1.2818181818181817,0.045454545454545456,0.15136363636363637,30.49181818181818,0.10318181818181817,0.20500000000000004,50.402727272727276,0.05772727272727274,0.085,67.82818181818182,0.010909090909090908,0.03318181818181818,0.4872727272727273,0.01363636363636364,0.0940909090909091,0.14727272727272725,0.07045454545454548,0.014090909090909091,0.440909090909091
78,83,2021-12-18,8,1,2021-2022,Corinthians,São Paulo,0,0.36386363636363633,0.16431818181818178,0.14409090909090908,0.055454545454545465,0.18136363636363637,0.05863636363636364,0.12272727272727274,0.07318181818181818,0.06431818181818182,1.2027272727272729,0.05477272727272728,0.17454545454545456,31.54363636363636,0.07204545454545454,0.14295454545454547,50.3890909090909,0.055454545454545465,0.07250000000000001,78.45454545454545,0.004772727272727272,0.027727272727272732,0.43636363636363645,0.011818181818181818,0.08590909090909091,0.13636363636363635,0.06431818181818182,0.013863636363636363,0.3859090909090908,0.38849999999999996,0.12450000000000001,0.217,0.04699999999999999,0.16349999999999998,0.028750000000000005,0.13475,0.091,0.06375,1.511,0.041499999999999995,0.13049999999999998,31.677999999999997,0.1085,0.17724999999999996,61.58399999999998,0.04699999999999999,0.06975,67.595,0.00875,0.03874999999999999,0.6069999999999999,0.01225,0.081,0.14999999999999997,0.06375,0.0105,0.44975
87,53,2021-12-18,8,1,2021-2022,Pato Basquete,Bauru Basket,1,0.35000000000000003,0.13159090909090912,0.16727272727272727,0.05113636363636364,0.18295454545454543,0.04818181818181819,0.13477272727272727,0.06568181818181819,0.06863636363636362,1.0063636363636361,0.04386363636363636,0.13636363636363635,32.07181818181818,0.08363636363636363,0.18181818181818182,46.63636363636363,0.05113636363636364,0.09,56.95818181818183,0.007272727272727273,0.03818181818181818,0.5963636363636364,0.007045454545454547,0.10113636363636364,0.07090909090909091,0.06863636363636362,0.011136363636363637,0.3456818181818182,0.3970000000000001,0.13649999999999998,0.197,0.06349999999999999,0.18850000000000003,0.043000000000000003,0.14550000000000002,0.091,0.062,1.5230000000000001,0.0455,0.148,30.595,0.0985,0.16149999999999998,60.92100000000001,0.06349999999999999,0.0825,77.641,0.003,0.031999999999999994,0.5249999999999999,0.013500000000000002,0.089,0.154,0.062,0.011,0.4755
96,61,2021-12-18,8,1,2021-2022,Sesi Franca,Cerrado,1,0.4522727272727273,0.15954545454545455,0.21636363636363634,0.07636363636363636,0.20545454545454547,0.045000000000000005,0.16045454545454546,0.09590909090909093,0.06363636363636363,1.5345454545454542,0.05318181818181818,0.1422727272727273,37.37454545454546,0.10818181818181817,0.1763636363636364,61.538181818181826,0.07636363636363636,0.10090909090909089,75.63909090909091,0.01636363636363637,0.028181818181818186,0.45545454545454545,0.012727272727272728,0.08227272727272728,0.16000000000000003,0.06363636363636363,0.01,0.549090909090909,0.3954166666666667,0.136875,0.20249999999999999,0.05604166666666668,0.21166666666666667,0.06791666666666667,0.14375000000000002,0.08041666666666668,0.07020833333333336,1.2491666666666668,0.045625,0.15312499999999998,30.245833333333334,0.10124999999999999,0.20208333333333336,50.12416666666667,0.05604166666666668,0.08208333333333334,68.42583333333333,0.011458333333333334,0.033749999999999995,0.49583333333333335,0.013541666666666669,0.09250000000000001,0.14916666666666664,0.07020833333333336,0.013541666666666667,0.43020833333333336
101,74,2021-12-19,8,1,2021-2022,Minas,Fortaleza B. C. / CFO,1,0.42045454545454547,0.16090909090909092,0.19636363636363632,0.06318181818181819,0.1922727272727273,0.05454545454545454,0.13772727272727273,0.08545454545454546,0.05954545454545457,1.5372727272727273,0.05363636363636364,0.1431818181818182,37.222727272727276,0.09818181818181816,0.17727272727272728,55.49636363636364,0.06318181818181819,0.0881818181818182,71.97727272727273,0.01363636363636364,0.03954545454545454,0.7036363636363636,0.012727272727272728,0.07727272727272726,0.17545454545454542,0.05954545454545457,0.013181818181818183,0.49727272727272714,0.3605,0.10200000000000001,0.2,0.05850000000000001,0.19899999999999998,0.052000000000000005,0.14699999999999996,0.064,0.068,0.9949999999999998,0.033999999999999996,0.11849999999999998,30.076,0.1,0.205,48.95,0.05850000000000001,0.085,69.44999999999999,0.0055,0.028500000000000004,0.438,0.011000000000000001,0.093,0.11700000000000002,0.068,0.015000000000000003,0.379
80,58,2021-12-19,8,1,2021-2022,Rio Claro,BRB/Brasília,1,0.35479166666666667,0.10875000000000001,0.18041666666666667,0.065625,0.17187499999999997,0.05000000000000001,0.12187500000000001,0.07875,0.059375000000000004,1.375,0.03625000000000001,0.12624999999999997,29.204999999999995,0.09020833333333333,0.18937500000000004,47.576666666666675,0.065625,0.09083333333333332,71.705,0.008124999999999999,0.03916666666666666,0.68,0.007708333333333331,0.11166666666666668,0.06749999999999999,0.059375000000000004,0.012083333333333335,0.3785416666666666,0.3362541666666667,0.09249999999999999,0.17167083333333336,0.07208333333333335,0.20792083333333336,0.052912499999999994,0.1549958333333333,0.06374583333333332,0.07624999999999998,0.8849999999999998,0.030829166666666675,0.11000000000000003,27.9975,0.08582916666666666,0.18999999999999997,45.67083333333333,0.07208333333333335,0.10332916666666665,70.32666666666667,0.004995833333333335,0.01832916666666667,0.255,0.014587499999999998,0.08707916666666665,0.1666666666666667,0.07624999999999998,0.011254166666666668,0.35000000000000003
89,70,2021-12-19,8,1,2021-2022,Flamengo,UNIFACISA,1,0.43499999999999994,0.17863636363636362,0.1890909090909091,0.06727272727272728,0.21545454545454545,0.06363636363636366,0.15181818181818182,0.09636363636363637,0.07318181818181818,1.3636363636363635,0.05954545454545455,0.15863636363636366,38.10545454545455,0.09454545454545454,0.1659090909090909,56.88545454545454,0.06727272727272728,0.09363636363636364,70.91909090909093,0.004999999999999999,0.033636363636363645,0.46727272727272723,0.01090909090909091,0.08545454545454546,0.12909090909090912,0.07318181818181818,0.014090909090909097,0.5213636363636364,0.38525,0.14550000000000002,0.182,0.05775,0.18375000000000002,0.05525,0.1285,0.08375000000000002,0.058750000000000004,1.448,0.0485,0.14925,32.366,0.091,0.175,52.577,0.05775,0.0775,72.929,0.009,0.034499999999999996,0.594,0.00375,0.09125,0.041999999999999996,0.058750000000000004,0.01,0.42774999999999996
76,79,2021-12-20,9,1,2021-2022,Mogi,Bauru Basket,0,0.38499999999999995,0.1336363636363636,0.1827272727272727,0.06863636363636363,0.19954545454545458,0.05500000000000001,0.14454545454545456,0.09272727272727273,0.07590909090909091,1.249090909090909,0.044545454545454534,0.1409090909090909,32.10454545454545,0.09136363636363636,0.18272727272727274,50.280909090909084,0.06863636363636363,0.08681818181818182,79.04,0.014090909090909093,0.035,0.4790909090909091,0.012727272727272728,0.09999999999999999,0.12545454545454546,0.07590909090909091,0.012272727272727274,0.4431818181818182,0.385,0.13227272727272726,0.19090909090909092,0.061818181818181814,0.18363636363636368,0.041818181818181824,0.14181818181818182,0.08727272727272727,0.06318181818181817,1.4454545454545455,0.04409090909090909,0.14454545454545456,30.29272727272727,0.09545454545454546,0.1609090909090909,59.19545454545455,0.061818181818181814,0.08363636363636363,74.88909090909091,0.002727272727272727,0.03272727272727272,0.5254545454545454,0.013181818181818183,0.08954545454545454,0.15000000000000002,0.06318181818181817,0.010909090909090908,0.4509090909090909
71,68,2021-12-21,9,1,2021-2022,Minas,UNIFACISA,1,0.4275,0.165,0.19833333333333333,0.06416666666666666,0.1925,0.05499999999999999,0.1375,0.08708333333333335,0.059583333333333356,1.555,0.055000000000000014,0.1466666666666667,37.27416666666667,0.09916666666666667,0.17750000000000002,55.96416666666667,0.06416666666666666,0.08750000000000001,73.79166666666667,0.014166666666666668,0.039999999999999994,0.7074999999999999,0.011666666666666667,0.07833333333333332,0.1608333333333333,0.059583333333333356,0.013333333333333336,0.5058333333333332,0.38863636363636367,0.14727272727272728,0.1827272727272727,0.05863636363636364,0.18136363636363637,0.055,0.12636363636363634,0.08136363636363637,0.05772727272727273,1.4263636363636365,0.049090909090909095,0.14772727272727273,33.197272727272725,0.09136363636363636,0.1759090909090909,52.46545454545455,0.05863636363636364,0.07863636363636363,73.11727272727273,0.008636363636363636,0.034545454545454546,0.6072727272727273,0.00409090909090909,0.09227272727272727,0.04454545454545455,0.05772727272727273,0.009545454545454546,0.4290909090909091
91,74,2021-12-21,9,1,2021-2022,Flamengo,Fortaleza B. C. / CFO,1,0.4358333333333333,0.18125,0.18500000000000003,0.06958333333333333,0.21041666666666667,0.06000000000000002,0.15041666666666667,0.09541666666666666,0.07291666666666667,1.3508333333333333,0.060416666666666674,0.15791666666666668,38.81916666666667,0.09250000000000001,0.15958333333333333,58.626666666666665,0.06958333333333333,0.09625,71.34250000000002,0.0045833333333333325,0.03250000000000001,0.45249999999999996,0.010416666666666666,0.08458333333333334,0.12416666666666669,0.07291666666666667,0.013333333333333338,0.5204166666666666,0.3613636363636364,0.09954545454545455,0.2,0.06181818181818182,0.19681818181818178,0.051818181818181826,0.145,0.06545454545454545,0.06954545454545455,0.9899999999999998,0.03318181818181818,0.11909090909090908,29.16,0.1,0.20272727272727273,49.55090909090909,0.06181818181818182,0.08727272727272728,70.98727272727272,0.005454545454545454,0.028181818181818186,0.42454545454545456,0.01090909090909091,0.09454545454545454,0.11454545454545456,0.06954545454545455,0.01590909090909091,0.3790909090909091
87,79,2021-12-21,9,1,2021-2022,Sesi Franca,BRB/Brasília,1,0.45458333333333334,0.16,0.22166666666666668,0.07291666666666667,0.21083333333333334,0.04791666666666667,0.16291666666666668,0.09458333333333335,0.06708333333333333,1.4699999999999998,0.05333333333333334,0.14375000000000002,37.12500000000001,0.11083333333333334,0.17875,62.100833333333334,0.07291666666666667,0.09541666666666665,77.66916666666667,0.01541666666666667,0.02916666666666667,0.44916666666666666,0.01375,0.07833333333333334,0.20583333333333334,0.06708333333333333,0.01,0.5549999999999999,0.33269615384615386,0.09,0.16769615384615388,0.07500000000000001,0.2069269230769231,0.05307307692307692,0.15384230769230767,0.06191923076923077,0.07923076923076922,0.8438461538461536,0.029996153846153856,0.1103846153846154,27.18153846153846,0.08384230769230769,0.18576923076923077,45.576153846153844,0.07500000000000001,0.10691923076923075,70.5576923076923,0.004611538461538463,0.01961153846153846,0.25846153846153846,0.013465384615384613,0.08961153846153844,0.15384615384615388,0.07923076923076922,0.012696153846153847,0.3411538461538462
65,82,2021-12-22,9,1,2021-2022,Mogi,Pinheiros,0,0.38229166666666664,0.13124999999999998,0.18416666666666667,0.066875,0.19770833333333337,0.05437500000000001,0.14333333333333334,0.09250000000000001,0.075,1.2599999999999998,0.04374999999999999,0.13979166666666668,31.716666666666665,0.09208333333333334,0.18250000000000002,50.720833333333324,0.066875,0.08520833333333333,78.31750000000001,0.01416666666666667,0.035208333333333335,0.48750000000000004,0.012291666666666668,0.09874999999999999,0.12250000000000001,0.075,0.012916666666666667,0.4402083333333333,0.39124999999999993,0.13999999999999999,0.18500000000000003,0.06625,0.22208333333333333,0.07833333333333332,0.14375000000000002,0.08,0.07,1.1775,0.04666666666666666,0.1466666666666667,32.11666666666667,0.09250000000000001,0.20375,45.5625,0.06625,0.09583333333333334,68.91083333333333,0.00875,0.03791666666666666,0.5566666666666666,0.016666666666666666,0.0895833333333333,0.18666666666666665,0.07,0.012916666666666668,0.43708333333333327
60,75,2021-12-23,9,1,2021-2022,Paulistano,São Paulo,0,0.38083333333333336,0.1325,0.18916666666666668,0.059166666666666666,0.19416666666666663,0.05708333333333334,0.13708333333333333,0.07625,0.06583333333333334,1.2166666666666666,0.04416666666666666,0.1375,31.9725,0.09458333333333334,0.19958333333333333,47.6275,0.059166666666666666,0.08333333333333333,70.90083333333332,0.005833333333333334,0.03791666666666667,0.5833333333333333,0.012083333333333333,0.09916666666666667,0.12416666666666665,0.06583333333333334,0.017916666666666668,0.41291666666666677,0.3922727272727272,0.12954545454545455,0.21454545454545454,0.04818181818181817,0.16136363636363635,0.027727272727272732,0.13363636363636366,0.0931818181818182,0.062272727272727264,1.5936363636363637,0.04318181818181818,0.13318181818181815,32.20727272727272,0.10727272727272727,0.175,61.64909090909089,0.04818181818181817,0.07,68.97363636363637,0.009545454545454546,0.03818181818181818,0.6136363636363634,0.011818181818181818,0.08045454545454546,0.14545454545454545,0.062272727272727264,0.010000000000000002,0.455
92,80,2021-12-28,10,1,2021-2022,União Corinthians,Mogi,1,0.36166666666666664,0.13249999999999998,0.17916666666666667,0.05000000000000001,0.1825,0.048750000000000016,0.13375,0.07083333333333333,0.07083333333333332,1.0849999999999997,0.04416666666666667,0.15083333333333332,29.14083333333333,0.08958333333333333,0.19000000000000003,47.873333333333335,0.05000000000000001,0.075,66.24833333333332,0.010833333333333334,0.04833333333333334,0.7041666666666666,0.013333333333333334,0.09499999999999999,0.14083333333333334,0.07083333333333332,0.012916666666666668,0.37374999999999997,0.37999999999999995,0.1292307692307692,0.1853846153846154,0.06538461538461539,0.1961538461538462,0.05384615384615385,0.1423076923076923,0.09230769230769233,0.07423076923076923,1.269230769230769,0.043076923076923075,0.13884615384615384,31.388461538461534,0.0926923076923077,0.18230769230769234,51.09307692307691,0.06538461538461539,0.08384615384615383,77.70615384615385,0.014230769230769234,0.03538461538461538,0.4946153846153847,0.011923076923076925,0.09769230769230768,0.12000000000000002,0.07423076923076923,0.01346153846153846,0.43769230769230766
77,71,2021-12-28,10,1,2021-2022,Bauru Basket,Corinthians,1,0.3858333333333334,0.13499999999999998,0.19166666666666668,0.059166666666666666,0.18250000000000002,0.04166666666666668,0.14083333333333334,0.08791666666666666,0.06166666666666667,1.5008333333333335,0.045000000000000005,0.14666666666666667,30.464166666666667,0.09583333333333334,0.16124999999999998,59.31333333333334,0.059166666666666666,0.08041666666666668,74.20416666666667,0.004166666666666667,0.03291666666666666,0.5466666666666666,0.012083333333333335,0.08958333333333333,0.1375,0.06166666666666667,0.010833333333333332,0.45125,0.3679166666666666,0.16499999999999995,0.14666666666666667,0.05625,0.18208333333333335,0.05958333333333334,0.12250000000000001,0.07375,0.06333333333333334,1.2291666666666667,0.055,0.1741666666666667,31.73333333333333,0.07333333333333333,0.14583333333333334,50.298333333333325,0.05625,0.07208333333333335,79.94166666666666,0.004583333333333333,0.027916666666666673,0.44750000000000006,0.010833333333333334,0.08625,0.125,0.06333333333333334,0.014583333333333332,0.3916666666666666
80,67,2021-12-28,10,1,2021-2022,Caxias do Sul Basquete,Pato Basquete,1,0.3787500000000001,0.13,0.19583333333333333,0.05291666666666667,0.1695833333333333,0.04166666666666668,0.12791666666666665,0.08833333333333332,0.06166666666666668,1.458333333333333,0.043333333333333335,0.12333333333333334,35.615,0.09791666666666667,0.18541666666666667,52.64916666666667,0.05291666666666667,0.07500000000000001,70.40583333333333,0.005833333333333334,0.04249999999999999,0.7283333333333334,0.012500000000000002,0.10708333333333335,0.12083333333333335,0.06166666666666668,0.012500000000000002,0.4404166666666667,0.3558333333333334,0.13750000000000004,0.16749999999999998,0.050833333333333335,0.1858333333333333,0.04791666666666667,0.13791666666666666,0.06666666666666667,0.06874999999999999,1.015,0.04583333333333334,0.1366666666666667,33.416666666666664,0.08374999999999999,0.18083333333333332,46.916666666666664,0.050833333333333335,0.08833333333333333,57.866666666666674,0.0075,0.03791666666666666,0.5883333333333334,0.007083333333333335,0.10083333333333333,0.07166666666666666,0.06874999999999999,0.010833333333333334,0.3591666666666667
74,68,2021-12-30,10,1,2021-2022,União Corinthians,Pato Basquete,1,0.36576923076923074,0.1298076923076923,0.18384615384615383,0.052115384615384626,0.18346153846153845,0.04942307692307694,0.13403846153846155,0.07134615384615385,0.0696153846153846,1.1099999999999997,0.04326923076923077,0.14884615384615382,28.899230769230766,0.09192307692307691,0.19134615384615386,48.63923076923077,0.052115384615384626,0.0776923076923077,66.57153846153845,0.01076923076923077,0.04846153846153847,0.72,0.012884615384615385,0.09711538461538462,0.13461538461538464,0.0696153846153846,0.01230769230769231,0.3817307692307692,0.354423076923077,0.1338461538461539,0.1673076923076923,0.05326923076923077,0.18615384615384611,0.04923076923076924,0.1369230769230769,0.06480769230769232,0.06942307692307692,0.9792307692307691,0.04461538461538462,0.13461538461538464,32.943846153846145,0.08365384615384615,0.1819230769230769,46.56230769230769,0.05326923076923077,0.09134615384615384,58.39307692307693,0.007884615384615384,0.038269230769230764,0.5853846153846154,0.007115384615384617,0.10173076923076924,0.07153846153846154,0.06942307692307692,0.011153846153846155,0.35500000000000004
75,91,2021-12-30,10,1,2021-2022,Cerrado,Flamengo,0,0.39115384615384613,0.13730769230769233,0.1992307692307692,0.05461538461538462,0.2073076923076923,0.06692307692307693,0.14038461538461539,0.07884615384615386,0.07000000000000002,1.2215384615384617,0.04576923076923077,0.1546153846153846,30.037692307692307,0.0996153846153846,0.19961538461538464,49.888461538461534,0.05461538461538462,0.07961538461538463,68.93153846153847,0.011923076923076925,0.034230769230769224,0.5030769230769231,0.013461538461538466,0.09115384615384615,0.15076923076923074,0.07000000000000002,0.013076923076923078,0.4211538461538462,0.4373076923076923,0.18230769230769228,0.1876923076923077,0.0673076923076923,0.21230769230769228,0.06076923076923079,0.15153846153846157,0.09884615384615386,0.07192307692307692,1.426153846153846,0.06076923076923077,0.15923076923076923,38.690000000000005,0.09384615384615386,0.16153846153846155,58.690769230769234,0.0673076923076923,0.09307692307692307,71.44923076923078,0.005384615384615384,0.03153846153846155,0.44307692307692303,0.010384615384615384,0.08538461538461539,0.1230769230769231,0.07192307692307692,0.013461538461538466,0.5265384615384614
73,78,2021-12-30,10,1,2021-2022,Caxias do Sul Basquete,Mogi,0,0.3790384615384616,0.12923076923076923,0.1973076923076923,0.0525,0.17038461538461538,0.041153846153846166,0.12923076923076923,0.08942307692307691,0.0628846153846154,1.4476923076923074,0.04307692307692308,0.12346153846153846,35.33692307692308,0.09865384615384615,0.1851923076923077,53.13,0.0525,0.07461538461538463,70.21000000000001,0.006538461538461539,0.04249999999999999,0.7146153846153847,0.013461538461538462,0.10711538461538463,0.12923076923076923,0.0628846153846154,0.012692307692307695,0.44288461538461543,0.3810714285714285,0.13178571428571426,0.18464285714285714,0.06464285714285714,0.19553571428571434,0.052857142857142866,0.14267857142857143,0.09000000000000001,0.07535714285714286,1.2264285714285712,0.04392857142857143,0.13857142857142857,32.05642857142857,0.09232142857142857,0.18125000000000005,51.17499999999999,0.06464285714285714,0.0844642857142857,76.40285714285714,0.014107142857142861,0.03535714285714286,0.48714285714285716,0.01142857142857143,0.09732142857142856,0.11500000000000002,0.07535714285714286,0.01375,0.43464285714285705
81,85,2022-01-03,11,1,2021-2022,UNIFACISA,Sesi Franca,0,0.38458333333333333,0.13875,0.18499999999999997,0.06083333333333333,0.18166666666666667,0.05458333333333334,0.12708333333333333,0.08083333333333334,0.05833333333333333,1.4033333333333333,0.046250000000000006,0.14375000000000002,31.68083333333333,0.09249999999999999,0.17666666666666667,52.82333333333333,0.06083333333333333,0.08166666666666667,73.18333333333334,0.009166666666666667,0.03416666666666667,0.595,0.004583333333333333,0.09541666666666666,0.047499999999999994,0.05833333333333333,0.009166666666666668,0.425,0.45307692307692304,0.16153846153846155,0.21846153846153848,0.07307692307692307,0.20923076923076925,0.04807692307692309,0.16115384615384618,0.09384615384615386,0.06615384615384615,1.476153846153846,0.05384615384615384,0.14384615384615387,37.4523076923077,0.10923076923076924,0.1803846153846154,60.785384615384615,0.07307692307692307,0.09423076923076922,78.90615384615386,0.01461538461538462,0.030384615384615385,0.4776923076923077,0.01423076923076923,0.08,0.20538461538461542,0.06615384615384615,0.009615384615384616,0.5523076923076923
91,87,2022-01-04,11,1,2021-2022,São Paulo,Minas,1,0.3908333333333333,0.13,0.21083333333333332,0.04999999999999999,0.16749999999999998,0.029583333333333336,0.1379166666666667,0.09375000000000001,0.06125,1.6275000000000002,0.043333333333333335,0.13541666666666663,31.867499999999996,0.10541666666666666,0.17416666666666666,60.80499999999998,0.04999999999999999,0.07083333333333333,70.5175,0.009583333333333334,0.03874999999999999,0.6374999999999998,0.012499999999999999,0.08041666666666666,0.15416666666666665,0.06125,0.01,0.4604166666666667,0.4219230769230769,0.15692307692307692,0.1992307692307692,0.06576923076923077,0.19346153846153846,0.05653846153846153,0.13692307692307695,0.08538461538461539,0.05961538461538464,1.5184615384615385,0.05230769230769232,0.1453846153846154,35.59,0.0996153846153846,0.1780769230769231,56.02538461538462,0.06576923076923077,0.09076923076923078,73.14461538461538,0.013846153846153848,0.038846153846153836,0.6853846153846153,0.011153846153846155,0.07961538461538462,0.15230769230769228,0.05961538461538464,0.013846153846153848,0.4946153846153845
64,110,2022-01-05,11,1,2021-2022,Fortaleza B. C. / CFO,Sesi Franca,0,0.3620833333333333,0.09999999999999999,0.2016666666666667,0.060416666666666674,0.19624999999999995,0.05250000000000001,0.14374999999999996,0.06999999999999999,0.06791666666666667,1.1074999999999997,0.03333333333333333,0.11833333333333333,29.381666666666664,0.10083333333333334,0.2058333333333333,49.240833333333335,0.060416666666666674,0.08750000000000001,69.23833333333333,0.005416666666666667,0.028750000000000008,0.4475,0.011250000000000001,0.09291666666666666,0.12166666666666669,0.06791666666666667,0.015000000000000001,0.3833333333333333,0.45488214285714285,0.16392857142857142,0.21738214285714288,0.07357142857142858,0.2097607142857143,0.04785714285714287,0.16190357142857145,0.0922607142857143,0.06583214285714285,1.4535714285714285,0.05464285714285714,0.14523928571428574,37.620000000000005,0.10868928571428572,0.17916785714285716,60.88928571428572,0.07357142857142858,0.09488214285714285,78.80000000000003,0.014525000000000005,0.03035714285714286,0.4785714285714286,0.014760714285714285,0.08035714285714286,0.2085714285714286,0.06583214285714285,0.009525,0.5538107142857143
97,98,2022-01-06,11,1,2021-2022,Bauru Basket,Paulistano,0,0.3857692307692308,0.1373076923076923,0.18923076923076926,0.05923076923076923,0.18076923076923082,0.04076923076923078,0.13999999999999999,0.08807692307692308,0.061153846153846156,1.5115384615384617,0.04576923076923078,0.14461538461538462,31.646153846153844,0.09461538461538463,0.16192307692307692,58.37076923076924,0.05923076923076923,0.08,74.65,0.004615384615384616,0.03346153846153845,0.5607692307692307,0.012692307692307694,0.08846153846153845,0.1476923076923077,0.061153846153846156,0.010769230769230769,0.45269230769230767,0.37461538461538463,0.13384615384615384,0.1823076923076923,0.05846153846153846,0.19538461538461535,0.05807692307692309,0.13730769230769233,0.07615384615384616,0.06576923076923077,1.2115384615384615,0.04461538461538461,0.14038461538461539,31.71076923076923,0.09115384615384615,0.1973076923076923,46.22615384615384,0.05846153846153846,0.08192307692307692,71.36384615384614,0.00576923076923077,0.036923076923076927,0.5676923076923076,0.012307692307692306,0.09884615384615383,0.1269230769230769,0.06576923076923077,0.016923076923076926,0.4042307692307693
67,65,2022-01-06,11,1,2021-2022,Pinheiros,Corinthians,1,0.3926923076923077,0.13961538461538459,0.18615384615384617,0.06692307692307692,0.21923076923076923,0.07615384615384616,0.14307692307692307,0.07846153846153846,0.06923076923076923,1.1638461538461538,0.046538461538461535,0.14346153846153847,32.94307692307692,0.09307692307692308,0.20269230769230767,46.106153846153845,0.06692307692307692,0.09692307692307695,68.85461538461537,0.008076923076923077,0.03692307692307692,0.5461538461538461,0.016153846153846154,0.08884615384615382,0.18230769230769228,0.06923076923076923,0.012692307692307695,0.43769230769230766,0.3669230769230769,0.1638461538461538,0.14846153846153845,0.05461538461538462,0.18115384615384617,0.0576923076923077,0.12346153846153848,0.07461538461538461,0.06384615384615386,1.2276923076923079,0.05461538461538462,0.1703846153846154,32.36923076923077,0.07423076923076923,0.1476923076923077,50.27538461538461,0.05461538461538462,0.07115384615384615,78.27923076923076,0.004615384615384615,0.028076923076923086,0.44615384615384623,0.011923076923076923,0.08807692307692308,0.13307692307692306,0.06384615384615386,0.01423076923076923,0.39307692307692305
92,87,2022-01-08,11,1,2021-2022,Sesi Franca,São Paulo,1,0.4564466666666666,0.16599999999999998,0.21644666666666668,0.07400000000000001,0.21022000000000002,0.04766666666666668,0.16255333333333336,0.09088666666666669,0.06555333333333332,1.434,0.055333333333333325,0.1464466666666667,37.76533333333334,0.10822000000000001,0.17811333333333332,60.97933333333334,0.07400000000000001,0.09544666666666667,78.70800000000003,0.01444666666666667,0.030333333333333337,0.47933333333333333,0.015220000000000001,0.08066666666666666,0.21133333333333335,0.06555333333333332,0.009446666666666666,0.5551133333333332,0.39499999999999996,0.135,0.2065384615384615,0.05346153846153845,0.1671153846153846,0.029615384615384616,0.1375,0.09346153846153848,0.060000000000000005,1.6561538461538463,0.045,0.13788461538461536,32.40153846153846,0.10326923076923075,0.17115384615384613,60.54384615384613,0.05346153846153845,0.0748076923076923,71.05846153846154,0.009230769230769232,0.038269230769230764,0.6438461538461537,0.01269230769230769,0.08326923076923078,0.1523076923076923,0.060000000000000005,0.009615384615384616,0.46442307692307694
76,64,2022-01-09,11,1,2021-2022,Minas,Bauru Basket,1,0.42089285714285707,0.15857142857142859,0.19714285714285712,0.06517857142857143,0.19482142857142856,0.056428571428571425,0.13839285714285715,0.08482142857142858,0.05946428571428574,1.5064285714285717,0.05285714285714287,0.14785714285714288,35.42857142857143,0.09857142857142856,0.17571428571428574,56.21071428571429,0.06517857142857143,0.09107142857142858,72.24357142857143,0.013392857142857146,0.03839285714285713,0.677142857142857,0.010892857142857145,0.07910714285714285,0.14857142857142855,0.05946428571428574,0.013571428571428573,0.4923214285714285,0.38696428571428576,0.14089285714285713,0.18750000000000003,0.05857142857142857,0.18017857142857147,0.040714285714285724,0.1394642857142857,0.0894642857142857,0.06053571428571429,1.5500000000000003,0.04696428571428572,0.1482142857142857,31.675,0.09375000000000001,0.16160714285714287,57.94285714285716,0.05857142857142857,0.07964285714285714,74.08000000000001,0.004464285714285714,0.034642857142857135,0.5885714285714284,0.0125,0.09071428571428572,0.14285714285714285,0.06053571428571429,0.010357142857142856,0.45303571428571426
60,79,2022-01-09,11,1,2021-2022,BRB/Brasília,UNIFACISA,0,0.3371464285714286,0.09107142857142857,0.17214642857142862,0.07392857142857144,0.20500357142857145,0.05249642857142857,0.15249642857142856,0.06178214285714285,0.07857142857142856,0.8449999999999998,0.03035357142857144,0.1092857142857143,27.871428571428567,0.08606785714285714,0.18857142857142858,45.971428571428575,0.07392857142857144,0.10535357142857141,70.56,0.004996428571428573,0.020710714285714287,0.2757142857142857,0.013932142857142855,0.09035357142857141,0.1571428571428572,0.07857142857142856,0.01250357142857143,0.34714285714285714,0.3857692307692308,0.14250000000000002,0.1842307692307692,0.05903846153846153,0.18269230769230768,0.05384615384615385,0.12884615384615383,0.07980769230769232,0.058076923076923075,1.3900000000000001,0.0475,0.14576923076923076,32.07153846153846,0.0921153846153846,0.17653846153846153,52.606153846153845,0.05903846153846153,0.07923076923076923,73.32307692307693,0.009038461538461539,0.03538461538461539,0.6192307692307691,0.004423076923076924,0.09596153846153846,0.045384615384615384,0.058076923076923075,0.00903846153846154,0.42711538461538456
122,126,2022-01-09,11,1,2021-2022,Cerrado,Fortaleza B. C. / CFO,0,0.39,0.13285714285714287,0.20428571428571426,0.052857142857142866,0.20392857142857143,0.06500000000000002,0.13892857142857146,0.07928571428571429,0.0692857142857143,1.2357142857142858,0.04428571428571428,0.1532142857142857,29.215,0.10214285714285713,0.20142857142857146,50.61071428571428,0.052857142857142866,0.07714285714285715,68.77,0.0125,0.03642857142857143,0.5442857142857143,0.013214285714285718,0.09142857142857143,0.14785714285714285,0.0692857142857143,0.012857142857142859,0.4210714285714286,0.37076923076923074,0.10096153846153846,0.20461538461538462,0.0651923076923077,0.19711538461538458,0.05365384615384616,0.14346153846153845,0.06942307692307692,0.0675,1.099230769230769,0.03365384615384615,0.12000000000000001,29.182307692307692,0.10230769230769231,0.2117307692307692,48.72076923076923,0.0651923076923077,0.09442307692307693,69.22076923076922,0.005576923076923077,0.03057692307692308,0.4776923076923077,0.011153846153846155,0.09461538461538462,0.11923076923076925,0.0675,0.014615384615384617,0.3865384615384615
81,64,2022-01-09,11,1,2021-2022,Flamengo,Pinheiros,1,0.43857142857142856,0.18535714285714283,0.18642857142857144,0.0667857142857143,0.215,0.06250000000000001,0.15250000000000002,0.09964285714285716,0.07321428571428572,1.4114285714285713,0.061785714285714284,0.16107142857142856,38.82214285714286,0.09321428571428572,0.16214285714285714,58.07,0.0667857142857143,0.09392857142857143,70.42714285714287,0.0060714285714285705,0.031071428571428583,0.43142857142857144,0.010714285714285716,0.08321428571428571,0.1335714285714286,0.07321428571428572,0.01285714285714286,0.5264285714285714,0.3880357142857142,0.13553571428571426,0.18750000000000003,0.065,0.21946428571428572,0.07785714285714286,0.14160714285714288,0.07714285714285715,0.0680357142857143,1.1621428571428571,0.04517857142857142,0.14250000000000002,32.10071428571428,0.09375000000000001,0.205,45.92857142857143,0.065,0.0955357142857143,67.62285714285714,0.008392857142857143,0.035892857142857136,0.5378571428571428,0.01607142857142857,0.08732142857142855,0.185,0.0680357142857143,0.012321428571428575,0.4294642857142857
90,78,2022-01-10,12,1,2021-2022,Paulistano,União Corinthians,1,0.3828571428571429,0.13178571428571428,0.18642857142857144,0.06464285714285714,0.19678571428571426,0.056785714285714294,0.14,0.07678571428571428,0.06749999999999999,1.1921428571428572,0.04392857142857143,0.13714285714285715,32.07714285714286,0.09321428571428572,0.19678571428571429,47.435714285714276,0.06464285714285714,0.08964285714285714,71.71785714285714,0.006071428571428572,0.037142857142857144,0.5585714285714285,0.012142857142857141,0.10142857142857142,0.12285714285714285,0.06749999999999999,0.017142857142857144,0.4164285714285715,0.3692857142857143,0.12749999999999997,0.18785714285714286,0.05392857142857144,0.18428571428571425,0.05000000000000001,0.13428571428571429,0.07178571428571427,0.06857142857142857,1.1314285714285712,0.042499999999999996,0.1471428571428571,28.69214285714285,0.09392857142857143,0.19250000000000003,49.29571428571429,0.05392857142857144,0.08,66.84857142857143,0.010714285714285716,0.048571428571428585,0.7335714285714285,0.0125,0.09892857142857144,0.1292857142857143,0.06857142857142857,0.011785714285714288,0.3885714285714285
91,85,2022-01-10,12,1,2021-2022,Rio Claro,São Paulo,1,0.3607692307692308,0.11192307692307693,0.1823076923076923,0.06653846153846155,0.17230769230769225,0.049615384615384624,0.12269230769230771,0.07884615384615386,0.05846153846153846,1.3984615384615384,0.03730769230769231,0.12807692307692303,29.522307692307685,0.09115384615384615,0.1876923076923077,48.623846153846166,0.06653846153846155,0.09192307692307691,71.86692307692307,0.007692307692307692,0.03923076923076923,0.6923076923076923,0.007692307692307691,0.11192307692307693,0.06769230769230769,0.05846153846153846,0.01153846153846154,0.3876923076923076,0.3985714285714286,0.1392857142857143,0.20285714285714282,0.05642857142857142,0.1667857142857143,0.029642857142857144,0.13714285714285718,0.09321428571428574,0.058928571428571434,1.6807142857142858,0.04642857142857142,0.13999999999999996,32.85928571428571,0.10142857142857141,0.16857142857142854,60.31999999999998,0.05642857142857142,0.07821428571428571,71.52214285714285,0.008928571428571428,0.03785714285714285,0.6492857142857142,0.012857142857142857,0.08571428571428572,0.15071428571428572,0.058928571428571434,0.009285714285714286,0.4678571428571429
104,60,2022-01-10,12,1,2021-2022,Corinthians,Caxias do Sul Basquete,1,0.36392857142857143,0.16178571428571425,0.14714285714285716,0.055,0.1842857142857143,0.05928571428571429,0.12500000000000003,0.07392857142857143,0.0642857142857143,1.2064285714285714,0.05392857142857144,0.17071428571428574,31.893571428571423,0.07357142857142858,0.1467857142857143,50.123571428571424,0.055,0.0717857142857143,78.045,0.004285714285714286,0.028214285714285723,0.445,0.011785714285714287,0.08964285714285715,0.13,0.0642857142857143,0.015,0.39107142857142857,0.3792857142857144,0.1285714285714286,0.19857142857142857,0.052142857142857144,0.17107142857142857,0.040714285714285724,0.13035714285714287,0.09035714285714284,0.06392857142857145,1.4385714285714284,0.042857142857142864,0.12357142857142857,35.098571428571425,0.09928571428571428,0.18500000000000003,53.542142857142856,0.052142857142857144,0.0742857142857143,70.04214285714286,0.0071428571428571435,0.04249999999999999,0.702857142857143,0.014285714285714287,0.10714285714285714,0.13642857142857143,0.06392857142857145,0.01285714285714286,0.445
68,72,2022-01-10,12,1,2021-2022,Mogi,Pato Basquete,0,0.3819999999999999,0.13399999999999998,0.184,0.064,0.19500000000000003,0.05200000000000001,0.143,0.08800000000000002,0.07633333333333334,1.1893333333333334,0.04466666666666667,0.13833333333333334,32.63533333333333,0.092,0.18033333333333337,51.24599999999999,0.064,0.08499999999999999,75.27333333333334,0.014000000000000005,0.035333333333333335,0.4806666666666667,0.011000000000000003,0.09699999999999999,0.11066666666666669,0.07633333333333334,0.014000000000000002,0.4319999999999999,0.3532142857142858,0.13071428571428576,0.16714285714285712,0.05535714285714286,0.1864285714285714,0.050357142857142864,0.13607142857142857,0.06321428571428571,0.06999999999999999,0.9485714285714285,0.04357142857142858,0.13285714285714287,32.53857142857142,0.08357142857142856,0.18285714285714283,46.25857142857142,0.05535714285714286,0.09392857142857143,58.844285714285725,0.008214285714285714,0.03857142857142857,0.5828571428571429,0.007142857142857145,0.10250000000000001,0.07142857142857142,0.06999999999999999,0.01142857142857143,0.3514285714285714
91,84,2022-01-11,12,1,2021-2022,Minas,Pinheiros,1,0.41999999999999993,0.16000000000000003,0.1953333333333333,0.06466666666666666,0.196,0.05633333333333333,0.1396666666666667,0.08433333333333333,0.059333333333333356,1.4960000000000002,0.05333333333333335,0.15000000000000002,35.28866666666667,0.09766666666666665,0.1736666666666667,56.37133333333334,0.06466666666666666,0.09133333333333334,71.46266666666666,0.013000000000000003,0.03799999999999999,0.6699999999999999,0.010666666666666668,0.07866666666666666,0.14533333333333331,0.059333333333333356,0.013333333333333336,0.4903333333333333,0.38399999999999995,0.13199999999999998,0.1886666666666667,0.06333333333333334,0.2196666666666667,0.07933333333333334,0.14033333333333334,0.07600000000000001,0.067,1.1606666666666667,0.044,0.14166666666666666,31.37066666666666,0.09433333333333335,0.20699999999999996,45.77466666666667,0.06333333333333334,0.09433333333333334,66.55533333333332,0.008666666666666666,0.034999999999999996,0.5306666666666666,0.016,0.08599999999999998,0.18733333333333332,0.067,0.012000000000000004,0.4223333333333333
103,59,2022-01-11,12,1,2021-2022,Flamengo,Bauru Basket,1,0.43633333333333335,0.18299999999999997,0.18800000000000003,0.06533333333333334,0.21499999999999997,0.06166666666666668,0.15333333333333335,0.0996666666666667,0.07366666666666669,1.4006666666666665,0.061000000000000006,0.16133333333333333,38.254,0.09400000000000001,0.162,58.574,0.06533333333333334,0.09066666666666666,72.39866666666667,0.006,0.03200000000000001,0.44,0.011000000000000003,0.08233333333333334,0.1386666666666667,0.07366666666666669,0.013333333333333336,0.5266666666666666,0.388,0.14400000000000002,0.18600000000000003,0.05800000000000001,0.1796666666666667,0.04066666666666668,0.13899999999999998,0.09066666666666666,0.060000000000000005,1.5833333333333335,0.04800000000000001,0.1513333333333333,31.7,0.09300000000000001,0.16133333333333336,57.57200000000001,0.05800000000000001,0.07933333333333333,73.58600000000001,0.004333333333333333,0.03566666666666666,0.6126666666666665,0.012333333333333335,0.09266666666666667,0.13866666666666666,0.060000000000000005,0.01,0.45333333333333325
82,75,2022-01-11,12,1,2021-2022,BRB/Brasília,Fortaleza B. C. / CFO,1,0.33467,0.092,0.17200333333333337,0.07066666666666667,0.2043366666666667,0.05266333333333333,0.15166333333333334,0.061329999999999996,0.07866666666666666,0.8346666666666664,0.030663333333333345,0.11033333333333335,27.879999999999995,0.08599666666666667,0.189,45.81266666666667,0.07066666666666667,0.10132999999999998,69.56,0.0049966666666666675,0.02099666666666667,0.27799999999999997,0.013669999999999998,0.08866333333333332,0.1566666666666667,0.07866666666666666,0.011670000000000002,0.343,0.37821428571428567,0.10178571428571428,0.20714285714285716,0.0692857142857143,0.19785714285714281,0.05464285714285715,0.1432142857142857,0.06892857142857142,0.06714285714285714,1.0921428571428569,0.033928571428571426,0.12142857142857144,29.011428571428574,0.10357142857142858,0.21678571428571422,48.275,0.0692857142857143,0.10035714285714285,69.20571428571428,0.005714285714285715,0.03214285714285715,0.5035714285714286,0.011071428571428574,0.09607142857142857,0.11714285714285717,0.06714285714285714,0.014285714285714289,0.38928571428571423
74,88,2022-01-11,12,1,2021-2022,Cerrado,UNIFACISA,0,0.4046666666666667,0.14,0.20800000000000002,0.05666666666666667,0.21066666666666667,0.065,0.1456666666666667,0.081,0.07400000000000002,1.2033333333333334,0.04666666666666666,0.15566666666666665,30.074666666666666,0.10400000000000001,0.2046666666666667,50.70333333333333,0.05666666666666667,0.083,68.63000000000001,0.012666666666666666,0.035666666666666666,0.52,0.015333333333333336,0.09733333333333333,0.15466666666666665,0.07400000000000002,0.014333333333333335,0.43733333333333335,0.38678571428571434,0.1457142857142857,0.18357142857142852,0.057499999999999996,0.18357142857142855,0.05321428571428572,0.13035714285714284,0.07892857142857143,0.057857142857142864,1.3785714285714286,0.04857142857142858,0.1475,32.40642857142857,0.09178571428571426,0.1764285714285714,52.42,0.057499999999999996,0.07714285714285715,73.44285714285715,0.008928571428571428,0.03642857142857143,0.6399999999999999,0.004285714285714286,0.09642857142857143,0.04357142857142857,0.057857142857142864,0.00892857142857143,0.4289285714285714
89,83,2022-01-12,12,1,2021-2022,Paulistano,Caxias do Sul Basquete,1,0.38716666666666666,0.1335,0.18966666666666668,0.064,0.19616666666666663,0.056000000000000015,0.14016666666666666,0.077,0.06766666666666667,1.1886666666666668,0.0445,0.1375,32.39466666666667,0.09483333333333334,0.19633333333333333,48.395999999999994,0.064,0.08883333333333332,71.66799999999999,0.006666666666666667,0.037000000000000005,0.5546666666666666,0.011666666666666665,0.10149999999999999,0.11799999999999998,0.06766666666666667,0.016833333333333332,0.42200000000000004,0.3778333333333334,0.12500000000000003,0.1983333333333333,0.0545,0.16983333333333334,0.04066666666666668,0.12916666666666668,0.088,0.06500000000000002,1.3886666666666665,0.04166666666666667,0.12183333333333332,34.467999999999996,0.09916666666666665,0.18500000000000003,53.486000000000004,0.0545,0.07716666666666668,70.33733333333333,0.007000000000000001,0.04116666666666666,0.6746666666666667,0.013833333333333335,0.10566666666666666,0.13333333333333333,0.06500000000000002,0.01316666666666667,0.43700000000000006
74,63,2022-01-12,12,1,2021-2022,Corinthians,União Corinthians,1,0.36933333333333335,0.16299999999999998,0.15066666666666667,0.05566666666666666,0.18716666666666668,0.05933333333333334,0.12783333333333335,0.07633333333333334,0.06400000000000002,1.248,0.054333333333333345,0.1705,32.15533333333333,0.07533333333333334,0.14833333333333334,50.70333333333333,0.05566666666666666,0.07266666666666667,77.94000000000001,0.004666666666666666,0.028666666666666677,0.454,0.012,0.09066666666666667,0.13066666666666665,0.06400000000000002,0.014833333333333334,0.4033333333333333,0.36816666666666664,0.12749999999999997,0.186,0.05466666666666667,0.1838333333333333,0.05000000000000002,0.13383333333333336,0.07183333333333333,0.06716666666666667,1.158,0.042499999999999996,0.14766666666666664,28.60733333333333,0.093,0.19300000000000003,48.67600000000001,0.05466666666666667,0.0805,67.34466666666667,0.010166666666666668,0.04850000000000001,0.7513333333333333,0.012666666666666666,0.0985,0.13133333333333336,0.06716666666666667,0.011500000000000003,0.3868333333333333
86,77,2022-01-12,12,1,2021-2022,São Paulo,Pato Basquete,1,0.4005,0.14250000000000002,0.20099999999999996,0.05699999999999998,0.16816666666666666,0.029833333333333333,0.13833333333333334,0.09233333333333336,0.060333333333333336,1.6353333333333333,0.047499999999999994,0.13966666666666666,33.75533333333333,0.10049999999999998,0.1683333333333333,59.833999999999975,0.05699999999999998,0.07916666666666666,71.43866666666666,0.009166666666666667,0.03766666666666666,0.6353333333333333,0.012166666666666666,0.08583333333333333,0.14266666666666664,0.060333333333333336,0.010333333333333333,0.4683333333333334,0.35450000000000004,0.13600000000000004,0.164,0.0545,0.18566666666666662,0.05100000000000001,0.13466666666666666,0.064,0.07016666666666667,0.954,0.045333333333333344,0.13533333333333336,33.11466666666666,0.082,0.18133333333333332,45.67466666666666,0.0545,0.09266666666666666,58.69933333333334,0.007666666666666666,0.03916666666666666,0.588,0.008333333333333335,0.10166666666666667,0.08533333333333333,0.07016666666666667,0.012000000000000002,0.354
84,80,2022-01-25,1,2,2021-2022,Rio Claro,Pinheiros,1,0.36750000000000005,0.12107142857142858,0.1792857142857143,0.06714285714285714,0.17428571428571424,0.05214285714285715,0.12214285714285715,0.07785714285714286,0.05821428571428572,1.3828571428571428,0.04035714285714286,0.13321428571428567,30.27071428571428,0.08964285714285715,0.18750000000000003,47.85357142857144,0.06714285714285714,0.0925,72.09071428571428,0.0075,0.04035714285714286,0.7142857142857143,0.007499999999999999,0.11107142857142858,0.06642857142857142,0.05821428571428572,0.011071428571428574,0.3932142857142856,0.38433333333333325,0.1325,0.19100000000000003,0.060833333333333336,0.21766666666666665,0.07983333333333335,0.13783333333333334,0.07850000000000001,0.06733333333333333,1.1900000000000002,0.04416666666666667,0.14366666666666666,31.052,0.09550000000000002,0.2063333333333333,46.51933333333333,0.060833333333333336,0.091,66.55533333333332,0.008000000000000002,0.035333333333333335,0.5333333333333333,0.0165,0.08483333333333332,0.19400000000000003,0.06733333333333333,0.011833333333333336,0.42449999999999993
86,90,2022-01-25,1,2,2021-2022,BRB/Brasília,São Paulo,0,0.3400033333333334,0.092,0.17267000000000005,0.07533333333333332,0.20600333333333332,0.053663333333333334,0.15233,0.061663333333333334,0.07833333333333334,0.8439999999999999,0.030663333333333334,0.115,26.644666666666662,0.08633,0.18599999999999997,46.492666666666665,0.07533333333333332,0.10666333333333332,70.03600000000002,0.0049966666666666675,0.02299666666666667,0.30733333333333335,0.014336666666666664,0.09033000000000001,0.1606666666666667,0.07833333333333334,0.012669999999999999,0.35133333333333333,0.40866666666666673,0.151,0.1986666666666666,0.05899999999999998,0.17,0.02933333333333333,0.1406666666666667,0.09500000000000001,0.061000000000000006,1.6640000000000001,0.05033333333333334,0.13999999999999999,35.81666666666667,0.0993333333333333,0.16566666666666668,59.95466666666665,0.05899999999999998,0.08133333333333334,72.23466666666667,0.010000000000000002,0.036333333333333336,0.612,0.012,0.086,0.14066666666666663,0.061000000000000006,0.011666666666666665,0.4826666666666667
98,75,2022-01-25,1,2,2021-2022,Corinthians,Mogi,1,0.37416666666666676,0.16049999999999998,0.1566666666666667,0.05699999999999998,0.19033333333333333,0.059666666666666666,0.13066666666666668,0.07766666666666668,0.06250000000000001,1.2973333333333334,0.0535,0.17016666666666666,31.74133333333333,0.07833333333333335,0.15116666666666667,51.74866666666667,0.05699999999999998,0.07400000000000001,78.42266666666666,0.005166666666666667,0.028666666666666677,0.4646666666666667,0.011833333333333333,0.09183333333333335,0.12666666666666668,0.06250000000000001,0.014000000000000002,0.4136666666666667,0.3801666666666666,0.1355,0.18299999999999997,0.061666666666666675,0.19716666666666666,0.052500000000000005,0.14466666666666667,0.08833333333333336,0.07983333333333333,1.151333333333333,0.045166666666666674,0.1411666666666667,32.186,0.09149999999999998,0.177,51.87333333333333,0.061666666666666675,0.08333333333333333,73.26333333333334,0.01466666666666667,0.035,0.46066666666666667,0.012333333333333335,0.09766666666666667,0.12400000000000004,0.07983333333333333,0.014000000000000002,0.4299999999999998
90,55,2022-01-25,1,2,2021-2022,Flamengo,Caxias do Sul Basquete,1,0.44200000000000006,0.19,0.1846666666666667,0.06733333333333333,0.21499999999999994,0.06166666666666668,0.15333333333333335,0.09966666666666665,0.07033333333333333,1.5746666666666664,0.06333333333333332,0.16566666666666666,38.766666666666666,0.09233333333333335,0.16033333333333336,58.288666666666664,0.06733333333333333,0.09266666666666666,73.71733333333334,0.007333333333333333,0.03133333333333334,0.48066666666666674,0.013000000000000003,0.08133333333333333,0.16933333333333336,0.07033333333333333,0.013000000000000003,0.535,0.37700000000000006,0.12300000000000001,0.19599999999999992,0.058,0.17016666666666666,0.0405,0.12966666666666668,0.0873333333333333,0.0665,1.3593333333333333,0.041,0.12116666666666666,34.00666666666667,0.09799999999999996,0.18383333333333335,53.213333333333345,0.058,0.08133333333333333,71.05933333333334,0.0071666666666666675,0.040333333333333325,0.6526666666666667,0.014000000000000002,0.1045,0.136,0.0665,0.014000000000000005,0.43300000000000005
82,86,2022-01-26,1,2,2021-2022,Paulistano,Pato Basquete,0,0.3936666666666666,0.13699999999999998,0.19433333333333333,0.062333333333333345,0.19449999999999998,0.05483333333333335,0.1396666666666667,0.07783333333333334,0.06666666666666665,1.212,0.04566666666666667,0.1381666666666667,33.08933333333334,0.09716666666666667,0.1968333333333333,49.50466666666667,0.062333333333333345,0.08616666666666666,71.85999999999999,0.006833333333333334,0.035833333333333335,0.5466666666666666,0.011333333333333332,0.10250000000000001,0.114,0.06666666666666665,0.01566666666666667,0.43050000000000005,0.35799999999999993,0.14100000000000001,0.16299999999999998,0.054,0.18549999999999994,0.052000000000000005,0.1335,0.06549999999999999,0.06949999999999999,0.9799999999999999,0.04700000000000001,0.1365,33.892666666666656,0.08149999999999999,0.18283333333333332,44.902,0.054,0.09033333333333332,59.44733333333333,0.007333333333333332,0.040333333333333325,0.6080000000000001,0.009833333333333335,0.10016666666666668,0.10266666666666667,0.06949999999999999,0.012,0.3624999999999999
95,68,2022-01-26,1,2,2021-2022,UNIFACISA,Fortaleza B. C. / CFO,1,0.3903333333333334,0.14400000000000002,0.1893333333333333,0.057,0.186,0.05500000000000001,0.13099999999999998,0.07733333333333332,0.05600000000000001,1.4086666666666667,0.04800000000000001,0.14466666666666667,32.785999999999994,0.09466666666666665,0.184,52.028666666666666,0.057,0.07666666666666667,73.30866666666667,0.008666666666666666,0.037000000000000005,0.6973333333333332,0.004666666666666667,0.09566666666666666,0.048666666666666664,0.05600000000000001,0.008666666666666668,0.4336666666666666,0.37799999999999995,0.10400000000000001,0.20600000000000002,0.06800000000000002,0.19899999999999995,0.05600000000000001,0.143,0.06966666666666667,0.06766666666666668,1.0906666666666665,0.034666666666666665,0.12433333333333335,28.895333333333333,0.10300000000000001,0.21533333333333327,48.30466666666667,0.06800000000000002,0.09866666666666667,69.03666666666666,0.005666666666666668,0.031000000000000007,0.48333333333333334,0.010666666666666668,0.09666666666666666,0.11266666666666669,0.06766666666666668,0.014666666666666668,0.38799999999999996
83,62,2022-01-27,1,2,2021-2022,Minas,Caxias do Sul Basquete,1,0.4236666666666667,0.16250000000000003,0.1963333333333333,0.06483333333333333,0.19366666666666665,0.05566666666666667,0.13799999999999998,0.08916666666666666,0.05850000000000001,1.5733333333333335,0.05416666666666668,0.15,35.955333333333336,0.09816666666666665,0.17366666666666666,56.665333333333336,0.06483333333333333,0.09116666666666667,71.76333333333332,0.013333333333333334,0.03900000000000001,0.6886666666666666,0.010500000000000002,0.07933333333333331,0.14133333333333334,0.05850000000000001,0.013166666666666669,0.49983333333333335,0.37183333333333324,0.12200000000000003,0.19233333333333327,0.0575,0.17049999999999998,0.03966666666666667,0.13083333333333333,0.08766666666666664,0.06733333333333333,1.3506666666666667,0.04066666666666667,0.1218333333333333,33.538,0.09616666666666664,0.18433333333333332,52.205333333333336,0.0575,0.08033333333333334,71.4,0.0075000000000000015,0.040166666666666656,0.6426666666666667,0.014666666666666668,0.104,0.14333333333333337,0.06733333333333333,0.014500000000000006,0.4253333333333334
76,84,2022-01-27,1,2,2021-2022,Rio Claro,Bauru Basket,0,0.3696666666666667,0.116,0.18500000000000003,0.06866666666666667,0.17499999999999996,0.053166666666666675,0.12183333333333334,0.0755,0.059000000000000004,1.3313333333333333,0.03866666666666667,0.1323333333333333,29.085999999999995,0.09250000000000001,0.1886666666666667,48.97200000000001,0.06866666666666667,0.09466666666666666,72.08466666666666,0.007666666666666666,0.04083333333333334,0.712,0.007666666666666665,0.11116666666666668,0.068,0.059000000000000004,0.011500000000000003,0.39383333333333326,0.38216666666666665,0.1395,0.187,0.05566666666666668,0.17833333333333334,0.03966666666666667,0.13866666666666666,0.09166666666666665,0.059000000000000004,1.616,0.0465,0.14900000000000002,31.038,0.0935,0.16533333333333333,56.69933333333335,0.05566666666666668,0.07583333333333334,73.90133333333333,0.004833333333333334,0.03516666666666667,0.612,0.012333333333333335,0.09099999999999998,0.14,0.059000000000000004,0.009333333333333332,0.44616666666666666
95,80,2022-01-27,1,2,2021-2022,Sesi Franca,Pinheiros,1,0.4590033333333333,0.16999999999999996,0.2150033333333333,0.07400000000000001,0.21033000000000002,0.04716666666666668,0.16316333333333335,0.08833,0.06583,1.384,0.05666666666666666,0.14850333333333332,38.154666666666664,0.10749666666666666,0.17600333333333334,61.282666666666664,0.07400000000000001,0.09583666666666667,78.39933333333333,0.01433666666666667,0.030000000000000006,0.4713333333333333,0.015663333333333335,0.08033333333333334,0.2166666666666667,0.06583,0.00967,0.5553366666666666,0.38333333333333325,0.12950000000000003,0.1926666666666667,0.061166666666666675,0.21333333333333335,0.07783333333333334,0.1355,0.07816666666666666,0.069,1.16,0.043166666666666666,0.142,30.72133333333333,0.09633333333333335,0.2053333333333333,47.18266666666667,0.061166666666666675,0.09066666666666666,67.11066666666666,0.007833333333333335,0.036833333333333336,0.5413333333333333,0.0165,0.08333333333333331,0.19600000000000004,0.069,0.011833333333333336,0.42183333333333334
86,84,2022-01-27,1,2,2021-2022,Cerrado,São Paulo,1,0.4033333333333334,0.14100000000000001,0.20533333333333337,0.057000000000000016,0.21,0.06466666666666668,0.14533333333333334,0.08033333333333334,0.07133333333333333,1.224666666666667,0.047,0.15699999999999997,30.034666666666666,0.10266666666666668,0.2033333333333333,50.37133333333332,0.057000000000000016,0.08366666666666668,68.45133333333334,0.013000000000000001,0.03466666666666666,0.518,0.01566666666666667,0.096,0.1633333333333333,0.07133333333333333,0.012666666666666668,0.43533333333333335,0.4108333333333334,0.1545,0.19666666666666663,0.05966666666666666,0.1716666666666667,0.03066666666666666,0.14100000000000001,0.09316666666666668,0.060833333333333336,1.636,0.0515,0.1428333333333333,35.88066666666667,0.09833333333333331,0.16316666666666668,60.21533333333333,0.05966666666666666,0.08216666666666667,72.39333333333333,0.010166666666666668,0.035500000000000004,0.5986666666666666,0.011666666666666669,0.08566666666666664,0.13733333333333336,0.060833333333333336,0.012,0.4833333333333333
69,62,2022-01-28,1,2,2021-2022,Paulistano,Mogi,1,0.3955,0.13699999999999998,0.19666666666666668,0.06183333333333334,0.19266666666666665,0.05400000000000002,0.13866666666666666,0.0775,0.06616666666666665,1.2133333333333334,0.04566666666666667,0.13633333333333336,33.550000000000004,0.09833333333333334,0.19816666666666666,49.78266666666668,0.06183333333333334,0.08466666666666665,72.40866666666666,0.006333333333333334,0.035,0.5399999999999999,0.011500000000000003,0.10366666666666667,0.11466666666666668,0.06616666666666665,0.015166666666666665,0.4326666666666667,0.37849999999999995,0.1335,0.18299999999999997,0.06200000000000001,0.19733333333333333,0.05283333333333333,0.1445,0.08833333333333335,0.08216666666666665,1.1199999999999999,0.044500000000000005,0.142,31.371333333333332,0.09149999999999998,0.175,52.385999999999996,0.06200000000000001,0.08566666666666665,71.676,0.0145,0.033666666666666664,0.43466666666666665,0.012000000000000002,0.098,0.11933333333333336,0.08216666666666665,0.015166666666666667,0.42299999999999993
58,60,2022-01-28,1,2,2021-2022,Corinthians,Pato Basquete,0,0.3753333333333334,0.15899999999999997,0.15966666666666668,0.05666666666666666,0.1905,0.05916666666666667,0.13133333333333336,0.07833333333333334,0.06033333333333335,1.3579999999999999,0.05300000000000001,0.17016666666666666,31.451333333333327,0.07983333333333334,0.15383333333333335,51.95733333333333,0.05666666666666666,0.07383333333333333,78.07400000000001,0.005333333333333333,0.029166666666666674,0.49333333333333323,0.011833333333333336,0.09299999999999999,0.12466666666666668,0.06033333333333335,0.012666666666666668,0.41650000000000004,0.36099999999999993,0.14150000000000001,0.16499999999999998,0.0545,0.18849999999999997,0.05433333333333334,0.13416666666666666,0.06666666666666667,0.06783333333333336,1.0186666666666666,0.047166666666666676,0.13583333333333333,34.14733333333333,0.08249999999999999,0.18766666666666668,44.248666666666665,0.0545,0.08833333333333332,61.20933333333333,0.007833333333333333,0.04016666666666666,0.616,0.010833333333333335,0.09950000000000002,0.11266666666666666,0.06783333333333336,0.011999999999999999,0.37166666666666665
104,88,2022-01-29,1,2,2021-2022,Sesi Franca,Bauru Basket,1,0.4628366666666665,0.17799999999999996,0.21166999999999997,0.07316666666666667,0.20899666666666666,0.047833333333333346,0.16116333333333335,0.08766333333333334,0.06649666666666666,1.3553333333333333,0.059333333333333314,0.15266999999999997,38.79666666666667,0.10583000000000001,0.17183666666666667,61.83933333333333,0.07316666666666667,0.09500333333333334,78.22333333333334,0.014170000000000004,0.029833333333333333,0.4626666666666667,0.01566333333333333,0.07916666666666666,0.21933333333333335,0.06649666666666666,0.010170000000000002,0.5573366666666665,0.3853333333333333,0.143,0.18566666666666665,0.05666666666666668,0.17516666666666666,0.039833333333333325,0.13533333333333336,0.09199999999999998,0.0575,1.6493333333333335,0.04766666666666667,0.1486666666666667,31.915333333333333,0.09283333333333332,0.165,56.37400000000001,0.05666666666666668,0.07683333333333332,74.17800000000001,0.004666666666666667,0.035166666666666666,0.6246666666666666,0.012000000000000002,0.09183333333333334,0.136,0.0575,0.009166666666666667,0.44883333333333325
97,82,2022-01-29,1,2,2021-2022,Minas,União Corinthians,1,0.427,0.16550000000000004,0.19899999999999995,0.062499999999999986,0.19499999999999998,0.05566666666666668,0.13933333333333334,0.09166666666666665,0.05866666666666667,1.6013333333333337,0.055166666666666676,0.15133333333333335,36.29533333333334,0.09949999999999998,0.17416666666666666,57.27133333333333,0.062499999999999986,0.08983333333333335,70.236,0.013666666666666667,0.03983333333333334,0.6980000000000001,0.011166666666666667,0.08049999999999999,0.14666666666666667,0.05866666666666667,0.013000000000000003,0.5078333333333334,0.3691666666666667,0.12849999999999998,0.18366666666666667,0.057,0.18433333333333332,0.05066666666666668,0.13366666666666666,0.0725,0.06533333333333333,1.2046666666666668,0.04283333333333333,0.14849999999999997,28.680666666666664,0.09183333333333334,0.19316666666666668,48.05133333333334,0.057,0.08216666666666667,69.09733333333334,0.009833333333333335,0.04816666666666668,0.7713333333333332,0.012666666666666666,0.09733333333333334,0.13266666666666665,0.06533333333333333,0.011000000000000003,0.3893333333333333
107,95,2022-01-31,2,2,2021-2022,Pinheiros,BRB/Brasília,1,0.3813333333333333,0.12800000000000003,0.19,0.06333333333333334,0.20750000000000002,0.07349999999999998,0.134,0.07733333333333334,0.07016666666666667,1.1326666666666665,0.042666666666666665,0.141,30.582666666666665,0.095,0.1998333333333333,47.75533333333333,0.06333333333333334,0.09183333333333331,68.47533333333334,0.007833333333333333,0.03766666666666666,0.5433333333333333,0.015500000000000005,0.08183333333333333,0.18866666666666668,0.07016666666666667,0.011333333333333336,0.4174999999999999,0.3451699999999999,0.09799999999999999,0.17533666666666672,0.07183333333333335,0.20850333333333335,0.05583,0.15266333333333332,0.06333000000000001,0.07816666666666666,0.8726666666666667,0.03266333333333334,0.1175,27.386,0.08766333333333334,0.18699999999999997,46.9,0.07183333333333335,0.10349666666666665,67.84533333333333,0.0049966666666666675,0.022163333333333333,0.296,0.013836666666666666,0.09066333333333335,0.15533333333333335,0.07816666666666666,0.012336666666666668,0.359
85,77,2022-02-01,2,2,2021-2022,Caxias do Sul Basquete,Rio Claro,1,0.368,0.11750000000000001,0.1946666666666666,0.05583333333333333,0.17049999999999996,0.04033333333333334,0.13016666666666668,0.08583333333333333,0.0665,1.338666666666667,0.03916666666666667,0.12149999999999998,32.38266666666666,0.0973333333333333,0.18933333333333333,51.526666666666664,0.05583333333333333,0.07666666666666667,72.29933333333335,0.007833333333333335,0.040166666666666656,0.6473333333333334,0.014666666666666668,0.10099999999999998,0.14666666666666667,0.0665,0.013833333333333338,0.4175000000000001,0.37300000000000005,0.11099999999999999,0.1916666666666667,0.07033333333333333,0.176,0.054666666666666676,0.12133333333333333,0.073,0.060333333333333336,1.2653333333333332,0.037000000000000005,0.13049999999999998,28.11133333333333,0.09583333333333335,0.18966666666666668,50.386,0.07033333333333333,0.09716666666666667,71.932,0.007833333333333333,0.041499999999999995,0.7073333333333333,0.007333333333333334,0.11050000000000001,0.066,0.060333333333333336,0.012333333333333337,0.39633333333333326
96,74,2022-02-02,2,2,2021-2022,Bauru Basket,BRB/Brasília,1,0.3886666666666666,0.15,0.18166666666666664,0.057,0.171,0.04066666666666666,0.13033333333333333,0.09183333333333331,0.05733333333333334,1.6506666666666665,0.05,0.15,33.304,0.09083333333333332,0.16233333333333333,56.06333333333334,0.057,0.07749999999999999,74.01133333333334,0.005000000000000001,0.035666666666666666,0.6359999999999999,0.0105,0.09266666666666666,0.11933333333333335,0.05733333333333334,0.009666666666666667,0.44833333333333325,0.34983666666666663,0.09649999999999999,0.17967000000000005,0.07366666666666667,0.20767,0.056830000000000006,0.15083,0.06383,0.08049999999999999,0.8520000000000001,0.032163333333333335,0.11783333333333333,26.88533333333333,0.08983000000000002,0.18516666666666665,48.32666666666667,0.07366666666666667,0.10816333333333333,66.554,0.0056633333333333345,0.02266333333333333,0.29,0.013669999999999998,0.09133000000000001,0.15333333333333332,0.08049999999999999,0.012836666666666666,0.3616666666666666
88,70,2022-02-02,2,2,2021-2022,Pinheiros,Cerrado,1,0.3851666666666667,0.1335,0.18666666666666668,0.065,0.20583333333333337,0.07133333333333333,0.1345,0.07716666666666666,0.07066666666666667,1.122,0.0445,0.14366666666666666,31.122666666666664,0.09333333333333334,0.19566666666666663,47.83533333333333,0.065,0.09299999999999999,69.36400000000002,0.007666666666666666,0.04,0.5693333333333332,0.014666666666666668,0.08116666666666665,0.18133333333333332,0.07066666666666667,0.011500000000000003,0.42266666666666663,0.4028333333333334,0.14250000000000002,0.2046666666666667,0.05566666666666668,0.20583333333333337,0.06466666666666668,0.14116666666666663,0.08216666666666667,0.071,1.2646666666666668,0.0475,0.1573333333333333,30.267333333333337,0.10233333333333335,0.20216666666666666,50.54933333333334,0.05566666666666668,0.08100000000000002,69.63666666666667,0.0125,0.034,0.5086666666666667,0.015333333333333334,0.09549999999999999,0.16066666666666665,0.071,0.013333333333333336,0.4341666666666667
87,93,2022-02-03,2,2,2021-2022,Pato Basquete,Flamengo,0,0.3638333333333333,0.14450000000000002,0.16566666666666666,0.05366666666666666,0.19366666666666665,0.05783333333333333,0.13583333333333333,0.06566666666666666,0.06766666666666668,1.0053333333333334,0.04816666666666668,0.137,34.635999999999996,0.08283333333333333,0.1901666666666667,43.87266666666666,0.05366666666666666,0.08683333333333333,61.44866666666667,0.008333333333333331,0.03849999999999999,0.5893333333333334,0.011833333333333336,0.09933333333333336,0.12266666666666666,0.06766666666666668,0.012833333333333332,0.3765,0.4431666666666667,0.19499999999999998,0.18600000000000003,0.06216666666666668,0.21733333333333327,0.06116666666666667,0.15616666666666665,0.10466666666666667,0.06983333333333334,1.6426666666666665,0.065,0.16899999999999998,38.95466666666667,0.09300000000000001,0.15983333333333333,58.81333333333334,0.06216666666666668,0.087,72.40866666666668,0.007666666666666667,0.03233333333333334,0.49600000000000005,0.012833333333333335,0.07816666666666665,0.17133333333333337,0.06983333333333334,0.012833333333333334,0.5448333333333333
68,83,2022-02-03,2,2,2021-2022,Caxias do Sul Basquete,Sesi Franca,0,0.3701666666666667,0.11699999999999999,0.19633333333333328,0.05683333333333333,0.17083333333333334,0.041666666666666664,0.12916666666666668,0.08400000000000002,0.06533333333333333,1.3320000000000003,0.03900000000000001,0.12166666666666665,32.192,0.09816666666666664,0.19166666666666662,51.30533333333333,0.05683333333333333,0.07683333333333332,73.23066666666666,0.008333333333333335,0.039666666666666656,0.6466666666666667,0.014666666666666668,0.09849999999999999,0.14933333333333335,0.06533333333333333,0.013333333333333338,0.41783333333333333,0.4628366666666665,0.18399999999999997,0.20766999999999994,0.07116666666666666,0.20682999999999999,0.04900000000000001,0.15783,0.08766333333333334,0.06683,1.3473333333333335,0.061333333333333316,0.15666999999999998,38.98666666666667,0.10382999999999999,0.16783666666666663,62.172666666666665,0.07116666666666666,0.09133666666666666,78.87466666666667,0.013836666666666669,0.030166666666666668,0.4653333333333334,0.015496666666666669,0.079,0.218,0.06683,0.010170000000000002,0.5566699999999999
84,75,2022-02-03,2,2,2021-2022,União Corinthians,Rio Claro,1,0.374,0.12899999999999998,0.18400000000000002,0.06099999999999999,0.184,0.05066666666666668,0.13333333333333333,0.074,0.06466666666666666,1.2366666666666666,0.043000000000000003,0.14766666666666667,28.97733333333333,0.09200000000000001,0.1946666666666667,47.790000000000006,0.06099999999999999,0.08566666666666665,71.11466666666666,0.010666666666666665,0.04900000000000001,0.7913333333333331,0.013333333333333336,0.09666666666666668,0.14,0.06466666666666666,0.011,0.39766666666666667,0.37500000000000006,0.11149999999999997,0.191,0.0725,0.176,0.05433333333333334,0.12166666666666667,0.0725,0.061833333333333344,1.2253333333333332,0.03716666666666667,0.12999999999999998,28.327333333333332,0.0955,0.187,50.936,0.0725,0.09916666666666667,72.51133333333334,0.007833333333333333,0.04033333333333333,0.6759999999999999,0.006500000000000001,0.11233333333333334,0.05933333333333334,0.061833333333333344,0.013666666666666669,0.3975
81,71,2022-02-03,2,2,2021-2022,Corinthians,Paulistano,1,0.3783333333333333,0.16299999999999995,0.15999999999999998,0.055333333333333325,0.189,0.05800000000000001,0.131,0.08066666666666668,0.058666666666666686,1.4333333333333333,0.05433333333333333,0.17099999999999996,32.087999999999994,0.07999999999999999,0.15433333333333332,51.91666666666667,0.055333333333333325,0.07233333333333333,77.63466666666666,0.005000000000000001,0.02966666666666667,0.5186666666666666,0.012000000000000004,0.09366666666666665,0.12533333333333335,0.058666666666666686,0.012333333333333335,0.4230000000000001,0.396,0.13399999999999998,0.19733333333333336,0.06466666666666668,0.193,0.054333333333333345,0.13866666666666666,0.07499999999999998,0.068,1.134,0.04466666666666667,0.13533333333333336,32.994,0.09866666666666668,0.198,49.98533333333334,0.06466666666666668,0.0873333333333333,73.85999999999999,0.006333333333333334,0.035333333333333335,0.528,0.011666666666666669,0.10366666666666667,0.11600000000000002,0.068,0.015999999999999997,0.4303333333333334
74,68,2022-02-04,2,2,2021-2022,Bauru Basket,Cerrado,1,0.3916666666666666,0.1545,0.18199999999999997,0.05516666666666667,0.1716666666666667,0.04283333333333333,0.12883333333333333,0.09333333333333332,0.056833333333333326,1.6973333333333334,0.0515,0.1515,34.07666666666667,0.09099999999999998,0.1633333333333333,55.85600000000001,0.05516666666666667,0.07583333333333334,73.25133333333332,0.005666666666666667,0.0355,0.6373333333333334,0.009833333333333335,0.09283333333333332,0.11200000000000002,0.056833333333333326,0.009833333333333335,0.4521666666666666,0.39666666666666667,0.14150000000000001,0.20166666666666666,0.053500000000000006,0.20416666666666672,0.06300000000000003,0.1411666666666667,0.08216666666666667,0.071,1.2646666666666668,0.04716666666666667,0.15666666666666665,30.175333333333334,0.10083333333333333,0.20149999999999996,49.96666666666667,0.053500000000000006,0.07766666666666669,70.23866666666666,0.012333333333333337,0.034499999999999996,0.5173333333333333,0.015166666666666667,0.09433333333333332,0.16066666666666665,0.071,0.012666666666666668,0.42733333333333334
77,117,2022-02-05,2,2,2021-2022,Mogi,Flamengo,0,0.3766666666666667,0.132,0.18133333333333332,0.06333333333333334,0.1988333333333333,0.052500000000000005,0.14633333333333332,0.08900000000000001,0.08366666666666664,1.1106666666666665,0.044,0.14033333333333334,31.371333333333336,0.09066666666666666,0.17316666666666666,52.42933333333334,0.06333333333333334,0.08866666666666667,70.80266666666667,0.01466666666666667,0.03333333333333333,0.4266666666666667,0.011166666666666667,0.0965,0.11266666666666669,0.08366666666666664,0.01616666666666667,0.42116666666666674,0.44933333333333336,0.19899999999999998,0.18900000000000003,0.06133333333333334,0.21499999999999994,0.058666666666666666,0.15633333333333335,0.10716666666666667,0.06949999999999999,1.6759999999999997,0.06633333333333331,0.16999999999999996,39.56133333333333,0.09450000000000001,0.15816666666666665,60.289333333333346,0.06133333333333334,0.08516666666666667,72.99133333333333,0.007833333333333333,0.03166666666666667,0.48933333333333334,0.013000000000000003,0.07683333333333332,0.17533333333333337,0.06949999999999999,0.012,0.5555
88,70,2022-02-05,2,2,2021-2022,São Paulo,UNIFACISA,1,0.41300000000000003,0.158,0.1946666666666666,0.060333333333333336,0.17333333333333334,0.032,0.14133333333333334,0.09133333333333335,0.060666666666666674,1.6079999999999999,0.05266666666666667,0.14566666666666667,35.94466666666666,0.0973333333333333,0.1606666666666667,60.47599999999999,0.060333333333333336,0.08299999999999999,72.55199999999999,0.010333333333333335,0.034666666666666665,0.5853333333333333,0.011333333333333336,0.08533333333333332,0.134,0.060666666666666674,0.012333333333333333,0.48399999999999993,0.398,0.15499999999999997,0.1873333333333333,0.05566666666666666,0.18333333333333332,0.05400000000000001,0.12933333333333333,0.08033333333333333,0.05500000000000001,1.4786666666666668,0.051666666666666666,0.14866666666666667,33.986666666666665,0.09366666666666665,0.18000000000000002,52.42733333333334,0.05566666666666666,0.07566666666666667,72.642,0.008666666666666666,0.037000000000000005,0.702,0.005333333333333333,0.09566666666666666,0.05533333333333334,0.05500000000000001,0.008666666666666666,0.4456666666666666
89,85,2022-02-05,2,2,2021-2022,União Corinthians,Sesi Franca,1,0.38,0.12499999999999997,0.19066666666666668,0.06433333333333333,0.1886666666666667,0.05516666666666668,0.1335,0.07383333333333335,0.064,1.249333333333333,0.041666666666666664,0.14250000000000002,29.048666666666666,0.09533333333333334,0.20100000000000007,47.90133333333334,0.06433333333333333,0.09116666666666666,70.91266666666667,0.010666666666666665,0.04699999999999999,0.7606666666666666,0.012833333333333335,0.09850000000000002,0.13533333333333333,0.064,0.011166666666666668,0.405,0.4576699999999999,0.18149999999999997,0.2050033333333333,0.07116666666666666,0.20282999999999998,0.04900000000000001,0.15383,0.08533,0.06633000000000001,1.3193333333333335,0.060499999999999984,0.15683666666666662,38.33133333333333,0.10249666666666665,0.16533666666666663,62.29666666666666,0.07116666666666666,0.08967,79.884,0.01367,0.02966666666666667,0.4600000000000001,0.015330000000000003,0.07983333333333333,0.214,0.06633000000000001,0.009836666666666667,0.5468366666666665
70,101,2022-02-06,2,2,2021-2022,Pato Basquete,Minas,0,0.3685,0.15150000000000002,0.16466666666666668,0.05233333333333333,0.19416666666666665,0.05849999999999999,0.13566666666666669,0.06366666666666666,0.06683333333333334,0.9880000000000001,0.05050000000000001,0.14,35.55,0.08233333333333334,0.18866666666666668,43.98866666666666,0.05233333333333333,0.08416666666666667,62.22933333333333,0.008166666666666666,0.0365,0.562,0.012000000000000004,0.10000000000000003,0.12399999999999999,0.06683333333333334,0.01333333333333333,0.38033333333333336,0.42566666666666664,0.165,0.20099999999999996,0.05966666666666665,0.19483333333333333,0.053666666666666675,0.14116666666666663,0.08950000000000001,0.06083333333333332,1.5140000000000002,0.055000000000000014,0.15066666666666664,36.37266666666667,0.10049999999999998,0.17433333333333334,57.784666666666666,0.05966666666666665,0.08633333333333335,69.63000000000001,0.01366666666666667,0.04,0.6806666666666668,0.012166666666666668,0.08016666666666666,0.15866666666666665,0.06083333333333332,0.012500000000000002,0.5051666666666668
73,62,2022-02-07,3,2,2021-2022,São Paulo,Fortaleza B. C. / CFO,1,0.4158333333333334,0.1595,0.19399999999999998,0.062333333333333324,0.1713333333333333,0.03133333333333333,0.14,0.0895,0.061000000000000006,1.5679999999999998,0.05316666666666667,0.14450000000000002,36.666666666666664,0.09699999999999999,0.16083333333333333,60.218666666666664,0.062333333333333324,0.086,72.31400000000001,0.010333333333333335,0.03600000000000001,0.604,0.011500000000000003,0.08650000000000001,0.13466666666666666,0.061000000000000006,0.012500000000000004,0.4843333333333332,0.37699999999999995,0.10600000000000002,0.2046666666666667,0.06633333333333334,0.19699999999999998,0.05533333333333333,0.14166666666666666,0.07066666666666667,0.06833333333333333,1.094,0.035333333333333335,0.12266666666666669,29.738,0.10233333333333335,0.21366666666666662,48.38200000000001,0.06633333333333334,0.09833333333333334,66.72866666666665,0.006333333333333333,0.02966666666666667,0.44933333333333336,0.011,0.09633333333333334,0.1166666666666667,0.06833333333333333,0.014000000000000002,0.3863333333333333
78,79,2022-02-07,3,2,2021-2022,BRB/Brasília,Caxias do Sul Basquete,0,0.35817000000000004,0.09949999999999998,0.18500333333333338,0.07366666666666667,0.20900333333333337,0.059663333333333325,0.14933,0.06683,0.07983333333333334,0.8833333333333333,0.03316333333333333,0.12083333333333333,27.14866666666666,0.09249666666666669,0.18783333333333332,49.05533333333334,0.07366666666666667,0.11099666666666665,64.98933333333333,0.006163333333333334,0.024496666666666667,0.30866666666666664,0.012836666666666666,0.09316333333333333,0.1406666666666667,0.07983333333333334,0.014169999999999999,0.3711666666666666,0.3710000000000001,0.12149999999999998,0.1913333333333333,0.058166666666666665,0.16766666666666669,0.04000000000000001,0.12766666666666668,0.08133333333333335,0.06533333333333333,1.2913333333333332,0.04050000000000001,0.12266666666666665,33.19199999999999,0.09566666666666665,0.18816666666666665,50.94533333333332,0.058166666666666665,0.07883333333333332,73.15466666666667,0.008333333333333333,0.037333333333333336,0.6106666666666668,0.014500000000000002,0.09916666666666667,0.14666666666666667,0.06533333333333333,0.01316666666666667,0.4111666666666667
70,73,2022-02-08,3,2,2021-2022,Mogi,Minas,0,0.37766666666666665,0.132,0.18266666666666664,0.063,0.198,0.05333333333333333,0.14466666666666664,0.08933333333333333,0.08199999999999999,1.1473333333333333,0.044000000000000004,0.14333333333333334,30.910000000000004,0.09133333333333332,0.17466666666666664,52.39533333333334,0.063,0.08933333333333333,69.61200000000001,0.01466666666666667,0.035333333333333335,0.47,0.010333333333333335,0.09633333333333333,0.10533333333333335,0.08199999999999999,0.016000000000000004,0.41966666666666674,0.428,0.16799999999999998,0.20199999999999999,0.05799999999999999,0.19366666666666668,0.05100000000000002,0.14266666666666664,0.08633333333333333,0.05933333333333333,1.5300000000000002,0.056,0.15,37.254666666666665,0.10099999999999999,0.17400000000000002,58.18200000000001,0.05799999999999999,0.08366666666666665,69.74666666666667,0.01466666666666667,0.03900000000000001,0.6853333333333332,0.012000000000000002,0.08,0.15666666666666668,0.05933333333333333,0.011666666666666669,0.5070000000000001
87,85,2022-02-09,3,2,2021-2022,UNIFACISA,Pinheiros,1,0.3993333333333334,0.156,0.186,0.05733333333333333,0.18200000000000002,0.05133333333333334,0.13066666666666665,0.07966666666666668,0.05566666666666667,1.460666666666667,0.052000000000000005,0.147,34.681999999999995,0.093,0.179,52.342000000000006,0.05733333333333333,0.077,74.03066666666665,0.008666666666666668,0.03700000000000001,0.6986666666666667,0.005666666666666667,0.095,0.05866666666666667,0.05566666666666667,0.009000000000000003,0.44733333333333325,0.393,0.1395,0.187,0.0665,0.20500000000000002,0.06949999999999998,0.1355,0.07800000000000001,0.07233333333333335,1.1000000000000003,0.0465,0.14366666666666666,32.26533333333333,0.0935,0.19716666666666663,47.56266666666667,0.0665,0.09416666666666666,70.06266666666669,0.007333333333333332,0.042333333333333334,0.5833333333333334,0.015000000000000003,0.08216666666666667,0.1833333333333333,0.07233333333333335,0.012500000000000004,0.4325
92,71,2022-02-09,3,2,2021-2022,BRB/Brasília,União Corinthians,1,0.36667000000000005,0.10549999999999998,0.19000333333333336,0.07116666666666667,0.21217,0.061496666666666665,0.1506633333333333,0.07132999999999999,0.07716666666666666,0.9580000000000001,0.03516333333333333,0.12450000000000001,28.033333333333335,0.09499666666666667,0.19066666666666662,49.653333333333336,0.07116666666666667,0.10866333333333333,64.40066666666667,0.0063300000000000006,0.025330000000000002,0.32399999999999995,0.012336666666666666,0.09466333333333335,0.13133333333333333,0.07716666666666666,0.014503333333333333,0.38816666666666666,0.386,0.121,0.19733333333333336,0.06766666666666667,0.19333333333333336,0.05966666666666668,0.13366666666666666,0.07366666666666667,0.06333333333333334,1.2619999999999998,0.04033333333333333,0.13733333333333334,29.119999999999997,0.09866666666666668,0.2073333333333334,48.01266666666667,0.06766666666666667,0.09666666666666666,70.71066666666667,0.010666666666666668,0.04499999999999999,0.73,0.012333333333333335,0.10033333333333334,0.13066666666666668,0.06333333333333334,0.011333333333333336,0.4123333333333334
79,61,2022-02-09,3,2,2021-2022,Cerrado,Caxias do Sul Basquete,1,0.3963333333333333,0.14,0.2033333333333333,0.053000000000000005,0.2031666666666667,0.06250000000000001,0.1406666666666667,0.08266666666666665,0.0685,1.2986666666666666,0.04666666666666667,0.15666666666666668,29.862666666666666,0.10166666666666666,0.2028333333333333,50.077999999999996,0.053000000000000005,0.07566666666666669,71.846,0.012833333333333337,0.034499999999999996,0.534,0.01566666666666667,0.09433333333333332,0.16666666666666663,0.0685,0.012333333333333335,0.43,0.36966666666666664,0.12199999999999998,0.18933333333333335,0.058333333333333334,0.16416666666666668,0.03783333333333334,0.12633333333333333,0.08083333333333335,0.06416666666666666,1.3226666666666667,0.04066666666666667,0.12149999999999997,33.68733333333333,0.09466666666666668,0.18800000000000003,50.53199999999999,0.058333333333333334,0.07933333333333331,72.908,0.007666666666666668,0.035,0.5846666666666667,0.014833333333333337,0.099,0.15066666666666667,0.06416666666666666,0.01266666666666667,0.40516666666666673
79,65,2022-02-10,3,2,2021-2022,Rio Claro,Pato Basquete,1,0.37750000000000006,0.11149999999999997,0.19266666666666668,0.07333333333333332,0.17499999999999996,0.05366666666666667,0.12133333333333332,0.07266666666666666,0.06166666666666667,1.23,0.03716666666666667,0.13066666666666665,28.172,0.09633333333333334,0.1865,51.62933333333333,0.07333333333333332,0.09966666666666665,72.89200000000001,0.008,0.03883333333333334,0.6566666666666665,0.006333333333333333,0.115,0.05733333333333334,0.06166666666666667,0.014500000000000002,0.39866666666666667,0.3716666666666667,0.15700000000000003,0.16133333333333336,0.05333333333333334,0.19183333333333333,0.057,0.13483333333333333,0.063,0.065,1.0073333333333334,0.052333333333333336,0.14283333333333334,36.105999999999995,0.08066666666666668,0.18549999999999997,43.893333333333324,0.05333333333333334,0.08383333333333334,64.106,0.008,0.03666666666666666,0.5753333333333334,0.011666666666666669,0.10066666666666668,0.12000000000000001,0.065,0.013333333333333334,0.384
92,64,2022-02-11,3,2,2021-2022,UNIFACISA,Bauru Basket,1,0.40349999999999997,0.15699999999999997,0.18866666666666668,0.057833333333333334,0.18383333333333335,0.051500000000000004,0.13233333333333333,0.07766666666666668,0.054666666666666676,1.4553333333333336,0.05233333333333334,0.14900000000000002,34.41133333333333,0.09433333333333334,0.18000000000000002,52.89,0.057833333333333334,0.07783333333333334,73.83933333333334,0.00816666666666667,0.037333333333333336,0.7226666666666668,0.005666666666666668,0.09666666666666666,0.05800000000000001,0.054666666666666676,0.009000000000000001,0.451,0.3936666666666666,0.15450000000000003,0.18466666666666667,0.0545,0.17266666666666666,0.04283333333333333,0.12983333333333333,0.09366666666666669,0.056499999999999995,1.7173333333333332,0.0515,0.15000000000000002,34.39066666666667,0.09233333333333334,0.16683333333333333,55.454666666666675,0.0545,0.07633333333333334,71.722,0.006333333333333333,0.03533333333333333,0.6366666666666668,0.009500000000000001,0.09316666666666666,0.10800000000000004,0.056499999999999995,0.009666666666666667,0.45349999999999996
65,81,2022-02-11,3,2,2021-2022,Fortaleza B. C. / CFO,Pinheiros,0,0.37666666666666665,0.10900000000000001,0.2002233333333333,0.06744333333333334,0.19310999999999998,0.05255666666666667,0.14055666666666672,0.07088999999999998,0.06966666666666668,1.0806666666666667,0.036333333333333336,0.12189000000000003,30.554666666666666,0.10010999999999999,0.20855666666666658,48.52066666666667,0.06744333333333334,0.10055666666666667,65.592,0.006776666666666667,0.030000000000000002,0.442,0.011776666666666664,0.09777666666666666,0.12533333333333335,0.06966666666666668,0.014110000000000001,0.3856666666666667,0.396,0.14100000000000001,0.189,0.066,0.2036666666666667,0.06733333333333331,0.13633333333333333,0.07783333333333334,0.07349999999999998,1.0726666666666667,0.04700000000000001,0.14216666666666666,32.832,0.0945,0.19683333333333333,48.20066666666666,0.066,0.09333333333333332,70.12666666666668,0.007499999999999999,0.041166666666666664,0.5553333333333333,0.014833333333333336,0.08283333333333333,0.18066666666666664,0.07349999999999998,0.01416666666666667,0.43516666666666665
55,73,2022-02-11,3,2,2021-2022,Cerrado,União Corinthians,0,0.3953333333333333,0.13549999999999998,0.20533333333333337,0.05450000000000001,0.20533333333333334,0.06466666666666668,0.1406666666666667,0.08216666666666665,0.06616666666666667,1.3133333333333332,0.04516666666666667,0.1555,29.066,0.10266666666666668,0.2048333333333333,50.11333333333333,0.05450000000000001,0.07733333333333334,72.42266666666666,0.01316666666666667,0.034,0.5406666666666666,0.0165,0.09366666666666665,0.17799999999999996,0.06616666666666667,0.012500000000000002,0.43183333333333335,0.38583333333333336,0.12149999999999998,0.19433333333333333,0.06999999999999999,0.1916666666666667,0.05816666666666667,0.1335,0.07516666666666666,0.06333333333333334,1.284,0.040499999999999994,0.136,29.555999999999997,0.09716666666666667,0.20450000000000002,47.822,0.06999999999999999,0.09933333333333334,71.37733333333333,0.010333333333333335,0.04266666666666665,0.6953333333333334,0.011666666666666667,0.10033333333333336,0.12466666666666668,0.06333333333333334,0.010666666666666668,0.4115000000000001
91,88,2022-02-12,3,2,2021-2022,Minas,Corinthians,1,0.42566666666666664,0.16250000000000003,0.205,0.058166666666666665,0.19083333333333333,0.05066666666666668,0.14016666666666663,0.08650000000000001,0.058833333333333335,1.5426666666666666,0.05416666666666667,0.14833333333333332,36.35266666666667,0.1025,0.175,58.661333333333324,0.058166666666666665,0.08466666666666667,68.94533333333332,0.015333333333333336,0.03883333333333334,0.6873333333333334,0.012333333333333333,0.08083333333333333,0.15866666666666668,0.058833333333333335,0.013166666666666669,0.5021666666666668,0.3811666666666667,0.16199999999999995,0.16466666666666666,0.0545,0.1905,0.058833333333333335,0.13166666666666668,0.08116666666666668,0.05883333333333334,1.438,0.054000000000000006,0.16433333333333333,33.715999999999994,0.08233333333333333,0.15933333333333335,51.88000000000001,0.0545,0.07183333333333332,76.96266666666666,0.006000000000000001,0.02966666666666667,0.5166666666666666,0.011500000000000003,0.09216666666666667,0.12066666666666669,0.05883333333333334,0.013500000000000002,0.4305000000000001
75,56,2022-02-12,3,2,2021-2022,Rio Claro,Mogi,1,0.38033333333333336,0.10949999999999999,0.19799999999999998,0.07283333333333332,0.17516666666666664,0.05416666666666667,0.121,0.07266666666666667,0.061000000000000006,1.2399999999999995,0.0365,0.12883333333333333,28.106666666666666,0.09899999999999999,0.18933333333333335,52.378,0.07283333333333332,0.09833333333333333,73.48133333333332,0.008000000000000002,0.03849999999999999,0.6573333333333332,0.006666666666666666,0.11466666666666667,0.06066666666666667,0.061000000000000006,0.01566666666666667,0.4041666666666667,0.37200000000000005,0.13,0.18133333333333335,0.060666666666666674,0.19516666666666663,0.05283333333333332,0.1423333333333333,0.08850000000000001,0.08183333333333334,1.1393333333333333,0.04333333333333334,0.14333333333333334,30.442,0.09066666666666667,0.1733333333333333,52.38933333333333,0.060666666666666674,0.08650000000000002,69.234,0.014333333333333337,0.03516666666666667,0.4686666666666667,0.010666666666666668,0.09666666666666665,0.10866666666666669,0.08183333333333334,0.015833333333333335,0.4111666666666666
97,80,2022-02-12,3,2,2021-2022,Sesi Franca,Pato Basquete,1,0.45400333333333326,0.1765,0.20433666666666658,0.07316666666666666,0.20099666666666666,0.04916666666666668,0.15183000000000002,0.08266333333333332,0.06583000000000001,1.2860000000000003,0.05883333333333332,0.15467,37.74466666666667,0.10216333333333331,0.16500333333333328,62.219333333333324,0.07316666666666666,0.09100333333333334,80.79933333333332,0.013503333333333338,0.028333333333333335,0.4413333333333334,0.015663333333333338,0.07999999999999999,0.21733333333333332,0.06583000000000001,0.009670000000000002,0.5393366666666666,0.37283333333333335,0.15950000000000003,0.1596666666666667,0.053666666666666675,0.18866666666666668,0.05566666666666666,0.133,0.06383333333333334,0.06466666666666666,1.0233333333333334,0.05316666666666667,0.14416666666666667,36.38733333333333,0.07983333333333335,0.18283333333333335,44.178666666666665,0.053666666666666675,0.08299999999999998,65.49799999999999,0.007833333333333333,0.03749999999999999,0.588,0.011333333333333336,0.10016666666666667,0.11666666666666667,0.06466666666666666,0.013500000000000002,0.3861666666666667
74,72,2022-02-13,3,2,2021-2022,Fortaleza B. C. / CFO,Bauru Basket,1,0.37916666666666665,0.111,0.20044666666666663,0.06772,0.19238666666666665,0.05161333333333333,0.14078000000000002,0.06961333333333332,0.06949999999999999,1.0653333333333335,0.037000000000000005,0.12311333333333335,30.816,0.10021999999999999,0.20661333333333332,49.083333333333336,0.06772,0.10044666666666667,66.06666666666666,0.007220000000000001,0.030333333333333334,0.4473333333333334,0.011553333333333334,0.09805333333333334,0.12266666666666669,0.06949999999999999,0.014220000000000002,0.3883333333333333,0.3899999999999999,0.15200000000000002,0.1836666666666667,0.054333333333333324,0.16999999999999996,0.040833333333333326,0.12916666666666668,0.09183333333333334,0.057499999999999996,1.663333333333333,0.050666666666666665,0.14766666666666667,34.30733333333333,0.09183333333333335,0.1685,54.57533333333334,0.054333333333333324,0.07716666666666666,70.556,0.006833333333333334,0.035333333333333335,0.6293333333333334,0.008833333333333332,0.09233333333333334,0.10133333333333336,0.057499999999999996,0.009500000000000001,0.44200000000000006
92,71,2022-02-14,4,2,2021-2022,Sesi Franca,Mogi,1,0.45466999999999996,0.175,0.20466999999999994,0.075,0.19966333333333328,0.04900000000000001,0.1506633333333334,0.08132999999999999,0.06699666666666666,1.2446666666666668,0.058333333333333334,0.15233666666666668,38.06000000000001,0.10232999999999998,0.1633366666666666,63.13399999999999,0.075,0.09233666666666668,81.56999999999998,0.013003333333333337,0.027333333333333334,0.41933333333333334,0.01599666666666667,0.07933333333333331,0.22266666666666665,0.06699666666666666,0.009336666666666667,0.53967,0.3663333333333334,0.128,0.18000000000000002,0.05833333333333335,0.19233333333333333,0.05233333333333332,0.14,0.08766666666666666,0.08166666666666665,1.1313333333333333,0.04266666666666667,0.14333333333333334,29.973999999999997,0.09000000000000001,0.17200000000000001,52.38333333333334,0.05833333333333335,0.08366666666666668,68.856,0.014000000000000004,0.035,0.4673333333333334,0.011000000000000003,0.09699999999999999,0.11200000000000003,0.08166666666666665,0.01566666666666667,0.4026666666666667
104,67,2022-02-15,4,2,2021-2022,Minas,Paulistano,1,0.4233333333333334,0.15699999999999997,0.208,0.058333333333333334,0.188,0.05033333333333335,0.13766666666666666,0.08666666666666667,0.058333333333333334,1.5553333333333332,0.052333333333333336,0.14666666666666664,35.45066666666667,0.104,0.176,59.14066666666666,0.058333333333333334,0.08566666666666668,68.14399999999999,0.016000000000000004,0.03866666666666666,0.6893333333333335,0.012666666666666666,0.08166666666666668,0.1606666666666667,0.058333333333333334,0.014666666666666668,0.4973333333333334,0.394,0.13399999999999998,0.198,0.06200000000000001,0.19099999999999998,0.05366666666666668,0.13733333333333334,0.07483333333333334,0.06649999999999999,1.1713333333333336,0.04466666666666667,0.13416666666666668,33.35733333333334,0.099,0.19816666666666669,50.10800000000001,0.06200000000000001,0.08383333333333333,73.342,0.006333333333333334,0.034333333333333334,0.5226666666666667,0.012000000000000004,0.1015,0.12200000000000001,0.06649999999999999,0.016,0.42916666666666675
92,98,2022-02-15,4,2,2021-2022,Pinheiros,São Paulo,0,0.4003333333333333,0.142,0.19466666666666663,0.06366666666666668,0.20500000000000002,0.06733333333333331,0.13766666666666666,0.07833333333333334,0.074,1.072,0.04733333333333334,0.14333333333333337,32.79600000000001,0.09733333333333331,0.19633333333333336,49.84666666666667,0.06366666666666668,0.09099999999999998,69.42,0.008666666666666666,0.04066666666666666,0.5453333333333332,0.014666666666666668,0.08466666666666667,0.17600000000000002,0.074,0.015333333333333336,0.4426666666666667,0.4136666666666667,0.162,0.184,0.06766666666666667,0.1733333333333333,0.03366666666666666,0.1396666666666667,0.08766666666666666,0.06166666666666667,1.5226666666666664,0.05400000000000001,0.14433333333333337,37.34400000000001,0.092,0.15866666666666665,57.723333333333336,0.06766666666666667,0.09233333333333334,72.69066666666667,0.009666666666666667,0.03600000000000001,0.5980000000000002,0.012666666666666668,0.08766666666666666,0.14666666666666664,0.06166666666666667,0.012333333333333337,0.4799999999999999
77,75,2022-02-17,4,2,2021-2022,Pato Basquete,BRB/Brasília,1,0.37099999999999994,0.16150000000000006,0.15700000000000003,0.05250000000000001,0.18266666666666667,0.0535,0.12916666666666668,0.06450000000000002,0.066,1.0073333333333334,0.05383333333333333,0.14516666666666664,36.62133333333333,0.07850000000000001,0.17633333333333334,44.99066666666667,0.05250000000000001,0.07999999999999999,66.51333333333334,0.007000000000000001,0.036500000000000005,0.5553333333333333,0.011000000000000003,0.10016666666666667,0.11333333333333334,0.066,0.014500000000000002,0.38299999999999995,0.37317,0.108,0.1953366666666667,0.06983333333333333,0.21283666666666667,0.06266333333333333,0.15016333333333332,0.07416333333333333,0.0775,0.9926666666666667,0.03599666666666666,0.12350000000000001,28.841333333333335,0.09766333333333335,0.19366666666666668,50.30933333333334,0.06983333333333333,0.10499666666666668,65.53533333333334,0.00583,0.026330000000000003,0.33666666666666667,0.012670000000000004,0.09566333333333335,0.13333333333333333,0.0775,0.013836666666666666,0.4029999999999999
84,78,2022-02-17,4,2,2021-2022,Corinthians,Rio Claro,1,0.3863333333333333,0.16199999999999998,0.16933333333333334,0.055,0.193,0.06099999999999999,0.13199999999999998,0.08166666666666668,0.06000000000000001,1.4193333333333333,0.054,0.16066666666666668,34.45466666666666,0.08466666666666667,0.16433333333333336,51.84333333333334,0.055,0.072,77.45333333333335,0.006333333333333333,0.028333333333333335,0.48933333333333334,0.011,0.09266666666666667,0.11466666666666668,0.06000000000000001,0.014666666666666666,0.4370000000000001,0.38316666666666666,0.10849999999999997,0.20099999999999998,0.07366666666666664,0.175,0.05383333333333333,0.12116666666666663,0.07366666666666667,0.06149999999999999,1.248,0.036166666666666666,0.12816666666666668,27.998666666666665,0.10049999999999999,0.18900000000000003,53.19533333333333,0.07366666666666664,0.09783333333333334,74.77733333333332,0.007833333333333335,0.03833333333333333,0.6493333333333332,0.006999999999999998,0.11449999999999999,0.064,0.06149999999999999,0.01583333333333333,0.411
87,67,2022-02-17,4,2,2021-2022,Mogi,Cerrado,1,0.36661000000000005,0.128,0.18100000000000002,0.05761000000000001,0.1909433333333333,0.05255666666666666,0.13838999999999999,0.08966666666666666,0.08216666666666667,1.1506666666666667,0.04266666666666667,0.14283333333333334,30.075333333333333,0.09050000000000001,0.17239000000000002,52.53733333333334,0.05761000000000001,0.08294333333333333,68.67266666666666,0.013610000000000002,0.034776666666666664,0.4606666666666667,0.010556666666666669,0.09527666666666666,0.11000000000000003,0.08216666666666667,0.015500000000000003,0.40299999999999997,0.3911666666666666,0.13399999999999998,0.20400000000000001,0.053166666666666675,0.20566666666666666,0.0645,0.1411666666666667,0.08083333333333333,0.066,1.2946666666666669,0.04466666666666666,0.15416666666666667,28.91666666666667,0.10200000000000001,0.20400000000000001,49.984666666666655,0.053166666666666675,0.07483333333333335,72.65799999999999,0.012833333333333337,0.03300000000000001,0.5266666666666667,0.017,0.09149999999999997,0.1873333333333333,0.066,0.013333333333333336,0.4285
102,87,2022-02-18,4,2,2021-2022,Bauru Basket,São Paulo,1,0.38699999999999996,0.15300000000000002,0.17866666666666667,0.05533333333333333,0.16933333333333328,0.03966666666666666,0.12966666666666665,0.08966666666666669,0.059000000000000004,1.582,0.05100000000000001,0.147,34.67333333333333,0.08933333333333333,0.168,53.31933333333335,0.05533333333333333,0.07899999999999999,69.954,0.007000000000000001,0.03466666666666667,0.602,0.009000000000000001,0.09133333333333332,0.10400000000000004,0.059000000000000004,0.009333333333333336,0.43233333333333335,0.417,0.16499999999999998,0.18133333333333332,0.07066666666666666,0.17233333333333334,0.032999999999999995,0.13933333333333336,0.0873333333333333,0.06083333333333332,1.5433333333333332,0.055000000000000014,0.14450000000000002,38.015333333333324,0.09066666666666666,0.158,57.16733333333334,0.07066666666666666,0.0955,73.65666666666668,0.010000000000000002,0.036000000000000004,0.6053333333333335,0.013000000000000001,0.08933333333333332,0.14666666666666664,0.06083333333333332,0.011833333333333336,0.4831666666666666
74,66,2022-02-18,4,2,2021-2022,Caxias do Sul Basquete,Fortaleza B. C. / CFO,1,0.36716666666666664,0.11900000000000001,0.19,0.05816666666666667,0.16216666666666668,0.03766666666666666,0.12450000000000001,0.08233333333333336,0.06333333333333332,1.3780000000000001,0.03966666666666667,0.12066666666666666,32.992,0.095,0.18933333333333335,50.380666666666656,0.05816666666666667,0.07966666666666668,72.35266666666666,0.007000000000000001,0.03416666666666667,0.5779999999999998,0.015333333333333336,0.09866666666666668,0.15666666666666665,0.06333333333333332,0.012000000000000004,0.401,0.38166666666666665,0.11300000000000002,0.20066999999999996,0.06799666666666668,0.19166333333333335,0.05067,0.14100333333333337,0.06833666666666667,0.06933333333333333,1.05,0.03766666666666666,0.12433666666666668,31.077333333333335,0.10032999999999999,0.20466999999999996,49.646,0.06799666666666668,0.10033666666666667,66.54133333333333,0.007663333333333334,0.030666666666666665,0.45266666666666666,0.01133,0.09833,0.11999999999999998,0.06933333333333333,0.014329999999999999,0.39099999999999996
70,74,2022-02-18,4,2,2021-2022,União Corinthians,UNIFACISA,0,0.3856666666666667,0.12200000000000001,0.19133333333333333,0.07233333333333333,0.19,0.056666666666666664,0.1333333333333333,0.07666666666666666,0.06333333333333334,1.3060000000000003,0.040666666666666657,0.13466666666666663,29.992,0.09566666666666666,0.2016666666666667,47.63133333333333,0.07233333333333333,0.10200000000000002,72.044,0.010000000000000002,0.04033333333333333,0.6606666666666666,0.011000000000000001,0.10033333333333336,0.11866666666666668,0.06333333333333334,0.010000000000000002,0.41066666666666674,0.40766666666666657,0.15799999999999997,0.19133333333333338,0.05833333333333334,0.1856666666666667,0.051666666666666666,0.13399999999999998,0.07566666666666665,0.053666666666666675,1.4500000000000004,0.05266666666666667,0.15099999999999997,34.14066666666667,0.09566666666666669,0.18100000000000002,53.43800000000001,0.05833333333333334,0.07866666666666666,73.64799999999998,0.007666666666666669,0.03766666666666667,0.7466666666666667,0.005666666666666668,0.09833333333333334,0.05733333333333335,0.053666666666666675,0.009,0.45466666666666666
65,81,2022-02-19,4,2,2021-2022,Corinthians,Sesi Franca,0,0.38833333333333336,0.16,0.174,0.054333333333333345,0.19733333333333333,0.06233333333333334,0.13499999999999998,0.08283333333333334,0.05916666666666668,1.4433333333333336,0.05333333333333333,0.16016666666666668,34.108,0.087,0.1695,51.65466666666667,0.054333333333333345,0.07133333333333332,77.28666666666668,0.006166666666666667,0.027333333333333334,0.48000000000000004,0.010666666666666668,0.09316666666666666,0.10933333333333334,0.05916666666666668,0.014166666666666668,0.44100000000000006,0.4555033333333333,0.17550000000000002,0.20566999999999994,0.07433333333333333,0.2011633333333333,0.049833333333333334,0.15133000000000005,0.08232999999999999,0.06416333333333334,1.3946666666666665,0.058499999999999996,0.15466999999999997,37.54400000000001,0.10282999999999998,0.16500333333333334,62.89599999999999,0.07433333333333333,0.09083666666666668,82.33866666666664,0.013170000000000003,0.027500000000000004,0.462,0.015330000000000003,0.07833333333333332,0.21466666666666664,0.06416333333333334,0.009336666666666667,0.5428366666666666
83,72,2022-02-19,4,2,2021-2022,Mogi,BRB/Brasília,1,0.36688666666666675,0.128,0.182,0.05688666666666666,0.1895533333333333,0.05278,0.13677999999999998,0.09166666666666666,0.08266666666666667,1.1700000000000002,0.042666666666666665,0.14233333333333334,30.176666666666666,0.091,0.17278000000000002,52.69133333333334,0.05688666666666666,0.08221999999999999,68.4893333333333,0.013220000000000003,0.03455333333333333,0.45399999999999996,0.010113333333333335,0.09355333333333334,0.10800000000000001,0.08266666666666667,0.015333333333333336,0.40333333333333343,0.3758366666666666,0.10800000000000001,0.1983366666666667,0.06949999999999999,0.21117000000000002,0.06333000000000001,0.14783,0.07433,0.07866666666666666,0.9813333333333334,0.03599666666666666,0.12200000000000003,29.125999999999998,0.09916333333333334,0.19516666666666668,50.772666666666666,0.06949999999999999,0.10333000000000002,66.158,0.0053300000000000005,0.02783,0.352,0.012503333333333337,0.09633000000000001,0.13066666666666665,0.07866666666666666,0.014003333333333333,0.4071666666666667
78,94,2022-02-19,4,2,2021-2022,Pato Basquete,Cerrado,0,0.37083333333333335,0.1645,0.15366666666666667,0.05266666666666668,0.17633333333333331,0.051666666666666666,0.12466666666666669,0.06433333333333334,0.06633333333333334,0.996,0.05483333333333333,0.14566666666666667,37.22066666666667,0.07683333333333334,0.17133333333333337,45.181333333333335,0.05266666666666668,0.07849999999999999,67.84133333333334,0.006500000000000001,0.03566666666666667,0.5346666666666666,0.010333333333333335,0.10149999999999998,0.10666666666666667,0.06633333333333334,0.015333333333333336,0.37999999999999995,0.39149999999999996,0.134,0.20266666666666663,0.05483333333333333,0.20416666666666664,0.06350000000000001,0.14066666666666666,0.08049999999999997,0.06566666666666668,1.2953333333333332,0.04466666666666666,0.15183333333333332,29.310666666666666,0.10133333333333332,0.2035,49.780666666666654,0.05483333333333333,0.0745,74.12799999999999,0.01216666666666667,0.03133333333333334,0.5026666666666667,0.01716666666666667,0.08966666666666664,0.192,0.06566666666666668,0.014333333333333335,0.42999999999999994
88,79,2022-02-20,4,2,2021-2022,Minas,Flamengo,1,0.43433333333333335,0.16499999999999998,0.2086666666666667,0.06066666666666666,0.19333333333333336,0.05000000000000002,0.14333333333333334,0.0898333333333333,0.06066666666666666,1.5439999999999998,0.055000000000000014,0.14816666666666664,37.010000000000005,0.10433333333333335,0.1745,59.74400000000001,0.06066666666666666,0.08783333333333335,69.29066666666668,0.01566666666666667,0.03833333333333334,0.6513333333333334,0.013000000000000003,0.08516666666666665,0.15266666666666667,0.06066666666666666,0.015333333333333336,0.5176666666666667,0.44933333333333336,0.19750000000000004,0.18866666666666668,0.06316666666666668,0.21166666666666664,0.05566666666666668,0.156,0.105,0.06933333333333332,1.6526666666666663,0.06583333333333333,0.1678333333333333,39.854000000000006,0.09433333333333334,0.15783333333333333,60.32533333333334,0.06316666666666668,0.08533333333333333,74.59666666666665,0.007666666666666668,0.030333333333333334,0.47400000000000003,0.012666666666666668,0.07683333333333332,0.17066666666666666,0.06933333333333332,0.011666666666666665,0.5519999999999999
86,78,2022-02-20,4,2,2021-2022,Paulistano,Rio Claro,1,0.39311,0.13333333333333333,0.1975566666666667,0.06222333333333334,0.18922333333333335,0.05277666666666668,0.13644333333333333,0.07389,0.06555666666666667,1.1753333333333336,0.04444333333333333,0.13422333333333333,33.162666666666674,0.09877666666666668,0.19789,50.06533333333334,0.06222333333333334,0.08333333333333333,74.01666666666667,0.006556666666666668,0.035223333333333336,0.5486666666666665,0.012333333333333337,0.10155666666666668,0.12533333333333335,0.06555666666666667,0.015889999999999998,0.42822333333333334,0.38633333333333325,0.10749999999999997,0.20400000000000001,0.07483333333333334,0.17516666666666666,0.053500000000000006,0.12166666666666663,0.07483333333333334,0.063,1.2446666666666666,0.035833333333333335,0.12650000000000003,28.252666666666663,0.10200000000000001,0.19050000000000003,53.58933333333333,0.07483333333333334,0.1,74.56333333333333,0.007833333333333335,0.03766666666666667,0.628,0.007666666666666665,0.11516666666666664,0.06933333333333333,0.063,0.015499999999999998,0.41433333333333333
60,79,2022-02-20,4,2,2021-2022,Caxias do Sul Basquete,UNIFACISA,0,0.36366666666666664,0.1165,0.18933333333333333,0.057833333333333334,0.16216666666666668,0.03849999999999999,0.12366666666666667,0.08233333333333336,0.06449999999999999,1.358,0.03883333333333334,0.12149999999999998,31.978666666666665,0.09466666666666666,0.18933333333333335,50.21399999999999,0.057833333333333334,0.07883333333333334,72.85999999999999,0.006333333333333333,0.03416666666666667,0.5680000000000001,0.015333333333333336,0.09933333333333334,0.1553333333333333,0.06449999999999999,0.011500000000000003,0.3948333333333333,0.4069999999999999,0.15799999999999997,0.19,0.05900000000000002,0.18350000000000002,0.0495,0.134,0.07316666666666667,0.05583333333333333,1.374666666666667,0.05266666666666666,0.14866666666666667,34.657333333333334,0.095,0.17750000000000005,54.19800000000001,0.05900000000000002,0.07933333333333331,73.86933333333333,0.007166666666666668,0.0385,0.7466666666666668,0.006000000000000001,0.09800000000000002,0.06200000000000001,0.05583333333333333,0.009333333333333332,0.4535
80,86,2022-02-20,4,2,2021-2022,União Corinthians,Fortaleza B. C. / CFO,0,0.38150000000000006,0.12050000000000001,0.1903333333333333,0.07066666666666666,0.18883333333333335,0.05566666666666666,0.13316666666666663,0.07566666666666667,0.06483333333333334,1.2546666666666668,0.04016666666666667,0.13349999999999998,29.942,0.09516666666666665,0.20033333333333334,47.72266666666666,0.07066666666666666,0.10033333333333334,71.28666666666666,0.010166666666666668,0.03966666666666666,0.6393333333333332,0.011500000000000003,0.1026666666666667,0.12000000000000001,0.06483333333333334,0.009666666666666667,0.4041666666666667,0.3785,0.11250000000000003,0.19766999999999996,0.06833,0.19216333333333335,0.05100333333333333,0.14117,0.06717,0.06949999999999999,1.0246666666666668,0.03749999999999999,0.12600333333333333,30.245333333333335,0.09882999999999999,0.2030033333333333,49.29466666666667,0.06833,0.10250333333333335,65.77733333333335,0.0069966666666666675,0.03166666666666666,0.4693333333333334,0.010663333333333332,0.09849666666666668,0.11266666666666665,0.06949999999999999,0.013996666666666666,0.3838333333333333
91,82,2022-03-02,5,2,2021-2022,UNIFACISA,Mogi,1,0.40633333333333327,0.158,0.18866666666666668,0.059666666666666666,0.18133333333333337,0.04733333333333334,0.134,0.07066666666666668,0.058,1.2993333333333335,0.05266666666666667,0.14633333333333332,35.174,0.09433333333333334,0.17400000000000002,54.958000000000006,0.059666666666666666,0.07999999999999999,74.09066666666668,0.006666666666666668,0.039333333333333324,0.7466666666666668,0.006333333333333333,0.09766666666666667,0.06666666666666668,0.058,0.009666666666666667,0.4523333333333335,0.36683000000000004,0.1285,0.18466666666666667,0.053663333333333334,0.19082999999999994,0.05267,0.13817,0.09250000000000001,0.08300000000000002,1.1746666666666667,0.04283333333333334,0.14266666666666666,30.22133333333333,0.09233333333333334,0.17450333333333337,52.92866666666667,0.053663333333333334,0.07849666666666666,68.27066666666664,0.013496666666666665,0.03349666666666666,0.436,0.010003333333333335,0.09399666666666667,0.106,0.08300000000000002,0.016000000000000004,0.4038333333333334
93,53,2022-03-02,5,2,2021-2022,São Paulo,Caxias do Sul Basquete,1,0.4203333333333334,0.168,0.17866666666666664,0.07366666666666664,0.1713333333333333,0.03233333333333334,0.13899999999999998,0.08699999999999998,0.05999999999999999,1.564,0.05600000000000001,0.1446666666666667,38.68666666666665,0.08933333333333332,0.15733333333333335,56.61133333333334,0.07366666666666664,0.09866666666666667,74.62266666666666,0.010333333333333335,0.03600000000000001,0.6126666666666668,0.013333333333333332,0.09099999999999998,0.14666666666666664,0.05999999999999999,0.011333333333333334,0.48633333333333334,0.36299999999999993,0.11699999999999998,0.18866666666666668,0.05733333333333333,0.163,0.03733333333333333,0.12566666666666668,0.08233333333333337,0.06699999999999999,1.2933333333333334,0.03900000000000001,0.11766666666666666,32.68,0.09433333333333334,0.1906666666666667,49.67666666666666,0.05733333333333333,0.07833333333333335,72.72599999999998,0.005999999999999999,0.03266666666666666,0.5000000000000001,0.016333333333333335,0.09933333333333333,0.16466666666666666,0.06699999999999999,0.012000000000000004,0.39433333333333326
69,63,2022-03-02,5,2,2021-2022,Flamengo,Cerrado,1,0.4396666666666667,0.19549999999999998,0.18100000000000002,0.06316666666666666,0.20816666666666664,0.054333333333333345,0.15383333333333335,0.101,0.06816666666666667,1.622666666666667,0.06516666666666665,0.1688333333333333,39.30733333333333,0.09050000000000001,0.15499999999999997,58.634,0.06316666666666666,0.08333333333333333,76.31066666666666,0.007333333333333334,0.02933333333333333,0.46799999999999997,0.013166666666666667,0.07699999999999999,0.17666666666666667,0.06816666666666667,0.012,0.5348333333333334,0.38949999999999996,0.13249999999999998,0.19966666666666663,0.05733333333333334,0.20366666666666663,0.06316666666666666,0.14049999999999999,0.07816666666666666,0.06600000000000002,1.2466666666666664,0.04416666666666667,0.15283333333333332,28.622,0.09983333333333332,0.2006666666666667,49.69933333333332,0.05733333333333334,0.07749999999999999,74.092,0.011500000000000003,0.030500000000000003,0.4853333333333334,0.01666666666666667,0.08949999999999998,0.18666666666666668,0.06600000000000002,0.013500000000000005,0.42283333333333323
78,84,2022-03-02,5,2,2021-2022,Fortaleza B. C. / CFO,Pato Basquete,0,0.37533333333333335,0.11200000000000002,0.19466999999999995,0.06866333333333334,0.19266333333333338,0.05133666666666667,0.14133666666666667,0.06600333333333333,0.06966666666666667,0.9993333333333335,0.03733333333333333,0.12767,29.413333333333338,0.09732999999999999,0.20133666666666666,48.94333333333334,0.06866333333333334,0.10467,65.01333333333334,0.0063300000000000006,0.03266666666666666,0.486,0.009996666666666666,0.09866333333333334,0.1053333333333333,0.06966666666666667,0.013663333333333335,0.3766666666666667,0.3741666666666667,0.1665,0.154,0.053666666666666675,0.1748333333333333,0.052166666666666674,0.12266666666666669,0.06516666666666666,0.065,1.0279999999999998,0.055499999999999994,0.14550000000000002,37.73666666666667,0.077,0.17316666666666666,44.77333333333334,0.053666666666666675,0.07833333333333332,69.25266666666667,0.006666666666666667,0.03516666666666668,0.5393333333333333,0.009666666666666667,0.10349999999999998,0.09933333333333334,0.065,0.015500000000000007,0.38316666666666666
98,89,2022-03-03,5,2,2021-2022,Sesi Franca,Minas,1,0.45633666666666667,0.17600000000000002,0.20666999999999996,0.07366666666666667,0.20266333333333333,0.050666666666666665,0.1519966666666667,0.08332999999999999,0.061329999999999996,1.5446666666666666,0.05866666666666666,0.15700333333333336,37.028000000000006,0.10332999999999999,0.16666999999999998,62.658,0.07366666666666667,0.08933666666666668,83.10733333333333,0.013336666666666667,0.027666666666666676,0.5046666666666667,0.014663333333333339,0.07733333333333335,0.20666666666666664,0.061329999999999996,0.009336666666666667,0.5460033333333333,0.43900000000000006,0.16749999999999998,0.21000000000000002,0.06149999999999999,0.19683333333333333,0.05150000000000001,0.14533333333333331,0.09083333333333331,0.061333333333333344,1.5439999999999998,0.055833333333333325,0.14849999999999997,37.47866666666666,0.10500000000000001,0.17583333333333334,59.65933333333332,0.06149999999999999,0.08749999999999998,70.63933333333334,0.015000000000000003,0.03666666666666666,0.6186666666666666,0.013166666666666667,0.086,0.15266666666666667,0.061333333333333344,0.014666666666666666,0.5256666666666666
53,65,2022-03-04,5,2,2021-2022,Paulistano,Bauru Basket,0,0.39172,0.12866666666666668,0.19978000000000004,0.06328000000000002,0.1884466666666667,0.05272,0.13572,0.07411333333333331,0.06561333333333334,1.1780000000000002,0.04288666666666666,0.13144666666666668,32.72066666666667,0.09988666666666667,0.2009466666666667,49.81733333333334,0.06328000000000002,0.08466666666666667,73.99133333333334,0.006280000000000002,0.03594666666666667,0.5619999999999999,0.011833333333333336,0.10244666666666667,0.11933333333333336,0.06561333333333334,0.015780000000000002,0.4254466666666667,0.3966666666666666,0.155,0.18133333333333335,0.060333333333333336,0.1663333333333333,0.03933333333333333,0.12700000000000003,0.08966666666666666,0.056666666666666664,1.6453333333333333,0.05166666666666667,0.14566666666666667,35.40533333333334,0.09066666666666667,0.1693333333333333,53.67,0.060333333333333336,0.08399999999999999,71.00266666666667,0.007333333333333333,0.03433333333333334,0.6173333333333332,0.008666666666666666,0.09366666666666669,0.09733333333333336,0.056666666666666664,0.009666666666666667,0.4426666666666667
87,78,2022-03-04,5,2,2021-2022,UNIFACISA,Pato Basquete,1,0.40850000000000003,0.16150000000000003,0.18633333333333332,0.06066666666666667,0.1816666666666667,0.047166666666666676,0.13450000000000004,0.07050000000000001,0.059000000000000004,1.2773333333333334,0.05383333333333332,0.146,35.937333333333335,0.09316666666666666,0.17516666666666666,53.86800000000001,0.06066666666666667,0.08033333333333334,75.31933333333333,0.006666666666666667,0.039666666666666656,0.7413333333333334,0.007833333333333333,0.09833333333333334,0.08066666666666668,0.059000000000000004,0.009666666666666667,0.4553333333333334,0.3786666666666667,0.16699999999999998,0.15699999999999997,0.05466666666666668,0.17566666666666667,0.05300000000000001,0.12266666666666669,0.0665,0.06483333333333334,1.0479999999999998,0.05566666666666666,0.14550000000000002,37.854000000000006,0.07849999999999999,0.17483333333333337,45.156666666666666,0.05466666666666668,0.07866666666666666,70.20866666666666,0.007,0.03533333333333334,0.5426666666666666,0.009500000000000001,0.10516666666666666,0.09666666666666668,0.06483333333333334,0.01533333333333334,0.3906666666666666
98,71,2022-03-04,5,2,2021-2022,São Paulo,União Corinthians,1,0.4280000000000001,0.17049999999999998,0.18066666666666667,0.07683333333333334,0.17516666666666664,0.0335,0.14166666666666666,0.09016666666666664,0.057499999999999996,1.68,0.05683333333333334,0.1461666666666667,38.96266666666666,0.09033333333333333,0.15733333333333335,57.19133333333335,0.07683333333333334,0.10233333333333335,75.15799999999999,0.010666666666666668,0.035,0.6253333333333334,0.013499999999999996,0.09116666666666666,0.14800000000000002,0.057499999999999996,0.010333333333333335,0.5025,0.3773333333333334,0.11900000000000001,0.1893333333333333,0.06899999999999999,0.1876666666666667,0.05466666666666666,0.13299999999999998,0.07466666666666666,0.06633333333333334,1.2033333333333334,0.03966666666666667,0.13233333333333333,29.892000000000007,0.09466666666666665,0.19899999999999998,47.814,0.06899999999999999,0.09866666666666667,70.52933333333334,0.010333333333333335,0.03900000000000001,0.6179999999999999,0.012000000000000004,0.10500000000000001,0.12133333333333333,0.06633333333333334,0.009333333333333334,0.3976666666666666
82,75,2022-03-04,5,2,2021-2022,Fortaleza B. C. / CFO,Mogi,1,0.37833333333333335,0.1135,0.19633666666666666,0.06849666666666666,0.19316333333333333,0.05333666666666667,0.13983666666666666,0.06583666666666667,0.06816666666666667,1.0133333333333334,0.03783333333333334,0.12783666666666665,29.798666666666673,0.09816333333333332,0.20450333333333331,48.510000000000005,0.06849666666666666,0.10483666666666666,64.76266666666668,0.0063300000000000006,0.033999999999999996,0.5173333333333334,0.010663333333333332,0.09816333333333334,0.11199999999999997,0.06816666666666667,0.013663333333333333,0.38116666666666676,0.36616333333333334,0.1285,0.18666666666666668,0.05099666666666667,0.19083,0.05217,0.13866999999999996,0.09233333333333334,0.0855,1.1366666666666667,0.04283333333333334,0.14150000000000001,30.509999999999994,0.09333333333333334,0.17467000000000002,53.466666666666676,0.05099666666666667,0.07616333333333333,67.46533333333332,0.014163333333333333,0.032663333333333336,0.412,0.010836666666666668,0.09333,0.11666666666666665,0.0855,0.01616666666666667,0.40216666666666673
90,85,2022-03-05,5,2,2021-2022,Sesi Franca,Flamengo,1,0.45833666666666667,0.177,0.20500333333333334,0.07633333333333334,0.20183000000000004,0.052333333333333336,0.1494966666666667,0.08199666666666666,0.060496666666666664,1.5446666666666666,0.05899999999999998,0.15750333333333336,37.11600000000001,0.10249666666666668,0.16666999999999998,62.111999999999995,0.07633333333333334,0.09250333333333334,83.44266666666665,0.013503333333333334,0.02733333333333334,0.5046666666666667,0.014663333333333339,0.07850000000000001,0.2053333333333333,0.060496666666666664,0.009170000000000001,0.5448366666666666,0.438,0.19600000000000004,0.18233333333333335,0.059666666666666666,0.20850000000000002,0.05316666666666669,0.15533333333333335,0.10200000000000001,0.06583333333333334,1.6873333333333336,0.06533333333333333,0.17099999999999999,38.92733333333333,0.09116666666666667,0.15533333333333335,58.93066666666667,0.059666666666666666,0.07933333333333334,75.60266666666666,0.007333333333333334,0.02866666666666667,0.4720000000000001,0.013500000000000002,0.07716666666666668,0.17933333333333332,0.06583333333333334,0.011333333333333336,0.5353333333333334
75,78,2022-03-05,5,2,2021-2022,Rio Claro,Minas,0,0.38766666666666655,0.10749999999999998,0.20299999999999999,0.07716666666666668,0.17816666666666664,0.05500000000000001,0.12316666666666665,0.07316666666666667,0.06483333333333333,1.1813333333333333,0.035833333333333335,0.12633333333333335,28.321333333333328,0.10149999999999999,0.19200000000000003,53.00733333333333,0.07716666666666668,0.10400000000000001,74.27000000000001,0.0075000000000000015,0.037000000000000005,0.6026666666666667,0.008333333333333333,0.11683333333333332,0.07466666666666667,0.06483333333333333,0.016499999999999997,0.41166666666666657,0.43950000000000006,0.16749999999999998,0.2073333333333334,0.06466666666666668,0.1956666666666667,0.05200000000000002,0.1436666666666667,0.08933333333333332,0.06100000000000001,1.5259999999999998,0.055833333333333325,0.14783333333333334,37.65133333333333,0.1036666666666667,0.17433333333333334,59.36600000000001,0.06466666666666668,0.08966666666666664,72.194,0.014500000000000006,0.034666666666666665,0.5873333333333333,0.012333333333333332,0.08716666666666666,0.142,0.06100000000000001,0.013833333333333335,0.5228333333333334
60,65,2022-03-06,5,2,2021-2022,Pinheiros,Bauru Basket,0,0.40833333333333327,0.14900000000000002,0.19733333333333333,0.062000000000000006,0.2063333333333333,0.06933333333333333,0.13699999999999998,0.08033333333333334,0.07299999999999998,1.140666666666667,0.049666666666666665,0.1456666666666667,33.734666666666676,0.09866666666666667,0.19933333333333333,49.84666666666667,0.062000000000000006,0.09,67.97533333333334,0.009000000000000001,0.03866666666666666,0.5213333333333332,0.01366666666666667,0.08366666666666668,0.166,0.07299999999999998,0.015000000000000003,0.44966666666666666,0.38816666666666666,0.154,0.177,0.05716666666666667,0.1655,0.03883333333333334,0.12666666666666668,0.08749999999999997,0.05683333333333333,1.608,0.05133333333333334,0.14616666666666667,35.044000000000004,0.0885,0.16799999999999998,52.78133333333334,0.05716666666666667,0.08000000000000002,70.738,0.007166666666666667,0.03500000000000001,0.6259999999999999,0.008166666666666668,0.093,0.09200000000000003,0.05683333333333333,0.0105,0.4303333333333334
86,80,2022-03-06,5,2,2021-2022,Cerrado,Corinthians,1,0.3855,0.13099999999999998,0.1993333333333333,0.05516666666666667,0.20266666666666663,0.06116666666666667,0.14150000000000001,0.07649999999999998,0.06583333333333335,1.2213333333333332,0.043666666666666666,0.15350000000000003,28.008,0.09966666666666665,0.19783333333333336,50.26066666666666,0.05516666666666667,0.07583333333333335,72.78333333333333,0.011666666666666669,0.029500000000000005,0.4680000000000001,0.016000000000000004,0.0895,0.1786666666666667,0.06583333333333335,0.01266666666666667,0.4156666666666666,0.3903333333333333,0.158,0.17866666666666664,0.053666666666666675,0.20166666666666666,0.06366666666666668,0.13799999999999998,0.08400000000000002,0.058333333333333334,1.4673333333333334,0.052666666666666674,0.15966666666666668,33.76133333333333,0.08933333333333332,0.17466666666666664,51.466,0.053666666666666675,0.07066666666666667,77.12000000000002,0.006,0.026333333333333334,0.4706666666666667,0.010333333333333335,0.09366666666666665,0.10400000000000002,0.058333333333333334,0.013666666666666667,0.4450000000000002
79,99,2022-03-07,6,2,2021-2022,Rio Claro,Flamengo,0,0.38799999999999996,0.11099999999999997,0.20133333333333336,0.07566666666666667,0.1786666666666666,0.057,0.12166666666666663,0.07200000000000002,0.06466666666666666,1.1640000000000001,0.037,0.13066666666666668,28.06466666666666,0.10066666666666668,0.18900000000000003,53.51533333333334,0.07566666666666667,0.10333333333333332,72.52400000000002,0.007666666666666669,0.03666666666666667,0.5986666666666666,0.008,0.11699999999999998,0.07133333333333332,0.06466666666666666,0.016666666666666666,0.40899999999999986,0.43633333333333335,0.1965,0.1836666666666667,0.05616666666666666,0.20883333333333334,0.05200000000000002,0.15683333333333332,0.10300000000000001,0.0635,1.752,0.06549999999999999,0.17316666666666666,38.547333333333334,0.09183333333333335,0.15566666666666668,59.22733333333334,0.05616666666666666,0.07533333333333334,74.89466666666667,0.007333333333333334,0.028000000000000004,0.47600000000000003,0.013833333333333333,0.07733333333333334,0.182,0.0635,0.010666666666666668,0.5358333333333334
80,71,2022-03-07,6,2,2021-2022,São Paulo,Paulistano,1,0.4356666666666668,0.173,0.18266666666666667,0.08000000000000002,0.17899999999999994,0.034666666666666665,0.14433333333333334,0.09333333333333331,0.055,1.7959999999999998,0.057666666666666665,0.14766666666666672,39.23866666666665,0.09133333333333334,0.15733333333333333,57.771333333333345,0.08000000000000002,0.10600000000000001,75.69333333333334,0.011000000000000003,0.034,0.6380000000000001,0.013666666666666667,0.09133333333333332,0.14933333333333335,0.055,0.009333333333333334,0.5186666666666666,0.38321999999999995,0.12366666666666666,0.19644666666666669,0.06311333333333334,0.19178000000000003,0.05422000000000001,0.13755333333333333,0.07311333333333334,0.06911333333333335,1.1273333333333333,0.04122000000000001,0.13044666666666668,31.852,0.09821999999999999,0.19977999999999999,49.036000000000016,0.06311333333333334,0.085,73.36866666666667,0.006113333333333335,0.03444666666666667,0.5239999999999999,0.011333333333333336,0.1004466666666667,0.1166666666666667,0.06911333333333335,0.015113333333333335,0.41211333333333333
89,91,2022-03-08,6,2,2021-2022,BRB/Brasília,Corinthians,0,0.3768366666666666,0.1105,0.19600333333333336,0.07033333333333333,0.21000333333333335,0.06416333333333334,0.14583,0.07282999999999999,0.07933333333333333,0.954,0.03683,0.12350000000000001,29.529333333333337,0.09799666666666669,0.19366666666666674,50.580000000000005,0.07033333333333333,0.1039966666666667,66.52133333333335,0.005496666666666667,0.02883,0.36200000000000004,0.011336666666666669,0.09599666666666667,0.11933333333333335,0.07933333333333333,0.014169999999999999,0.40449999999999997,0.39166666666666666,0.1625,0.178,0.051166666666666666,0.20366666666666663,0.06483333333333334,0.13883333333333334,0.085,0.05783333333333333,1.512,0.054166666666666675,0.1585,34.76733333333333,0.089,0.17733333333333334,50.49066666666667,0.051166666666666666,0.06833333333333333,75.92933333333333,0.006333333333333333,0.026333333333333337,0.4760000000000001,0.010833333333333334,0.09299999999999999,0.11133333333333335,0.05783333333333333,0.013666666666666667,0.4498333333333335
74,66,2022-03-09,6,2,2021-2022,Minas,Cerrado,1,0.4386666666666668,0.167,0.20400000000000007,0.06766666666666667,0.19183333333333336,0.05050000000000002,0.14133333333333334,0.08883333333333333,0.06166666666666668,1.4959999999999998,0.05566666666666666,0.14750000000000002,37.62333333333333,0.10200000000000004,0.1711666666666667,59.44200000000001,0.06766666666666667,0.09216666666666665,73.25999999999999,0.014333333333333339,0.03416666666666667,0.5693333333333331,0.011666666666666665,0.08833333333333333,0.13333333333333333,0.06166666666666668,0.013666666666666669,0.518,0.38433333333333325,0.12699999999999997,0.20199999999999999,0.05533333333333333,0.2043333333333333,0.06033333333333333,0.14400000000000002,0.07466666666666666,0.06566666666666668,1.1926666666666665,0.04233333333333334,0.151,27.62066666666667,0.10099999999999999,0.199,50.621999999999986,0.05533333333333333,0.07583333333333335,73.07333333333332,0.011666666666666669,0.029333333333333336,0.466,0.015500000000000007,0.0885,0.1746666666666667,0.06566666666666668,0.01316666666666667,0.41533333333333317
94,88,2022-03-10,6,2,2021-2022,Paulistano,Fortaleza B. C. / CFO,1,0.38410999999999995,0.12800000000000003,0.19266999999999998,0.06344666666666667,0.19022333333333336,0.053219999999999996,0.13699666666666666,0.07272333333333333,0.07017000000000001,1.097333333333333,0.04266333333333334,0.13094666666666666,32.748000000000005,0.09632999999999997,0.19611333333333336,48.92333333333333,0.06344666666666667,0.08511,73.66266666666667,0.006336666666666668,0.03483666666666667,0.522,0.011500000000000003,0.10128000000000002,0.11733333333333337,0.07017000000000001,0.01528,0.4135033333333334,0.38133333333333336,0.115,0.19800333333333334,0.06833,0.19366333333333335,0.055336666666666666,0.13833666666666666,0.06566999999999999,0.06666666666666667,1.0273333333333334,0.03833333333333333,0.12800333333333333,30.184000000000008,0.09899666666666666,0.20767,48.076666666666675,0.06833,0.10500333333333332,64.51199999999999,0.006330000000000002,0.03533333333333333,0.5486666666666667,0.01133,0.09766333333333334,0.11866666666666666,0.06666666666666667,0.013663333333333333,0.3856666666666667
78,102,2022-03-10,6,2,2021-2022,Rio Claro,Sesi Franca,0,0.3929999999999999,0.11499999999999998,0.201,0.077,0.17833333333333332,0.05616666666666668,0.12216666666666667,0.071,0.06333333333333332,1.1753333333333333,0.03833333333333333,0.13016666666666668,29.24933333333333,0.1005,0.18916666666666668,53.394000000000005,0.077,0.10350000000000001,74.014,0.007333333333333335,0.035666666666666666,0.5920000000000001,0.007500000000000001,0.11483333333333332,0.068,0.06333333333333332,0.0165,0.41516666666666663,0.46033666666666667,0.17799999999999996,0.2033366666666667,0.07900000000000001,0.20099666666666668,0.054000000000000006,0.1469966666666667,0.08066333333333332,0.05966333333333333,1.5446666666666666,0.05933333333333333,0.15800333333333333,37.204,0.10166333333333337,0.16666999999999998,61.566,0.07900000000000001,0.09566999999999999,83.778,0.01367,0.02700000000000001,0.5046666666666666,0.014663333333333339,0.07966666666666668,0.204,0.05966333333333333,0.009003333333333335,0.5436700000000001
95,82,2022-03-11,6,2,2021-2022,Minas,BRB/Brasília,1,0.4381666666666668,0.1635,0.20633333333333337,0.06833333333333333,0.19050000000000006,0.049000000000000016,0.14150000000000004,0.09000000000000001,0.06316666666666668,1.4753333333333332,0.0545,0.14583333333333337,37.17733333333333,0.10316666666666668,0.17083333333333336,60.18333333333332,0.06833333333333333,0.09216666666666666,74.12000000000002,0.01516666666666667,0.03333333333333334,0.5413333333333333,0.011333333333333334,0.08850000000000001,0.12866666666666665,0.06316666666666668,0.013500000000000003,0.5173333333333334,0.38183666666666666,0.1145,0.1953366666666667,0.07200000000000001,0.20617,0.06466333333333334,0.14149666666666666,0.07183,0.079,0.9453333333333334,0.038163333333333334,0.12416666666666669,30.584666666666667,0.09766333333333335,0.19216666666666668,50.85666666666667,0.07200000000000001,0.10633000000000002,66.63266666666667,0.005663333333333335,0.029830000000000002,0.37733333333333335,0.010003333333333335,0.09699666666666666,0.10533333333333333,0.079,0.014836666666666665,0.4058333333333333
79,70,2022-03-11,6,2,2021-2022,Pato Basquete,Mogi,1,0.3776666666666667,0.16349999999999998,0.15866666666666665,0.055500000000000015,0.17249999999999996,0.05333333333333335,0.1191666666666667,0.06616666666666668,0.06500000000000002,1.0406666666666664,0.05450000000000001,0.14566666666666667,36.97933333333334,0.07933333333333333,0.1753333333333333,45.48533333333333,0.055500000000000015,0.07966666666666668,70.39066666666666,0.007000000000000001,0.036000000000000004,0.5506666666666666,0.009500000000000003,0.10616666666666666,0.09600000000000003,0.06500000000000002,0.015500000000000007,0.3854999999999999,0.36833000000000005,0.129,0.186,0.053329999999999995,0.18999666666666665,0.05100333333333333,0.13900333333333328,0.09266666666666666,0.08533333333333334,1.1413333333333333,0.043,0.13933333333333336,31.101999999999997,0.093,0.17533666666666667,53.01266666666667,0.053329999999999995,0.07966333333333334,67.14999999999999,0.014663333333333332,0.03333,0.41866666666666663,0.012003333333333335,0.09232999999999998,0.13133333333333333,0.08533333333333334,0.015666666666666672,0.40599999999999997
81,65,2022-03-12,6,2,2021-2022,Corinthians,Fortaleza B. C. / CFO,1,0.39499999999999996,0.16400000000000003,0.17733333333333332,0.05366666666666666,0.20483333333333334,0.06533333333333334,0.13949999999999999,0.08516666666666665,0.060000000000000005,1.4713333333333334,0.05466666666666667,0.15483333333333332,35.80266666666667,0.08866666666666666,0.17783333333333334,50.091333333333324,0.05366666666666666,0.07316666666666667,74.65533333333335,0.006,0.02733333333333334,0.4773333333333334,0.0115,0.09499999999999999,0.1146666666666667,0.060000000000000005,0.013500000000000003,0.455,0.3818333333333334,0.11400000000000002,0.19866999999999996,0.06916333333333333,0.1916633333333334,0.05633666666666667,0.1353366666666667,0.06917,0.06699999999999999,1.0700000000000003,0.038,0.12733666666666665,30.058666666666678,0.09932999999999999,0.20900333333333332,47.92066666666666,0.06916333333333333,0.10717,64.11733333333333,0.006663333333333336,0.036833333333333336,0.5673333333333334,0.011163333333333336,0.09699666666666666,0.11799999999999998,0.06699999999999999,0.014496666666666665,0.3866666666666667
80,87,2022-03-12,6,2,2021-2022,Caxias do Sul Basquete,Pinheiros,0,0.3539999999999999,0.11149999999999997,0.186,0.05650000000000001,0.16550000000000004,0.03916666666666666,0.12633333333333333,0.08133333333333335,0.06866666666666667,1.2446666666666668,0.03716666666666667,0.11749999999999998,31.414666666666673,0.093,0.18983333333333338,49.08466666666667,0.05650000000000001,0.07983333333333335,70.838,0.006166666666666666,0.0325,0.48133333333333345,0.016000000000000004,0.09866666666666668,0.162,0.06866666666666667,0.013166666666666669,0.3801666666666666,0.4011666666666666,0.141,0.19966666666666663,0.060500000000000005,0.2076666666666666,0.071,0.13666666666666666,0.07966666666666668,0.07116666666666666,1.1553333333333338,0.047,0.14633333333333334,31.866000000000003,0.09983333333333332,0.201,50.00533333333333,0.060500000000000005,0.08883333333333332,67.18133333333336,0.0085,0.036833333333333336,0.5039999999999999,0.013000000000000005,0.08266666666666667,0.1593333333333333,0.07116666666666666,0.013833333333333335,0.4383333333333334
83,64,2022-03-12,6,2,2021-2022,Paulistano,UNIFACISA,1,0.385,0.13233333333333336,0.1888933333333333,0.06378,0.1886666666666667,0.052219999999999996,0.13643999999999998,0.07233333333333333,0.07122666666666667,1.0673333333333332,0.04410666666666666,0.13144666666666666,33.644,0.09443999999999998,0.19244666666666668,48.81066666666667,0.06378,0.08521999999999999,73.95666666666666,0.006560000000000001,0.03522666666666666,0.52,0.011666666666666665,0.10211333333333336,0.11800000000000004,0.07122666666666667,0.015446666666666668,0.41489333333333334,0.41066666666666674,0.16500000000000004,0.184,0.06166666666666667,0.18200000000000002,0.04700000000000001,0.13499999999999998,0.07033333333333333,0.060000000000000005,1.2553333333333334,0.055,0.14566666666666667,36.70066666666666,0.092,0.17633333333333334,52.778,0.06166666666666667,0.08066666666666666,76.54799999999999,0.006666666666666667,0.039999999999999994,0.7360000000000002,0.009333333333333332,0.099,0.09466666666666668,0.060000000000000005,0.009666666666666667,0.4583333333333333
77,82,2022-03-12,6,2,2021-2022,União Corinthians,Bauru Basket,0,0.37733333333333335,0.116,0.1933333333333333,0.068,0.18433333333333338,0.05566666666666666,0.12866666666666665,0.07866666666666666,0.061000000000000006,1.3426666666666667,0.03866666666666667,0.13333333333333333,29.094666666666672,0.09666666666666665,0.204,47.415333333333336,0.068,0.097,70.69,0.010333333333333335,0.03866666666666667,0.6546666666666667,0.011000000000000003,0.10700000000000001,0.10800000000000001,0.061000000000000006,0.008333333333333333,0.3979999999999999,0.3796666666666667,0.153,0.17266666666666666,0.054000000000000006,0.16466666666666668,0.03833333333333333,0.12633333333333333,0.08533333333333333,0.057,1.5706666666666669,0.05100000000000001,0.14666666666666664,34.68266666666667,0.08633333333333333,0.16666666666666663,51.89266666666667,0.054000000000000006,0.07600000000000001,70.47333333333334,0.007,0.03566666666666667,0.6346666666666666,0.007666666666666667,0.09233333333333335,0.08666666666666668,0.057,0.011333333333333334,0.41800000000000004
69,70,2022-03-14,7,2,2021-2022,Corinthians,UNIFACISA,0,0.4016666666666666,0.16800000000000004,0.17666666666666667,0.05699999999999999,0.20500000000000002,0.06400000000000002,0.14100000000000001,0.088,0.06266666666666666,1.4773333333333334,0.05600000000000001,0.154,36.889333333333326,0.08833333333333333,0.17899999999999996,49.41933333333332,0.05699999999999999,0.07533333333333334,76.30400000000002,0.006,0.028666666666666677,0.48133333333333345,0.013,0.09899999999999999,0.12733333333333335,0.06266666666666666,0.013666666666666669,0.4666666666666668,0.4080000000000001,0.17000000000000004,0.17933333333333332,0.058666666666666666,0.18200000000000002,0.046333333333333344,0.13566666666666669,0.07066666666666666,0.06133333333333333,1.2439999999999998,0.056666666666666664,0.147,37.702666666666666,0.08966666666666666,0.1733333333333333,52.27266666666666,0.058666666666666666,0.077,76.83399999999999,0.007000000000000001,0.03866666666666666,0.7040000000000001,0.01,0.1,0.10133333333333334,0.06133333333333333,0.011333333333333334,0.45566666666666666
60,66,2022-03-14,7,2,2021-2022,Caxias do Sul Basquete,Bauru Basket,0,0.354,0.11499999999999999,0.18400000000000002,0.055000000000000014,0.16566666666666668,0.04,0.12566666666666668,0.08166666666666668,0.071,1.2046666666666668,0.03833333333333333,0.11766666666666667,32.17733333333334,0.09200000000000001,0.18800000000000003,48.98133333333333,0.055000000000000014,0.07966666666666668,69.33666666666666,0.006,0.03233333333333334,0.45866666666666667,0.015333333333333336,0.09866666666666668,0.156,0.071,0.014000000000000002,0.37799999999999995,0.3893333333333333,0.162,0.17200000000000001,0.05533333333333334,0.168,0.03966666666666666,0.12833333333333333,0.08566666666666665,0.05466666666666667,1.6179999999999999,0.054000000000000006,0.15333333333333332,35.24533333333333,0.08600000000000001,0.16466666666666663,52.29666666666667,0.05533333333333334,0.07533333333333332,72.41333333333336,0.007,0.03500000000000001,0.6493333333333333,0.007,0.09266666666666667,0.07933333333333334,0.05466666666666667,0.011333333333333336,0.4323333333333334
83,87,2022-03-14,7,2,2021-2022,União Corinthians,Pinheiros,0,0.38083333333333336,0.11699999999999999,0.19566666666666663,0.06816666666666667,0.18800000000000003,0.057333333333333326,0.13066666666666665,0.07783333333333332,0.05966666666666667,1.3526666666666667,0.03900000000000001,0.13449999999999998,29.118666666666673,0.09783333333333331,0.20466666666666666,47.86599999999999,0.06816666666666667,0.09816666666666667,69.81866666666666,0.010000000000000004,0.03816666666666667,0.656,0.011000000000000003,0.10783333333333335,0.10800000000000001,0.05966666666666667,0.008166666666666668,0.40383333333333327,0.4029999999999999,0.137,0.20400000000000001,0.062000000000000006,0.20233333333333328,0.06833333333333333,0.13399999999999998,0.08033333333333334,0.07033333333333333,1.1733333333333333,0.04566666666666667,0.14233333333333334,31.920000000000005,0.10200000000000001,0.20166666666666666,50.94533333333334,0.062000000000000006,0.091,67.15733333333334,0.008333333333333333,0.037333333333333336,0.5153333333333332,0.013333333333333336,0.08333333333333333,0.16133333333333333,0.07033333333333333,0.012000000000000002,0.4406666666666667
87,77,2022-03-15,7,2,2021-2022,Paulistano,Sesi Franca,1,0.38655666666666666,0.13466666666666668,0.18678333333333333,0.06511333333333333,0.18561,0.05188666666666667,0.13371666666666665,0.07244333333333335,0.07045,1.0793333333333335,0.04488333333333334,0.13144666666666666,34.18066666666667,0.09338333333333332,0.1909466666666667,48.620666666666665,0.06511333333333333,0.08632999999999998,74.67066666666666,0.0072833333333333335,0.03495,0.5213333333333333,0.011833333333333333,0.1029466666666667,0.11866666666666671,0.07045,0.014946666666666667,0.4156166666666667,0.46567000000000003,0.17699999999999996,0.21200333333333338,0.07666666666666667,0.19833,0.051,0.14733000000000004,0.08166333333333334,0.056330000000000005,1.696,0.05899999999999999,0.15633666666666665,37.36133333333334,0.10599666666666668,0.1700033333333333,62.788,0.07666666666666667,0.09466999999999999,82.42866666666667,0.01367,0.02900000000000001,0.5846666666666667,0.013996666666666673,0.081,0.19599999999999998,0.056330000000000005,0.007670000000000001,0.5530033333333333
73,90,2022-03-16,7,2,2021-2022,Mogi,São Paulo,0,0.36816333333333334,0.133,0.18200000000000002,0.053163333333333326,0.1921633333333333,0.05083666666666667,0.14133666666666664,0.09266666666666666,0.08733333333333335,1.1126666666666667,0.044333333333333336,0.1411666666666667,31.63733333333333,0.09100000000000001,0.1733366666666667,52.42,0.053163333333333326,0.07983,66.74466666666666,0.01433,0.032163333333333335,0.394,0.011836666666666665,0.09299666666666666,0.12866666666666668,0.08733333333333335,0.014666666666666672,0.40383333333333327,0.4336666666666667,0.16999999999999998,0.18133333333333335,0.08233333333333334,0.18299999999999997,0.037166666666666674,0.14583333333333334,0.09066666666666666,0.05616666666666667,1.711333333333333,0.056666666666666664,0.14700000000000005,38.73866666666666,0.09066666666666667,0.1575,57.27400000000001,0.08233333333333334,0.10916666666666668,75.454,0.010833333333333335,0.0345,0.634,0.013500000000000002,0.09266666666666665,0.146,0.05616666666666667,0.009333333333333334,0.5151666666666667
73,70,2022-03-18,4,2,2021-2022,Flamengo,Paulistano,1,0.43633333333333335,0.19950000000000004,0.17833333333333334,0.058499999999999996,0.20850000000000002,0.05300000000000001,0.15550000000000003,0.10200000000000002,0.06250000000000001,1.7686666666666668,0.06649999999999999,0.17883333333333334,37.39066666666666,0.08916666666666667,0.15133333333333338,59.25,0.058499999999999996,0.07833333333333334,75.13266666666665,0.008,0.02800000000000001,0.4833333333333334,0.014833333333333332,0.07966666666666668,0.19133333333333333,0.06250000000000001,0.009333333333333334,0.5328333333333333,0.38955666666666666,0.13066666666666668,0.1917833333333333,0.06711333333333333,0.18311000000000002,0.051220000000000016,0.13188333333333332,0.07477666666666669,0.06845,1.1633333333333333,0.04355,0.12977999999999998,33.54866666666667,0.09588333333333332,0.19011333333333333,50.10333333333333,0.06711333333333333,0.08832999999999999,75.38466666666666,0.00745,0.03445,0.53,0.011666666666666665,0.10211333333333335,0.11800000000000004,0.06845,0.013446666666666666,0.42345
76,71,2022-03-22,8,2,2021-2022,Flamengo,Corinthians,1,0.4356666666666667,0.20350000000000001,0.1736666666666667,0.05849999999999999,0.20700000000000002,0.05333333333333335,0.15366666666666667,0.10183333333333336,0.06316666666666668,1.7513333333333336,0.06783333333333333,0.18066666666666667,37.777333333333324,0.08683333333333335,0.1491666666666667,58.27466666666667,0.05849999999999999,0.0765,76.74266666666666,0.007833333333333335,0.028166666666666673,0.4806666666666668,0.01583333333333333,0.07833333333333334,0.206,0.06316666666666668,0.009500000000000001,0.5321666666666667,0.3971666666666666,0.16450000000000004,0.17633333333333331,0.05633333333333333,0.20633333333333334,0.06333333333333334,0.14300000000000004,0.08733333333333332,0.06549999999999999,1.4253333333333331,0.05483333333333335,0.15033333333333332,36.95333333333333,0.08816666666666666,0.17916666666666667,49.280666666666654,0.05633333333333333,0.07650000000000001,74.19800000000002,0.0065,0.028333333333333342,0.4606666666666668,0.013666666666666666,0.099,0.13466666666666668,0.06549999999999999,0.013833333333333336,0.4606666666666668
62,82,2022-03-23,8,2,2021-2022,Pato Basquete,São Paulo,0,0.37600000000000006,0.15999999999999998,0.16,0.056000000000000015,0.17066666666666666,0.05333333333333335,0.11733333333333335,0.06633333333333333,0.06333333333333335,1.0853333333333333,0.053333333333333344,0.14833333333333334,35.61733333333334,0.08,0.1753333333333333,45.87733333333333,0.056000000000000015,0.08166666666666669,69.53333333333333,0.007666666666666667,0.037333333333333336,0.5986666666666667,0.009333333333333336,0.10666666666666667,0.09400000000000003,0.06333333333333335,0.01533333333333334,0.3803333333333333,0.4350000000000001,0.17300000000000001,0.18,0.082,0.18399999999999997,0.037333333333333336,0.14666666666666667,0.08866666666666666,0.057000000000000016,1.6446666666666663,0.05766666666666666,0.14733333333333337,39.268666666666675,0.09,0.15633333333333332,57.318000000000005,0.082,0.11066666666666666,73.796,0.010666666666666668,0.036000000000000004,0.65,0.013666666666666667,0.09399999999999999,0.14666666666666664,0.057000000000000016,0.009666666666666667,0.5156666666666666
117,55,2022-03-24,8,2,2021-2022,Flamengo,União Corinthians,1,0.43777666666666665,0.2066666666666667,0.17311,0.05799999999999999,0.2073333333333333,0.05344333333333336,0.15389,0.10233333333333335,0.06333333333333334,1.7553333333333336,0.06888999999999999,0.18277666666666667,37.98133333333333,0.08655666666666667,0.14822333333333335,58.462666666666664,0.05799999999999999,0.07533333333333332,77.05866666666665,0.00789,0.028333333333333342,0.4820000000000001,0.01622333333333333,0.07755666666666666,0.21133333333333332,0.06333333333333334,0.009223333333333333,0.5357766666666667,0.38633333333333336,0.12199999999999998,0.196,0.06833333333333334,0.19,0.058666666666666666,0.13133333333333333,0.07833333333333332,0.05833333333333334,1.3873333333333333,0.04066666666666667,0.13666666666666666,29.774666666666675,0.098,0.2043333333333333,48.06199999999999,0.06833333333333334,0.101,67.96666666666667,0.009666666666666669,0.03900000000000001,0.682,0.011666666666666669,0.11033333333333334,0.11266666666666666,0.05833333333333334,0.007666666666666669,0.412
107,103,2022-03-24,8,2,2021-2022,Bauru Basket,Mogi,1,0.385,0.159,0.16933333333333334,0.05666666666666667,0.17,0.04000000000000001,0.13,0.08266666666666667,0.05566666666666666,1.5326666666666666,0.053,0.15066666666666664,35.13999999999999,0.08466666666666667,0.164,51.69666666666667,0.05666666666666667,0.07733333333333332,72.41333333333336,0.005666666666666667,0.03500000000000001,0.6359999999999999,0.007333333333333333,0.09200000000000003,0.08333333333333334,0.05566666666666666,0.012000000000000002,0.4266666666666667,0.3689966666666667,0.136,0.1806666666666667,0.05233,0.19266333333333335,0.05100333333333334,0.14167,0.092,0.0896666666666667,1.074,0.045333333333333344,0.1426666666666667,32.029333333333334,0.09033333333333335,0.1723366666666667,52.35266666666667,0.05233,0.07899666666666666,66.29599999999999,0.013996666666666666,0.030996666666666672,0.3686666666666667,0.012336666666666666,0.09399666666666667,0.13266666666666665,0.0896666666666667,0.014333333333333339,0.4013333333333333
93,82,2022-03-24,8,2,2021-2022,Paulistano,Pinheiros,1,0.38999999999999996,0.13200000000000003,0.19134,0.06667,0.17900000000000002,0.049996666666666675,0.12899333333333332,0.07466666666666667,0.06767333333333334,1.1766666666666667,0.04399333333333333,0.12967,33.93066666666666,0.09566,0.18867,50.32266666666667,0.06667,0.08832999999999999,74.86133333333333,0.007673333333333334,0.035006666666666665,0.5493333333333333,0.011,0.10333666666666669,0.11000000000000004,0.06767333333333334,0.013336666666666669,0.42167333333333334,0.40666666666666657,0.1375,0.20533333333333337,0.06383333333333334,0.20283333333333328,0.06816666666666667,0.13466666666666663,0.08083333333333333,0.07016666666666665,1.182,0.04583333333333333,0.14133333333333334,32.32466666666667,0.10266666666666668,0.20183333333333334,51.254000000000005,0.06383333333333334,0.09133333333333332,68.78866666666666,0.008833333333333334,0.03616666666666667,0.5013333333333332,0.012833333333333335,0.08466666666666668,0.15466666666666662,0.07016666666666665,0.011333333333333334,0.447
73,79,2022-03-24,8,2,2021-2022,Cerrado,Rio Claro,0,0.3803333333333333,0.12200000000000001,0.20066666666666666,0.057666666666666665,0.2036666666666666,0.06066666666666666,0.143,0.073,0.06500000000000002,1.1840000000000002,0.04066666666666667,0.15066666666666664,26.61866666666667,0.10033333333333333,0.19700000000000004,50.83066666666665,0.057666666666666665,0.07966666666666668,73.07333333333332,0.012000000000000002,0.03066666666666667,0.5013333333333334,0.015666666666666672,0.08733333333333332,0.17933333333333337,0.06500000000000002,0.013333333333333338,0.4096666666666665,0.3979999999999999,0.11899999999999997,0.20066666666666666,0.07833333333333334,0.178,0.05533333333333334,0.12266666666666666,0.06999999999999999,0.06199999999999999,1.1866666666666668,0.03966666666666666,0.12966666666666665,30.434000000000005,0.10033333333333333,0.18933333333333333,53.27266666666666,0.07833333333333334,0.10366666666666664,75.50399999999999,0.007000000000000002,0.034666666666666665,0.5853333333333334,0.007000000000000001,0.11266666666666665,0.06466666666666668,0.06199999999999999,0.01633333333333333,0.4213333333333332
70,59,2022-03-25,8,2,2021-2022,UNIFACISA,Minas,1,0.40316666666666673,0.16600000000000004,0.178,0.05916666666666667,0.18250000000000002,0.04550000000000001,0.137,0.0725,0.0615,1.2766666666666666,0.05533333333333333,0.1465,36.802,0.089,0.17266666666666666,52.087333333333326,0.05916666666666667,0.07766666666666669,76.83399999999999,0.007000000000000001,0.04033333333333333,0.7346666666666665,0.010166666666666666,0.09916666666666667,0.10400000000000002,0.0615,0.011,0.45383333333333326,0.4326666666666668,0.15699999999999997,0.20800000000000005,0.06766666666666667,0.18933333333333338,0.04766666666666667,0.1416666666666667,0.08933333333333333,0.06366666666666669,1.4526666666666666,0.05233333333333333,0.14133333333333334,36.782,0.10400000000000002,0.171,60.583999999999996,0.06766666666666667,0.092,73.46133333333334,0.01566666666666667,0.03166666666666667,0.5113333333333333,0.012000000000000002,0.08833333333333333,0.136,0.06366666666666669,0.013000000000000005,0.5109999999999999
88,67,2022-03-26,8,2,2021-2022,São Paulo,Corinthians,1,0.43833333333333335,0.17250000000000001,0.18433333333333332,0.08149999999999999,0.18116666666666661,0.03783333333333332,0.14333333333333328,0.08733333333333332,0.05666666666666668,1.6299999999999997,0.057499999999999996,0.1461666666666667,39.381333333333345,0.09216666666666666,0.15849999999999997,57.84933333333334,0.08149999999999999,0.11000000000000003,73.91533333333334,0.011833333333333335,0.035166666666666666,0.6380000000000001,0.012833333333333337,0.094,0.136,0.05666666666666668,0.009166666666666668,0.5146666666666666,0.3926666666666666,0.16150000000000003,0.17733333333333332,0.05383333333333332,0.20350000000000001,0.06116666666666669,0.14233333333333334,0.088,0.06616666666666665,1.4199999999999997,0.05383333333333334,0.14766666666666667,36.87800000000001,0.08866666666666666,0.17899999999999996,49.61333333333333,0.05383333333333332,0.07466666666666667,72.36133333333333,0.006666666666666667,0.027166666666666676,0.4360000000000001,0.013833333333333333,0.09883333333333334,0.1366666666666667,0.06616666666666665,0.013166666666666669,0.454
88,89,2022-03-26,8,2,2021-2022,Cerrado,Sesi Franca,0,0.38449999999999995,0.12200000000000001,0.20299999999999999,0.05949999999999999,0.20649999999999996,0.060333333333333336,0.14616666666666667,0.07450000000000001,0.06383333333333334,1.2346666666666666,0.04066666666666667,0.14833333333333334,27.086000000000002,0.10149999999999999,0.19800000000000004,51.20666666666666,0.05949999999999999,0.08266666666666665,72.63466666666666,0.011000000000000001,0.029166666666666674,0.48533333333333323,0.016000000000000004,0.08916666666666666,0.17933333333333332,0.06383333333333334,0.013500000000000005,0.4194999999999999,0.4593366666666666,0.17199999999999996,0.21000333333333335,0.07733333333333332,0.19199666666666668,0.05,0.14199666666666666,0.08166333333333335,0.05233,1.764,0.05733333333333333,0.15333666666666668,36.808666666666674,0.10499666666666668,0.17267000000000002,61.63666666666666,0.07733333333333332,0.09600333333333334,81.21666666666667,0.014336666666666668,0.02866666666666667,0.6113333333333332,0.012663333333333337,0.08433333333333333,0.15266666666666664,0.05233,0.0073366666666666676,0.5396699999999999
79,80,2022-03-26,8,2,2021-2022,BRB/Brasília,Rio Claro,0,0.3871133333333333,0.11666666666666667,0.19644666666666669,0.07400000000000001,0.20378000000000002,0.06422000000000001,0.13955333333333333,0.07288666666666667,0.07933333333333334,0.9566666666666666,0.03888666666666666,0.12433333333333337,31.184,0.09822,0.1913333333333334,51.407999999999994,0.07400000000000001,0.10855333333333335,67.14266666666667,0.0055533333333333355,0.030553333333333328,0.386,0.00978,0.09922,0.10133333333333333,0.07933333333333334,0.01611333333333333,0.4116666666666667,0.3991666666666666,0.11999999999999998,0.19899999999999998,0.08016666666666668,0.18116666666666664,0.05616666666666668,0.125,0.06833333333333333,0.061833333333333323,1.1573333333333333,0.04,0.128,31.012,0.09949999999999999,0.18983333333333333,52.70666666666667,0.08016666666666668,0.10616666666666667,75.20000000000002,0.006666666666666667,0.034,0.5740000000000001,0.007333333333333333,0.11166666666666665,0.06866666666666667,0.061833333333333323,0.015833333333333335,0.4238333333333333
75,85,2022-03-27,8,2,2021-2022,Fortaleza B. C. / CFO,Minas,0,0.3823333333333334,0.11300000000000002,0.19933666666666666,0.06999666666666667,0.18966333333333338,0.05733666666666667,0.13233666666666669,0.07267,0.06733333333333333,1.1126666666666667,0.03766666666666666,0.12666999999999998,29.933333333333344,0.09966333333333335,0.21033666666666664,47.76466666666667,0.06999666666666667,0.10933666666666667,63.72266666666666,0.006996666666666669,0.03833333333333334,0.586,0.010996666666666665,0.09633,0.11733333333333332,0.06733333333333333,0.01533,0.3876666666666667,0.4330000000000001,0.161,0.20500000000000004,0.06699999999999998,0.18900000000000006,0.046333333333333344,0.14266666666666666,0.08916666666666667,0.06516666666666668,1.4313333333333336,0.05366666666666666,0.14183333333333334,37.696000000000005,0.10250000000000002,0.16816666666666671,60.65933333333333,0.06699999999999998,0.09016666666666666,73.98066666666666,0.01616666666666667,0.03183333333333334,0.5053333333333333,0.012000000000000002,0.08816666666666667,0.136,0.06516666666666668,0.013166666666666669,0.5128333333333334
74,60,2022-03-27,8,2,2021-2022,UNIFACISA,Flamengo,1,0.399,0.16150000000000006,0.18000000000000002,0.05750000000000001,0.18550000000000003,0.045500000000000006,0.14,0.07333333333333332,0.06316666666666666,1.2606666666666664,0.05383333333333333,0.14566666666666667,35.84,0.09000000000000001,0.173,52.523333333333326,0.05750000000000001,0.07583333333333335,76.36733333333333,0.007333333333333332,0.040999999999999995,0.7266666666666666,0.01,0.09816666666666667,0.10333333333333335,0.06316666666666666,0.011166666666666667,0.4525,0.4428866666666666,0.20933333333333337,0.1728866666666667,0.06066666666666666,0.2076666666666666,0.05288666666666667,0.15478000000000003,0.10300000000000002,0.06433333333333334,1.7346666666666668,0.06978,0.18255333333333332,38.43933333333333,0.08644666666666666,0.14811333333333335,58.428666666666665,0.06066666666666666,0.07933333333333333,76.43133333333334,0.008113333333333332,0.028333333333333342,0.47066666666666673,0.01578,0.07744666666666665,0.20600000000000004,0.06433333333333334,0.009113333333333333,0.54022
96,86,2022-03-28,9,2,2021-2022,BRB/Brasília,Sesi Franca,1,0.39022333333333326,0.11933333333333333,0.19822333333333336,0.07266666666666667,0.20389000000000002,0.06444333333333335,0.1394433333333333,0.07344333333333333,0.07833333333333334,0.9853333333333332,0.03977666666666667,0.12766666666666668,31.14,0.09911000000000002,0.19133333333333338,51.87533333333332,0.07266666666666667,0.10577666666666667,67.65266666666666,0.005110000000000001,0.03144333333333334,0.4106666666666667,0.009223333333333333,0.10044333333333334,0.09466666666666668,0.07833333333333334,0.015556666666666665,0.4166666666666667,0.46000333333333326,0.16999999999999996,0.2133366666666667,0.07666666666666666,0.19299666666666665,0.051,0.1419966666666667,0.08133000000000003,0.05233000000000001,1.757333333333333,0.056666666666666664,0.15400333333333333,36.20066666666667,0.10666333333333333,0.17367000000000002,62.202666666666666,0.07666666666666666,0.09633666666666667,80.06466666666665,0.015003333333333336,0.02766666666666667,0.5933333333333333,0.012663333333333334,0.08233333333333334,0.15866666666666665,0.05233000000000001,0.007003333333333334,0.5383366666666665
91,94,2022-03-29,9,2,2021-2022,Fortaleza B. C. / CFO,Flamengo,0,0.38266666666666665,0.115,0.19933666666666666,0.06832999999999999,0.18699666666666673,0.056003333333333336,0.13100333333333333,0.06967,0.064,1.1166666666666667,0.03833333333333333,0.1300033333333333,29.933333333333344,0.09966333333333335,0.20900333333333332,48.227333333333334,0.06832999999999999,0.10833666666666666,62.877333333333326,0.006663333333333336,0.03866666666666666,0.624,0.010330000000000002,0.09732999999999999,0.11133333333333331,0.064,0.014329999999999999,0.38333333333333336,0.4413299999999999,0.20900000000000005,0.1739966666666667,0.058333333333333334,0.21166666666666661,0.055330000000000004,0.15633666666666668,0.10366666666666667,0.06366666666666669,1.759333333333333,0.06967,0.18632999999999994,37.532000000000004,0.08700333333333334,0.15100333333333332,57.16,0.058333333333333334,0.07666666666666666,76.07066666666667,0.00867,0.029000000000000012,0.48466666666666675,0.016336666666666663,0.07800333333333334,0.21200000000000005,0.06366666666666669,0.009336666666666665,0.53933
84,70,2022-03-29,9,2,2021-2022,União Corinthians,Caxias do Sul Basquete,1,0.38066666666666665,0.12399999999999999,0.19066666666666668,0.06600000000000002,0.18999999999999997,0.057666666666666665,0.13233333333333333,0.07766666666666665,0.057000000000000016,1.4026666666666665,0.04133333333333333,0.14,29.52866666666667,0.09533333333333334,0.20466666666666664,46.75133333333334,0.06600000000000002,0.09666666666666666,68.83999999999999,0.008666666666666666,0.03633333333333334,0.6526666666666667,0.011000000000000003,0.11166666666666666,0.10333333333333335,0.057000000000000016,0.007333333333333335,0.39999999999999997,0.3443333333333333,0.11,0.18000000000000002,0.054333333333333345,0.16533333333333333,0.04000000000000001,0.12533333333333332,0.07899999999999999,0.06966666666666667,1.1953333333333334,0.03666666666666667,0.11933333333333332,30.56466666666667,0.09000000000000001,0.186,48.42600000000001,0.054333333333333345,0.07766666666666668,70.22599999999998,0.005666666666666666,0.030333333333333337,0.43600000000000005,0.015000000000000003,0.09833333333333334,0.15333333333333332,0.06966666666666667,0.014333333333333335,0.36233333333333323
61,82,2022-03-31,9,2,2021-2022,Minas,São Paulo,0,0.42983333333333346,0.157,0.2046666666666667,0.06816666666666665,0.1881666666666667,0.046333333333333344,0.14183333333333337,0.08816666666666667,0.06683333333333334,1.3920000000000001,0.052333333333333336,0.13899999999999998,37.413333333333334,0.10233333333333335,0.16800000000000007,60.61066666666667,0.06816666666666665,0.09066666666666666,74.82333333333334,0.016833333333333336,0.03150000000000001,0.48933333333333334,0.011833333333333336,0.0895,0.13266666666666668,0.06683333333333334,0.014000000000000002,0.5078333333333334,0.437,0.168,0.18966666666666662,0.07933333333333333,0.18316666666666664,0.03966666666666667,0.1435,0.08666666666666667,0.056666666666666685,1.6153333333333335,0.056,0.14450000000000002,38.78200000000001,0.09483333333333331,0.16266666666666663,57.98800000000001,0.07933333333333333,0.10650000000000003,74.698,0.013333333333333334,0.03516666666666666,0.6380000000000001,0.012333333333333337,0.0915,0.13333333333333333,0.056666666666666685,0.009000000000000003,0.5141666666666667
84,74,2022-03-31,9,2,2021-2022,Bauru Basket,Pato Basquete,1,0.39499999999999996,0.165,0.17133333333333337,0.058666666666666666,0.17300000000000001,0.04033333333333334,0.13266666666666665,0.08366666666666665,0.05600000000000001,1.5399999999999998,0.055,0.15566666666666668,34.99066666666666,0.08566666666666668,0.166,51.726,0.058666666666666666,0.07866666666666666,73.396,0.005333333333333333,0.03666666666666667,0.6593333333333333,0.006666666666666667,0.09500000000000001,0.07066666666666667,0.05600000000000001,0.012000000000000002,0.438,0.37416666666666665,0.15599999999999997,0.16166666666666668,0.05650000000000001,0.17133333333333337,0.052666666666666674,0.11866666666666668,0.0665,0.06383333333333334,1.0839999999999999,0.05200000000000001,0.14900000000000002,34.35466666666667,0.08083333333333334,0.17399999999999996,46.675999999999995,0.05650000000000001,0.08050000000000002,70.67399999999999,0.008166666666666668,0.036500000000000005,0.5853333333333333,0.009166666666666668,0.10483333333333333,0.09333333333333337,0.06383333333333334,0.016666666666666673,0.37966666666666654
88,78,2022-04-02,9,2,2021-2022,Flamengo,São Paulo,1,0.4413299999999999,0.209,0.16999666666666668,0.06233333333333333,0.2091666666666666,0.055830000000000005,0.15333666666666668,0.09883333333333333,0.06266666666666669,1.7039999999999997,0.06967,0.18766333333333327,37.278,0.08500333333333333,0.14900333333333332,56.63666666666666,0.06233333333333333,0.08083333333333331,76.89599999999999,0.008336666666666666,0.029500000000000012,0.5033333333333334,0.016169999999999997,0.07817,0.21000000000000002,0.06266666666666669,0.009003333333333334,0.5318299999999999,0.43400000000000005,0.164,0.19333333333333333,0.07666666666666666,0.18433333333333332,0.04033333333333334,0.14400000000000002,0.08700000000000001,0.05766666666666668,1.5873333333333335,0.05466666666666666,0.14283333333333337,38.300000000000004,0.09666666666666666,0.16433333333333333,58.53600000000001,0.07666666666666666,0.10383333333333336,73.97266666666665,0.013166666666666667,0.03449999999999999,0.6153333333333335,0.012333333333333337,0.08983333333333335,0.13533333333333336,0.05766666666666668,0.009333333333333336,0.5115
76,80,2022-04-02,9,2,2021-2022,Cerrado,Paulistano,0,0.38866666666666655,0.12200000000000001,0.2053333333333333,0.06133333333333333,0.20933333333333332,0.06000000000000001,0.14933333333333335,0.076,0.06266666666666669,1.2853333333333332,0.04066666666666668,0.14600000000000002,27.553333333333338,0.10266666666666666,0.199,51.58266666666666,0.06133333333333333,0.08566666666666665,72.196,0.01,0.027666666666666673,0.46933333333333327,0.016333333333333335,0.091,0.1793333333333333,0.06266666666666669,0.01366666666666667,0.4293333333333333,0.40099999999999997,0.13600000000000004,0.20067333333333337,0.06433666666666667,0.17866666666666667,0.05066333333333333,0.12799333333333332,0.07666666666666666,0.06700666666666667,1.2273333333333336,0.04532666666666666,0.12833666666666668,35.03666666666666,0.10032666666666665,0.19166999999999998,52.08266666666667,0.06433666666666667,0.08666333333333333,72.23333333333333,0.009006666666666666,0.03534,0.5606666666666666,0.010333333333333335,0.10367000000000003,0.1026666666666667,0.06700666666666667,0.014003333333333335,0.43833999999999995
82,69,2022-04-02,9,2,2021-2022,Pinheiros,Pato Basquete,1,0.40866666666666657,0.138,0.20400000000000004,0.06666666666666668,0.19966666666666663,0.068,0.13166666666666665,0.08333333333333333,0.06933333333333332,1.2300000000000002,0.046000000000000006,0.14,32.84066666666667,0.10200000000000002,0.20066666666666666,51.19133333333334,0.06666666666666668,0.093,70.30866666666667,0.01,0.035666666666666666,0.49999999999999994,0.012000000000000002,0.08300000000000002,0.14466666666666667,0.06933333333333332,0.011666666666666667,0.451,0.37549999999999994,0.15899999999999992,0.16166666666666668,0.054833333333333324,0.1715,0.05266666666666667,0.11883333333333335,0.06716666666666667,0.065,1.0839999999999999,0.05300000000000001,0.1526666666666667,34.35466666666667,0.08083333333333334,0.17249999999999996,47.044,0.054833333333333324,0.0765,72.03933333333335,0.008,0.035,0.5626666666666666,0.009500000000000003,0.10316666666666666,0.09800000000000005,0.065,0.018000000000000006,0.3806666666666666
85,75,2022-04-04,10,2,2021-2022,Mogi,União Corinthians,1,0.37699666666666665,0.14,0.18100000000000002,0.05599666666666666,0.19549666666666668,0.051336666666666676,0.14416999999999996,0.09566666666666666,0.09033333333333336,1.106,0.04666666666666667,0.14733333333333337,31.752666666666663,0.09050000000000001,0.17217000000000002,52.50666666666667,0.05599666666666666,0.08083,68.44333333333333,0.014163333333333335,0.030330000000000006,0.35933333333333334,0.013003333333333334,0.09483,0.13866666666666666,0.09033333333333336,0.013500000000000005,0.4139999999999999,0.381,0.12249999999999998,0.19,0.0685,0.1903333333333333,0.05850000000000001,0.1318333333333333,0.07683333333333331,0.05666666666666668,1.3953333333333333,0.04083333333333334,0.13799999999999998,29.55,0.095,0.20583333333333328,46.30333333333333,0.0685,0.101,68.52399999999999,0.009000000000000001,0.035666666666666666,0.6453333333333334,0.011166666666666668,0.10983333333333332,0.10666666666666669,0.05666666666666668,0.007000000000000002,0.39783333333333337
60,78,2022-04-04,10,2,2021-2022,BRB/Brasília,Paulistano,0,0.3990000000000001,0.12999999999999998,0.19466666666666668,0.07433333333333333,0.204,0.06300000000000001,0.141,0.07433333333333333,0.07666666666666667,1.044,0.043333333333333335,0.13333333333333333,32.126666666666665,0.09733333333333334,0.18733333333333332,52.07333333333333,0.07433333333333333,0.10666666666666667,68.64533333333334,0.004666666666666666,0.03133333333333333,0.422,0.009333333333333334,0.10200000000000001,0.09466666666666669,0.07666666666666667,0.015333333333333332,0.42900000000000005,0.3949999999999999,0.13300000000000003,0.20134000000000002,0.060669999999999995,0.17800000000000002,0.05199666666666666,0.12599333333333332,0.07533333333333334,0.06267333333333334,1.338,0.04432666666666667,0.13033666666666666,33.64733333333333,0.10066,0.19400333333333333,51.57599999999999,0.060669999999999995,0.08199666666666668,72.14533333333333,0.010006666666666665,0.035673333333333335,0.6513333333333333,0.010333333333333335,0.10200333333333336,0.10400000000000002,0.06267333333333334,0.013336666666666667,0.43100666666666665
79,83,2022-04-04,10,2,2021-2022,Corinthians,Pinheiros,0,0.39199999999999996,0.16,0.17866666666666664,0.05333333333333333,0.20199999999999999,0.061333333333333344,0.14066666666666666,0.08833333333333335,0.06566666666666666,1.4353333333333331,0.05333333333333334,0.148,36.390666666666675,0.08933333333333332,0.1793333333333333,49.899333333333324,0.05333333333333333,0.07333333333333333,73.05600000000001,0.006666666666666667,0.02600000000000001,0.42066666666666674,0.012333333333333333,0.09733333333333334,0.12333333333333334,0.06566666666666666,0.013333333333333336,0.45033333333333336,0.4086666666666666,0.137,0.2066666666666667,0.065,0.20400000000000001,0.07066666666666667,0.13333333333333333,0.087,0.07,1.2726666666666666,0.045666666666666675,0.14133333333333334,32.11666666666667,0.10333333333333335,0.20533333333333334,50.75933333333333,0.065,0.09000000000000001,70.89133333333334,0.011,0.03600000000000001,0.5006666666666666,0.013333333333333334,0.0836666666666667,0.158,0.07,0.012,0.45633333333333337
74,65,2022-04-05,10,2,2021-2022,Sesi Franca,UNIFACISA,1,0.45677999999999996,0.165,0.21511333333333335,0.07666666666666667,0.19055333333333332,0.051000000000000004,0.13955333333333333,0.08222,0.05022000000000002,1.8686666666666667,0.05500000000000001,0.15178,35.59866666666667,0.10755333333333333,0.17778000000000002,61.46066666666666,0.07666666666666667,0.09577999999999999,80.51733333333333,0.014780000000000005,0.027000000000000003,0.6053333333333334,0.011886666666666667,0.08433333333333333,0.148,0.05022000000000002,0.00678,0.5321133333333332,0.4003333333333334,0.165,0.1806666666666667,0.05466666666666667,0.1866666666666667,0.04566666666666667,0.141,0.073,0.06366666666666668,1.2486666666666664,0.055,0.147,36.64533333333334,0.09033333333333335,0.1733333333333333,52.59866666666666,0.05466666666666667,0.07233333333333333,75.97333333333333,0.006999999999999998,0.04200000000000001,0.7373333333333332,0.009666666666666665,0.09533333333333333,0.10200000000000002,0.06366666666666668,0.011333333333333334,0.4553333333333333
82,66,2022-04-05,10,2,2021-2022,Rio Claro,Fortaleza B. C. / CFO,1,0.3968333333333333,0.11799999999999997,0.19633333333333333,0.08250000000000002,0.18316666666666667,0.057666666666666665,0.12550000000000003,0.067,0.06183333333333333,1.129333333333333,0.03933333333333334,0.12633333333333333,30.923333333333336,0.09816666666666667,0.1915,51.48466666666666,0.08250000000000002,0.10800000000000001,75.94000000000001,0.0068333333333333345,0.03333333333333334,0.56,0.007500000000000001,0.11099999999999997,0.07066666666666667,0.06183333333333333,0.016,0.4201666666666666,0.38833333333333336,0.11900000000000001,0.20000333333333328,0.06932999999999999,0.18633000000000002,0.05533666666666667,0.1310033333333333,0.06633666666666668,0.06466666666666668,1.0346666666666666,0.03966666666666667,0.13233666666666666,30.340666666666674,0.09999666666666666,0.20500333333333334,49.43133333333333,0.06932999999999999,0.10833666666666668,63.98866666666665,0.007330000000000002,0.038000000000000006,0.6053333333333334,0.009996666666666666,0.09966333333333335,0.104,0.06466666666666668,0.014663333333333332,0.38766666666666666
90,89,2022-04-06,10,2,2021-2022,Pato Basquete,União Corinthians,1,0.37450000000000006,0.15399999999999997,0.16466666666666668,0.055833333333333325,0.17266666666666666,0.053,0.11966666666666666,0.06566666666666668,0.06649999999999999,1.052,0.05133333333333335,0.15233333333333335,33.42733333333333,0.08233333333333334,0.1733333333333333,47.732666666666674,0.055833333333333325,0.07599999999999998,73.94066666666667,0.008666666666666666,0.033166666666666664,0.5326666666666665,0.008666666666666668,0.103,0.0886666666666667,0.06649999999999999,0.019000000000000003,0.37600000000000006,0.38066666666666665,0.127,0.18666666666666665,0.067,0.19116666666666665,0.057833333333333355,0.13333333333333333,0.07766666666666665,0.05850000000000002,1.3739999999999999,0.04233333333333334,0.14016666666666666,30.14466666666667,0.09333333333333332,0.20466666666666664,45.781333333333336,0.067,0.09833333333333336,69.06533333333333,0.008666666666666666,0.03483333333333334,0.6146666666666667,0.011833333333333336,0.10900000000000001,0.11333333333333337,0.05850000000000002,0.0075000000000000015,0.3971666666666667
86,65,2022-04-06,10,2,2021-2022,Mogi,Caxias do Sul Basquete,1,0.37916333333333335,0.14049999999999999,0.18433333333333338,0.054329999999999996,0.19716333333333333,0.051336666666666676,0.14583666666666664,0.10033333333333336,0.09083333333333335,1.15,0.046833333333333324,0.14650000000000002,32.166,0.09216666666666669,0.17417,52.82133333333333,0.054329999999999996,0.07816333333333335,68.28866666666666,0.014663333333333334,0.03049666666666667,0.35866666666666663,0.014003333333333333,0.09349666666666666,0.15399999999999997,0.09083333333333335,0.01316666666666667,0.4248333333333333,0.3421666666666666,0.11099999999999999,0.17633333333333334,0.05483333333333334,0.16366666666666668,0.03866666666666666,0.125,0.07516666666666665,0.06949999999999999,1.1473333333333333,0.037000000000000005,0.11766666666666666,31.43133333333334,0.08816666666666667,0.18483333333333332,47.731333333333346,0.05483333333333334,0.07866666666666665,70.01599999999999,0.004666666666666667,0.029833333333333333,0.43066666666666664,0.013333333333333334,0.10050000000000002,0.138,0.06949999999999999,0.014333333333333332,0.35350000000000004
83,72,2022-04-07,10,2,2021-2022,Rio Claro,UNIFACISA,1,0.39549999999999996,0.1165,0.19733333333333333,0.08166666666666669,0.1825,0.05800000000000001,0.12450000000000003,0.06766666666666668,0.06266666666666666,1.1173333333333333,0.038833333333333324,0.12433333333333335,31.06266666666667,0.09866666666666667,0.19299999999999998,51.26466666666666,0.08166666666666669,0.10633333333333335,76.436,0.007833333333333335,0.032833333333333346,0.5400000000000001,0.008,0.11116666666666664,0.07466666666666667,0.06266666666666666,0.0165,0.41933333333333334,0.39649999999999996,0.16250000000000003,0.178,0.05600000000000001,0.18650000000000003,0.04783333333333333,0.13866666666666666,0.07233333333333335,0.06416666666666666,1.228,0.05416666666666667,0.1461666666666667,36.31133333333333,0.089,0.17233333333333337,52.07799999999999,0.05600000000000001,0.07466666666666667,75.48333333333333,0.006666666666666666,0.03966666666666667,0.6926666666666665,0.0095,0.09466666666666665,0.10066666666666668,0.06416666666666666,0.011833333333333333,0.44633333333333336
90,66,2022-04-07,10,2,2021-2022,Sesi Franca,Fortaleza B. C. / CFO,1,0.4522233333333333,0.16049999999999998,0.21655666666666665,0.07516666666666667,0.18961,0.05066666666666666,0.1389433333333333,0.08427666666666668,0.05011000000000001,1.9053333333333333,0.053500000000000006,0.15005666666666664,35.006,0.10827666666666666,0.17855666666666667,61.59733333333333,0.07516666666666667,0.09455666666666666,79.866,0.015556666666666668,0.02666666666666667,0.6006666666666667,0.011276666666666667,0.08416666666666667,0.14133333333333337,0.05011000000000001,0.007056666666666667,0.5277233333333332,0.37866666666666665,0.11700000000000002,0.1973366666666667,0.06432999999999998,0.18383000000000005,0.054003333333333334,0.12983666666666668,0.06750333333333335,0.06583333333333334,1.0346666666666666,0.03900000000000001,0.13216999999999998,29.888000000000012,0.09866333333333333,0.19800333333333336,50.355333333333334,0.06432999999999998,0.10250333333333335,62.906666666666666,0.007496666666666668,0.037166666666666674,0.5826666666666668,0.01049666666666667,0.09833,0.11,0.06583333333333334,0.015330000000000002,0.3811666666666666
59,68,2022-04-08,10,2,2021-2022,Pato Basquete,Caxias do Sul Basquete,0,0.3745,0.1455,0.17033333333333336,0.05866666666666666,0.17316666666666664,0.05116666666666667,0.12199999999999997,0.0645,0.06683333333333333,1.0326666666666666,0.04850000000000001,0.14966666666666667,32.092,0.08516666666666668,0.17533333333333329,48.829333333333345,0.05866666666666666,0.07866666666666666,75.09,0.009666666666666667,0.033,0.5273333333333333,0.007,0.103,0.07000000000000002,0.06683333333333333,0.018833333333333334,0.37400000000000005,0.3388333333333333,0.10999999999999997,0.17466666666666664,0.05416666666666667,0.16199999999999998,0.03900000000000001,0.123,0.07299999999999998,0.06933333333333333,1.121333333333333,0.03666666666666667,0.11983333333333332,30.779333333333337,0.08733333333333332,0.184,47.53,0.05416666666666667,0.07866666666666666,69.06333333333333,0.0036666666666666666,0.029500000000000002,0.4273333333333333,0.01216666666666667,0.09949999999999999,0.12800000000000003,0.06933333333333333,0.014166666666666664,0.3418333333333334
86,90,2022-04-08,10,2,2021-2022,Cerrado,BRB/Brasília,0,0.38899999999999996,0.12400000000000001,0.19866666666666663,0.06633333333333333,0.21399999999999997,0.06200000000000001,0.15200000000000002,0.074,0.06333333333333334,1.2433333333333332,0.04133333333333335,0.14400000000000002,28.540666666666667,0.09933333333333332,0.19833333333333333,50.217999999999996,0.06633333333333333,0.092,72.75133333333333,0.009333333333333334,0.024333333333333335,0.4113333333333333,0.01666666666666667,0.09200000000000001,0.18133333333333335,0.06333333333333334,0.01366666666666667,0.4273333333333333,0.4046666666666667,0.13399999999999998,0.20000000000000004,0.07066666666666667,0.20533333333333334,0.06300000000000001,0.1423333333333333,0.0755,0.07233333333333335,1.097333333333333,0.04466666666666667,0.13533333333333336,32.806666666666665,0.10000000000000002,0.19350000000000003,52.04133333333334,0.07066666666666667,0.10200000000000001,68.33999999999999,0.004666666666666666,0.030999999999999996,0.442,0.010166666666666668,0.1,0.10400000000000004,0.07233333333333335,0.014000000000000002,0.43883333333333335
75,67,2022-04-09,10,2,2021-2022,Corinthians,Bauru Basket,1,0.3959999999999999,0.1625,0.18233333333333332,0.051166666666666666,0.20033333333333336,0.061166666666666675,0.1391666666666667,0.08950000000000001,0.06533333333333333,1.4579999999999997,0.05416666666666666,0.14716666666666667,37.035333333333334,0.09116666666666666,0.18299999999999997,49.934666666666665,0.051166666666666666,0.07050000000000001,72.94466666666668,0.0071666666666666675,0.025166666666666674,0.41000000000000003,0.012166666666666668,0.09583333333333331,0.12333333333333335,0.06533333333333333,0.013000000000000001,0.4536666666666667,0.39616666666666667,0.1605,0.17633333333333331,0.05933333333333333,0.1741666666666667,0.04133333333333334,0.13283333333333333,0.0805,0.05816666666666667,1.4506666666666665,0.0535,0.15099999999999997,34.98733333333333,0.08816666666666666,0.1701666666666667,51.870666666666665,0.05933333333333333,0.07866666666666666,74.28466666666667,0.0055000000000000005,0.035666666666666666,0.6233333333333333,0.006333333333333334,0.09400000000000001,0.06866666666666667,0.05816666666666667,0.014000000000000002,0.4358333333333333
69,90,2022-04-11,11,2,2021-2022,Pinheiros,Mogi,0,0.4145,0.14049999999999999,0.20900000000000005,0.065,0.20183333333333334,0.06833333333333334,0.13349999999999998,0.08966666666666666,0.07083333333333333,1.2993333333333332,0.046833333333333345,0.1396666666666667,33.564,0.10450000000000002,0.205,51.329333333333324,0.065,0.0895,71.26,0.011166666666666668,0.03683333333333334,0.5079999999999998,0.012333333333333333,0.0835,0.14333333333333337,0.07083333333333333,0.0135,0.4665,0.3849966666666667,0.141,0.18933333333333335,0.054663333333333335,0.19633,0.04967000000000001,0.14667,0.10166666666666666,0.08900000000000001,1.1799999999999997,0.04699999999999999,0.14433333333333334,32.93,0.09466666666666668,0.17767,53.17066666666666,0.054663333333333335,0.07866333333333334,68.39399999999999,0.014329999999999999,0.030330000000000006,0.36266666666666664,0.013336666666666667,0.09233000000000001,0.15066666666666667,0.08900000000000001,0.013333333333333338,0.43333333333333335
101,69,2022-04-12,11,2,2021-2022,Bauru Basket,Minas,1,0.39166666666666666,0.155,0.17733333333333332,0.05933333333333333,0.17200000000000001,0.04000000000000001,0.132,0.07866666666666668,0.059666666666666666,1.385333333333333,0.051666666666666666,0.14533333333333334,34.972,0.08866666666666666,0.169,52.66466666666666,0.05933333333333333,0.07933333333333333,73.76133333333334,0.005666666666666668,0.034666666666666665,0.5913333333333334,0.006000000000000001,0.09033333333333331,0.06866666666666667,0.059666666666666666,0.015333333333333334,0.4293333333333333,0.42300000000000004,0.15300000000000002,0.20333333333333334,0.06666666666666667,0.18600000000000003,0.04666666666666666,0.13933333333333336,0.08700000000000001,0.06800000000000002,1.3553333333333335,0.05100000000000001,0.13566666666666666,37.242666666666665,0.10166666666666667,0.17100000000000007,59.333999999999996,0.06666666666666667,0.08700000000000001,76.62133333333333,0.016333333333333335,0.03066666666666668,0.4693333333333334,0.012000000000000004,0.09033333333333335,0.134,0.06800000000000002,0.014333333333333335,0.4963333333333333
71,88,2022-04-12,11,2,2021-2022,União Corinthians,Paulistano,0,0.3845,0.1295,0.18866666666666665,0.06633333333333336,0.19316666666666665,0.05766666666666668,0.13549999999999995,0.07883333333333332,0.06083333333333336,1.3446666666666665,0.04316666666666667,0.14033333333333334,30.64466666666667,0.09433333333333332,0.204,46.448,0.06633333333333336,0.09716666666666668,69.35066666666667,0.008833333333333332,0.034166666666666665,0.578,0.012000000000000004,0.11016666666666669,0.11333333333333333,0.06083333333333336,0.007833333333333335,0.4041666666666667,0.3911666666666666,0.13050000000000003,0.1996733333333333,0.061003333333333326,0.18183333333333337,0.05299666666666667,0.12882666666666667,0.07466666666666667,0.062006666666666675,1.34,0.04349333333333334,0.12817,33.615333333333325,0.09982666666666666,0.19566999999999998,50.70933333333333,0.061003333333333326,0.08216333333333334,72.414,0.009006666666666666,0.03567333333333334,0.6566666666666667,0.010333333333333335,0.09950333333333335,0.10600000000000004,0.062006666666666675,0.012836666666666666,0.43000666666666665
72,90,2022-04-13,11,2,2021-2022,UNIFACISA,BRB/Brasília,0,0.3926666666666667,0.16000000000000003,0.1753333333333333,0.05733333333333333,0.18633333333333332,0.05,0.13633333333333333,0.07166666666666668,0.06466666666666668,1.2073333333333336,0.053333333333333344,0.14533333333333337,35.977333333333334,0.08766666666666666,0.1713333333333334,51.557333333333325,0.05733333333333333,0.077,74.99333333333334,0.006333333333333333,0.037333333333333336,0.6479999999999999,0.009333333333333332,0.09399999999999999,0.09933333333333334,0.06466666666666668,0.012333333333333337,0.4373333333333333,0.4033333333333334,0.13499999999999998,0.19800000000000004,0.07033333333333333,0.2076666666666666,0.06366666666666669,0.14400000000000002,0.07533333333333334,0.07100000000000001,1.1166666666666667,0.045000000000000005,0.13866666666666666,32.18999999999999,0.09900000000000002,0.19366666666666665,51.564666666666675,0.07033333333333333,0.10166666666666667,68.21733333333333,0.003999999999999999,0.030666666666666672,0.44866666666666666,0.009666666666666667,0.09933333333333334,0.10000000000000003,0.07100000000000001,0.014000000000000002,0.436
96,69,2022-04-13,11,2,2021-2022,São Paulo,Rio Claro,1,0.4321666666666667,0.16049999999999998,0.19566666666666663,0.076,0.18383333333333332,0.04083333333333334,0.143,0.088,0.056333333333333346,1.6260000000000001,0.0535,0.14333333333333337,37.31866666666667,0.09783333333333331,0.16400000000000003,59.376000000000005,0.076,0.10316666666666667,73.73266666666667,0.0125,0.033666666666666664,0.6113333333333334,0.01316666666666667,0.09016666666666669,0.14400000000000002,0.056333333333333346,0.008333333333333335,0.5113333333333333,0.39266666666666666,0.10900000000000001,0.20266666666666666,0.081,0.18033333333333332,0.05566666666666668,0.12466666666666668,0.06933333333333333,0.063,1.1386666666666665,0.03633333333333333,0.11900000000000004,30.75733333333334,0.10133333333333333,0.1933333333333333,52.60133333333333,0.081,0.10500000000000001,76.85266666666666,0.008666666666666666,0.03133333333333334,0.5093333333333333,0.008666666666666666,0.11233333333333331,0.07999999999999999,0.063,0.017000000000000005,0.4206666666666667
75,77,2022-04-13,11,2,2021-2022,Fortaleza B. C. / CFO,Cerrado,0,0.369,0.115,0.19467,0.05933,0.18133000000000002,0.05267,0.12867,0.06867000000000001,0.06699999999999999,1.0346666666666666,0.03833333333333334,0.1320033333333333,29.43533333333334,0.09733000000000001,0.19100333333333339,51.279333333333334,0.05933,0.09667,61.824666666666666,0.007663333333333334,0.03633333333333334,0.56,0.01099666666666667,0.09699666666666668,0.116,0.06699999999999999,0.015996666666666666,0.3746666666666666,0.37699999999999995,0.11500000000000002,0.19799999999999995,0.06399999999999999,0.211,0.06233333333333335,0.14866666666666667,0.07333333333333333,0.05766666666666667,1.3086666666666666,0.038333333333333344,0.14,27.528000000000002,0.09899999999999998,0.2,49.78133333333334,0.06399999999999999,0.08833333333333333,72.852,0.009333333333333334,0.024333333333333335,0.42933333333333323,0.01566666666666667,0.08666666666666668,0.18466666666666665,0.05766666666666667,0.011666666666666669,0.4166666666666667
80,92,2022-04-14,11,2,2021-2022,Bauru Basket,Flamengo,0,0.4021666666666667,0.165,0.17633333333333334,0.06083333333333332,0.17183333333333334,0.04133333333333334,0.13049999999999998,0.08016666666666668,0.059000000000000004,1.434,0.055,0.14833333333333334,36.648,0.08816666666666667,0.16666666666666666,52.98199999999999,0.06083333333333332,0.08116666666666665,73.94666666666667,0.004666666666666667,0.035333333333333335,0.61,0.005833333333333334,0.09333333333333332,0.06466666666666666,0.059000000000000004,0.015166666666666667,0.44416666666666665,0.4413299999999999,0.20699999999999996,0.16933,0.065,0.2056666666666666,0.05533,0.15033666666666667,0.09599999999999996,0.05966666666666668,1.7226666666666663,0.06900333333333333,0.18832999999999997,36.797333333333334,0.08467,0.14800333333333335,56.744,0.065,0.08166666666666665,78.76066666666665,0.008003333333333333,0.02966666666666667,0.5253333333333334,0.01567,0.08100333333333332,0.19733333333333336,0.05966666666666668,0.009336666666666665,0.52933
83,93,2022-04-14,11,2,2021-2022,Pinheiros,Minas,0,0.41977666666666663,0.14633333333333334,0.20866666666666672,0.06477666666666666,0.19910999999999998,0.06533333333333334,0.13377666666666663,0.09177666666666666,0.07166666666666667,1.3173333333333332,0.048776666666666676,0.14177666666666663,34.49066666666667,0.10433333333333336,0.2026666666666667,51.754666666666665,0.06477666666666666,0.08777666666666666,72.55066666666667,0.011110000000000002,0.039110000000000006,0.5373333333333332,0.012333333333333333,0.08522333333333335,0.13933333333333336,0.07166666666666667,0.013556666666666665,0.47611000000000003,0.41966666666666674,0.15,0.20299999999999999,0.06666666666666667,0.1858333333333334,0.04733333333333334,0.1385,0.08316666666666668,0.06816666666666667,1.2980000000000003,0.05000000000000001,0.13649999999999998,36.224666666666664,0.10149999999999999,0.17083333333333336,59.29,0.06666666666666667,0.08683333333333333,76.76666666666667,0.015833333333333335,0.03050000000000001,0.466,0.01216666666666667,0.09033333333333335,0.1366666666666667,0.06816666666666667,0.014500000000000002,0.4871666666666667
61,54,2022-04-14,11,2,2021-2022,Caxias do Sul Basquete,Paulistano,1,0.3371666666666666,0.112,0.1743333333333333,0.050833333333333335,0.16216666666666663,0.03900000000000001,0.12316666666666667,0.074,0.06899999999999999,1.1373333333333333,0.03733333333333333,0.12383333333333334,30.551333333333332,0.08716666666666666,0.18299999999999997,47.742000000000004,0.050833333333333335,0.0755,67.67,0.003333333333333333,0.030500000000000003,0.442,0.01216666666666667,0.1,0.12733333333333338,0.06899999999999999,0.013833333333333335,0.34,0.385,0.12700000000000003,0.19567333333333328,0.062336666666666665,0.18266666666666667,0.052996666666666664,0.12966,0.07250000000000001,0.06417333333333335,1.2946666666666669,0.04232666666666667,0.12667,33.104,0.09782666666666667,0.19383666666666668,50.17666666666667,0.062336666666666665,0.08366333333333334,72.68266666666665,0.008173333333333335,0.035506666666666666,0.6446666666666668,0.010166666666666668,0.09883666666666668,0.10466666666666669,0.06417333333333335,0.012836666666666666,0.42000666666666664
55,74,2022-04-14,11,2,2021-2022,União Corinthians,Corinthians,0,0.382,0.1275,0.189,0.06550000000000002,0.19166666666666662,0.05716666666666668,0.13449999999999995,0.07800000000000001,0.06233333333333335,1.3,0.0425,0.13899999999999998,30.421333333333333,0.0945,0.20249999999999999,46.879999999999995,0.06550000000000002,0.09666666666666669,68.77333333333333,0.008666666666666666,0.03266666666666666,0.5353333333333334,0.011500000000000003,0.11183333333333333,0.10666666666666669,0.06233333333333335,0.008333333333333333,0.3978333333333334,0.39199999999999996,0.16199999999999998,0.18133333333333332,0.04866666666666666,0.19850000000000004,0.06233333333333334,0.13616666666666666,0.08766666666666668,0.06566666666666666,1.4206666666666667,0.054000000000000006,0.14683333333333334,37.006,0.09066666666666666,0.18433333333333332,49.258666666666656,0.04866666666666666,0.06733333333333333,72.73533333333334,0.007000000000000001,0.024000000000000007,0.3893333333333333,0.011666666666666667,0.09466666666666665,0.12000000000000002,0.06566666666666666,0.0135,0.4430000000000001
75,65,2022-04-15,11,2,2021-2022,UNIFACISA,Cerrado,1,0.3878333333333333,0.16049999999999998,0.17033333333333328,0.057,0.183,0.04833333333333334,0.13466666666666666,0.07200000000000001,0.06616666666666667,1.1613333333333336,0.053500000000000006,0.1476666666666667,35.46133333333333,0.08516666666666664,0.16533333333333336,51.70399999999999,0.057,0.0765,75.03133333333334,0.006500000000000001,0.03749999999999999,0.6080000000000001,0.009000000000000001,0.09383333333333331,0.09533333333333335,0.06616666666666667,0.012333333333333337,0.4293333333333333,0.37599999999999995,0.114,0.19899999999999995,0.06299999999999999,0.21116666666666667,0.06166666666666668,0.14950000000000005,0.0715,0.05900000000000002,1.2713333333333334,0.03800000000000001,0.13699999999999998,28.016666666666666,0.09949999999999998,0.20199999999999999,49.52333333333334,0.06299999999999999,0.088,71.824,0.009000000000000001,0.025500000000000002,0.43799999999999994,0.015333333333333332,0.08716666666666668,0.178,0.05900000000000002,0.011833333333333336,0.414
77,65,2022-04-15,11,2,2021-2022,Fortaleza B. C. / CFO,BRB/Brasília,1,0.36933333333333335,0.1135,0.1973366666666667,0.05849666666666666,0.17949666666666664,0.05050333333333334,0.12900333333333333,0.06750333333333333,0.06716666666666665,1.0173333333333334,0.03783333333333334,0.1285033333333333,29.839333333333336,0.09866333333333334,0.19167000000000006,51.77133333333334,0.05849666666666666,0.09683666666666667,60.605999999999995,0.00783,0.03933333333333334,0.598,0.011996666666666668,0.09633,0.12666666666666665,0.06716666666666665,0.015330000000000002,0.37849999999999995,0.4091666666666667,0.141,0.19700000000000004,0.07116666666666667,0.20616666666666664,0.06250000000000001,0.1436666666666667,0.07733333333333334,0.07183333333333335,1.1320000000000003,0.04700000000000001,0.13866666666666666,33.78999999999999,0.09850000000000002,0.19083333333333333,52.046666666666674,0.07116666666666667,0.10283333333333333,68.51333333333332,0.003666666666666666,0.031000000000000007,0.4493333333333333,0.009333333333333336,0.10033333333333336,0.09400000000000001,0.07183333333333335,0.015333333333333334,0.4455
66,81,2022-04-16,11,2,2021-2022,São Paulo,Sesi Franca,0,0.4306666666666667,0.156,0.19766666666666666,0.077,0.184,0.03966666666666666,0.14433333333333334,0.088,0.05600000000000001,1.6306666666666667,0.052000000000000005,0.14166666666666666,36.656,0.09883333333333333,0.16433333333333336,59.86000000000001,0.077,0.10416666666666667,74.00933333333333,0.012,0.03283333333333333,0.6020000000000001,0.014166666666666671,0.09133333333333332,0.15333333333333332,0.05600000000000001,0.006833333333333333,0.5113333333333333,0.44766666666666666,0.156,0.218,0.07366666666666667,0.18866666666666668,0.050333333333333334,0.1383333333333333,0.08633333333333335,0.05000000000000002,1.9420000000000002,0.05200000000000001,0.14833333333333334,34.413333333333334,0.109,0.17933333333333332,61.733999999999995,0.07366666666666667,0.09333333333333332,79.21466666666669,0.01633333333333333,0.02633333333333334,0.596,0.010666666666666668,0.084,0.13466666666666668,0.05000000000000002,0.007333333333333332,0.5233333333333333
57,62,2022-04-16,11,2,2021-2022,Caxias do Sul Basquete,Corinthians,0,0.33299999999999996,0.11399999999999998,0.17200000000000001,0.047,0.16316666666666665,0.03916666666666667,0.12399999999999999,0.07566666666666667,0.06866666666666665,1.1626666666666665,0.038000000000000006,0.1255,30.746666666666666,0.08600000000000001,0.18216666666666664,47.32066666666666,0.047,0.07050000000000001,67.41133333333335,0.0031666666666666666,0.032,0.46333333333333326,0.012333333333333335,0.10083333333333333,0.12800000000000006,0.06866666666666665,0.013500000000000002,0.34033333333333343,0.38499999999999995,0.15799999999999997,0.1783333333333333,0.048666666666666664,0.19750000000000004,0.06283333333333334,0.13466666666666666,0.084,0.06699999999999999,1.3446666666666667,0.05266666666666667,0.14466666666666667,36.593333333333334,0.08916666666666664,0.1833333333333333,48.670666666666655,0.048666666666666664,0.06716666666666665,72.89000000000001,0.007166666666666667,0.023500000000000007,0.3733333333333333,0.011000000000000003,0.09316666666666665,0.1146666666666667,0.06699999999999999,0.014666666666666666,0.42933333333333334
92,80,2022-04-16,11,2,2021-2022,Pinheiros,Flamengo,1,0.41888666666666663,0.14666666666666667,0.20800000000000007,0.06422,0.19821999999999998,0.06366666666666669,0.1345533333333333,0.08922000000000001,0.07133333333333332,1.2873333333333332,0.04888666666666666,0.1408866666666667,34.732,0.10400000000000004,0.203,51.498000000000005,0.06422,0.08721999999999999,72.282,0.011553333333333334,0.04055333333333334,0.5619999999999999,0.012,0.08544666666666667,0.13533333333333333,0.07133333333333332,0.013779999999999997,0.47355333333333327,0.4429966666666666,0.21099999999999997,0.16566333333333333,0.06633333333333334,0.20633333333333329,0.05666333333333333,0.14967,0.09649999999999999,0.05850000000000001,1.7539999999999998,0.07033666666666667,0.19066333333333335,37.11066666666667,0.08283666666666667,0.14633666666666667,56.196,0.06633333333333334,0.08499999999999998,76.65533333333335,0.00817,0.028333333333333342,0.5146666666666667,0.015336666666666667,0.08267,0.19066666666666668,0.05850000000000001,0.00867,0.5284966666666666
113,83,2022-04-18,7,2,2021-2022,Flamengo,BRB/Brasília,1,0.43732999999999994,0.20999999999999996,0.15999666666666662,0.06733333333333331,0.20566666666666666,0.05799666666666667,0.14767,0.09533333333333331,0.060666666666666674,1.5906666666666667,0.07000333333333335,0.19099666666666668,36.88,0.08000333333333333,0.14267000000000002,55.81266666666667,0.06733333333333331,0.08699999999999998,76.08866666666668,0.007336666666666666,0.02766666666666667,0.46333333333333343,0.014003333333333336,0.08467,0.1673333333333333,0.060666666666666674,0.009336666666666667,0.5159966666666667,0.4076666666666668,0.14500000000000002,0.19666666666666668,0.066,0.20033333333333328,0.05766666666666667,0.14266666666666664,0.078,0.07333333333333335,1.122,0.04833333333333334,0.13566666666666669,35.492,0.09833333333333334,0.18833333333333332,52.62733333333335,0.066,0.09766666666666667,67.03733333333332,0.003333333333333333,0.030333333333333344,0.43266666666666664,0.008333333333333333,0.09833333333333336,0.08600000000000001,0.07333333333333335,0.015333333333333334,0.44233333333333336
64,73,2022-04-19,1,3,2021-2022,Caxias do Sul Basquete,UNIFACISA,0,0.3331666666666667,0.11499999999999999,0.17099999999999999,0.04716666666666667,0.16416666666666666,0.04,0.12416666666666666,0.07633333333333334,0.06899999999999999,1.1673333333333331,0.03833333333333334,0.12583333333333332,30.949333333333335,0.08549999999999999,0.1796666666666666,47.63466666666667,0.04716666666666667,0.07066666666666667,67.53400000000002,0.0028333333333333335,0.03283333333333333,0.4726666666666666,0.012000000000000004,0.10099999999999998,0.12400000000000005,0.06899999999999999,0.013500000000000002,0.3443333333333334,0.38066666666666665,0.149,0.1753333333333333,0.05633333333333333,0.18166666666666664,0.04966666666666667,0.13199999999999998,0.069,0.066,1.11,0.049666666666666665,0.14433333333333337,33.97666666666667,0.08766666666666666,0.1696666666666667,51.991333333333344,0.05633333333333333,0.07566666666666667,74.94266666666665,0.006666666666666667,0.03933333333333334,0.6440000000000001,0.008333333333333333,0.09266666666666667,0.08933333333333335,0.066,0.011666666666666669,0.4169999999999999
72,63,2022-04-19,1,3,2021-2022,Pato Basquete,Bauru Basket,1,0.375,0.1415,0.17300000000000001,0.0605,0.1705,0.048,0.12249999999999998,0.06366666666666666,0.06816666666666667,1.0006666666666668,0.04716666666666667,0.14883333333333332,31.27999999999999,0.08650000000000001,0.17399999999999996,49.80666666666668,0.0605,0.081,75.22533333333335,0.009833333333333335,0.034166666666666665,0.534,0.005833333333333333,0.10216666666666667,0.05866666666666667,0.06816666666666667,0.018666666666666668,0.37133333333333346,0.4036666666666667,0.167,0.17766666666666664,0.059000000000000004,0.17350000000000004,0.04150000000000001,0.132,0.08233333333333334,0.058833333333333335,1.4819999999999998,0.05566666666666666,0.14933333333333335,36.784666666666666,0.08883333333333332,0.16866666666666666,52.75199999999999,0.059000000000000004,0.07849999999999999,74.17066666666666,0.004333333333333333,0.035500000000000004,0.6153333333333333,0.006000000000000001,0.09383333333333334,0.066,0.058833333333333335,0.0145,0.44916666666666666
67,65,2022-04-20,1,3,2021-2022,Rio Claro,Paulistano,1,0.389,0.11299999999999999,0.19833333333333336,0.07766666666666669,0.17966666666666667,0.05583333333333334,0.12383333333333336,0.07083333333333333,0.063,1.16,0.03766666666666666,0.1186666666666667,31.952666666666673,0.09916666666666668,0.1953333333333333,51.12933333333333,0.07766666666666669,0.10133333333333334,75.86200000000001,0.008333333333333335,0.030166666666666668,0.49266666666666664,0.008333333333333333,0.11149999999999997,0.07733333333333334,0.063,0.016500000000000004,0.4141666666666667,0.38349999999999995,0.12700000000000003,0.19400666666666666,0.06250333333333333,0.1836666666666667,0.05266333333333335,0.13099333333333335,0.07150000000000002,0.06584000000000002,1.2713333333333334,0.04232666666666667,0.12767000000000003,32.826666666666675,0.09699333333333332,0.19117000000000003,50.474666666666664,0.06250333333333333,0.08399666666666668,72.59466666666667,0.008006666666666667,0.03500666666666666,0.6313333333333334,0.009500000000000001,0.09800333333333335,0.09866666666666668,0.06584000000000002,0.012170000000000004,0.41633999999999993
78,80,2022-04-20,1,3,2021-2022,Corinthians,Pinheiros,0,0.38166666666666665,0.153,0.17833333333333326,0.05033333333333333,0.1995,0.06416666666666668,0.13533333333333336,0.08099999999999999,0.06899999999999999,1.2573333333333336,0.051000000000000004,0.1421666666666667,36.056666666666665,0.08916666666666663,0.1825,48.919333333333334,0.05033333333333333,0.06849999999999999,73.876,0.007666666666666668,0.022500000000000006,0.3393333333333333,0.010166666666666666,0.09166666666666665,0.10733333333333335,0.06899999999999999,0.01633333333333333,0.4231666666666667,0.41933000000000004,0.1505,0.20800000000000007,0.06082999999999999,0.19966333333333333,0.06450000000000003,0.13516333333333333,0.08949666666666665,0.06966666666666664,1.3166666666666664,0.05016333333333333,0.14366333333333334,34.98533333333334,0.10400000000000004,0.2036666666666667,51.32266666666666,0.06082999999999999,0.08366333333333334,71.458,0.011496666666666665,0.040830000000000005,0.5813333333333333,0.012166666666666666,0.08600333333333335,0.136,0.06966666666666664,0.013836666666666667,0.47583
81,67,2022-04-22,2,3,2021-2022,UNIFACISA,Caxias do Sul Basquete,1,0.38166666666666665,0.15099999999999997,0.1733333333333333,0.05733333333333334,0.185,0.05166666666666667,0.1333333333333333,0.06866666666666668,0.06666666666666667,1.0993333333333335,0.050333333333333334,0.14533333333333334,34.21933333333333,0.08666666666666666,0.17033333333333334,51.289333333333346,0.05733333333333334,0.076,75.874,0.006333333333333333,0.04033333333333334,0.652,0.008,0.094,0.08600000000000002,0.06666666666666667,0.011666666666666669,0.4196666666666667,0.335,0.12200000000000001,0.166,0.04700000000000001,0.16333333333333336,0.03933333333333333,0.12399999999999999,0.075,0.07133333333333332,1.1326666666666665,0.04066666666666667,0.128,32.136,0.083,0.1733333333333333,47.75533333333333,0.04700000000000001,0.07200000000000001,65.72866666666668,0.0023333333333333335,0.03233333333333333,0.45799999999999996,0.011333333333333336,0.10133333333333333,0.11666666666666671,0.07133333333333332,0.014000000000000004,0.34299999999999997
82,71,2022-04-22,2,3,2021-2022,Bauru Basket,Pato Basquete,1,0.396,0.159,0.1793333333333333,0.057666666666666665,0.17633333333333337,0.04033333333333334,0.13599999999999998,0.082,0.05900000000000001,1.4713333333333332,0.053,0.14833333333333332,35.07799999999999,0.08966666666666664,0.1703333333333333,52.717999999999996,0.057666666666666665,0.076,74.92333333333335,0.004,0.03566666666666667,0.6166666666666667,0.006333333333333334,0.09233333333333335,0.07,0.05900000000000001,0.013666666666666666,0.44299999999999995,0.37466666666666665,0.142,0.1726666666666667,0.060000000000000005,0.1713333333333333,0.04733333333333333,0.12399999999999997,0.063,0.06766666666666667,0.9993333333333332,0.04733333333333334,0.153,30.683999999999994,0.08633333333333335,0.16966666666666663,50.86533333333334,0.060000000000000005,0.08066666666666666,74.87800000000001,0.009333333333333334,0.034333333333333334,0.5419999999999999,0.005333333333333332,0.10133333333333333,0.05466666666666667,0.06766666666666667,0.017666666666666667,0.37133333333333346
89,78,2022-04-23,2,3,2021-2022,Pinheiros,Corinthians,1,0.41933000000000004,0.15200000000000002,0.20800000000000007,0.05933,0.19932999999999992,0.06500000000000002,0.13432999999999998,0.08866333333333332,0.06799999999999999,1.3286666666666664,0.050663333333333324,0.14366333333333334,35.40200000000001,0.10400000000000004,0.20366666666666672,51.32266666666667,0.05933,0.08166333333333334,71.68066666666667,0.010996666666666665,0.039663333333333335,0.5786666666666667,0.012666666666666668,0.08533666666666667,0.14400000000000002,0.06799999999999999,0.014336666666666668,0.4766633333333333,0.3816666666666666,0.14899999999999997,0.18266666666666662,0.049999999999999996,0.19966666666666671,0.065,0.13466666666666668,0.081,0.07133333333333332,1.2026666666666666,0.04966666666666667,0.13866666666666666,36.044666666666664,0.09133333333333331,0.18433333333333332,49.59533333333332,0.049999999999999996,0.06733333333333333,74.79466666666667,0.008,0.022333333333333337,0.314,0.009000000000000001,0.09166666666666665,0.09600000000000003,0.07133333333333332,0.017333333333333333,0.423
90,84,2022-04-23,2,3,2021-2022,Paulistano,Rio Claro,1,0.38,0.12600000000000003,0.19400666666666666,0.060003333333333325,0.18200000000000002,0.051663333333333346,0.13032666666666667,0.07200000000000001,0.06500666666666667,1.289333333333333,0.04199333333333334,0.12700333333333336,32.71,0.09699333333333332,0.18967000000000003,50.88666666666668,0.060003333333333325,0.08099666666666668,72.17333333333333,0.008673333333333333,0.032673333333333325,0.6020000000000001,0.009000000000000001,0.09700333333333334,0.09466666666666669,0.06500666666666667,0.012336666666666668,0.4120066666666666,0.38466666666666666,0.112,0.19666666666666668,0.07600000000000001,0.177,0.05333333333333334,0.12366666666666667,0.07066666666666667,0.06066666666666668,1.1953333333333334,0.03733333333333333,0.11600000000000003,31.952666666666673,0.09833333333333334,0.1953333333333333,50.72333333333333,0.07600000000000001,0.0976666666666667,77.25266666666667,0.009000000000000001,0.027999999999999994,0.4759999999999999,0.007666666666666667,0.11066666666666666,0.07133333333333333,0.06066666666666668,0.016333333333333335,0.41
88,79,2022-04-24,3,3,2021-2022,Bauru Basket,Pato Basquete,1,0.3950000000000001,0.15850000000000003,0.178,0.05850000000000001,0.1736666666666667,0.038500000000000006,0.13516666666666666,0.08166666666666668,0.059500000000000004,1.4459999999999995,0.05283333333333333,0.14750000000000002,35.17466666666667,0.089,0.16766666666666666,53.217999999999996,0.05850000000000001,0.0765,75.55533333333332,0.004,0.03550000000000001,0.6093333333333333,0.006166666666666667,0.09083333333333335,0.07000000000000002,0.059500000000000004,0.013833333333333335,0.4411666666666667,0.37216666666666665,0.13949999999999999,0.17400000000000002,0.058666666666666666,0.17216666666666666,0.048499999999999995,0.12366666666666665,0.06433333333333334,0.06883333333333333,0.9986666666666667,0.0465,0.154,30.01866666666666,0.08700000000000001,0.16899999999999998,51.56333333333334,0.058666666666666666,0.07949999999999999,73.98933333333336,0.010166666666666668,0.035500000000000004,0.5519999999999999,0.005666666666666665,0.10000000000000002,0.059333333333333335,0.06883333333333333,0.01766666666666667,0.37066666666666676
68,64,2022-04-25,3,3,2021-2022,Paulistano,Rio Claro,1,0.3863333333333333,0.12700000000000003,0.19400666666666666,0.06533666666666667,0.1826666666666667,0.05166333333333335,0.13099333333333335,0.073,0.06367333333333335,1.4240000000000002,0.04232666666666667,0.1273366666666667,32.897333333333336,0.09699333333333332,0.18867000000000006,51.15600000000001,0.06533666666666667,0.08766333333333334,73.00666666666666,0.010006666666666665,0.03567333333333333,0.746,0.009666666666666665,0.09867000000000001,0.09866666666666668,0.06367333333333335,0.011670000000000002,0.42467333333333335,0.3873333333333333,0.1145,0.19700000000000006,0.07583333333333334,0.17733333333333332,0.05433333333333335,0.12299999999999998,0.07050000000000001,0.06116666666666668,1.1873333333333334,0.03816666666666667,0.11566666666666668,32.64466666666667,0.09850000000000003,0.19499999999999998,50.95666666666666,0.07583333333333334,0.09750000000000002,77.228,0.009166666666666667,0.02766666666666667,0.4699999999999999,0.008166666666666666,0.10966666666666666,0.07466666666666667,0.06116666666666668,0.014666666666666668,0.4141666666666667
85,65,2022-04-27,1,4,2021-2022,Minas,UNIFACISA,1,0.41666666666666674,0.1465,0.201,0.06916666666666665,0.18200000000000005,0.04733333333333333,0.13466666666666668,0.08166666666666668,0.06733333333333333,1.2899999999999998,0.04883333333333335,0.13599999999999998,35.53333333333333,0.1005,0.17016666666666672,58.934,0.06916666666666665,0.08783333333333333,78.74000000000001,0.015333333333333336,0.030500000000000006,0.47200000000000003,0.011500000000000003,0.08983333333333335,0.13,0.06733333333333333,0.014666666666666668,0.4795,0.37883333333333336,0.15099999999999994,0.17266666666666663,0.055166666666666676,0.188,0.05433333333333334,0.13366666666666663,0.06983333333333334,0.06666666666666667,1.1286666666666667,0.05033333333333334,0.1451666666666667,34.254,0.08633333333333332,0.1726666666666667,50.29933333333334,0.055166666666666676,0.07349999999999998,75.49733333333333,0.006333333333333335,0.03900000000000001,0.6186666666666667,0.008333333333333335,0.09233333333333334,0.09133333333333334,0.06666666666666667,0.011000000000000003,0.41783333333333333
95,86,2022-04-27,1,4,2021-2022,Sesi Franca,Pinheiros,1,0.44149999999999995,0.15,0.21899999999999997,0.07250000000000001,0.19133333333333333,0.0505,0.14083333333333334,0.08499999999999999,0.04883333333333335,1.95,0.05000000000000001,0.14666666666666664,33.664,0.10949999999999999,0.18549999999999997,60.145999999999994,0.07250000000000001,0.09266666666666666,78.36533333333335,0.015833333333333335,0.026833333333333334,0.6173333333333334,0.010000000000000004,0.08683333333333333,0.12333333333333334,0.04883333333333335,0.007833333333333335,0.513,0.4164966666666667,0.1495,0.20866666666666672,0.05832999999999999,0.19949666666666663,0.06500000000000002,0.13449666666666665,0.08649666666666665,0.06499999999999999,1.371333333333333,0.04983,0.13999666666666669,35.973333333333336,0.10433333333333336,0.20566666666666672,51.084666666666664,0.05832999999999999,0.08099666666666666,71.16266666666667,0.010996666666666667,0.03666333333333334,0.5733333333333334,0.012333333333333335,0.08283666666666667,0.14533333333333331,0.06499999999999999,0.013836666666666667,0.47232999999999997
90,65,2022-04-28,1,4,2021-2022,São Paulo,Bauru Basket,1,0.42866666666666675,0.15150000000000002,0.19866666666666666,0.07850000000000001,0.18516666666666665,0.03766666666666666,0.1475,0.08800000000000001,0.057333333333333326,1.6053333333333333,0.0505,0.13816666666666672,36.516,0.09933333333333333,0.16516666666666663,59.858,0.07850000000000001,0.1055,74.58999999999999,0.012000000000000002,0.03266666666666667,0.5920000000000001,0.014500000000000006,0.09299999999999999,0.154,0.057333333333333326,0.006,0.5111666666666667,0.396,0.163,0.17200000000000001,0.061000000000000006,0.16666666666666669,0.035333333333333335,0.13133333333333333,0.08033333333333334,0.05933333333333334,1.4240000000000002,0.05433333333333333,0.14733333333333337,36.25,0.08600000000000001,0.16333333333333336,52.76133333333333,0.061000000000000006,0.07766666666666668,77.48333333333333,0.0036666666666666666,0.03566666666666667,0.6153333333333334,0.006666666666666667,0.09233333333333335,0.07200000000000001,0.05933333333333334,0.013333333333333332,0.43900000000000006
74,68,2022-04-28,1,4,2021-2022,Flamengo,Paulistano,1,0.4449966666666666,0.212,0.16599666666666663,0.06699999999999999,0.203,0.05799666666666667,0.14500333333333332,0.09666666666666665,0.05766666666666667,1.789333333333333,0.07067000000000001,0.19333000000000003,36.73933333333333,0.08300333333333332,0.1443366666666667,56.89866666666667,0.06699999999999999,0.08666666666666664,75.79266666666668,0.007003333333333334,0.028666666666666674,0.5453333333333334,0.015003333333333336,0.08600333333333333,0.18066666666666667,0.05766666666666667,0.00867,0.5269966666666667,0.38422333333333325,0.12966666666666665,0.18978333333333333,0.06477999999999999,0.18177666666666667,0.053553333333333356,0.12821666666666667,0.07377666666666667,0.06311666666666667,1.4573333333333336,0.043216666666666674,0.12844666666666668,33.296,0.09488333333333333,0.18578000000000003,50.70266666666668,0.06477999999999999,0.08633,73.80133333333333,0.01078333333333333,0.034116666666666656,0.7226666666666668,0.010333333333333333,0.09644666666666667,0.10933333333333334,0.06311666666666667,0.011779999999999997,0.42345
84,92,2022-04-30,2,4,2021-2022,Pinheiros,Sesi Franca,0,0.4126633333333334,0.149,0.2053333333333334,0.05833,0.20032999999999998,0.06633333333333333,0.13399666666666663,0.08432999999999999,0.064,1.3566666666666665,0.04966333333333333,0.14166333333333336,35.54466666666667,0.1026666666666667,0.20400000000000001,50.59133333333333,0.05833,0.07999666666666667,72.00933333333334,0.01033,0.03366333333333334,0.5413333333333334,0.012000000000000002,0.08200333333333334,0.14333333333333334,0.064,0.013003333333333334,0.46399666666666667,0.44,0.146,0.22066666666666668,0.07333333333333332,0.19133333333333333,0.04900000000000001,0.14233333333333334,0.08566666666666668,0.04766666666666667,1.9980000000000002,0.048666666666666664,0.14366666666666666,33.64666666666667,0.11033333333333334,0.18933333333333333,59.251999999999995,0.07333333333333332,0.09333333333333332,78.68533333333335,0.016333333333333335,0.02766666666666667,0.6453333333333334,0.010000000000000002,0.08766666666666666,0.12133333333333333,0.04766666666666667,0.007666666666666666,0.513
91,80,2022-04-30,2,4,2021-2022,UNIFACISA,Minas,1,0.3706666666666667,0.14799999999999996,0.17,0.052666666666666674,0.18633333333333332,0.05433333333333334,0.132,0.06966666666666668,0.06666666666666667,1.1246666666666667,0.04933333333333333,0.14400000000000002,33.896,0.085,0.175,48.754000000000005,0.052666666666666674,0.06999999999999999,76.10533333333333,0.006666666666666668,0.03900000000000001,0.6186666666666667,0.008,0.091,0.08800000000000002,0.06666666666666667,0.010333333333333335,0.405,0.41500000000000004,0.14500000000000002,0.20266666666666666,0.06733333333333331,0.18300000000000002,0.04800000000000001,0.13499999999999998,0.08066666666666668,0.065,1.322,0.04833333333333334,0.1363333333333333,35.10466666666667,0.10133333333333333,0.17166666666666672,58.89666666666667,0.06733333333333331,0.08433333333333333,79.346,0.015333333333333336,0.02966666666666667,0.47866666666666663,0.01066666666666667,0.08733333333333333,0.12666666666666668,0.065,0.014333333333333335,0.4786666666666667
73,80,2022-05-01,2,4,2021-2022,Paulistano,Flamengo,0,0.38211333333333336,0.13333333333333333,0.18689333333333333,0.061889999999999994,0.18388666666666664,0.05444333333333335,0.12944000000000003,0.07422,0.06289333333333334,1.4720000000000002,0.044440000000000014,0.12789000000000003,34.50266666666666,0.09344,0.18622333333333335,49.89266666666668,0.061889999999999994,0.08333,72.60866666666666,0.011226666666666666,0.03256,0.6953333333333335,0.010666666666666665,0.09755666666666668,0.11133333333333333,0.06289333333333334,0.011223333333333333,0.42289333333333334,0.43466333333333323,0.20400000000000001,0.16166333333333333,0.06899999999999998,0.20500000000000007,0.06066333333333333,0.14433666666666667,0.09449999999999999,0.05583333333333334,1.795333333333333,0.06800333333333335,0.19166333333333335,35.308,0.08083666666666667,0.14517,55.245999999999995,0.06899999999999998,0.0898333333333333,75.278,0.006503333333333333,0.027666666666666673,0.5373333333333334,0.01467,0.08617000000000001,0.176,0.05583333333333334,0.008669999999999999,0.51183
62,85,2022-05-01,2,4,2021-2022,Bauru Basket,São Paulo,0,0.3950000000000001,0.165,0.1716666666666667,0.05833333333333334,0.16766666666666669,0.035166666666666666,0.1325,0.08016666666666666,0.058166666666666686,1.4440000000000002,0.055,0.14999999999999997,36.17933333333334,0.08583333333333334,0.16283333333333333,52.80466666666667,0.05833333333333334,0.07349999999999998,79.41866666666667,0.0031666666666666666,0.03566666666666669,0.624,0.007166666666666667,0.093,0.07733333333333332,0.058166666666666686,0.013500000000000002,0.44033333333333324,0.42966666666666675,0.151,0.2013333333333333,0.07733333333333335,0.18766666666666668,0.03733333333333333,0.15033333333333335,0.09066666666666666,0.05633333333333333,1.7086666666666668,0.05033333333333334,0.13900000000000004,36.23800000000001,0.10066666666666665,0.1663333333333333,60.21733333333332,0.07733333333333335,0.10333333333333332,75.05799999999999,0.012333333333333335,0.03266666666666667,0.604,0.015333333333333338,0.09066666666666665,0.18066666666666667,0.05633333333333333,0.005333333333333334,0.5193333333333333
79,91,2022-05-02,3,4,2021-2022,Pinheiros,Sesi Franca,0,0.4129966666666667,0.15,0.2043333333333334,0.05866333333333332,0.19932999999999995,0.06533333333333334,0.13399666666666665,0.08516333333333333,0.06283333333333334,1.396,0.04999666666666667,0.14383,35.34066666666667,0.1021666666666667,0.2045,50.173333333333325,0.05866333333333332,0.07966333333333335,72.80266666666667,0.009830000000000002,0.03516333333333334,0.5753333333333334,0.012166666666666668,0.08150333333333333,0.146,0.06283333333333334,0.011170000000000003,0.4648299999999999,0.44266666666666665,0.14950000000000002,0.22233333333333336,0.07083333333333333,0.19216666666666665,0.047000000000000014,0.1451666666666667,0.08800000000000002,0.048,2.030666666666667,0.049833333333333334,0.14316666666666664,34.662666666666674,0.11116666666666668,0.19166666666666668,58.91799999999999,0.07083333333333333,0.09066666666666666,78.36666666666665,0.016,0.02866666666666667,0.66,0.010333333333333332,0.08683333333333332,0.128,0.048,0.007500000000000001,0.5201666666666667
85,88,2022-05-02,3,4,2021-2022,UNIFACISA,Minas,0,0.37550000000000006,0.1495,0.17233333333333337,0.05366666666666666,0.18783333333333332,0.054333333333333345,0.1335,0.0715,0.06566666666666668,1.16,0.04983333333333333,0.14400000000000002,34.28066666666667,0.08616666666666668,0.17616666666666667,49.035999999999994,0.05366666666666666,0.07183333333333335,75.79066666666667,0.006666666666666668,0.03916666666666667,0.6266666666666668,0.008166666666666668,0.09300000000000001,0.08666666666666668,0.06566666666666668,0.010000000000000002,0.4141666666666666,0.40800000000000003,0.13900000000000004,0.1993333333333333,0.06966666666666664,0.18066666666666667,0.05,0.13066666666666668,0.07933333333333334,0.06633333333333334,1.224,0.04633333333333334,0.13666666666666663,33.648666666666664,0.09966666666666665,0.17300000000000001,57.606666666666676,0.06966666666666664,0.08666666666666668,79.91266666666667,0.014333333333333339,0.03066666666666667,0.4766666666666666,0.011000000000000003,0.08733333333333332,0.13066666666666665,0.06633333333333334,0.014333333333333335,0.46266666666666667
71,88,2022-05-03,3,4,2021-2022,Bauru Basket,São Paulo,0,0.393,0.165,0.168,0.05999999999999999,0.16733333333333336,0.03500000000000001,0.13233333333333336,0.07966666666666668,0.057333333333333354,1.4500000000000002,0.055,0.15033333333333332,36.10866666666667,0.084,0.16,52.43666666666668,0.05999999999999999,0.07533333333333331,79.76666666666667,0.003,0.03566666666666669,0.6293333333333333,0.007666666666666667,0.09333333333333334,0.08333333333333333,0.057333333333333354,0.013666666666666667,0.4393333333333332,0.4286666666666667,0.14900000000000002,0.2033333333333333,0.07633333333333335,0.1903333333333333,0.03866666666666667,0.15166666666666667,0.09166666666666666,0.05533333333333333,1.7553333333333332,0.049666666666666665,0.13900000000000007,35.658,0.10166666666666666,0.16866666666666663,59.96333333333333,0.07633333333333335,0.10133333333333332,75.62933333333332,0.012333333333333337,0.030666666666666672,0.578,0.016000000000000004,0.09133333333333331,0.18666666666666665,0.05533333333333333,0.005000000000000002,0.5206666666666666
68,87,2022-05-03,3,4,2021-2022,Paulistano,Flamengo,0,0.38877999999999996,0.13333333333333333,0.1942266666666667,0.061223333333333324,0.17888666666666667,0.05211000000000002,0.12677333333333335,0.07688666666666669,0.06022666666666668,1.532,0.044440000000000014,0.1235566666666667,35.69266666666666,0.09710666666666666,0.19022333333333336,50.93733333333334,0.061223333333333324,0.08166333333333332,73.77266666666668,0.011226666666666666,0.03322666666666667,0.7113333333333335,0.010333333333333335,0.09989000000000002,0.10533333333333332,0.06022666666666668,0.011890000000000001,0.43522666666666665,0.42633000000000004,0.206,0.15533,0.065,0.20133333333333336,0.060329999999999995,0.14100333333333334,0.09266666666666666,0.05533333333333334,1.7799999999999998,0.06867000000000001,0.1919966666666667,35.624,0.07766999999999999,0.14233666666666667,54.09866666666666,0.065,0.08633333333333332,73.62933333333335,0.006336666666666668,0.028333333333333335,0.5486666666666669,0.01433666666666667,0.08667000000000001,0.17066666666666663,0.05533333333333334,0.010336666666666664,0.49833
75,63,2022-05-07,4,4,2021-2022,Minas,UNIFACISA,1,0.41000000000000003,0.142,0.19666666666666666,0.07133333333333332,0.18016666666666664,0.04966666666666668,0.13050000000000003,0.07683333333333334,0.06750000000000002,1.1726666666666667,0.04733333333333334,0.1371666666666666,34.288,0.09833333333333333,0.1721666666666667,57.16600000000001,0.07133333333333332,0.08833333333333335,80.40866666666668,0.014500000000000004,0.03099999999999999,0.4713333333333332,0.010333333333333335,0.08816666666666666,0.12333333333333332,0.06750000000000002,0.014000000000000004,0.46016666666666667,0.37833333333333335,0.14999999999999997,0.1766666666666667,0.051666666666666666,0.18766666666666668,0.055666666666666684,0.132,0.07100000000000001,0.06466666666666666,1.162,0.05000000000000001,0.14533333333333331,34.06666666666667,0.08833333333333335,0.17933333333333332,49.15333333333333,0.051666666666666666,0.07100000000000001,73.94933333333333,0.007000000000000001,0.03866666666666667,0.6253333333333334,0.008333333333333333,0.09600000000000003,0.08400000000000002,0.06466666666666666,0.009666666666666667,0.4136666666666666
80,78,2022-05-11,1,5,2021-2022,Sesi Franca,São Paulo,1,0.445,0.153,0.2246666666666667,0.06733333333333333,0.19233333333333333,0.04466666666666667,0.1476666666666667,0.09166666666666666,0.048666666666666664,2.0753333333333335,0.05100000000000001,0.1443333333333333,35.18266666666667,0.11233333333333335,0.191,60.011999999999986,0.06733333333333333,0.088,76.71466666666667,0.016,0.029333333333333336,0.6666666666666667,0.010666666666666665,0.08766666666666666,0.13,0.048666666666666664,0.007333333333333333,0.5276666666666666,0.4336666666666667,0.154,0.20866666666666667,0.071,0.18799999999999997,0.03666666666666667,0.15133333333333335,0.09400000000000001,0.05566666666666666,1.7839999999999998,0.05133333333333333,0.1416666666666667,36.035333333333334,0.10433333333333333,0.1683333333333333,62.018,0.071,0.09533333333333331,74.868,0.013000000000000005,0.031666666666666676,0.59,0.015333333333333336,0.09,0.18266666666666664,0.05566666666666666,0.005666666666666668,0.5283333333333332
76,67,2022-05-12,1,5,2021-2022,Flamengo,Minas,1,0.42999666666666664,0.2055,0.16099666666666665,0.0635,0.19983333333333336,0.060329999999999995,0.13950333333333337,0.09500000000000001,0.05483333333333333,1.8293333333333333,0.06850333333333335,0.18683000000000002,36.970666666666666,0.08050333333333334,0.14633666666666664,54.773999999999994,0.0635,0.08633333333333332,71.62933333333334,0.007336666666666668,0.029,0.5640000000000001,0.013836666666666667,0.08633666666666669,0.16466666666666666,0.05483333333333333,0.010336666666666664,0.50583,0.4076666666666667,0.142,0.19266666666666665,0.073,0.18333333333333332,0.04966666666666668,0.13366666666666668,0.077,0.06966666666666668,1.1426666666666665,0.04733333333333334,0.1373333333333333,34.25266666666666,0.09633333333333333,0.169,57.20466666666667,0.073,0.08966666666666669,81.15866666666666,0.015333333333333336,0.029999999999999995,0.44599999999999995,0.011,0.08733333333333332,0.13333333333333333,0.06966666666666668,0.012666666666666666,0.46
87,74,2022-05-14,2,5,2021-2022,São Paulo,Sesi Franca,1,0.42883333333333334,0.15099999999999997,0.2066666666666667,0.07116666666666667,0.18916666666666662,0.03666666666666666,0.1525,0.09033333333333335,0.05516666666666667,1.7246666666666668,0.050333333333333334,0.14233333333333334,35.162000000000006,0.10333333333333335,0.1668333333333333,61.947333333333326,0.07116666666666667,0.09816666666666665,73.37799999999999,0.011833333333333336,0.03166666666666667,0.5966666666666666,0.014333333333333335,0.09066666666666666,0.17266666666666666,0.05516666666666667,0.005833333333333333,0.5166666666666665,0.4393333333333334,0.15,0.22066666666666668,0.06866666666666668,0.19466666666666665,0.04533333333333334,0.14933333333333335,0.09000000000000001,0.04633333333333333,2.0933333333333333,0.05000000000000001,0.14466666666666664,34.36266666666667,0.11033333333333334,0.19366666666666665,57.684000000000005,0.06866666666666668,0.09066666666666666,76.15333333333335,0.01633333333333333,0.029000000000000005,0.6753333333333333,0.010333333333333333,0.09133333333333334,0.12199999999999998,0.04633333333333333,0.007,0.5170000000000001
63,77,2022-05-15,2,5,2021-2022,Minas,Flamengo,0,0.398,0.13499999999999998,0.18866666666666668,0.07433333333333333,0.17866666666666664,0.04800000000000001,0.13066666666666668,0.07483333333333334,0.07033333333333334,1.1026666666666667,0.045000000000000005,0.13383333333333333,33.41133333333334,0.09433333333333334,0.1665,56.86466666666667,0.07433333333333333,0.09116666666666669,81.234,0.015000000000000003,0.02966666666666667,0.43799999999999994,0.011,0.08816666666666668,0.13133333333333336,0.07033333333333334,0.013000000000000001,0.444,0.4296633333333333,0.20400000000000004,0.15999666666666665,0.06566666666666666,0.19800000000000004,0.06166333333333334,0.13633666666666666,0.09600000000000002,0.05616666666666667,1.8079999999999998,0.06800333333333335,0.18499666666666667,37.024,0.08000333333333334,0.14617000000000002,54.527333333333324,0.06566666666666666,0.088,72.826,0.0076700000000000015,0.03033333333333333,0.5760000000000001,0.012670000000000004,0.08633666666666669,0.154,0.05616666666666667,0.010670000000000002,0.5049966666666666
65,78,2022-05-16,3,5,2021-2022,São Paulo,Sesi Franca,0,0.42699999999999994,0.15200000000000002,0.20600000000000002,0.06899999999999999,0.1933333333333333,0.03866666666666666,0.15466666666666667,0.08933333333333335,0.05600000000000001,1.6833333333333331,0.050666666666666665,0.14333333333333334,35.07733333333333,0.10300000000000001,0.16899999999999998,61.083999999999996,0.06899999999999999,0.09633333333333334,72.36466666666666,0.011666666666666669,0.03166666666666667,0.5893333333333334,0.013666666666666667,0.09100000000000001,0.16599999999999998,0.05600000000000001,0.006333333333333333,0.5129999999999999,0.4351666666666667,0.15050000000000002,0.21333333333333335,0.07133333333333333,0.19333333333333336,0.04516666666666667,0.14816666666666667,0.08916666666666669,0.047833333333333325,1.976,0.05016666666666668,0.14633333333333332,34.156666666666666,0.10666666666666667,0.18949999999999997,56.86333333333334,0.07133333333333333,0.09416666666666666,75.794,0.014833333333333336,0.028833333333333332,0.642,0.011333333333333334,0.0935,0.13066666666666665,0.047833333333333325,0.006666666666666667,0.5081666666666667
80,91,2022-05-17,3,5,2021-2022,Minas,Flamengo,0,0.38700000000000007,0.127,0.184,0.076,0.17566666666666667,0.046666666666666676,0.129,0.07266666666666667,0.06966666666666667,1.0833333333333333,0.042333333333333334,0.13133333333333333,32.019333333333336,0.092,0.16566666666666666,55.788000000000004,0.076,0.09366666666666669,80.86,0.015000000000000003,0.029000000000000005,0.4313333333333333,0.011,0.09000000000000001,0.128,0.06966666666666667,0.013000000000000001,0.4253333333333334,0.42966333333333334,0.20249999999999999,0.15699666666666667,0.07016666666666667,0.1988333333333334,0.06266333333333335,0.13616999999999999,0.09433333333333334,0.05749999999999999,1.746,0.06750333333333333,0.18316333333333334,37.07733333333333,0.07850333333333334,0.14467000000000002,54.06466666666666,0.07016666666666667,0.093,73.70533333333331,0.008336666666666668,0.03166666666666666,0.5879999999999999,0.011169999999999998,0.08567,0.14000000000000004,0.05749999999999999,0.011336666666666667,0.5034966666666666
81,78,2022-05-21,4,5,2021-2022,Sesi Franca,São Paulo,1,0.43233333333333335,0.149,0.2106666666666667,0.07266666666666667,0.198,0.04866666666666667,0.14933333333333332,0.08666666666666667,0.050666666666666665,1.8046666666666666,0.049666666666666665,0.1473333333333333,33.638,0.10533333333333335,0.188,56.622,0.07266666666666667,0.09699999999999999,74.68933333333332,0.013666666666666667,0.028000000000000004,0.5893333333333335,0.011666666666666667,0.09700000000000003,0.13066666666666668,0.050666666666666665,0.006666666666666668,0.5013333333333334,0.4168333333333333,0.1485,0.20233333333333337,0.066,0.18866666666666665,0.038166666666666675,0.15050000000000002,0.08466666666666667,0.05566666666666668,1.588,0.049499999999999995,0.14566666666666664,33.958,0.10116666666666668,0.1668333333333333,60.78333333333334,0.066,0.09250000000000001,72.11733333333333,0.011333333333333336,0.03183333333333334,0.6006666666666667,0.012833333333333334,0.09200000000000003,0.15733333333333333,0.05566666666666668,0.006333333333333333,0.4908333333333332
85,79,2022-05-28,1,6,2021-2022,Sesi Franca,Flamengo,1,0.4280000000000001,0.145,0.20933333333333337,0.07366666666666667,0.20033333333333336,0.050166666666666665,0.15016666666666667,0.0875,0.05166666666666667,1.7920000000000003,0.04833333333333334,0.145,33.31066666666666,0.10466666666666669,0.19016666666666665,55.57000000000001,0.07366666666666667,0.09833333333333331,74.67999999999999,0.013000000000000001,0.02883333333333334,0.5966666666666668,0.0125,0.09800000000000002,0.13733333333333334,0.05166666666666667,0.006000000000000001,0.49866666666666665,0.4269966666666667,0.19549999999999998,0.15966333333333335,0.07183333333333333,0.1978333333333334,0.06233000000000001,0.13550333333333334,0.09600000000000002,0.05949999999999999,1.7146666666666668,0.06517,0.17883000000000002,36.798,0.07983666666666668,0.14800333333333335,53.62333333333333,0.07183333333333333,0.095,73.85666666666665,0.009003333333333334,0.032333333333333325,0.5853333333333333,0.010503333333333335,0.08667,0.13066666666666668,0.05949999999999999,0.012336666666666666,0.49916333333333335
62,64,2022-06-02,2,6,2021-2022,Flamengo,Sesi Franca,0,0.4279966666666667,0.18900000000000003,0.16799666666666668,0.071,0.1973333333333334,0.06199666666666668,0.1353366666666667,0.09533333333333333,0.05833333333333332,1.730666666666667,0.06300333333333334,0.17533,36.18933333333333,0.08400333333333335,0.15400333333333335,54.447333333333326,0.071,0.09500000000000001,72.74533333333333,0.009336666666666667,0.03333333333333333,0.616,0.009003333333333334,0.08700333333333334,0.11066666666666668,0.05833333333333332,0.012003333333333333,0.49833,0.425,0.147,0.2066666666666667,0.07133333333333333,0.20266666666666666,0.05,0.15266666666666667,0.08833333333333333,0.053666666666666675,1.7600000000000002,0.04900000000000001,0.146,33.46399999999999,0.10333333333333335,0.18999999999999997,54.74666666666667,0.07133333333333333,0.09433333333333332,75.76733333333331,0.01266666666666667,0.028333333333333342,0.5793333333333334,0.013000000000000001,0.09700000000000002,0.14400000000000002,0.053666666666666675,0.006333333333333334,0.497
81,75,2022-06-04,3,6,2021-2022,Flamengo,Sesi Franca,1,0.42055333333333333,0.18533333333333335,0.16555333333333336,0.06966666666666668,0.19866666666666669,0.06355333333333335,0.13511333333333334,0.093,0.058333333333333334,1.6920000000000002,0.06178000000000002,0.17488666666666666,35.652,0.08278000000000002,0.1544466666666667,53.388,0.06966666666666668,0.09466666666666669,71.37266666666667,0.008780000000000001,0.033999999999999996,0.6273333333333333,0.008446666666666667,0.08811333333333334,0.10333333333333335,0.058333333333333334,0.012446666666666668,0.4865533333333333,0.4123333333333334,0.148,0.194,0.07033333333333333,0.20533333333333337,0.053,0.15233333333333332,0.08666666666666666,0.05600000000000001,1.614666666666667,0.04933333333333334,0.14833333333333334,33.175999999999995,0.097,0.18599999999999997,52.39733333333333,0.07033333333333333,0.09400000000000001,75.00533333333333,0.012000000000000004,0.02733333333333334,0.516,0.014333333333333333,0.09600000000000003,0.15866666666666668,0.05600000000000001,0.007000000000000001,0.4783333333333333
80,65,2022-06-09,4,6,2021-2022,Sesi Franca,Flamengo,1,0.4116666666666667,0.15099999999999997,0.18866666666666668,0.07200000000000001,0.20766666666666664,0.051666666666666666,0.156,0.08600000000000001,0.055,1.6513333333333335,0.05033333333333334,0.14966666666666667,33.65866666666666,0.09433333333333334,0.182,52.059333333333335,0.07200000000000001,0.09666666666666666,74.46266666666666,0.011666666666666669,0.02600000000000001,0.49733333333333335,0.014666666666666666,0.09866666666666667,0.16000000000000003,0.055,0.006666666666666667,0.4793333333333332,0.4194433333333334,0.18066666666666667,0.16844333333333336,0.07033333333333334,0.19933333333333333,0.06411000000000001,0.13522333333333333,0.09333333333333332,0.056666666666666664,1.7773333333333334,0.060223333333333344,0.1717766666666667,35.32333333333334,0.08422333333333336,0.15789000000000003,53.07466666666666,0.07033333333333334,0.097,70.55533333333334,0.009556666666666666,0.032999999999999995,0.6226666666666667,0.007556666666666668,0.08889,0.09266666666666669,0.056666666666666664,0.012223333333333334,0.48411000000000004
73,85,2022-10-15,1,1,2022-2023,Minas,Flamengo,0,0.0,0.0,0.0,0.0,0.0,0.0,0.0,0.0,0.0,0.0,0.0,0.0,0.0,0.0,0.0,0.0,0.0,0.0,0.0,0.0,0.0,0.0,0.0,0.0,0.0,0.0,0.0,0.0,0.0,0.0,0.0,0.0,0.0,0.0,0.0,0.0,0.0,0.0,0.0,0.0,0.0,0.0,0.0,0.0,0.0,0.0,0.0,0.0,0.0,0.0,0.0,0.0,0.0,0.0,0.0,0.0
90,79,2022-10-15,1,1,2022-2023,UNIFACISA,Cerrado,1,0.0,0.0,0.0,0.0,0.0,0.0,0.0,0.0,0.0,0.0,0.0,0.0,0.0,0.0,0.0,0.0,0.0,0.0,0.0,0.0,0.0,0.0,0.0,0.0,0.0,0.0,0.0,0.0,0.0,0.0,0.0,0.0,0.0,0.0,0.0,0.0,0.0,0.0,0.0,0.0,0.0,0.0,0.0,0.0,0.0,0.0,0.0,0.0,0.0,0.0,0.0,0.0,0.0,0.0,0.0,0.0
93,88,2022-10-15,1,1,2022-2023,Rio Claro,Paulistano,1,0.0,0.0,0.0,0.0,0.0,0.0,0.0,0.0,0.0,0.0,0.0,0.0,0.0,0.0,0.0,0.0,0.0,0.0,0.0,0.0,0.0,0.0,0.0,0.0,0.0,0.0,0.0,0.0,0.0,0.0,0.0,0.0,0.0,0.0,0.0,0.0,0.0,0.0,0.0,0.0,0.0,0.0,0.0,0.0,0.0,0.0,0.0,0.0,0.0,0.0,0.0,0.0,0.0,0.0,0.0,0.0
82,77,2022-10-15,1,1,2022-2023,Corinthians,Coop/São José Basketball,1,0.0,0.0,0.0,0.0,0.0,0.0,0.0,0.0,0.0,0.0,0.0,0.0,0.0,0.0,0.0,0.0,0.0,0.0,0.0,0.0,0.0,0.0,0.0,0.0,0.0,0.0,0.0,0.0,0.0,0.0,0.0,0.0,0.0,0.0,0.0,0.0,0.0,0.0,0.0,0.0,0.0,0.0,0.0,0.0,0.0,0.0,0.0,0.0,0.0,0.0,0.0,0.0,0.0,0.0,0.0,0.0
61,71,2022-10-17,2,1,2022-2023,Pato Basquete,Coop/São José Basketball,0,0.0,0.0,0.0,0.0,0.0,0.0,0.0,0.0,0.0,0.0,0.0,0.0,0.0,0.0,0.0,0.0,0.0,0.0,0.0,0.0,0.0,0.0,0.0,0.0,0.0,0.0,0.0,0.0,0.385,0.135,0.18,0.07,0.19,0.06,0.13,0.1,0.08,1.25,0.045,0.175,25.71,0.09,0.14,64.29,0.07,0.1,70.0,0.005,0.035,0.44,0.0,0.09,0.0,0.08,0.035,0.42
84,71,2022-10-17,2,1,2022-2023,UNIFACISA,BRB/Brasília,1,0.45,0.09,0.3,0.06,0.2,0.04,0.16,0.12,0.095,1.26,0.03,0.08,37.5,0.15,0.215,69.77,0.06,0.09,66.67,0.015,0.035,0.37,0.01,0.1,0.1,0.095,0.03,0.575,0.0,0.0,0.0,0.0,0.0,0.0,0.0,0.0,0.0,0.0,0.0,0.0,0.0,0.0,0.0,0.0,0.0,0.0,0.0,0.0,0.0,0.0,0.0,0.0,0.0,0.0,0.0,0.0
80,86,2022-10-17,2,1,2022-2023,Fortaleza B. C. / CFO,Cerrado,0,0.0,0.0,0.0,0.0,0.0,0.0,0.0,0.0,0.0,0.0,0.0,0.0,0.0,0.0,0.0,0.0,0.0,0.0,0.0,0.0,0.0,0.0,0.0,0.0,0.0,0.0,0.0,0.0,0.395,0.15,0.17,0.075,0.135,0.045,0.09,0.095,0.06,1.58,0.05,0.17,29.41,0.085,0.145,58.62,0.075,0.11,68.18,0.025,0.045,0.75,0.0,0.08,0.0,0.06,0.005,0.395
71,98,2022-10-17,2,1,2022-2023,Rio Claro,São Paulo,0,0.465,0.105,0.31,0.05,0.16,0.03,0.13,0.09,0.06,1.5,0.035,0.105,33.33,0.155,0.21,73.81,0.05,0.06,83.33,0.03,0.025,0.42,0.02,0.115,0.17,0.06,0.005,0.565,0.0,0.0,0.0,0.0,0.0,0.0,0.0,0.0,0.0,0.0,0.0,0.0,0.0,0.0,0.0,0.0,0.0,0.0,0.0,0.0,0.0,0.0,0.0,0.0,0.0,0.0,0.0,0.0
81,72,2022-10-18,2,1,2022-2023,Pinheiros,Minas,1,0.0,0.0,0.0,0.0,0.0,0.0,0.0,0.0,0.0,0.0,0.0,0.0,0.0,0.0,0.0,0.0,0.0,0.0,0.0,0.0,0.0,0.0,0.0,0.0,0.0,0.0,0.0,0.0,0.365,0.12,0.22,0.025,0.195,0.09,0.105,0.08,0.045,1.78,0.04,0.14,28.57,0.11,0.22,50.0,0.025,0.035,71.43,0.015,0.03,0.67,0.01,0.11,0.09,0.045,0.01,0.415
83,62,2022-10-18,2,1,2022-2023,Sesi Franca,Paulistano,1,0.0,0.0,0.0,0.0,0.0,0.0,0.0,0.0,0.0,0.0,0.0,0.0,0.0,0.0,0.0,0.0,0.0,0.0,0.0,0.0,0.0,0.0,0.0,0.0,0.0,0.0,0.0,0.0,0.44,0.105,0.22,0.115,0.17,0.075,0.095,0.085,0.04,2.13,0.035,0.13,26.92,0.11,0.21,52.38,0.115,0.14,82.14,0.005,0.04,1.0,0.005,0.08,0.06,0.04,0.005,0.48
62,75,2022-10-19,2,1,2022-2023,Fortaleza B. C. / CFO,BRB/Brasília,0,0.355,0.0525,0.235,0.0675,0.235,0.0825,0.1525,0.07,0.085,0.82,0.0175,0.1025,17.07,0.1175,0.22,53.41,0.0675,0.155,43.55,0.01,0.04,0.47,0.02,0.14,0.14,0.085,0.0125,0.36,0.365,0.09,0.215,0.06,0.1825,0.0375,0.145,0.07,0.0575,1.22,0.03,0.13,23.08,0.1075,0.18,59.72,0.06,0.1075,55.81,0.015,0.0275,0.48,0.0,0.11,0.0,0.0575,0.0,0.3675
70,82,2022-10-20,2,1,2022-2023,Corinthians,Flamengo,0,0.41,0.075,0.26,0.075,0.14,0.02,0.12,0.1,0.06,1.67,0.025,0.1,25.0,0.13,0.195,66.67,0.075,0.105,71.43,0.005,0.035,0.58,0.02,0.09,0.22,0.06,0.02,0.475,0.425,0.195,0.14,0.09,0.18,0.05,0.13,0.11,0.055,2.0,0.065,0.175,37.14,0.07,0.11,63.64,0.09,0.13,69.23,0.005,0.02,0.36,0.015,0.07,0.21,0.055,0.01,0.505
72,82,2022-10-20,2,1,2022-2023,Bauru Basket,Minas,0,0.0,0.0,0.0,0.0,0.0,0.0,0.0,0.0,0.0,0.0,0.0,0.0,0.0,0.0,0.0,0.0,0.0,0.0,0.0,0.0,0.0,0.0,0.0,0.0,0.0,0.0,0.0,0.0,0.375,0.13874999999999998,0.1925,0.04375,0.19,0.065,0.125,0.0875,0.0675,1.42,0.04625,0.12625,37.620000000000005,0.09625,0.19375,49.625,0.04375,0.05375,78.82,0.008749999999999999,0.025,0.445,0.01,0.10125,0.1,0.0675,0.01875,0.4325
68,65,2022-10-21,2,1,2022-2023,Caxias do Sul Basquete,União Corinthians,1,0.0,0.0,0.0,0.0,0.0,0.0,0.0,0.0,0.0,0.0,0.0,0.0,0.0,0.0,0.0,0.0,0.0,0.0,0.0,0.0,0.0,0.0,0.0,0.0,0.0,0.0,0.0,0.0,0.0,0.0,0.0,0.0,0.0,0.0,0.0,0.0,0.0,0.0,0.0,0.0,0.0,0.0,0.0,0.0,0.0,0.0,0.0,0.0,0.0,0.0,0.0,0.0,0.0,0.0,0.0,0.0
64,91,2022-10-22,2,1,2022-2023,Pato Basquete,Flamengo,0,0.3125,0.1125,0.16,0.04,0.1875,0.0675,0.12,0.04,0.06,0.67,0.0375,0.1575,23.81,0.08,0.1725,46.38,0.04,0.0575,69.57,0.005,0.0375,0.63,0.0025,0.07,0.04,0.06,0.025,0.29,0.42874999999999996,0.2025,0.14750000000000002,0.07875,0.17625,0.04875,0.1275,0.10125,0.06125,1.685,0.0675,0.17625,38.29,0.07375000000000001,0.11875,62.21,0.07875,0.10875,73.185,0.00875,0.0225,0.365,0.008749999999999999,0.08,0.12,0.06125,0.01,0.4925
61,57,2022-10-22,2,1,2022-2023,Corinthians,Paulistano,1,0.36875,0.08249999999999999,0.22,0.06625,0.17875000000000002,0.04,0.13874999999999998,0.0875,0.08,1.21,0.0275,0.10625000000000001,25.835,0.11,0.18125000000000002,60.2,0.06625,0.09375,70.565,0.015000000000000001,0.02875,0.40499999999999997,0.027500000000000004,0.08875,0.31,0.08,0.025,0.43374999999999997,0.36875,0.0975,0.19,0.08125,0.19625,0.09,0.10625,0.07750000000000001,0.037500000000000006,2.065,0.0325,0.13624999999999998,23.985,0.095,0.24,41.005,0.08125,0.10125,79.07,0.005,0.04,1.0699999999999998,0.0075,0.09375,0.075,0.037500000000000006,0.0075,0.38375
79,93,2022-10-22,2,1,2022-2023,Rio Claro,Sesi Franca,0,0.42000000000000004,0.10875,0.26,0.051250000000000004,0.15875,0.03875,0.12,0.07625,0.05375,1.4100000000000001,0.036250000000000004,0.11,32.97,0.13,0.21625,60.5,0.051250000000000004,0.0625,82.05,0.02,0.0275,0.525,0.01375,0.10500000000000001,0.125,0.05375,0.0075,0.47124999999999995,0.44,0.2175,0.17,0.0525,0.2375,0.0575,0.18,0.085,0.0825,1.03,0.0725,0.17,42.65,0.085,0.14,60.71,0.0525,0.09,58.33,0.005,0.015,0.18,0.0125,0.08,0.16,0.0825,0.02,0.5175
93,95,2022-10-22,2,1,2022-2023,Cerrado,Pinheiros,0,0.42125,0.195,0.15000000000000002,0.07625,0.15625,0.0525,0.10375,0.0825,0.06625,1.275,0.065,0.19,33.755,0.07500000000000001,0.13624999999999998,54.8,0.07625,0.1125,67.785,0.01625,0.04625,0.7050000000000001,0.00375,0.09125,0.035,0.06625,0.00875,0.42125,0.44,0.1425,0.2,0.0975,0.1925,0.0625,0.13,0.1125,0.06,1.88,0.0475,0.1375,34.55,0.1,0.2025,49.38,0.0975,0.11,88.64,0.0125,0.0375,0.63,0.0275,0.0725,0.38,0.06,0.0,0.545
76,69,2022-10-24,3,1,2022-2023,Paulistano,Pato Basquete,1,0.34500000000000003,0.09500000000000001,0.18000000000000002,0.07,0.205,0.09499999999999999,0.10999999999999999,0.07500000000000001,0.036666666666666674,2.0433333333333334,0.03166666666666667,0.1383333333333333,23.006666666666664,0.09000000000000001,0.25,37.21333333333333,0.07,0.08833333333333333,78.04666666666667,0.005,0.04,1.093333333333333,0.008333333333333333,0.09833333333333333,0.08,0.036666666666666674,0.008333333333333333,0.3516666666666666,0.3125,0.1125,0.16,0.04,0.1875,0.0675,0.12,0.04,0.06,0.67,0.0375,0.1575,23.81,0.08,0.1725,46.38,0.04,0.0575,69.57,0.005,0.0375,0.63,0.0025,0.07,0.04,0.06,0.025,0.29
92,94,2022-10-24,3,1,2022-2023,Minas,Sesi Franca,0,0.37833333333333335,0.145,0.18333333333333335,0.049999999999999996,0.18833333333333332,0.05666666666666667,0.13166666666666668,0.09000000000000001,0.075,1.3,0.04833333333333333,0.12166666666666666,40.63666666666667,0.09166666666666667,0.18500000000000003,49.5,0.049999999999999996,0.06,81.28333333333332,0.006666666666666665,0.023333333333333334,0.37000000000000005,0.01,0.09833333333333334,0.10333333333333333,0.075,0.021666666666666667,0.4383333333333333,0.44,0.2175,0.17,0.0525,0.2375,0.0575,0.18,0.085,0.0825,1.03,0.0725,0.17,42.65,0.085,0.14,60.71,0.0525,0.09,58.33,0.005,0.015,0.18,0.0125,0.08,0.16,0.0825,0.02,0.5175
68,71,2022-10-24,3,1,2022-2023,BRB/Brasília,Pinheiros,0,0.365,0.09,0.215,0.06,0.1825,0.0375,0.145,0.07,0.0575,1.22,0.03,0.13,23.08,0.1075,0.18,59.72,0.06,0.1075,55.81,0.015,0.0275,0.48,0.0,0.11,0.0,0.0575,0.0,0.3675,0.44,0.1425,0.2,0.0975,0.1925,0.0625,0.13,0.1125,0.06,1.88,0.0475,0.1375,34.55,0.1,0.2025,49.38,0.0975,0.11,88.64,0.0125,0.0375,0.63,0.0275,0.0725,0.38,0.06,0.0,0.545
80,60,2022-10-25,3,1,2022-2023,Flamengo,Fortaleza B. C. / CFO,1,0.43,0.205,0.15000000000000002,0.075,0.17499999999999996,0.04833333333333334,0.12666666666666668,0.09833333333333334,0.06333333333333334,1.58,0.06833333333333334,0.17666666666666667,38.67333333333333,0.07500000000000001,0.12166666666666666,61.73333333333333,0.075,0.10166666666666667,74.50333333333333,0.01,0.023333333333333334,0.3666666666666667,0.006666666666666665,0.08333333333333333,0.09000000000000001,0.06333333333333334,0.01,0.4883333333333333,0.355,0.0525,0.235,0.0675,0.235,0.0825,0.1525,0.07,0.085,0.82,0.0175,0.1025,17.07,0.1175,0.22,53.41,0.0675,0.155,43.55,0.01,0.04,0.47,0.02,0.14,0.14,0.085,0.0125,0.36
98,77,2022-10-25,3,1,2022-2023,Corinthians,Rio Claro,1,0.355,0.085,0.20666666666666667,0.06333333333333334,0.19166666666666668,0.04666666666666667,0.145,0.08333333333333333,0.08666666666666667,1.0566666666666666,0.028333333333333332,0.10833333333333334,26.113333333333333,0.10333333333333333,0.17666666666666667,58.04333333333333,0.06333333333333334,0.09000000000000001,70.27666666666666,0.018333333333333337,0.02666666666666667,0.3466666666666667,0.030000000000000002,0.08833333333333333,0.34,0.08666666666666667,0.02666666666666667,0.42,0.405,0.11,0.24333333333333332,0.051666666666666666,0.15833333333333333,0.041666666666666664,0.11666666666666665,0.07166666666666667,0.051666666666666666,1.3800000000000001,0.036666666666666674,0.11166666666666668,32.85,0.12166666666666666,0.21833333333333335,56.06333333333333,0.051666666666666666,0.06333333333333334,81.62333333333333,0.016666666666666666,0.028333333333333332,0.56,0.011666666666666667,0.10166666666666668,0.11,0.051666666666666666,0.008333333333333333,0.43999999999999995
66,86,2022-10-26,3,1,2022-2023,BRB/Brasília,Bauru Basket,0,0.355,0.1025,0.18499999999999997,0.0675,0.18499999999999997,0.0425,0.1425,0.07,0.06083333333333333,1.16,0.03416666666666667,0.13749999999999998,24.676666666666666,0.09249999999999999,0.16749999999999998,54.43333333333334,0.0675,0.11083333333333334,60.60999999999999,0.011666666666666665,0.0275,0.4566666666666666,0.0,0.11,0.0,0.06083333333333333,0.005833333333333334,0.355,0.36,0.12,0.21,0.03,0.19,0.075,0.115,0.08,0.03,2.67,0.04,0.155,25.81,0.105,0.205,51.22,0.03,0.065,46.15,0.01,0.02,0.67,0.01,0.08,0.13,0.03,0.01,0.38
91,53,2022-10-27,3,1,2022-2023,Flamengo,UNIFACISA,1,0.429375,0.208125,0.15250000000000002,0.06875,0.19937499999999997,0.05750000000000001,0.141875,0.10562500000000001,0.064375,1.6575,0.069375,0.18125000000000002,38.3,0.07625000000000001,0.12875,59.63249999999999,0.06875,0.0975,70.5825,0.010625,0.025625000000000002,0.395,0.008749999999999999,0.081875,0.115,0.064375,0.009375,0.51125,0.435,0.14250000000000002,0.255,0.0375,0.185,0.037500000000000006,0.14750000000000002,0.11499999999999999,0.0775,1.545,0.0475,0.10250000000000001,44.75,0.1275,0.20500000000000002,61.81,0.0375,0.0625,54.765,0.0175,0.030000000000000002,0.395,0.005,0.095,0.05,0.0775,0.0225,0.5349999999999999
83,74,2022-10-27,3,1,2022-2023,Coop/São José Basketball,Fortaleza B. C. / CFO,1,0.37,0.15000000000000002,0.16999999999999998,0.05,0.20750000000000002,0.065,0.14250000000000002,0.0925,0.07250000000000001,1.28,0.05,0.16749999999999998,30.045,0.08499999999999999,0.15500000000000003,55.675000000000004,0.05,0.07250000000000001,68.33500000000001,0.005,0.037500000000000006,0.53,0.0025,0.08,0.035,0.07250000000000001,0.022500000000000003,0.4275,0.34833333333333333,0.0675,0.22166666666666668,0.05916666666666667,0.22583333333333333,0.07666666666666667,0.14916666666666667,0.06666666666666667,0.07166666666666667,0.9899999999999999,0.022500000000000003,0.11499999999999999,19.116666666666667,0.11083333333333334,0.21916666666666665,50.54999999999999,0.05916666666666667,0.13249999999999998,45.22333333333333,0.008333333333333333,0.03833333333333334,0.5733333333333334,0.015,0.12416666666666669,0.11,0.07166666666666667,0.009166666666666667,0.34833333333333333
99,90,2022-10-27,3,1,2022-2023,São Paulo,Pato Basquete,1,0.49,0.255,0.2,0.035,0.165,0.04,0.125,0.1,0.045,2.22,0.085,0.165,51.52,0.1,0.165,60.61,0.035,0.04,87.5,0.005,0.03,0.67,0.0,0.065,0.0,0.045,0.005,0.59,0.3408333333333333,0.12,0.17500000000000002,0.04583333333333334,0.18166666666666667,0.06,0.12166666666666666,0.05000000000000001,0.06333333333333334,0.7799999999999999,0.04,0.1575,25.396666666666665,0.08750000000000001,0.18166666666666664,48.00333333333333,0.04583333333333334,0.07333333333333333,64.63333333333333,0.0033333333333333335,0.051666666666666666,0.7999999999999999,0.004166666666666667,0.08166666666666667,0.05000000000000001,0.06333333333333334,0.023333333333333334,0.32583333333333336
87,81,2022-10-28,3,1,2022-2023,Minas,Caxias do Sul Basquete,1,0.395625,0.14812499999999998,0.195,0.0525,0.19,0.05500000000000001,0.135,0.093125,0.074375,1.3275,0.049374999999999995,0.124375,40.3825,0.0975,0.18875000000000003,51.5,0.0525,0.065625,79.145,0.008749999999999999,0.02875,0.4325,0.009375,0.09812500000000002,0.0975,0.074375,0.023125,0.463125,0.34,0.075,0.2,0.065,0.215,0.05,0.165,0.05,0.07,0.71,0.025,0.12,20.83,0.1,0.195,51.28,0.065,0.08,81.25,0.0,0.03,0.43,0.02,0.095,0.21,0.07,0.01,0.38
69,80,2022-10-28,3,1,2022-2023,Cerrado,Bauru Basket,0,0.43,0.21,0.14333333333333334,0.07666666666666666,0.16333333333333333,0.05499999999999999,0.10833333333333332,0.07833333333333334,0.06833333333333334,1.1733333333333331,0.07,0.19666666666666666,35.20333333333334,0.07166666666666667,0.13333333333333333,53.526666666666664,0.07666666666666666,0.11333333333333334,67.65333333333332,0.013333333333333334,0.04666666666666667,0.6900000000000001,0.005,0.09499999999999999,0.04666666666666667,0.06833333333333334,0.01,0.43,0.38749999999999996,0.11624999999999999,0.215,0.05625,0.18875,0.07125000000000001,0.1175,0.0825,0.03125,2.645,0.03875,0.14125,27.61,0.1075,0.21,51.19,0.05625,0.08499999999999999,62.36,0.01125,0.027500000000000004,0.875,0.00625,0.08875,0.08,0.03125,0.00625,0.4275
82,69,2022-10-29,3,1,2022-2023,Sesi Franca,São Paulo,1,0.44,0.205,0.17333333333333334,0.06166666666666667,0.22916666666666666,0.055,0.17416666666666666,0.08833333333333333,0.08333333333333333,1.06,0.06833333333333333,0.165,41.336666666666666,0.08666666666666667,0.14583333333333334,59.52,0.06166666666666667,0.09749999999999999,62.589999999999996,0.004166666666666667,0.015833333333333335,0.18999999999999997,0.010833333333333334,0.075,0.14666666666666667,0.08333333333333333,0.0175,0.5091666666666667,0.45499999999999996,0.20625,0.195,0.05375,0.16625,0.03375,0.1325,0.09125,0.05875,1.6800000000000002,0.06875,0.16375,41.915000000000006,0.0975,0.1625,59.995000000000005,0.05375,0.06625,82.94,0.0025,0.03875,0.665,0.005,0.07625,0.055,0.05875,0.00625,0.525
62,71,2022-10-29,3,1,2022-2023,Coop/São José Basketball,UNIFACISA,0,0.3675,0.1625,0.15833333333333333,0.04666666666666667,0.20000000000000004,0.055,0.14500000000000002,0.09166666666666667,0.06583333333333334,1.4233333333333331,0.05416666666666667,0.16916666666666666,32.10666666666666,0.07916666666666666,0.1491666666666667,53.48,0.04666666666666667,0.06416666666666666,73.62666666666667,0.004166666666666667,0.03416666666666667,0.5266666666666667,0.005,0.08333333333333333,0.06,0.06583333333333334,0.016666666666666666,0.43,0.3933333333333333,0.125,0.22666666666666668,0.041666666666666664,0.18000000000000002,0.03833333333333334,0.1416666666666667,0.09333333333333332,0.06999999999999999,1.3333333333333333,0.041666666666666664,0.10166666666666668,39.833333333333336,0.11333333333333334,0.20583333333333334,54.86000000000001,0.041666666666666664,0.06333333333333334,62.15,0.013333333333333334,0.03,0.4466666666666667,0.005833333333333334,0.09583333333333333,0.06,0.06999999999999999,0.018333333333333333,0.45833333333333326
61,59,2022-10-31,4,1,2022-2023,Pato Basquete,Rio Claro,1,0.355,0.12375,0.1825,0.04875,0.17875000000000002,0.056249999999999994,0.1225,0.05500000000000001,0.065,0.835,0.041249999999999995,0.1575,26.189999999999998,0.09125,0.18624999999999997,48.815,0.04875,0.08125,62.16499999999999,0.0025,0.05875,0.885,0.005,0.0875,0.05500000000000001,0.065,0.022500000000000003,0.34375,0.4,0.08625000000000001,0.245,0.06875,0.17375,0.06,0.11374999999999999,0.0675,0.05,1.34,0.028750000000000005,0.09875,26.72,0.1225,0.24,52.2925,0.06875,0.08875,79.4,0.01375,0.03,0.615,0.0125,0.10625000000000001,0.115,0.05,0.00875,0.42624999999999996
72,74,2022-11-01,4,1,2022-2023,União Corinthians,BRB/Brasília,0,0.325,0.165,0.12,0.04,0.165,0.025,0.14,0.065,0.08,0.81,0.055,0.12,45.83,0.06,0.18,33.33,0.04,0.05,80.0,0.005,0.035,0.44,0.01,0.095,0.11,0.08,0.005,0.325,0.35,0.10875,0.16999999999999998,0.07125000000000001,0.18624999999999997,0.045,0.14125,0.07,0.0625,1.13,0.036250000000000004,0.14125,25.475,0.08499999999999999,0.16124999999999998,51.790000000000006,0.07125000000000001,0.1125,63.00999999999999,0.009999999999999998,0.0275,0.44499999999999995,0.0,0.11,0.0,0.0625,0.00875,0.34875
82,77,2022-11-01,4,1,2022-2023,Bauru Basket,Flamengo,1,0.39666666666666667,0.11499999999999999,0.21666666666666667,0.065,0.18833333333333332,0.07,0.11833333333333333,0.08333333333333333,0.03166666666666667,2.6366666666666667,0.03833333333333333,0.13666666666666666,28.209999999999997,0.10833333333333334,0.21166666666666667,51.18,0.065,0.09166666666666666,67.76333333333334,0.011666666666666667,0.030000000000000002,0.9433333333333334,0.005,0.09166666666666667,0.06333333333333334,0.03166666666666667,0.005,0.44333333333333336,0.429,0.21000000000000002,0.15400000000000003,0.065,0.21399999999999997,0.06300000000000001,0.151,0.11000000000000001,0.065,1.704,0.07,0.18400000000000002,38.076,0.07700000000000001,0.133,58.37199999999999,0.065,0.095,68.22999999999999,0.011000000000000001,0.027000000000000003,0.41200000000000003,0.009999999999999998,0.081,0.13,0.065,0.009,0.525
76,72,2022-11-01,4,1,2022-2023,São Paulo,Pinheiros,1,0.4433333333333333,0.18999999999999997,0.19333333333333336,0.06,0.16666666666666666,0.03166666666666667,0.135,0.08833333333333333,0.06333333333333334,1.5,0.06333333333333334,0.16333333333333333,38.71333333333334,0.09666666666666668,0.16166666666666665,59.79,0.06,0.075,81.42,0.0016666666666666668,0.041666666666666664,0.6633333333333334,0.006666666666666667,0.08,0.07333333333333333,0.06333333333333334,0.006666666666666667,0.5033333333333333,0.4116666666666666,0.12,0.19666666666666668,0.09500000000000001,0.2233333333333333,0.07666666666666666,0.14666666666666667,0.09333333333333334,0.056666666666666664,1.6199999999999999,0.04,0.14500000000000002,28.24333333333333,0.09833333333333334,0.21,46.99333333333334,0.09500000000000001,0.11333333333333333,84.09333333333333,0.008333333333333333,0.03666666666666667,0.6533333333333333,0.023333333333333334,0.09000000000000001,0.29333333333333333,0.056666666666666664,0.0033333333333333335,0.49666666666666676
55,78,2022-11-02,4,1,2022-2023,Fortaleza B. C. / CFO,Paulistano,0,0.345,0.07500000000000001,0.21500000000000002,0.05500000000000001,0.22125,0.07375000000000001,0.1475,0.065,0.065,1.075,0.025,0.12125,20.14,0.10750000000000001,0.21875,49.11999999999999,0.05500000000000001,0.12125,46.059999999999995,0.007500000000000001,0.037500000000000006,0.625,0.012499999999999999,0.11625000000000002,0.095,0.065,0.0075,0.34249999999999997,0.35375,0.10500000000000001,0.1825,0.06625,0.20875,0.08124999999999999,0.1275,0.08625000000000001,0.05625000000000001,1.7925,0.035,0.13249999999999998,27.0375,0.09125,0.23249999999999998,41.105000000000004,0.06625,0.085,76.86749999999999,0.0075,0.03875,0.8949999999999998,0.01,0.09625,0.10250000000000001,0.05625000000000001,0.01,0.38375
65,74,2022-11-03,4,1,2022-2023,Pinheiros,Flamengo,0,0.394375,0.118125,0.19375000000000003,0.0825,0.22374999999999998,0.07375,0.15,0.09375,0.061875,1.5225,0.039375,0.14,28.682499999999997,0.09687500000000002,0.208125,46.665000000000006,0.0825,0.104375,77.58500000000001,0.006875,0.035,0.5875,0.021875000000000002,0.09062500000000001,0.2675,0.061875,0.00625,0.4731250000000001,0.42041666666666666,0.2025,0.15500000000000003,0.06291666666666666,0.21499999999999997,0.062083333333333345,0.15291666666666667,0.10375000000000001,0.06666666666666667,1.5816666666666668,0.0675,0.18000000000000002,37.46,0.07750000000000001,0.1391666666666667,56.48666666666666,0.06291666666666666,0.09041666666666666,69.82166666666666,0.009583333333333334,0.02625,0.3933333333333333,0.011666666666666665,0.08333333333333333,0.14333333333333334,0.06666666666666667,0.010833333333333334,0.50875
82,85,2022-11-03,4,1,2022-2023,Corinthians,Sesi Franca,0,0.38875,0.10500000000000001,0.2125,0.07125000000000001,0.19375000000000003,0.05,0.14375,0.09,0.08,1.25,0.034999999999999996,0.1175,29.067500000000003,0.10625,0.1775,59.504999999999995,0.07125000000000001,0.09625,73.36,0.020000000000000004,0.026250000000000002,0.365,0.027500000000000004,0.095,0.2975,0.08,0.02125,0.4675,0.44,0.19874999999999998,0.175,0.06625,0.225,0.053750000000000006,0.17124999999999999,0.09,0.08375,1.0750000000000002,0.06625,0.1625,40.68,0.0875,0.14875,58.925,0.06625,0.10124999999999999,64.72,0.0037500000000000003,0.01625,0.19499999999999998,0.01,0.07250000000000001,0.14,0.08375,0.01625,0.505
92,81,2022-11-03,4,1,2022-2023,União Corinthians,Cerrado,1,0.36167499999999997,0.1975,0.128325,0.035824999999999996,0.165,0.039175,0.125825,0.0825,0.065,1.405,0.065825,0.159175,42.245,0.064175,0.163325,39.96,0.035824999999999996,0.045825000000000005,78.0,0.005,0.0325,0.52,0.0075,0.095,0.08,0.065,0.008325,0.381675,0.40875,0.1875,0.14250000000000002,0.07875,0.175,0.05374999999999999,0.12125,0.06875,0.07500000000000001,0.9849999999999999,0.0625,0.18875,32.462500000000006,0.07125000000000001,0.12875,55.3625,0.07875,0.1125,70.05749999999999,0.0125,0.03875000000000001,0.5575000000000001,0.01375,0.095,0.14,0.07500000000000001,0.01875,0.4125
86,76,2022-11-03,4,1,2022-2023,Caxias do Sul Basquete,BRB/Brasília,1,0.37250000000000005,0.10500000000000001,0.19,0.0775,0.18,0.055,0.125,0.060000000000000005,0.0575,1.135,0.035,0.13,26.485,0.095,0.1925,49.325,0.0775,0.10500000000000001,75.24000000000001,0.0,0.0275,0.495,0.0125,0.09,0.135,0.0575,0.0075,0.375,0.355,0.11699999999999999,0.16799999999999998,0.07,0.183,0.0435,0.1395,0.069,0.06799999999999999,1.0479999999999998,0.039,0.13799999999999998,28.380000000000003,0.08399999999999999,0.15999999999999998,51.754000000000005,0.07,0.10800000000000001,64.852,0.008499999999999999,0.027000000000000003,0.4119999999999999,0.0,0.1085,0.0,0.06799999999999999,0.012,0.35300000000000004
94,76,2022-11-03,4,1,2022-2023,Bauru Basket,Coop/São José Basketball,1,0.4075,0.13124999999999998,0.21000000000000002,0.06625,0.18375,0.06375,0.12,0.08499999999999999,0.036250000000000004,2.4275,0.04375,0.139375,31.3275,0.10500000000000001,0.201875,52.152499999999996,0.06625,0.09312499999999999,68.77,0.011250000000000001,0.033125,0.92,0.006875000000000001,0.09375,0.08,0.036250000000000004,0.00625,0.460625,0.36625,0.16875,0.1525,0.045000000000000005,0.19625000000000004,0.05,0.14625000000000002,0.09125,0.0625,1.4949999999999999,0.05625,0.16999999999999998,33.137499999999996,0.07625,0.14625000000000002,52.3825,0.045000000000000005,0.06,76.2725,0.0037500000000000003,0.0325,0.525,0.00625,0.08499999999999999,0.0725,0.0625,0.01375,0.43125
61,72,2022-11-04,4,1,2022-2023,UNIFACISA,Paulistano,0,0.3725,0.11624999999999999,0.21250000000000002,0.04375,0.17750000000000002,0.03875000000000001,0.13875,0.08249999999999999,0.06625,1.2275,0.03875,0.10125,37.375,0.10625000000000001,0.20625000000000002,51.385000000000005,0.04375,0.06375,65.8425,0.01125,0.03,0.47250000000000003,0.00625,0.09625,0.065,0.06625,0.01625,0.41999999999999993,0.358,0.10800000000000001,0.183,0.067,0.2085,0.07799999999999999,0.1305,0.0835,0.05800000000000001,1.658,0.036000000000000004,0.13449999999999998,27.244,0.0915,0.22249999999999998,43.02,0.067,0.08800000000000001,75.494,0.006500000000000001,0.0405,0.8619999999999998,0.0105,0.094,0.11200000000000002,0.05800000000000001,0.0095,0.39249999999999996
78,72,2022-11-05,4,1,2022-2023,São Paulo,Corinthians,1,0.42874999999999996,0.18187499999999998,0.18625000000000003,0.060625,0.165,0.035625000000000004,0.12937500000000002,0.08875,0.06375,1.47,0.060625,0.160625,37.642500000000005,0.09312500000000001,0.16,58.15,0.060625,0.07875,78.425,0.00125,0.041875,0.66,0.005625,0.0875,0.06,0.06375,0.006875,0.48125,0.388,0.10650000000000001,0.20800000000000002,0.07350000000000001,0.18850000000000003,0.0475,0.141,0.0865,0.0785,1.2,0.0355,0.11850000000000001,29.375999999999998,0.10400000000000001,0.1775,58.30799999999999,0.07350000000000001,0.097,75.188,0.019500000000000003,0.029500000000000005,0.41,0.025500000000000002,0.095,0.27399999999999997,0.0785,0.02,0.4595000000000001
82,67,2022-11-05,4,1,2022-2023,Caxias do Sul Basquete,Cerrado,1,0.38833333333333336,0.1125,0.20666666666666667,0.06916666666666667,0.18416666666666667,0.05833333333333333,0.12583333333333332,0.06916666666666667,0.06083333333333333,1.1900000000000002,0.037500000000000006,0.12916666666666668,28.766666666666666,0.10333333333333333,0.1975,52.160000000000004,0.06916666666666667,0.09333333333333334,75.16000000000001,0.0016666666666666668,0.03416666666666667,0.5633333333333334,0.013333333333333334,0.09000000000000001,0.1466666666666667,0.06083333333333333,0.009166666666666667,0.4183333333333333,0.40099999999999997,0.1845,0.14200000000000002,0.0745,0.1755,0.055499999999999994,0.12,0.07050000000000001,0.07500000000000001,0.994,0.0615,0.186,32.54200000000001,0.07100000000000001,0.131,54.29,0.0745,0.1055,70.88399999999999,0.011,0.036500000000000005,0.5200000000000001,0.012,0.0865,0.132,0.07500000000000001,0.016999999999999998,0.40499999999999997
81,75,2022-11-05,4,1,2022-2023,Minas,União Corinthians,1,0.406,0.14999999999999997,0.202,0.054000000000000006,0.191,0.054000000000000006,0.137,0.095,0.074,1.3439999999999999,0.049999999999999996,0.126,40.230000000000004,0.101,0.191,52.7,0.054000000000000006,0.069,77.862,0.009999999999999998,0.032,0.47000000000000003,0.009,0.09800000000000002,0.094,0.074,0.024,0.47800000000000004,0.37389999999999995,0.20833333333333334,0.1311,0.03443333333333333,0.165,0.0439,0.12109999999999999,0.08833333333333333,0.06,1.6033333333333335,0.06943333333333333,0.17223333333333335,41.05,0.06556666666666666,0.15776666666666667,42.17,0.03443333333333333,0.04443333333333333,77.33333333333333,0.005,0.03166666666666667,0.5466666666666667,0.006666666666666667,0.09500000000000001,0.07,0.06,0.009433333333333334,0.4005666666666667
70,94,2022-11-05,4,1,2022-2023,Pato Basquete,Sesi Franca,0,0.34950000000000003,0.123,0.177,0.0495,0.17400000000000002,0.05149999999999999,0.12250000000000001,0.05700000000000001,0.0665,0.8480000000000001,0.040999999999999995,0.1505,27.482,0.0885,0.182,48.446,0.0495,0.082,62.08399999999999,0.004,0.05349999999999999,0.798,0.004,0.0905,0.044000000000000004,0.0665,0.021500000000000002,0.33599999999999997,0.4415,0.19049999999999997,0.181,0.07,0.223,0.05700000000000001,0.16599999999999998,0.0955,0.0775,1.3080000000000003,0.0635,0.162,39.106,0.0905,0.1555,58.372,0.07,0.1025,67.59,0.005,0.0195,0.27999999999999997,0.01,0.07550000000000001,0.134,0.0775,0.014500000000000002,0.516
57,72,2022-11-15,5,1,2022-2023,Rio Claro,Fortaleza B. C. / CFO,0,0.379,0.081,0.23399999999999999,0.064,0.178,0.056999999999999995,0.121,0.065,0.05900000000000001,1.1880000000000002,0.027000000000000003,0.093,27.089999999999996,0.11699999999999999,0.23500000000000001,50.672,0.064,0.09,72.994,0.012,0.031,0.5660000000000001,0.011,0.10300000000000001,0.10400000000000001,0.05900000000000001,0.012,0.39499999999999996,0.33099999999999996,0.07200000000000001,0.202,0.05700000000000001,0.221,0.07300000000000001,0.148,0.061,0.069,0.966,0.024,0.121,19.446,0.101,0.21600000000000003,46.61399999999999,0.05700000000000001,0.11199999999999999,54.181999999999995,0.009,0.036000000000000004,0.5700000000000001,0.013999999999999999,0.10800000000000001,0.13,0.069,0.009,0.32699999999999996
62,76,2022-11-17,5,1,2022-2023,Paulistano,Pinheiros,0,0.36083333333333334,0.11,0.18333333333333335,0.0675,0.20833333333333334,0.07583333333333332,0.13249999999999998,0.08166666666666668,0.05916666666666667,1.5683333333333334,0.036666666666666674,0.1358333333333333,27.381666666666664,0.09166666666666667,0.21583333333333332,44.296666666666674,0.0675,0.09000000000000001,74.57833333333333,0.005833333333333334,0.041666666666666664,0.8399999999999999,0.010833333333333334,0.09250000000000001,0.11833333333333335,0.05916666666666667,0.009166666666666667,0.39833333333333326,0.384,0.11699999999999999,0.19200000000000003,0.075,0.22399999999999998,0.072,0.152,0.094,0.065,1.464,0.039,0.137,28.945999999999998,0.09600000000000002,0.20700000000000002,46.468,0.075,0.099,73.68,0.006,0.034,0.548,0.021,0.09100000000000001,0.252,0.065,0.008,0.4590000000000001
104,80,2022-11-17,5,1,2022-2023,Rio Claro,UNIFACISA,1,0.3829166666666666,0.09375,0.22499999999999998,0.06416666666666666,0.17791666666666664,0.05499999999999999,0.12291666666666667,0.0675,0.05625,1.3033333333333335,0.03125,0.10541666666666667,27.798333333333332,0.11249999999999999,0.225,50.798333333333325,0.06416666666666666,0.08999999999999998,72.86500000000001,0.012499999999999999,0.0325,0.6283333333333333,0.010416666666666666,0.10333333333333333,0.09833333333333334,0.05625,0.010416666666666666,0.4025,0.359,0.11399999999999999,0.20400000000000001,0.040999999999999995,0.17400000000000002,0.04,0.134,0.07499999999999998,0.072,1.076,0.038,0.10200000000000001,36.565999999999995,0.10200000000000001,0.202,50.298,0.040999999999999995,0.05700000000000001,72.674,0.009,0.032,0.462,0.006,0.10200000000000001,0.06,0.072,0.018,0.39399999999999996
82,73,2022-11-17,5,1,2022-2023,São Paulo,Bauru Basket,1,0.41999999999999993,0.177,0.18200000000000002,0.061,0.164,0.038,0.12600000000000003,0.089,0.064,1.452,0.059,0.15899999999999997,37.00000000000001,0.09100000000000001,0.159,57.166,0.061,0.081,76.628,0.001,0.042,0.658,0.004999999999999999,0.092,0.052000000000000005,0.064,0.007000000000000001,0.46799999999999997,0.414,0.14099999999999996,0.20600000000000002,0.067,0.181,0.06,0.121,0.086,0.039,2.3020000000000005,0.047,0.141,33.198,0.10300000000000001,0.196,52.736000000000004,0.067,0.094,69.374,0.011000000000000001,0.035,0.906,0.008000000000000002,0.095,0.09,0.039,0.007000000000000001,0.471
78,73,2022-11-17,5,1,2022-2023,Coop/São José Basketball,Caxias do Sul Basquete,1,0.36900000000000005,0.153,0.16599999999999998,0.05,0.18500000000000003,0.049,0.136,0.094,0.064,1.496,0.051000000000000004,0.15599999999999997,32.51,0.08299999999999999,0.154,53.798,0.05,0.06699999999999999,75.75399999999999,0.004,0.036,0.562,0.008,0.08499999999999999,0.094,0.064,0.015,0.43500000000000005,0.39625,0.11625,0.215,0.065,0.18625,0.06,0.12625,0.07375000000000001,0.0625,1.2175,0.03875000000000001,0.12875,29.9075,0.1075,0.2,53.5775,0.065,0.08750000000000001,75.12,0.0025,0.037500000000000006,0.5974999999999999,0.01375,0.09,0.15250000000000002,0.0625,0.01,0.43999999999999995
102,112,2022-11-17,5,1,2022-2023,Cerrado,Minas,0,0.3958333333333333,0.1825,0.1416666666666667,0.07166666666666667,0.1758333333333333,0.056666666666666664,0.11916666666666666,0.07166666666666667,0.07500000000000001,1.0,0.06083333333333333,0.18416666666666667,32.595000000000006,0.07083333333333335,0.1325,53.574999999999996,0.07166666666666667,0.10083333333333333,71.43499999999999,0.01,0.035,0.4950000000000001,0.010833333333333334,0.08083333333333333,0.12666666666666668,0.07500000000000001,0.01583333333333333,0.39999999999999997,0.40583333333333343,0.1475,0.205,0.05333333333333334,0.19083333333333333,0.0525,0.13833333333333334,0.09583333333333333,0.07166666666666667,1.3983333333333334,0.049166666666666664,0.12416666666666666,40.04666666666667,0.1025,0.19000000000000003,53.82666666666666,0.05333333333333334,0.06833333333333334,77.705,0.008333333333333333,0.030833333333333334,0.46166666666666667,0.009166666666666667,0.09166666666666667,0.10666666666666667,0.07166666666666667,0.020833333333333332,0.4833333333333334
78,62,2022-11-17,5,1,2022-2023,Sesi Franca,Fortaleza B. C. / CFO,1,0.44250000000000006,0.18499999999999997,0.18499999999999997,0.07250000000000001,0.22166666666666668,0.05916666666666667,0.1625,0.09916666666666667,0.07333333333333333,1.4633333333333336,0.06166666666666667,0.16166666666666668,38.056666666666665,0.09249999999999999,0.16,58.00333333333333,0.07250000000000001,0.10333333333333333,69.50333333333333,0.005833333333333334,0.021666666666666667,0.33666666666666667,0.01,0.07750000000000001,0.13,0.07333333333333333,0.013333333333333336,0.5233333333333333,0.3316666666666666,0.085,0.19499999999999998,0.05166666666666667,0.21958333333333332,0.07,0.14958333333333332,0.06291666666666666,0.07041666666666667,0.9616666666666666,0.028333333333333335,0.12416666666666666,22.156666666666666,0.09749999999999999,0.21166666666666667,45.86333333333332,0.05166666666666667,0.10208333333333332,53.08833333333333,0.008749999999999999,0.035833333333333335,0.55,0.012916666666666665,0.10708333333333335,0.12,0.07041666666666667,0.010833333333333334,0.3320833333333333
68,96,2022-11-18,5,1,2022-2023,Pato Basquete,Corinthians,0,0.3458333333333334,0.1225,0.17333333333333334,0.049999999999999996,0.17083333333333336,0.04833333333333332,0.12250000000000001,0.05833333333333334,0.0675,0.8566666666666668,0.04083333333333333,0.14583333333333334,28.343333333333334,0.08666666666666667,0.17916666666666667,48.199999999999996,0.049999999999999996,0.0825,62.029999999999994,0.005,0.04999999999999999,0.7400000000000001,0.0033333333333333335,0.09249999999999999,0.036666666666666674,0.0675,0.020833333333333332,0.3308333333333333,0.3875,0.10750000000000003,0.205,0.07500000000000001,0.18500000000000003,0.04583333333333334,0.13916666666666666,0.08416666666666667,0.0775,1.1666666666666667,0.035833333333333335,0.11916666666666668,29.581666666666667,0.1025,0.1775,57.50999999999999,0.07500000000000001,0.09749999999999999,76.40666666666667,0.01916666666666667,0.03166666666666667,0.43999999999999995,0.02416666666666667,0.09499999999999999,0.2583333333333333,0.0775,0.01916666666666667,0.4541666666666668
80,69,2022-11-19,5,1,2022-2023,Flamengo,Caxias do Sul Basquete,1,0.41428571428571426,0.19714285714285715,0.15571428571428572,0.06142857142857143,0.2157142857142857,0.06142857142857144,0.1542857142857143,0.0992857142857143,0.06785714285714287,1.4942857142857144,0.06571428571428571,0.17714285714285713,37.019999999999996,0.07785714285714286,0.1435714285714286,55.13999999999999,0.06142857142857143,0.08714285714285715,70.95857142857142,0.008571428571428574,0.025714285714285714,0.37999999999999995,0.012857142857142857,0.08499999999999999,0.15285714285714286,0.06785714285714287,0.012142857142857144,0.4971428571428572,0.388,0.123,0.20099999999999998,0.064,0.183,0.056999999999999995,0.126,0.07,0.0605,1.184,0.041,0.1315,30.944,0.10049999999999999,0.1945,51.26800000000001,0.064,0.08600000000000001,75.096,0.0025,0.039,0.6499999999999999,0.013000000000000001,0.094,0.14,0.0605,0.009,0.426
103,84,2022-11-19,5,1,2022-2023,Coop/São José Basketball,União Corinthians,1,0.38291666666666674,0.15125,0.17916666666666667,0.0525,0.18583333333333338,0.047499999999999994,0.13833333333333334,0.09833333333333333,0.06416666666666666,1.555,0.050416666666666665,0.15166666666666664,33.181666666666665,0.08958333333333333,0.15916666666666668,55.86833333333334,0.0525,0.07041666666666667,75.51,0.005833333333333334,0.03291666666666667,0.5133333333333333,0.009166666666666667,0.08541666666666665,0.10666666666666667,0.06416666666666666,0.014583333333333332,0.45625000000000004,0.3800125,0.21375,0.13248749999999998,0.0337375,0.165,0.046262500000000005,0.11873749999999998,0.09125,0.057499999999999996,1.7025000000000001,0.0712375,0.17876250000000002,40.4525,0.0662625,0.1549875,43.275000000000006,0.0337375,0.0437375,77.0,0.005,0.03125,0.56,0.00625,0.095,0.065,0.057499999999999996,0.0099875,0.4100125
71,68,2022-11-19,5,1,2022-2023,Paulistano,Bauru Basket,1,0.3567857142857143,0.10928571428571429,0.18500000000000003,0.0625,0.21,0.07964285714285714,0.13035714285714284,0.07928571428571429,0.05821428571428572,1.5214285714285716,0.03642857142857143,0.13964285714285712,26.547142857142855,0.09250000000000001,0.21714285714285714,44.15857142857143,0.0625,0.085,72.36571428571428,0.006071428571428572,0.04285714285714286,0.8557142857142856,0.012142857142857144,0.09250000000000001,0.13285714285714287,0.05821428571428572,0.007857142857142858,0.39249999999999996,0.40375,0.1425,0.1991666666666667,0.06208333333333333,0.18166666666666667,0.06041666666666667,0.12125000000000001,0.08499999999999998,0.045000000000000005,2.096666666666667,0.047499999999999994,0.14583333333333334,32.56666666666667,0.09958333333333334,0.18916666666666668,52.818333333333335,0.06208333333333333,0.08708333333333333,69.71666666666667,0.010833333333333334,0.03291666666666667,0.805,0.009166666666666668,0.09125,0.11,0.045000000000000005,0.00875,0.45458333333333334
74,94,2022-11-19,5,1,2022-2023,BRB/Brasília,Minas,0,0.35833333333333334,0.1225,0.16666666666666666,0.06916666666666667,0.18083333333333332,0.0425,0.13833333333333334,0.06833333333333334,0.07166666666666666,0.9933333333333332,0.04083333333333333,0.13583333333333333,30.316666666666666,0.08333333333333333,0.15916666666666665,51.73000000000001,0.06916666666666667,0.105,66.08,0.0075,0.02666666666666667,0.38999999999999996,0.0,0.1075,0.0,0.07166666666666666,0.014166666666666668,0.3558333333333334,0.42142857142857154,0.14892857142857144,0.21642857142857141,0.05607142857142857,0.19892857142857143,0.053214285714285714,0.1457142857142857,0.09607142857142857,0.07428571428571429,1.352857142857143,0.04964285714285714,0.12714285714285714,39.49857142857143,0.10821428571428571,0.19321428571428573,55.71714285714285,0.05607142857142857,0.07071428571428572,78.78857142857143,0.009285714285714286,0.031071428571428573,0.4471428571428571,0.009285714285714286,0.09357142857142857,0.10571428571428572,0.07428571428571429,0.02035714285714286,0.505357142857143
106,94,2022-11-19,5,1,2022-2023,Sesi Franca,UNIFACISA,1,0.445,0.1832142857142857,0.18428571428571425,0.07750000000000001,0.21892857142857144,0.05607142857142857,0.16285714285714284,0.09428571428571428,0.07178571428571427,1.4028571428571428,0.06107142857142857,0.1567857142857143,39.06285714285714,0.09214285714285712,0.1582142857142857,58.43428571428571,0.07750000000000001,0.10964285714285714,69.98571428571428,0.006071428571428572,0.022857142857142857,0.35714285714285715,0.010357142857142858,0.07785714285714286,0.13428571428571429,0.07178571428571427,0.012857142857142859,0.5257142857142857,0.37166666666666665,0.12625,0.19833333333333333,0.04708333333333333,0.17500000000000002,0.043750000000000004,0.13125,0.07291666666666666,0.06958333333333333,1.0783333333333334,0.042083333333333334,0.11166666666666668,36.98166666666666,0.09916666666666667,0.19874999999999998,49.678333333333335,0.04708333333333333,0.06541666666666666,72.57666666666667,0.007916666666666667,0.03166666666666667,0.4716666666666667,0.006250000000000001,0.10625,0.06,0.06958333333333333,0.017083333333333332,0.40041666666666664
80,60,2022-11-21,6,1,2022-2023,Fortaleza B. C. / CFO,Pato Basquete,1,0.33214285714285713,0.09428571428571429,0.18999999999999997,0.04785714285714287,0.21857142857142856,0.06785714285714287,0.15071428571428572,0.0642857142857143,0.07142857142857142,0.9585714285714284,0.03142857142857143,0.12642857142857142,24.092857142857145,0.09499999999999999,0.20857142857142857,45.32714285714285,0.04785714285714287,0.09499999999999999,52.30714285714286,0.008571428571428572,0.03571428571428571,0.5357142857142858,0.012142857142857141,0.10642857142857144,0.11285714285714286,0.07142857142857142,0.012142857142857144,0.3357142857142857,0.34500000000000003,0.12,0.17142857142857143,0.05357142857142857,0.1685714285714286,0.04714285714285713,0.12142857142857144,0.057857142857142864,0.0642857142857143,0.9085714285714286,0.04,0.1464285714285714,27.627142857142854,0.08571428571428572,0.1807142857142857,47.33,0.05357142857142857,0.08571428571428573,63.372857142857136,0.004285714285714286,0.04642857142857142,0.7142857142857143,0.005,0.09357142857142856,0.05285714285714286,0.0642857142857143,0.018571428571428572,0.325
79,74,2022-11-21,6,1,2022-2023,Flamengo,União Corinthians,1,0.4125,0.185625,0.16625,0.060625,0.22062499999999996,0.065,0.155625,0.100625,0.06625,1.5575,0.061875,0.176875,34.8925,0.083125,0.14875000000000002,56.355,0.060625,0.086875,70.1775,0.00875,0.026875,0.4125,0.013125,0.08562499999999999,0.155,0.06625,0.0125,0.5006250000000001,0.38800999999999997,0.207,0.14598999999999998,0.03499,0.158,0.04401000000000001,0.11399,0.095,0.055999999999999994,1.8020000000000003,0.06899,0.17701000000000003,39.42,0.07300999999999999,0.15899000000000002,46.048,0.03499,0.044989999999999995,77.6,0.008,0.03,0.548,0.006,0.091,0.066,0.055999999999999994,0.01099,0.41701
86,74,2022-11-22,6,1,2022-2023,Pinheiros,Rio Claro,1,0.3833333333333333,0.11499999999999999,0.19666666666666668,0.07166666666666667,0.22416666666666665,0.06749999999999999,0.15666666666666665,0.09749999999999999,0.06833333333333334,1.445,0.03833333333333334,0.13,30.261666666666667,0.09833333333333334,0.2066666666666667,47.666666666666664,0.07166666666666667,0.09499999999999999,73.62166666666667,0.006666666666666667,0.035,0.535,0.01916666666666667,0.08833333333333333,0.2316666666666667,0.06833333333333334,0.009166666666666667,0.4675000000000001,0.3857142857142857,0.10285714285714286,0.21857142857142856,0.0642857142857143,0.17785714285714285,0.05357142857142856,0.1242857142857143,0.0692857142857143,0.054285714285714284,1.3857142857142857,0.03428571428571429,0.1142857142857143,28.304285714285715,0.10928571428571428,0.2178571428571429,50.888571428571424,0.0642857142857143,0.08999999999999998,72.77285714285715,0.012857142857142857,0.03357142857142857,0.6728571428571428,0.01,0.10357142857142856,0.0942857142857143,0.054285714285714284,0.009285714285714286,0.40785714285714286
78,88,2022-11-22,6,1,2022-2023,Bauru Basket,Sesi Franca,0,0.3964285714285714,0.14357142857142854,0.1942857142857143,0.058571428571428566,0.18214285714285716,0.060714285714285714,0.12142857142857144,0.08428571428571427,0.04928571428571429,1.9500000000000004,0.047857142857142855,0.14928571428571427,32.11571428571428,0.09714285714285716,0.1842857142857143,52.877142857142864,0.058571428571428566,0.08214285714285714,69.96142857142857,0.010714285714285714,0.03142857142857143,0.7328571428571429,0.01,0.08857142857142856,0.12428571428571429,0.04928571428571429,0.01,0.4428571428571429,0.446875,0.18187499999999995,0.18374999999999997,0.08125000000000002,0.21687500000000004,0.05375,0.163125,0.09062499999999998,0.070625,1.3575,0.060625,0.153125,39.8175,0.09187499999999998,0.156875,58.75749999999999,0.08125000000000002,0.11437499999999999,70.3475,0.00625,0.02375,0.3725,0.010625,0.078125,0.1375,0.070625,0.0125,0.5275000000000001
104,53,2022-11-23,6,1,2022-2023,Minas,Coop/São José Basketball,1,0.4331250000000001,0.15,0.22499999999999998,0.058125,0.20500000000000002,0.05375,0.15125,0.09625,0.07625,1.31875,0.049999999999999996,0.129375,39.0875,0.11249999999999999,0.195625,57.135,0.058125,0.07250000000000001,79.60125,0.01,0.03125,0.43624999999999997,0.009375,0.095,0.105,0.07625,0.020000000000000004,0.5218750000000001,0.3928571428571429,0.15,0.18857142857142856,0.054285714285714284,0.18642857142857144,0.04642857142857142,0.14,0.10142857142857142,0.0642857142857143,1.5971428571428572,0.049999999999999996,0.14857142857142858,33.661428571428566,0.09428571428571428,0.16285714285714287,57.34714285714286,0.054285714285714284,0.07285714285714286,75.33571428571429,0.0071428571428571435,0.03071428571428572,0.4785714285714286,0.01,0.08571428571428572,0.11571428571428573,0.0642857142857143,0.014285714285714285,0.4714285714285715
89,79,2022-11-23,6,1,2022-2023,UNIFACISA,Pato Basquete,1,0.3807142857142857,0.13499999999999998,0.19428571428571426,0.05142857142857143,0.1757142857142857,0.04642857142857143,0.12928571428571428,0.07142857142857142,0.06785714285714285,1.0799999999999998,0.045,0.11857142857142858,37.278571428571425,0.09714285714285713,0.19642857142857142,49.23571428571428,0.05142857142857143,0.07142857142857142,72.50714285714287,0.0071428571428571435,0.03142857142857143,0.4785714285714286,0.006428571428571429,0.10928571428571428,0.06,0.06785714285714285,0.016428571428571428,0.40499999999999997,0.3453125,0.125625,0.16749999999999998,0.0521875,0.16968750000000002,0.04749999999999999,0.1221875,0.058125,0.0665625,0.88625,0.041875,0.1471875,28.682499999999997,0.08374999999999999,0.17875,46.71625,0.0521875,0.08625000000000001,61.35374999999999,0.00375,0.044375,0.67,0.004375,0.09281249999999999,0.04625,0.0665625,0.0190625,0.3209375
70,86,2022-11-23,6,1,2022-2023,Caxias do Sul Basquete,São Paulo,0,0.3825,0.1275,0.19166666666666665,0.06333333333333334,0.18083333333333332,0.05499999999999999,0.12583333333333332,0.0675,0.059166666666666666,1.1616666666666666,0.0425,0.13333333333333333,31.635,0.09583333333333333,0.19083333333333333,49.72833333333333,0.06333333333333334,0.085,75.08,0.0025,0.04,0.6849999999999999,0.012499999999999999,0.09666666666666666,0.13166666666666668,0.059166666666666666,0.008333333333333333,0.4166666666666667,0.4183333333333333,0.1725,0.18833333333333335,0.057499999999999996,0.1675,0.04,0.12750000000000003,0.08916666666666666,0.06166666666666667,1.51,0.057499999999999996,0.155,37.00666666666667,0.09416666666666668,0.16416666666666668,57.28666666666666,0.057499999999999996,0.07916666666666668,73.38,0.0008333333333333334,0.041666666666666664,0.6816666666666666,0.004166666666666667,0.08666666666666667,0.043333333333333335,0.06166666666666667,0.007500000000000001,0.47
77,81,2022-11-23,6,1,2022-2023,Fortaleza B. C. / CFO,Corinthians,0,0.3396875,0.0909375,0.200625,0.04812500000000001,0.224375,0.0703125,0.1540625,0.06468750000000001,0.069375,0.9924999999999999,0.030312500000000003,0.1265625,23.2875,0.1003125,0.2159375,46.08624999999999,0.04812500000000001,0.09562499999999999,52.01875,0.008125,0.0375,0.5825,0.0115625,0.10750000000000001,0.10750000000000001,0.069375,0.011875,0.34906249999999994,0.40071428571428575,0.11571428571428574,0.21,0.075,0.19571428571428573,0.04857142857142858,0.14714285714285716,0.08499999999999999,0.07571428571428572,1.197142857142857,0.038571428571428576,0.12714285714285717,29.845714285714287,0.105,0.1764285714285714,59.378571428571426,0.075,0.09785714285714285,76.2057142857143,0.019285714285714288,0.030000000000000002,0.4214285714285714,0.025714285714285717,0.09357142857142856,0.27999999999999997,0.07571428571428572,0.019285714285714288,0.47857142857142865
71,93,2022-11-25,6,1,2022-2023,União Corinthians,São Paulo,0,0.38375833333333326,0.20249999999999999,0.1466583333333333,0.034575,0.15625,0.04000833333333333,0.11624166666666665,0.09541666666666666,0.057083333333333326,1.761666666666667,0.06749166666666666,0.17000833333333334,40.25666666666667,0.07334166666666667,0.16124166666666667,45.620000000000005,0.034575,0.044575,77.41166666666668,0.00875,0.029166666666666664,0.5233333333333333,0.006666666666666667,0.09416666666666668,0.07,0.057083333333333326,0.010408333333333334,0.4137583333333333,0.42249999999999993,0.17250000000000001,0.19071428571428575,0.05928571428571428,0.17428571428571432,0.03964285714285714,0.13464285714285715,0.08892857142857143,0.06,1.5442857142857143,0.057499999999999996,0.15178571428571427,37.92,0.09535714285714288,0.1685714285714286,56.61142857142857,0.05928571428571428,0.08,74.66142857142857,0.0010714285714285715,0.03892857142857143,0.6485714285714286,0.004999999999999999,0.08750000000000001,0.05285714285714286,0.06,0.008571428571428572,0.48142857142857143
92,48,2022-11-25,6,1,2022-2023,Bauru Basket,Rio Claro,1,0.39999999999999997,0.1425,0.19937500000000002,0.058124999999999996,0.181875,0.058124999999999996,0.12375000000000001,0.08406249999999998,0.0484375,1.9487500000000002,0.047499999999999994,0.14625,32.60125,0.09968750000000001,0.183125,54.660000000000004,0.058124999999999996,0.0828125,69.07375,0.0115625,0.03125,0.73,0.009062500000000001,0.0884375,0.1125,0.0484375,0.009687500000000002,0.4509375,0.375625,0.0984375,0.21124999999999997,0.0659375,0.17531249999999998,0.05406249999999999,0.12125000000000001,0.06718750000000001,0.055625,1.31375,0.0328125,0.11625,26.93,0.10562499999999998,0.21281250000000002,50.161249999999995,0.0659375,0.09343749999999998,71.92125000000001,0.0115625,0.03375,0.65625,0.009687500000000002,0.1046875,0.09125000000000003,0.055625,0.01,0.3878125
76,92,2022-11-25,6,1,2022-2023,UNIFACISA,Corinthians,0,0.3846875,0.1378125,0.194375,0.0525,0.1728125,0.046875,0.1259375,0.0725,0.06874999999999999,1.0787499999999999,0.0459375,0.1228125,36.9225,0.0971875,0.1925,50.4675,0.0525,0.0728125,72.53500000000001,0.006875,0.0328125,0.49,0.005937500000000001,0.10687499999999998,0.056249999999999994,0.06874999999999999,0.015,0.4075,0.40468750000000003,0.12468750000000002,0.205,0.075,0.19843750000000002,0.0478125,0.150625,0.083125,0.07968750000000001,1.12875,0.0415625,0.1296875,31.411250000000003,0.1025,0.1725,59.28375,0.075,0.0996875,75.01375,0.0175,0.030625000000000003,0.41,0.024375,0.09281249999999999,0.26625,0.07968750000000001,0.019375,0.47875000000000006
66,63,2022-11-25,6,1,2022-2023,Caxias do Sul Basquete,Paulistano,1,0.3764285714285714,0.12642857142857142,0.18642857142857142,0.06357142857142857,0.1807142857142857,0.052857142857142846,0.12785714285714286,0.06535714285714286,0.057499999999999996,1.1542857142857144,0.04214285714285714,0.13178571428571426,31.78,0.09321428571428571,0.19214285714285714,48.160000000000004,0.06357142857142857,0.08678571428571429,73.87857142857142,0.0025,0.038928571428571423,0.6842857142857142,0.011785714285714285,0.09392857142857143,0.12714285714285714,0.057499999999999996,0.009999999999999998,0.40392857142857147,0.35375,0.10875,0.18625000000000003,0.05875,0.21125,0.0825,0.12874999999999998,0.07750000000000001,0.0575,1.48625,0.036250000000000004,0.1425,25.921249999999997,0.09312500000000001,0.218125,44.055,0.05875,0.08125000000000002,70.70625,0.00625,0.04375,0.8674999999999999,0.013125000000000001,0.09250000000000001,0.14375000000000002,0.0575,0.006875,0.38812499999999994
77,85,2022-11-26,6,1,2022-2023,Pinheiros,Sesi Franca,0,0.38678571428571423,0.12107142857142857,0.19571428571428573,0.06999999999999999,0.22321428571428573,0.06642857142857142,0.15678571428571428,0.09678571428571428,0.07142857142857142,1.3857142857142857,0.04035714285714286,0.13178571428571428,31.201428571428572,0.09785714285714286,0.20321428571428576,48.292857142857144,0.06999999999999999,0.09392857142857143,72.9,0.0071428571428571435,0.03428571428571429,0.5057142857142857,0.017142857142857144,0.09285714285714286,0.20428571428571432,0.07142857142857142,0.009285714285714286,0.46607142857142864,0.44527777777777783,0.18249999999999997,0.18111111111111108,0.08166666666666668,0.21222222222222226,0.05194444444444444,0.16027777777777777,0.09111111111111109,0.06722222222222222,1.471111111111111,0.06083333333333333,0.15305555555555558,39.94666666666667,0.09055555555555554,0.15777777777777777,57.61555555555555,0.08166666666666668,0.11361111111111111,71.31666666666666,0.005555555555555556,0.025,0.4288888888888889,0.010277777777777778,0.0775,0.13333333333333336,0.06722222222222222,0.012222222222222223,0.5252777777777778
88,96,2022-11-26,6,1,2022-2023,Cerrado,BRB/Brasília,0,0.4121428571428571,0.195,0.14,0.07714285714285715,0.1742857142857143,0.05571428571428571,0.11857142857142856,0.07071428571428572,0.075,0.9814285714285714,0.06499999999999999,0.19,33.65285714285715,0.07,0.13285714285714287,52.8,0.07714285714285715,0.105,73.31857142857143,0.009285714285714286,0.035,0.4914285714285715,0.01,0.08499999999999999,0.11571428571428573,0.075,0.016428571428571428,0.4114285714285714,0.36,0.12642857142857142,0.16999999999999998,0.06357142857142858,0.17285714285714285,0.04142857142857143,0.13142857142857142,0.07142857142857142,0.06714285714285713,1.1728571428571428,0.04214285714285714,0.145,29.557142857142857,0.08499999999999999,0.16142857142857142,52.095714285714294,0.06357142857142858,0.09857142857142856,63.78285714285715,0.008571428571428572,0.027857142857142858,0.45999999999999996,0.0,0.10428571428571429,0.0,0.06714285714285713,0.013571428571428571,0.3507142857142857
72,78,2022-11-27,7,1,2022-2023,União Corinthians,Paulistano,0,0.3807214285714285,0.19928571428571426,0.1471357142857143,0.03427857142857143,0.155,0.03715,0.11784999999999998,0.09571428571428572,0.05785714285714285,1.7328571428571433,0.06642142857142856,0.16500714285714288,40.854285714285716,0.07357857142857142,0.16285,45.314285714285724,0.03427857142857143,0.044278571428571424,77.27714285714286,0.009285714285714286,0.02857142857142857,0.5057142857142857,0.0071428571428571435,0.09642857142857143,0.07285714285714286,0.05785714285714285,0.009992857142857142,0.41143571428571424,0.34944444444444445,0.11166666666666665,0.18222222222222223,0.05555555555555555,0.20833333333333334,0.07777777777777778,0.13055555555555554,0.07500000000000001,0.059444444444444446,1.4022222222222223,0.037222222222222226,0.14055555555555554,27.041111111111107,0.09111111111111111,0.21111111111111114,44.53666666666666,0.05555555555555555,0.07777777777777779,69.51666666666667,0.006111111111111111,0.04,0.7855555555555555,0.012222222222222225,0.09222222222222223,0.13444444444444448,0.059444444444444446,0.007222222222222223,0.37999999999999995
79,71,2022-11-29,7,1,2022-2023,Minas,Fortaleza B. C. / CFO,1,0.4427777777777779,0.15666666666666665,0.22888888888888884,0.05722222222222222,0.2116666666666667,0.05666666666666667,0.155,0.10111111111111111,0.07166666666666667,1.6166666666666667,0.05222222222222222,0.13444444444444445,39.18888888888889,0.11444444444444442,0.19833333333333333,57.35222222222222,0.05722222222222222,0.07277777777777777,78.16444444444443,0.011666666666666667,0.036111111111111115,0.6255555555555555,0.01,0.09277777777777778,0.11555555555555556,0.07166666666666667,0.019444444444444448,0.5483333333333333,0.34555555555555556,0.08833333333333333,0.20888888888888887,0.04833333333333334,0.2288888888888889,0.07222222222222223,0.15666666666666665,0.065,0.06777777777777778,1.018888888888889,0.029444444444444447,0.12666666666666665,22.66111111111111,0.10444444444444444,0.22166666666666668,46.676666666666655,0.04833333333333334,0.09611111111111109,51.794444444444444,0.007777777777777778,0.03888888888888889,0.6188888888888889,0.011111111111111112,0.10833333333333334,0.10333333333333335,0.06777777777777778,0.011666666666666665,0.3594444444444444
91,80,2022-11-29,7,1,2022-2023,Flamengo,Cerrado,1,0.41055555555555556,0.18166666666666667,0.1688888888888889,0.060000000000000005,0.21722222222222218,0.06222222222222223,0.155,0.10166666666666667,0.065,1.6066666666666667,0.06055555555555556,0.17555555555555558,34.382222222222225,0.08444444444444445,0.1488888888888889,57.129999999999995,0.060000000000000005,0.0861111111111111,70.01888888888888,0.008333333333333335,0.030555555555555558,0.48777777777777775,0.012222222222222223,0.08222222222222222,0.14777777777777779,0.065,0.011666666666666667,0.5016666666666667,0.41562499999999997,0.193125,0.14125000000000001,0.08125,0.174375,0.05312499999999999,0.12125,0.07437500000000001,0.076875,0.9975,0.06437499999999999,0.184375,34.618750000000006,0.07062500000000001,0.13375,52.896249999999995,0.08125,0.111875,72.7475,0.009375,0.035625000000000004,0.48500000000000004,0.00875,0.0875,0.10125,0.076875,0.018125,0.41812499999999997
95,76,2022-11-30,7,1,2022-2023,Pato Basquete,Pinheiros,1,0.3455555555555556,0.13,0.16444444444444445,0.05111111111111111,0.17055555555555557,0.047777777777777766,0.12277777777777778,0.058333333333333334,0.06833333333333333,0.8688888888888889,0.043333333333333335,0.14777777777777779,29.50333333333333,0.08222222222222222,0.17722222222222223,46.238888888888894,0.05111111111111111,0.08666666666666667,59.78333333333333,0.003333333333333333,0.042777777777777776,0.6355555555555557,0.003888888888888889,0.09222222222222222,0.04111111111111111,0.06833333333333333,0.019444444444444445,0.31777777777777777,0.3893749999999999,0.125625,0.195,0.06875,0.2225,0.06562499999999999,0.156875,0.09625,0.07375,1.3412499999999998,0.041875,0.133125,31.90625,0.0975,0.20062500000000005,48.7625,0.06875,0.093125,72.35875,0.007500000000000001,0.03375,0.48375,0.015625,0.09625,0.18375000000000002,0.07375,0.009375,0.4650000000000001
72,50,2022-12-01,7,1,2022-2023,Flamengo,BRB/Brasília,1,0.41025,0.17925,0.17250000000000001,0.05850000000000001,0.21849999999999997,0.06375,0.15475,0.10225,0.0665,1.58,0.059750000000000004,0.17475000000000002,34.077999999999996,0.08625000000000001,0.15175,57.19199999999999,0.05850000000000001,0.08474999999999999,69.224,0.008250000000000002,0.031000000000000007,0.483,0.01225,0.081,0.151,0.0665,0.01225,0.5010000000000001,0.375,0.129375,0.18125,0.06437500000000002,0.17875,0.04687500000000001,0.13187500000000002,0.078125,0.06687499999999999,1.2662499999999999,0.043125,0.14625,29.895,0.090625,0.16999999999999998,52.64875000000001,0.06437500000000002,0.09999999999999999,63.765,0.01,0.0275,0.44999999999999996,0.00125,0.104375,0.0125,0.06687499999999999,0.013125,0.375625
88,79,2022-12-01,7,1,2022-2023,Coop/São José Basketball,Cerrado,1,0.37687500000000007,0.13875,0.18624999999999997,0.051875000000000004,0.19000000000000003,0.05187499999999999,0.138125,0.09687499999999999,0.0675,1.4875,0.04625,0.14750000000000002,31.239999999999995,0.09312499999999999,0.17125,54.798750000000005,0.051875000000000004,0.07062500000000001,73.87375,0.00625,0.029375000000000002,0.44625000000000004,0.011250000000000001,0.08499999999999999,0.1325,0.0675,0.013749999999999998,0.43875000000000003,0.4136111111111111,0.19499999999999998,0.1411111111111111,0.0775,0.17444444444444446,0.05305555555555555,0.1213888888888889,0.07694444444444445,0.0763888888888889,1.0355555555555556,0.065,0.1863888888888889,34.61333333333334,0.07055555555555555,0.13444444444444445,52.57444444444444,0.0775,0.10694444444444445,72.48333333333333,0.009166666666666665,0.03444444444444445,0.46888888888888897,0.008888888888888889,0.08722222222222221,0.10333333333333333,0.0763888888888889,0.0175,0.4172222222222222
75,83,2022-12-01,7,1,2022-2023,Rio Claro,Caxias do Sul Basquete,0,0.36777777777777776,0.095,0.20555555555555552,0.06722222222222222,0.1733333333333333,0.054444444444444434,0.11888888888888889,0.06555555555555556,0.05666666666666667,1.2577777777777779,0.03166666666666667,0.11777777777777779,25.86111111111111,0.10277777777777776,0.2088888888888889,49.59555555555555,0.06722222222222222,0.09611111111111109,71.2588888888889,0.010555555555555556,0.03388888888888889,0.6433333333333333,0.009444444444444446,0.10555555555555557,0.08888888888888892,0.05666666666666667,0.010555555555555556,0.37222222222222223,0.37187499999999996,0.125625,0.1825,0.06375,0.18062499999999998,0.05124999999999999,0.12937500000000002,0.06375,0.056249999999999994,1.14875,0.041874999999999996,0.130625,31.88875,0.09125,0.193125,46.98375,0.06375,0.08812500000000001,72.97749999999999,0.0025,0.03812499999999999,0.6837499999999999,0.01125,0.091875,0.12375,0.056249999999999994,0.01125,0.39437500000000003
104,65,2022-12-01,7,1,2022-2023,Sesi Franca,União Corinthians,1,0.44400000000000006,0.18299999999999997,0.17899999999999996,0.082,0.20850000000000005,0.0505,0.15799999999999997,0.09149999999999998,0.0645,1.5619999999999998,0.061,0.15300000000000002,40.050000000000004,0.08949999999999998,0.1585,56.702,0.082,0.11299999999999999,72.09199999999998,0.005,0.026000000000000002,0.47400000000000003,0.01,0.077,0.13000000000000003,0.0645,0.012,0.5235000000000001,0.37854999999999994,0.19374999999999998,0.1479125,0.03686875,0.15770625,0.039175,0.11853749999999999,0.09416875000000001,0.060206249999999996,1.6525000000000003,0.064575,0.16542500000000002,39.58375,0.0739625,0.16166250000000001,45.900000000000006,0.03686875,0.047287499999999996,77.67875000000001,0.00895625,0.029581249999999996,0.5025,0.008125,0.09645625000000001,0.08375,0.060206249999999996,0.0104125,0.40896249999999995
90,73,2022-12-03,7,1,2022-2023,Paulistano,Minas,1,0.3565,0.11474999999999999,0.1875,0.05425,0.20575000000000002,0.07650000000000001,0.12924999999999998,0.07500000000000001,0.059250000000000004,1.3920000000000001,0.03825,0.1395,27.990999999999996,0.09375,0.2105,45.815,0.05425,0.07800000000000001,67.878,0.00625,0.040249999999999994,0.7809999999999999,0.012,0.09325000000000001,0.13100000000000003,0.059250000000000004,0.007250000000000001,0.38849999999999996,0.4365000000000001,0.15299999999999997,0.22349999999999995,0.06,0.21150000000000002,0.05725,0.15425,0.1015,0.0735,1.572,0.051000000000000004,0.1335,38.47,0.11174999999999997,0.19575,56.689,0.06,0.0765,78.07499999999999,0.011250000000000001,0.03475,0.588,0.010499999999999999,0.09175,0.122,0.0735,0.021000000000000005,0.53825
89,94,2022-12-03,7,1,2022-2023,Coop/São José Basketball,BRB/Brasília,0,0.3841666666666667,0.1416666666666667,0.1872222222222222,0.05527777777777779,0.18750000000000003,0.05055555555555555,0.13694444444444442,0.09916666666666665,0.065,1.6122222222222222,0.04722222222222222,0.14805555555555558,31.77666666666666,0.0936111111111111,0.17222222222222222,54.728888888888896,0.05527777777777779,0.07361111111111113,75.06777777777778,0.005833333333333334,0.029722222222222223,0.4766666666666667,0.011666666666666667,0.08527777777777777,0.13666666666666666,0.065,0.012777777777777777,0.4494444444444444,0.3733333333333333,0.13,0.18055555555555555,0.0627777777777778,0.18,0.04750000000000001,0.1325,0.07916666666666666,0.06972222222222221,1.2311111111111108,0.04333333333333333,0.14444444444444443,30.419999999999998,0.09027777777777778,0.16972222222222222,52.60333333333334,0.0627777777777778,0.09722222222222221,64.08777777777777,0.010277777777777778,0.0275,0.4333333333333333,0.0016666666666666666,0.1025,0.017777777777777778,0.06972222222222221,0.014444444444444446,0.37694444444444447
84,83,2022-12-03,7,1,2022-2023,Sesi Franca,Caxias do Sul Basquete,1,0.44636363636363635,0.17999999999999997,0.18409090909090906,0.08227272727272728,0.20863636363636368,0.04954545454545455,0.15909090909090906,0.09159090909090907,0.06431818181818182,1.5545454545454545,0.060000000000000005,0.15022727272727276,40.120000000000005,0.09204545454545453,0.16136363636363635,57.16909090909091,0.08227272727272728,0.11272727272727273,72.56272727272726,0.006590909090909092,0.025681818181818184,0.4636363636363637,0.010454545454545454,0.07590909090909091,0.13909090909090913,0.06431818181818182,0.011363636363636364,0.5284090909090909,0.37666666666666665,0.12666666666666665,0.185,0.065,0.1786111111111111,0.048888888888888885,0.12972222222222224,0.06472222222222222,0.056388888888888884,1.161111111111111,0.04222222222222222,0.1297222222222222,32.42666666666667,0.0925,0.1908333333333333,48.36555555555556,0.065,0.08944444444444445,73.20222222222222,0.002777777777777778,0.03749999999999999,0.671111111111111,0.010555555555555556,0.0913888888888889,0.11666666666666667,0.056388888888888884,0.01111111111111111,0.4013888888888889
94,70,2022-12-03,7,1,2022-2023,Corinthians,Pinheiros,1,0.4077777777777778,0.13166666666666668,0.2011111111111111,0.075,0.20055555555555557,0.04722222222222222,0.15333333333333335,0.08166666666666668,0.08277777777777778,1.0755555555555556,0.043888888888888894,0.13166666666666668,32.628888888888895,0.10055555555555555,0.16944444444444443,59.21,0.075,0.10111111111111111,74.08666666666666,0.016111111111111114,0.031111111111111114,0.4011111111111111,0.023333333333333334,0.09222222222222222,0.25555555555555554,0.08277777777777778,0.019444444444444445,0.4788888888888889,0.3866666666666666,0.12166666666666666,0.19722222222222224,0.06777777777777778,0.22027777777777777,0.06694444444444443,0.15333333333333332,0.0925,0.075,1.2744444444444443,0.04055555555555555,0.13083333333333333,31.324444444444445,0.09861111111111112,0.2055555555555556,48.22,0.06777777777777778,0.09305555555555556,71.52555555555556,0.008333333333333335,0.034444444444444444,0.4822222222222222,0.014722222222222223,0.09583333333333334,0.17222222222222225,0.075,0.010555555555555556,0.4511111111111112
74,81,2022-12-03,7,1,2022-2023,Rio Claro,União Corinthians,0,0.36825,0.099,0.20199999999999996,0.06725,0.17225,0.05475,0.11750000000000001,0.0655,0.05650000000000001,1.25,0.033,0.12050000000000001,26.377999999999997,0.10099999999999998,0.20525000000000002,49.564,0.06725,0.09649999999999997,70.88300000000001,0.00975,0.03375,0.638,0.008750000000000003,0.10600000000000001,0.08200000000000003,0.05650000000000001,0.011,0.371,0.3768611111111111,0.18944444444444442,0.14851666666666669,0.03888333333333333,0.1598111111111111,0.04075,0.11907222222222222,0.09296666666666668,0.062033333333333336,1.5900000000000003,0.06313888888888888,0.16575,38.595555555555556,0.07426111111111111,0.1607388888888889,46.35555555555556,0.03888333333333333,0.04962777777777778,77.99111111111112,0.008700000000000001,0.030366666666666667,0.5,0.008888888888888889,0.09647777777777779,0.09222222222222223,0.062033333333333336,0.010738888888888888,0.40703888888888884
74,84,2022-12-06,8,1,2022-2023,Coop/São José Basketball,Flamengo,0,0.39,0.14400000000000002,0.188,0.05800000000000001,0.18550000000000003,0.04949999999999999,0.13599999999999998,0.10099999999999998,0.06300000000000001,1.7120000000000002,0.048,0.14850000000000002,32.205999999999996,0.094,0.173,54.673,0.05800000000000001,0.07600000000000001,76.023,0.0055000000000000005,0.030000000000000006,0.501,0.012,0.08549999999999999,0.13999999999999999,0.06300000000000001,0.012,0.458,0.41,0.17727272727272728,0.17545454545454547,0.05727272727272728,0.21954545454545452,0.065,0.15454545454545457,0.10272727272727272,0.06772727272727273,1.5581818181818183,0.05909090909090909,0.1740909090909091,33.8290909090909,0.08772727272727274,0.15409090909090908,57.24272727272727,0.05727272727272728,0.08363636363636363,68.57363636363637,0.008181818181818184,0.03136363636363637,0.4790909090909091,0.012272727272727274,0.08000000000000002,0.15363636363636363,0.06772727272727273,0.012727272727272728,0.5004545454545455
73,84,2022-12-06,8,1,2022-2023,Caxias do Sul Basquete,Pato Basquete,0,0.38049999999999995,0.1275,0.187,0.06599999999999999,0.177,0.047,0.13000000000000003,0.0655,0.056499999999999995,1.1709999999999998,0.042499999999999996,0.129,32.857000000000006,0.0935,0.18899999999999997,49.471000000000004,0.06599999999999999,0.0905,73.38199999999999,0.003,0.03699999999999999,0.6609999999999999,0.01,0.091,0.11100000000000002,0.056499999999999995,0.011,0.40700000000000003,0.35850000000000004,0.13499999999999998,0.16999999999999998,0.05349999999999999,0.17450000000000002,0.04949999999999999,0.125,0.063,0.06999999999999999,0.906,0.045,0.14850000000000002,30.423999999999996,0.08499999999999999,0.1785,47.404,0.05349999999999999,0.0875,61.7,0.003,0.044,0.6370000000000001,0.005,0.0925,0.053000000000000005,0.06999999999999999,0.019499999999999997,0.344
90,61,2022-12-08,8,1,2022-2023,Minas,Rio Claro,1,0.43136363636363645,0.15,0.21909090909090903,0.062272727272727264,0.2113636363636364,0.05772727272727273,0.15363636363636363,0.10181818181818182,0.075,1.5354545454545454,0.05,0.13272727272727272,37.88181818181818,0.10954545454545452,0.19363636363636363,56.14636363636364,0.062272727272727264,0.07954545454545454,78.00181818181817,0.010909090909090912,0.03363636363636364,0.5572727272727273,0.010909090909090908,0.09090909090909091,0.12727272727272726,0.075,0.022272727272727277,0.53,0.3686363636363636,0.10227272727272728,0.19909090909090904,0.06727272727272728,0.17136363636363636,0.055,0.11636363636363636,0.06545454545454545,0.05636363636363637,1.2436363636363637,0.03409090909090909,0.12272727272727274,26.800909090909087,0.09954545454545452,0.20227272727272727,49.53818181818181,0.06727272727272728,0.09681818181818179,70.57545454545456,0.009090909090909092,0.03363636363636364,0.6336363636363637,0.008181818181818184,0.10636363636363638,0.0763636363636364,0.05636363636363637,0.011363636363636364,0.37000000000000005
62,72,2022-12-08,8,1,2022-2023,Caxias do Sul Basquete,Corinthians,0,0.3765909090909091,0.1234090909090909,0.18863636363636366,0.06454545454545454,0.17954545454545456,0.04727272727272727,0.1322727272727273,0.06568181818181819,0.057499999999999996,1.1554545454545453,0.04113636363636363,0.12931818181818183,31.75636363636364,0.09431818181818183,0.19045454545454543,49.51909090909091,0.06454545454545454,0.08954545454545454,72.39272727272727,0.00340909090909091,0.037045454545454534,0.6518181818181819,0.010227272727272727,0.09113636363636363,0.11363636363636363,0.057499999999999996,0.010227272727272725,0.40227272727272734,0.41400000000000003,0.14550000000000002,0.19799999999999998,0.0705,0.201,0.047,0.154,0.083,0.08150000000000002,1.1039999999999999,0.0485,0.1405,33.45700000000001,0.09899999999999999,0.16599999999999998,59.585,0.0705,0.0965,72.133,0.0165,0.03150000000000001,0.4109999999999999,0.024,0.091,0.26799999999999996,0.08150000000000002,0.0185,0.4870000000000001
85,93,2022-12-08,8,1,2022-2023,União Corinthians,Pato Basquete,0,0.37550999999999995,0.186,0.14900000000000002,0.040494999999999996,0.161495,0.042010000000000006,0.11950000000000001,0.09200500000000002,0.063495,1.5400000000000003,0.06198999999999999,0.16601000000000002,37.805,0.0745,0.16000000000000003,46.720000000000006,0.040494999999999996,0.051500000000000004,78.24100000000001,0.008495,0.030995,0.49800000000000005,0.0095,0.09649500000000001,0.099,0.063495,0.011,0.40549999999999997,0.3661363636363637,0.1384090909090909,0.17272727272727273,0.055,0.17500000000000002,0.04954545454545454,0.12545454545454546,0.06477272727272727,0.06954545454545454,0.9390909090909091,0.04613636363636364,0.14681818181818185,31.679090909090906,0.08636363636363636,0.1802272727272727,47.69727272727273,0.055,0.08954545454545454,61.876363636363635,0.0029545454545454545,0.04477272727272727,0.6527272727272728,0.005227272727272727,0.09272727272727273,0.05545454545454545,0.06954545454545454,0.018863636363636364,0.35727272727272724
81,111,2022-12-08,8,1,2022-2023,Fortaleza B. C. / CFO,São Paulo,0,0.3465,0.087,0.213,0.04650000000000001,0.223,0.07,0.15299999999999997,0.067,0.06650000000000002,1.072,0.029000000000000005,0.1265,22.395000000000003,0.1065,0.223,47.32799999999999,0.04650000000000001,0.0905,54.114999999999995,0.007000000000000001,0.0385,0.621,0.0115,0.10850000000000001,0.10700000000000003,0.06650000000000002,0.0125,0.36199999999999993,0.4256249999999999,0.1725,0.19250000000000003,0.060625,0.17937500000000003,0.03937499999999999,0.14,0.08875,0.05875,1.57,0.057499999999999996,0.149375,38.605,0.09625000000000002,0.17187500000000003,56.105,0.060625,0.080625,75.6225,0.00125,0.036875000000000005,0.62375,0.005625,0.08812500000000001,0.06,0.05875,0.009375000000000001,0.49
98,90,2022-12-10,8,1,2022-2023,Pinheiros,Coop/São José Basketball,1,0.38449999999999995,0.11850000000000001,0.199,0.06700000000000002,0.2185,0.06799999999999999,0.1505,0.0895,0.07599999999999998,1.2209999999999999,0.0395,0.129,30.859,0.0995,0.20950000000000008,47.786,0.06700000000000002,0.093,70.85900000000001,0.009000000000000001,0.034999999999999996,0.481,0.014000000000000002,0.0955,0.16300000000000003,0.07599999999999998,0.0115,0.44000000000000006,0.39181818181818184,0.14454545454545456,0.18772727272727271,0.05954545454545455,0.18522727272727274,0.04886363636363635,0.13636363636363635,0.10136363636363634,0.06250000000000001,1.7227272727272729,0.04818181818181819,0.14795454545454548,32.46818181818182,0.09386363636363636,0.17386363636363636,54.309999999999995,0.05954545454545455,0.07750000000000001,76.48272727272727,0.005909090909090909,0.028409090909090915,0.4754545454545454,0.011363636363636364,0.08772727272727272,0.1318181818181818,0.06250000000000001,0.011136363636363637,0.45795454545454545
86,91,2022-12-10,8,1,2022-2023,União Corinthians,Corinthians,0,0.38023636363636365,0.1827272727272727,0.1522727272727273,0.04522272727272727,0.1645409090909091,0.045463636363636366,0.1190909090909091,0.09295909090909092,0.06363181818181819,1.543636363636364,0.060899999999999996,0.16819090909090909,36.76090909090909,0.07613636363636364,0.16204545454545458,47.08,0.04522272727272727,0.05704545454545455,78.60272727272728,0.00885909090909091,0.03249545454545454,0.5190909090909092,0.009772727272727273,0.09772272727272728,0.1,0.06363181818181819,0.011590909090909091,0.4113636363636363,0.41340909090909095,0.1459090909090909,0.19727272727272727,0.07022727272727272,0.2040909090909091,0.04681818181818182,0.15727272727272726,0.0825,0.08272727272727275,1.0781818181818181,0.04863636363636364,0.14227272727272727,33.25636363636364,0.09863636363636363,0.16454545454545452,59.92545454545455,0.07022727272727272,0.09613636363636364,72.2090909090909,0.017272727272727273,0.031136363636363643,0.39999999999999997,0.022500000000000003,0.08954545454545454,0.2527272727272727,0.08272727272727275,0.018863636363636364,0.4854545454545455
73,82,2022-12-10,8,1,2022-2023,UNIFACISA,São Paulo,0,0.3877777777777778,0.14,0.19444444444444445,0.05333333333333333,0.17055555555555557,0.04722222222222222,0.12333333333333335,0.07333333333333332,0.06944444444444443,1.0777777777777777,0.04666666666666666,0.12611111111111112,36.64555555555555,0.09722222222222222,0.18944444444444444,51.42555555555556,0.05333333333333333,0.07388888888888889,72.55666666666667,0.006666666666666666,0.033888888888888885,0.49888888888888894,0.005555555555555557,0.10499999999999998,0.05333333333333333,0.06944444444444443,0.013888888888888888,0.4094444444444444,0.43194444444444435,0.17416666666666666,0.1955555555555556,0.062222222222222213,0.18027777777777781,0.03833333333333333,0.14194444444444446,0.0911111111111111,0.058333333333333334,1.6177777777777778,0.058055555555555555,0.1502777777777778,38.724444444444444,0.0977777777777778,0.17111111111111113,57.278888888888886,0.062222222222222213,0.08194444444444444,76.22888888888889,0.0016666666666666666,0.03638888888888889,0.62,0.006111111111111111,0.09055555555555556,0.06333333333333332,0.058333333333333334,0.009722222222222222,0.5022222222222221
95,73,2022-12-13,9,1,2022-2023,Pinheiros,Fortaleza B. C. / CFO,1,0.3940909090909091,0.11727272727272728,0.20363636363636364,0.0731818181818182,0.21636363636363634,0.06909090909090908,0.14727272727272725,0.09,0.07363636363636362,1.2827272727272727,0.03909090909090909,0.1272727272727273,30.94636363636364,0.10181818181818182,0.21090909090909096,48.49272727272728,0.0731818181818182,0.10181818181818182,70.87636363636364,0.009090909090909092,0.035454545454545454,0.5099999999999999,0.013181818181818183,0.09681818181818183,0.15272727272727277,0.07363636363636362,0.010454545454545454,0.4495454545454546,0.3518181818181818,0.08590909090909091,0.21454545454545454,0.05136363636363637,0.22045454545454543,0.06863636363636365,0.15181818181818182,0.06681818181818183,0.06727272727272728,1.0536363636363637,0.02863636363636364,0.125,22.425454545454546,0.10727272727272727,0.22272727272727275,47.777272727272724,0.05136363636363637,0.09545454545454544,55.46545454545455,0.007727272727272728,0.03681818181818182,0.5890909090909091,0.011363636363636364,0.10590909090909094,0.10909090909090911,0.06727272727272728,0.013181818181818182,0.364090909090909
80,93,2022-12-13,9,1,2022-2023,Cerrado,Paulistano,0,0.41200000000000003,0.19649999999999998,0.14100000000000001,0.0745,0.17450000000000002,0.05299999999999999,0.12150000000000001,0.07900000000000001,0.076,1.066,0.0655,0.18800000000000003,34.609,0.07050000000000001,0.135,52.31699999999999,0.0745,0.10300000000000001,72.272,0.009,0.03350000000000001,0.45600000000000007,0.009,0.087,0.10500000000000001,0.076,0.017,0.4165,0.36227272727272725,0.11727272727272728,0.1918181818181818,0.05318181818181818,0.20363636363636364,0.07545454545454545,0.12818181818181815,0.07500000000000001,0.05909090909090909,1.3836363636363638,0.03909090909090909,0.13863636363636364,28.768181818181816,0.0959090909090909,0.21,46.8609090909091,0.05318181818181818,0.07818181818181819,66.53727272727272,0.006363636363636364,0.04045454545454545,0.7772727272727272,0.011818181818181818,0.0940909090909091,0.1281818181818182,0.05909090909090909,0.0072727272727272745,0.39545454545454545
68,76,2022-12-13,9,1,2022-2023,Bauru Basket,UNIFACISA,0,0.40277777777777773,0.14166666666666666,0.20333333333333334,0.05777777777777778,0.18166666666666667,0.05611111111111111,0.12555555555555556,0.08388888888888887,0.04777777777777778,1.9477777777777778,0.047222222222222214,0.14388888888888887,32.97888888888889,0.10166666666666667,0.18222222222222223,56.04666666666667,0.05777777777777778,0.08333333333333333,68.38333333333334,0.012222222222222223,0.031111111111111114,0.7277777777777777,0.008333333333333335,0.08833333333333333,0.10333333333333333,0.04777777777777778,0.009444444444444446,0.45722222222222225,0.38550000000000006,0.1395,0.189,0.056999999999999995,0.17,0.0475,0.12250000000000001,0.073,0.06849999999999998,1.087,0.0465,0.13,35.708,0.0945,0.185,51.111000000000004,0.056999999999999995,0.08,71.968,0.006,0.033999999999999996,0.507,0.005000000000000001,0.10599999999999998,0.048,0.06849999999999998,0.013000000000000001,0.40199999999999997
100,86,2022-12-15,9,1,2022-2023,Pinheiros,UNIFACISA,1,0.401875,0.12125000000000001,0.20833333333333334,0.07229166666666668,0.21479166666666663,0.06812499999999999,0.14666666666666664,0.09291666666666666,0.071875,1.3741666666666665,0.04041666666666667,0.12979166666666667,31.277500000000003,0.10416666666666667,0.2102083333333334,49.80166666666668,0.07229166666666668,0.10083333333333334,70.75666666666666,0.00875,0.03645833333333333,0.5425,0.01375,0.09666666666666668,0.15750000000000003,0.071875,0.010625,0.4639583333333334,0.3872727272727273,0.14454545454545456,0.1840909090909091,0.058636363636363625,0.17068181818181818,0.04681818181818182,0.12386363636363637,0.07318181818181818,0.06727272727272726,1.1118181818181816,0.04818181818181819,0.1322727272727273,36.27454545454545,0.09204545454545456,0.18113636363636365,50.77090909090909,0.058636363636363625,0.08090909090909092,73.0009090909091,0.005681818181818182,0.03272727272727272,0.4936363636363637,0.004772727272727274,0.10454545454545454,0.046363636363636364,0.06727272727272726,0.013636363636363636,0.4059090909090909
101,94,2022-12-15,9,1,2022-2023,Cerrado,São Paulo,1,0.41568181818181815,0.19772727272727272,0.14454545454545456,0.07340909090909091,0.17681818181818182,0.05363636363636362,0.12318181818181818,0.07840909090909093,0.0765909090909091,1.049090909090909,0.06590909090909092,0.1881818181818182,34.81181818181819,0.07227272727272728,0.13727272727272727,52.67454545454545,0.07340909090909091,0.10204545454545455,71.84454545454545,0.008863636363636363,0.03386363636363637,0.4554545454545455,0.00909090909090909,0.08772727272727271,0.10545454545454547,0.0765909090909091,0.017272727272727273,0.42136363636363633,0.43699999999999994,0.1755,0.198,0.06349999999999999,0.18100000000000002,0.0375,0.14350000000000002,0.093,0.05800000000000001,1.6560000000000001,0.058499999999999996,0.151,38.82,0.099,0.17050000000000004,58.217999999999996,0.06349999999999999,0.083,76.71400000000001,0.002,0.036,0.617,0.006500000000000001,0.0925,0.06599999999999999,0.05800000000000001,0.01,0.5119999999999999
72,82,2022-12-15,9,1,2022-2023,BRB/Brasília,Paulistano,0,0.372,0.1305,0.18,0.06150000000000002,0.181,0.048,0.133,0.08,0.072,1.2029999999999998,0.0435,0.14299999999999996,30.839999999999996,0.09,0.16949999999999998,52.56700000000001,0.06150000000000002,0.09499999999999999,64.34599999999999,0.010499999999999999,0.027500000000000004,0.41999999999999993,0.002,0.101,0.022,0.072,0.0155,0.378,0.3685416666666666,0.120625,0.19458333333333333,0.05333333333333334,0.203125,0.07312500000000001,0.12999999999999998,0.07625,0.057708333333333334,1.4450000000000003,0.04020833333333333,0.13833333333333334,29.611666666666665,0.09729166666666667,0.21229166666666666,46.903333333333336,0.05333333333333334,0.07708333333333334,68.04416666666667,0.007083333333333334,0.040624999999999994,0.7958333333333333,0.011458333333333334,0.094375,0.1241666666666667,0.057708333333333334,0.007083333333333335,0.4054166666666666
82,50,2022-12-15,9,1,2022-2023,Bauru Basket,Fortaleza B. C. / CFO,1,0.39999999999999997,0.14925,0.195,0.05575,0.18,0.05500000000000001,0.125,0.08399999999999999,0.04775,1.932,0.049749999999999996,0.14825,33.548,0.0975,0.17750000000000002,54.886,0.05575,0.08025,68.68800000000002,0.01225,0.0325,0.75,0.0075000000000000015,0.0895,0.093,0.04775,0.009500000000000001,0.45325000000000004,0.348125,0.089375,0.2058333333333333,0.05291666666666667,0.2177083333333333,0.06666666666666668,0.15104166666666666,0.06708333333333334,0.07062500000000001,1.02,0.02979166666666667,0.121875,24.604166666666668,0.10291666666666666,0.21937500000000001,46.3075,0.05291666666666667,0.09604166666666665,56.534166666666664,0.007291666666666668,0.035625000000000004,0.5575,0.011458333333333334,0.10416666666666669,0.1125,0.07062500000000001,0.013958333333333331,0.35770833333333324
89,96,2022-12-17,9,1,2022-2023,BRB/Brasília,São Paulo,0,0.37477272727272726,0.1309090909090909,0.18045454545454545,0.06340909090909093,0.18363636363636363,0.048409090909090915,0.13522727272727272,0.07818181818181819,0.07204545454545454,1.169090909090909,0.04363636363636363,0.14204545454545453,31.12363636363636,0.09022727272727273,0.17045454545454544,52.46000000000001,0.06340909090909093,0.09795454545454545,64.3790909090909,0.010454545454545454,0.026590909090909096,0.40363636363636357,0.002727272727272727,0.10068181818181818,0.02909090909090909,0.07204545454545454,0.014772727272727272,0.3806818181818182,0.4404545454545454,0.18,0.1954545454545455,0.06499999999999999,0.18045454545454548,0.03840909090909091,0.14204545454545456,0.09181818181818181,0.05954545454545455,1.602727272727273,0.05999999999999999,0.15295454545454545,39.24363636363636,0.09772727272727275,0.16954545454545455,57.75545454545454,0.06499999999999999,0.08545454545454546,76.35181818181819,0.002045454545454545,0.03659090909090909,0.6127272727272728,0.006818181818181818,0.09659090909090909,0.06636363636363636,0.05954545454545455,0.009545454545454546,0.5113636363636362
85,96,2022-12-19,10,1,2022-2023,Pato Basquete,Bauru Basket,0,0.37250000000000005,0.14125,0.17500000000000002,0.05625,0.17541666666666667,0.04958333333333333,0.12583333333333332,0.06625,0.06916666666666665,0.9666666666666667,0.04708333333333334,0.14541666666666667,32.725,0.08750000000000001,0.18166666666666664,47.94166666666667,0.05625,0.09125,62.02333333333333,0.002916666666666667,0.04541666666666667,0.6658333333333335,0.005416666666666667,0.09291666666666666,0.057499999999999996,0.06916666666666665,0.018333333333333333,0.36833333333333335,0.3977272727272727,0.15545454545454546,0.1881818181818182,0.054090909090909085,0.17863636363636365,0.0540909090909091,0.12454545454545456,0.08409090909090908,0.04772727272727273,1.919090909090909,0.05181818181818181,0.15181818181818182,34.013636363636365,0.0940909090909091,0.17363636363636364,53.93636363636363,0.054090909090909085,0.07772727272727273,68.93727272727274,0.012272727272727274,0.03363636363636364,0.7681818181818181,0.00681818181818182,0.09045454545454545,0.08454545454545455,0.04772727272727273,0.009545454545454546,0.4500000000000001
63,56,2022-12-19,10,1,2022-2023,UNIFACISA,Caxias do Sul Basquete,1,0.3887500000000001,0.14875000000000002,0.18000000000000002,0.05999999999999999,0.17125,0.046250000000000006,0.125,0.07333333333333332,0.06624999999999999,1.1324999999999998,0.04958333333333333,0.13416666666666668,36.74666666666666,0.09000000000000001,0.1779166666666667,50.487500000000004,0.05999999999999999,0.08166666666666667,73.86166666666668,0.005416666666666667,0.03166666666666667,0.4825000000000001,0.004583333333333334,0.10333333333333333,0.045000000000000005,0.06624999999999999,0.014166666666666666,0.4091666666666667,0.37333333333333335,0.12,0.19000000000000003,0.06333333333333334,0.18166666666666667,0.04750000000000001,0.13416666666666668,0.06583333333333334,0.05833333333333333,1.1424999999999998,0.04,0.12958333333333336,30.83916666666667,0.09500000000000001,0.19166666666666665,49.55916666666667,0.06333333333333334,0.08875,71.56833333333333,0.0037500000000000003,0.03708333333333332,0.6441666666666667,0.010416666666666666,0.09125,0.11583333333333334,0.05833333333333333,0.009583333333333333,0.39833333333333343
83,94,2022-12-19,10,1,2022-2023,Fortaleza B. C. / CFO,União Corinthians,0,0.34500000000000003,0.0923076923076923,0.19846153846153844,0.054230769230769235,0.21538461538461537,0.06500000000000002,0.1503846153846154,0.06730769230769232,0.07346153846153848,0.9915384615384616,0.03076923076923077,0.11923076923076922,26.447692307692307,0.09923076923076922,0.21653846153846157,45.06384615384615,0.054230769230769235,0.09653846153846153,57.43846153846153,0.006923076923076924,0.03461538461538462,0.5307692307692308,0.01153846153846154,0.10269230769230771,0.11538461538461539,0.07346153846153848,0.014615384615384613,0.35230769230769216,0.384175,0.17999999999999997,0.15500000000000003,0.0491625,0.16707916666666667,0.048341666666666665,0.11875000000000001,0.09375416666666668,0.06374583333333333,1.5466666666666669,0.059991666666666665,0.17000833333333334,35.89083333333333,0.0775,0.16375000000000003,47.379999999999995,0.0491625,0.061666666666666675,78.90416666666668,0.0091625,0.03374583333333333,0.5366666666666667,0.01,0.09874583333333335,0.10083333333333334,0.06374583333333333,0.012083333333333335,0.41624999999999995
65,94,2022-12-19,10,1,2022-2023,Corinthians,Minas,0,0.41291666666666665,0.14625,0.19666666666666666,0.06999999999999999,0.20666666666666667,0.04666666666666667,0.16,0.08208333333333334,0.08375,1.0566666666666666,0.04875000000000001,0.14375,33.08916666666667,0.09833333333333333,0.1633333333333333,60.209166666666675,0.06999999999999999,0.09583333333333334,72.2725,0.017916666666666668,0.03083333333333334,0.3908333333333333,0.02125,0.08833333333333332,0.24,0.08375,0.019166666666666665,0.4841666666666667,0.4329166666666668,0.15125,0.2216666666666666,0.06,0.21541666666666667,0.05833333333333333,0.15708333333333332,0.10416666666666667,0.07375,1.5883333333333336,0.05041666666666667,0.13249999999999998,38.25083333333333,0.1108333333333333,0.19666666666666666,55.99666666666667,0.06,0.0775,76.80499999999999,0.012500000000000002,0.03333333333333333,0.5525,0.011666666666666665,0.09000000000000001,0.13749999999999998,0.07375,0.02083333333333334,0.5383333333333333
72,62,2022-12-20,10,1,2022-2023,Paulistano,Coop/São José Basketball,1,0.37384615384615383,0.12346153846153846,0.19692307692307692,0.05346153846153846,0.20269230769230767,0.07115384615384615,0.1315384615384615,0.07730769230769231,0.05653846153846154,1.4969230769230772,0.04115384615384616,0.13807692307692307,30.325384615384614,0.09846153846153846,0.2142307692307692,46.939230769230775,0.05346153846153846,0.07615384615384616,69.31923076923077,0.007692307692307693,0.040769230769230766,0.8115384615384614,0.011153846153846155,0.09461538461538462,0.12076923076923081,0.05653846153846154,0.006923076923076925,0.41384615384615375,0.39333333333333337,0.145,0.1875,0.06083333333333333,0.18500000000000003,0.04833333333333332,0.1366666666666667,0.10166666666666664,0.062083333333333345,1.7316666666666667,0.04833333333333334,0.14750000000000005,32.68666666666667,0.09375,0.17458333333333334,54.00749999999999,0.06083333333333333,0.07875000000000001,76.86583333333334,0.0062499999999999995,0.027083333333333338,0.4541666666666666,0.010833333333333334,0.08958333333333333,0.125,0.062083333333333345,0.010416666666666666,0.4579166666666666
66,91,2022-12-20,10,1,2022-2023,São Paulo,Flamengo,0,0.4433333333333332,0.18375,0.19333333333333336,0.06624999999999999,0.18000000000000002,0.03916666666666666,0.14083333333333334,0.09083333333333334,0.06083333333333333,1.5583333333333336,0.06124999999999999,0.15458333333333332,39.59666666666667,0.09666666666666668,0.16875000000000004,57.37,0.06624999999999999,0.08750000000000001,76.05000000000001,0.0020833333333333333,0.03708333333333333,0.6091666666666667,0.007083333333333333,0.09999999999999999,0.06666666666666667,0.06083333333333333,0.009166666666666668,0.5108333333333333,0.41083333333333333,0.18000000000000002,0.17333333333333334,0.057500000000000016,0.21958333333333332,0.06291666666666668,0.15666666666666668,0.09999999999999999,0.06541666666666666,1.5741666666666667,0.06,0.17500000000000002,34.16333333333333,0.08666666666666667,0.15458333333333332,56.37916666666666,0.057500000000000016,0.08291666666666665,69.52583333333334,0.007500000000000002,0.03125000000000001,0.5016666666666667,0.011250000000000001,0.08,0.14083333333333334,0.06541666666666666,0.012916666666666668,0.49916666666666676
98,76,2022-12-20,10,1,2022-2023,Sesi Franca,Cerrado,1,0.4483333333333333,0.17749999999999996,0.18833333333333327,0.0825,0.20875000000000002,0.04875000000000001,0.15999999999999998,0.09166666666666666,0.06416666666666666,1.5483333333333331,0.05916666666666667,0.1479166666666667,40.178333333333335,0.09416666666666663,0.16374999999999998,57.55833333333334,0.0825,0.1125,72.95499999999998,0.007916666666666667,0.02541666666666667,0.45500000000000007,0.010833333333333334,0.075,0.1466666666666667,0.06416666666666666,0.010833333333333334,0.5325000000000001,0.41874999999999996,0.19874999999999998,0.1475,0.0725,0.17875,0.05416666666666666,0.12458333333333334,0.07791666666666668,0.07708333333333334,1.0350000000000001,0.06625000000000002,0.18833333333333335,34.980833333333344,0.07375,0.13916666666666666,52.9725,0.0725,0.10125,71.48833333333333,0.00875,0.03416666666666667,0.45500000000000007,0.009166666666666665,0.08833333333333332,0.10583333333333335,0.07708333333333334,0.017499999999999998,0.4254166666666666
85,87,2022-12-20,10,1,2022-2023,Rio Claro,BRB/Brasília,0,0.3633333333333333,0.10375000000000001,0.19416666666666663,0.06541666666666666,0.1708333333333333,0.05375,0.11708333333333333,0.06666666666666667,0.055833333333333346,1.2733333333333332,0.034583333333333334,0.12291666666666667,27.234166666666663,0.09708333333333331,0.20333333333333334,48.123333333333335,0.06541666666666666,0.09458333333333331,70.05166666666668,0.008333333333333333,0.034583333333333334,0.6558333333333334,0.009166666666666668,0.10500000000000002,0.08833333333333336,0.055833333333333346,0.010833333333333334,0.365,0.37708333333333327,0.13125,0.18083333333333332,0.06500000000000002,0.18583333333333332,0.04875000000000001,0.13708333333333333,0.07666666666666667,0.07208333333333333,1.1408333333333331,0.04374999999999999,0.14125,31.359999999999996,0.09041666666666666,0.17124999999999999,52.37083333333334,0.06500000000000002,0.10041666666666665,64.40666666666667,0.010416666666666666,0.025833333333333337,0.38999999999999996,0.0033333333333333335,0.10041666666666665,0.035,0.07208333333333333,0.014166666666666668,0.3829166666666666
74,88,2022-12-21,10,1,2022-2023,Pato Basquete,Minas,0,0.37442307692307697,0.1448076923076923,0.175,0.05461538461538462,0.17250000000000001,0.04923076923076923,0.12326923076923076,0.0673076923076923,0.06999999999999998,0.9692307692307692,0.04826923076923077,0.1453846153846154,33.52307692307692,0.0875,0.1792307692307692,48.74076923076924,0.05461538461538462,0.08807692307692308,62.636923076923075,0.002884615384615385,0.04346153846153847,0.633846153846154,0.005192307692307692,0.09403846153846153,0.054615384615384614,0.06999999999999998,0.018269230769230767,0.3705769230769231,0.43461538461538474,0.15,0.22615384615384612,0.05846153846153846,0.21461538461538462,0.05846153846153846,0.15615384615384614,0.10346153846153847,0.07326923076923077,1.5746153846153847,0.05000000000000001,0.13173076923076923,38.13384615384616,0.11307692307692306,0.19807692307692307,56.698461538461544,0.05846153846153846,0.07596153846153847,76.24846153846153,0.013076923076923078,0.033269230769230766,0.5469230769230768,0.011346153846153846,0.08807692307692308,0.13615384615384615,0.07326923076923077,0.02096153846153847,0.5398076923076923
71,66,2022-12-21,10,1,2022-2023,UNIFACISA,União Corinthians,1,0.3846153846153847,0.14596153846153848,0.1776923076923077,0.06096153846153845,0.17403846153846156,0.0475,0.12653846153846154,0.07230769230769231,0.06749999999999999,1.1015384615384614,0.04865384615384615,0.1346153846153846,35.98076923076923,0.08884615384615385,0.17653846153846156,50.21,0.06096153846153845,0.0821153846153846,74.55384615384617,0.005192307692307692,0.03192307692307693,0.47769230769230775,0.004615384615384617,0.10134615384615384,0.04615384615384616,0.06749999999999999,0.014038461538461538,0.4051923076923077,0.3853923076923077,0.17884615384615382,0.1557692307692308,0.050765384615384615,0.16691923076923076,0.047892307692307685,0.11903846153846155,0.09346538461538463,0.06441923076923077,1.5230769230769232,0.05960769230769231,0.16789230769230773,36.09923076923077,0.07788461538461539,0.1630769230769231,47.83,0.050765384615384615,0.06576923076923077,77.51692307692309,0.009803846153846154,0.035188461538461537,0.5507692307692309,0.009807692307692307,0.09980384615384617,0.09846153846153848,0.06441923076923077,0.012115384615384618,0.4178846153846153
77,72,2022-12-21,10,1,2022-2023,Corinthians,Bauru Basket,1,0.4084615384615385,0.14192307692307693,0.1946153846153846,0.07192307692307692,0.20384615384615384,0.04692307692307693,0.15692307692307692,0.08096153846153847,0.08288461538461539,1.0469230769230768,0.047307692307692314,0.1423076923076923,32.39,0.0973076923076923,0.16461538461538458,59.21000000000001,0.07192307692307692,0.09673076923076923,73.51076923076923,0.0175,0.030192307692307702,0.3846153846153845,0.020384615384615386,0.08769230769230768,0.23153846153846153,0.08288461538461539,0.018846153846153846,0.47384615384615386,0.39694583333333333,0.15541666666666668,0.18500000000000003,0.056529166666666665,0.17597083333333333,0.052779166666666676,0.12319583333333334,0.08333333333333331,0.04916666666666667,1.8549999999999998,0.05180416666666666,0.15125,34.14833333333333,0.09250000000000001,0.1711125,53.8025,0.056529166666666665,0.07902916666666666,70.63333333333334,0.011666666666666667,0.034583333333333334,0.7616666666666666,0.007083333333333334,0.09166666666666667,0.08583333333333333,0.04916666666666667,0.009583333333333334,0.4481958333333334
84,73,2022-12-21,10,1,2022-2023,Fortaleza B. C. / CFO,Caxias do Sul Basquete,1,0.3501785714285714,0.09267857142857142,0.20285714285714285,0.05464285714285715,0.21535714285714283,0.06589285714285716,0.14946428571428574,0.06839285714285716,0.07500000000000002,0.9828571428571429,0.030892857142857142,0.11857142857142856,26.669285714285714,0.10142857142857142,0.21696428571428575,46.01857142857142,0.05464285714285715,0.09660714285714285,57.731428571428566,0.007321428571428572,0.03464285714285715,0.5192857142857144,0.01160714285714286,0.10500000000000001,0.11357142857142857,0.07500000000000002,0.014464285714285713,0.3599999999999999,0.36942307692307697,0.11596153846153845,0.19,0.06346153846153846,0.17980769230769234,0.0476923076923077,0.13211538461538463,0.06403846153846154,0.05999999999999999,1.0953846153846152,0.03865384615384615,0.12769230769230772,30.11538461538462,0.095,0.1917307692307692,49.543076923076924,0.06346153846153846,0.08884615384615385,71.61846153846153,0.0036538461538461542,0.03788461538461537,0.64,0.010384615384615384,0.09153846153846154,0.1153846153846154,0.05999999999999999,0.009615384615384614,0.39038461538461544
84,90,2022-12-22,10,1,2022-2023,Paulistano,Flamengo,0,0.37499999999999994,0.12428571428571429,0.19892857142857143,0.05178571428571429,0.20249999999999999,0.07089285714285715,0.13160714285714284,0.0767857142857143,0.05678571428571428,1.4735714285714288,0.04142857142857143,0.1369642857142857,30.782857142857143,0.09946428571428571,0.21607142857142853,46.935,0.05178571428571429,0.07357142857142858,69.725,0.007500000000000001,0.04071428571428571,0.8014285714285714,0.01160714285714286,0.09410714285714285,0.12642857142857147,0.05678571428571428,0.006964285714285716,0.41589285714285706,0.41403846153846147,0.18288461538461537,0.1726923076923077,0.05846153846153848,0.21807692307692308,0.06173076923076924,0.15634615384615386,0.1,0.06461538461538462,1.593076923076923,0.06096153846153846,0.175,34.72230769230769,0.08634615384615385,0.15307692307692308,56.74307692307692,0.05846153846153848,0.08346153846153846,70.16076923076923,0.006923076923076925,0.03134615384615385,0.5084615384615385,0.01076923076923077,0.07961538461538463,0.13538461538461538,0.06461538461538462,0.01230769230769231,0.5038461538461539
93,90,2022-12-22,10,1,2022-2023,Rio Claro,Cerrado,1,0.36961538461538457,0.10557692307692308,0.19961538461538458,0.06442307692307693,0.16865384615384615,0.0526923076923077,0.11596153846153846,0.06999999999999999,0.05480769230769232,1.3746153846153844,0.03519230769230769,0.12173076923076923,28.179999999999993,0.09980769230769229,0.2053846153846154,48.85307692307693,0.06442307692307693,0.09365384615384614,69.55846153846154,0.00826923076923077,0.03596153846153846,0.7007692307692307,0.009615384615384618,0.10596153846153847,0.09153846153846157,0.05480769230769232,0.010576923076923078,0.3776923076923077,0.41846153846153844,0.20019230769230767,0.14846153846153845,0.0698076923076923,0.1798076923076923,0.05557692307692307,0.12423076923076924,0.07711538461538463,0.0775,1.0184615384615385,0.06673076923076925,0.19019230769230772,34.914615384615395,0.07423076923076923,0.13903846153846153,53.373076923076916,0.0698076923076923,0.09846153846153846,70.42692307692307,0.008846153846153847,0.033461538461538466,0.44307692307692315,0.00923076923076923,0.08653846153846152,0.10923076923076924,0.0775,0.017115384615384616,0.4236538461538461
99,94,2022-12-22,10,1,2022-2023,Sesi Franca,BRB/Brasília,1,0.4517307692307692,0.17480769230769228,0.19538461538461532,0.08153846153846155,0.20884615384615388,0.0476923076923077,0.16115384615384615,0.09307692307692307,0.06326923076923077,1.5907692307692307,0.058269230769230775,0.1480769230769231,39.52384615384616,0.09769230769230766,0.16673076923076924,58.44923076923077,0.08153846153846155,0.11038461538461539,73.6776923076923,0.01,0.025961538461538463,0.46769230769230774,0.011538461538461537,0.07653846153846153,0.15153846153846157,0.06326923076923077,0.01076923076923077,0.5401923076923077,0.3828846153846153,0.13153846153846155,0.185,0.06634615384615386,0.18846153846153849,0.05038461538461539,0.13807692307692307,0.07846153846153849,0.07173076923076924,1.1669230769230767,0.04384615384615384,0.14115384615384616,31.419999999999995,0.0925,0.175,52.45076923076923,0.06634615384615386,0.10153846153846152,64.97076923076924,0.01096153846153846,0.025961538461538466,0.3915384615384615,0.0040384615384615385,0.10076923076923075,0.04153846153846154,0.07173076923076924,0.013461538461538462,0.39307692307692305
96,68,2022-12-22,10,1,2022-2023,São Paulo,Coop/São José Basketball,1,0.44038461538461526,0.17942307692307694,0.19615384615384618,0.06480769230769229,0.18115384615384617,0.04076923076923077,0.14038461538461539,0.08961538461538462,0.059807692307692305,1.56,0.0598076923076923,0.15326923076923077,38.92846153846154,0.09807692307692309,0.17230769230769233,57.07153846153846,0.06480769230769229,0.08576923076923076,75.82153846153848,0.0028846153846153843,0.03692307692307692,0.6192307692307693,0.007115384615384615,0.0996153846153846,0.06769230769230769,0.059807692307692305,0.008653846153846154,0.5067307692307691,0.38807692307692315,0.1401923076923077,0.1896153846153846,0.05826923076923077,0.18653846153846157,0.050769230769230754,0.13576923076923078,0.09980769230769228,0.0626923076923077,1.683846153846154,0.046730769230769235,0.14461538461538465,32.09538461538462,0.0948076923076923,0.18000000000000002,53.22846153846153,0.05826923076923077,0.07769230769230771,74.20769230769231,0.006538461538461538,0.027307692307692314,0.45230769230769224,0.011153846153846155,0.08923076923076922,0.12923076923076923,0.0626923076923077,0.01,0.44769230769230767
68,65,2022-12-23,10,1,2022-2023,Pinheiros,Bauru Basket,1,0.40846153846153843,0.12461538461538463,0.21230769230769228,0.07153846153846155,0.21346153846153842,0.0673076923076923,0.14615384615384613,0.09538461538461539,0.07038461538461538,1.4515384615384614,0.04153846153846154,0.13192307692307692,31.557692307692314,0.10615384615384614,0.2096153846153847,50.90923076923078,0.07153846153846155,0.10000000000000002,70.65538461538462,0.008461538461538463,0.037307692307692306,0.5700000000000001,0.01423076923076923,0.09653846153846155,0.16153846153846158,0.07038461538461538,0.01076923076923077,0.47615384615384626,0.3962846153846154,0.1553846153846154,0.1823076923076923,0.058592307692307694,0.17371538461538463,0.05166923076923077,0.12205384615384615,0.08269230769230768,0.05038461538461539,1.8007692307692305,0.051792307692307686,0.15076923076923077,34.262307692307694,0.09115384615384615,0.16897692307692308,53.689230769230775,0.058592307692307694,0.08013076923076924,72.06846153846155,0.011153846153846155,0.03538461538461538,0.7561538461538461,0.007307692307692308,0.0926923076923077,0.08692307692307694,0.05038461538461539,0.009615384615384616,0.4466692307692309
73,83,2022-12-27,11,1,2022-2023,Coop/São José Basketball,Sesi Franca,0,0.3835714285714286,0.13607142857142857,0.19142857142857142,0.056071428571428564,0.1878571428571429,0.05285714285714284,0.135,0.09821428571428568,0.06321428571428574,1.6428571428571428,0.04535714285714286,0.14214285714285718,31.58857142857143,0.09571428571428571,0.18464285714285716,52.560714285714276,0.056071428571428564,0.0767857142857143,71.92928571428571,0.006785714285714285,0.027500000000000007,0.4507142857142856,0.01142857142857143,0.08892857142857143,0.13285714285714284,0.06321428571428574,0.009642857142857144,0.4389285714285714,0.45464285714285707,0.17249999999999996,0.20142857142857137,0.08071428571428572,0.20892857142857144,0.0467857142857143,0.16214285714285712,0.09428571428571429,0.0625,1.6271428571428572,0.0575,0.14821428571428572,38.962857142857146,0.10071428571428569,0.1692857142857143,59.212857142857146,0.08071428571428572,0.10857142857142857,74.29714285714284,0.011785714285714287,0.02642857142857143,0.47857142857142865,0.012142857142857141,0.07785714285714285,0.15571428571428572,0.0625,0.010714285714285716,0.5467857142857143
100,83,2022-12-27,11,1,2022-2023,São Paulo,Minas,1,0.4378571428571428,0.1757142857142857,0.1985714285714286,0.06357142857142856,0.18214285714285713,0.04214285714285715,0.13999999999999999,0.08857142857142856,0.05892857142857143,1.5614285714285714,0.05857142857142856,0.15214285714285714,38.355714285714285,0.0992857142857143,0.17535714285714285,56.815714285714286,0.06357142857142856,0.08428571428571428,75.6257142857143,0.0035714285714285718,0.03678571428571429,0.6278571428571429,0.0071428571428571435,0.09928571428571428,0.06857142857142857,0.05892857142857143,0.008214285714285716,0.5032142857142856,0.43607142857142867,0.14892857142857144,0.22999999999999998,0.05714285714285715,0.21392857142857144,0.05857142857142857,0.15535714285714283,0.10285714285714286,0.07285714285714286,1.562857142857143,0.049642857142857155,0.13107142857142856,38.03357142857143,0.11499999999999999,0.19928571428571426,57.300000000000004,0.05714285714285715,0.07464285714285715,75.77142857142856,0.013571428571428571,0.03321428571428571,0.5421428571428571,0.01107142857142857,0.08642857142857142,0.135,0.07285714285714286,0.021071428571428578,0.5410714285714285
110,57,2022-12-27,11,1,2022-2023,Flamengo,Rio Claro,1,0.4167857142857142,0.18535714285714283,0.17214285714285715,0.05928571428571431,0.2167857142857143,0.06071428571428572,0.15607142857142858,0.1,0.06392857142857143,1.6092857142857144,0.061785714285714284,0.175,35.201428571428565,0.08607142857142858,0.15178571428571427,57.055,0.05928571428571431,0.08392857142857144,70.705,0.00642857142857143,0.03142857142857143,0.5142857142857143,0.010357142857142858,0.07928571428571429,0.13071428571428573,0.06392857142857143,0.011785714285714288,0.5078571428571429,0.375,0.10714285714285714,0.20428571428571426,0.06357142857142857,0.1667857142857143,0.05178571428571429,0.115,0.07285714285714286,0.05392857142857144,1.4614285714285713,0.03571428571428571,0.1207142857142857,28.99071428571428,0.10214285714285713,0.20714285714285713,49.478571428571435,0.06357142857142857,0.09285714285714285,69.13571428571429,0.008214285714285716,0.037142857142857144,0.7392857142857142,0.01,0.10678571428571429,0.0942857142857143,0.05392857142857144,0.010357142857142858,0.3885714285714286
59,69,2022-12-29,11,1,2022-2023,Flamengo,Sesi Franca,0,0.41716666666666663,0.189,0.17066666666666666,0.057500000000000016,0.2165,0.061166666666666675,0.15533333333333335,0.1005,0.06266666666666668,1.6613333333333336,0.063,0.1765,35.55533333333333,0.08533333333333333,0.15116666666666667,56.76,0.057500000000000016,0.0815,70.55266666666667,0.006166666666666668,0.03166666666666667,0.532,0.010500000000000002,0.07766666666666668,0.13733333333333334,0.06266666666666668,0.011166666666666668,0.5103333333333334,0.4496666666666666,0.172,0.19799999999999995,0.07966666666666668,0.2081666666666667,0.04650000000000001,0.16166666666666663,0.09333333333333334,0.06283333333333334,1.598,0.05733333333333334,0.14716666666666667,39.132666666666665,0.09899999999999998,0.16833333333333333,58.49133333333334,0.07966666666666668,0.10616666666666667,75.32133333333333,0.011166666666666667,0.026166666666666668,0.46866666666666673,0.011833333333333333,0.07899999999999999,0.15066666666666667,0.06283333333333334,0.011333333333333334,0.5406666666666667
98,63,2022-12-29,11,1,2022-2023,Coop/São José Basketball,Rio Claro,1,0.38650000000000007,0.137,0.192,0.057499999999999996,0.18650000000000003,0.052499999999999984,0.134,0.09799999999999996,0.06250000000000001,1.654,0.04566666666666667,0.14000000000000004,32.51266666666667,0.096,0.18500000000000003,52.56533333333333,0.057499999999999996,0.07816666666666668,72.43333333333334,0.006833333333333332,0.028666666666666674,0.4779999999999999,0.011666666666666669,0.08983333333333333,0.13399999999999998,0.06250000000000001,0.010333333333333333,0.4448333333333333,0.37,0.107,0.20166666666666666,0.06133333333333334,0.16416666666666666,0.05116666666666667,0.113,0.07283333333333333,0.05450000000000001,1.4413333333333331,0.03566666666666666,0.12033333333333333,29.08666666666666,0.10083333333333333,0.2063333333333333,49.00066666666667,0.06133333333333334,0.08983333333333333,68.73733333333334,0.007666666666666668,0.036000000000000004,0.7113333333333334,0.010666666666666666,0.10483333333333333,0.10533333333333335,0.05450000000000001,0.010500000000000002,0.3805
79,66,2023-01-03,12,1,2022-2023,BRB/Brasília,Pato Basquete,1,0.3878571428571428,0.13178571428571428,0.18857142857142856,0.06750000000000002,0.19071428571428575,0.05178571428571429,0.13892857142857143,0.08000000000000003,0.07142857142857142,1.1892857142857143,0.04392857142857143,0.14107142857142857,31.471428571428564,0.09428571428571428,0.17821428571428571,52.519285714285715,0.06750000000000002,0.1025,65.45428571428572,0.011428571428571427,0.02607142857142858,0.39285714285714285,0.004642857142857143,0.10107142857142856,0.047142857142857146,0.07142857142857142,0.012857142857142859,0.40178571428571425,0.3760714285714286,0.14785714285714285,0.175,0.05321428571428572,0.17,0.04892857142857143,0.12107142857142857,0.06821428571428571,0.0707142857142857,0.9714285714285714,0.04928571428571429,0.14535714285714288,34.20714285714286,0.0875,0.1771428571428571,49.4257142857143,0.05321428571428572,0.08535714285714287,63.16285714285714,0.0028571428571428576,0.041785714285714294,0.6064285714285715,0.005,0.09499999999999999,0.052142857142857144,0.0707142857142857,0.018214285714285714,0.3725
89,79,2023-01-03,12,1,2022-2023,Cerrado,Corinthians,1,0.4182142857142857,0.20142857142857137,0.14928571428571427,0.06749999999999999,0.1807142857142857,0.05678571428571428,0.12392857142857146,0.07642857142857144,0.07785714285714286,1.0042857142857144,0.06714285714285716,0.19178571428571428,34.85785714285715,0.07464285714285714,0.13892857142857143,53.71642857142856,0.06749999999999999,0.09607142857142857,69.51714285714286,0.008928571428571428,0.03285714285714286,0.4328571428571429,0.009285714285714284,0.08499999999999998,0.11214285714285714,0.07785714285714286,0.016785714285714286,0.4221428571428571,0.4046428571428572,0.1382142857142857,0.19285714285714284,0.07357142857142858,0.20142857142857143,0.04714285714285715,0.1542857142857143,0.08,0.08214285714285716,1.0385714285714285,0.04607142857142858,0.14107142857142857,31.79071428571429,0.09642857142857142,0.1657142857142857,58.35357142857144,0.07357142857142858,0.0975,74.57214285714285,0.017142857142857144,0.029642857142857155,0.37928571428571417,0.019642857142857146,0.08714285714285715,0.22428571428571425,0.08214285714285716,0.018571428571428572,0.46499999999999997
67,79,2023-01-04,12,1,2022-2023,União Corinthians,Bauru Basket,0,0.3864357142857143,0.17785714285714285,0.15642857142857144,0.05213928571428572,0.16678214285714285,0.04750714285714285,0.1192857142857143,0.09321785714285716,0.06499642857142858,1.502857142857143,0.05927857142857144,0.16607857142857146,36.277857142857144,0.07821428571428571,0.1625,48.215714285714284,0.05213928571428572,0.0692857142857143,76.32785714285716,0.01035357142857143,0.036425,0.562857142857143,0.009642857142857144,0.1007107142857143,0.09642857142857145,0.06499642857142858,0.012142857142857146,0.4192857142857142,0.3957178571428571,0.15535714285714283,0.18,0.06036071428571429,0.17178214285714288,0.05071785714285715,0.121075,0.08214285714285711,0.05142857142857143,1.754285714285714,0.051782142857142846,0.15035714285714286,34.36,0.09,0.16714642857142856,53.59214285714286,0.06036071428571429,0.08107500000000001,73.29857142857144,0.010714285714285716,0.036071428571428574,0.7514285714285712,0.0075,0.09357142857142857,0.08785714285714287,0.05142857142857143,0.009642857142857144,0.4453607142857144
88,79,2023-01-04,12,1,2022-2023,Fortaleza B. C. / CFO,UNIFACISA,1,0.3546666666666667,0.09299999999999999,0.20666666666666664,0.055000000000000014,0.2153333333333333,0.06666666666666668,0.1486666666666667,0.06933333333333334,0.07633333333333335,0.9753333333333333,0.030999999999999996,0.11800000000000001,26.861333333333334,0.10333333333333332,0.21733333333333338,46.84599999999999,0.055000000000000014,0.09666666666666665,57.98533333333332,0.007666666666666667,0.03466666666666667,0.5093333333333334,0.011666666666666669,0.10700000000000001,0.11200000000000002,0.07633333333333335,0.014333333333333333,0.36666666666666653,0.3810714285714286,0.1435714285714286,0.1757142857142857,0.06178571428571428,0.17642857142857143,0.04857142857142858,0.12785714285714286,0.07142857142857142,0.06857142857142857,1.075,0.047857142857142855,0.135,35.324285714285715,0.08785714285714286,0.1753571428571429,49.972142857142856,0.06178571428571428,0.08249999999999999,75.14714285714287,0.005,0.03214285714285715,0.47357142857142864,0.004642857142857144,0.09964285714285713,0.04714285714285715,0.06857142857142857,0.013928571428571429,0.4017857142857143
69,77,2023-01-04,12,1,2022-2023,Caxias do Sul Basquete,Pinheiros,0,0.36607142857142855,0.11249999999999998,0.19,0.06357142857142857,0.17821428571428574,0.04785714285714287,0.13035714285714287,0.0625,0.06142857142857142,1.055,0.03749999999999999,0.12607142857142858,29.495000000000005,0.095,0.19178571428571425,49.52928571428572,0.06357142857142857,0.08892857142857144,71.66142857142857,0.003571428571428572,0.038571428571428555,0.6364285714285715,0.010357142857142858,0.09178571428571428,0.11500000000000002,0.06142857142857142,0.009642857142857142,0.3835714285714286,0.4035714285714285,0.12107142857142858,0.21142857142857144,0.07107142857142858,0.21285714285714283,0.06749999999999999,0.14535714285714288,0.09178571428571428,0.07035714285714285,1.3935714285714285,0.04035714285714286,0.12892857142857145,31.28785714285715,0.10571428571428572,0.21000000000000005,50.59500000000001,0.07107142857142858,0.10071428571428574,69.82928571428572,0.007857142857142858,0.03749999999999999,0.5700000000000001,0.014642857142857141,0.09571428571428572,0.1671428571428572,0.07035714285714285,0.010357142857142858,0.46750000000000014
77,78,2023-01-05,12,1,2022-2023,São Paulo,Paulistano,0,0.44199999999999995,0.183,0.19533333333333333,0.06366666666666666,0.17866666666666664,0.04033333333333334,0.13833333333333334,0.09133333333333334,0.05733333333333333,1.7046666666666668,0.060999999999999985,0.15333333333333332,39.524,0.09766666666666667,0.17366666666666666,56.36133333333333,0.06366666666666666,0.08433333333333333,75.68200000000002,0.004,0.038000000000000006,0.6906666666666668,0.006666666666666667,0.09966666666666665,0.064,0.05733333333333333,0.007666666666666668,0.5103333333333332,0.37599999999999995,0.125,0.2006666666666667,0.05033333333333334,0.20233333333333334,0.07066666666666667,0.13166666666666665,0.07633333333333335,0.057,1.4533333333333336,0.04166666666666667,0.136,31.179333333333332,0.10033333333333334,0.21766666666666665,46.931333333333335,0.05033333333333334,0.07133333333333333,70.07666666666667,0.007333333333333334,0.04066666666666666,0.7926666666666666,0.012000000000000004,0.09366666666666665,0.13133333333333336,0.057,0.007000000000000003,0.4176666666666666
88,101,2023-01-05,12,1,2022-2023,BRB/Brasília,Corinthians,0,0.3898333333333332,0.1315,0.192,0.06633333333333336,0.19033333333333335,0.05133333333333334,0.13899999999999998,0.08200000000000003,0.07116666666666666,1.2186666666666666,0.04383333333333333,0.14049999999999999,31.511999999999993,0.096,0.1805,52.782666666666664,0.06633333333333336,0.10083333333333332,65.392,0.011333333333333332,0.026166666666666675,0.394,0.005333333333333333,0.10116666666666665,0.054000000000000006,0.07116666666666666,0.012833333333333335,0.40683333333333327,0.40766666666666673,0.138,0.19633333333333333,0.07333333333333333,0.20299999999999999,0.047833333333333346,0.15516666666666667,0.08016666666666668,0.08116666666666668,1.0506666666666666,0.04600000000000001,0.14066666666666666,31.893333333333334,0.09816666666666667,0.16933333333333334,58.17533333333334,0.07333333333333333,0.09683333333333333,74.934,0.017333333333333333,0.029000000000000012,0.3739999999999999,0.019333333333333334,0.08816666666666667,0.2193333333333333,0.08116666666666668,0.018000000000000002,0.4686666666666666
109,110,2023-01-05,12,1,2022-2023,Cerrado,Pato Basquete,0,0.4233333333333333,0.20299999999999996,0.153,0.06733333333333333,0.18116666666666664,0.057,0.12416666666666669,0.07800000000000003,0.077,1.04,0.06766666666666668,0.19133333333333333,35.23666666666667,0.0765,0.142,53.829333333333324,0.06733333333333333,0.09583333333333334,69.56733333333334,0.009166666666666667,0.03316666666666667,0.4426666666666667,0.0095,0.08449999999999998,0.11533333333333333,0.077,0.017166666666666667,0.4305,0.3803333333333334,0.147,0.17866666666666664,0.05466666666666667,0.16833333333333336,0.04783333333333333,0.1205,0.06866666666666667,0.07116666666666664,0.9713333333333334,0.04900000000000001,0.1436666666666667,34.42666666666667,0.08933333333333332,0.17883333333333332,49.91666666666667,0.05466666666666667,0.08583333333333334,64.35733333333333,0.002666666666666667,0.04116666666666667,0.5940000000000001,0.005000000000000001,0.09483333333333333,0.052000000000000005,0.07116666666666664,0.018666666666666668,0.377
88,87,2023-01-06,12,1,2022-2023,Minas,UNIFACISA,1,0.43466666666666676,0.148,0.22933333333333333,0.05733333333333334,0.21333333333333335,0.059000000000000004,0.15433333333333332,0.103,0.07233333333333333,1.5666666666666669,0.04933333333333335,0.132,37.56666666666667,0.11466666666666667,0.19866666666666663,57.339333333333336,0.05733333333333334,0.07533333333333334,75.42599999999997,0.013666666666666667,0.03233333333333333,0.5266666666666666,0.010666666666666666,0.08666666666666667,0.13,0.07233333333333333,0.020000000000000007,0.537,0.3833333333333334,0.14400000000000002,0.178,0.06133333333333333,0.1781666666666667,0.049833333333333334,0.12833333333333333,0.07066666666666667,0.06816666666666667,1.0673333333333332,0.048,0.13683333333333333,35.02066666666667,0.089,0.1776666666666667,49.974000000000004,0.06133333333333333,0.08166666666666665,75.37533333333334,0.0051666666666666675,0.03266666666666667,0.4846666666666667,0.004833333333333334,0.10016666666666665,0.04866666666666668,0.06816666666666667,0.013666666666666667,0.4036666666666667
70,79,2023-01-06,12,1,2022-2023,União Corinthians,Pinheiros,0,0.3835066666666667,0.174,0.15533333333333338,0.05416333333333334,0.16899666666666668,0.048173333333333325,0.12083333333333335,0.09183666666666669,0.06649666666666668,1.4579999999999997,0.05799333333333334,0.16517333333333334,35.608,0.07766666666666668,0.16199999999999998,48.01199999999999,0.05416333333333334,0.07183333333333335,76.35533333333335,0.009830000000000002,0.03649666666666666,0.554,0.009333333333333334,0.10099666666666668,0.09333333333333335,0.06649666666666668,0.012000000000000004,0.4145,0.4026666666666666,0.121,0.21,0.07166666666666668,0.21399999999999997,0.06766666666666667,0.14633333333333334,0.09033333333333333,0.07166666666666667,1.3526666666666667,0.04033333333333334,0.12916666666666668,31.214666666666673,0.105,0.20966666666666672,50.311333333333344,0.07166666666666668,0.10150000000000002,69.91466666666666,0.007833333333333335,0.03766666666666666,0.5613333333333334,0.014666666666666665,0.097,0.1646666666666667,0.07166666666666667,0.011500000000000002,0.46433333333333343
61,74,2023-01-06,12,1,2022-2023,Caxias do Sul Basquete,Bauru Basket,0,0.36333333333333334,0.10999999999999997,0.18800000000000003,0.06533333333333333,0.1786666666666667,0.04766666666666668,0.13100000000000003,0.0605,0.06199999999999999,1.0153333333333332,0.03666666666666666,0.12483333333333334,29.079333333333338,0.09400000000000001,0.1913333333333333,49.11000000000001,0.06533333333333333,0.09050000000000001,72.21733333333333,0.003666666666666667,0.038499999999999986,0.63,0.010500000000000002,0.09183333333333334,0.1166666666666667,0.06199999999999999,0.010333333333333332,0.3788333333333334,0.39483666666666667,0.1555,0.179,0.06033666666666668,0.17266333333333336,0.05050333333333334,0.12216999999999999,0.08316666666666664,0.05183333333333333,1.7506666666666664,0.051829999999999994,0.1505,34.36466666666667,0.0895,0.16583666666666666,53.748000000000005,0.06033666666666668,0.08167,72.85666666666667,0.010500000000000002,0.036166666666666666,0.7446666666666666,0.007666666666666666,0.09383333333333334,0.08866666666666669,0.05183333333333333,0.009500000000000001,0.4463366666666667
89,75,2023-01-08,1,2,2022-2023,Flamengo,Pato Basquete,1,0.417,0.192,0.1713333333333333,0.05366666666666666,0.21866666666666668,0.06233333333333334,0.15633333333333335,0.10033333333333334,0.06200000000000001,1.6873333333333336,0.064,0.178,35.779999999999994,0.08566666666666665,0.15333333333333332,56.025999999999996,0.05366666666666666,0.07600000000000001,70.49866666666667,0.006000000000000002,0.03266666666666667,0.56,0.010333333333333335,0.07666666666666666,0.13866666666666666,0.06200000000000001,0.010666666666666668,0.5130000000000001,0.3888333333333334,0.14849999999999994,0.18333333333333332,0.057,0.16550000000000004,0.0455,0.11999999999999998,0.071,0.07233333333333332,0.9913333333333334,0.04950000000000001,0.1411666666666667,35.339333333333336,0.09166666666666666,0.18083333333333335,50.610666666666674,0.057,0.08816666666666668,65.12466666666667,0.0023333333333333335,0.04083333333333334,0.5800000000000002,0.0051666666666666675,0.09633333333333333,0.05266666666666667,0.07233333333333332,0.01866666666666667,0.38700000000000007
64,70,2023-01-09,1,2,2022-2023,Paulistano,Sesi Franca,0,0.3726666666666666,0.126,0.20066666666666672,0.04600000000000001,0.20400000000000001,0.07066666666666666,0.1333333333333333,0.07633333333333334,0.057666666666666665,1.4246666666666667,0.042,0.13633333333333333,31.36,0.10033333333333336,0.22033333333333333,46.37266666666666,0.04600000000000001,0.06699999999999999,69.04533333333333,0.007000000000000001,0.042333333333333334,0.8126666666666668,0.013000000000000003,0.09233333333333332,0.14933333333333335,0.057666666666666665,0.006666666666666669,0.4153333333333333,0.4456666666666666,0.16849999999999998,0.19666666666666663,0.08049999999999999,0.20549999999999996,0.0455,0.15999999999999998,0.09300000000000001,0.06183333333333333,1.6086666666666671,0.05616666666666668,0.14466666666666667,39.056666666666665,0.09833333333333331,0.1693333333333333,57.669999999999995,0.08049999999999999,0.10500000000000001,77.41000000000001,0.011000000000000001,0.02666666666666667,0.4786666666666667,0.0115,0.08,0.14533333333333334,0.06183333333333333,0.01133333333333333,0.5365
80,82,2023-01-09,1,2,2022-2023,BRB/Brasília,Fortaleza B. C. / CFO,0,0.39333333333333326,0.134,0.19366666666666668,0.06566666666666668,0.19050000000000003,0.051833333333333335,0.13866666666666666,0.08466666666666668,0.07183333333333335,1.2459999999999998,0.04466666666666666,0.1406666666666667,32.111999999999995,0.09683333333333334,0.18266666666666664,52.566,0.06566666666666668,0.09883333333333331,65.97266666666665,0.011000000000000003,0.026166666666666675,0.3893333333333333,0.006333333333333333,0.10066666666666667,0.064,0.07183333333333335,0.013666666666666669,0.4141666666666666,0.36033333333333334,0.10049999999999999,0.20499999999999996,0.05483333333333333,0.21733333333333332,0.06716666666666668,0.15016666666666667,0.07033333333333334,0.07466666666666667,1.0153333333333332,0.0335,0.12083333333333333,28.252000000000002,0.10249999999999998,0.2173333333333334,46.46733333333332,0.05483333333333333,0.09533333333333333,58.291999999999994,0.008,0.03400000000000001,0.5113333333333333,0.010666666666666668,0.10433333333333335,0.10600000000000002,0.07466666666666667,0.013833333333333335,0.37533333333333335
63,58,2023-01-10,1,2,2022-2023,Minas,Bauru Basket,1,0.43966666666666676,0.15600000000000006,0.226,0.057666666666666665,0.212,0.05533333333333333,0.15666666666666668,0.10466666666666666,0.07466666666666666,1.5353333333333334,0.05200000000000001,0.13266666666666668,39.21733333333334,0.113,0.19466666666666663,57.548,0.057666666666666665,0.07766666666666668,73.52133333333332,0.014333333333333333,0.032,0.5026666666666666,0.010666666666666668,0.08566666666666665,0.13133333333333333,0.07466666666666666,0.020000000000000007,0.542,0.39633666666666667,0.15800000000000003,0.17600000000000002,0.06233666666666668,0.17233000000000004,0.04866999999999999,0.12367,0.08433333333333332,0.05366666666666666,1.6859999999999995,0.05266333333333332,0.15033333333333332,34.93933333333334,0.08800000000000001,0.16200333333333333,54.062,0.06233666666666668,0.08333666666666668,74.22466666666668,0.010333333333333335,0.03733333333333333,0.7433333333333334,0.007666666666666665,0.09499999999999999,0.08666666666666668,0.05366666666666666,0.009333333333333332,0.45167
96,69,2023-01-10,1,2,2022-2023,Coop/São José Basketball,Pato Basquete,1,0.38933333333333336,0.13799999999999998,0.19333333333333336,0.058,0.18500000000000003,0.05166666666666665,0.13333333333333336,0.09766666666666664,0.060666666666666674,1.6913333333333331,0.046000000000000006,0.1356666666666667,33.82866666666666,0.09666666666666668,0.18833333333333335,51.788,0.058,0.078,73.066,0.007000000000000001,0.029333333333333336,0.506,0.01266666666666667,0.09066666666666667,0.144,0.060666666666666674,0.009333333333333334,0.45199999999999996,0.3916666666666668,0.14833333333333332,0.18733333333333332,0.056,0.16477666666666665,0.04577666666666667,0.11900000000000001,0.073,0.07344333333333332,1.0073333333333334,0.04944333333333333,0.1385566666666667,35.818,0.09366666666666666,0.18422333333333335,50.802,0.056,0.08789,63.61200000000001,0.0019999999999999996,0.04122333333333333,0.5760000000000002,0.005333333333333334,0.09666666666666666,0.05466666666666667,0.07344333333333332,0.01755666666666667,0.39100000000000007
92,76,2023-01-10,1,2,2022-2023,São Paulo,Rio Claro,1,0.43499999999999994,0.17400000000000002,0.19666666666666668,0.06433333333333333,0.18266666666666667,0.04133333333333334,0.14133333333333334,0.08833333333333333,0.06133333333333333,1.5913333333333335,0.05799999999999999,0.15099999999999997,38.140666666666675,0.09833333333333334,0.175,56.28466666666667,0.06433333333333333,0.08533333333333332,75.30333333333334,0.004,0.03833333333333334,0.668,0.008,0.10066666666666667,0.08066666666666666,0.06133333333333333,0.008,0.5003333333333334,0.35900000000000004,0.107,0.192,0.060000000000000005,0.162,0.052000000000000005,0.11,0.07166666666666664,0.05466666666666667,1.4186666666666665,0.03566666666666666,0.121,28.89333333333333,0.096,0.20533333333333328,46.90066666666665,0.060000000000000005,0.08900000000000001,67.39266666666666,0.005666666666666668,0.03566666666666666,0.7046666666666667,0.010666666666666666,0.10233333333333333,0.11133333333333333,0.05466666666666667,0.011000000000000003,0.3606666666666667
70,66,2023-01-10,1,2,2022-2023,Flamengo,Pinheiros,1,0.41466666666666663,0.19,0.17300000000000001,0.051666666666666666,0.22083333333333335,0.06383333333333334,0.15700000000000003,0.1015,0.06100000000000001,1.7360000000000002,0.06333333333333332,0.17916666666666664,35.202,0.08650000000000001,0.15433333333333332,56.184666666666665,0.051666666666666666,0.07416666666666667,69.52266666666667,0.005333333333333334,0.03283333333333334,0.5700000000000001,0.011000000000000003,0.07566666666666665,0.14800000000000002,0.06100000000000001,0.010333333333333335,0.5136666666666668,0.39933333333333326,0.1195,0.20933333333333332,0.0705,0.21649999999999997,0.06816666666666667,0.14833333333333334,0.0875,0.07366666666666669,1.2793333333333334,0.039833333333333346,0.12883333333333333,30.924,0.10466666666666666,0.2098333333333334,50.10866666666667,0.0705,0.1016666666666667,68.746,0.0075000000000000015,0.03783333333333334,0.5486666666666667,0.013833333333333335,0.09983333333333334,0.148,0.07366666666666669,0.013333333333333334,0.4560000000000001
88,101,2023-01-11,1,2,2022-2023,BRB/Brasília,UNIFACISA,0,0.397,0.141,0.18966666666666668,0.06633333333333334,0.18833333333333335,0.05216666666666668,0.13616666666666666,0.0845,0.07183333333333335,1.2426666666666668,0.04699999999999999,0.14400000000000004,32.980666666666664,0.09483333333333334,0.18116666666666664,51.86533333333333,0.06633333333333334,0.0973333333333333,67.742,0.010666666666666668,0.026166666666666675,0.3893333333333333,0.007,0.099,0.07200000000000001,0.07183333333333335,0.01416666666666667,0.4168333333333333,0.38100000000000006,0.14800000000000002,0.17200000000000001,0.061000000000000006,0.17833333333333334,0.051666666666666666,0.12666666666666665,0.06666666666666668,0.06600000000000002,1.0473333333333334,0.04933333333333333,0.14233333333333334,34.572,0.08600000000000001,0.17733333333333334,48.656,0.061000000000000006,0.08033333333333334,76.16866666666667,0.004666666666666667,0.03300000000000001,0.5026666666666667,0.004666666666666667,0.10066666666666665,0.046666666666666676,0.06600000000000002,0.012333333333333337,0.39399999999999996
88,68,2023-01-11,1,2,2022-2023,Cerrado,Fortaleza B. C. / CFO,1,0.43,0.208,0.15533333333333335,0.06666666666666665,0.18466666666666667,0.05800000000000001,0.12666666666666668,0.07833333333333335,0.07733333333333332,1.0373333333333334,0.06933333333333333,0.19233333333333336,35.97866666666667,0.07766666666666668,0.14466666666666667,53.61533333333332,0.06666666666666665,0.09466666666666666,69.70666666666666,0.008333333333333333,0.03266666666666666,0.4313333333333333,0.010333333333333333,0.08433333333333332,0.126,0.07733333333333332,0.018333333333333337,0.4406666666666667,0.36166666666666675,0.10499999999999998,0.20266666666666666,0.054,0.21483333333333335,0.06583333333333334,0.14900000000000002,0.07050000000000001,0.0735,1.032,0.034999999999999996,0.12250000000000001,29.205333333333336,0.10133333333333333,0.21583333333333338,46.282,0.054,0.09083333333333332,59.579333333333324,0.007833333333333333,0.034000000000000016,0.5193333333333334,0.010333333333333332,0.101,0.10800000000000001,0.0735,0.014333333333333333,0.37899999999999995
74,67,2023-01-12,1,2,2022-2023,Minas,Pinheiros,1,0.4368333333333334,0.1525,0.22533333333333333,0.059000000000000004,0.2135,0.056333333333333346,0.15716666666666665,0.10466666666666667,0.073,1.562,0.050833333333333335,0.13299999999999998,38.092000000000006,0.11266666666666666,0.19516666666666665,57.217333333333336,0.059000000000000004,0.08016666666666668,72.77399999999999,0.014333333333333333,0.03250000000000001,0.516,0.010666666666666668,0.086,0.13066666666666668,0.073,0.018833333333333334,0.5393333333333333,0.39216666666666655,0.119,0.20533333333333337,0.06783333333333334,0.21733333333333338,0.06833333333333333,0.14900000000000002,0.08616666666666668,0.07416666666666666,1.2453333333333336,0.039666666666666676,0.12916666666666668,30.726000000000003,0.10266666666666668,0.20766666666666672,49.562000000000005,0.06783333333333334,0.10016666666666668,67.21733333333334,0.007333333333333333,0.03766666666666666,0.5413333333333334,0.012500000000000004,0.10216666666666667,0.12733333333333333,0.07416666666666666,0.014000000000000002,0.44483333333333336
88,81,2023-01-12,1,2,2022-2023,Coop/São José Basketball,Corinthians,1,0.3963333333333334,0.13749999999999998,0.19933333333333333,0.0595,0.18166666666666667,0.05083333333333332,0.13083333333333333,0.09966666666666663,0.06116666666666667,1.7099999999999997,0.04583333333333333,0.13300000000000003,34.45333333333333,0.09966666666666667,0.1916666666666667,52.43866666666667,0.0595,0.07966666666666665,73.62133333333334,0.007666666666666667,0.031000000000000003,0.5246666666666667,0.01316666666666667,0.09200000000000001,0.14866666666666667,0.06116666666666667,0.009000000000000001,0.4613333333333334,0.4103333333333334,0.142,0.1953333333333333,0.073,0.20866666666666667,0.050333333333333334,0.15833333333333333,0.079,0.08166666666666668,1.0206666666666666,0.047333333333333345,0.14299999999999996,32.44866666666667,0.09766666666666665,0.171,57.442666666666675,0.073,0.09566666666666665,75.50533333333333,0.018333333333333333,0.02800000000000001,0.3553333333333333,0.019000000000000003,0.089,0.21466666666666664,0.08166666666666668,0.017333333333333333,0.4716666666666665
76,66,2023-01-13,1,2,2022-2023,Paulistano,Rio Claro,1,0.3761666666666666,0.12499999999999999,0.203,0.04816666666666667,0.2045,0.06983333333333333,0.13466666666666666,0.0755,0.05866666666666667,1.3679999999999999,0.04166666666666667,0.13533333333333336,31.264,0.1015,0.21833333333333335,47.105999999999995,0.04816666666666667,0.06966666666666667,69.182,0.007333333333333333,0.041666666666666664,0.7766666666666667,0.013500000000000002,0.09216666666666667,0.15466666666666667,0.05866666666666667,0.0068333333333333345,0.4206666666666666,0.3576666666666667,0.10699999999999998,0.19099999999999998,0.059666666666666666,0.16283333333333333,0.052333333333333336,0.1105,0.07366666666666664,0.0565,1.4126666666666667,0.03566666666666666,0.12066666666666666,28.992,0.09549999999999999,0.204,46.96466666666666,0.059666666666666666,0.08933333333333335,66.532,0.005500000000000001,0.03549999999999999,0.6873333333333334,0.010333333333333333,0.10316666666666664,0.10733333333333334,0.0565,0.011333333333333336,0.3603333333333333
73,83,2023-01-13,1,2,2022-2023,Cerrado,UNIFACISA,0,0.427,0.2035,0.15733333333333333,0.06616666666666667,0.18716666666666665,0.0575,0.12966666666666668,0.07916666666666668,0.07800000000000001,1.0393333333333337,0.06783333333333334,0.18833333333333332,35.99400000000001,0.07866666666666666,0.14733333333333334,53.40066666666665,0.06616666666666667,0.09300000000000001,70.39933333333333,0.008833333333333334,0.031166666666666665,0.40733333333333327,0.010666666666666666,0.08216666666666665,0.13333333333333333,0.07800000000000001,0.018500000000000003,0.4411666666666667,0.3836666666666667,0.146,0.17466666666666666,0.063,0.18116666666666667,0.0525,0.12866666666666668,0.06683333333333334,0.06633333333333334,1.0406666666666669,0.04866666666666667,0.14433333333333334,33.470666666666666,0.08733333333333333,0.178,49.13133333333334,0.063,0.08183333333333336,78.52866666666667,0.0038333333333333336,0.03416666666666667,0.518,0.006000000000000001,0.10116666666666663,0.060666666666666674,0.06633333333333334,0.012500000000000004,0.40033333333333326
69,84,2023-01-14,1,2,2022-2023,Pato Basquete,São Paulo,0,0.3888333333333334,0.14666666666666664,0.18833333333333338,0.05383333333333333,0.16521999999999998,0.04755333333333333,0.11766666666666667,0.073,0.07388666666666666,1.0013333333333334,0.04888666666666667,0.1359466666666667,35.97933333333334,0.09416666666666669,0.18577999999999997,50.66866666666667,0.05383333333333333,0.08444666666666666,63.08666666666667,0.0019999999999999996,0.03878,0.538,0.0051666666666666675,0.09466666666666666,0.05466666666666668,0.07388666666666666,0.016780000000000003,0.3878333333333333,0.4363333333333334,0.17600000000000005,0.19666666666666666,0.06366666666666666,0.18266666666666664,0.042,0.14066666666666666,0.09066666666666666,0.06116666666666667,1.6273333333333333,0.05866666666666666,0.1495,38.96266666666667,0.09833333333333333,0.1755,56.107333333333344,0.06366666666666666,0.08449999999999999,75.28666666666668,0.0045000000000000005,0.03833333333333333,0.6693333333333334,0.008,0.10083333333333333,0.08066666666666666,0.06116666666666667,0.008,0.506
95,65,2023-01-16,2,2,2022-2023,Pinheiros,Cerrado,1,0.3906666666666666,0.12300000000000001,0.202,0.06566666666666666,0.21200000000000005,0.06566666666666668,0.14633333333333332,0.08866666666666667,0.07533333333333332,1.2633333333333332,0.04100000000000001,0.12800000000000003,31.789333333333335,0.101,0.20400000000000001,49.492666666666665,0.06566666666666666,0.098,66.59800000000001,0.008,0.03766666666666666,0.5293333333333334,0.012000000000000004,0.10099999999999999,0.12399999999999999,0.07533333333333332,0.014000000000000002,0.44333333333333336,0.42400000000000004,0.19899999999999998,0.15933333333333335,0.06566666666666668,0.18966666666666665,0.057,0.1326666666666667,0.08000000000000002,0.07866666666666668,1.0413333333333334,0.06633333333333333,0.18433333333333332,36.00933333333333,0.07966666666666668,0.15,53.18599999999999,0.06566666666666668,0.09133333333333335,71.092,0.009333333333333332,0.029666666666666668,0.38333333333333325,0.011000000000000001,0.08,0.14066666666666666,0.07866666666666668,0.018666666666666668,0.44166666666666665
72,70,2023-01-16,2,2,2022-2023,Bauru Basket,BRB/Brasília,1,0.38800333333333337,0.15750000000000003,0.17200000000000001,0.058503333333333345,0.17049666666666669,0.04583666666666666,0.12467,0.08499999999999998,0.055833333333333325,1.608666666666666,0.052496666666666664,0.15050000000000002,34.77333333333333,0.08600000000000001,0.15867,53.88333333333333,0.058503333333333345,0.08067000000000002,71.55066666666667,0.009833333333333335,0.03766666666666666,0.7126666666666667,0.007833333333333333,0.09549999999999999,0.08800000000000002,0.055833333333333325,0.0095,0.44033666666666665,0.4026666666666666,0.14550000000000002,0.19166666666666668,0.06550000000000002,0.18566666666666665,0.0515,0.13416666666666666,0.08433333333333334,0.07116666666666667,1.2513333333333336,0.04849999999999999,0.1458333333333334,33.529999999999994,0.09583333333333334,0.18216666666666667,52.222,0.06550000000000002,0.09516666666666664,68.55133333333333,0.011000000000000001,0.02616666666666668,0.394,0.007666666666666666,0.09733333333333334,0.08000000000000002,0.07116666666666667,0.013500000000000003,0.42199999999999993
71,90,2023-01-16,2,2,2022-2023,Fortaleza B. C. / CFO,Coop/São José Basketball,0,0.3643333333333334,0.10649999999999998,0.20300000000000004,0.05483333333333333,0.2141666666666667,0.06566666666666668,0.1485,0.07133333333333333,0.075,1.0146666666666666,0.0355,0.12166666666666666,29.749333333333336,0.10150000000000002,0.21450000000000002,46.66866666666667,0.05483333333333333,0.09083333333333332,60.532,0.008,0.03433333333333334,0.5066666666666666,0.011000000000000003,0.10083333333333333,0.116,0.075,0.015499999999999998,0.385,0.4028333333333334,0.13549999999999998,0.20700000000000002,0.06033333333333333,0.181,0.05233333333333333,0.12866666666666668,0.1013333333333333,0.0625,1.7019999999999995,0.045166666666666674,0.12950000000000003,34.95466666666666,0.10350000000000001,0.19716666666666668,52.954000000000015,0.06033333333333333,0.08116666666666668,73.00733333333334,0.0085,0.0335,0.55,0.013333333333333338,0.09200000000000001,0.15066666666666664,0.0625,0.009000000000000003,0.4706666666666667
72,74,2023-01-17,2,2,2022-2023,União Corinthians,Caxias do Sul Basquete,0,0.3846733333333334,0.17099999999999999,0.1566666666666667,0.056996666666666675,0.17133000000000004,0.05034,0.12100000000000002,0.09233666666666669,0.06699666666666666,1.459333333333333,0.05699333333333335,0.16733999999999996,34.30133333333333,0.07833333333333335,0.16033333333333333,48.800666666666665,0.056996666666666675,0.07566666666666667,76.138,0.009663333333333335,0.03666333333333333,0.5533333333333332,0.009000000000000001,0.10166333333333336,0.08933333333333335,0.06699666666666666,0.012333333333333337,0.416,0.3623333333333333,0.11,0.18533333333333335,0.06699999999999999,0.17666666666666672,0.04733333333333334,0.12933333333333336,0.05933333333333333,0.06199999999999999,0.9986666666666667,0.03666666666666667,0.12400000000000001,29.241333333333333,0.09266666666666667,0.19066666666666665,48.574000000000005,0.06699999999999999,0.09266666666666667,72.13400000000001,0.004,0.03899999999999999,0.6373333333333332,0.010000000000000002,0.09166666666666666,0.11200000000000004,0.06199999999999999,0.011,0.37433333333333335
75,87,2023-01-17,2,2,2022-2023,Pato Basquete,Paulistano,0,0.38600000000000007,0.145,0.18933333333333338,0.051666666666666666,0.16566333333333333,0.04932999999999999,0.11633333333333334,0.073,0.07433,0.9953333333333334,0.04833,0.13333666666666666,36.14066666666667,0.09466666666666669,0.18733666666666665,50.535333333333334,0.051666666666666666,0.08100333333333333,62.56133333333333,0.0019999999999999996,0.03633666666666667,0.5,0.005000000000000001,0.09266666666666666,0.05466666666666668,0.07433,0.016003333333333335,0.38466666666666666,0.37966666666666654,0.12399999999999999,0.20533333333333334,0.050333333333333334,0.20500000000000002,0.06899999999999999,0.13599999999999998,0.07466666666666667,0.05966666666666668,1.3113333333333332,0.04133333333333333,0.13433333333333333,31.168000000000003,0.10266666666666667,0.2163333333333334,47.839333333333336,0.050333333333333334,0.07233333333333333,69.31866666666666,0.007666666666666666,0.041,0.7406666666666667,0.014000000000000002,0.09200000000000001,0.16,0.05966666666666668,0.007000000000000001,0.42599999999999993
73,85,2023-01-17,2,2,2022-2023,Corinthians,São Paulo,0,0.41550000000000004,0.143,0.198,0.07450000000000001,0.20483333333333334,0.048666666666666664,0.15616666666666665,0.08066666666666668,0.08233333333333334,1.0313333333333334,0.04766666666666667,0.14183333333333334,33.126666666666665,0.099,0.17116666666666666,58.17466666666667,0.07450000000000001,0.09783333333333331,75.49666666666667,0.019666666666666666,0.028500000000000008,0.35799999999999993,0.018666666666666668,0.08949999999999998,0.2093333333333333,0.08233333333333334,0.01566666666666667,0.4761666666666665,0.43766666666666676,0.17800000000000002,0.19666666666666666,0.063,0.18266666666666667,0.042666666666666665,0.13999999999999999,0.09299999999999999,0.061000000000000006,1.6633333333333333,0.059333333333333335,0.148,39.78466666666667,0.09833333333333333,0.17600000000000002,55.930000000000014,0.063,0.08366666666666668,75.27000000000001,0.005000000000000001,0.03833333333333333,0.6706666666666667,0.008,0.101,0.08066666666666668,0.061000000000000006,0.008000000000000002,0.5116666666666667
94,83,2023-01-18,2,2,2022-2023,Pinheiros,BRB/Brasília,1,0.3976099999999999,0.1245,0.20566666666666666,0.06744333333333333,0.21222333333333332,0.06633333333333334,0.14589000000000002,0.08977666666666667,0.07427666666666667,1.302,0.0415,0.12877666666666668,31.98466666666667,0.10283333333333333,0.2060566666666667,49.87599999999999,0.06744333333333333,0.09983333333333332,67.27733333333335,0.00861,0.03877666666666666,0.554,0.011276666666666667,0.10127666666666665,0.116,0.07427666666666667,0.013776666666666668,0.4525,0.40575,0.14624999999999996,0.19433333333333333,0.06516666666666668,0.18616666666666665,0.05158333333333333,0.1345833333333333,0.08558333333333333,0.07208333333333335,1.2546666666666668,0.04874999999999999,0.14508333333333334,33.85466666666667,0.09716666666666667,0.1845,52.39666666666667,0.06516666666666668,0.09466666666666665,68.56733333333334,0.011250000000000003,0.02633333333333334,0.39133333333333337,0.008,0.09624999999999999,0.08333333333333334,0.07208333333333335,0.013666666666666669,0.4265833333333333
97,73,2023-01-18,2,2,2022-2023,Bauru Basket,Cerrado,1,0.38944666666666666,0.16,0.17200000000000004,0.057446666666666674,0.17188666666666663,0.04400333333333333,0.12789333333333333,0.0873333333333333,0.057556666666666666,1.571333333333333,0.053329999999999995,0.15066666666666664,35.37666666666667,0.08600000000000002,0.15689333333333338,54.36666666666666,0.057446666666666674,0.07933666666666667,71.54133333333333,0.010556666666666669,0.03733333333333333,0.6746666666666666,0.008776666666666665,0.09410999999999999,0.10066666666666668,0.057556666666666666,0.01,0.44711333333333325,0.42733333333333334,0.20199999999999999,0.16155666666666668,0.06377666666666666,0.18855666666666665,0.057109999999999994,0.13144333333333333,0.08233333333333333,0.07744333333333332,1.0786666666666667,0.06733333333333333,0.18510999999999997,36.468666666666664,0.08077666666666666,0.1537766666666667,52.494,0.06377666666666666,0.08944333333333335,70.56666666666666,0.009556666666666666,0.030333333333333337,0.39466666666666667,0.009223333333333332,0.07789000000000001,0.12666666666666665,0.07744333333333332,0.017110000000000004,0.44389
79,88,2023-01-18,2,2,2022-2023,UNIFACISA,Coop/São José Basketball,0,0.39366666666666666,0.151,0.18,0.06266666666666668,0.184,0.053,0.131,0.07100000000000001,0.067,1.0953333333333335,0.05033333333333334,0.148,33.836,0.09,0.17783333333333334,50.466,0.06266666666666668,0.08133333333333335,78.618,0.003999999999999999,0.035,0.5246666666666667,0.006833333333333334,0.10116666666666663,0.06933333333333333,0.067,0.013000000000000005,0.4193333333333333,0.4064166666666667,0.13324999999999998,0.21166666666666673,0.0615,0.18008333333333332,0.052916666666666654,0.12716666666666665,0.10208333333333333,0.062000000000000006,1.7379999999999998,0.04441666666666667,0.12750000000000003,34.93666666666666,0.10583333333333336,0.19975,53.558666666666674,0.0615,0.08325000000000002,72.26133333333334,0.008833333333333334,0.033499999999999995,0.5560000000000002,0.01366666666666667,0.09191666666666667,0.15466666666666665,0.062000000000000006,0.009250000000000003,0.475
90,64,2023-01-19,2,2,2022-2023,Flamengo,Corinthians,1,0.41233333333333333,0.18800000000000003,0.1746666666666667,0.04966666666666666,0.223,0.06533333333333333,0.15766666666666668,0.10266666666666668,0.06000000000000002,1.7846666666666668,0.06266666666666666,0.18033333333333335,34.624,0.08733333333333335,0.15533333333333335,56.34333333333333,0.04966666666666666,0.07233333333333333,68.54666666666665,0.004666666666666667,0.03300000000000001,0.58,0.011666666666666669,0.07466666666666666,0.15733333333333333,0.06000000000000002,0.010000000000000002,0.5143333333333334,0.41800000000000004,0.14666666666666667,0.19733333333333333,0.07400000000000001,0.20277666666666666,0.048666666666666664,0.15411000000000002,0.08144333333333333,0.07989,1.0726666666666669,0.04889000000000001,0.14299999999999996,33.827333333333335,0.09866666666666667,0.1734433333333333,57.40266666666666,0.07400000000000001,0.09677666666666668,75.85,0.019000000000000003,0.029000000000000012,0.374,0.017000000000000005,0.09,0.18999999999999995,0.07989,0.015223333333333335,0.4766666666666666
95,73,2023-01-19,2,2,2022-2023,Sesi Franca,Rio Claro,1,0.4396666666666666,0.159,0.19599999999999998,0.08466666666666665,0.205,0.04533333333333333,0.15966666666666665,0.09033333333333335,0.06199999999999999,1.5753333333333337,0.05300000000000001,0.14,37.88,0.09799999999999999,0.17266666666666663,56.43,0.08466666666666665,0.10766666666666667,79.41866666666667,0.010666666666666666,0.027333333333333334,0.48600000000000004,0.012,0.08033333333333333,0.15066666666666664,0.06199999999999999,0.011,0.5276666666666666,0.3563333333333334,0.107,0.19,0.05933333333333334,0.16366666666666668,0.05266666666666667,0.11099999999999999,0.07566666666666667,0.05833333333333333,1.4066666666666667,0.03566666666666666,0.12033333333333333,29.090666666666667,0.095,0.20266666666666666,47.02866666666666,0.05933333333333334,0.08966666666666669,65.67133333333332,0.005333333333333334,0.035333333333333335,0.6699999999999999,0.01,0.10399999999999997,0.10333333333333333,0.05833333333333333,0.011666666666666669,0.36
79,89,2023-01-30,2,2,2022-2023,Pinheiros,São Paulo,0,0.40455333333333326,0.126,0.20933333333333337,0.06921999999999999,0.21244666666666667,0.06699999999999999,0.14544666666666667,0.09088666666666669,0.07322000000000001,1.3406666666666667,0.042,0.12955333333333335,32.18,0.10466666666666669,0.20811333333333337,50.259333333333316,0.06921999999999999,0.10166666666666664,67.95666666666668,0.009219999999999999,0.03988666666666666,0.5786666666666667,0.010553333333333333,0.10155333333333331,0.10800000000000001,0.07322000000000001,0.013553333333333334,0.4616666666666667,0.4407766666666667,0.17883333333333334,0.19810999999999995,0.06383333333333333,0.18455666666666665,0.042276666666666664,0.14227666666666666,0.0932233333333333,0.061556666666666676,1.656,0.05961,0.14839,39.87533333333333,0.09905666666666665,0.17589,56.439333333333344,0.06383333333333333,0.08444333333333334,75.55866666666667,0.006000000000000001,0.0375,0.6546666666666667,0.0085,0.101,0.08533333333333333,0.061556666666666676,0.0085,0.5167766666666667
89,96,2023-01-30,2,2,2022-2023,Coop/São José Basketball,Minas,0,0.4088333333333333,0.1375,0.2106666666666667,0.06066666666666667,0.18216666666666667,0.05283333333333332,0.12933333333333333,0.10183333333333335,0.060333333333333336,1.7879999999999998,0.045833333333333344,0.13033333333333336,35.333999999999996,0.10533333333333335,0.19916666666666671,53.472,0.06066666666666667,0.0821666666666667,72.21733333333333,0.009000000000000001,0.032,0.5493333333333335,0.01366666666666667,0.09216666666666669,0.154,0.060333333333333336,0.008500000000000002,0.4783333333333334,0.43400000000000005,0.149,0.2246666666666667,0.06033333333333335,0.21500000000000002,0.05733333333333335,0.15766666666666665,0.10466666666666666,0.07133333333333332,1.588666666666667,0.04966666666666667,0.13333333333333333,36.96666666666667,0.11233333333333335,0.1956666666666666,56.88666666666667,0.06033333333333335,0.08266666666666668,72.02666666666667,0.014333333333333333,0.03300000000000001,0.5293333333333333,0.01066666666666667,0.08633333333333332,0.13000000000000003,0.07133333333333332,0.017666666666666667,0.5366666666666667
91,98,2023-01-30,3,2,2022-2023,Cerrado,Caxias do Sul Basquete,0,0.42900000000000005,0.20149999999999998,0.16378,0.06372,0.18961333333333333,0.05638666666666666,0.13322000000000003,0.08216666666666667,0.07755333333333334,1.0753333333333333,0.06716666666666665,0.18522,36.35333333333334,0.08188666666666665,0.15588666666666667,52.526666666666664,0.06372,0.08972000000000002,70.24666666666666,0.010113333333333334,0.03016666666666667,0.392,0.00978,0.07861333333333335,0.13399999999999998,0.07755333333333334,0.01788666666666667,0.44511333333333336,0.36233333333333334,0.11049999999999999,0.1846666666666667,0.06716666666666667,0.1796666666666667,0.045333333333333344,0.13433333333333333,0.05916666666666666,0.06333333333333332,0.9640000000000001,0.03683333333333334,0.12183333333333332,30.044666666666668,0.09233333333333335,0.19016666666666668,48.521333333333345,0.06716666666666667,0.0935,71.846,0.004,0.03883333333333332,0.6233333333333333,0.010166666666666668,0.093,0.1126666666666667,0.06333333333333332,0.011333333333333332,0.37766666666666665
81,82,2023-01-31,2,2,2022-2023,Paulistano,Corinthians,0,0.38233333333333325,0.12349999999999997,0.20666666666666667,0.05216666666666667,0.203,0.06999999999999999,0.13299999999999998,0.07033333333333333,0.055666666666666684,1.3086666666666666,0.041166666666666664,0.13466666666666666,30.92066666666667,0.10333333333333333,0.21800000000000003,47.73533333333333,0.05216666666666667,0.07433333333333333,69.66799999999999,0.007333333333333333,0.04033333333333334,0.7506666666666667,0.013166666666666667,0.09166666666666666,0.15066666666666664,0.055666666666666684,0.006666666666666666,0.42316666666666664,0.4096666666666667,0.14533333333333334,0.19333333333333333,0.071,0.20188666666666671,0.048666666666666664,0.15322000000000002,0.07988666666666666,0.08011333333333333,1.0420000000000003,0.04844666666666667,0.142,33.77733333333333,0.09666666666666666,0.17488666666666663,55.953333333333326,0.071,0.09355333333333335,75.34266666666667,0.018333333333333333,0.029333333333333343,0.37733333333333335,0.01633333333333334,0.08866666666666666,0.18599999999999997,0.08011333333333333,0.01644666666666667,0.46266666666666656
64,99,2023-01-31,2,2,2022-2023,Fortaleza B. C. / CFO,Flamengo,0,0.3647766666666667,0.10733333333333334,0.20155666666666672,0.05589,0.213,0.06611,0.14689,0.071,0.07600000000000001,0.9873333333333333,0.035776666666666665,0.12255666666666667,29.796000000000003,0.10077666666666668,0.21266666666666667,46.720666666666666,0.05589,0.09077666666666666,61.781333333333336,0.00789,0.03389,0.486,0.011109999999999998,0.10111,0.11733333333333335,0.07600000000000001,0.01589,0.3842233333333333,0.41372333333333333,0.18816666666666668,0.17533333333333337,0.05022333333333332,0.21994333333333332,0.06377666666666666,0.15616666666666668,0.10116666666666667,0.05972333333333335,1.7693333333333334,0.06272333333333333,0.17866666666666664,35.02133333333333,0.08766666666666668,0.15644333333333335,56.187999999999995,0.05022333333333332,0.07266666666666667,68.94599999999998,0.004276666666666667,0.033056666666666665,0.5833333333333334,0.011333333333333336,0.07461,0.15333333333333332,0.05972333333333335,0.010723333333333335,0.5123333333333333
88,82,2023-01-31,2,2,2022-2023,Sesi Franca,Pato Basquete,1,0.44083333333333324,0.159,0.19766666666666666,0.08416666666666665,0.20416666666666664,0.04633333333333334,0.15783333333333333,0.09116666666666666,0.0615,1.593333333333334,0.05300000000000001,0.14049999999999999,37.760666666666665,0.09883333333333333,0.17316666666666664,56.76200000000001,0.08416666666666665,0.10616666666666667,80.04866666666666,0.011333333333333334,0.029000000000000005,0.5086666666666667,0.012833333333333334,0.08216666666666667,0.15733333333333335,0.0615,0.010666666666666668,0.5326666666666666,0.39194333333333337,0.14433333333333334,0.1936666666666667,0.053943333333333336,0.16710666666666665,0.05183,0.11527666666666667,0.07244333333333335,0.07394000000000002,0.9920000000000001,0.04810666666666666,0.13427999999999998,35.75266666666667,0.09683333333333335,0.18977999999999998,51.04066666666666,0.053943333333333336,0.08333666666666666,63.25866666666666,0.0014433333333333334,0.037279999999999994,0.5166666666666667,0.005333333333333334,0.09283333333333332,0.058000000000000024,0.07394000000000002,0.01606,0.3916666666666666
78,88,2023-02-01,2,2,2022-2023,BRB/Brasília,Caxias do Sul Basquete,0,0.4061666666666666,0.14550000000000002,0.19466666666666665,0.06600000000000002,0.18799999999999997,0.05266666666666667,0.13533333333333333,0.08716666666666667,0.0715,1.2793333333333332,0.04849999999999999,0.14616666666666667,33.370666666666665,0.09733333333333333,0.186,52.05466666666668,0.06600000000000002,0.09600000000000002,68.44933333333333,0.011666666666666669,0.026666666666666675,0.39733333333333337,0.008333333333333333,0.09566666666666666,0.08666666666666668,0.0715,0.013333333333333336,0.42849999999999994,0.36300000000000004,0.11266666666666665,0.18066666666666673,0.06966666666666668,0.17961000000000002,0.04400000000000001,0.13560999999999998,0.05955666666666667,0.06249999999999999,0.9906666666666666,0.037556666666666676,0.123,30.27466666666667,0.09033333333333336,0.18855666666666665,47.93866666666668,0.06966666666666668,0.09639,72.14000000000001,0.0037766666666666665,0.03777666666666666,0.6153333333333334,0.010056666666666665,0.09433333333333335,0.10933333333333334,0.06249999999999999,0.011166666666666665,0.37711
78,80,2023-02-02,2,2,2022-2023,UNIFACISA,Flamengo,0,0.3991666666666667,0.156,0.17866666666666664,0.06450000000000002,0.1835,0.05383333333333332,0.12966666666666668,0.07283333333333335,0.06616666666666667,1.1560000000000001,0.05200000000000002,0.1521666666666667,34.09266666666667,0.08933333333333332,0.1756666666666667,50.59266666666667,0.06450000000000002,0.08450000000000002,78.08266666666668,0.003999999999999999,0.035,0.5353333333333333,0.006666666666666667,0.10216666666666664,0.06666666666666667,0.06616666666666667,0.01266666666666667,0.42449999999999993,0.4151133333333334,0.18833333333333338,0.176,0.05078,0.21688666666666662,0.062220000000000004,0.15466666666666667,0.09966666666666667,0.059446666666666675,1.7540000000000002,0.06278,0.177,35.41866666666667,0.088,0.15755333333333338,56.032666666666664,0.05078,0.07300000000000001,69.34533333333333,0.003886666666666668,0.03311333333333334,0.5866666666666666,0.011000000000000003,0.07455333333333333,0.14933333333333332,0.059446666666666675,0.011446666666666667,0.5103333333333333
100,93,2023-02-02,2,2,2022-2023,Rio Claro,Pato Basquete,1,0.35950000000000004,0.1165,0.18766666666666668,0.05533333333333334,0.15916666666666668,0.047833333333333325,0.11133333333333333,0.07883333333333334,0.06033333333333333,1.4166666666666667,0.038833333333333324,0.12416666666666668,31.514000000000006,0.09383333333333334,0.19466666666666665,48.17066666666667,0.05533333333333334,0.085,65.03333333333333,0.005833333333333334,0.0345,0.638,0.009666666666666667,0.1033333333333333,0.10066666666666668,0.06033333333333333,0.011500000000000003,0.3655,0.3978866666666666,0.1436666666666667,0.19800000000000006,0.056220000000000006,0.16855,0.05433,0.11421999999999999,0.07188666666666668,0.07355,0.9886666666666667,0.04788333333333332,0.1352233333333333,35.36466666666667,0.09900000000000003,0.1922233333333333,51.546,0.056220000000000006,0.08567,63.956,0.0008866666666666668,0.038223333333333324,0.5333333333333334,0.005666666666666668,0.093,0.06133333333333336,0.07355,0.016116666666666665,0.3986666666666666
99,107,2023-02-02,2,2,2022-2023,Cerrado,União Corinthians,0,0.43466666666666665,0.207,0.16044666666666665,0.06722000000000002,0.18844666666666665,0.05455333333333333,0.13388666666666668,0.08399999999999999,0.07722,1.1066666666666667,0.069,0.18555333333333335,37.31066666666667,0.08021999999999997,0.15322000000000002,52.193333333333335,0.06722000000000002,0.09555333333333335,69.74533333333332,0.010446666666666667,0.029000000000000005,0.37666666666666665,0.009446666666666666,0.08211333333333333,0.12733333333333333,0.07722,0.018553333333333335,0.4504466666666667,0.3886733333333334,0.17033333333333334,0.15822333333333338,0.06011000000000001,0.17522000000000001,0.05045,0.12478000000000003,0.09156000000000002,0.06722,1.4366666666666663,0.05677333333333335,0.16733999999999996,34.18866666666667,0.07911000000000001,0.16233333333333333,48.71333333333333,0.06011000000000001,0.07978,76.12533333333334,0.009440000000000002,0.03788666666666666,0.574,0.010110000000000001,0.10166333333333334,0.10133333333333334,0.06722,0.012333333333333337,0.42277666666666663
66,93,2023-02-03,2,2,2022-2023,Coop/São José Basketball,Bauru Basket,0,0.4064166666666667,0.13825,0.20800000000000005,0.060166666666666674,0.18091666666666667,0.05308333333333333,0.12783333333333333,0.10058333333333334,0.05900000000000001,1.8146666666666667,0.04608333333333334,0.13116666666666668,35.29533333333333,0.10400000000000002,0.19858333333333336,52.934666666666665,0.060166666666666674,0.08158333333333337,72.13266666666667,0.008500000000000002,0.03266666666666667,0.5720000000000002,0.01366666666666667,0.09225000000000003,0.154,0.05900000000000001,0.008250000000000002,0.47416666666666674,0.3892233333333334,0.158,0.17400000000000002,0.057223333333333334,0.1744433333333333,0.04367,0.13078333333333333,0.08933333333333332,0.05811333333333333,1.5886666666666664,0.05266333333333333,0.14950000000000002,35.22866666666667,0.08700000000000001,0.15795,54.58933333333332,0.057223333333333334,0.07850333333333333,71.984,0.01144666666666667,0.03649999999999999,0.6519999999999999,0.009053333333333333,0.0925533333333333,0.10666666666666667,0.05811333333333333,0.010000000000000002,0.45138999999999996
85,70,2023-02-04,2,2,2022-2023,São Paulo,Fortaleza B. C. / CFO,1,0.44388666666666676,0.17966666666666667,0.19955333333333336,0.06466666666666668,0.1864466666666667,0.041886666666666655,0.14455333333333334,0.09344666666666666,0.06211333333333335,1.6486666666666667,0.059886666666666664,0.14878,39.966,0.09978000000000001,0.17578000000000002,56.948666666666675,0.06466666666666668,0.08522,75.84733333333334,0.007000000000000001,0.03666666666666667,0.6386666666666667,0.009000000000000001,0.10100000000000002,0.09000000000000002,0.06211333333333335,0.009000000000000001,0.5218866666666667,0.36922,0.11066666666666668,0.2031133333333334,0.05544666666666667,0.211,0.06622,0.14478,0.07166666666666667,0.07433333333333335,1.0133333333333332,0.03688666666666666,0.12478000000000003,30.27866666666667,0.10155333333333334,0.21166666666666664,47.322,0.05544666666666667,0.09155333333333332,60.49066666666666,0.007113333333333334,0.033780000000000004,0.494,0.01022,0.10255333333333333,0.10400000000000001,0.07433333333333335,0.015446666666666666,0.38744666666666666
74,96,2023-02-04,2,2,2022-2023,BRB/Brasília,União Corinthians,0,0.40658333333333324,0.14475000000000002,0.19499999999999998,0.06683333333333334,0.18983333333333327,0.05374999999999999,0.1360833333333333,0.08875000000000002,0.07091666666666668,1.3039999999999998,0.04825,0.14725,32.88666666666667,0.09749999999999999,0.1875,51.71266666666668,0.06683333333333334,0.09733333333333334,68.33133333333333,0.012083333333333335,0.02700000000000001,0.40333333333333343,0.008666666666666666,0.09508333333333334,0.09000000000000002,0.07091666666666668,0.013000000000000001,0.4304166666666666,0.39267333333333343,0.1696666666666667,0.15978000000000003,0.06322333333333335,0.17911000000000002,0.050560000000000015,0.12856000000000004,0.09078333333333334,0.06744333333333333,1.414,0.056553333333333344,0.16734,34.07600000000001,0.07988666666666669,0.16433333333333336,48.62599999999999,0.06322333333333335,0.08389333333333335,76.11266666666667,0.00921666666666667,0.03910999999999999,0.5946666666666667,0.01122,0.10166333333333331,0.11333333333333336,0.06744333333333333,0.012333333333333335,0.42955333333333334
80,78,2023-02-06,3,2,2022-2023,Paulistano,Fortaleza B. C. / CFO,1,0.3853333333333333,0.12399999999999999,0.20833333333333334,0.053000000000000005,0.20183333333333334,0.06933333333333333,0.13249999999999998,0.06916666666666667,0.055000000000000014,1.3006666666666666,0.041333333333333326,0.13316666666666668,31.41066666666667,0.10416666666666667,0.21950000000000003,47.77133333333333,0.053000000000000005,0.07466666666666667,70.23933333333333,0.007833333333333333,0.03883333333333334,0.7319999999999999,0.0125,0.09166666666666666,0.1426666666666666,0.055000000000000014,0.006833333333333332,0.42383333333333334,0.36966333333333323,0.10800000000000003,0.20400333333333343,0.05767000000000001,0.20949999999999996,0.06732999999999999,0.14217,0.07050000000000001,0.07316666666666667,1.012,0.03599666666666666,0.12567000000000003,29.492000000000008,0.10199666666666668,0.2116666666666667,47.55533333333334,0.05767000000000001,0.09382999999999998,61.80333333333333,0.006836666666666668,0.03333666666666667,0.49533333333333324,0.010163333333333332,0.10216333333333333,0.10400000000000001,0.07316666666666667,0.014669999999999999,0.3845033333333333
94,92,2023-02-06,3,2,2022-2023,Coop/São José Basketball,Pinheiros,1,0.40399999999999997,0.13899999999999998,0.20533333333333337,0.059666666666666666,0.17966666666666672,0.05333333333333332,0.1263333333333333,0.09933333333333334,0.05766666666666668,1.8413333333333335,0.04633333333333334,0.13200000000000003,35.25666666666666,0.10266666666666668,0.19800000000000004,52.39733333333333,0.059666666666666666,0.08100000000000002,72.048,0.008000000000000002,0.03333333333333334,0.5946666666666668,0.01366666666666667,0.09233333333333335,0.15399999999999997,0.05766666666666668,0.008000000000000002,0.47000000000000003,0.4089966666666667,0.128,0.21066666666666672,0.07032999999999999,0.21267,0.06899999999999999,0.14367000000000002,0.09066333333333335,0.07166333333333333,1.371333333333333,0.04266666666666667,0.13233,31.919333333333334,0.10533333333333336,0.21000333333333338,50.11066666666665,0.07032999999999999,0.10366666666666664,67.61800000000001,0.00933,0.04032999999999999,0.5980000000000001,0.010329999999999999,0.10299666666666664,0.10400000000000002,0.07166333333333333,0.01333,0.4636666666666667
88,80,2023-02-06,3,2,2022-2023,Pato Basquete,Caxias do Sul Basquete,1,0.4029966666666666,0.14400000000000002,0.20200000000000004,0.05699666666666668,0.1699933333333333,0.056330000000000005,0.11366333333333331,0.07199666666666668,0.07499333333333334,0.9640000000000001,0.04799333333333332,0.1343333333333333,35.598,0.10100000000000002,0.19299999999999998,52.37533333333332,0.05699666666666668,0.08667000000000001,64.00866666666667,0.0009966666666666668,0.039666666666666656,0.5426666666666667,0.005,0.09333333333333332,0.05466666666666668,0.07499333333333334,0.017006666666666666,0.4066666666666666,0.36200000000000004,0.11366666666666665,0.17600000000000002,0.07233333333333332,0.17944333333333334,0.04166666666666667,0.1377766666666667,0.05822333333333333,0.06233333333333334,0.9733333333333332,0.03789000000000001,0.12166666666666666,30.998666666666665,0.08800000000000001,0.18689,47.18866666666668,0.07233333333333332,0.10122333333333335,71.46733333333333,0.0034433333333333334,0.03610999999999999,0.592,0.009556666666666665,0.09533333333333334,0.10266666666666668,0.06233333333333334,0.011000000000000003,0.3714433333333333
77,97,2023-02-07,3,2,2022-2023,Rio Claro,Corinthians,0,0.36866666666666664,0.123,0.18933333333333333,0.056333333333333346,0.15633333333333332,0.047666666666666656,0.10866666666666666,0.08200000000000002,0.05899999999999998,1.4693333333333336,0.040999999999999995,0.12733333333333333,32.588,0.09466666666666666,0.19266666666666668,49.09866666666667,0.056333333333333346,0.085,66.08599999999998,0.006333333333333333,0.03366666666666667,0.6333333333333333,0.010000000000000002,0.10466666666666666,0.10266666666666668,0.05899999999999998,0.010333333333333335,0.37866666666666665,0.4083333333333334,0.1475,0.192,0.06883333333333333,0.20316333333333336,0.05016666666666668,0.1529966666666667,0.08082999999999999,0.07950333333333333,1.0666666666666669,0.04917000000000001,0.1425,34.21533333333333,0.096,0.17649666666666664,55.19533333333332,0.06883333333333333,0.09133000000000004,74.84266666666667,0.018166666666666668,0.028500000000000008,0.3693333333333333,0.015833333333333338,0.08866666666666666,0.1813333333333333,0.07950333333333333,0.017003333333333336,0.4608333333333334
85,68,2023-02-09,3,2,2022-2023,Paulistano,UNIFACISA,1,0.3864433333333333,0.12566666666666665,0.20911,0.05166666666666667,0.20010999999999998,0.068,0.13211,0.07044333333333334,0.05444333333333334,1.334,0.04189,0.13166666666666668,32.22466666666667,0.10455666666666666,0.22077666666666668,47.64333333333334,0.05166666666666667,0.07333333333333333,69.73933333333333,0.008443333333333332,0.03811,0.7266666666666666,0.011890000000000003,0.09322333333333334,0.13466666666666663,0.05444333333333334,0.00711,0.42488999999999993,0.405,0.16,0.1773333333333333,0.06766666666666668,0.18366666666666667,0.054333333333333324,0.12933333333333336,0.075,0.06266666666666666,1.2460000000000002,0.053333333333333344,0.15600000000000006,34.12733333333334,0.08866666666666664,0.17499999999999996,50.38666666666667,0.06766666666666668,0.09000000000000002,76.00866666666667,0.004333333333333332,0.034333333333333334,0.5546666666666666,0.006666666666666667,0.10133333333333332,0.06666666666666667,0.06266666666666666,0.011333333333333332,0.43066666666666664
103,92,2023-02-09,3,2,2022-2023,Sesi Franca,Corinthians,1,0.44199999999999995,0.159,0.19933333333333333,0.08366666666666665,0.20333333333333334,0.04733333333333333,0.156,0.092,0.06099999999999999,1.611333333333334,0.05300000000000001,0.14100000000000001,37.64133333333333,0.09966666666666667,0.17366666666666666,57.09400000000001,0.08366666666666665,0.10466666666666669,80.67866666666666,0.012000000000000004,0.030666666666666665,0.5313333333333333,0.013666666666666666,0.084,0.16400000000000003,0.06099999999999999,0.010333333333333335,0.5376666666666667,0.41416666666666674,0.15,0.196,0.06816666666666667,0.20399666666666674,0.04966666666666667,0.15433,0.08199666666666668,0.08050333333333333,1.0686666666666669,0.05000333333333334,0.142,35.07333333333333,0.098,0.1766633333333333,56.25666666666666,0.06816666666666667,0.0909966666666667,74.43066666666667,0.02,0.026833333333333334,0.3433333333333333,0.01516666666666667,0.0895,0.17399999999999993,0.08050333333333333,0.017503333333333336,0.4681666666666667
80,63,2023-02-10,3,2,2022-2023,Caxias do Sul Basquete,Minas,1,0.367,0.11433333333333334,0.17833333333333332,0.07433333333333333,0.1808866666666667,0.041666666666666664,0.13921999999999998,0.06078000000000001,0.06250000000000001,1.0166666666666666,0.03811333333333334,0.12183333333333332,31.11133333333333,0.08916666666666666,0.18761333333333333,47.65933333333335,0.07433333333333333,0.10344666666666667,71.76133333333334,0.0033866666666666667,0.03522,0.5733333333333334,0.00978,0.09533333333333334,0.10466666666666666,0.06250000000000001,0.011333333333333336,0.37988666666666665,0.4361666666666667,0.1485,0.228,0.05966666666666668,0.21499999999999997,0.05866666666666667,0.15633333333333332,0.10483333333333333,0.06983333333333333,1.634666666666667,0.049499999999999995,0.13216666666666665,37.224000000000004,0.114,0.19799999999999998,57.02466666666667,0.05966666666666668,0.08083333333333334,73.23866666666667,0.014999999999999998,0.031000000000000007,0.508,0.010833333333333337,0.08416666666666665,0.13466666666666668,0.06983333333333333,0.01716666666666667,0.5401666666666666
80,70,2023-02-11,3,2,2022-2023,Bauru Basket,Paulistano,1,0.389,0.156,0.17600000000000002,0.057000000000000016,0.17699999999999996,0.043336666666666676,0.1336733333333333,0.09133333333333334,0.05867000000000001,1.6059999999999997,0.05199666666666668,0.14833333333333334,35.080666666666666,0.08800000000000001,0.15900666666666663,54.81199999999999,0.057000000000000016,0.07766999999999999,72.42666666666668,0.01233666666666667,0.03566666666666666,0.6293333333333333,0.00933,0.09099666666666663,0.11266666666666665,0.05867000000000001,0.010000000000000002,0.4556666666666666,0.3903866666666667,0.12833333333333333,0.20922000000000002,0.052833333333333336,0.19755333333333333,0.06416666666666668,0.13338666666666665,0.07222,0.054720000000000005,1.3593333333333333,0.04278,0.12883333333333333,33.474000000000004,0.10461333333333332,0.21921999999999997,48.00533333333333,0.052833333333333336,0.075,69.96666666666665,0.008719999999999999,0.03722,0.7066666666666667,0.010780000000000001,0.09427999999999999,0.12199999999999998,0.054720000000000005,0.007886666666666665,0.4306133333333333
78,82,2023-02-12,4,2,2022-2023,União Corinthians,Minas,0,0.39667333333333343,0.16900000000000004,0.1613366666666667,0.06633666666666668,0.18299999999999997,0.050670000000000014,0.13234,0.09000666666666665,0.06766666666666668,1.3913333333333333,0.05633333333333334,0.16734000000000002,33.963333333333345,0.08066333333333335,0.16633333333333333,48.538666666666664,0.06633666666666668,0.08800666666666666,76.1,0.008993333333333336,0.040333333333333325,0.6153333333333333,0.012330000000000002,0.10166333333333331,0.12533333333333335,0.06766666666666668,0.012333333333333333,0.43633,0.4273333333333334,0.142,0.2233333333333333,0.06200000000000001,0.21499999999999997,0.05800000000000001,0.157,0.10233333333333333,0.06899999999999999,1.612666666666667,0.04733333333333334,0.13166666666666665,35.64933333333333,0.11166666666666665,0.19599999999999998,56.32866666666667,0.06200000000000001,0.08299999999999999,73.89733333333334,0.014666666666666668,0.030000000000000006,0.49999999999999994,0.01066666666666667,0.08233333333333333,0.134,0.06899999999999999,0.016,0.5266666666666666
80,83,2023-02-12,4,2,2022-2023,UNIFACISA,Sesi Franca,0,0.40383333333333327,0.1585,0.17866666666666664,0.06666666666666668,0.1845,0.05266666666666666,0.13183333333333336,0.07583333333333335,0.06383333333333333,1.2400000000000004,0.05283333333333335,0.15483333333333338,34.09666666666667,0.08933333333333332,0.17433333333333328,50.95266666666667,0.06666666666666668,0.08816666666666668,76.41133333333333,0.004166666666666667,0.03383333333333333,0.5399999999999999,0.006666666666666667,0.0995,0.068,0.06383333333333333,0.011666666666666669,0.4323333333333333,0.44649999999999995,0.1595,0.20299999999999999,0.084,0.2006666666666667,0.046,0.15466666666666667,0.09249999999999999,0.06149999999999999,1.600666666666667,0.05316666666666668,0.1376666666666667,38.78733333333333,0.10149999999999999,0.17650000000000002,57.202,0.084,0.10516666666666669,80.62466666666666,0.011666666666666669,0.03183333333333333,0.5453333333333333,0.013333333333333332,0.08349999999999999,0.1606666666666667,0.06149999999999999,0.010500000000000002,0.5426666666666667
66,54,2023-02-13,4,2,2022-2023,Flamengo,Bauru Basket,1,0.41983666666666664,0.19200000000000006,0.17666666666666664,0.05117,0.21732999999999997,0.06249666666666666,0.15483333333333335,0.10183333333333335,0.05867000000000001,1.8000000000000003,0.06400333333333334,0.17766666666666667,36.00266666666666,0.08833333333333332,0.15733000000000005,56.29533333333333,0.05117,0.07450000000000001,68.48066666666665,0.004163333333333335,0.03383666666666667,0.602,0.010333333333333335,0.07332999999999998,0.144,0.05867000000000001,0.011336666666666669,0.5185,0.39216666666666666,0.155,0.17766666666666667,0.059500000000000004,0.1763333333333333,0.042170000000000006,0.13417333333333334,0.09066666666666667,0.057670000000000006,1.6126666666666665,0.051663333333333346,0.14599999999999996,35.342,0.08883333333333333,0.15967333333333336,55.10199999999999,0.059500000000000004,0.08017,73.22,0.011670000000000005,0.03816666666666667,0.676,0.008663333333333334,0.09216333333333332,0.10266666666666667,0.057670000000000006,0.009166666666666667,0.46249999999999997
84,78,2023-02-14,4,2,2022-2023,UNIFACISA,Rio Claro,1,0.40216666666666673,0.156,0.18033333333333332,0.06583333333333335,0.18833333333333332,0.05383333333333333,0.13450000000000004,0.07650000000000001,0.06483333333333333,1.2340000000000002,0.05200000000000002,0.15483333333333338,33.576,0.09016666666666666,0.1755,51.09733333333334,0.06583333333333335,0.08650000000000002,76.85799999999999,0.0045000000000000005,0.033666666666666664,0.5306666666666666,0.007000000000000002,0.09800000000000002,0.07200000000000001,0.06483333333333333,0.011666666666666669,0.434,0.36749999999999994,0.1165,0.1933333333333333,0.057666666666666665,0.15383333333333332,0.048666666666666664,0.10516666666666667,0.08200000000000002,0.05983333333333332,1.4406666666666665,0.03883333333333334,0.12416666666666669,31.610000000000003,0.09666666666666665,0.198,48.80733333333334,0.057666666666666665,0.08633333333333335,66.42266666666666,0.005333333333333332,0.03466666666666667,0.6373333333333335,0.009500000000000001,0.10533333333333333,0.09800000000000002,0.05983333333333332,0.010500000000000002,0.3723333333333334
67,74,2023-02-14,4,2,2022-2023,Pinheiros,Paulistano,0,0.4124966666666666,0.1275,0.2146666666666667,0.07032999999999999,0.21216999999999997,0.07033333333333333,0.1418366666666667,0.09183000000000002,0.06966333333333333,1.4246666666666665,0.0425,0.13316333333333333,31.614,0.10733333333333335,0.2115033333333334,50.705999999999996,0.07032999999999999,0.10349999999999998,67.75266666666668,0.008996666666666665,0.03932999999999999,0.5926666666666667,0.009996666666666664,0.10199666666666664,0.10133333333333334,0.06966333333333333,0.012663333333333334,0.4681666666666668,0.3943300000000001,0.13099999999999998,0.20933000000000002,0.05400000000000001,0.19499666666666662,0.06033333333333335,0.1346633333333333,0.07399666666666667,0.05499666666666667,1.384666666666667,0.04367,0.12600000000000003,34.72333333333333,0.10467,0.21766333333333332,48.367333333333335,0.05400000000000001,0.07666666666666667,70.19399999999999,0.008996666666666663,0.03633,0.6866666666666668,0.00967,0.09533666666666665,0.10933333333333334,0.05499666666666667,0.008663333333333332,0.4363366666666666
65,102,2023-02-14,4,2,2022-2023,Fortaleza B. C. / CFO,Sesi Franca,0,0.37332999999999994,0.10800000000000003,0.20267000000000004,0.06267000000000002,0.20933333333333334,0.06699666666666665,0.14233666666666664,0.07000000000000002,0.073,1.0073333333333332,0.03599666666666667,0.12433666666666668,29.88933333333334,0.10132999999999999,0.21,47.57600000000001,0.06267000000000002,0.09899666666666664,63.75666666666667,0.006670000000000001,0.032003333333333335,0.47866666666666663,0.009663333333333331,0.10266333333333333,0.09933333333333334,0.073,0.01500333333333333,0.3880033333333333,0.4472233333333333,0.15933333333333335,0.20377666666666666,0.08410999999999999,0.19966666666666671,0.044556666666666675,0.15511000000000003,0.09122333333333331,0.06199999999999999,1.5606666666666669,0.05311,0.13633333333333336,39.059999999999995,0.10189,0.17677666666666667,57.32733333333333,0.08410999999999999,0.10522333333333332,80.68666666666667,0.011443333333333335,0.03133333333333334,0.5319999999999999,0.013443333333333333,0.08311,0.16266666666666668,0.06199999999999999,0.011000000000000003,0.5416666666666666
79,76,2023-02-14,4,2,2022-2023,Caxias do Sul Basquete,Coop/São José Basketball,1,0.372,0.11499999999999999,0.18066666666666667,0.07633333333333334,0.18233,0.04166666666666667,0.14066333333333333,0.06333666666666667,0.06266666666666668,1.0599999999999998,0.038336666666666665,0.12199999999999998,31.224,0.09033333333333333,0.18833666666666668,48.13000000000002,0.07633333333333334,0.10567000000000001,72.05533333333332,0.0033299999999999996,0.03433,0.5546666666666665,0.010003333333333335,0.09533333333333334,0.10666666666666667,0.06266666666666668,0.011666666666666669,0.38832999999999995,0.4176666666666666,0.146,0.20933333333333334,0.06233333333333333,0.1746666666666667,0.049333333333333326,0.12533333333333332,0.10466666666666669,0.054666666666666676,2.008,0.04866666666666667,0.13233333333333336,36.83266666666666,0.10466666666666667,0.19399999999999998,54.44333333333332,0.06233333333333333,0.08400000000000003,72.80533333333332,0.008000000000000002,0.03500000000000001,0.6466666666666667,0.012666666666666666,0.09400000000000001,0.14066666666666666,0.054666666666666676,0.00766666666666667,0.4953333333333333
99,70,2023-02-15,4,2,2022-2023,Minas,Cerrado,1,0.4326666666666668,0.14533333333333331,0.22422333333333333,0.06311000000000001,0.216,0.05800000000000002,0.158,0.10466666666666666,0.06944333333333334,1.636666666666667,0.04844333333333333,0.13277666666666665,36.163333333333334,0.11210999999999999,0.19666666666666663,56.35333333333334,0.06311000000000001,0.08510999999999999,73.36733333333333,0.01566666666666667,0.030556666666666676,0.5053333333333333,0.010443333333333334,0.08388999999999999,0.12800000000000003,0.06944333333333334,0.016556666666666667,0.534,0.42699999999999994,0.2,0.16333666666666666,0.06366333333333334,0.19033666666666668,0.05466333333333333,0.13566333333333336,0.08466666666666667,0.07733000000000002,1.114,0.06666666666666667,0.18233,36.71933333333333,0.08166333333333332,0.15566333333333338,52.349333333333334,0.06366333333333334,0.09233000000000001,68.72999999999999,0.011003333333333334,0.02833333333333334,0.36733333333333335,0.010003333333333333,0.07900333333333334,0.13799999999999998,0.07733000000000002,0.018663333333333334,0.44466999999999995
102,78,2023-02-15,4,2,2022-2023,Corinthians,Pato Basquete,1,0.41366666666666674,0.14900000000000002,0.19666666666666666,0.068,0.19866333333333336,0.047333333333333345,0.15133,0.08199666666666668,0.08200333333333333,1.0453333333333332,0.049670000000000006,0.13799999999999998,35.876666666666665,0.09833333333333333,0.17733,56.18,0.068,0.09066333333333336,74.51866666666666,0.021666666666666667,0.02666666666666667,0.336,0.013333333333333336,0.091,0.15133333333333326,0.08200333333333333,0.017670000000000005,0.4623333333333334,0.40916333333333327,0.14300000000000004,0.20666666666666672,0.05949666666666667,0.17115999999999998,0.055663333333333335,0.11549666666666665,0.07266333333333334,0.07515999999999999,0.97,0.047659999999999994,0.13249999999999998,35.85999999999999,0.10333333333333336,0.19466666666666663,53.23133333333332,0.05949666666666667,0.08867000000000003,65.30533333333334,0.0013300000000000002,0.040999999999999995,0.558,0.006333333333333333,0.09583333333333331,0.06533333333333335,0.07515999999999999,0.017173333333333332,0.41983333333333334
71,82,2023-02-16,4,2,2022-2023,Caxias do Sul Basquete,Flamengo,0,0.3743333333333333,0.11399999999999998,0.1833333333333333,0.077,0.18116333333333337,0.042,0.13916333333333333,0.06333666666666667,0.06466666666666669,1.0313333333333332,0.03800333333333334,0.12066666666666667,31.323999999999995,0.09166666666666665,0.18867,48.71733333333335,0.077,0.10550333333333335,72.874,0.0031633333333333327,0.03416333333333334,0.5353333333333333,0.010003333333333335,0.09683333333333335,0.10533333333333333,0.06466666666666669,0.011500000000000003,0.3901633333333333,0.41967,0.18933333333333335,0.17866666666666664,0.05167,0.2167733333333333,0.06255333333333334,0.15422333333333335,0.10233333333333335,0.05867,1.806666666666667,0.06311333333333334,0.17633333333333334,35.69466666666666,0.08933333333333332,0.1568866666666667,57.035333333333334,0.05167,0.07489,68.74999999999999,0.0042200000000000015,0.03422666666666667,0.6073333333333334,0.009776666666666664,0.07244,0.13933333333333334,0.05867,0.011113333333333336,0.5201100000000001
80,68,2023-02-16,4,2,2022-2023,União Corinthians,Coop/São José Basketball,1,0.39489666666666673,0.16900000000000004,0.15956,0.06633666666666668,0.18655666666666665,0.051780000000000014,0.13478333333333337,0.08900666666666666,0.06733333333333333,1.3853333333333333,0.056333333333333346,0.16856333333333334,33.734666666666676,0.07977333333333333,0.16555666666666666,48.266666666666666,0.06633666666666668,0.08867333333333335,75.21133333333334,0.008216666666666667,0.04122333333333333,0.6386666666666666,0.012773333333333334,0.10377333333333333,0.128,0.06733333333333333,0.01211,0.43677333333333335,0.4121666666666666,0.14100000000000001,0.21133333333333332,0.059833333333333336,0.17566666666666672,0.049333333333333326,0.12633333333333333,0.10283333333333335,0.057166666666666685,1.9066666666666665,0.04700000000000001,0.1285,36.533333333333324,0.10566666666666666,0.1953333333333333,54.581999999999994,0.059833333333333336,0.08216666666666668,71.45,0.008500000000000002,0.03416666666666667,0.6146666666666667,0.012333333333333337,0.09466666666666668,0.13599999999999998,0.057166666666666685,0.007833333333333336,0.4865
75,99,2023-02-16,4,2,2022-2023,Fortaleza B. C. / CFO,Rio Claro,0,0.3704966666666666,0.11450000000000003,0.19300333333333336,0.06300333333333334,0.20166666666666666,0.06399666666666666,0.13767,0.06983333333333334,0.07416666666666667,0.9853333333333334,0.03816333333333334,0.12550333333333336,31.24133333333334,0.09649666666666665,0.20266666666666666,46.900666666666666,0.06300333333333334,0.09799666666666666,64.73733333333332,0.006670000000000003,0.030336666666666665,0.44066666666666665,0.009663333333333333,0.10183,0.09933333333333334,0.07416666666666667,0.015669999999999996,0.3793366666666666,0.37016666666666664,0.115,0.1983333333333333,0.05683333333333333,0.15233333333333332,0.047333333333333324,0.10500000000000001,0.085,0.06083333333333332,1.46,0.03833333333333334,0.12050000000000002,32.18733333333334,0.09916666666666665,0.199,49.85266666666667,0.05683333333333333,0.08566666666666668,65.98333333333332,0.004666666666666667,0.03400000000000001,0.6093333333333334,0.009333333333333334,0.10600000000000001,0.09600000000000003,0.06083333333333332,0.011500000000000003,0.37916666666666665
110,79,2023-02-17,4,2,2022-2023,Minas,BRB/Brasília,1,0.4306666666666668,0.14716666666666667,0.22078,0.06272,0.21316666666666664,0.05716666666666668,0.15600000000000003,0.10716666666666666,0.06788666666666666,1.7000000000000004,0.04905333333333333,0.13188666666666665,36.872,0.11038666666666665,0.19549999999999998,55.87133333333335,0.06272,0.08588666666666667,72.27933333333334,0.01566666666666667,0.030613333333333336,0.5146666666666666,0.010219999999999998,0.08244666666666668,0.12666666666666668,0.06788666666666666,0.016280000000000003,0.5328333333333334,0.4073333333333332,0.14400000000000002,0.1933333333333333,0.07000000000000002,0.1946666666666666,0.054999999999999986,0.1396666666666667,0.08866666666666667,0.07366666666666669,1.2266666666666666,0.048,0.14333333333333334,33.40266666666667,0.09666666666666665,0.1876666666666667,51.19200000000001,0.07000000000000002,0.1006666666666667,69.69466666666668,0.011666666666666669,0.026666666666666675,0.3693333333333334,0.009000000000000001,0.09566666666666666,0.09333333333333335,0.07366666666666669,0.013666666666666666,0.43566666666666654
79,99,2023-02-17,3,2,2022-2023,São Paulo,UNIFACISA,0,0.4453300000000001,0.18099999999999997,0.19733,0.067,0.18666999999999997,0.04132999999999999,0.14533,0.09366999999999999,0.06367000000000002,1.6133333333333333,0.060329999999999995,0.15033666666666667,39.88266666666666,0.09867000000000001,0.1733366666666667,57.14733333333334,0.067,0.08732999999999999,76.95599999999999,0.008,0.036000000000000004,0.6126666666666666,0.009666666666666667,0.10433333333333336,0.09600000000000003,0.06367000000000002,0.009333333333333334,0.5226633333333334,0.4020000000000001,0.1555,0.18033333333333332,0.06616666666666668,0.19399999999999998,0.055833333333333325,0.1381666666666667,0.07600000000000001,0.06466666666666666,1.2293333333333336,0.05183333333333335,0.15533333333333338,33.364000000000004,0.09016666666666666,0.17783333333333337,50.40800000000001,0.06616666666666668,0.08650000000000002,77.262,0.004666666666666666,0.03266666666666667,0.518,0.007666666666666668,0.09900000000000002,0.078,0.06466666666666666,0.01216666666666667,0.4361666666666667
90,82,2023-02-18,4,2,2022-2023,Sesi Franca,Bauru Basket,1,0.44711333333333336,0.15816666666666665,0.20622000000000001,0.08271999999999999,0.19950000000000004,0.04528,0.15422000000000002,0.09344666666666666,0.061833333333333344,1.6006666666666665,0.05272,0.13716666666666671,38.513333333333335,0.10311333333333333,0.1793866666666667,57.12866666666665,0.08271999999999999,0.10261333333333332,81.16133333333332,0.011386666666666666,0.031000000000000003,0.5279999999999999,0.013386666666666665,0.08322,0.16133333333333336,0.061833333333333344,0.011333333333333336,0.5419999999999999,0.39133333333333337,0.1585,0.17466666666666666,0.058166666666666665,0.17266666666666663,0.04067,0.13200666666666666,0.0905,0.05600333333333333,1.6446666666666665,0.05283000000000001,0.1455,36.150666666666666,0.08733333333333333,0.15917333333333333,54.265333333333324,0.058166666666666665,0.07850333333333333,72.70066666666668,0.011503333333333336,0.03883333333333334,0.6993333333333334,0.008163333333333333,0.09433,0.09333333333333334,0.05600333333333333,0.009000000000000001,0.46066666666666656
78,77,2023-02-18,4,2,2022-2023,União Corinthians,Flamengo,1,0.3969533333333334,0.16900000000000004,0.16111666666666669,0.06683666666666667,0.18894666666666665,0.05389000000000001,0.13506,0.08883999999999999,0.06616666666666668,1.422,0.056333333333333346,0.17212000000000002,32.896,0.08054999999999998,0.16494666666666666,48.90533333333333,0.06683666666666667,0.08984000000000002,74.558,0.00794,0.04211333333333333,0.6686666666666665,0.012883333333333333,0.10354999999999999,0.12933333333333336,0.06616666666666668,0.012386666666666664,0.44038333333333335,0.4180033333333333,0.19066666666666668,0.17533333333333329,0.05200333333333334,0.21388333333333331,0.06044333333333333,0.15344666666666668,0.10033333333333334,0.060003333333333325,1.744666666666667,0.06355666666666668,0.17400000000000002,36.34533333333333,0.08766666666666664,0.15544333333333335,56.58866666666666,0.05200333333333334,0.07411333333333332,69.89066666666665,0.0037766666666666665,0.03378333333333334,0.5900000000000001,0.009553333333333332,0.07188333333333333,0.13733333333333334,0.060003333333333325,0.011223333333333335,0.51522
79,78,2023-03-01,5,2,2022-2023,Flamengo,Minas,1,0.41667,0.18900000000000003,0.17533333333333329,0.05233666666666667,0.21532666666666664,0.06166666666666666,0.15367,0.09833333333333336,0.061336666666666664,1.6826666666666668,0.063,0.17233333333333337,36.309333333333335,0.08766666666666664,0.15633333333333332,56.24399999999999,0.05233666666666667,0.07366999999999999,70.76199999999997,0.0036666666666666666,0.03167333333333333,0.5426666666666667,0.009996666666666664,0.07366,0.14066666666666666,0.061336666666666664,0.012000000000000002,0.51133,0.42866666666666675,0.149,0.21733666666666673,0.062329999999999997,0.21033333333333332,0.05633333333333335,0.15400000000000003,0.10966666666666665,0.06633000000000001,1.7633333333333334,0.04966333333333333,0.13099666666666668,37.58066666666668,0.10866333333333333,0.1943333333333333,55.38933333333335,0.062329999999999997,0.08666333333333331,71.19133333333333,0.01566666666666667,0.030670000000000006,0.5239999999999999,0.009996666666666664,0.08100333333333334,0.12533333333333338,0.06633000000000001,0.016003333333333335,0.5316666666666667
95,75,2023-03-01,5,2,2022-2023,Sesi Franca,Pinheiros,1,0.4470033333333333,0.15699999999999997,0.2086633333333333,0.08132999999999999,0.1993333333333334,0.046003333333333334,0.15333000000000002,0.09566999999999998,0.06166666666666668,1.6406666666666667,0.052329999999999995,0.13800000000000004,37.96666666666667,0.10433666666666665,0.1819966666666667,56.929999999999986,0.08132999999999999,0.10000333333333332,81.636,0.01133,0.03066666666666667,0.5239999999999999,0.01333,0.08332999999999999,0.16000000000000003,0.06166666666666668,0.011666666666666669,0.5423333333333333,0.4076633333333334,0.12699999999999997,0.21066666666666667,0.06999666666666667,0.21166999999999997,0.06966666666666664,0.14200333333333337,0.09166333333333336,0.07233,1.4020000000000004,0.042333333333333334,0.13199666666666668,31.824666666666666,0.10533333333333333,0.20867000000000008,50.33133333333332,0.06999666666666667,0.10433333333333333,66.84800000000001,0.008663333333333332,0.03966333333333332,0.5886666666666667,0.009996666666666664,0.10199666666666664,0.10133333333333334,0.07233,0.01433,0.4610000000000001
74,81,2023-03-02,5,2,2022-2023,Bauru Basket,São Paulo,0,0.38566666666666666,0.163,0.167,0.055666666666666656,0.1693333333333333,0.04067,0.12867333333333333,0.09016666666666666,0.056503333333333336,1.6186666666666667,0.05433000000000001,0.148,36.519999999999996,0.0835,0.15734,52.50133333333333,0.055666666666666656,0.07450333333333334,72.7526666666667,0.010836666666666668,0.039,0.6953333333333335,0.008496666666666668,0.09549666666666666,0.09600000000000002,0.056503333333333336,0.009500000000000001,0.44983333333333325,0.4418300000000001,0.17649999999999996,0.19833,0.06699999999999999,0.18167,0.04149666666666666,0.1401633333333333,0.09183666666666666,0.06433666666666668,1.5633333333333332,0.05883,0.15117,38.59866666666666,0.09917000000000001,0.17200333333333334,57.83400000000001,0.06699999999999999,0.08866333333333332,75.91066666666667,0.008166666666666668,0.037833333333333344,0.638,0.010333333333333332,0.10383333333333336,0.10466666666666669,0.06433666666666668,0.008666666666666666,0.5123300000000001
82,87,2023-03-02,5,2,2022-2023,Pato Basquete,Fortaleza B. C. / CFO,0,0.4119966666666666,0.14100000000000001,0.2093333333333334,0.061663333333333334,0.16932666666666665,0.055330000000000004,0.11399666666666666,0.07466333333333333,0.07166,1.1213333333333333,0.04699333333333333,0.13166666666666665,35.598,0.1046666666666667,0.19699999999999998,53.40333333333333,0.061663333333333334,0.08933666666666668,67.15733333333334,0.0013300000000000002,0.041,0.6006666666666668,0.006333333333333333,0.09566666666666665,0.06533333333333335,0.07166,0.016006666666666666,0.4270000000000001,0.3676633333333332,0.12100000000000001,0.18333666666666665,0.06333666666666668,0.19399999999999998,0.06099666666666667,0.1330033333333333,0.06966666666666668,0.07533333333333334,0.9633333333333333,0.040330000000000005,0.12667,32.59333333333334,0.0916633333333333,0.19533333333333333,46.22533333333333,0.06333666666666668,0.09699666666666665,65.71799999999999,0.006670000000000003,0.028670000000000005,0.4026666666666666,0.009663333333333335,0.10099666666666667,0.09933333333333336,0.07533333333333334,0.016336666666666663,0.37066999999999994
66,68,2023-03-02,5,2,2022-2023,Corinthians,UNIFACISA,0,0.4188333333333334,0.1475,0.20400000000000004,0.06733333333333333,0.19883000000000003,0.04816666666666667,0.1506633333333333,0.08566333333333334,0.07817,1.1686666666666667,0.04917000000000001,0.1375,35.67133333333334,0.10200000000000002,0.18099666666666667,56.93866666666668,0.06733333333333333,0.08949666666666665,74.63533333333334,0.023666666666666666,0.025333333333333333,0.33399999999999996,0.013000000000000003,0.08983333333333333,0.14933333333333335,0.07817,0.017336666666666667,0.4740000000000001,0.4023333333333333,0.15600000000000003,0.18,0.06633333333333334,0.19666666666666666,0.054999999999999986,0.14166666666666666,0.07566666666666667,0.06466666666666666,1.224666666666667,0.05200000000000002,0.1546666666666667,33.64200000000001,0.09,0.17833333333333334,50.14000000000001,0.06633333333333334,0.08633333333333336,77.622,0.004333333333333333,0.03133333333333334,0.5,0.008000000000000002,0.0996666666666667,0.08133333333333334,0.06466666666666666,0.013000000000000001,0.4383333333333333
86,65,2023-03-02,5,2,2022-2023,BRB/Brasília,Cerrado,1,0.40166666666666656,0.141,0.192,0.06866666666666668,0.19033333333333327,0.053,0.13733333333333334,0.08733333333333333,0.07366666666666667,1.2066666666666666,0.047,0.13899999999999996,33.84466666666667,0.096,0.189,50.624,0.06866666666666668,0.09833333333333336,69.89666666666669,0.011000000000000001,0.02833333333333334,0.3953333333333333,0.008666666666666666,0.09333333333333334,0.09133333333333335,0.07366666666666667,0.013666666666666666,0.4279999999999999,0.421,0.19899999999999998,0.16400333333333336,0.05799666666666666,0.19100333333333336,0.05632999999999999,0.13466333333333338,0.08266666666666667,0.07666333333333333,1.0986666666666667,0.06633333333333334,0.18366333333333335,36.18266666666667,0.08199666666666666,0.15833000000000003,51.74066666666666,0.05799666666666666,0.08666333333333333,66.36866666666666,0.010336666666666666,0.02800000000000001,0.36733333333333335,0.01067,0.07567,0.15,0.07666333333333333,0.01766333333333333,0.4343366666666666
82,99,2023-03-03,5,2,2022-2023,Rio Claro,Pinheiros,0,0.3793333333333333,0.1195,0.20466666666666664,0.05516666666666666,0.15216666666666664,0.04516666666666667,0.107,0.08983333333333335,0.06033333333333332,1.550666666666667,0.03983333333333334,0.11933333333333333,33.7,0.10233333333333332,0.19983333333333334,51.321999999999996,0.05516666666666666,0.08316666666666668,65.96133333333333,0.004833333333333334,0.03366666666666667,0.608,0.009166666666666667,0.10616666666666669,0.09400000000000003,0.06033333333333332,0.011666666666666669,0.3988333333333333,0.41233,0.12999999999999998,0.21100000000000002,0.07132999999999999,0.21116999999999997,0.06833333333333333,0.14283666666666672,0.09449666666666669,0.07016333333333334,1.4860000000000002,0.043333333333333335,0.13266333333333333,32.495333333333335,0.10550000000000001,0.20567000000000005,51.07266666666666,0.07132999999999999,0.10700000000000001,66.54933333333334,0.008496666666666668,0.038829999999999996,0.592,0.009496666666666669,0.10266333333333331,0.09600000000000002,0.07016333333333334,0.013663333333333333,0.47100000000000003
84,85,2023-03-04,5,2,2022-2023,Corinthians,Fortaleza B. C. / CFO,0,0.41500000000000004,0.1425,0.20500000000000004,0.06749999999999999,0.20049666666666668,0.05,0.15049666666666664,0.08633,0.07650333333333334,1.19,0.04750333333333334,0.137,34.632666666666665,0.10250000000000002,0.18299666666666664,56.55466666666667,0.06749999999999999,0.09116333333333332,73.948,0.024166666666666666,0.024166666666666666,0.32599999999999996,0.014000000000000004,0.09249999999999999,0.15400000000000003,0.07650333333333334,0.017003333333333332,0.46983333333333344,0.3726633333333333,0.12400000000000003,0.18067,0.06800333333333335,0.19516666666666665,0.060496666666666664,0.13466999999999996,0.06733333333333334,0.07500000000000001,0.9266666666666666,0.041330000000000006,0.12733666666666668,33.235333333333344,0.09033,0.19233333333333336,46.36333333333333,0.06800333333333335,0.10466333333333332,65.01933333333334,0.00683666666666667,0.028670000000000005,0.4066666666666666,0.008830000000000001,0.10099666666666668,0.09133333333333335,0.07500000000000001,0.01600333333333333,0.3730033333333333
70,64,2023-03-04,5,2,2022-2023,São Paulo,Caxias do Sul Basquete,1,0.43716333333333346,0.1755,0.19466333333333333,0.06699999999999999,0.17983666666666667,0.04149666666666666,0.13832999999999998,0.09217000000000002,0.06583666666666668,1.532,0.058496666666666655,0.15250333333333332,38.00066666666667,0.09733666666666667,0.16783666666666666,58.10333333333334,0.06699999999999999,0.08999666666666666,74.86533333333334,0.008166666666666668,0.038333333333333344,0.6353333333333333,0.009833333333333331,0.10383333333333336,0.09933333333333334,0.06583666666666668,0.008833333333333334,0.5039966666666666,0.37666666666666665,0.11299999999999999,0.18599999999999997,0.07766666666666665,0.1799966666666667,0.042333333333333334,0.13766333333333333,0.06333666666666667,0.06666666666666668,1.0026666666666666,0.03767,0.11933333333333333,31.423999999999992,0.09299999999999999,0.18900333333333333,49.30466666666668,0.07766666666666665,0.10533666666666668,73.69266666666665,0.002996666666666666,0.03399666666666667,0.5159999999999999,0.010003333333333335,0.09833333333333336,0.10400000000000001,0.06666666666666668,0.011333333333333332,0.3919966666666666
94,100,2023-03-04,5,2,2022-2023,BRB/Brasília,Coop/São José Basketball,0,0.4076666666666666,0.1415,0.194,0.07216666666666668,0.19116666666666665,0.054333333333333324,0.13683333333333333,0.08683333333333335,0.07383333333333335,1.1993333333333331,0.04716666666666667,0.13899999999999998,33.97266666666667,0.097,0.19050000000000003,50.73800000000001,0.07216666666666668,0.10233333333333335,70.514,0.011000000000000003,0.029,0.4013333333333334,0.009333333333333334,0.096,0.09533333333333334,0.07383333333333335,0.013333333333333332,0.43466666666666653,0.4066666666666666,0.13600000000000004,0.21333333333333335,0.05733333333333333,0.17666666666666672,0.04933333333333333,0.12733333333333333,0.10100000000000002,0.05966666666666668,1.8053333333333332,0.045333333333333344,0.12466666666666668,36.233999999999995,0.10666666666666667,0.19666666666666668,54.72066666666665,0.05733333333333333,0.08033333333333335,70.09466666666665,0.009000000000000003,0.03333333333333334,0.5826666666666668,0.012000000000000004,0.09533333333333331,0.13133333333333333,0.05966666666666668,0.008000000000000004,0.47766666666666663
82,71,2023-03-04,5,2,2022-2023,Pato Basquete,UNIFACISA,1,0.4076633333333333,0.13600000000000004,0.21066666666666667,0.060996666666666664,0.17049333333333333,0.056330000000000005,0.11416333333333333,0.07199666666666667,0.07049333333333332,1.1026666666666667,0.04532666666666667,0.12999999999999998,34.812,0.10533333333333333,0.19916666666666666,53.139333333333326,0.060996666666666664,0.08917,66.57866666666666,0.0014966666666666668,0.03866666666666666,0.5773333333333334,0.005333333333333332,0.09649999999999999,0.054666666666666676,0.07049333333333332,0.015173333333333336,0.41700000000000004,0.40116666666666667,0.157,0.18,0.06416666666666665,0.19616666666666666,0.054833333333333324,0.14133333333333334,0.07566666666666669,0.06466666666666666,1.224666666666667,0.05233333333333335,0.15333333333333335,34.122666666666674,0.09,0.179,49.93200000000001,0.06416666666666665,0.08333333333333334,77.43666666666667,0.004666666666666667,0.03150000000000001,0.5033333333333333,0.008833333333333335,0.0996666666666667,0.08866666666666669,0.06466666666666666,0.013500000000000005,0.4394999999999999
83,58,2023-03-06,6,2,2022-2023,Paulistano,Caxias do Sul Basquete,1,0.3979966666666668,0.12699999999999997,0.21466333333333334,0.056333333333333346,0.1936633333333333,0.06133333333333335,0.13233,0.07433000000000001,0.05433,1.3973333333333335,0.04233666666666667,0.1266666666666667,33.558,0.10733666666666666,0.22032999999999997,49.07266666666667,0.056333333333333346,0.08066666666666668,70.13333333333331,0.008996666666666663,0.03899666666666667,0.7293333333333333,0.00967,0.09633666666666665,0.10866666666666668,0.05433,0.008996666666666663,0.4386699999999999,0.3703333333333333,0.11,0.18499999999999997,0.07533333333333332,0.18316333333333334,0.04466666666666666,0.13849666666666666,0.06250333333333334,0.06783333333333336,0.9719999999999999,0.03667,0.12150000000000001,30.265333333333327,0.09249999999999999,0.19017,48.676666666666655,0.07533333333333332,0.10333666666666667,72.502,0.0026633333333333327,0.034163333333333344,0.5093333333333333,0.010003333333333335,0.09983333333333336,0.10333333333333336,0.06783333333333336,0.011999999999999999,0.38182999999999995
84,69,2023-03-06,6,2,2022-2023,Rio Claro,Bauru Basket,1,0.3863333333333333,0.126,0.20533333333333334,0.054999999999999986,0.15066666666666664,0.04333333333333334,0.10733333333333332,0.09100000000000001,0.059666666666666666,1.5813333333333335,0.04200000000000001,0.11933333333333333,35.366666666666674,0.10266666666666667,0.19866666666666669,51.85933333333333,0.054999999999999986,0.08200000000000002,66.564,0.004666666666666667,0.03266666666666667,0.596,0.008666666666666666,0.10633333333333335,0.08933333333333335,0.059666666666666666,0.011000000000000003,0.40933333333333344,0.382,0.163,0.16133333333333333,0.05766666666666666,0.16766666666666666,0.04067,0.12700666666666668,0.09133333333333332,0.056670000000000005,1.6373333333333335,0.05433,0.14966666666666664,36.12,0.08066666666666666,0.1556733333333333,51.35866666666666,0.05766666666666666,0.07633666666666666,73.48933333333336,0.010003333333333335,0.038,0.67,0.00833,0.09566333333333335,0.09400000000000001,0.056670000000000005,0.009333333333333334,0.4416666666666666
64,96,2023-03-06,6,2,2022-2023,Cerrado,Coop/São José Basketball,0,0.4161666666666666,0.19,0.1653366666666667,0.06083,0.1893366666666667,0.05449666666666666,0.13483,0.07816666666666668,0.07749666666666667,1.0326666666666668,0.06333333333333334,0.18116333333333337,34.888,0.08266333333333334,0.15733000000000003,52.67399999999999,0.06083,0.08983,66.89466666666665,0.010170000000000002,0.02933333333333334,0.38,0.010336666666666666,0.07733666666666668,0.14533333333333331,0.07749666666666667,0.01683,0.42433666666666653,0.4126666666666666,0.13000000000000003,0.221,0.06166666666666667,0.17516666666666672,0.049833333333333334,0.12533333333333335,0.10000000000000003,0.05983333333333334,1.7833333333333334,0.04333333333333334,0.1215,35.297999999999995,0.1105,0.1991666666666667,55.88733333333333,0.06166666666666667,0.08549999999999999,70.17933333333332,0.009333333333333334,0.03616666666666667,0.6293333333333334,0.012333333333333337,0.09566666666666665,0.13399999999999998,0.05983333333333334,0.009500000000000003,0.4858333333333333
99,76,2023-03-07,6,2,2022-2023,São Paulo,União Corinthians,1,0.4301633333333335,0.17350000000000002,0.18999666666666667,0.06666666666666667,0.17983666666666667,0.04199666666666667,0.13783,0.09100333333333335,0.06700333333333335,1.4840000000000002,0.057829999999999986,0.15216999999999997,37.65066666666666,0.09500333333333333,0.16566999999999998,57.43200000000001,0.06666666666666667,0.09083,73.90466666666666,0.008,0.038166666666666675,0.6233333333333333,0.009333333333333332,0.10266666666666667,0.09533333333333334,0.06700333333333335,0.009166666666666667,0.49233,0.39901000000000003,0.169,0.16267333333333334,0.06733666666666667,0.19133666666666663,0.05600000000000001,0.1353366666666667,0.08867333333333333,0.06500000000000002,1.4586666666666666,0.056333333333333346,0.17567666666666662,32.05733333333334,0.08132666666666664,0.16433666666666666,49.54399999999999,0.06733666666666667,0.0910066666666667,73.90466666666666,0.007663333333333333,0.043003333333333324,0.6986666666666665,0.012993333333333332,0.10332666666666664,0.13066666666666668,0.06500000000000002,0.01266333333333333,0.4439933333333333
76,69,2023-03-09,6,2,2022-2023,Pinheiros,Pato Basquete,1,0.4169966666666666,0.13299999999999998,0.21133333333333332,0.07266333333333334,0.21066999999999997,0.06699999999999999,0.14367000000000005,0.09733000000000001,0.06799666666666668,1.57,0.044333333333333336,0.13333,33.166000000000004,0.10566666666666666,0.20267000000000004,51.81399999999999,0.07266333333333334,0.10966666666666668,66.25066666666666,0.00833,0.037996666666666665,0.5953333333333332,0.008996666666666668,0.10332999999999999,0.09066666666666669,0.06799666666666668,0.012996666666666667,0.481,0.40549666666666667,0.13150000000000003,0.21333333333333335,0.06066333333333333,0.17366,0.05833,0.11532999999999999,0.07082999999999999,0.07066,1.082,0.04382666666666668,0.12999999999999998,33.658,0.10666666666666667,0.20083333333333334,53.359333333333325,0.06066333333333333,0.08800333333333335,67.02066666666666,0.0014966666666666665,0.03649999999999999,0.5433333333333333,0.004833333333333333,0.09733333333333331,0.04933333333333334,0.07066,0.01484,0.41300000000000003
82,80,2023-03-09,6,2,2022-2023,Paulistano,União Corinthians,1,0.3974966666666668,0.1275,0.21133,0.05866666666666668,0.19766333333333333,0.06250000000000003,0.13516333333333333,0.07483000000000001,0.05566333333333333,1.3813333333333335,0.04250333333333334,0.12666666666666668,33.68599999999999,0.10566999999999999,0.2206633333333333,48.187999999999995,0.05866666666666668,0.082,71.758,0.00933,0.03899666666666667,0.7166666666666667,0.010003333333333335,0.09666999999999998,0.11133333333333333,0.05566333333333333,0.009829999999999997,0.4408366666666666,0.4007866666666667,0.1686666666666667,0.16478333333333334,0.06733666666666668,0.19139333333333333,0.05527666666666666,0.13611333333333334,0.08861666666666666,0.06405666666666668,1.474,0.056223333333333333,0.17478666666666667,32.162000000000006,0.08238333333333331,0.16577999999999996,49.734666666666655,0.06733666666666668,0.09161666666666668,73.27,0.007886666666666665,0.042393333333333325,0.6959999999999998,0.013159999999999998,0.10238333333333331,0.13400000000000004,0.06405666666666668,0.012439999999999998,0.44605
75,63,2023-03-09,6,2,2022-2023,Bauru Basket,Corinthians,1,0.38122333333333336,0.15783333333333335,0.16377666666666665,0.05960999999999999,0.1672233333333333,0.039779999999999996,0.12745,0.09055666666666666,0.058060000000000014,1.5893333333333335,0.05260666666666668,0.14616666666666667,35.84666666666667,0.08188999999999999,0.15600666666666668,52.126,0.05960999999999999,0.07827999999999999,74.16933333333333,0.009393333333333333,0.03711,0.6373333333333334,0.008773333333333333,0.09510666666666667,0.09866666666666668,0.058060000000000014,0.009443333333333331,0.44049999999999995,0.40866666666666673,0.132,0.206,0.07066666666666668,0.20299666666666674,0.05166666666666667,0.15133,0.08533,0.07733666666666668,1.164,0.04400333333333333,0.13166666666666668,33.69133333333334,0.103,0.18566333333333332,55.88133333333334,0.07066666666666668,0.09666333333333332,74.06866666666664,0.023666666666666666,0.023000000000000007,0.30666666666666664,0.014,0.09566666666666665,0.1446666666666667,0.07733666666666668,0.017336666666666667,0.4603333333333333
88,72,2023-03-10,6,2,2022-2023,São Paulo,BRB/Brasília,1,0.4291633333333334,0.17300000000000001,0.18999666666666667,0.06616666666666667,0.18117,0.04383,0.13732999999999998,0.09000333333333335,0.06750333333333333,1.4520000000000002,0.05766333333333332,0.1523366666666667,37.50533333333333,0.09500333333333334,0.16683666666666666,57.00533333333333,0.06616666666666667,0.09016333333333335,73.95399999999998,0.008666666666666666,0.038000000000000006,0.616,0.009,0.10049999999999999,0.09333333333333334,0.06750333333333333,0.009666666666666665,0.48933,0.4136666666666667,0.142,0.19600000000000004,0.07566666666666669,0.19199999999999998,0.05566666666666666,0.13633333333333333,0.08633333333333335,0.07400000000000001,1.192,0.04733333333333334,0.13899999999999996,34.10066666666667,0.09800000000000002,0.192,50.852000000000004,0.07566666666666669,0.10633333333333335,71.13133333333334,0.011000000000000003,0.029666666666666668,0.40733333333333327,0.010000000000000002,0.09866666666666665,0.09933333333333334,0.07400000000000001,0.013,0.44133333333333324
80,69,2023-03-10,6,2,2022-2023,UNIFACISA,Fortaleza B. C. / CFO,1,0.39733333333333337,0.15399999999999997,0.18033333333333332,0.06299999999999999,0.19483333333333333,0.055333333333333325,0.1395,0.07533333333333334,0.065,1.212,0.05133333333333335,0.15266666666666667,33.62533333333334,0.09016666666666666,0.17983333333333332,49.78466666666667,0.06299999999999999,0.08333333333333334,76.14066666666668,0.004833333333333333,0.03266666666666667,0.5213333333333333,0.009500000000000003,0.10133333333333334,0.09400000000000001,0.065,0.013000000000000005,0.43333333333333324,0.3743299999999999,0.12700000000000003,0.17933666666666664,0.06800333333333335,0.19466666666666663,0.059663333333333325,0.1350033333333333,0.06633333333333334,0.07333333333333333,0.9353333333333335,0.042330000000000007,0.12900333333333333,33.695333333333345,0.08966333333333333,0.19033333333333333,46.56266666666667,0.06800333333333335,0.10533000000000001,64.72266666666667,0.006003333333333335,0.029670000000000005,0.4353333333333333,0.008330000000000002,0.10299666666666668,0.08400000000000003,0.07333333333333333,0.01567,0.37533666666666665
76,53,2023-03-11,6,2,2022-2023,Caxias do Sul Basquete,Rio Claro,1,0.36500000000000005,0.10899999999999999,0.18199999999999997,0.074,0.18383,0.045,0.13882999999999998,0.06183666666666667,0.06966666666666668,0.9373333333333334,0.03633666666666668,0.12050000000000001,30.297333333333324,0.09099999999999998,0.19050333333333333,47.720000000000006,0.074,0.10217,71.94666666666667,0.0024966666666666666,0.034996666666666676,0.5066666666666666,0.010670000000000002,0.1006666666666667,0.10933333333333335,0.06966666666666668,0.01283333333333333,0.37483,0.38433333333333336,0.12300000000000001,0.20600000000000002,0.055333333333333325,0.15033333333333335,0.04183333333333334,0.1085,0.09116666666666667,0.060166666666666674,1.5746666666666669,0.04100000000000001,0.117,35.116,0.10300000000000001,0.2,51.690666666666665,0.055333333333333325,0.08116666666666666,67.588,0.004833333333333333,0.033,0.5966666666666666,0.0085,0.10666666666666667,0.08800000000000002,0.060166666666666674,0.011166666666666668,0.4083333333333333
78,69,2023-03-11,6,2,2022-2023,Pinheiros,Corinthians,1,0.40999666666666656,0.1315,0.21066666666666667,0.06783000000000002,0.2120033333333333,0.06666666666666667,0.1453366666666667,0.09816333333333334,0.06882999999999999,1.558,0.04383333333333333,0.13349666666666668,32.674,0.10533333333333333,0.2038366666666667,51.40866666666667,0.06783000000000002,0.10216666666666668,66.89066666666666,0.008663333333333334,0.038663333333333334,0.5953333333333333,0.008996666666666668,0.10183,0.09133333333333335,0.06882999999999999,0.014163333333333335,0.47650000000000003,0.4035000000000001,0.13049999999999998,0.2026666666666667,0.07033333333333334,0.20033000000000004,0.05150000000000001,0.14882999999999996,0.08416333333333335,0.07783666666666668,1.1486666666666667,0.04350333333333333,0.12966666666666668,33.78733333333334,0.10133333333333334,0.18582999999999997,54.719333333333324,0.07033333333333334,0.09632999999999999,73.96599999999998,0.022666666666666672,0.022833333333333337,0.30333333333333334,0.014666666666666665,0.09649999999999999,0.15133333333333338,0.07783666666666668,0.01617,0.451
74,55,2023-03-11,6,2,2022-2023,Bauru Basket,Pato Basquete,1,0.38044666666666666,0.15266666666666667,0.16622,0.06155333333333332,0.16677999999999998,0.03888999999999999,0.12789333333333333,0.08978,0.05945000000000001,1.5413333333333334,0.05088333333333333,0.14266666666666664,35.57333333333334,0.08311333333333333,0.15634000000000003,52.89333333333333,0.06155333333333332,0.08022333333333333,74.84933333333335,0.008783333333333332,0.03622,0.6046666666666668,0.009216666666666666,0.09455,0.10333333333333335,0.05945000000000001,0.009553333333333332,0.4393333333333333,0.3966633333333333,0.1265,0.211,0.05916333333333333,0.17266,0.05866333333333333,0.11399666666666668,0.06966333333333333,0.07166,1.0513333333333335,0.04216,0.12916666666666662,32.553333333333335,0.1055,0.1993333333333333,53.12666666666666,0.05916333333333333,0.08500333333333333,67.65,0.00133,0.035333333333333335,0.5186666666666666,0.0055000000000000005,0.09699999999999999,0.05666666666666667,0.07166,0.01584,0.4015
91,77,2023-03-13,7,2,2022-2023,Paulistano,Cerrado,1,0.39699666666666666,0.12799999999999997,0.2079966666666667,0.06100000000000002,0.20166333333333333,0.06366666666666669,0.13799666666666666,0.07533000000000002,0.05699666666666666,1.3653333333333333,0.04267000000000001,0.12666666666666668,33.81399999999999,0.10400333333333332,0.22099666666666665,47.30333333333333,0.06100000000000002,0.08333333333333333,73.38266666666665,0.009663333333333333,0.03899666666666667,0.7040000000000001,0.010336666666666668,0.09700333333333332,0.11400000000000003,0.05699666666666666,0.010663333333333332,0.44300333333333325,0.411,0.18100000000000002,0.17000333333333334,0.05999666666666667,0.18833666666666674,0.053329999999999995,0.13499666666666668,0.07666666666666666,0.07966333333333334,0.9906666666666669,0.06033333333333335,0.17499666666666663,34.09866666666667,0.08499666666666666,0.15966333333333335,53.34066666666666,0.05999666666666667,0.08932999999999999,66.092,0.010003333333333335,0.030000000000000006,0.37933333333333336,0.010003333333333335,0.07567,0.14266666666666664,0.07966333333333334,0.015996666666666666,0.41766999999999993
95,83,2023-03-13,7,2,2022-2023,União Corinthians,Rio Claro,1,0.40256333333333333,0.16833333333333333,0.16689333333333334,0.06733666666666668,0.19144999999999998,0.05455333333333333,0.13689,0.08856,0.06311333333333334,1.4893333333333334,0.05611333333333334,0.17389666666666664,32.266666666666666,0.08344,0.16722333333333328,49.92533333333333,0.06733666666666668,0.09222666666666668,72.63533333333332,0.00811,0.041783333333333325,0.6933333333333332,0.013326666666666669,0.10143999999999997,0.13733333333333336,0.06311333333333334,0.012216666666666664,0.4481066666666667,0.3823333333333334,0.12000000000000002,0.2066666666666667,0.05566666666666666,0.15000000000000002,0.04033333333333334,0.10966666666666666,0.09133333333333334,0.060666666666666674,1.5680000000000003,0.04000000000000001,0.11466666666666668,34.86533333333333,0.10333333333333335,0.20133333333333334,51.522000000000006,0.05566666666666666,0.08033333333333333,68.612,0.005,0.03333333333333333,0.5973333333333333,0.008333333333333333,0.107,0.08666666666666668,0.060666666666666674,0.011333333333333336,0.4073333333333334
87,76,2023-03-14,7,2,2022-2023,Minas,São Paulo,1,0.4200000000000001,0.143,0.21400333333333338,0.06299666666666666,0.20433333333333334,0.05400000000000002,0.15033333333333332,0.105,0.06899666666666666,1.5586666666666669,0.04766333333333334,0.12699666666666667,37.232666666666674,0.10699666666666666,0.1943333333333333,54.63200000000001,0.06299666666666666,0.08699666666666665,71.74666666666667,0.014666666666666668,0.029003333333333332,0.426,0.009663333333333333,0.08333666666666668,0.11800000000000004,0.06899666666666666,0.015336666666666669,0.5083333333333334,0.42866333333333345,0.17,0.19333,0.06533333333333333,0.18333666666666665,0.044496666666666664,0.13882999999999998,0.09100333333333334,0.06667000000000001,1.482,0.05666333333333333,0.15150333333333335,37.106666666666676,0.09667000000000002,0.1683366666666667,57.48133333333333,0.06533333333333333,0.08833,74.55999999999999,0.009500000000000001,0.037166666666666674,0.61,0.008666666666666666,0.09649999999999999,0.09266666666666667,0.06667000000000001,0.010666666666666666,0.4926633333333333
70,102,2023-03-21,7,2,2022-2023,Cerrado,Flamengo,0,0.40533333333333327,0.17750000000000005,0.16833666666666666,0.05949666666666667,0.18500333333333335,0.05133000000000001,0.13366333333333333,0.0765,0.08016333333333334,0.984,0.05916666666666668,0.17282999999999998,33.86466666666666,0.08416333333333333,0.15799666666666667,53.418000000000006,0.05949666666666667,0.08916333333333333,65.66133333333333,0.009503333333333334,0.029833333333333333,0.37533333333333335,0.010170000000000002,0.07450333333333334,0.146,0.08016333333333334,0.015996666666666666,0.4095033333333333,0.4158366666666666,0.19050000000000003,0.17099999999999999,0.05433666666666667,0.21166000000000001,0.05816666666666667,0.15350333333333335,0.09916666666666668,0.06233666666666666,1.6773333333333336,0.06350000000000001,0.1711666666666667,36.88666666666666,0.08549999999999999,0.15349999999999994,55.85066666666666,0.05433666666666667,0.07417,72.87399999999998,0.0035,0.03167333333333333,0.5379999999999999,0.010496666666666663,0.07532666666666667,0.14266666666666666,0.06233666666666666,0.011833333333333333,0.5109966666666667
94,90,2023-03-21,7,2,2022-2023,Sesi Franca,Minas,1,0.4498366666666667,0.15649999999999997,0.21132999999999996,0.08199666666666666,0.20000000000000004,0.04583666666666667,0.15416333333333335,0.09633666666666665,0.06200000000000002,1.6373333333333335,0.052163333333333325,0.13816666666666672,37.815333333333335,0.10566999999999997,0.18299666666666672,57.40199999999998,0.08199666666666666,0.10017000000000001,82.12199999999999,0.01133,0.030333333333333337,0.51,0.013829999999999999,0.08449666666666666,0.16466666666666668,0.06200000000000002,0.011000000000000003,0.5468333333333333,0.42511000000000004,0.14500000000000002,0.2172266666666667,0.06288666666666667,0.20511,0.05405666666666668,0.15105666666666667,0.10489,0.06744,1.5840000000000003,0.048330000000000005,0.12877333333333335,37.29733333333334,0.10860666666666666,0.19516666666666665,55.274666666666675,0.06288666666666667,0.08732999999999999,71.426,0.015943333333333334,0.029169999999999995,0.43466666666666665,0.009330000000000001,0.08517000000000002,0.11200000000000003,0.06744,0.014336666666666666,0.5147233333333334
69,80,2023-03-22,7,2,2022-2023,UNIFACISA,Pinheiros,0,0.397,0.152,0.18266666666666664,0.062333333333333324,0.19666666666666668,0.055333333333333325,0.14133333333333337,0.07733333333333332,0.06699999999999999,1.204,0.05066666666666667,0.15266666666666667,33.19466666666667,0.09133333333333332,0.17999999999999997,50.534666666666666,0.062333333333333324,0.08333333333333334,75.4,0.004666666666666667,0.03366666666666667,0.5246666666666666,0.009666666666666669,0.10133333333333334,0.09600000000000003,0.06699999999999999,0.013000000000000003,0.4356666666666667,0.40316333333333326,0.126,0.20933333333333337,0.06783000000000002,0.21316999999999997,0.06783333333333333,0.14533666666666667,0.09699666666666666,0.06949666666666668,1.514,0.041999999999999996,0.13049666666666665,31.975333333333335,0.10466666666666669,0.20650333333333337,50.42733333333334,0.06783000000000002,0.10133333333333332,67.63799999999999,0.00933,0.03883000000000001,0.5886666666666667,0.00799666666666667,0.10133,0.08133333333333335,0.06949666666666668,0.014496666666666668,0.4668333333333334
66,68,2023-03-22,7,2,2022-2023,Pato Basquete,União Corinthians,0,0.39082999999999996,0.1205,0.21033333333333334,0.059996666666666656,0.17449333333333333,0.05933000000000001,0.11516333333333334,0.06866333333333333,0.07166,1.0386666666666668,0.04016,0.12733333333333327,31.524000000000004,0.10516666666666667,0.20099999999999998,52.38066666666666,0.059996666666666656,0.08600333333333333,67.85533333333333,0.0011633333333333333,0.036333333333333336,0.5313333333333333,0.006500000000000001,0.09583333333333334,0.068,0.07166,0.016506666666666666,0.39616666666666667,0.4051166666666666,0.16799999999999998,0.16689333333333337,0.07022666666666669,0.19123,0.05366333333333333,0.1375566666666667,0.08822666666666668,0.06189333333333335,1.506,0.05600333333333334,0.1726733333333333,32.44266666666667,0.08343999999999999,0.16777666666666663,49.75333333333332,0.07022666666666669,0.09578,72.65733333333333,0.007999999999999998,0.042006666666666664,0.7073333333333331,0.013326666666666669,0.10221999999999998,0.13600000000000004,0.06189333333333335,0.011993333333333332,0.45144000000000006
79,77,2023-03-22,7,2,2022-2023,Fortaleza B. C. / CFO,Bauru Basket,1,0.37682999999999994,0.12750000000000003,0.18333666666666665,0.06600333333333334,0.19349999999999998,0.05966333333333333,0.13383666666666666,0.06533333333333335,0.07050000000000001,0.9486666666666667,0.042496666666666676,0.13183666666666666,32.76533333333334,0.09166333333333333,0.19183333333333333,47.31733333333334,0.06600333333333334,0.10216333333333334,65.01866666666668,0.006170000000000003,0.030836666666666672,0.4626666666666666,0.007830000000000002,0.10333000000000002,0.07800000000000003,0.07050000000000001,0.015169999999999998,0.37816999999999995,0.37877999999999995,0.1516666666666667,0.1666633333333333,0.06043999999999999,0.16756,0.038443333333333315,0.12911333333333333,0.08967,0.05967333333333335,1.5360000000000003,0.05055,0.142,35.50266666666667,0.08333666666666664,0.15611666666666668,53.13466666666667,0.06043999999999999,0.07944333333333332,74.33866666666667,0.008673333333333335,0.03533,0.5893333333333335,0.008993333333333332,0.09366000000000001,0.10133333333333336,0.05967333333333335,0.009663333333333333,0.43744333333333335
75,109,2023-03-23,7,2,2022-2023,BRB/Brasília,Flamengo,0,0.4108333333333334,0.143,0.19366666666666665,0.07416666666666667,0.18933333333333333,0.0555,0.13383333333333336,0.08833333333333335,0.07416666666666667,1.2166666666666663,0.04766666666666667,0.1398333333333333,34.13533333333334,0.09683333333333333,0.19166666666666662,50.28333333333334,0.07416666666666667,0.10316666666666667,71.81733333333335,0.011000000000000005,0.029166666666666664,0.39999999999999997,0.010000000000000002,0.09949999999999999,0.09866666666666668,0.07416666666666667,0.013500000000000002,0.4374999999999999,0.42383666666666664,0.19200000000000003,0.175,0.056836666666666674,0.20899333333333336,0.0555,0.15350333333333335,0.10066666666666668,0.059836666666666656,1.7920000000000003,0.064,0.16933333333333334,37.654666666666664,0.0875,0.15483333333333332,56.47333333333333,0.056836666666666674,0.07683666666666666,73.62466666666664,0.004333333333333333,0.032339999999999994,0.5793333333333333,0.010496666666666665,0.07715999999999999,0.13933333333333336,0.059836666666666656,0.011,0.5238299999999999
71,77,2023-03-23,7,2,2022-2023,Coop/São José Basketball,Paulistano,0,0.41733333333333333,0.13,0.22800000000000004,0.05933333333333334,0.1763333333333334,0.05100000000000001,0.12533333333333332,0.10033333333333337,0.05900000000000001,1.824,0.04333333333333335,0.11999999999999998,35.736666666666665,0.11400000000000002,0.20333333333333334,56.453999999999986,0.05933333333333334,0.08333333333333333,69.21866666666666,0.010333333333333333,0.03933333333333334,0.7033333333333334,0.01266666666666667,0.09433333333333332,0.138,0.05900000000000001,0.009333333333333336,0.497,0.39582999999999996,0.12499999999999999,0.2079966666666667,0.06283333333333334,0.20332999999999998,0.06683333333333334,0.13649666666666663,0.07383,0.05832999999999999,1.2960000000000003,0.041670000000000006,0.12616666666666668,33.181999999999995,0.10400333333333335,0.22082999999999997,47.336666666666666,0.06283333333333334,0.08566666666666668,73.24133333333333,0.009496666666666665,0.03966333333333334,0.6933333333333335,0.010003333333333335,0.0975033333333333,0.11000000000000003,0.05832999999999999,0.010996666666666665,0.44016999999999995
79,97,2023-03-23,7,2,2022-2023,Rio Claro,Minas,0,0.38900000000000007,0.12000000000000002,0.21000000000000002,0.059000000000000004,0.1526666666666667,0.04200000000000001,0.11066666666666668,0.091,0.06200000000000001,1.5326666666666668,0.04000000000000001,0.11650000000000002,34.48066666666667,0.10500000000000001,0.2006666666666667,52.440666666666665,0.059000000000000004,0.08333333333333331,69.83333333333333,0.005166666666666667,0.03283333333333333,0.5733333333333335,0.0071666666666666675,0.1105,0.07333333333333333,0.06200000000000001,0.012333333333333335,0.4141666666666666,0.43022000000000005,0.147,0.22045,0.06277666666666668,0.20588666666666666,0.05411333333333335,0.15178,0.10478000000000001,0.06588333333333334,1.6093333333333335,0.04899666666666668,0.13055000000000003,37.362,0.11021666666666666,0.19600000000000004,55.917333333333346,0.06277666666666668,0.08766333333333334,71.10533333333335,0.017220000000000006,0.02933666666666667,0.4433333333333333,0.008996666666666668,0.08700333333333336,0.10600000000000004,0.06588333333333334,0.013336666666666665,0.5211133333333334
71,81,2023-03-24,7,2,2022-2023,UNIFACISA,Bauru Basket,0,0.398,0.1525,0.182,0.06349999999999999,0.1926666666666667,0.05349999999999999,0.1391666666666667,0.078,0.06649999999999999,1.2173333333333332,0.05083333333333335,0.15016666666666667,34.010000000000005,0.091,0.1803333333333333,50.23733333333333,0.06349999999999999,0.0855,74.87599999999999,0.0045,0.03316666666666667,0.5213333333333333,0.009500000000000001,0.10200000000000002,0.09400000000000003,0.06649999999999999,0.013166666666666667,0.4341666666666667,0.3792233333333332,0.15183333333333335,0.16932999999999998,0.058049999999999984,0.1671166666666667,0.037219999999999996,0.12989,0.08983666666666666,0.05834000000000002,1.574,0.05060666666666666,0.143,35.31466666666667,0.08466999999999998,0.15606000000000003,54.09066666666667,0.058049999999999984,0.07722,73.664,0.008506666666666668,0.03416333333333334,0.584,0.008826666666666668,0.09432666666666667,0.09933333333333336,0.05834000000000002,0.00983,0.43788666666666665
78,92,2023-03-24,7,2,2022-2023,Fortaleza B. C. / CFO,Pinheiros,0,0.3824966666666666,0.12699999999999997,0.18867,0.06683666666666667,0.19249999999999998,0.05899666666666667,0.13350333333333333,0.06433333333333334,0.06666666666666667,0.9786666666666667,0.042330000000000007,0.13267,32.194,0.09432999999999998,0.19283333333333333,48.51466666666668,0.06683666666666667,0.10433,64.54,0.007336666666666668,0.03183666666666667,0.49866666666666665,0.0069966666666666675,0.10499666666666668,0.06800000000000003,0.06666666666666667,0.01417,0.38516999999999996,0.3993299999999999,0.1265,0.2043333333333334,0.06849666666666666,0.21366999999999997,0.06733333333333333,0.14633666666666664,0.09499666666666665,0.07183,1.428,0.04216666666666666,0.12783,32.910000000000004,0.1021666666666667,0.20533666666666672,49.48066666666667,0.06849666666666666,0.1035,66.954,0.009663333333333335,0.03733,0.5479999999999998,0.007163333333333335,0.10316333333333333,0.07133333333333337,0.07183,0.014330000000000002,0.4568333333333333
82,78,2023-03-24,7,2,2022-2023,Corinthians,União Corinthians,1,0.3983333333333334,0.129,0.19933333333333333,0.07,0.19766333333333333,0.051333333333333335,0.14632999999999993,0.08299666666666668,0.07833666666666668,1.1333333333333333,0.043003333333333324,0.12766666666666668,33.88333333333334,0.09966666666666667,0.18599666666666662,53.557333333333325,0.07,0.09599666666666665,73.86333333333332,0.02166666666666667,0.022666666666666675,0.3,0.015333333333333336,0.09733333333333331,0.15800000000000003,0.07833666666666668,0.015003333333333336,0.44166666666666665,0.4033933333333333,0.16799999999999998,0.16478333333333336,0.07061666666666669,0.18978666666666666,0.05099666666666667,0.13878000000000001,0.08661666666666665,0.06145000000000001,1.49,0.05600333333333336,0.17000666666666664,32.91,0.08238333333333332,0.16638666666666663,49.535999999999994,0.07061666666666669,0.09639,72.564,0.007499999999999999,0.04150666666666667,0.7046666666666666,0.013493333333333335,0.10210999999999998,0.138,0.06145000000000001,0.011493333333333333,0.44955000000000006
76,89,2023-03-25,7,2,2022-2023,Caxias do Sul Basquete,Sesi Franca,0,0.3648333333333334,0.11150000000000002,0.179,0.07433333333333332,0.18166333333333334,0.044,0.1376633333333333,0.06150333333333333,0.07083333333333333,0.9199999999999999,0.03717000000000001,0.11883333333333333,31.394666666666662,0.0895,0.18867,47.39133333333334,0.07433333333333332,0.10233666666666667,72.22466666666666,0.0021633333333333335,0.03549666666666667,0.5046666666666666,0.010836666666666668,0.1011666666666667,0.11000000000000001,0.07083333333333333,0.014166666666666662,0.3746633333333333,0.45150333333333337,0.15350000000000003,0.2159966666666667,0.08199666666666666,0.20166666666666672,0.047170000000000004,0.15449666666666667,0.09667,0.06283333333333335,1.6053333333333333,0.051163333333333325,0.13650000000000004,37.56666666666667,0.10800333333333333,0.18533000000000005,58.003333333333316,0.08199666666666666,0.10083666666666666,81.67333333333332,0.01183,0.029000000000000005,0.4706666666666666,0.014163333333333335,0.08583,0.16733333333333336,0.06283333333333335,0.011000000000000003,0.5486666666666665
83,86,2023-03-27,8,2,2022-2023,União Corinthians,Sesi Franca,0,0.40166999999999997,0.16799999999999998,0.16267333333333336,0.07100666666666669,0.1883433333333334,0.04833,0.14000333333333337,0.08500666666666665,0.061006666666666674,1.4739999999999998,0.05600333333333334,0.16733999999999996,33.37733333333333,0.08132666666666667,0.16499666666666662,49.31866666666666,0.07100666666666669,0.097,72.47066666666665,0.007,0.04100666666666667,0.7019999999999998,0.013660000000000002,0.102,0.14000000000000004,0.061006666666666674,0.010993333333333332,0.44766000000000006,0.45066999999999996,0.15300000000000002,0.21566333333333335,0.08199666666666666,0.20100000000000004,0.048336666666666674,0.15266333333333337,0.09717000000000002,0.06216666666666668,1.6333333333333333,0.05099666666666667,0.1368333333333334,37.32866666666666,0.10783666666666666,0.1859966666666667,57.713999999999984,0.08199666666666666,0.10133666666666666,81.34466666666664,0.01083,0.028500000000000008,0.466,0.013996666666666668,0.08766333333333334,0.16133333333333336,0.06216666666666668,0.011333333333333336,0.5458333333333333
96,68,2023-03-27,8,2,2022-2023,Flamengo,Coop/São José Basketball,1,0.4310033333333333,0.19,0.18266666666666667,0.058336666666666676,0.20699333333333333,0.05533333333333334,0.15167000000000003,0.10466666666666666,0.060003333333333325,1.879333333333333,0.06333333333333332,0.16633333333333333,37.98933333333333,0.09133333333333334,0.1573333333333333,57.82066666666666,0.058336666666666676,0.07933666666666667,73.17999999999998,0.005666666666666667,0.033339999999999995,0.6000000000000001,0.01133,0.07832666666666666,0.14800000000000002,0.060003333333333325,0.010333333333333335,0.5373300000000001,0.4193333333333334,0.1315,0.22633333333333336,0.061500000000000006,0.17366666666666675,0.04833333333333334,0.12533333333333335,0.10183333333333337,0.05866666666666667,1.8526666666666667,0.04383333333333335,0.12266666666666666,35.62533333333333,0.11316666666666668,0.19733333333333336,57.61466666666666,0.061500000000000006,0.08333333333333333,72.55199999999998,0.011666666666666667,0.038000000000000006,0.6846666666666668,0.011666666666666669,0.09733333333333333,0.12600000000000003,0.05866666666666667,0.009000000000000003,0.5009999999999999
88,86,2023-03-28,8,2,2022-2023,Minas,Corinthians,1,0.4306633333333333,0.146,0.21867333333333333,0.066,0.20332999999999998,0.05400333333333334,0.14933666666666665,0.10300333333333335,0.06632666666666666,1.568,0.04866333333333335,0.13199333333333335,36.73933333333334,0.10932666666666666,0.19300000000000003,56.318000000000005,0.066,0.09166333333333335,71.69333333333334,0.01699666666666667,0.029003333333333336,0.4353333333333333,0.008329999999999999,0.08900333333333336,0.09533333333333335,0.06632666666666666,0.014336666666666664,0.5153366666666668,0.402,0.13499999999999998,0.19866666666666669,0.06833333333333334,0.20032999999999998,0.05233333333333333,0.14799666666666667,0.08549666666666668,0.07950333333333334,1.1493333333333335,0.045003333333333326,0.131,34.56933333333334,0.09933333333333334,0.18332999999999997,54.21866666666666,0.06833333333333334,0.09682999999999999,71.86066666666666,0.021166666666666667,0.02283333333333334,0.29800000000000004,0.015333333333333332,0.09933333333333332,0.15533333333333338,0.07950333333333334,0.016003333333333335,0.44800000000000006
109,84,2023-03-28,8,2,2022-2023,Cerrado,Rio Claro,1,0.3996666666666666,0.17400000000000004,0.16666999999999996,0.058996666666666676,0.18167,0.049330000000000006,0.13233,0.07633333333333334,0.08066333333333334,0.9773333333333334,0.05800000000000001,0.17066333333333333,33.630666666666656,0.08332999999999999,0.15633,53.49533333333332,0.058996666666666676,0.08899666666666668,65.23066666666666,0.009003333333333334,0.02966666666666667,0.3713333333333333,0.010336666666666668,0.07333666666666666,0.14933333333333335,0.08066333333333334,0.015996666666666666,0.40133666666666656,0.38633333333333336,0.11950000000000002,0.20500000000000002,0.061833333333333323,0.15683333333333332,0.043666666666666666,0.11316666666666668,0.08866666666666667,0.06383333333333335,1.4313333333333333,0.039833333333333346,0.11950000000000002,33.594,0.10250000000000001,0.199,51.689333333333344,0.061833333333333323,0.08549999999999998,71.098,0.004833333333333333,0.03183333333333333,0.5266666666666666,0.006333333333333334,0.11216666666666668,0.066,0.06383333333333335,0.013166666666666667,0.40633333333333327
82,71,2023-03-29,8,2,2022-2023,Bauru Basket,Pinheiros,1,0.37966666666666654,0.15200000000000005,0.17199666666666666,0.05566,0.16667333333333337,0.03599666666666667,0.13066666666666665,0.09000333333333331,0.05700666666666668,1.6119999999999999,0.050663333333333324,0.14400000000000002,35.12666666666667,0.08600333333333333,0.15600333333333335,55.04666666666667,0.05566,0.07499666666666666,72.98933333333333,0.008340000000000002,0.03299666666666667,0.5786666666666667,0.008660000000000001,0.09499333333333332,0.09733333333333336,0.05700666666666668,0.00999666666666667,0.43832999999999994,0.4053299999999999,0.13299999999999998,0.2033333333333334,0.06899666666666665,0.21366999999999997,0.066,0.14767,0.09832999999999999,0.07299666666666665,1.4579999999999997,0.04433333333333332,0.12966333333333332,34.32066666666667,0.1016666666666667,0.20333666666666667,49.71333333333334,0.06899666666666665,0.10433333333333333,66.96,0.010330000000000002,0.03633000000000001,0.5293333333333332,0.006330000000000002,0.10566333333333332,0.059333333333333356,0.07299666666666665,0.014663333333333336,0.46466666666666673
97,84,2023-03-30,8,2,2022-2023,Coop/São José Basketball,São Paulo,1,0.42433333333333334,0.13633333333333336,0.22466666666666668,0.06333333333333334,0.17311000000000004,0.04733333333333333,0.1257766666666667,0.10344333333333337,0.058333333333333334,1.8826666666666665,0.04544333333333334,0.1244433333333333,36.47866666666666,0.11233333333333334,0.19433333333333333,57.85599999999999,0.06333333333333334,0.08477666666666667,73.96199999999999,0.011333333333333334,0.03777666666666667,0.6833333333333335,0.012110000000000003,0.099,0.12733333333333335,0.058333333333333334,0.009000000000000003,0.51,0.42233000000000004,0.163,0.19333,0.066,0.18167,0.04366333333333334,0.13799666666666666,0.08933666666666668,0.06567000000000002,1.4720000000000002,0.05433,0.1493366666666667,36.11266666666668,0.09667000000000002,0.17000333333333337,57.00266666666667,0.066,0.08899666666666667,74.71133333333333,0.009666666666666667,0.03566666666666667,0.594,0.008,0.09366666666666663,0.08800000000000001,0.06567000000000002,0.011000000000000001,0.47999666666666657
74,92,2023-03-30,8,2,2022-2023,BRB/Brasília,Rio Claro,0,0.40900000000000003,0.149,0.18733333333333332,0.07266666666666668,0.18600000000000003,0.055000000000000014,0.13100000000000003,0.09000000000000001,0.07666666666666667,1.2126666666666666,0.04966666666666667,0.142,34.90133333333334,0.09366666666666666,0.18699999999999994,49.58466666666667,0.07266666666666668,0.10200000000000002,71.14000000000001,0.011000000000000003,0.03033333333333333,0.40533333333333327,0.009666666666666667,0.10133333333333333,0.0946666666666667,0.07666666666666667,0.014333333333333333,0.4333333333333333,0.3860000000000001,0.12000000000000004,0.20233333333333334,0.06366666666666666,0.16166666666666665,0.04516666666666667,0.11650000000000002,0.08733333333333332,0.06516666666666668,1.3546666666666667,0.04000000000000001,0.12200000000000004,33.02733333333334,0.10116666666666667,0.19816666666666666,51.296666666666674,0.06366666666666666,0.08683333333333333,72.05866666666667,0.004666666666666666,0.030499999999999992,0.47866666666666663,0.005500000000000001,0.11133333333333334,0.05866666666666667,0.06516666666666668,0.013500000000000002,0.40366666666666656
55,58,2023-03-30,8,2,2022-2023,Caxias do Sul Basquete,UNIFACISA,0,0.3676666666666667,0.11400000000000003,0.17800000000000002,0.07566666666666665,0.1759966666666667,0.04166666666666667,0.13432999999999998,0.062003333333333334,0.07,0.9440000000000001,0.03800333333333334,0.11766666666666666,32.33,0.08900000000000001,0.18666999999999997,47.67733333333334,0.07566666666666665,0.10300333333333334,73.24333333333333,0.0016633333333333329,0.03533,0.51,0.010003333333333335,0.10266666666666668,0.10066666666666667,0.07,0.014666666666666663,0.37632999999999994,0.399,0.153,0.18133333333333335,0.06466666666666666,0.1886666666666667,0.051666666666666666,0.137,0.07866666666666668,0.06599999999999999,1.2306666666666666,0.05100000000000002,0.14766666666666667,34.82533333333333,0.09066666666666667,0.18066666666666664,49.93999999999999,0.06466666666666666,0.08766666666666666,74.35199999999999,0.004333333333333332,0.03266666666666667,0.518,0.009333333333333334,0.10266666666666667,0.09200000000000003,0.06599999999999999,0.013333333333333334,0.4326666666666667
82,90,2023-03-31,8,2,2022-2023,Minas,Pato Basquete,0,0.4286633333333333,0.1465,0.21334,0.06883333333333334,0.20232999999999998,0.05317000000000001,0.14916999999999997,0.10317000000000001,0.06732666666666666,1.5526666666666666,0.048830000000000005,0.13232666666666668,36.77400000000001,0.10666000000000002,0.18966666666666668,56.01733333333334,0.06883333333333334,0.09566333333333334,71.73600000000002,0.016330000000000004,0.028336666666666673,0.42133333333333334,0.008163333333333333,0.09117000000000001,0.09066666666666667,0.06732666666666666,0.014169999999999997,0.5100033333333334,0.38632999999999995,0.11099999999999997,0.21533333333333335,0.05999666666666666,0.1789933333333333,0.05999666666666668,0.11899666666666667,0.06732999999999999,0.07065999999999999,1.0333333333333334,0.036993333333333336,0.12466666666666665,29.60333333333334,0.10766666666666667,0.20466666666666666,52.557333333333325,0.05999666666666666,0.08533666666666666,69.02199999999999,0.0016633333333333333,0.036333333333333336,0.5353333333333334,0.006666666666666667,0.09400000000000001,0.07066666666666667,0.07065999999999999,0.01667333333333333,0.39499999999999996
79,70,2023-04-01,8,2,2022-2023,Flamengo,São Paulo,1,0.4300033333333333,0.18550000000000003,0.1876666666666667,0.05683666666666667,0.2083266666666667,0.057666666666666665,0.15067000000000003,0.10533333333333332,0.059669999999999994,1.9046666666666665,0.06183333333333333,0.1651666666666667,37.344,0.09383333333333335,0.16199999999999998,57.64933333333333,0.05683666666666667,0.07733666666666666,73.27266666666667,0.006000000000000001,0.03250666666666666,0.5873333333333335,0.01133,0.07915999999999998,0.14733333333333334,0.059669999999999994,0.010333333333333333,0.53583,0.4209966666666667,0.164,0.18966333333333332,0.06733333333333333,0.1778366666666667,0.04199666666666667,0.13582999999999998,0.09050333333333334,0.06700333333333335,1.458,0.054663333333333335,0.14867,36.535333333333334,0.09483666666666668,0.16683666666666672,56.91933333333334,0.06733333333333333,0.09049666666666667,74.98199999999999,0.008833333333333334,0.035666666666666666,0.5793333333333334,0.008166666666666668,0.0938333333333333,0.08933333333333335,0.06700333333333335,0.012666666666666666,0.47699666666666657
95,75,2023-04-01,8,2,2022-2023,Sesi Franca,Coop/São José Basketball,1,0.44950333333333337,0.1515,0.21466333333333334,0.08332999999999999,0.20233333333333337,0.05050333333333334,0.15183000000000002,0.09817000000000002,0.06250000000000001,1.6406666666666665,0.05049666666666666,0.13799999999999998,36.63133333333333,0.10733666666666668,0.1864966666666667,57.30466666666666,0.08332999999999999,0.10366999999999998,81.02066666666666,0.009830000000000002,0.028833333333333343,0.4693333333333333,0.013663333333333335,0.08983000000000001,0.1526666666666667,0.06250000000000001,0.011500000000000003,0.5429999999999999,0.42250000000000004,0.1366666666666667,0.224,0.061833333333333344,0.17505333333333337,0.0485,0.12655333333333335,0.1038866666666667,0.059166666666666666,1.8659999999999999,0.04555333333333334,0.12621999999999997,35.968666666666664,0.112,0.195,57.513999999999996,0.061833333333333344,0.08405333333333331,72.89333333333333,0.011166666666666667,0.036553333333333334,0.6533333333333335,0.012553333333333335,0.0995,0.13066666666666668,0.059166666666666666,0.008000000000000002,0.5055
82,85,2023-04-01,8,2,2022-2023,União Corinthians,UNIFACISA,0,0.40250333333333327,0.16749999999999998,0.16567333333333337,0.06934000000000003,0.18851,0.046996666666666666,0.14150333333333337,0.08567333333333332,0.060673333333333336,1.4899999999999998,0.05583666666666668,0.16784,33.13733333333333,0.08282666666666666,0.16632999999999998,49.76999999999999,0.06934000000000003,0.09383333333333335,72.85733333333333,0.007000000000000001,0.03934000000000001,0.6813333333333332,0.013826666666666673,0.10216666666666666,0.14133333333333334,0.060673333333333336,0.010493333333333334,0.44916000000000006,0.39516666666666667,0.15200000000000002,0.17800000000000002,0.06516666666666666,0.189,0.05050000000000001,0.13850000000000004,0.07833333333333334,0.06699999999999999,1.214,0.05066666666666668,0.14533333333333331,35.126666666666665,0.08900000000000001,0.1795,49.377333333333326,0.06516666666666666,0.08833333333333335,74.32266666666668,0.004,0.03200000000000001,0.5013333333333333,0.009166666666666667,0.10166666666666666,0.09066666666666669,0.06699999999999999,0.013333333333333334,0.4283333333333334
105,70,2023-04-03,9,2,2022-2023,Minas,Paulistano,1,0.42666333333333323,0.147,0.2080066666666667,0.07166666666666668,0.20133,0.05233666666666666,0.14900333333333332,0.10333666666666667,0.06832666666666666,1.5373333333333334,0.04899666666666667,0.13266000000000003,36.808666666666674,0.10399333333333337,0.18633333333333335,55.71666666666667,0.07166666666666668,0.09966333333333334,71.77866666666668,0.015663333333333338,0.027670000000000007,0.40733333333333327,0.007996666666666668,0.09333666666666667,0.08600000000000002,0.06832666666666666,0.014003333333333331,0.5046700000000001,0.3946633333333332,0.12199999999999998,0.2079966666666667,0.06466666666666668,0.2049966666666667,0.07000000000000002,0.13499666666666663,0.07233,0.059663333333333325,1.2266666666666666,0.04067,0.12566666666666665,32.55,0.10400333333333335,0.2206633333333333,47.37,0.06466666666666668,0.08800000000000001,73.1,0.009330000000000001,0.04033,0.6826666666666668,0.009670000000000005,0.0980033333333333,0.10600000000000002,0.059663333333333325,0.011330000000000002,0.43733666666666665
75,76,2023-04-03,9,2,2022-2023,Corinthians,Caxias do Sul Basquete,0,0.40700000000000003,0.13899999999999998,0.20200000000000004,0.06600000000000002,0.1986633333333333,0.05233333333333333,0.14633000000000002,0.08766333333333334,0.07733666666666668,1.2540000000000002,0.046336666666666665,0.134,34.930000000000014,0.10100000000000002,0.18332999999999997,55.144666666666666,0.06600000000000002,0.09566333333333334,70.414,0.021333333333333336,0.024000000000000007,0.34400000000000003,0.015666666666666666,0.10233333333333333,0.15466666666666665,0.07733666666666668,0.01567,0.45600000000000007,0.3645,0.11650000000000003,0.1753333333333333,0.07266666666666667,0.17683,0.04066666666666667,0.1361633333333333,0.06283666666666668,0.07,0.9546666666666667,0.03883666666666667,0.11999999999999998,32.568,0.08766666666666666,0.18350333333333332,47.835333333333345,0.07266666666666667,0.10100333333333335,70.65066666666665,0.0018299999999999998,0.03616333333333334,0.5206666666666666,0.010003333333333335,0.10200000000000002,0.10133333333333333,0.07,0.014999999999999998,0.3749966666666667
72,87,2023-04-04,9,2,2022-2023,BRB/Brasília,Sesi Franca,0,0.4035000000000001,0.14900000000000002,0.18233333333333332,0.07216666666666668,0.18533333333333335,0.055000000000000014,0.13033333333333333,0.08966666666666666,0.07716666666666666,1.1986666666666665,0.04966666666666667,0.14333333333333334,34.63400000000001,0.09116666666666666,0.18499999999999997,48.83133333333334,0.07216666666666668,0.10266666666666667,70.35733333333334,0.009833333333333336,0.030166666666666668,0.4,0.009833333333333335,0.10166666666666667,0.09600000000000003,0.07716666666666666,0.014666666666666666,0.4233333333333333,0.4468366666666666,0.1505,0.21066333333333337,0.08566333333333334,0.2036666666666667,0.05300333333333333,0.15066333333333334,0.09800333333333336,0.06350000000000001,1.6066666666666667,0.050163333333333324,0.13733333333333334,36.544,0.10533666666666668,0.18616333333333338,56.408666666666676,0.08566333333333334,0.10766999999999999,80.358,0.00799666666666667,0.028500000000000015,0.4553333333333333,0.012996666666666672,0.08999666666666666,0.14533333333333337,0.06350000000000001,0.011333333333333336,0.5365
89,82,2023-04-05,9,2,2022-2023,Pinheiros,Caxias do Sul Basquete,1,0.40299666666666656,0.131,0.20533333333333337,0.06666333333333334,0.21133666666666664,0.065,0.14633666666666667,0.09932999999999997,0.07299666666666667,1.4686666666666668,0.04366666666666666,0.12716333333333332,34.413333333333334,0.10266666666666668,0.20200333333333337,50.588,0.06666333333333334,0.1025,65.74866666666665,0.009830000000000002,0.03599666666666668,0.5259999999999999,0.0059966666666666675,0.10566333333333332,0.05666666666666668,0.07299666666666667,0.013496666666666672,0.4640000000000001,0.3682233333333334,0.12100000000000001,0.174,0.07322333333333333,0.17710666666666666,0.04011,0.13699666666666666,0.06466999999999999,0.07133333333333332,0.9659999999999999,0.04033666666666668,0.12199999999999998,33.36133333333333,0.087,0.18144666666666665,48.05066666666668,0.07322333333333333,0.10200333333333335,70.49199999999999,0.0017733333333333331,0.03555333333333333,0.5066666666666667,0.009893333333333334,0.10411,0.09866666666666665,0.07133333333333332,0.01611,0.37922
83,70,2023-04-05,9,2,2022-2023,Flamengo,Paulistano,1,0.42900333333333335,0.181,0.1926666666666667,0.05533666666666667,0.20966,0.060000000000000005,0.14967000000000005,0.106,0.05933666666666667,1.93,0.06033333333333335,0.16400000000000006,36.69866666666667,0.09633333333333335,0.16666666666666666,57.477999999999994,0.05533666666666667,0.07533666666666668,73.36533333333334,0.006333333333333334,0.03167333333333333,0.5746666666666668,0.011330000000000002,0.07999333333333332,0.14666666666666667,0.05933666666666667,0.010333333333333335,0.53433,0.39199666666666655,0.11949999999999998,0.20633,0.06616666666666668,0.20099666666666668,0.06983333333333334,0.13116333333333333,0.07149666666666668,0.060329999999999995,1.2033333333333336,0.03983666666666666,0.12466666666666665,32.11666666666667,0.10317000000000003,0.21882999999999997,47.381999999999984,0.06616666666666668,0.09083333333333334,72.34266666666667,0.00983,0.03983,0.6686666666666667,0.009003333333333335,0.09900333333333332,0.09733333333333337,0.060329999999999995,0.011996666666666666,0.42783666666666664
79,69,2023-04-06,9,2,2022-2023,UNIFACISA,Minas,1,0.39133333333333337,0.15099999999999997,0.1746666666666667,0.06566666666666666,0.18933333333333333,0.04933333333333335,0.14000000000000004,0.078,0.068,1.1973333333333336,0.05033333333333335,0.143,35.428000000000004,0.08733333333333335,0.17833333333333332,48.81466666666665,0.06566666666666666,0.089,74.29333333333334,0.0036666666666666666,0.03133333333333334,0.4846666666666666,0.009000000000000001,0.10066666666666667,0.08933333333333335,0.068,0.013333333333333334,0.424,0.42877333333333323,0.15166666666666667,0.20489666666666667,0.07222333333333333,0.20033,0.05067,0.14967,0.10178000000000001,0.06899333333333332,1.5019999999999998,0.05055333333333333,0.13221666666666668,38.03333333333333,0.10243666666666668,0.1846666666666667,55.35933333333333,0.07222333333333333,0.09966333333333331,72.43200000000002,0.015106666666666668,0.02822666666666667,0.4119999999999999,0.007996666666666668,0.09356000000000002,0.08533333333333333,0.06899333333333332,0.014893333333333331,0.5067800000000001
68,106,2023-04-06,9,2,2022-2023,Cerrado,Sesi Franca,0,0.4083333333333333,0.17750000000000007,0.1713366666666666,0.05949666666666667,0.18083666666666665,0.04583000000000001,0.1349966666666667,0.08016666666666668,0.07949666666666667,1.0506666666666666,0.05916666666666667,0.16849666666666668,34.68933333333333,0.08566333333333333,0.1584966666666667,54.126666666666665,0.05949666666666667,0.08933,65.67066666666666,0.009003333333333334,0.03066666666666667,0.39266666666666666,0.010003333333333335,0.07567000000000003,0.14266666666666664,0.07949666666666667,0.015496666666666666,0.41850333333333334,0.4461699999999999,0.1525,0.20666333333333337,0.08699666666666667,0.20283333333333337,0.053836666666666665,0.14899666666666667,0.09900333333333333,0.0635,1.6253333333333333,0.05083,0.1375,36.946,0.10333666666666667,0.18516333333333332,55.710666666666675,0.08699666666666667,0.11017,79.76600000000002,0.006663333333333335,0.03033333333333334,0.49,0.012163333333333337,0.08983,0.13666666666666671,0.0635,0.010833333333333335,0.5353333333333333
91,64,2023-04-07,9,2,2022-2023,Pato Basquete,BRB/Brasília,1,0.38699666666666666,0.11199999999999997,0.21666666666666667,0.05833,0.1819933333333333,0.06183000000000001,0.12016333333333336,0.07032999999999999,0.06882666666666666,1.128666666666667,0.03732666666666667,0.12666666666666662,29.325333333333337,0.10833333333333334,0.20549999999999996,52.64733333333333,0.05833,0.08550333333333332,67.12533333333333,0.0019966666666666666,0.037833333333333344,0.5806666666666668,0.007000000000000001,0.09516666666666668,0.07333333333333333,0.06882666666666666,0.015673333333333334,0.4016666666666666,0.396,0.1485,0.17433333333333334,0.07316666666666667,0.1825,0.052500000000000005,0.13,0.08783333333333333,0.07966666666666665,1.146,0.0495,0.1431666666666667,34.55200000000001,0.08716666666666667,0.17916666666666664,48.164,0.07316666666666667,0.10400000000000001,70.38933333333333,0.009500000000000001,0.030666666666666672,0.39466666666666667,0.009000000000000001,0.10133333333333334,0.08800000000000002,0.07966666666666665,0.015499999999999998,0.4098333333333333
94,70,2023-04-08,9,2,2022-2023,Pinheiros,União Corinthians,1,0.4074966666666666,0.1345,0.20600000000000002,0.06699666666666666,0.20967,0.065,0.14467,0.10016333333333331,0.07299666666666667,1.4780000000000002,0.04483333333333333,0.12949666666666668,34.68933333333334,0.10300000000000001,0.20067000000000004,51.102,0.06699666666666666,0.10216666666666666,66.27933333333333,0.010163333333333333,0.03616333333333334,0.528,0.005829999999999999,0.10449666666666667,0.05666666666666667,0.07299666666666667,0.012330000000000004,0.4688333333333334,0.4033366666666666,0.16699999999999998,0.16867333333333337,0.06767333333333335,0.1886766666666667,0.04566333333333333,0.14300333333333334,0.08634000000000001,0.06034,1.506,0.05567000000000001,0.16834,32.89733333333333,0.08432666666666666,0.1676633333333333,50.22133333333333,0.06767333333333335,0.09066666666666669,73.244,0.007000000000000001,0.03767333333333333,0.6606666666666666,0.013993333333333339,0.10233333333333333,0.14266666666666666,0.06034,0.009993333333333332,0.45066
85,94,2023-04-08,9,2,2022-2023,Fortaleza B. C. / CFO,Minas,0,0.38082999999999995,0.1285,0.18400333333333332,0.06833666666666667,0.18966666666666662,0.056163333333333336,0.13350333333333333,0.06250000000000001,0.06366666666666669,0.994,0.04283000000000001,0.13200333333333336,32.89066666666667,0.09199666666666666,0.19116666666666665,47.82600000000001,0.06833666666666667,0.10683,64.51133333333334,0.007836666666666667,0.032003333333333335,0.5239999999999999,0.006163333333333336,0.10333000000000005,0.06200000000000003,0.06366666666666669,0.013836666666666667,0.38067,0.42921666666666664,0.14933333333333335,0.20512000000000002,0.07478,0.20132999999999998,0.05100333333333333,0.15033666666666665,0.10022333333333333,0.06865999999999998,1.4873333333333332,0.04977666666666667,0.13144,37.77133333333334,0.10254666666666666,0.18500000000000003,55.31933333333333,0.07478,0.10066333333333333,74.93400000000003,0.013883333333333334,0.028450000000000007,0.4166666666666666,0.007663333333333334,0.09345,0.08133333333333333,0.06865999999999998,0.015449999999999998,0.5082233333333334
53,100,2023-04-08,9,2,2022-2023,Rio Claro,Flamengo,0,0.3953333333333334,0.12200000000000004,0.20633333333333334,0.06699999999999999,0.16749999999999998,0.0465,0.12100000000000002,0.0885,0.06516666666666668,1.3733333333333335,0.04066666666666666,0.12400000000000004,33.06733333333333,0.10316666666666667,0.19966666666666663,51.92400000000001,0.06699999999999999,0.0905,73.05133333333333,0.005,0.031333333333333324,0.49199999999999994,0.004333333333333333,0.11316666666666667,0.04266666666666667,0.06516666666666668,0.013500000000000002,0.4184999999999999,0.4313366666666667,0.17499999999999996,0.1996666666666667,0.05667,0.2093266666666667,0.059666666666666666,0.14967000000000003,0.10466666666666666,0.06167,1.8433333333333333,0.05833333333333335,0.1600000000000001,36.422,0.09983333333333334,0.16999999999999996,58.38466666666667,0.05667,0.07750333333333334,73.17933333333333,0.0061666666666666675,0.03200666666666666,0.5560000000000002,0.011163333333333334,0.08249333333333332,0.13866666666666666,0.06167,0.011333333333333336,0.5341633333333333
89,69,2023-04-08,9,2,2022-2023,Bauru Basket,Caxias do Sul Basquete,1,0.3814999999999999,0.1555,0.1696633333333333,0.056326666666666664,0.16400666666666672,0.03549666666666667,0.12849999999999998,0.09050333333333332,0.057506666666666685,1.6066666666666667,0.05183,0.14483333333333331,35.65933333333333,0.08483666666666666,0.15517000000000003,54.528,0.056326666666666664,0.07499666666666667,73.72999999999999,0.008840000000000002,0.03483000000000001,0.6020000000000001,0.008660000000000001,0.09382666666666667,0.09933333333333334,0.057506666666666685,0.010163333333333335,0.43999666666666665,0.37178000000000005,0.12500000000000003,0.17466666666666664,0.07211333333333333,0.17554999999999998,0.03988666666666666,0.13566333333333333,0.06717,0.07333333333333332,0.9819999999999999,0.04167000000000001,0.12383333333333332,34.03266666666666,0.08733333333333332,0.17988999999999997,48.67333333333334,0.07211333333333333,0.10150333333333335,69.81466666666667,0.00155,0.03561,0.49600000000000005,0.009616666666666667,0.10638666666666666,0.09400000000000001,0.07333333333333332,0.016553333333333333,0.38227666666666665
81,61,2023-04-10,10,2,2022-2023,Bauru Basket,União Corinthians,1,0.38566666666666666,0.15000000000000002,0.17532999999999996,0.06032666666666666,0.16667333333333334,0.03733,0.12933333333333333,0.08866999999999998,0.05767333333333335,1.5713333333333332,0.04999666666666667,0.141,35.11866666666666,0.08767,0.1600033333333334,54.587333333333326,0.06032666666666666,0.07766333333333335,75.43933333333332,0.008340000000000002,0.033996666666666675,0.5866666666666667,0.00866,0.09399333333333335,0.09933333333333337,0.05767333333333335,0.010996666666666665,0.44532999999999995,0.4038366666666666,0.16999999999999998,0.16534000000000001,0.06850666666666669,0.18567666666666668,0.04483,0.14083666666666667,0.08650666666666668,0.06050666666666667,1.506,0.05667000000000001,0.16983999999999996,33.244,0.08266,0.16432999999999998,50.068,0.06850666666666669,0.0925,72.81933333333333,0.006833333333333334,0.03784,0.6613333333333332,0.013993333333333335,0.10133333333333333,0.14333333333333334,0.06050666666666667,0.010326666666666666,0.44849333333333335
98,91,2023-04-10,10,2,2022-2023,Pato Basquete,Cerrado,1,0.38799666666666666,0.11399999999999998,0.21733333333333332,0.056663333333333336,0.18599333333333334,0.06199666666666668,0.12399666666666667,0.07366333333333332,0.06732666666666666,1.2153333333333334,0.03799333333333334,0.12933333333333327,29.117333333333338,0.10866666666666666,0.20466666666666664,53.071999999999996,0.056663333333333336,0.08400333333333335,66.48200000000001,0.002663333333333333,0.039333333333333345,0.6193333333333334,0.007000000000000001,0.099,0.07200000000000001,0.06732666666666666,0.015006666666666668,0.4119999999999999,0.4033333333333333,0.17500000000000002,0.16867,0.05966333333333334,0.18000333333333335,0.044996666666666664,0.13499666666666668,0.08133333333333333,0.08032999999999998,1.0553333333333332,0.058333333333333334,0.1669966666666667,34.519999999999996,0.08432999999999999,0.15866333333333335,53.10533333333333,0.05966333333333334,0.08899666666666668,66.26933333333334,0.008336666666666666,0.03066666666666667,0.38999999999999996,0.009670000000000002,0.07767,0.13599999999999998,0.08032999999999998,0.01566333333333333,0.41233666666666663
83,70,2023-04-10,10,2,2022-2023,Sesi Franca,Flamengo,1,0.4530033333333333,0.153,0.21133000000000007,0.08866333333333334,0.2028333333333333,0.05417,0.14866333333333334,0.10200333333333332,0.06250000000000001,1.7046666666666668,0.05099666666666666,0.13883333333333334,36.692,0.10567000000000001,0.18732999999999997,56.396,0.08866333333333334,0.11350333333333333,78.68666666666668,0.007496666666666668,0.03283333333333334,0.544,0.012163333333333335,0.08966333333333333,0.13666666666666671,0.06250000000000001,0.009666666666666667,0.546,0.43366999999999994,0.16899999999999998,0.2066666666666667,0.05800333333333333,0.2089933333333334,0.059333333333333335,0.14967,0.10333333333333332,0.06400333333333333,1.7566666666666666,0.056333333333333346,0.15600000000000006,36.14533333333333,0.10333333333333335,0.1733333333333333,59.291333333333334,0.05800333333333333,0.07967000000000003,72.99333333333334,0.006000000000000001,0.03234,0.5373333333333333,0.01099666666666667,0.08499333333333332,0.13066666666666668,0.06400333333333333,0.012333333333333337,0.5339966666666667
99,57,2023-04-11,10,2,2022-2023,Paulistano,São Paulo,1,0.3893299999999999,0.11699999999999999,0.20466333333333336,0.06766666666666668,0.19699666666666668,0.06966666666666667,0.12732999999999997,0.07066333333333334,0.060996666666666664,1.1800000000000002,0.03900333333333333,0.12366666666666663,31.683333333333334,0.1023366666666667,0.21699666666666664,47.39399999999999,0.06766666666666668,0.09366666666666666,71.58533333333334,0.01033,0.03933,0.6546666666666668,0.00833666666666667,0.10000333333333335,0.0886666666666667,0.060996666666666664,0.012663333333333334,0.41833666666666663,0.41966333333333333,0.165,0.18599666666666664,0.06866666666666668,0.17400333333333334,0.04033,0.1336633333333333,0.09167,0.06833666666666668,1.444,0.05499666666666667,0.14800333333333335,36.958,0.09300333333333333,0.16367000000000004,56.836000000000006,0.06866666666666668,0.09199666666666667,75.25266666666667,0.008,0.03566666666666667,0.5646666666666668,0.008333333333333335,0.09399999999999999,0.09066666666666667,0.06833666666666668,0.014333333333333333,0.47399666666666657
66,77,2023-04-12,10,2,2022-2023,Caxias do Sul Basquete,Fortaleza B. C. / CFO,0,0.3753366666666667,0.12900000000000003,0.17533333333333329,0.07100333333333333,0.1739933333333333,0.039663333333333335,0.13432999999999998,0.06967,0.07533333333333334,0.9979999999999999,0.043003333333333345,0.12566666666666668,34.70399999999999,0.08766666666666664,0.1783333333333333,49.296000000000014,0.07100333333333333,0.10100333333333335,69.13733333333333,0.0013266666666666665,0.035666666666666666,0.48533333333333334,0.00934,0.10866333333333332,0.08933333333333333,0.07533333333333334,0.016996666666666667,0.3853333333333333,0.38133,0.132,0.18067,0.06867000000000001,0.1853333333333333,0.05299666666666667,0.13233666666666666,0.060666666666666674,0.06033333333333334,1.0173333333333334,0.04399666666666668,0.13400333333333334,33.30133333333333,0.09033,0.18899999999999997,47.61466666666668,0.06867000000000001,0.10666333333333332,64.97,0.0073366666666666676,0.03167,0.544,0.005663333333333335,0.10066333333333335,0.059333333333333356,0.06033333333333334,0.013670000000000005,0.37767000000000006
80,92,2023-04-12,10,2,2022-2023,Rio Claro,Coop/São José Basketball,0,0.39300000000000007,0.11900000000000004,0.204,0.06999999999999999,0.172,0.048000000000000015,0.12400000000000003,0.08733333333333333,0.06733333333333333,1.3346666666666667,0.03966666666666667,0.12333333333333335,32.30866666666667,0.102,0.19966666666666663,51.32533333333335,0.06999999999999999,0.09466666666666668,73.386,0.006,0.031999999999999994,0.49199999999999994,0.003333333333333334,0.11566666666666667,0.028000000000000004,0.06733333333333333,0.013666666666666667,0.4143333333333333,0.4206666666666667,0.137,0.2233333333333333,0.06033333333333334,0.1769966666666667,0.04966666666666666,0.12733000000000003,0.10433000000000002,0.05999999999999999,1.8493333333333333,0.04566333333333333,0.12799666666666665,35.458666666666666,0.11166666666666665,0.19566666666666668,57.17199999999999,0.06033333333333334,0.08332999999999997,71.82466666666666,0.011000000000000001,0.03532999999999999,0.6233333333333334,0.012996666666666667,0.10000000000000002,0.13400000000000004,0.05999999999999999,0.007000000000000001,0.501
113,71,2023-04-13,10,2,2022-2023,Paulistano,BRB/Brasília,1,0.3986633333333333,0.12049999999999998,0.2076633333333334,0.07050000000000001,0.19983,0.06833333333333332,0.13149666666666665,0.07199666666666667,0.06233000000000001,1.1666666666666667,0.04017,0.12266666666666666,32.90266666666667,0.1038366666666667,0.21349666666666664,48.933333333333344,0.07050000000000001,0.09633333333333334,72.50266666666667,0.01133,0.036496666666666656,0.5893333333333335,0.008503333333333333,0.10333666666666667,0.08000000000000002,0.06233000000000001,0.013663333333333335,0.43517,0.39083333333333337,0.14850000000000002,0.16600000000000004,0.07633333333333334,0.18200000000000002,0.05166666666666667,0.13033333333333333,0.08533333333333332,0.08216666666666667,1.083333333333333,0.0495,0.14350000000000002,34.47400000000001,0.08300000000000002,0.1738333333333333,47.292666666666655,0.07633333333333334,0.10783333333333335,70.90266666666666,0.009666666666666665,0.03116666666666667,0.3893333333333333,0.007999999999999998,0.10116666666666668,0.078,0.08216666666666667,0.01583333333333333,0.3988333333333333
78,66,2023-04-13,10,2,2022-2023,Corinthians,Cerrado,1,0.402,0.137,0.19700000000000004,0.06800000000000002,0.19566333333333333,0.052166666666666674,0.1434966666666667,0.08716333333333333,0.07717000000000002,1.2493333333333334,0.04567,0.1343333333333333,34.37466666666668,0.09850000000000002,0.17933000000000002,54.97466666666666,0.06800000000000002,0.09882999999999997,70.01866666666666,0.020333333333333335,0.02533333333333334,0.36533333333333334,0.016333333333333335,0.10216666666666667,0.16133333333333333,0.07717000000000002,0.01600333333333333,0.44900000000000007,0.39489,0.16966666666666666,0.16678,0.058440000000000006,0.17894666666666667,0.04422000000000001,0.13472,0.07955666666666668,0.08055333333333331,1.024,0.05655666666666667,0.16610666666666668,33.69466666666666,0.08338666666666666,0.15733,52.98066666666666,0.058440000000000006,0.08705333333333336,66.49666666666667,0.008280000000000001,0.030723333333333335,0.38866666666666666,0.009393333333333333,0.07706,0.13333333333333333,0.08055333333333331,0.015273333333333331,0.4008366666666667
91,75,2023-04-14,10,2,2022-2023,União Corinthians,Fortaleza B. C. / CFO,1,0.40633666666666657,0.17049999999999998,0.16934000000000002,0.06650666666666667,0.18817666666666666,0.044663333333333326,0.14350333333333337,0.08867333333333334,0.05933999999999999,1.5506666666666666,0.056836666666666674,0.1710066666666666,33.162,0.08466,0.16549666666666668,50.922000000000004,0.06650666666666667,0.09216666666666667,71.11799999999998,0.0071666666666666675,0.03717333333333333,0.6586666666666666,0.014493333333333335,0.10033333333333334,0.14933333333333337,0.05933999999999999,0.011326666666666664,0.45482666666666666,0.37733,0.13,0.1790033333333333,0.06833666666666667,0.18049999999999994,0.048996666666666674,0.13150333333333333,0.06016666666666669,0.060000000000000026,1.0166666666666666,0.04333,0.13367,32.91533333333333,0.08949666666666665,0.1873333333333333,47.595333333333336,0.06833666666666667,0.10249666666666667,67.27733333333333,0.006836666666666667,0.03217,0.5559999999999999,0.005496666666666668,0.10133000000000002,0.057333333333333354,0.060000000000000026,0.014003333333333338,0.37333666666666665
90,73,2023-04-15,10,2,2022-2023,Corinthians,BRB/Brasília,1,0.4,0.136,0.19600000000000004,0.068,0.19349666666666668,0.05083333333333335,0.14266333333333334,0.08816333333333333,0.07650333333333335,1.2813333333333334,0.04533666666666667,0.13483333333333333,34.02400000000001,0.09800000000000002,0.17733000000000002,55.298,0.068,0.09866333333333334,70.17533333333333,0.02066666666666667,0.02566666666666667,0.374,0.016833333333333336,0.10216666666666667,0.166,0.07650333333333335,0.016170000000000004,0.4481666666666667,0.38700000000000007,0.14550000000000005,0.16133333333333336,0.08016666666666668,0.18100000000000005,0.05216666666666667,0.12883333333333333,0.08283333333333333,0.08349999999999998,1.0299999999999998,0.0485,0.14183333333333334,34.040666666666674,0.08066666666666668,0.17316666666666664,46.32666666666667,0.08016666666666668,0.11083333333333334,72.452,0.0095,0.03133333333333334,0.38466666666666677,0.007333333333333333,0.10183333333333336,0.07066666666666667,0.08349999999999998,0.016666666666666666,0.3895
95,64,2023-04-15,10,2,2022-2023,São Paulo,Cerrado,1,0.41166333333333327,0.1535,0.18999666666666662,0.06816666666666667,0.1773366666666667,0.04266333333333334,0.1346633333333333,0.08817,0.06933666666666667,1.3,0.05116333333333334,0.14683666666666664,34.872,0.09500333333333331,0.16650333333333334,57.13933333333333,0.06816666666666667,0.09149666666666664,75.10066666666665,0.007666666666666668,0.03483333333333335,0.5166666666666667,0.008333333333333335,0.09183333333333331,0.09066666666666667,0.06933666666666667,0.015000000000000001,0.4604966666666666,0.38644666666666677,0.16433333333333333,0.16489,0.05721666666666668,0.17789000000000002,0.04344333333333334,0.13444333333333336,0.07778,0.08077666666666665,0.9926666666666666,0.05478000000000001,0.16521666666666668,32.86933333333333,0.08244333333333333,0.15599666666666667,52.855999999999995,0.05721666666666668,0.08511,66.724,0.008223333333333332,0.030780000000000005,0.38733333333333336,0.009116666666666667,0.07644999999999999,0.13066666666666665,0.08077666666666665,0.014883333333333333,0.38933666666666666
77,95,2023-04-17,1,3,2022-2023,Coop/São José Basketball,Bauru Basket,0,0.42066666666666674,0.1355,0.22399999999999995,0.06116666666666668,0.18033000000000002,0.04883333333333333,0.13149666666666668,0.10633000000000001,0.05949999999999999,1.892,0.04516333333333333,0.1286633333333333,34.85,0.11199999999999997,0.19666666666666668,57.071999999999996,0.06116666666666668,0.08432999999999997,71.92266666666667,0.011666666666666667,0.03299666666666667,0.5940000000000001,0.012163333333333332,0.10133333333333336,0.12466666666666669,0.05949999999999999,0.007666666666666667,0.5016666666666666,0.3933333333333334,0.15300000000000002,0.17799666666666666,0.06232666666666667,0.17000666666666667,0.03866333333333334,0.13133333333333333,0.08933666666666666,0.058339999999999996,1.5673333333333332,0.05099666666666666,0.14166666666666666,35.70466666666666,0.08900333333333334,0.16167000000000004,54.864,0.06232666666666667,0.07866333333333334,77.45866666666666,0.008340000000000004,0.034330000000000006,0.5853333333333334,0.008660000000000001,0.09299333333333334,0.10000000000000003,0.058339999999999996,0.011663333333333333,0.4576633333333333
82,70,2023-04-18,1,3,2022-2023,Pato Basquete,Paulistano,1,0.3969966666666667,0.11866666666666666,0.21866666666666668,0.05966333333333334,0.18621666666666667,0.06088666666666668,0.12533,0.07499666666666666,0.06588333333333334,1.2640000000000002,0.03955,0.13210999999999998,29.55133333333334,0.10933333333333334,0.20144333333333328,54.36000000000001,0.05966333333333334,0.08678000000000001,68.26866666666668,0.002663333333333333,0.040443333333333345,0.654,0.008,0.101,0.07999999999999999,0.06588333333333334,0.01445,0.42900000000000005,0.4106633333333333,0.12699999999999997,0.21233000000000005,0.07133333333333333,0.20033,0.06583333333333334,0.13449666666666665,0.07516333333333333,0.06366333333333335,1.1900000000000002,0.04233666666666666,0.12216666666666667,34.790000000000006,0.10617000000000003,0.21066333333333329,50.69733333333333,0.07133333333333333,0.09716666666666667,72.66133333333333,0.011663333333333336,0.035996666666666656,0.5706666666666665,0.008836666666666666,0.10367000000000001,0.082,0.06366333333333335,0.013830000000000005,0.45716999999999997
59,73,2023-04-18,1,3,2022-2023,Caxias do Sul Basquete,Pinheiros,0,0.3703366666666667,0.1295,0.1733333333333333,0.06750333333333335,0.1719933333333333,0.03966333333333334,0.13233,0.06950333333333333,0.07566666666666667,0.9906666666666665,0.04317000000000001,0.12783333333333333,34.13866666666666,0.08666666666666666,0.1771666666666666,49.018666666666675,0.06750333333333335,0.09516999999999999,69.65866666666666,0.0013266666666666665,0.036833333333333336,0.5,0.00984,0.10799666666666666,0.09533333333333334,0.07566666666666667,0.01666333333333334,0.37999999999999995,0.4158299999999999,0.137,0.21000000000000002,0.06883,0.20967000000000002,0.06533333333333334,0.14433666666666667,0.09949666666666665,0.07449666666666667,1.4480000000000004,0.04566666666666667,0.13116333333333333,34.87266666666666,0.10500000000000001,0.20167000000000002,51.96,0.06883,0.1035,67.16999999999999,0.01033,0.03666333333333334,0.5246666666666665,0.006163333333333332,0.10383,0.06066666666666667,0.07449666666666667,0.012330000000000004,0.4765
95,77,2023-04-19,1,3,2022-2023,UNIFACISA,Corinthians,1,0.38699999999999996,0.15,0.1673333333333334,0.06966666666666667,0.1875,0.04816666666666668,0.13933333333333336,0.0755,0.06766666666666668,1.1653333333333333,0.05000000000000002,0.14100000000000001,35.72933333333334,0.0836666666666667,0.17566666666666667,47.577333333333314,0.06966666666666667,0.09416666666666668,74.26133333333334,0.0035,0.031166666666666672,0.48599999999999993,0.008666666666666666,0.09949999999999999,0.08800000000000001,0.06766666666666668,0.012833333333333337,0.4146666666666667,0.40099999999999997,0.13699999999999998,0.1966666666666667,0.06733333333333333,0.19566333333333333,0.051000000000000004,0.14466333333333334,0.08799666666666665,0.07300333333333335,1.334,0.04567,0.13799999999999998,33.43933333333334,0.09833333333333336,0.17866333333333334,55.01933333333333,0.06733333333333333,0.09666333333333332,71.02733333333335,0.019333333333333338,0.025333333333333336,0.38466666666666666,0.016333333333333335,0.10266666666666668,0.15933333333333338,0.07300333333333335,0.016670000000000004,0.4513333333333334
79,83,2023-04-20,2,3,2022-2023,Bauru Basket,Coop/São José Basketball,0,0.39589,0.156,0.17599666666666666,0.06388333333333333,0.16645000000000001,0.03833,0.12811,0.08833666666666669,0.05745000000000001,1.5853333333333335,0.05199666666666668,0.141,36.751999999999995,0.08800333333333335,0.16044666666666668,54.69533333333333,0.06388333333333333,0.07966333333333335,78.22999999999999,0.007116666666666669,0.035663333333333345,0.6253333333333334,0.008216666666666667,0.09355000000000002,0.0933333333333334,0.05745000000000001,0.011996666666666666,0.45988666666666667,0.4156666666666667,0.13499999999999998,0.2206666666666667,0.06000000000000002,0.17833,0.048,0.13033,0.10666333333333335,0.05833333333333333,1.9313333333333331,0.04499666666666667,0.12899666666666665,34.6,0.11033333333333335,0.194,56.98799999999999,0.06000000000000002,0.08332999999999999,71.16533333333335,0.011666666666666665,0.03033,0.5640000000000001,0.011663333333333333,0.10133333333333336,0.11933333333333333,0.05833333333333333,0.007333333333333334,0.4933333333333333
90,57,2023-04-21,2,3,2022-2023,Paulistano,Pato Basquete,1,0.41066333333333327,0.13099999999999998,0.20799666666666672,0.07166666666666668,0.19632999999999998,0.06366666666666668,0.13266333333333333,0.07433,0.06433000000000001,1.1633333333333336,0.043669999999999994,0.12433333333333334,35.35800000000001,0.10400333333333336,0.20432999999999996,50.977333333333334,0.07166666666666668,0.09933333333333333,71.65533333333335,0.011663333333333333,0.03566333333333334,0.5586666666666668,0.008003333333333333,0.10567000000000001,0.07333333333333333,0.06433000000000001,0.013330000000000005,0.45200333333333337,0.40066333333333337,0.11833333333333332,0.21733333333333338,0.06499666666666666,0.18944,0.06077666666666669,0.12866333333333332,0.07466333333333333,0.06510666666666666,1.27,0.03944,0.13188666666666665,29.514000000000006,0.10866666666666669,0.19888666666666663,54.679999999999986,0.06499666666666666,0.09255666666666666,70.14333333333335,0.002663333333333333,0.03955333333333334,0.6466666666666667,0.008333333333333335,0.10333333333333333,0.08133333333333334,0.06510666666666666,0.014893333333333333,0.43733333333333324
71,66,2023-04-21,3,3,2022-2023,Bauru Basket,Coop/São José Basketball,1,0.39311333333333337,0.156,0.17333,0.06377333333333333,0.1632266666666667,0.03966333333333334,0.12355333333333333,0.08767000000000001,0.05822666666666668,1.5526666666666666,0.05199666666666668,0.142,36.486666666666665,0.08667000000000001,0.15889,54.437999999999995,0.06377333333333333,0.07966333333333335,78.09933333333332,0.006893333333333334,0.03733000000000001,0.644,0.007106666666666667,0.09544000000000001,0.07866666666666668,0.05822666666666668,0.013663333333333333,0.45211,0.41558333333333336,0.13374999999999998,0.22100000000000003,0.060833333333333336,0.17658000000000001,0.04708333333333334,0.12949666666666668,0.10624666666666666,0.05999999999999999,1.8719999999999997,0.04458,0.12682999999999997,34.93,0.11050000000000001,0.19291666666666668,57.486000000000004,0.060833333333333336,0.08474666666666666,70.964,0.012499999999999999,0.029496666666666668,0.5373333333333334,0.011663333333333333,0.10108333333333336,0.11999999999999998,0.05999999999999999,0.007083333333333335,0.49099999999999994
78,60,2023-04-22,2,3,2022-2023,Pinheiros,Caxias do Sul Basquete,1,0.4179966666666665,0.13499999999999998,0.2153333333333334,0.06766333333333334,0.2123366666666667,0.065,0.1473366666666667,0.10033,0.07499666666666666,1.4500000000000002,0.045000000000000005,0.12866333333333332,34.98933333333333,0.1076666666666667,0.20467,52.62533333333333,0.06766333333333334,0.101,68.12266666666665,0.009996666666666666,0.03733,0.5299999999999999,0.005996666666666667,0.10332999999999999,0.059333333333333335,0.07499666666666666,0.013330000000000003,0.48500000000000004,0.36133666666666664,0.12483333333333334,0.17333333333333334,0.06317000000000002,0.17154999999999998,0.040996666666666674,0.13055333333333333,0.06594666666666667,0.07600000000000001,0.9219999999999998,0.04161333333333333,0.1285,32.97666666666667,0.08666666666666667,0.17827666666666667,48.746,0.06317000000000002,0.09027999999999999,68.53133333333335,0.00155,0.03672333333333333,0.49466666666666664,0.009283333333333333,0.10666333333333332,0.09133333333333334,0.07600000000000001,0.01599666666666667,0.3632233333333333
70,81,2023-04-22,2,3,2022-2023,Corinthians,UNIFACISA,0,0.40233333333333327,0.13733333333333334,0.19600000000000004,0.069,0.19322,0.05,0.14322,0.08688666666666665,0.07278000000000001,1.3206666666666669,0.04578000000000001,0.13766666666666666,33.62733333333333,0.09800000000000002,0.17722000000000002,55.172,0.069,0.09922,70.78933333333335,0.019666666666666673,0.025666666666666667,0.392,0.016333333333333335,0.10200000000000002,0.16000000000000003,0.07278000000000001,0.016113333333333334,0.45033333333333336,0.388,0.148,0.1686666666666667,0.07133333333333333,0.186,0.04733333333333334,0.13866666666666666,0.07300000000000001,0.06699999999999999,1.1406666666666667,0.04933333333333335,0.13933333333333334,35.672000000000004,0.08433333333333334,0.1743333333333333,48.376666666666665,0.07133333333333333,0.09566666666666669,74.87733333333334,0.003666666666666667,0.029666666666666675,0.4666666666666667,0.007666666666666668,0.10066666666666667,0.07666666666666667,0.06699999999999999,0.012333333333333337,0.41300000000000003
92,78,2023-04-23,3,3,2022-2023,Paulistano,Pato Basquete,1,0.4126633333333334,0.13849999999999998,0.20599666666666672,0.06816666666666667,0.1976633333333333,0.06466666666666668,0.13299666666666668,0.07733,0.06599666666666668,1.1800000000000002,0.046169999999999996,0.12833333333333333,35.95933333333334,0.10300333333333336,0.20066333333333328,51.56266666666668,0.06816666666666667,0.095,71.41733333333333,0.011996666666666666,0.03733,0.5706666666666667,0.008503333333333333,0.10567000000000001,0.07933333333333333,0.06599666666666668,0.013663333333333338,0.4608366666666666,0.3959966666666667,0.11999999999999998,0.2093333333333334,0.06666333333333334,0.18699666666666673,0.059000000000000025,0.12799666666666665,0.07332999999999999,0.06633,1.2446666666666668,0.039996666666666666,0.13533,29.21266666666667,0.1046666666666667,0.19199666666666668,54.17466666666665,0.06666333333333334,0.09333333333333332,72.146,0.002663333333333333,0.03999666666666668,0.644,0.008,0.10300000000000001,0.07666666666666667,0.06633,0.017003333333333332,0.4286666666666666
90,58,2023-04-27,1,4,2022-2023,Flamengo,Bauru Basket,1,0.4305033333333333,0.16599999999999995,0.20533333333333334,0.05917000000000001,0.20566000000000004,0.05800000000000001,0.14767000000000002,0.10033333333333333,0.06450333333333334,1.6886666666666665,0.05533333333333336,0.1556666666666667,35.67266666666667,0.10266666666666667,0.17216666666666663,59.34733333333334,0.05917000000000001,0.0803366666666667,74.06466666666667,0.0061666666666666675,0.03217333333333333,0.5306666666666667,0.010163333333333333,0.08599333333333334,0.11933333333333336,0.06450333333333334,0.012333333333333337,0.52333,0.38767000000000007,0.155,0.16866333333333333,0.06399666666666667,0.16267,0.03999666666666667,0.12266333333333332,0.08567000000000001,0.05900333333333334,1.5013333333333336,0.051663333333333346,0.14266666666666666,36.065333333333335,0.08433666666666667,0.15633333333333335,53.87733333333333,0.06399666666666667,0.07966333333333334,78.36066666666666,0.005336666666666667,0.03766333333333335,0.6433333333333332,0.0063300000000000006,0.09666333333333334,0.06733333333333333,0.05900333333333334,0.014329999999999999,0.44233333333333336
85,82,2023-04-27,1,4,2022-2023,Minas,Paulistano,1,0.43615999999999994,0.15600000000000003,0.20634333333333338,0.07383666666666668,0.2001633333333333,0.05000333333333334,0.15017,0.09933333333333333,0.06932666666666666,1.4626666666666666,0.052000000000000005,0.13283,39.07866666666667,0.10315666666666666,0.18433333333333335,55.86866666666666,0.07383666666666668,0.09899666666666665,75.29333333333335,0.01416,0.028506666666666666,0.41399999999999987,0.0073300000000000014,0.09317333333333333,0.07800000000000001,0.06932666666666666,0.016006666666666666,0.515,0.41533000000000003,0.13899999999999998,0.20866333333333337,0.06766666666666668,0.19732999999999998,0.06666666666666668,0.13066333333333333,0.07899666666666667,0.06666333333333335,1.1953333333333336,0.046336666666666665,0.12966666666666665,35.74066666666668,0.10433666666666669,0.19932999999999992,52.65266666666668,0.06766666666666668,0.09466666666666668,71.17933333333333,0.01233,0.03799666666666668,0.5766666666666668,0.01067,0.10700333333333334,0.09933333333333334,0.06666333333333335,0.013663333333333338,0.4683366666666667
92,77,2023-04-28,1,4,2022-2023,São Paulo,Pinheiros,1,0.4113299999999999,0.153,0.18932999999999997,0.069,0.1743366666666667,0.042330000000000007,0.13199666666666665,0.08966999999999999,0.06566999999999999,1.3686666666666667,0.05099666666666666,0.14833666666666664,34.46,0.09466999999999998,0.16700333333333334,56.812000000000005,0.069,0.09299666666666664,74.592,0.007666666666666668,0.03533333333333334,0.5513333333333333,0.007000000000000001,0.09133333333333332,0.07400000000000002,0.06566999999999999,0.015000000000000003,0.4583299999999999,0.41422,0.131,0.2146666666666667,0.06855333333333334,0.21378,0.06566666666666668,0.14811333333333335,0.09722,0.07422,1.4160000000000004,0.043666666666666666,0.12655333333333332,34.38133333333333,0.10733333333333335,0.20678000000000002,52.089999999999996,0.06855333333333334,0.10133333333333334,68.72399999999998,0.009886666666666667,0.036886666666666665,0.5326666666666665,0.006886666666666667,0.10455333333333333,0.066,0.07422,0.012553333333333335,0.4796666666666667
91,100,2023-04-29,1,4,2022-2023,Sesi Franca,UNIFACISA,0,0.4553366666666667,0.15499999999999997,0.21199666666666672,0.08833,0.19999999999999998,0.05200333333333333,0.14799666666666667,0.10033666666666666,0.063,1.674,0.05166333333333333,0.13866666666666666,37.258,0.10600333333333337,0.18599666666666662,57.12066666666667,0.08833,0.11300333333333333,78.86333333333332,0.00833,0.03300000000000001,0.544,0.012330000000000002,0.09033000000000001,0.13800000000000004,0.063,0.009333333333333334,0.5463333333333334,0.38883333333333336,0.14599999999999996,0.1726666666666667,0.07016666666666667,0.18583333333333335,0.04750000000000001,0.13833333333333334,0.07316666666666667,0.06683333333333333,1.1526666666666665,0.04866666666666667,0.13649999999999998,35.915333333333336,0.08633333333333335,0.17566666666666667,49.109333333333325,0.07016666666666667,0.09350000000000001,75.28466666666667,0.0033333333333333335,0.030666666666666672,0.4946666666666666,0.008333333333333335,0.09983333333333334,0.084,0.06683333333333333,0.012000000000000004,0.41950000000000015
80,76,2023-04-30,2,4,2022-2023,Paulistano,Minas,1,0.4165533333333334,0.14133333333333334,0.20822000000000002,0.067,0.19888666666666666,0.07,0.12888666666666668,0.07755333333333335,0.06655333333333335,1.1720000000000002,0.047113333333333327,0.13266666666666668,35.47933333333334,0.10411333333333334,0.20021999999999993,52.34800000000002,0.067,0.09400000000000001,70.82200000000002,0.012886666666666666,0.038220000000000004,0.5820000000000001,0.012113333333333334,0.10744666666666668,0.112,0.06655333333333335,0.013886666666666669,0.4681133333333333,0.4416599999999999,0.159,0.20934333333333338,0.07333666666666666,0.19932999999999995,0.05033666666666668,0.14900333333333335,0.09866666666666667,0.06966,1.4460000000000002,0.053000000000000005,0.13399666666666665,39.562,0.10465666666666666,0.18433333333333335,56.725333333333325,0.07333666666666666,0.09799666666666665,75.55666666666667,0.014326666666666666,0.02900666666666667,0.4193333333333332,0.006996666666666668,0.09334,0.07466666666666667,0.06966,0.016006666666666666,0.5206666666666666
115,107,2023-05-01,2,4,2022-2023,Pinheiros,São Paulo,1,0.4101099999999999,0.13199999999999998,0.2073333333333334,0.07077666666666667,0.2132233333333334,0.067,0.14622333333333334,0.09410999999999999,0.07311,1.3913333333333333,0.04400000000000001,0.12611,34.74999999999999,0.1036666666666667,0.20622333333333334,50.587333333333326,0.07077666666666667,0.10433333333333333,68.84066666666665,0.009776666666666666,0.036109999999999996,0.5339999999999999,0.007110000000000001,0.10644333333333332,0.06666666666666668,0.07311,0.012110000000000001,0.46933333333333327,0.4126633333333333,0.15250000000000002,0.18799666666666662,0.07216666666666667,0.17683666666666667,0.042163333333333344,0.1346633333333333,0.08750333333333331,0.06467000000000002,1.36,0.05082999999999999,0.14967,33.983999999999995,0.0940033333333333,0.16450333333333333,57.38933333333333,0.07216666666666667,0.09666333333333331,74.81533333333333,0.008166666666666668,0.03383333333333334,0.5359999999999998,0.007,0.09400000000000001,0.07200000000000001,0.06467000000000002,0.014500000000000002,0.4593299999999999
76,85,2023-05-01,2,4,2022-2023,Bauru Basket,Flamengo,0,0.3803366666666667,0.15200000000000002,0.16666333333333333,0.06166333333333334,0.15900333333333336,0.039663333333333335,0.11932999999999999,0.08400333333333335,0.057670000000000006,1.4986666666666666,0.05066333333333333,0.1426666666666667,35.324666666666666,0.08333666666666667,0.15699999999999997,53.086,0.06166333333333334,0.07833,76.61466666666666,0.00567,0.03733,0.6686666666666667,0.006663333333333333,0.09666333333333332,0.07066666666666667,0.057670000000000006,0.014329999999999999,0.42733333333333334,0.43400333333333324,0.172,0.20266666666666666,0.05933666666666667,0.20666,0.05633333333333334,0.15033666666666665,0.10033333333333334,0.06633666666666665,1.6406666666666665,0.05733333333333335,0.153,37.492000000000004,0.10133333333333333,0.17099999999999999,58.870000000000005,0.05933666666666667,0.08000333333333334,74.74666666666667,0.007333333333333334,0.03134,0.5086666666666668,0.010663333333333334,0.08566000000000001,0.12733333333333335,0.06633666666666665,0.01266666666666667,0.5306633333333333
73,86,2023-05-02,2,4,2022-2023,UNIFACISA,Sesi Franca,0,0.396,0.152,0.1753333333333333,0.06866666666666667,0.18733333333333332,0.047333333333333345,0.14,0.07233333333333335,0.06666666666666667,1.14,0.050666666666666665,0.137,36.992,0.08766666666666666,0.177,49.5,0.06866666666666667,0.09166666666666666,75.00600000000001,0.003,0.03133333333333334,0.514,0.008000000000000002,0.09900000000000002,0.08133333333333333,0.06666666666666667,0.011666666666666669,0.4296666666666667,0.4623366666666666,0.162,0.21466333333333337,0.08566333333333334,0.1986666666666666,0.052669999999999995,0.14599666666666664,0.10166999999999998,0.06133333333333333,1.7106666666666663,0.053996666666666665,0.14400000000000002,37.81333333333334,0.10733666666666669,0.18499666666666664,58.12266666666667,0.08566333333333334,0.11033666666666668,78.52133333333333,0.008996666666666668,0.03266666666666667,0.5466666666666666,0.011663333333333335,0.09133000000000001,0.1286666666666667,0.06133333333333333,0.008666666666666666,0.5533333333333333
68,77,2023-05-02,3,4,2022-2023,Paulistano,Minas,0,0.41711000000000004,0.1396666666666667,0.20711000000000004,0.07033333333333334,0.20044333333333333,0.07066666666666667,0.12977666666666668,0.07644333333333335,0.06611000000000002,1.1640000000000001,0.04655666666666667,0.133,34.92733333333333,0.10355666666666669,0.20110999999999996,51.888000000000005,0.07033333333333334,0.09566666666666669,73.00466666666667,0.012443333333333334,0.03744333333333334,0.572,0.012223333333333333,0.10755666666666668,0.11333333333333334,0.06611000000000002,0.013443333333333337,0.4682233333333334,0.43499333333333323,0.157,0.20334333333333335,0.07467000000000001,0.19766333333333327,0.04700333333333335,0.15067,0.09700000000000002,0.06999333333333332,1.402666666666667,0.05233333333333334,0.13432999999999998,38.88533333333333,0.10165666666666666,0.18033333333333335,56.37333333333333,0.07467000000000001,0.09966333333333334,75.32933333333334,0.013326666666666669,0.029673333333333336,0.4293333333333333,0.006996666666666668,0.09600666666666667,0.07133333333333335,0.06999333333333332,0.016006666666666666,0.5106666666666667
91,80,2023-05-03,3,4,2022-2023,Bauru Basket,Flamengo,1,0.3830033333333334,0.14749999999999996,0.16932999999999998,0.06616333333333334,0.15867,0.038996666666666666,0.11966333333333333,0.08183666666666668,0.05867,1.4413333333333336,0.049163333333333344,0.14150000000000001,34.623999999999995,0.08467,0.15783333333333333,53.70733333333333,0.06616333333333334,0.08282999999999999,78.33666666666666,0.005169999999999999,0.03883,0.6819999999999999,0.007496666666666666,0.09633000000000001,0.07933333333333333,0.05867,0.013996666666666666,0.429,0.4324466666666666,0.1683333333333333,0.20333333333333334,0.060779999999999994,0.20355,0.05455666666666668,0.14900333333333335,0.09866666666666667,0.06978,1.5766666666666667,0.056110000000000014,0.14933333333333335,37.80466666666667,0.10166666666666667,0.16989,59.470000000000006,0.060779999999999994,0.08033666666666667,76.03999999999999,0.007556666666666668,0.03178333333333334,0.4966666666666667,0.01033,0.08821666666666668,0.12133333333333335,0.06978,0.011776666666666668,0.5259966666666666
60,77,2023-05-03,3,4,2022-2023,Pinheiros,São Paulo,0,0.41866666666666663,0.13499999999999998,0.21200000000000005,0.07166666666666667,0.21033333333333337,0.06766666666666668,0.14266666666666666,0.09433333333333332,0.07266666666666666,1.4100000000000001,0.045000000000000005,0.12633333333333333,35.41199999999999,0.10600000000000002,0.2063333333333333,51.556,0.07166666666666667,0.10566666666666666,68.824,0.009999999999999998,0.034666666666666665,0.5133333333333333,0.007333333333333333,0.10833333333333334,0.06733333333333333,0.07266666666666666,0.011666666666666667,0.477,0.41899666666666663,0.15200000000000002,0.19199666666666665,0.075,0.17533666666666667,0.04299666666666668,0.13232999999999998,0.08633666666666667,0.06333666666666668,1.3813333333333335,0.050663333333333324,0.14867000000000002,34.20799999999999,0.09600333333333332,0.16700333333333334,57.673333333333325,0.075,0.10099666666666665,74.43400000000001,0.008000000000000002,0.03300000000000001,0.5373333333333332,0.006333333333333332,0.09633333333333335,0.06466666666666668,0.06333666666666668,0.014666666666666668,0.46166333333333326
92,90,2023-05-04,3,4,2022-2023,UNIFACISA,Sesi Franca,1,0.3925,0.15,0.1753333333333333,0.06716666666666667,0.18416666666666667,0.04650000000000001,0.13766666666666666,0.07233333333333333,0.06366666666666668,1.2399999999999998,0.05,0.1365,36.64066666666667,0.08766666666666666,0.1785,49.076666666666675,0.06716666666666667,0.09066666666666666,73.9,0.004,0.03083333333333333,0.5273333333333333,0.007833333333333335,0.0996666666666667,0.07933333333333334,0.06366666666666668,0.010833333333333335,0.42316666666666675,0.4605033333333333,0.164,0.2109966666666667,0.08549666666666665,0.19866666666666666,0.05000333333333333,0.14866333333333331,0.09917,0.05949999999999999,1.711333333333333,0.05466333333333335,0.14283333333333334,38.57066666666667,0.10550333333333335,0.18366333333333332,57.42933333333333,0.08549666666666665,0.11033666666666668,78.336,0.008830000000000001,0.031166666666666672,0.5366666666666666,0.010663333333333334,0.09149666666666668,0.11733333333333339,0.05949999999999999,0.008833333333333334,0.5495000000000001
85,73,2023-05-06,4,4,2022-2023,São Paulo,Pinheiros,1,0.4158866666666666,0.15566666666666668,0.18821999999999997,0.07200000000000001,0.17478000000000002,0.04388666666666668,0.13088666666666668,0.08478000000000001,0.06378,1.3553333333333335,0.051886666666666664,0.14944666666666664,34.76333333333333,0.09411333333333333,0.16577999999999998,56.825333333333326,0.07200000000000001,0.09755333333333334,73.51600000000002,0.007333333333333335,0.03433333333333334,0.552,0.006333333333333332,0.097,0.064,0.06378,0.014000000000000004,0.45755333333333326,0.40800000000000003,0.12899999999999998,0.20600000000000002,0.073,0.20900000000000005,0.06733333333333333,0.1416666666666667,0.09166666666666666,0.07433333333333333,1.3426666666666667,0.043000000000000003,0.12266666666666666,34.594666666666654,0.10300000000000001,0.20500000000000002,50.37333333333333,0.073,0.10766666666666667,68.756,0.009666666666666664,0.037000000000000005,0.536,0.007333333333333333,0.10700000000000001,0.06733333333333333,0.07433333333333333,0.012333333333333335,0.4623333333333333
86,84,2023-05-06,4,4,2022-2023,Flamengo,Bauru Basket,1,0.42922333333333335,0.16766666666666666,0.20133333333333336,0.06022333333333334,0.20044,0.05444666666666668,0.14600333333333332,0.09766666666666667,0.07222333333333332,1.5259999999999996,0.05588666666666667,0.149,37.75666666666667,0.10066666666666668,0.16744666666666666,59.660000000000004,0.06022333333333334,0.07867,76.84733333333334,0.007113333333333334,0.030226666666666666,0.468,0.01033,0.08844000000000002,0.12133333333333335,0.07222333333333332,0.012220000000000003,0.51733,0.39066999999999996,0.146,0.1786633333333333,0.06599666666666666,0.15867,0.03833,0.12033000000000002,0.08433666666666666,0.05867,1.4913333333333334,0.04866333333333334,0.14100000000000001,34.43533333333333,0.08933666666666668,0.16066666666666665,55.556666666666665,0.06599666666666666,0.08299666666666666,77.42733333333334,0.006336666666666667,0.03933,0.6920000000000001,0.007663333333333333,0.09633,0.08133333333333334,0.05867,0.013663333333333333,0.44133333333333336
68,83,2023-05-07,4,4,2022-2023,Minas,Paulistano,0,0.43965999999999994,0.16000000000000003,0.20601000000000003,0.07367000000000003,0.19699666666666663,0.04500333333333335,0.15200333333333332,0.09833333333333334,0.07132666666666666,1.4013333333333333,0.053333333333333344,0.13366333333333333,39.84733333333333,0.10298999999999998,0.178,58.17399999999999,0.07367000000000003,0.09732999999999999,76.48866666666666,0.013326666666666669,0.02934,0.41666666666666663,0.006996666666666668,0.09767333333333333,0.07000000000000002,0.07132666666666666,0.015673333333333334,0.521,0.4136666666666667,0.136,0.20666666666666667,0.07100000000000001,0.1996666666666667,0.07200000000000001,0.12766666666666668,0.073,0.06466666666666668,1.1320000000000001,0.045333333333333344,0.13533333333333333,33.532000000000004,0.10333333333333333,0.2013333333333333,51.726666666666674,0.07100000000000001,0.09566666666666669,73.838,0.012333333333333335,0.03866666666666666,0.6333333333333333,0.012666666666666668,0.10766666666666667,0.11733333333333333,0.06466666666666668,0.013000000000000005,0.46033333333333337
100,78,2023-05-07,4,4,2022-2023,Sesi Franca,UNIFACISA,1,0.4600033333333334,0.16899999999999998,0.20733000000000004,0.08366333333333333,0.19633333333333333,0.049003333333333336,0.14733,0.10000333333333332,0.057666666666666665,1.7786666666666662,0.056330000000000005,0.14200000000000002,39.88733333333333,0.10367000000000001,0.18399666666666664,56.22933333333333,0.08366333333333333,0.10767000000000002,78.96533333333335,0.008996666666666665,0.029333333333333336,0.52,0.009663333333333333,0.09499666666666667,0.1046666666666667,0.057666666666666665,0.009000000000000001,0.5476666666666666,0.3958333333333333,0.14899999999999997,0.1756666666666667,0.07116666666666666,0.17700000000000002,0.04250000000000001,0.1345,0.07283333333333333,0.06150000000000001,1.3066666666666664,0.049666666666666665,0.13383333333333333,37.05733333333333,0.08783333333333335,0.1758333333333333,49.99333333333334,0.07116666666666666,0.09483333333333333,74.39466666666667,0.0045000000000000005,0.029666666666666668,0.5186666666666667,0.007000000000000001,0.0996666666666667,0.07133333333333333,0.06150000000000001,0.010333333333333335,0.4250000000000001
71,67,2023-05-09,5,4,2022-2023,Minas,Paulistano,1,0.4299933333333332,0.1526666666666667,0.2037866666666667,0.07356000000000001,0.19299666666666665,0.04367,0.14933666666666665,0.095,0.07154999999999999,1.3466666666666667,0.050890000000000005,0.13255333333333333,38.17399999999999,0.10188,0.176,58.226,0.07356000000000001,0.09622,77.30733333333333,0.012660000000000001,0.027449999999999995,0.38799999999999996,0.008220000000000002,0.09878333333333336,0.08133333333333334,0.07154999999999999,0.015450000000000002,0.5036666666666667,0.4166666666666667,0.137,0.21000000000000002,0.06966666666666667,0.20266666666666666,0.07366666666666669,0.129,0.07566666666666667,0.06266666666666669,1.2613333333333334,0.04566666666666667,0.13433333333333333,33.964000000000006,0.10500000000000001,0.205,51.52866666666667,0.06966666666666667,0.09400000000000001,73.42800000000001,0.012666666666666668,0.038000000000000006,0.658,0.013000000000000003,0.10733333333333335,0.12066666666666669,0.06266666666666669,0.01266666666666667,0.4703333333333334
83,74,2023-05-09,5,4,2022-2023,Sesi Franca,UNIFACISA,1,0.4590033333333334,0.17399999999999996,0.20199666666666669,0.08299666666666666,0.19733333333333333,0.047670000000000004,0.14966333333333334,0.09833666666666667,0.05899999999999999,1.723333333333333,0.057996666666666676,0.14400000000000004,40.36333333333333,0.10100333333333335,0.18066333333333331,55.806,0.08299666666666666,0.10733666666666669,78.59666666666668,0.009330000000000001,0.027333333333333338,0.4813333333333334,0.010329999999999999,0.09666333333333335,0.11000000000000003,0.05899999999999999,0.008666666666666668,0.5433333333333333,0.39449999999999996,0.153,0.17266666666666666,0.06883333333333333,0.1718333333333333,0.04016666666666668,0.13166666666666668,0.07366666666666667,0.06100000000000002,1.327333333333333,0.051,0.13416666666666668,37.802,0.08633333333333333,0.17483333333333337,49.446000000000005,0.06883333333333333,0.09333333333333332,72.47533333333332,0.004,0.0315,0.55,0.006833333333333334,0.09933333333333336,0.07,0.06100000000000002,0.011166666666666665,0.42116666666666686
72,80,2023-05-12,1,5,2022-2023,Flamengo,São Paulo,0,0.428,0.16399999999999998,0.20066666666666672,0.06333333333333334,0.19733,0.053003333333333354,0.1443366666666667,0.09800000000000002,0.07133333333333332,1.5619999999999998,0.054663333333333335,0.14733333333333334,37.40933333333333,0.10033333333333336,0.16566999999999998,60.06933333333334,0.06333333333333334,0.08233666666666668,77.35400000000001,0.007336666666666667,0.03000333333333333,0.4726666666666667,0.009663333333333333,0.09166333333333335,0.11266666666666669,0.07133333333333332,0.011330000000000003,0.5146633333333334,0.4154433333333333,0.15333333333333332,0.18777666666666668,0.07433333333333333,0.17455666666666667,0.04444333333333335,0.13011,0.08489000000000001,0.062223333333333346,1.3973333333333333,0.051109999999999996,0.14889000000000002,34.37733333333333,0.09389,0.1675566666666667,56.10066666666666,0.07433333333333333,0.10011,73.83600000000001,0.006666666666666667,0.034333333333333334,0.5646666666666668,0.005666666666666666,0.09600000000000002,0.05799999999999999,0.062223333333333346,0.013333333333333336,0.45544333333333337
112,98,2023-05-13,1,5,2022-2023,Sesi Franca,Minas,1,0.45611333333333337,0.1736666666666666,0.20021999999999998,0.08221999999999999,0.19533333333333333,0.04744666666666667,0.14788666666666664,0.09644666666666667,0.06133333333333334,1.6633333333333329,0.05788666666666666,0.143,40.57000000000001,0.10011333333333333,0.17921999999999996,55.775333333333336,0.08221999999999999,0.10578000000000001,79.14600000000002,0.00922,0.027666666666666676,0.4746666666666667,0.009886666666666665,0.09988666666666667,0.10333333333333335,0.06133333333333334,0.008666666666666666,0.5363333333333334,0.42132666666666657,0.14733333333333337,0.20223000000000005,0.07178333333333334,0.19499666666666662,0.045003333333333326,0.1500033333333333,0.09133333333333334,0.07143999999999999,1.2933333333333332,0.04911333333333334,0.1314433333333333,37.08,0.10110333333333334,0.1766666666666667,57.65200000000001,0.07178333333333334,0.09344333333333332,77.55799999999999,0.012993333333333332,0.027226666666666666,0.3853333333333333,0.008443333333333334,0.10022666666666669,0.08266666666666668,0.07143999999999999,0.01522666666666667,0.49233333333333335
96,79,2023-05-15,2,5,2022-2023,São Paulo,Flamengo,1,0.4133333333333333,0.149,0.19,0.07433333333333333,0.17233333333333334,0.04400000000000002,0.12833333333333333,0.08433333333333333,0.06166666666666668,1.4,0.04966666666666666,0.14733333333333334,33.72,0.095,0.16766666666666666,56.774,0.07433333333333333,0.09933333333333336,74.47333333333333,0.005666666666666667,0.034333333333333334,0.5680000000000001,0.005666666666666666,0.0976666666666667,0.05666666666666666,0.06166666666666668,0.01266666666666667,0.45300000000000007,0.427,0.16666666666666666,0.19333333333333338,0.067,0.19588666666666668,0.053780000000000015,0.14211333333333337,0.0976666666666667,0.072,1.549333333333333,0.05555333333333334,0.14833333333333332,37.79066666666667,0.09666666666666669,0.16278,58.41400000000001,0.067,0.08611333333333333,77.79666666666667,0.007113333333333333,0.030446666666666667,0.4746666666666666,0.00922,0.09288666666666669,0.10666666666666669,0.072,0.011553333333333334,0.51022
103,89,2023-05-16,2,5,2022-2023,Minas,Sesi Franca,1,0.42166,0.155,0.19734000000000007,0.06934000000000001,0.19233,0.04400333333333333,0.14833666666666664,0.08933333333333333,0.06866333333333333,1.4379999999999997,0.05167000000000001,0.13466666666666663,37.66133333333333,0.09866000000000001,0.17566666666666672,56.62599999999999,0.06934000000000001,0.08933333333333332,78.67399999999999,0.013326666666666665,0.025670000000000002,0.37866666666666665,0.007999999999999998,0.10233666666666669,0.07733333333333334,0.06866333333333333,0.015003333333333337,0.4883333333333334,0.46289,0.17633333333333331,0.20444333333333334,0.08210999999999999,0.19466666666666665,0.04689000000000001,0.14777666666666664,0.09722333333333336,0.058,2.2873333333333323,0.05877666666666667,0.14433333333333334,40.81866666666667,0.10222333333333333,0.18044333333333334,56.458666666666666,0.08210999999999999,0.10655666666666669,78.53466666666667,0.01011,0.026666666666666675,0.5133333333333333,0.010110000000000001,0.09944333333333334,0.10733333333333334,0.058,0.007666666666666667,0.5453333333333334
72,69,2023-05-17,3,5,2022-2023,São Paulo,Flamengo,1,0.419,0.16100000000000003,0.18466666666666667,0.07333333333333332,0.173,0.04233333333333334,0.13066666666666668,0.08733333333333332,0.06033333333333335,1.5086666666666666,0.05366666666666666,0.151,35.27733333333333,0.09233333333333334,0.1633333333333333,56.82600000000001,0.07333333333333332,0.09633333333333334,76.14000000000001,0.005666666666666668,0.034,0.588,0.004333333333333333,0.0986666666666667,0.04066666666666667,0.06033333333333335,0.012333333333333337,0.46599999999999997,0.4283333333333334,0.17033333333333334,0.1913333333333334,0.06666666666666667,0.19611,0.05555666666666667,0.1405566666666667,0.10000000000000003,0.072,1.5799999999999996,0.056776666666666684,0.15266666666666667,37.758,0.0956666666666667,0.16122333333333336,58.346000000000004,0.06666666666666667,0.08622333333333333,77.23066666666666,0.007223333333333333,0.03055666666666667,0.476,0.008443333333333332,0.09277666666666669,0.09733333333333334,0.072,0.010776666666666665,0.5104433333333332
91,95,2023-05-18,3,5,2022-2023,Minas,Sesi Franca,0,0.4299933333333332,0.15999999999999998,0.19667333333333337,0.07334000000000002,0.19399666666666665,0.04433666666666666,0.14966999999999997,0.09200000000000001,0.06666333333333334,1.5386666666666666,0.05333666666666668,0.13633333333333333,38.437999999999995,0.09832666666666667,0.17333333333333337,57.04733333333332,0.07334000000000002,0.09366666666666666,79.19133333333333,0.01266,0.02367,0.3633333333333334,0.007666666666666665,0.10167000000000001,0.07466666666666667,0.06666333333333334,0.015003333333333337,0.5023333333333334,0.46199999999999997,0.17699999999999996,0.20466666666666666,0.08033333333333333,0.1913333333333333,0.045666666666666675,0.14566666666666667,0.09900000000000002,0.05633333333333334,2.416,0.05900000000000001,0.14566666666666667,40.650666666666666,0.10233333333333333,0.18033333333333335,56.553333333333335,0.08033333333333333,0.10466666666666669,78.20133333333334,0.010333333333333333,0.02633333333333334,0.5233333333333333,0.010333333333333335,0.10133333333333333,0.10733333333333332,0.05633333333333334,0.007000000000000001,0.5436666666666667
90,93,2023-05-21,4,5,2022-2023,Sesi Franca,Minas,0,0.46199999999999997,0.178,0.204,0.08,0.18866666666666668,0.045666666666666675,0.14299999999999996,0.0986666666666667,0.05600000000000001,2.427333333333333,0.05933333333333334,0.14666666666666664,40.61933333333334,0.102,0.17866666666666664,56.93533333333333,0.08,0.10566666666666666,77.244,0.010666666666666666,0.025666666666666667,0.512,0.010000000000000002,0.10366666666666667,0.10133333333333333,0.05600000000000001,0.007333333333333334,0.5393333333333333,0.4298833333333333,0.15899999999999997,0.19645000000000004,0.07445,0.19155333333333333,0.04278000000000001,0.14878,0.09177666666666667,0.06655333333333333,1.538,0.05300333333333334,0.13422333333333333,38.74,0.09821666666666667,0.1736666666666667,56.88266666666666,0.07445,0.09566666666666665,78.95866666666667,0.01188333333333333,0.023336666666666672,0.35866666666666674,0.007,0.10200333333333335,0.06866666666666667,0.06655333333333333,0.015003333333333336,0.49911000000000005
93,79,2023-05-23,5,5,2022-2023,Sesi Franca,Minas,1,0.4615,0.1795,0.20266666666666666,0.07933333333333333,0.18966666666666665,0.047166666666666676,0.14250000000000002,0.09733333333333336,0.05683333333333333,2.3826666666666663,0.059833333333333336,0.14849999999999997,40.50133333333334,0.10133333333333333,0.17866666666666667,56.602,0.07933333333333333,0.10416666666666669,77.68466666666669,0.010833333333333334,0.02500000000000001,0.49800000000000005,0.009500000000000001,0.1055,0.09466666666666669,0.05683333333333333,0.007000000000000001,0.5353333333333333,0.43043999999999993,0.15799999999999995,0.1968933333333334,0.07556000000000002,0.18711,0.04055666666666668,0.14655666666666664,0.09188666666666667,0.06577666666666668,1.562,0.05267000000000001,0.13244666666666666,38.94200000000001,0.09844000000000001,0.17400000000000002,56.894,0.07556000000000002,0.096,79.68333333333334,0.010440000000000001,0.023336666666666672,0.36333333333333334,0.007,0.10233666666666667,0.06866666666666667,0.06577666666666668,0.01433666666666667,0.49822000000000005
88,98,2023-05-27,1,6,2022-2023,Sesi Franca,São Paulo,0,0.462,0.18,0.204,0.078,0.18699999999999997,0.04466666666666667,0.14233333333333334,0.09733333333333336,0.05700000000000001,2.377333333333333,0.06000000000000002,0.14766666666666667,40.916666666666664,0.102,0.17733333333333334,57.398,0.078,0.10166666666666667,78.27866666666667,0.010666666666666666,0.025,0.49666666666666676,0.01,0.10600000000000002,0.09866666666666668,0.05700000000000001,0.007333333333333334,0.5376666666666666,0.4178333333333333,0.15649999999999997,0.1886666666666667,0.07266666666666667,0.1708333333333333,0.0425,0.12833333333333333,0.08549999999999998,0.060166666666666674,1.4853333333333334,0.05216666666666667,0.14883333333333332,34.64866666666667,0.09433333333333335,0.16516666666666663,57.428000000000004,0.07266666666666667,0.09466666666666668,76.69533333333334,0.006166666666666667,0.034333333333333334,0.594,0.004166666666666667,0.0995,0.03866666666666667,0.060166666666666674,0.011166666666666668,0.463
80,88,2023-05-31,2,6,2022-2023,São Paulo,Sesi Franca,0,0.42533333333333334,0.15899999999999997,0.19333333333333336,0.073,0.1683333333333333,0.04266666666666667,0.12566666666666668,0.08666666666666667,0.05700000000000001,1.6933333333333331,0.053,0.148,35.44866666666667,0.09666666666666668,0.16999999999999998,57.232,0.073,0.09400000000000003,77.514,0.006333333333333333,0.034666666666666665,0.66,0.004,0.10133333333333333,0.03666666666666667,0.05700000000000001,0.01,0.4726666666666666,0.46116666666666667,0.18049999999999997,0.20466666666666666,0.076,0.18366666666666667,0.04283333333333334,0.1408333333333333,0.0965,0.05716666666666668,2.362,0.06016666666666669,0.14766666666666667,41.035333333333334,0.10233333333333333,0.17550000000000002,58.19466666666666,0.076,0.09899999999999999,78.21333333333334,0.010500000000000002,0.023833333333333335,0.4786666666666667,0.011000000000000001,0.10550000000000001,0.11066666666666668,0.05716666666666668,0.0068333333333333345,0.5353333333333333
92,94,2023-06-03,3,6,2022-2023,São Paulo,Sesi Franca,0,0.4208333333333334,0.15699999999999997,0.19,0.07383333333333333,0.16816666666666666,0.04283333333333334,0.12533333333333335,0.08333333333333331,0.05616666666666668,1.6520000000000001,0.05233333333333334,0.14666666666666667,35.32933333333334,0.095,0.1711666666666667,56.04733333333333,0.07383333333333333,0.09483333333333335,77.67333333333333,0.005666666666666666,0.034666666666666665,0.6679999999999999,0.004333333333333333,0.10483333333333335,0.038000000000000006,0.05616666666666668,0.008666666666666665,0.46366666666666667,0.4603333333333334,0.182,0.202,0.07633333333333334,0.18233333333333332,0.04200000000000001,0.14033333333333334,0.09566666666666666,0.05566666666666667,2.3966666666666665,0.06066666666666669,0.14699999999999996,41.57533333333333,0.101,0.17566666666666672,57.481333333333325,0.07633333333333334,0.09800000000000002,79.02733333333336,0.010666666666666668,0.023333333333333334,0.48066666666666674,0.012666666666666666,0.10633333333333335,0.12533333333333335,0.05566666666666667,0.007333333333333334,0.5359999999999999
81,86,2023-06-08,4,6,2022-2023,Sesi Franca,São Paulo,0,0.4595,0.1795,0.20266666666666666,0.07733333333333332,0.18183333333333335,0.04383333333333333,0.138,0.09166666666666666,0.055166666666666676,2.334,0.059833333333333356,0.1465,41.13066666666667,0.10133333333333333,0.17716666666666667,57.22066666666665,0.07733333333333332,0.09683333333333334,80.796,0.010000000000000002,0.021333333333333336,0.44933333333333336,0.012833333333333334,0.10750000000000003,0.126,0.055166666666666676,0.007833333333333335,0.5299999999999999,0.42033333333333345,0.15899999999999997,0.18533333333333332,0.07600000000000001,0.16333333333333336,0.04033333333333333,0.12300000000000001,0.08366666666666668,0.05566666666666668,1.672,0.05300000000000001,0.146,35.940666666666665,0.09266666666666666,0.16800000000000004,55.733333333333334,0.07600000000000001,0.09666666666666668,78.27933333333334,0.004666666666666666,0.03466666666666667,0.6726666666666666,0.004666666666666667,0.10733333333333334,0.04,0.05566666666666668,0.008333333333333333,0.462
92,68,2023-06-10,5,6,2022-2023,Sesi Franca,São Paulo,1,0.45433333333333337,0.18000000000000005,0.19466666666666665,0.07966666666666668,0.18066666666666667,0.04333333333333334,0.13733333333333334,0.087,0.055000000000000014,2.248666666666667,0.06000000000000001,0.14733333333333334,41.041333333333334,0.09733333333333333,0.1726666666666667,56.087333333333326,0.07966666666666668,0.099,81.27466666666669,0.009333333333333334,0.019000000000000003,0.4066666666666666,0.014000000000000002,0.10866666666666669,0.13600000000000004,0.055000000000000014,0.008,0.518,0.4236666666666667,0.162,0.18666666666666665,0.07499999999999998,0.168,0.042333333333333334,0.12566666666666668,0.08499999999999999,0.055333333333333345,1.7013333333333336,0.05400000000000001,0.14699999999999996,36.40133333333333,0.09333333333333332,0.16833333333333333,56.00333333333333,0.07499999999999998,0.09433333333333334,79.162,0.004666666666666667,0.03500000000000001,0.6806666666666666,0.005000000000000001,0.10933333333333332,0.042666666666666665,0.055333333333333345,0.009333333333333334,0.47400000000000003
70,87,2023-10-13,1,1,2023-2024,Flamengo,Minas,0,0.0,0.0,0.0,0.0,0.0,0.0,0.0,0.0,0.0,0.0,0.0,0.0,0.0,0.0,0.0,0.0,0.0,0.0,0.0,0.0,0.0,0.0,0.0,0.0,0.0,0.0,0.0,0.0,0.0,0.0,0.0,0.0,0.0,0.0,0.0,0.0,0.0,0.0,0.0,0.0,0.0,0.0,0.0,0.0,0.0,0.0,0.0,0.0,0.0,0.0,0.0,0.0,0.0,0.0,0.0,0.0
84,71,2023-10-15,1,1,2023-2024,Flamengo,Pato Basquete,1,0.385,0.1125,0.2,0.0725,0.185,0.065,0.12,0.0775,0.0525,1.48,0.0375,0.15,25.0,0.1,0.1675,59.7,0.0725,0.095,76.32,0.0075,0.0275,0.52,0.0075,0.075,0.1,0.0525,0.0125,0.4275,0.0,0.0,0.0,0.0,0.0,0.0,0.0,0.0,0.0,0.0,0.0,0.0,0.0,0.0,0.0,0.0,0.0,0.0,0.0,0.0,0.0,0.0,0.0,0.0,0.0,0.0,0.0,0.0
72,84,2023-10-21,1,1,2023-2024,BRB/Brasília,Corinthians,0,0.0,0.0,0.0,0.0,0.0,0.0,0.0,0.0,0.0,0.0,0.0,0.0,0.0,0.0,0.0,0.0,0.0,0.0,0.0,0.0,0.0,0.0,0.0,0.0,0.0,0.0,0.0,0.0,0.0,0.0,0.0,0.0,0.0,0.0,0.0,0.0,0.0,0.0,0.0,0.0,0.0,0.0,0.0,0.0,0.0,0.0,0.0,0.0,0.0,0.0,0.0,0.0,0.0,0.0,0.0,0.0
76,96,2023-10-21,1,1,2023-2024,Botafogo,Minas,0,0.0,0.0,0.0,0.0,0.0,0.0,0.0,0.0,0.0,0.0,0.0,0.0,0.0,0.0,0.0,0.0,0.0,0.0,0.0,0.0,0.0,0.0,0.0,0.0,0.0,0.0,0.0,0.0,0.4575,0.2325,0.16,0.065,0.2025,0.0525,0.15,0.1325,0.0575,2.3,0.0775,0.17,45.59,0.08,0.1475,54.24,0.065,0.085,76.47,0.0025,0.02,0.35,0.0175,0.1025,0.17,0.0575,0.01,0.5925
100,92,2023-10-21,1,1,2023-2024,Sesi Franca,São Paulo,1,0.0,0.0,0.0,0.0,0.0,0.0,0.0,0.0,0.0,0.0,0.0,0.0,0.0,0.0,0.0,0.0,0.0,0.0,0.0,0.0,0.0,0.0,0.0,0.0,0.0,0.0,0.0,0.0,0.0,0.0,0.0,0.0,0.0,0.0,0.0,0.0,0.0,0.0,0.0,0.0,0.0,0.0,0.0,0.0,0.0,0.0,0.0,0.0,0.0,0.0,0.0,0.0,0.0,0.0,0.0,0.0
62,69,2023-10-21,1,1,2023-2024,Cerrado,Pinheiros,0,0.0,0.0,0.0,0.0,0.0,0.0,0.0,0.0,0.0,0.0,0.0,0.0,0.0,0.0,0.0,0.0,0.0,0.0,0.0,0.0,0.0,0.0,0.0,0.0,0.0,0.0,0.0,0.0,0.0,0.0,0.0,0.0,0.0,0.0,0.0,0.0,0.0,0.0,0.0,0.0,0.0,0.0,0.0,0.0,0.0,0.0,0.0,0.0,0.0,0.0,0.0,0.0,0.0,0.0,0.0,0.0
58,67,2023-10-23,2,1,2023-2024,Cerrado,Corinthians,0,0.31,0.075,0.17,0.065,0.18,0.07,0.11,0.055,0.07,0.79,0.025,0.15,16.67,0.085,0.23,36.96,0.065,0.09,72.22,0.01,0.065,0.93,0.02,0.09,0.22,0.07,0.015,0.265,0.42,0.12,0.24,0.06,0.235,0.075,0.16,0.085,0.08,1.06,0.04,0.155,25.81,0.12,0.195,61.54,0.06,0.085,70.59,0.0,0.035,0.44,0.01,0.105,0.1,0.08,0.01,0.49
94,76,2023-10-23,2,1,2023-2024,BRB/Brasília,Pinheiros,1,0.36,0.09,0.2,0.07,0.175,0.045,0.13,0.055,0.08,0.69,0.03,0.105,28.57,0.1,0.215,46.51,0.07,0.105,66.67,0.005,0.045,0.56,0.0,0.095,0.0,0.08,0.03,0.33,0.345,0.15,0.16,0.035,0.245,0.04,0.205,0.115,0.145,0.79,0.05,0.12,41.67,0.08,0.16,50.0,0.035,0.05,70.0,0.005,0.035,0.24,0.015,0.1,0.15,0.145,0.05,0.445
89,50,2023-10-23,2,1,2023-2024,Sesi Franca,Paulistano,1,0.5,0.165,0.22,0.115,0.195,0.05,0.145,0.09,0.085,1.06,0.055,0.14,39.29,0.11,0.185,59.46,0.115,0.13,88.46,0.01,0.03,0.35,0.005,0.115,0.04,0.085,0.025,0.56,0.0,0.0,0.0,0.0,0.0,0.0,0.0,0.0,0.0,0.0,0.0,0.0,0.0,0.0,0.0,0.0,0.0,0.0,0.0,0.0,0.0,0.0,0.0,0.0,0.0,0.0,0.0,0.0
60,72,2023-10-23,2,1,2023-2024,R10 Score Vasco da Gama,Minas,0,0.0,0.0,0.0,0.0,0.0,0.0,0.0,0.0,0.0,0.0,0.0,0.0,0.0,0.0,0.0,0.0,0.0,0.0,0.0,0.0,0.0,0.0,0.0,0.0,0.0,0.0,0.0,0.0,0.4575,0.2325,0.16,0.065,0.2025,0.0525,0.15,0.1325,0.0575,2.3,0.0775,0.17,45.59,0.08,0.1475,54.24,0.065,0.085,76.47,0.0025,0.02,0.35,0.0175,0.1025,0.17,0.0575,0.01,0.5925
87,66,2023-10-24,2,1,2023-2024,Bauru Basket,São Paulo,1,0.0,0.0,0.0,0.0,0.0,0.0,0.0,0.0,0.0,0.0,0.0,0.0,0.0,0.0,0.0,0.0,0.0,0.0,0.0,0.0,0.0,0.0,0.0,0.0,0.0,0.0,0.0,0.0,0.46,0.27,0.13,0.06,0.16,0.045,0.115,0.075,0.065,1.15,0.09,0.19,47.37,0.065,0.13,50.0,0.06,0.1,60.0,0.0,0.035,0.54,0.0,0.14,0.0,0.065,0.005,0.46
71,79,2023-10-24,2,1,2023-2024,Botafogo,Pato Basquete,0,0.38,0.21,0.12,0.05,0.16,0.055,0.105,0.07,0.04,1.75,0.07,0.195,35.9,0.06,0.155,38.71,0.05,0.08,62.5,0.0,0.04,1.0,0.01,0.085,0.12,0.04,0.005,0.37,0.355,0.165,0.18,0.01,0.175,0.05,0.125,0.1,0.06,1.67,0.055,0.16,34.38,0.09,0.17,52.94,0.01,0.02,50.0,0.005,0.025,0.42,0.005,0.075,0.07,0.06,0.015,0.405
66,82,2023-10-24,2,1,2023-2024,Caxias do Sul Basquete,União Corinthians,0,0.0,0.0,0.0,0.0,0.0,0.0,0.0,0.0,0.0,0.0,0.0,0.0,0.0,0.0,0.0,0.0,0.0,0.0,0.0,0.0,0.0,0.0,0.0,0.0,0.0,0.0,0.0,0.0,0.0,0.0,0.0,0.0,0.0,0.0,0.0,0.0,0.0,0.0,0.0,0.0,0.0,0.0,0.0,0.0,0.0,0.0,0.0,0.0,0.0,0.0,0.0,0.0,0.0,0.0,0.0,0.0
62,68,2023-10-25,2,1,2023-2024,Coop/São José Basketball,UNIFACISA,0,0.0,0.0,0.0,0.0,0.0,0.0,0.0,0.0,0.0,0.0,0.0,0.0,0.0,0.0,0.0,0.0,0.0,0.0,0.0,0.0,0.0,0.0,0.0,0.0,0.0,0.0,0.0,0.0,0.0,0.0,0.0,0.0,0.0,0.0,0.0,0.0,0.0,0.0,0.0,0.0,0.0,0.0,0.0,0.0,0.0,0.0,0.0,0.0,0.0,0.0,0.0,0.0,0.0,0.0,0.0,0.0
63,65,2023-10-25,2,1,2023-2024,Mogi,Fortaleza B. C. / CFO,0,0.0,0.0,0.0,0.0,0.0,0.0,0.0,0.0,0.0,0.0,0.0,0.0,0.0,0.0,0.0,0.0,0.0,0.0,0.0,0.0,0.0,0.0,0.0,0.0,0.0,0.0,0.0,0.0,0.0,0.0,0.0,0.0,0.0,0.0,0.0,0.0,0.0,0.0,0.0,0.0,0.0,0.0,0.0,0.0,0.0,0.0,0.0,0.0,0.0,0.0,0.0,0.0,0.0,0.0,0.0,0.0
75,71,2023-10-26,2,1,2023-2024,Bauru Basket,Paulistano,1,0.405,0.18,0.175,0.05,0.155,0.0375,0.1175,0.095,0.0675,1.41,0.06,0.155,38.71,0.0875,0.16,54.69,0.05,0.06,83.33,0.005,0.0525,0.78,0.01,0.08,0.13,0.0675,0.02,0.4725,0.3025,0.0675,0.185,0.05,0.19,0.07,0.12,0.0575,0.1025,0.56,0.0225,0.095,23.68,0.0925,0.21,44.05,0.05,0.07,71.43,0.005,0.04,0.39,0.0075,0.09,0.08,0.1025,0.0175,0.285
71,62,2023-10-26,2,1,2023-2024,R10 Score Vasco da Gama,Pato Basquete,1,0.3275,0.1125,0.15,0.065,0.18,0.0575,0.1225,0.09,0.075,1.2,0.0375,0.1675,22.39,0.075,0.1275,58.82,0.065,0.1075,60.47,0.0025,0.0425,0.57,0.0,0.1,0.0,0.075,0.015,0.34,0.35375,0.16125,0.16249999999999998,0.030000000000000002,0.1875,0.052500000000000005,0.135,0.0925,0.07125000000000001,1.35,0.05375,0.165,32.63,0.08124999999999999,0.14750000000000002,55.47,0.030000000000000002,0.052500000000000005,54.41,0.00625,0.030000000000000002,0.42,0.005,0.0875,0.060000000000000005,0.07125000000000001,0.01625,0.3975
78,82,2023-10-27,2,1,2023-2024,Coop/São José Basketball,Fortaleza B. C. / CFO,0,0.35,0.105,0.2,0.045,0.18,0.0425,0.1375,0.0725,0.0675,1.07,0.035,0.125,28.0,0.1,0.2025,49.38,0.045,0.0725,62.07,0.0,0.0475,0.7,0.0075,0.1075,0.07,0.0675,0.015,0.37,0.3675,0.0825,0.195,0.09,0.1825,0.04,0.1425,0.0775,0.0725,1.07,0.0275,0.0875,31.43,0.0975,0.1875,52.0,0.09,0.1375,65.45,0.01,0.03,0.41,0.015,0.0925,0.16,0.0725,0.02,0.4025
68,82,2023-10-27,2,1,2023-2024,Mogi,UNIFACISA,0,0.3275,0.15,0.14,0.0375,0.15,0.0325,0.1175,0.0875,0.0775,1.13,0.05,0.115,43.48,0.07,0.1525,45.9,0.0375,0.0675,55.56,0.0,0.0275,0.35,0.0075,0.1,0.08,0.0775,0.0125,0.345,0.375,0.135,0.18,0.06,0.19,0.055,0.135,0.0975,0.0725,1.34,0.045,0.1375,32.73,0.09,0.16,56.25,0.06,0.085,70.59,0.01,0.0525,0.72,0.015,0.0875,0.17,0.0725,0.0125,0.47
82,78,2023-10-28,2,1,2023-2024,União Corinthians,Botafogo,1,0.41,0.1425,0.205,0.0625,0.19,0.0275,0.1625,0.0725,0.0625,1.16,0.0475,0.125,38.0,0.1025,0.1775,57.75,0.0625,0.0825,75.76,0.0025,0.025,0.4,0.02,0.115,0.17,0.0625,0.0075,0.4825,0.37625,0.15375,0.1725,0.05,0.17375000000000002,0.05375,0.12,0.07,0.052500000000000005,1.415,0.051250000000000004,0.165,29.985,0.08625,0.16999999999999998,49.760000000000005,0.05,0.08499999999999999,59.03,0.00125,0.037500000000000006,0.77,0.0125,0.09125,0.135,0.052500000000000005,0.0125,0.385
65,74,2023-10-30,3,1,2023-2024,União Corinthians,R10 Score Vasco da Gama,0,0.41,0.1425,0.205,0.0625,0.19,0.0275,0.1625,0.0725,0.0625,1.16,0.0475,0.125,38.0,0.1025,0.1775,57.75,0.0625,0.0825,75.76,0.0025,0.025,0.4,0.02,0.115,0.17,0.0625,0.0075,0.4825,0.3275,0.1125,0.15,0.065,0.18,0.0575,0.1225,0.09,0.075,1.2,0.0375,0.1675,22.39,0.075,0.1275,58.82,0.065,0.1075,60.47,0.0025,0.0425,0.57,0.0,0.1,0.0,0.075,0.015,0.34
74,67,2023-10-30,3,1,2023-2024,Caxias do Sul Basquete,Botafogo,1,0.33,0.045,0.18,0.105,0.185,0.05,0.135,0.065,0.05,1.3,0.015,0.05,30.0,0.09,0.26,34.62,0.105,0.165,63.64,0.015,0.05,1.0,0.01,0.095,0.11,0.05,0.015,0.325,0.375,0.135,0.18999999999999997,0.05000000000000001,0.17833333333333334,0.05333333333333334,0.125,0.07,0.05666666666666667,1.3033333333333335,0.045000000000000005,0.155,28.013333333333332,0.09499999999999999,0.17499999999999996,53.443333333333335,0.05000000000000001,0.08666666666666667,57.873333333333335,0.0016666666666666668,0.036666666666666674,0.6933333333333334,0.013333333333333334,0.09333333333333334,0.14,0.05666666666666667,0.015,0.38999999999999996
83,65,2023-10-31,3,1,2023-2024,Pato Basquete,Cerrado,1,0.35333333333333333,0.16,0.15666666666666665,0.036666666666666674,0.19166666666666665,0.05333333333333334,0.13833333333333334,0.09000000000000001,0.07500000000000001,1.2433333333333334,0.05333333333333334,0.16666666666666666,32.04666666666667,0.07833333333333332,0.14,56.31333333333333,0.036666666666666674,0.06333333333333334,55.879999999999995,0.006666666666666667,0.03166666666666667,0.42,0.005,0.09166666666666667,0.05666666666666667,0.07500000000000001,0.016666666666666666,0.395,0.3,0.0675,0.18,0.052500000000000005,0.2275,0.0925,0.135,0.057499999999999996,0.065,0.895,0.0225,0.1475,15.23,0.09,0.2225,40.575,0.052500000000000005,0.08499999999999999,61.11,0.005,0.04,0.5900000000000001,0.0125,0.0925,0.135,0.065,0.0125,0.2825
80,77,2023-10-31,3,1,2023-2024,Fortaleza B. C. / CFO,Bauru Basket,1,0.3675,0.0825,0.195,0.09,0.1825,0.04,0.1425,0.0775,0.0725,1.07,0.0275,0.0875,31.43,0.0975,0.1875,52.0,0.09,0.1375,65.45,0.01,0.03,0.41,0.015,0.0925,0.16,0.0725,0.02,0.4025,0.405,0.18,0.175,0.05,0.155,0.0375,0.1175,0.095,0.0675,1.41,0.06,0.155,38.71,0.0875,0.16,54.69,0.05,0.06,83.33,0.005,0.0525,0.78,0.01,0.08,0.13,0.0675,0.02,0.4725
63,68,2023-11-01,3,1,2023-2024,Caxias do Sul Basquete,R10 Score Vasco da Gama,0,0.33625000000000005,0.07125000000000001,0.16499999999999998,0.1,0.16375,0.0475,0.11625,0.06875,0.055,1.255,0.02375,0.08499999999999999,28.54,0.08249999999999999,0.21125,40.385,0.1,0.15000000000000002,67.005,0.008749999999999999,0.04875,0.895,0.00875,0.09625,0.095,0.055,0.01125,0.33125000000000004,0.3411166666666667,0.12333333333333334,0.15221666666666667,0.06555,0.18555,0.05333333333333334,0.13221666666666665,0.09055,0.08278333333333333,1.11,0.04111666666666666,0.15445,27.48,0.07611666666666667,0.13554999999999998,56.43,0.06555,0.10778333333333334,60.82666666666666,0.0033333333333333335,0.04278333333333334,0.5266666666666666,0.006116666666666666,0.10666666666666667,0.049999999999999996,0.08278333333333333,0.018333333333333333,0.36833333333333335
71,52,2023-11-02,3,1,2023-2024,Paulistano,São Paulo,1,0.3025,0.0675,0.185,0.05,0.19,0.07,0.12,0.0575,0.1025,0.56,0.0225,0.095,23.68,0.0925,0.21,44.05,0.05,0.07,71.43,0.005,0.04,0.39,0.0075,0.09,0.08,0.1025,0.0175,0.285,0.395,0.165,0.16,0.07,0.16749999999999998,0.0475,0.12,0.065,0.055,1.185,0.055,0.1575,31.685,0.08,0.1525,52.144999999999996,0.07,0.1,70.0,0.0025,0.0325,0.605,0.005,0.10250000000000001,0.075,0.055,0.0025,0.405
89,58,2023-11-02,3,1,2023-2024,UNIFACISA,Bauru Basket,1,0.375,0.135,0.18,0.06,0.19,0.055,0.135,0.0975,0.0725,1.34,0.045,0.1375,32.73,0.09,0.16,56.25,0.06,0.085,70.59,0.01,0.0525,0.72,0.015,0.0875,0.17,0.0725,0.0125,0.47,0.3825,0.1525,0.18000000000000002,0.05000000000000001,0.15666666666666665,0.0425,0.11416666666666665,0.07833333333333332,0.05916666666666667,1.2933333333333332,0.050833333333333335,0.14583333333333334,34.303333333333335,0.09000000000000001,0.18166666666666667,50.53333333333333,0.05000000000000001,0.06083333333333333,82.22,0.0033333333333333335,0.0425,0.6966666666666667,0.0075,0.08416666666666667,0.09666666666666668,0.05916666666666667,0.015,0.41083333333333333
78,80,2023-11-03,3,1,2023-2024,Pato Basquete,BRB/Brasília,0,0.36562500000000003,0.15375,0.16625,0.045625,0.1875,0.055,0.1325,0.08750000000000001,0.068125,1.3525,0.051250000000000004,0.161875,31.6625,0.083125,0.14875,56.1625,0.045625,0.07,62.05,0.005625,0.030625,0.45999999999999996,0.005625,0.09312500000000001,0.0625,0.068125,0.01375,0.408125,0.415,0.14250000000000002,0.2,0.07250000000000001,0.185,0.0475,0.1375,0.0775,0.07,1.18,0.0475,0.13,35.254999999999995,0.1,0.1975,51.035,0.07250000000000001,0.1,72.81,0.0075,0.0475,0.6950000000000001,0.0025,0.1,0.025,0.07,0.0275,0.44999999999999996
62,79,2023-11-04,3,1,2023-2024,Botafogo,R10 Score Vasco da Gama,0,0.361875,0.12000000000000001,0.18874999999999997,0.053125000000000006,0.185,0.055625,0.129375,0.06875,0.06875,1.1325,0.04,0.143125,26.825,0.09437499999999999,0.17937499999999998,52.095,0.053125000000000006,0.090625,58.65,0.0025,0.035,0.5925,0.0125,0.10375000000000001,0.12250000000000001,0.06875,0.018125,0.36874999999999997,0.347925,0.12875,0.153325,0.065825,0.188325,0.051250000000000004,0.13707499999999997,0.090825,0.086675,1.065,0.042925,0.14792500000000003,30.025,0.076675,0.13957499999999998,55.235,0.065825,0.10792500000000001,61.004999999999995,0.00375,0.042925000000000005,0.505,0.009174999999999999,0.11,0.075,0.086675,0.02,0.3825
80,73,2023-11-04,3,1,2023-2024,Paulistano,Fortaleza B. C. / CFO,1,0.32749999999999996,0.0675,0.19999999999999998,0.06,0.20750000000000002,0.07666666666666667,0.13083333333333333,0.07,0.09249999999999999,0.81,0.022500000000000003,0.09333333333333334,24.12,0.09999999999999999,0.2175,45.85333333333333,0.06,0.085,70.81,0.0033333333333333335,0.04083333333333333,0.4566666666666667,0.008333333333333333,0.09166666666666667,0.09000000000000001,0.09249999999999999,0.016666666666666666,0.34833333333333333,0.3725,0.1125,0.18000000000000002,0.08,0.17916666666666667,0.0375,0.14166666666666666,0.07583333333333332,0.075,1.0166666666666668,0.0375,0.10083333333333333,35.98666666666667,0.09000000000000001,0.17416666666666666,51.61666666666667,0.08,0.11833333333333335,68.63333333333334,0.0075,0.02666666666666667,0.35666666666666663,0.012499999999999999,0.09333333333333334,0.13333333333333333,0.075,0.02,0.4058333333333333
67,55,2023-11-06,4,1,2023-2024,Paulistano,UNIFACISA,1,0.33999999999999997,0.0675,0.2075,0.065,0.21625,0.08,0.13624999999999998,0.07625000000000001,0.0875,0.935,0.0225,0.0925,24.34,0.10375,0.22125,46.755,0.065,0.0925,70.5,0.0025,0.04125,0.49,0.00875,0.0925,0.095,0.0875,0.01625,0.38,0.3983333333333334,0.15,0.18333333333333335,0.065,0.215,0.06666666666666667,0.14833333333333334,0.09333333333333334,0.075,1.2466666666666668,0.049999999999999996,0.1416666666666667,35.15333333333333,0.09166666666666667,0.16666666666666666,55.093333333333334,0.065,0.09500000000000001,68.8,0.006666666666666667,0.045000000000000005,0.6066666666666666,0.015,0.085,0.17666666666666667,0.075,0.02,0.49499999999999994
100,69,2023-11-06,4,1,2023-2024,Coop/São José Basketball,Pato Basquete,1,0.35,0.105,0.2,0.045,0.18,0.0425,0.1375,0.0725,0.0675,1.07,0.035,0.125,28.0,0.1,0.2025,49.38,0.045,0.0725,62.07,0.0,0.0475,0.7,0.0075,0.1075,0.07,0.0675,0.015,0.37,0.37300000000000005,0.15,0.17200000000000001,0.051000000000000004,0.185,0.05600000000000001,0.129,0.08600000000000001,0.064,1.418,0.05,0.15899999999999997,31.432,0.08600000000000001,0.154,56.072,0.051000000000000004,0.074,65.752,0.004999999999999999,0.03,0.484,0.006,0.09400000000000001,0.066,0.064,0.012,0.41600000000000004
70,86,2023-11-06,4,1,2023-2024,São Paulo,Fortaleza B. C. / CFO,0,0.35000000000000003,0.145,0.14666666666666667,0.05833333333333334,0.15166666666666664,0.03833333333333334,0.11333333333333333,0.06,0.05333333333333334,1.1233333333333333,0.04833333333333334,0.14833333333333334,30.096666666666664,0.07333333333333333,0.15666666666666665,46.883333333333326,0.05833333333333334,0.08666666666666667,66.11,0.0016666666666666668,0.035,0.6699999999999999,0.005,0.105,0.06666666666666667,0.05333333333333334,0.005,0.33666666666666667,0.375,0.1275,0.17250000000000001,0.075,0.1775,0.036250000000000004,0.14125,0.075,0.07625,0.9900000000000001,0.0425,0.1075,38.265,0.08625000000000001,0.16749999999999998,51.425,0.075,0.10875000000000001,70.225,0.0062499999999999995,0.025,0.32999999999999996,0.01125,0.09375,0.12000000000000001,0.07625,0.02,0.4075
94,67,2023-11-07,4,1,2023-2024,Cerrado,União Corinthians,1,0.30833333333333335,0.07,0.18000000000000002,0.05833333333333334,0.215,0.08166666666666667,0.13333333333333333,0.05499999999999999,0.075,0.7733333333333334,0.023333333333333334,0.13499999999999998,17.73,0.09000000000000001,0.20666666666666667,44.193333333333335,0.05833333333333334,0.09000000000000001,64.07333333333334,0.006666666666666667,0.03166666666666667,0.4466666666666667,0.008333333333333333,0.085,0.09000000000000001,0.075,0.018333333333333333,0.28333333333333327,0.38166666666666665,0.13999999999999999,0.16333333333333333,0.07833333333333332,0.18499999999999997,0.03666666666666667,0.14833333333333334,0.06666666666666667,0.07,0.9899999999999999,0.04666666666666667,0.12,38.97,0.08166666666666667,0.17500000000000002,46.343333333333334,0.07833333333333332,0.10166666666666668,76.69666666666667,0.0016666666666666668,0.03166666666666667,0.44333333333333336,0.015,0.10833333333333334,0.13,0.07,0.006666666666666667,0.42
93,88,2023-11-07,4,1,2023-2024,Sesi Franca,Corinthians,1,0.47250000000000003,0.165,0.20500000000000002,0.10250000000000001,0.185,0.04,0.145,0.1125,0.07500000000000001,1.57,0.055,0.1325,41.644999999999996,0.10250000000000001,0.175,58.519999999999996,0.10250000000000001,0.125,81.72999999999999,0.0175,0.042499999999999996,0.6,0.017499999999999998,0.10500000000000001,0.18,0.07500000000000001,0.0175,0.5825,0.3775,0.0975,0.22,0.06,0.2175,0.0625,0.155,0.07,0.0625,1.1400000000000001,0.0325,0.1325,24.27,0.11,0.20500000000000002,54.025,0.06,0.085,70.59,0.0025,0.0325,0.555,0.0125,0.0925,0.14500000000000002,0.0625,0.0125,0.4275
92,69,2023-11-07,4,1,2023-2024,Flamengo,Botafogo,1,0.385,0.1125,0.2,0.0725,0.185,0.065,0.12,0.0775,0.0525,1.48,0.0375,0.15,25.0,0.1,0.1675,59.7,0.0725,0.095,76.32,0.0075,0.0275,0.52,0.0075,0.075,0.1,0.0525,0.0125,0.4275,0.354,0.11100000000000002,0.188,0.05500000000000001,0.189,0.05700000000000001,0.13199999999999998,0.068,0.076,1.03,0.037,0.136,26.112000000000002,0.094,0.182,51.286,0.05500000000000001,0.093,59.116,0.003,0.034,0.532,0.012,0.11000000000000001,0.11200000000000002,0.076,0.019999999999999997,0.356
67,77,2023-11-08,4,1,2023-2024,Coop/São José Basketball,Minas,0,0.3725,0.12,0.19333333333333336,0.059166666666666666,0.19333333333333333,0.05000000000000001,0.14333333333333334,0.07583333333333332,0.07416666666666667,1.0266666666666666,0.04,0.13166666666666668,30.159999999999997,0.09666666666666668,0.18916666666666668,51.38,0.059166666666666666,0.08916666666666666,65.19,0.0008333333333333334,0.043333333333333335,0.6,0.009166666666666667,0.105,0.09000000000000001,0.07416666666666667,0.018333333333333333,0.4058333333333333,0.425,0.17500000000000002,0.19000000000000003,0.06,0.20666666666666667,0.05499999999999999,0.15166666666666664,0.11666666666666668,0.07,1.8299999999999998,0.05833333333333333,0.15333333333333335,35.95,0.09500000000000001,0.16666666666666666,56.48666666666667,0.06,0.08166666666666667,73.20333333333333,0.005,0.03833333333333333,0.49666666666666665,0.013333333333333334,0.09333333333333332,0.1366666666666667,0.07,0.016666666666666666,0.5416666666666666
70,87,2023-11-08,4,1,2023-2024,Mogi,Pato Basquete,0,0.3275,0.15,0.14,0.0375,0.15,0.0325,0.1175,0.0875,0.0775,1.13,0.05,0.115,43.48,0.07,0.1525,45.9,0.0375,0.0675,55.56,0.0,0.0275,0.35,0.0075,0.1,0.08,0.0775,0.0125,0.345,0.3758333333333334,0.15,0.17500000000000002,0.050833333333333335,0.18000000000000002,0.05166666666666667,0.12833333333333333,0.08958333333333335,0.06208333333333333,1.5233333333333334,0.049999999999999996,0.155,32.36666666666667,0.08750000000000001,0.15791666666666668,55.64666666666667,0.050833333333333335,0.07708333333333334,63.80166666666667,0.0045833333333333325,0.03,0.4983333333333333,0.005,0.09333333333333334,0.055,0.06208333333333333,0.012083333333333333,0.4166666666666667
94,86,2023-11-08,4,1,2023-2024,São Paulo,UNIFACISA,1,0.365,0.144375,0.15375,0.066875,0.15562499999999999,0.04,0.11562499999999999,0.0725,0.052500000000000005,1.3925,0.048125,0.14250000000000002,32.0725,0.076875,0.161875,47.4875,0.066875,0.0925,70.60499999999999,0.003125,0.03125,0.6024999999999999,0.005625,0.10625,0.0675,0.052500000000000005,0.005625,0.3725,0.386875,0.14625,0.17500000000000002,0.065625,0.20500000000000002,0.065,0.14,0.08625000000000001,0.0725,1.185,0.04875,0.14500000000000002,33.6225,0.08750000000000001,0.1625,53.82,0.065625,0.09375,70.35,0.005625,0.039375,0.5425,0.015,0.09375,0.165,0.0725,0.018125000000000002,0.46062499999999995
77,83,2023-11-09,4,1,2023-2024,Cerrado,Caxias do Sul Basquete,0,0.338125,0.08625000000000001,0.1925,0.059375000000000004,0.22812500000000002,0.081875,0.14625,0.06874999999999999,0.075,0.9475,0.02875,0.136875,21.1925,0.09625,0.21437499999999998,45.25,0.059375000000000004,0.09625,61.6425,0.0075,0.0325,0.4525,0.01,0.091875,0.1,0.075,0.016875,0.339375,0.3383333333333334,0.08,0.16,0.09833333333333334,0.15666666666666665,0.04666666666666667,0.11,0.07,0.056666666666666664,1.24,0.02666666666666667,0.09666666666666666,28.05333333333333,0.08,0.19499999999999998,42.306666666666665,0.09833333333333334,0.14500000000000002,68.12666666666667,0.006666666666666665,0.04833333333333334,0.86,0.008333333333333333,0.09666666666666668,0.09000000000000001,0.056666666666666664,0.01,0.3333333333333333
80,74,2023-11-09,4,1,2023-2024,Bauru Basket,Corinthians,1,0.37124999999999997,0.13875,0.1825,0.05,0.1575,0.045,0.11249999999999999,0.06999999999999999,0.05500000000000001,1.2349999999999999,0.04625,0.14125,32.1,0.09125,0.1925,48.455,0.05,0.06125,81.66499999999999,0.0025,0.0375,0.655,0.0062499999999999995,0.08625,0.08000000000000002,0.05500000000000001,0.012499999999999999,0.38,0.3866666666666667,0.1075,0.21666666666666667,0.0625,0.1991666666666667,0.057499999999999996,0.14166666666666666,0.07416666666666667,0.065,1.1533333333333333,0.035833333333333335,0.13416666666666668,26.483333333333334,0.10833333333333334,0.19166666666666668,57.23,0.0625,0.09000000000000001,69.56,0.005833333333333334,0.0325,0.5233333333333333,0.01,0.09083333333333332,0.11666666666666668,0.065,0.012500000000000002,0.4283333333333333
82,92,2023-11-09,4,1,2023-2024,BRB/Brasília,União Corinthians,0,0.41,0.16,0.18000000000000002,0.07,0.18000000000000002,0.04666666666666667,0.13333333333333333,0.06833333333333334,0.065,1.09,0.05333333333333334,0.13166666666666668,39.553333333333335,0.09000000000000001,0.18333333333333335,49.07666666666666,0.07,0.09666666666666668,72.61333333333333,0.005,0.041666666666666664,0.6466666666666667,0.0033333333333333335,0.10000000000000002,0.03333333333333333,0.065,0.023333333333333334,0.43999999999999995,0.385625,0.133125,0.16999999999999998,0.08249999999999999,0.18312499999999998,0.039375,0.14375,0.065,0.07,0.9574999999999999,0.044375000000000005,0.11624999999999999,38.155,0.08499999999999999,0.181875,46.485,0.08249999999999999,0.10125,81.27250000000001,0.0025,0.026875,0.3775,0.011875,0.109375,0.10250000000000001,0.07,0.005625,0.41500000000000004
68,72,2023-11-09,4,1,2023-2024,Pinheiros,Paulistano,0,0.3625,0.1275,0.18,0.055,0.20750000000000002,0.042499999999999996,0.16499999999999998,0.10250000000000001,0.10999999999999999,0.995,0.0425,0.1075,39.255,0.09,0.185,48.81,0.055,0.0825,67.61,0.005,0.027500000000000004,0.255,0.01,0.095,0.105,0.10999999999999999,0.0275,0.4125,0.34149999999999997,0.075,0.202,0.0645,0.21400000000000002,0.0775,0.13649999999999998,0.07400000000000001,0.08399999999999999,0.9339999999999999,0.025,0.0975,25.43,0.101,0.215,46.878,0.0645,0.0915,70.686,0.004,0.0415,0.514,0.008,0.0935,0.086,0.08399999999999999,0.016,0.3815
65,68,2023-11-10,4,1,2023-2024,R10 Score Vasco da Gama,Flamengo,0,0.35201,0.132,0.15399,0.06599,0.18999,0.05,0.13998999999999998,0.09099,0.08901,1.0379999999999998,0.04401,0.14401000000000003,31.552,0.07701,0.14198999999999998,54.517999999999994,0.06599,0.10801000000000001,61.112,0.004,0.04301000000000001,0.492,0.011009999999999999,0.11200000000000002,0.09,0.08901,0.021,0.391,0.38999999999999996,0.11,0.20000000000000004,0.08,0.20333333333333334,0.07,0.13333333333333333,0.0825,0.05833333333333333,1.4266666666666667,0.03666666666666667,0.15666666666666665,23.53,0.10000000000000002,0.17500000000000002,57.343333333333334,0.08,0.10333333333333333,77.27,0.01,0.03416666666666667,0.5733333333333334,0.006666666666666667,0.07666666666666666,0.08666666666666667,0.05833333333333333,0.012500000000000002,0.44
70,79,2023-11-10,4,1,2023-2024,Mogi,Minas,0,0.33499999999999996,0.1475,0.14500000000000002,0.0425,0.15,0.035833333333333335,0.11416666666666665,0.08833333333333333,0.07583333333333332,1.1666666666666667,0.04916666666666667,0.12666666666666668,39.54333333333333,0.07250000000000001,0.15,48.416666666666664,0.0425,0.06666666666666667,63.96333333333333,0.0008333333333333334,0.02416666666666667,0.3133333333333333,0.01,0.11083333333333334,0.09000000000000001,0.07583333333333332,0.015833333333333335,0.3525,0.41625,0.1575,0.18625000000000003,0.0725,0.2,0.056874999999999995,0.143125,0.10750000000000001,0.07,1.6574999999999998,0.0525,0.146875,33.825,0.09312500000000001,0.164375,56.255,0.0725,0.09625,74.545,0.005,0.035625,0.47,0.011875,0.09874999999999999,0.12000000000000001,0.07,0.0175,0.511875
79,86,2023-11-10,4,1,2023-2024,Botafogo,Sesi Franca,0,0.3566666666666667,0.11375000000000002,0.1875,0.05541666666666667,0.18499999999999997,0.05541666666666667,0.1295833333333333,0.07,0.07583333333333334,1.0366666666666668,0.03791666666666667,0.14,26.186666666666667,0.09375,0.17999999999999997,51.80666666666667,0.05541666666666667,0.08958333333333333,62.48166666666666,0.0029166666666666664,0.034583333333333334,0.5266666666666667,0.011250000000000001,0.10833333333333334,0.10666666666666667,0.07583333333333334,0.01958333333333333,0.35916666666666663,0.46416666666666667,0.1525,0.21666666666666667,0.09500000000000001,0.19416666666666668,0.0525,0.14166666666666666,0.11333333333333334,0.07,1.6866666666666668,0.050833333333333335,0.13749999999999998,37.36666666666667,0.10833333333333334,0.18083333333333332,59.79333333333333,0.09500000000000001,0.12,78.73,0.015833333333333335,0.03916666666666666,0.58,0.015,0.10333333333333335,0.15333333333333332,0.07,0.0175,0.5716666666666667
69,77,2023-11-11,4,1,2023-2024,BRB/Brasília,Caxias do Sul Basquete,0,0.401875,0.148125,0.18875,0.065,0.173125,0.043750000000000004,0.12937500000000002,0.069375,0.061875,1.1625,0.049375,0.12937500000000002,37.317499999999995,0.094375,0.18812500000000001,50.08,0.065,0.09125000000000001,71.1275,0.005625,0.040625,0.6625000000000001,0.004375,0.10312500000000001,0.0425,0.061875,0.02,0.4275,0.35375,0.08625000000000001,0.175,0.09250000000000001,0.18,0.053125000000000006,0.12687500000000002,0.075625,0.059375,1.2725,0.02875,0.10999999999999999,26.8725,0.0875,0.20124999999999998,44.23,0.09250000000000001,0.13937500000000003,66.4,0.006874999999999999,0.046250000000000006,0.7925,0.00875,0.098125,0.0925,0.059375,0.01125,0.36312500000000003
74,70,2023-11-11,4,1,2023-2024,Bauru Basket,Pinheiros,1,0.374,0.15450000000000003,0.174,0.0455,0.158,0.045,0.11299999999999999,0.07649999999999998,0.05800000000000001,1.2799999999999998,0.051500000000000004,0.1435,35.188,0.087,0.185,47.796,0.0455,0.058499999999999996,76.91,0.004,0.036,0.6100000000000001,0.004999999999999999,0.0865,0.06400000000000002,0.05800000000000001,0.013000000000000001,0.38849999999999996,0.35666666666666663,0.1425,0.165,0.049166666666666664,0.19166666666666668,0.04083333333333333,0.15083333333333332,0.09666666666666668,0.09583333333333333,1.0833333333333333,0.04750000000000001,0.12166666666666666,38.946666666666665,0.0825,0.16833333333333333,49.20666666666667,0.049166666666666664,0.0825,60.223333333333336,0.004166666666666667,0.02916666666666667,0.33,0.01,0.08833333333333333,0.11333333333333333,0.09583333333333333,0.020833333333333332,0.395
77,65,2023-11-12,5,1,2023-2024,Fortaleza B. C. / CFO,UNIFACISA,1,0.386,0.126,0.18,0.08,0.181,0.039,0.142,0.08,0.073,1.1260000000000001,0.042,0.10600000000000001,38.612,0.09,0.173,51.910000000000004,0.08,0.11100000000000002,72.84599999999999,0.007999999999999998,0.027000000000000003,0.38,0.012,0.096,0.12400000000000003,0.073,0.016,0.43499999999999994,0.38,0.144,0.17,0.066,0.199,0.064,0.135,0.082,0.071,1.1480000000000001,0.048,0.14700000000000002,32.704,0.085,0.16,53.056,0.066,0.093,71.28,0.004999999999999999,0.036,0.504,0.015,0.099,0.158,0.071,0.017,0.43999999999999995
74,66,2023-11-13,5,1,2023-2024,União Corinthians,Mogi,1,0.388,0.129,0.174,0.08499999999999999,0.182,0.041,0.141,0.064,0.07,0.938,0.043000000000000003,0.11399999999999999,37.666000000000004,0.087,0.186,46.57,0.08499999999999999,0.101,84.018,0.003,0.024,0.33799999999999997,0.01,0.11000000000000001,0.08600000000000001,0.07,0.004999999999999999,0.41200000000000003,0.33875,0.14625,0.14750000000000002,0.045,0.15,0.037500000000000006,0.11249999999999999,0.08875,0.075,1.185,0.04875,0.1325,37.575,0.07375000000000001,0.14875,49.675,0.045,0.06625,68.16499999999999,0.00125,0.022500000000000003,0.295,0.01125,0.11625,0.095,0.075,0.0175,0.35624999999999996
85,88,2023-11-13,5,1,2023-2024,Sesi Franca,Pinheiros,0,0.46,0.14625,0.2225,0.09125000000000001,0.19875,0.05875,0.14,0.11375,0.0675,1.745,0.04875,0.13999999999999999,35.2275,0.11125,0.18375,60.43,0.09125000000000001,0.1175,77.23,0.015,0.0375,0.5700000000000001,0.01375,0.10250000000000001,0.13999999999999999,0.0675,0.0175,0.56625,0.35374999999999995,0.15,0.1575,0.04625,0.18375000000000002,0.04,0.14375,0.09375000000000001,0.08875,1.1275,0.05,0.12875,38.792500000000004,0.07875,0.16,49.405,0.04625,0.0825,56.53,0.0037500000000000003,0.030000000000000002,0.3675,0.01,0.085,0.1175,0.08875,0.0175,0.38625
89,71,2023-11-13,5,1,2023-2024,Flamengo,Cerrado,1,0.39249999999999996,0.10875,0.2,0.08374999999999999,0.2125,0.07250000000000001,0.14,0.08499999999999999,0.06125,1.4000000000000001,0.036250000000000004,0.16,22.795,0.1,0.17875000000000002,56.165,0.08374999999999999,0.1075,77.745,0.01125,0.037500000000000006,0.6000000000000001,0.00625,0.0775,0.08,0.06125,0.0125,0.44625000000000004,0.356,0.096,0.2,0.06000000000000001,0.23600000000000004,0.082,0.154,0.07699999999999999,0.075,1.052,0.032,0.13799999999999998,23.27,0.1,0.219,45.884,0.06000000000000001,0.1,60.184000000000005,0.008,0.033,0.45600000000000007,0.011,0.096,0.10600000000000001,0.075,0.016,0.37299999999999994
73,70,2023-11-14,5,1,2023-2024,Pato Basquete,Bauru Basket,1,0.37785714285714295,0.15,0.17714285714285713,0.05071428571428571,0.17642857142857143,0.048571428571428585,0.12785714285714286,0.09214285714285717,0.060714285714285714,1.5985714285714288,0.049999999999999996,0.15214285714285714,33.03428571428571,0.08857142857142856,0.16071428571428573,55.34285714285714,0.05071428571428571,0.07928571428571429,62.40857142857143,0.004285714285714285,0.03,0.5085714285714286,0.004285714285714286,0.09285714285714286,0.047142857142857146,0.060714285714285714,0.012142857142857141,0.41714285714285715,0.3758333333333333,0.165,0.16833333333333333,0.0425,0.15833333333333335,0.04499999999999999,0.11333333333333333,0.08083333333333333,0.060000000000000005,1.3099999999999998,0.055,0.145,37.24666666666666,0.08416666666666667,0.18000000000000002,47.35666666666666,0.0425,0.056666666666666664,73.74,0.005,0.034999999999999996,0.5800000000000001,0.004166666666666667,0.08666666666666667,0.053333333333333344,0.060000000000000005,0.013333333333333334,0.3941666666666666
81,78,2023-11-14,5,1,2023-2024,Corinthians,São Paulo,1,0.39125000000000004,0.1125,0.215,0.06375,0.19,0.05499999999999999,0.135,0.07625000000000001,0.06625,1.16,0.037500000000000006,0.135,27.59,0.1075,0.18500000000000003,58.832499999999996,0.06375,0.0925,69.045,0.007500000000000001,0.0325,0.5075000000000001,0.00875,0.09,0.10250000000000001,0.06625,0.0125,0.42874999999999996,0.374,0.144,0.158,0.072,0.15799999999999997,0.041,0.11699999999999999,0.07999999999999999,0.052000000000000005,1.554,0.048,0.139,33.257999999999996,0.079,0.16499999999999998,47.85,0.072,0.096,73.30199999999999,0.004,0.028999999999999998,0.5619999999999999,0.006,0.10700000000000001,0.068,0.052000000000000005,0.006,0.394
89,78,2023-11-14,5,1,2023-2024,Botafogo,BRB/Brasília,1,0.3585714285714286,0.11571428571428573,0.18714285714285714,0.055714285714285716,0.18214285714285713,0.054285714285714284,0.12785714285714284,0.07142857142857142,0.07571428571428572,1.0414285714285716,0.038571428571428576,0.14285714285714285,26.240000000000002,0.09357142857142857,0.17857142857142855,52.17857142857143,0.055714285714285716,0.08714285714285715,64.88571428571429,0.0028571428571428567,0.035,0.5228571428571429,0.010714285714285716,0.10714285714285714,0.10285714285714286,0.07571428571428572,0.019285714285714288,0.3614285714285714,0.39699999999999996,0.14100000000000001,0.194,0.062,0.16899999999999998,0.042,0.127,0.07,0.06,1.206,0.047,0.12800000000000003,35.976,0.097,0.191,50.682,0.062,0.08800000000000001,70.236,0.006,0.04,0.672,0.005,0.10500000000000001,0.048,0.06,0.018,0.42000000000000004
81,77,2023-11-15,5,1,2023-2024,Caxias do Sul Basquete,Mogi,1,0.363,0.09,0.184,0.08900000000000001,0.194,0.05700000000000001,0.137,0.079,0.061,1.292,0.030000000000000006,0.118,26.163999999999998,0.092,0.205,45.384,0.08900000000000001,0.13600000000000004,65.364,0.006999999999999999,0.045000000000000005,0.752,0.009000000000000001,0.099,0.094,0.061,0.012,0.38100000000000006,0.34249999999999997,0.141,0.14900000000000002,0.052500000000000005,0.148,0.038000000000000006,0.10999999999999999,0.08449999999999999,0.075,1.1280000000000001,0.047,0.1325,36.098,0.07450000000000001,0.1465,51.012,0.052500000000000005,0.075,69.532,0.0015,0.0245,0.32199999999999995,0.009999999999999998,0.11699999999999999,0.08399999999999999,0.075,0.015000000000000003,0.3544999999999999
74,78,2023-11-15,5,1,2023-2024,União Corinthians,Coop/São José Basketball,0,0.385,0.13125,0.16666666666666666,0.08708333333333333,0.18041666666666667,0.03958333333333334,0.14083333333333334,0.06625,0.07291666666666667,0.9299999999999998,0.043750000000000004,0.11541666666666665,37.85166666666667,0.08333333333333333,0.1779166666666667,46.68666666666667,0.08708333333333333,0.10458333333333332,83.28000000000002,0.0025,0.02666666666666667,0.35833333333333334,0.009583333333333334,0.11083333333333334,0.08333333333333333,0.07291666666666667,0.007916666666666667,0.41125000000000006,0.38375,0.1275,0.19,0.06625,0.19999999999999998,0.053750000000000006,0.14625000000000002,0.0775,0.0775,1.005,0.0425,0.135,31.239999999999995,0.095,0.1825,52.38,0.06625,0.09749999999999999,66.75,0.00125,0.04125,0.5499999999999999,0.01,0.10375000000000001,0.1,0.0775,0.02,0.42375
74,71,2023-11-15,5,1,2023-2024,R10 Score Vasco da Gama,Cerrado,1,0.3475083333333333,0.12,0.16332499999999997,0.06415833333333333,0.19499166666666667,0.04750000000000001,0.14749166666666666,0.09415833333333334,0.08334166666666666,1.1983333333333333,0.04000833333333333,0.13750833333333334,29.468333333333334,0.081675,0.15332499999999996,53.76499999999999,0.06415833333333333,0.10250833333333333,63.14833333333333,0.005,0.03750833333333334,0.44,0.011675,0.11583333333333334,0.09333333333333332,0.08334166666666666,0.01916666666666667,0.395,0.35639166666666666,0.10333333333333335,0.19389166666666666,0.05916666666666667,0.230275,0.08083333333333334,0.14944166666666667,0.0775,0.07277499999999999,1.0933333333333333,0.03444166666666667,0.13583333333333333,25.613333333333333,0.09694166666666666,0.215,45.21666666666667,0.05916666666666667,0.10139166666666666,58.615,0.007225,0.032775,0.465,0.011108333333333333,0.09444166666666666,0.11,0.07277499999999999,0.013891666666666668,0.3736083333333333
92,55,2023-11-16,5,1,2023-2024,Flamengo,BRB/Brasília,1,0.40449999999999997,0.126,0.198,0.08049999999999999,0.209,0.068,0.14100000000000001,0.092,0.0615,1.504,0.042,0.158,26.901999999999997,0.099,0.17450000000000002,56.996,0.08049999999999999,0.10300000000000001,78.078,0.011,0.039,0.624,0.006500000000000001,0.0755,0.086,0.0615,0.012,0.4755000000000001,0.38625,0.14500000000000002,0.18166666666666664,0.05958333333333333,0.16749999999999998,0.042916666666666665,0.12458333333333334,0.07041666666666667,0.06333333333333334,1.1566666666666667,0.04833333333333334,0.13416666666666668,35.535,0.09083333333333332,0.18125000000000002,49.781666666666666,0.05958333333333333,0.08750000000000001,67.84333333333333,0.005833333333333333,0.037083333333333336,0.6066666666666668,0.005,0.1025,0.05000000000000001,0.06333333333333334,0.017499999999999998,0.39875
99,80,2023-11-16,5,1,2023-2024,Minas,Bauru Basket,1,0.41100000000000003,0.147,0.18400000000000002,0.07999999999999999,0.196,0.057999999999999996,0.13799999999999998,0.10200000000000001,0.07,1.5539999999999998,0.049,0.14300000000000002,32.55,0.09200000000000001,0.16299999999999998,56.11600000000001,0.07999999999999999,0.10500000000000001,75.35,0.005,0.033999999999999996,0.454,0.011,0.10200000000000001,0.11000000000000001,0.07,0.018000000000000002,0.49399999999999994,0.3757142857142857,0.15642857142857144,0.17642857142857143,0.04285714285714286,0.15892857142857145,0.04535714285714285,0.11357142857142856,0.08142857142857142,0.060000000000000005,1.3257142857142856,0.052142857142857144,0.14178571428571426,36.00714285714285,0.08821428571428572,0.18535714285714286,47.980000000000004,0.04285714285714286,0.05678571428571428,74.38571428571427,0.0064285714285714285,0.03535714285714286,0.5871428571428572,0.003928571428571428,0.08714285714285715,0.05000000000000001,0.060000000000000005,0.012857142857142857,0.39464285714285713
87,83,2023-11-16,5,1,2023-2024,Pato Basquete,Sesi Franca,1,0.38062500000000005,0.1509375,0.178125,0.0515625,0.18031250000000001,0.04968750000000001,0.130625,0.08906250000000002,0.061875,1.5187500000000003,0.050312499999999996,0.1509375,33.51,0.0890625,0.1628125,54.93875,0.0515625,0.07906250000000001,63.88125,0.0053124999999999995,0.0303125,0.5025,0.0040625,0.0915625,0.045,0.061875,0.013437499999999998,0.42062499999999997,0.45099999999999996,0.147,0.21667,0.08733,0.19667,0.059,0.13767000000000001,0.10933,0.06667000000000001,1.686,0.049,0.14133,35.0,0.10833,0.18367,58.89,0.08733,0.11333,76.612,0.013000000000000001,0.038,0.5820000000000001,0.01267,0.101,0.12999999999999998,0.06667000000000001,0.01667,0.54733
75,81,2023-11-17,5,1,2023-2024,Pinheiros,São Paulo,0,0.36449999999999994,0.1515,0.16299999999999998,0.05,0.18100000000000002,0.042,0.13899999999999998,0.09150000000000001,0.08349999999999999,1.166,0.0505,0.1295,38.958000000000006,0.08149999999999999,0.16299999999999998,50.096000000000004,0.05,0.08449999999999999,59.278,0.005,0.029500000000000005,0.382,0.009,0.08700000000000001,0.10400000000000001,0.08349999999999999,0.016,0.39699999999999996,0.3779166666666667,0.14125,0.16583333333333333,0.07083333333333333,0.15958333333333333,0.03916666666666667,0.12041666666666666,0.07958333333333333,0.050833333333333335,1.5816666666666668,0.04708333333333333,0.1379166666666667,33.06166666666667,0.08291666666666667,0.16624999999999998,49.778333333333336,0.07083333333333333,0.09249999999999999,75.53,0.004166666666666667,0.02666666666666666,0.5233333333333333,0.005833333333333333,0.10541666666666667,0.065,0.050833333333333335,0.005,0.40291666666666665
82,90,2023-11-17,5,1,2023-2024,Caxias do Sul Basquete,Coop/São José Basketball,0,0.37041666666666667,0.09749999999999999,0.18666666666666665,0.08625000000000001,0.18916666666666668,0.05625,0.13291666666666668,0.08166666666666667,0.06458333333333334,1.2683333333333333,0.0325,0.11833333333333333,28.05333333333333,0.09333333333333332,0.20166666666666666,46.828333333333326,0.08625000000000001,0.13083333333333336,65.97833333333334,0.0075,0.04416666666666667,0.7066666666666667,0.009166666666666668,0.09625,0.09833333333333333,0.06458333333333334,0.015833333333333335,0.39125000000000004,0.39099999999999996,0.132,0.19,0.069,0.19349999999999998,0.0505,0.14300000000000002,0.081,0.0765,1.066,0.044000000000000004,0.1335,32.836,0.095,0.1785,53.596000000000004,0.069,0.10049999999999999,67.622,0.002,0.0405,0.5439999999999999,0.0095,0.10500000000000001,0.094,0.0765,0.018,0.4345
71,79,2023-11-17,5,1,2023-2024,Corinthians,Paulistano,0,0.38900000000000007,0.11100000000000002,0.213,0.065,0.1965,0.057499999999999996,0.139,0.07750000000000001,0.0655,1.192,0.037000000000000005,0.1325,27.786,0.1065,0.19,56.827999999999996,0.065,0.0945,68.894,0.008,0.031,0.48600000000000004,0.009000000000000001,0.089,0.10600000000000001,0.0655,0.013500000000000002,0.429,0.34249999999999997,0.08,0.19833333333333333,0.06416666666666666,0.21250000000000002,0.07583333333333334,0.13666666666666663,0.07250000000000001,0.08166666666666667,0.9333333333333332,0.02666666666666667,0.10083333333333333,26.156666666666666,0.09916666666666667,0.21083333333333332,46.96,0.06416666666666666,0.09083333333333334,70.81,0.005,0.041666666666666664,0.5299999999999999,0.0075,0.09416666666666668,0.08,0.08166666666666667,0.015833333333333335,0.3825
74,73,2023-11-18,5,1,2023-2024,Botafogo,Cerrado,1,0.36468750000000005,0.12000000000000001,0.186875,0.0578125,0.18093749999999997,0.0546875,0.12624999999999997,0.075625,0.0740625,1.12125,0.04,0.145625,26.747500000000002,0.0934375,0.17656249999999998,52.77125,0.0578125,0.088125,66.315,0.0024999999999999996,0.035625000000000004,0.5375,0.010000000000000002,0.1059375,0.09625,0.0740625,0.02,0.37374999999999997,0.3566714285714286,0.10857142857142858,0.1895285714285714,0.05857142857142857,0.22618571428571427,0.08,0.14618571428571428,0.07785714285714285,0.07118571428571428,1.1228571428571428,0.03618571428571428,0.13428571428571429,27.287142857142857,0.09475714285714286,0.21214285714285716,44.74,0.05857142857142857,0.10238571428571427,57.49428571428571,0.006671428571428571,0.032614285714285714,0.4714285714285714,0.011185714285714287,0.09332857142857143,0.11285714285714286,0.07118571428571428,0.012385714285714288,0.3740428571428572
71,81,2023-11-18,5,1,2023-2024,Minas,Sesi Franca,0,0.41333333333333333,0.145,0.1891666666666667,0.07916666666666666,0.19333333333333333,0.056666666666666664,0.13666666666666666,0.10416666666666667,0.06833333333333334,1.6149999999999995,0.04833333333333333,0.1416666666666667,32.68,0.09458333333333335,0.1658333333333333,56.716666666666676,0.07916666666666666,0.10458333333333335,74.98666666666666,0.005,0.034999999999999996,0.49,0.012083333333333335,0.10125,0.12166666666666666,0.06833333333333334,0.01625,0.49958333333333327,0.445,0.1475,0.21278333333333332,0.08471666666666668,0.19528333333333334,0.059166666666666666,0.13611666666666666,0.10638333333333333,0.06611666666666667,1.6466666666666665,0.049166666666666664,0.14221666666666666,34.848333333333336,0.10638333333333333,0.18361666666666668,57.86333333333334,0.08471666666666668,0.11055,76.2,0.011666666666666667,0.03833333333333334,0.59,0.01195,0.09999999999999999,0.12333333333333331,0.06611666666666667,0.016116666666666668,0.5347166666666666
79,54,2023-11-19,6,1,2023-2024,R10 Score Vasco da Gama,BRB/Brasília,1,0.3507214285714286,0.12,0.16713571428571425,0.06356428571428571,0.19856428571428572,0.04642857142857143,0.15213571428571426,0.09642142857142857,0.08000714285714285,1.2885714285714285,0.04000714285714285,0.13786428571428572,29.34,0.08357857142857142,0.15642142857142854,53.839999999999996,0.06356428571428571,0.09929285714285714,64.84142857142857,0.007857142857142858,0.03572142857142858,0.43714285714285717,0.012864285714285715,0.11571428571428573,0.10428571428571429,0.08000714285714285,0.016428571428571428,0.40785714285714286,0.37857142857142856,0.14785714285714288,0.17285714285714285,0.05785714285714285,0.1664285714285714,0.04357142857142857,0.12285714285714287,0.07071428571428572,0.06571428571428571,1.1214285714285714,0.04928571428571429,0.1385714285714286,35.21999999999999,0.08642857142857142,0.17428571428571432,49.13857142857143,0.05785714285714285,0.08714285714285715,66.13428571428571,0.005714285714285713,0.034999999999999996,0.5600000000000002,0.005,0.10071428571428571,0.051428571428571435,0.06571428571428571,0.017142857142857144,0.38357142857142856
86,81,2023-11-20,6,1,2023-2024,Mogi,Botafogo,1,0.345,0.13749999999999998,0.15000000000000002,0.0575,0.14666666666666667,0.03833333333333334,0.10833333333333332,0.08166666666666667,0.075,1.09,0.04583333333333334,0.13250000000000003,35.11333333333334,0.07500000000000001,0.145,51.903333333333336,0.0575,0.08083333333333333,70.44333333333333,0.0016666666666666668,0.025833333333333337,0.34,0.009166666666666665,0.1175,0.07666666666666666,0.075,0.013333333333333336,0.3533333333333333,0.36944444444444446,0.12333333333333335,0.18666666666666668,0.059444444444444446,0.17999999999999997,0.055,0.12499999999999997,0.07888888888888888,0.07277777777777777,1.1833333333333333,0.04111111111111111,0.14777777777777779,27.142222222222227,0.09333333333333334,0.175,53.23222222222223,0.059444444444444446,0.08888888888888888,67.42666666666666,0.002222222222222222,0.036111111111111115,0.5488888888888889,0.009444444444444446,0.10500000000000001,0.09111111111111111,0.07277777777777777,0.020555555555555556,0.3833333333333333
95,67,2023-11-20,6,1,2023-2024,Bauru Basket,União Corinthians,1,0.375625,0.15000000000000002,0.18250000000000002,0.043125,0.15937500000000002,0.04562499999999999,0.11374999999999999,0.08187499999999999,0.060000000000000005,1.3375,0.05,0.139375,35.0775,0.09125000000000001,0.18937500000000002,48.447500000000005,0.043125,0.056874999999999995,74.86999999999999,0.0075,0.035625,0.5925,0.0037499999999999994,0.0875,0.047500000000000014,0.060000000000000005,0.012499999999999999,0.39499999999999996,0.3828571428571429,0.13285714285714284,0.16142857142857142,0.08857142857142856,0.17928571428571427,0.038571428571428576,0.1407142857142857,0.06785714285714287,0.075,0.9242857142857142,0.04428571428571428,0.11642857142857142,37.98428571428571,0.08071428571428571,0.17214285714285715,46.769999999999996,0.08857142857142856,0.10714285714285714,82.75285714285715,0.002142857142857143,0.028571428571428574,0.37285714285714283,0.009285714285714286,0.11142857142857143,0.08142857142857143,0.075,0.01,0.4107142857142857
89,67,2023-11-20,6,1,2023-2024,São Paulo,Pato Basquete,1,0.3807142857142857,0.13928571428571426,0.17142857142857143,0.06999999999999999,0.16071428571428573,0.03785714285714286,0.12285714285714285,0.07928571428571428,0.049999999999999996,1.6014285714285716,0.04642857142857142,0.13714285714285718,32.92142857142857,0.08571428571428572,0.16714285714285712,51.15571428571429,0.06999999999999999,0.08999999999999998,77.12142857142858,0.004285714285714286,0.024999999999999998,0.49571428571428566,0.005714285714285713,0.1042857142857143,0.06285714285714286,0.049999999999999996,0.004285714285714286,0.4092857142857143,0.38277777777777783,0.15166666666666667,0.1788888888888889,0.05222222222222222,0.18333333333333335,0.05055555555555556,0.13277777777777777,0.08666666666666668,0.06277777777777777,1.456666666666667,0.05055555555555555,0.15000000000000002,33.879999999999995,0.08944444444444445,0.16444444444444445,54.62444444444444,0.05222222222222222,0.0788888888888889,65.02666666666667,0.0061111111111111106,0.030555555555555558,0.4977777777777777,0.003888888888888889,0.09055555555555556,0.043333333333333335,0.06277777777777777,0.014444444444444442,0.4233333333333333
87,84,2023-11-21,6,1,2023-2024,Fortaleza B. C. / CFO,Pinheiros,1,0.3858333333333333,0.11499999999999999,0.19999999999999998,0.07083333333333335,0.18666666666666668,0.043333333333333335,0.14333333333333334,0.07916666666666668,0.06833333333333333,1.2166666666666668,0.03833333333333334,0.10416666666666667,35.685,0.09999999999999999,0.18666666666666668,53.06166666666667,0.07083333333333335,0.10000000000000002,69.96499999999999,0.007499999999999999,0.028333333333333335,0.4466666666666666,0.011666666666666665,0.09583333333333333,0.12166666666666669,0.06833333333333333,0.015,0.44166666666666665,0.3716666666666666,0.1525,0.16666666666666666,0.0525,0.1791666666666667,0.043333333333333335,0.13583333333333333,0.09000000000000001,0.08,1.1916666666666667,0.050833333333333335,0.13,39.068333333333335,0.08333333333333333,0.165,50.55666666666667,0.0525,0.08583333333333333,61.10999999999999,0.005833333333333334,0.02916666666666667,0.39166666666666666,0.008333333333333333,0.08833333333333333,0.09500000000000001,0.08,0.015,0.4041666666666666
82,64,2023-11-21,6,1,2023-2024,Coop/São José Basketball,Flamengo,1,0.3958333333333333,0.135,0.18999999999999997,0.07083333333333335,0.18916666666666668,0.04833333333333333,0.14083333333333334,0.08333333333333333,0.07583333333333334,1.1066666666666667,0.045000000000000005,0.13249999999999998,33.9,0.09499999999999999,0.1758333333333333,54.406666666666666,0.07083333333333335,0.1025,68.20333333333333,0.0025,0.04,0.5399999999999999,0.009166666666666667,0.10583333333333333,0.09000000000000001,0.07583333333333334,0.016666666666666666,0.44166666666666665,0.41250000000000003,0.13749999999999998,0.19666666666666666,0.07833333333333332,0.20666666666666667,0.065,0.1416666666666667,0.09666666666666666,0.06166666666666667,1.5733333333333335,0.04583333333333334,0.15666666666666668,29.639999999999997,0.09833333333333333,0.17166666666666666,57.550000000000004,0.07833333333333332,0.09999999999999999,78.3,0.010833333333333334,0.04,0.64,0.006666666666666667,0.07416666666666667,0.09000000000000001,0.06166666666666667,0.011666666666666667,0.4950000000000001
79,68,2023-11-22,6,1,2023-2024,Paulistano,Pato Basquete,1,0.35,0.09214285714285715,0.1957142857142857,0.062142857142857146,0.2092857142857143,0.07214285714285715,0.13714285714285712,0.07428571428571429,0.07857142857142858,1.002857142857143,0.030714285714285715,0.10428571428571429,28.705714285714286,0.09785714285714285,0.2107142857142857,46.37428571428571,0.062142857142857146,0.08642857142857142,72.59857142857143,0.005714285714285714,0.04428571428571428,0.5971428571428571,0.010714285714285714,0.09571428571428572,0.11,0.07857142857142858,0.014285714285714287,0.3992857142857143,0.37825000000000003,0.15075,0.175,0.052500000000000005,0.182,0.051250000000000004,0.13074999999999998,0.08575000000000002,0.06325,1.4260000000000004,0.050249999999999996,0.14950000000000002,33.767999999999994,0.0875,0.16425,53.470000000000006,0.052500000000000005,0.07750000000000001,66.986,0.006499999999999999,0.030500000000000006,0.492,0.0045000000000000005,0.0895,0.052000000000000005,0.06325,0.013999999999999999,0.41674999999999995
94,59,2023-11-22,6,1,2023-2024,Bauru Basket,Caxias do Sul Basquete,1,0.3863888888888889,0.15000000000000002,0.18611111111111114,0.050277777777777775,0.1627777777777778,0.04472222222222221,0.11805555555555555,0.08472222222222221,0.06027777777777778,1.38,0.05,0.13861111111111113,35.373333333333335,0.09305555555555557,0.18666666666666668,50.303333333333335,0.050277777777777775,0.06555555555555555,75.39888888888888,0.007777777777777777,0.0375,0.62,0.005277777777777778,0.08805555555555555,0.06333333333333334,0.06027777777777778,0.012499999999999999,0.41888888888888887,0.3757142857142857,0.10285714285714286,0.18857142857142856,0.0842857142857143,0.18571428571428572,0.055714285714285716,0.13000000000000003,0.08357142857142856,0.06714285714285714,1.2514285714285713,0.03428571428571429,0.11857142857142856,29.40285714285714,0.09428571428571428,0.1992857142857143,47.86,0.0842857142857143,0.12714285714285717,66.41714285714286,0.007857142857142858,0.04357142857142857,0.6742857142857144,0.009285714285714286,0.09428571428571429,0.10142857142857142,0.06714285714285714,0.018571428571428572,0.3985714285714286
101,56,2023-11-22,6,1,2023-2024,Sesi Franca,União Corinthians,1,0.4407142857142857,0.14785714285714285,0.21000714285714286,0.08285000000000001,0.19429285714285713,0.05928571428571428,0.13500714285714285,0.10427857142857143,0.06572142857142858,1.6185714285714283,0.04928571428571428,0.14284999999999998,34.74,0.10499285714285714,0.18357857142857142,57.13,0.08285000000000001,0.10856428571428571,75.9057142857143,0.010714285714285716,0.038571428571428576,0.5957142857142858,0.011435714285714285,0.09928571428571428,0.11857142857142855,0.06572142857142858,0.015721428571428574,0.5257071428571428,0.37343750000000003,0.13124999999999998,0.160625,0.0815625,0.17656249999999998,0.039375,0.1371875,0.0678125,0.07375000000000001,0.9387499999999999,0.04375,0.12,36.684999999999995,0.0803125,0.1740625,46.089999999999996,0.0815625,0.1009375,79.47375000000001,0.0021874999999999998,0.0278125,0.37,0.009062500000000001,0.11,0.08125,0.07375000000000001,0.01,0.3915625
96,72,2023-11-23,6,1,2023-2024,Coop/São José Basketball,Botafogo,1,0.40285714285714286,0.13285714285714287,0.1992857142857143,0.07071428571428572,0.19249999999999998,0.048928571428571425,0.1435714285714286,0.08785714285714286,0.07607142857142857,1.1600000000000001,0.04428571428571428,0.13285714285714284,33.29,0.09964285714285714,0.1789285714285714,55.857142857142854,0.07071428571428572,0.10071428571428571,69.57142857142857,0.0032142857142857142,0.04142857142857143,0.5557142857142857,0.008928571428571428,0.10535714285714286,0.08714285714285716,0.07607142857142857,0.01607142857142857,0.45964285714285713,0.37075,0.12450000000000001,0.186,0.060250000000000005,0.17999999999999997,0.05600000000000001,0.12399999999999997,0.07899999999999999,0.075,1.149,0.041499999999999995,0.14425000000000002,28.428000000000004,0.093,0.17775,52.352999999999994,0.060250000000000005,0.0895,67.78899999999999,0.0019999999999999996,0.035,0.5199999999999999,0.009500000000000001,0.10450000000000001,0.092,0.075,0.02025,0.38249999999999995
85,78,2023-11-23,6,1,2023-2024,UNIFACISA,Pinheiros,1,0.37083333333333335,0.145,0.15833333333333335,0.0675,0.19833333333333336,0.065,0.13333333333333333,0.08,0.06833333333333333,1.1683333333333332,0.04833333333333333,0.15416666666666667,31.64,0.07916666666666668,0.155,50.62333333333333,0.0675,0.09166666666666666,74.10666666666667,0.005,0.034166666666666665,0.49500000000000005,0.013333333333333334,0.09666666666666666,0.1416666666666667,0.06833333333333333,0.015000000000000001,0.42249999999999993,0.3764285714285714,0.14892857142857144,0.1764285714285714,0.051071428571428566,0.18321428571428575,0.049999999999999996,0.1332142857142857,0.08821428571428572,0.0775,1.1985714285714286,0.04964285714285714,0.13178571428571428,37.74714285714286,0.0882142857142857,0.17285714285714285,50.964285714285715,0.051071428571428566,0.08357142857142856,61.052857142857135,0.0067857142857142855,0.028571428571428574,0.39285714285714285,0.0075,0.08785714285714286,0.08571428571428573,0.0775,0.013571428571428571,0.4071428571428571
86,95,2023-11-23,6,1,2023-2024,Mogi,Flamengo,0,0.35547857142857137,0.14714285714285716,0.14905000000000004,0.05928571428571429,0.14547857142857143,0.03905000000000001,0.10642857142857141,0.08357142857142856,0.0752357142857143,1.1114285714285717,0.04905,0.13380714285714287,36.98857142857143,0.07452142857142859,0.14357142857142854,52.07285714285714,0.05928571428571429,0.08190714285714286,71.70142857142856,0.0016642857142857143,0.026192857142857146,0.3442857142857143,0.00857142857142857,0.1157142857142857,0.07285714285714286,0.0752357142857143,0.014521428571428574,0.3676214285714285,0.41035714285714286,0.13499999999999998,0.19857142857142857,0.07678571428571428,0.19785714285714287,0.0625,0.13535714285714287,0.09428571428571428,0.06142857142857143,1.5385714285714287,0.045,0.15321428571428572,29.718571428571426,0.09928571428571428,0.17142857142857143,58.151428571428575,0.07678571428571428,0.10035714285714285,76.52142857142857,0.011428571428571429,0.041428571428571426,0.6671428571428571,0.007500000000000001,0.07642857142857143,0.09714285714285716,0.06142857142857143,0.011785714285714287,0.48607142857142865
75,83,2023-11-23,6,1,2023-2024,São Paulo,Minas,0,0.384375,0.13781249999999998,0.179375,0.0671875,0.1640625,0.040625,0.12343749999999998,0.0790625,0.050624999999999996,1.5775000000000001,0.04593749999999999,0.13687500000000002,32.74125,0.0896875,0.1696875,52.595000000000006,0.0671875,0.08625,77.3775,0.004375,0.024374999999999997,0.47874999999999995,0.0071874999999999994,0.10031250000000001,0.08499999999999999,0.050624999999999996,0.005,0.4184375,0.415,0.14357142857142854,0.1928571428571429,0.07857142857142856,0.19142857142857142,0.05571428571428571,0.1357142857142857,0.10571428571428572,0.06714285714285714,1.6585714285714281,0.047857142857142855,0.14071428571428574,32.77285714285714,0.09642857142857145,0.16785714285714284,57.1457142857143,0.07857142857142856,0.1042857142857143,74.72714285714287,0.005,0.03571428571428571,0.5157142857142857,0.012857142857142859,0.10071428571428573,0.12999999999999998,0.06714285714285714,0.015000000000000001,0.5035714285714284
78,65,2023-11-23,6,1,2023-2024,Fortaleza B. C. / CFO,Corinthians,1,0.3896428571428571,0.11892857142857141,0.20214285714285715,0.06857142857142857,0.18071428571428574,0.04107142857142858,0.13964285714285715,0.08071428571428572,0.06535714285714285,1.312857142857143,0.039642857142857146,0.10678571428571429,36.12714285714286,0.10107142857142858,0.18500000000000003,54.25714285714286,0.06857142857142857,0.0992857142857143,68.24,0.006785714285714285,0.029285714285714286,0.48857142857142855,0.012499999999999999,0.09214285714285715,0.14,0.06535714285714285,0.013571428571428571,0.44571428571428573,0.3875,0.11,0.21166666666666667,0.06583333333333334,0.20083333333333334,0.059166666666666666,0.1416666666666667,0.07833333333333335,0.065,1.2133333333333334,0.036666666666666674,0.13083333333333336,27.916666666666668,0.10583333333333333,0.19333333333333336,55.49166666666667,0.06583333333333334,0.09583333333333333,68.79333333333334,0.008333333333333333,0.03,0.4716666666666667,0.009166666666666668,0.08833333333333333,0.10833333333333334,0.065,0.014166666666666668,0.4291666666666667
84,53,2023-11-24,6,1,2023-2024,Cerrado,BRB/Brasília,1,0.35688125000000004,0.11250000000000002,0.18625624999999996,0.058125,0.22311874999999998,0.079375,0.14374374999999998,0.07812499999999999,0.06999375,1.145,0.03749374999999999,0.133125,28.542499999999997,0.09311875,0.21000000000000002,44.3825,0.058125,0.10313124999999998,56.653749999999995,0.00625625,0.03249375,0.47624999999999995,0.01124375,0.09249375,0.115,0.06999375,0.011256250000000002,0.37436875000000003,0.3646875,0.14062500000000003,0.16749999999999998,0.056562499999999995,0.16624999999999998,0.045625,0.12062500000000001,0.06843750000000001,0.06593750000000001,1.07875,0.046875,0.13625000000000004,33.942499999999995,0.08374999999999999,0.17843750000000003,46.9125,0.056562499999999995,0.08562499999999999,65.78375,0.005937499999999999,0.035,0.5550000000000002,0.0053125,0.09874999999999999,0.05625000000000001,0.06593750000000001,0.0165625,0.36062500000000003
89,60,2023-11-24,6,1,2023-2024,Sesi Franca,Caxias do Sul Basquete,1,0.445,0.14625,0.21875625,0.07999375,0.20000625,0.0596875,0.14031875,0.10405625,0.06719375000000001,1.5812499999999998,0.048749999999999995,0.13905625,35.3975,0.10936875,0.18875625000000001,57.76625,0.07999375,0.10436875,76.4175,0.011562500000000002,0.0384375,0.58125,0.01219375,0.09375,0.14375,0.06719375000000001,0.014693750000000002,0.5384312499999999,0.36593749999999997,0.1021875,0.18499999999999997,0.07875000000000001,0.181875,0.055625,0.12625000000000003,0.08312499999999999,0.0696875,1.20875,0.034062499999999996,0.12031249999999999,28.79375,0.09249999999999999,0.1975,47.2825,0.07875000000000001,0.11812500000000002,67.20625000000001,0.009375,0.042812499999999996,0.64375,0.009062500000000001,0.09468750000000001,0.09874999999999999,0.0696875,0.018437500000000002,0.3825
76,75,2023-11-25,6,1,2023-2024,UNIFACISA,Corinthians,1,0.37535714285714283,0.14035714285714287,0.17071428571428574,0.0642857142857143,0.1967857142857143,0.06142857142857143,0.13535714285714287,0.08178571428571428,0.06749999999999999,1.2128571428571429,0.04678571428571428,0.15250000000000002,30.88,0.08535714285714287,0.16071428571428573,52.365714285714276,0.0642857142857143,0.08678571428571427,74.7,0.004999999999999999,0.03428571428571429,0.5042857142857143,0.012142857142857144,0.09535714285714285,0.13000000000000003,0.06749999999999999,0.014642857142857143,0.42928571428571427,0.3821428571428572,0.10714285714285714,0.20785714285714288,0.06714285714285714,0.20142857142857146,0.057499999999999996,0.14392857142857143,0.07500000000000002,0.06464285714285714,1.1657142857142857,0.03571428571428571,0.13035714285714287,27.29,0.10392857142857144,0.19321428571428573,54.42857142857143,0.06714285714285714,0.09535714285714285,70.54857142857144,0.007500000000000001,0.02964285714285714,0.46714285714285714,0.008928571428571428,0.08642857142857142,0.10714285714285714,0.06464285714285714,0.013928571428571429,0.42035714285714293
79,95,2023-11-25,6,1,2023-2024,Mogi,R10 Score Vasco da Gama,0,0.3633375,0.154375,0.14833750000000004,0.060625000000000005,0.1445875,0.039587500000000005,0.10499999999999998,0.08499999999999999,0.07541250000000001,1.1275000000000002,0.05146250000000001,0.13478750000000003,38.395,0.0741625,0.1425,52.2,0.060625000000000005,0.08271250000000001,72.645,0.0016625000000000001,0.0264625,0.34750000000000003,0.008124999999999999,0.11437499999999999,0.07,0.07541250000000001,0.015412500000000003,0.37833749999999994,0.36125625,0.13125,0.16749374999999997,0.062493749999999994,0.19874375,0.049375,0.14936875,0.09936875,0.07906875,1.335,0.04375625,0.13938125,31.50625,0.08375624999999999,0.15843124999999997,53.269999999999996,0.062493749999999994,0.09563125,66.5575,0.0084375,0.03500625,0.43375,0.01250625,0.11343750000000001,0.10375,0.07906875,0.0171875,0.424375
71,86,2023-11-25,6,1,2023-2024,Paulistano,Minas,0,0.35312499999999997,0.095625,0.196875,0.060625,0.20625000000000002,0.07125000000000001,0.13499999999999998,0.0746875,0.0753125,1.0625,0.031875,0.1075,28.96375,0.0984375,0.20968749999999997,46.905,0.060625,0.0865625,70.66625,0.005625,0.043125,0.60625,0.0115625,0.09656250000000001,0.11750000000000001,0.0753125,0.013437500000000002,0.400625,0.41593749999999996,0.1528125,0.18875000000000003,0.074375,0.18968749999999998,0.055624999999999994,0.1340625,0.103125,0.06593750000000001,1.6362499999999998,0.0509375,0.140625,35.15,0.09437500000000001,0.16843749999999996,55.80000000000001,0.074375,0.09906250000000001,74.38625,0.005,0.0346875,0.51125,0.0121875,0.09968750000000001,0.12374999999999999,0.06593750000000001,0.014375,0.50125
89,73,2023-11-27,7,1,2023-2024,Flamengo,Bauru Basket,1,0.40875,0.133125,0.19999999999999998,0.075625,0.19125,0.060625,0.13062500000000002,0.09249999999999999,0.06125,1.5125000000000002,0.044375,0.150625,29.777499999999996,0.09999999999999999,0.17124999999999999,58.6025,0.075625,0.100625,75.1875,0.011875,0.042499999999999996,0.6875,0.008125,0.078125,0.10250000000000001,0.06125,0.011875,0.4793750000000001,0.395,0.15,0.18900000000000003,0.055999999999999994,0.1655,0.04399999999999999,0.12150000000000001,0.087,0.0605,1.4140000000000001,0.05,0.138,35.61,0.09450000000000001,0.18450000000000003,51.788,0.055999999999999994,0.0725,75.82199999999999,0.007999999999999998,0.03899999999999999,0.642,0.006500000000000001,0.0885,0.076,0.0605,0.012499999999999999,0.438
83,71,2023-11-27,7,1,2023-2024,Coop/São José Basketball,R10 Score Vasco da Gama,1,0.40812499999999996,0.13125,0.20625,0.07062500000000001,0.19499999999999998,0.049374999999999995,0.145625,0.09125,0.07625,1.2000000000000002,0.04375,0.133125,32.832499999999996,0.103125,0.18125,56.945,0.07062500000000001,0.09937499999999999,70.5975,0.00375,0.0425,0.5675,0.00875,0.10500000000000001,0.08500000000000002,0.07625,0.015624999999999998,0.47312499999999996,0.36945,0.14,0.16777222222222218,0.061661111111111104,0.19888333333333333,0.051666666666666666,0.14721666666666666,0.10166111111111112,0.07833888888888889,1.3711111111111112,0.04667222222222222,0.1405611111111111,33.19111111111111,0.08389444444444444,0.1599944444444444,52.82666666666666,0.061661111111111104,0.09278333333333334,67.89222222222222,0.008888888888888889,0.03445000000000001,0.43111111111111117,0.012227777777777777,0.11166666666666668,0.10333333333333333,0.07833888888888889,0.017777777777777778,0.43722222222222223
70,62,2023-11-28,7,1,2023-2024,Cerrado,Mogi,1,0.36389444444444446,0.11333333333333334,0.19333888888888884,0.05722222222222222,0.22443888888888885,0.07722222222222223,0.14721666666666666,0.08277777777777777,0.06999444444444444,1.2077777777777778,0.037772222222222214,0.13055555555555556,29.41111111111111,0.09666111111111111,0.21000000000000002,46.06444444444444,0.05722222222222222,0.09944999999999998,58.29555555555555,0.007783333333333333,0.033327777777777776,0.48666666666666664,0.012216666666666667,0.08999444444444443,0.13444444444444445,0.06999444444444444,0.011672222222222224,0.3983277777777778,0.36945,0.16000000000000003,0.14778333333333338,0.061666666666666675,0.14389444444444444,0.04000555555555556,0.10388888888888886,0.0861111111111111,0.07555,1.1400000000000001,0.0533388888888889,0.13555000000000003,39.488888888888894,0.07388333333333334,0.14166666666666666,52.2988888888889,0.061666666666666675,0.0833388888888889,73.37888888888888,0.0016611111111111113,0.026672222222222222,0.35000000000000003,0.007777777777777777,0.11333333333333334,0.06777777777777778,0.07555,0.016105555555555557,0.38667222222222214
51,63,2023-11-28,7,1,2023-2024,União Corinthians,Paulistano,0,0.36611111111111116,0.13,0.16,0.0761111111111111,0.17444444444444443,0.04,0.13444444444444445,0.06777777777777777,0.07277777777777777,0.9499999999999998,0.04333333333333333,0.12277777777777778,35.67444444444444,0.08,0.17555555555555558,45.5611111111111,0.0761111111111111,0.0961111111111111,76.92333333333335,0.002222222222222222,0.02722222222222222,0.36777777777777776,0.00888888888888889,0.10888888888888888,0.0811111111111111,0.07277777777777777,0.01,0.37666666666666665,0.3555555555555555,0.09833333333333333,0.19777777777777777,0.059444444444444446,0.2038888888888889,0.07055555555555555,0.1333333333333333,0.07500000000000001,0.07277777777777777,1.108888888888889,0.032777777777777774,0.11,29.164444444444445,0.09888888888888889,0.20888888888888887,47.31777777777778,0.059444444444444446,0.08666666666666667,69.16333333333334,0.005555555555555555,0.042222222222222223,0.6133333333333333,0.012222222222222223,0.09722222222222224,0.12333333333333335,0.07277777777777777,0.01277777777777778,0.40166666666666667
79,84,2023-11-28,7,1,2023-2024,Caxias do Sul Basquete,São Paulo,0,0.3583333333333333,0.10166666666666667,0.18222222222222217,0.07444444444444447,0.1788888888888889,0.05555555555555555,0.12333333333333336,0.08277777777777777,0.07166666666666667,1.1755555555555555,0.033888888888888885,0.12166666666666666,28.32,0.09111111111111109,0.19611111111111112,46.833333333333336,0.07444444444444447,0.11111111111111113,67.82000000000001,0.010555555555555556,0.04222222222222222,0.62,0.00888888888888889,0.09500000000000001,0.09666666666666665,0.07166666666666667,0.018333333333333337,0.37,0.38722222222222225,0.13666666666666663,0.18555555555555556,0.065,0.16666666666666666,0.042777777777777776,0.12388888888888887,0.07888888888888888,0.05111111111111111,1.558888888888889,0.045555555555555544,0.1366666666666667,32.601111111111116,0.09277777777777778,0.17166666666666666,53.71444444444445,0.065,0.08333333333333333,77.57666666666665,0.0044444444444444444,0.023888888888888887,0.4655555555555555,0.008333333333333333,0.09722222222222224,0.10222222222222221,0.05111111111111111,0.005555555555555556,0.4255555555555556
83,80,2023-11-29,7,1,2023-2024,Botafogo,Bauru Basket,1,0.3718181818181818,0.12545454545454546,0.18545454545454546,0.06090909090909091,0.17999999999999997,0.056818181818181816,0.12318181818181816,0.07909090909090909,0.07681818181818181,1.1209090909090909,0.04181818181818182,0.14136363636363639,29.480000000000004,0.09272727272727273,0.18,51.63363636363636,0.06090909090909091,0.08999999999999998,68.08545454545452,0.001818181818181818,0.034090909090909095,0.4963636363636363,0.009545454545454546,0.10409090909090911,0.09272727272727273,0.07681818181818181,0.020000000000000004,0.3818181818181818,0.39105909090909097,0.14954545454545454,0.1863636363636364,0.05514999999999999,0.16515000000000002,0.044090909090909076,0.12105909090909091,0.08681818181818181,0.062272727272727264,1.3818181818181818,0.04985,0.13939545454545457,35.23818181818182,0.0931818181818182,0.18151363636363638,51.875454545454545,0.05514999999999999,0.07181818181818182,75.45545454545453,0.007727272727272727,0.03848636363636363,0.6218181818181818,0.006818181818181818,0.08939545454545456,0.07818181818181819,0.062272727272727264,0.013786363636363635,0.4315136363636363
85,82,2023-11-29,7,1,2023-2024,Minas,UNIFACISA,1,0.41666666666666663,0.16,0.18555555555555558,0.07111111111111111,0.18833333333333332,0.05555555555555555,0.13277777777777777,0.1011111111111111,0.065,1.6188888888888888,0.05333333333333333,0.14055555555555557,36.99888888888889,0.09277777777777779,0.16888888888888884,54.753333333333345,0.07111111111111111,0.09500000000000001,74.12111111111112,0.005,0.03388888888888889,0.5077777777777778,0.011666666666666667,0.0988888888888889,0.11888888888888888,0.065,0.013888888888888888,0.49944444444444447,0.37875,0.136875,0.18,0.061875,0.19562500000000002,0.05875,0.136875,0.083125,0.06687499999999999,1.24625,0.04562499999999999,0.15125000000000002,30.31,0.09,0.165,53.67249999999999,0.061875,0.08312499999999999,75.145,0.004999999999999999,0.034375,0.51125,0.011250000000000001,0.094375,0.12125000000000002,0.06687499999999999,0.014375,0.43437499999999996
75,76,2023-11-29,7,1,2023-2024,Pato Basquete,Fortaleza B. C. / CFO,0,0.37454545454545457,0.15000000000000002,0.17181818181818184,0.052727272727272734,0.1809090909090909,0.051818181818181826,0.1290909090909091,0.08500000000000002,0.06363636363636363,1.4009090909090913,0.049999999999999996,0.1490909090909091,33.67636363636363,0.08590909090909092,0.1640909090909091,52.52545454545455,0.052727272727272734,0.07636363636363637,68.58909090909091,0.006818181818181817,0.03045454545454546,0.4872727272727273,0.005000000000000001,0.08863636363636364,0.05909090909090909,0.06363636363636363,0.013636363636363636,0.4113636363636363,0.3925,0.12187499999999998,0.20375000000000001,0.066875,0.17625000000000002,0.03937500000000001,0.136875,0.081875,0.063125,1.3850000000000002,0.040625,0.10875000000000001,36.45875,0.10187500000000001,0.18375000000000002,55.15375,0.066875,0.09875,66.94624999999999,0.0062499999999999995,0.030000000000000002,0.52,0.013125,0.08937500000000001,0.15375,0.063125,0.0125,0.44875
81,80,2023-11-30,7,1,2023-2024,BRB/Brasília,Mogi,1,0.3538888888888889,0.13500000000000004,0.1633333333333333,0.05555555555555555,0.1661111111111111,0.04722222222222222,0.11888888888888889,0.06666666666666668,0.06611111111111112,1.0455555555555556,0.045000000000000005,0.13444444444444448,32.94888888888889,0.08166666666666665,0.1816666666666667,45.18111111111111,0.05555555555555555,0.08444444444444443,65.51111111111112,0.0061111111111111106,0.035,0.5511111111111112,0.005555555555555556,0.09722222222222221,0.060000000000000005,0.06611111111111112,0.016111111111111114,0.34277777777777785,0.368005,0.15525000000000003,0.15000500000000003,0.06275,0.147255,0.040755,0.1065,0.08549999999999999,0.074745,1.145,0.05175500000000001,0.13649500000000003,38.126000000000005,0.074995,0.14075,53.484,0.06275,0.08625500000000001,72.48499999999999,0.001745,0.026755,0.35600000000000004,0.0072499999999999995,0.11274999999999999,0.06300000000000001,0.074745,0.015745000000000002,0.38600499999999993
94,92,2023-11-30,7,1,2023-2024,Corinthians,Pinheiros,1,0.37812500000000004,0.105,0.20500000000000002,0.068125,0.20187500000000003,0.056249999999999994,0.145625,0.07250000000000002,0.064375,1.1300000000000001,0.035,0.13,26.82,0.10250000000000001,0.193125,53.63125,0.068125,0.095,71.86500000000001,0.006875000000000001,0.029375,0.46375,0.00875,0.08499999999999999,0.10625,0.064375,0.01375,0.41375000000000006,0.38,0.14625,0.18374999999999997,0.049999999999999996,0.18625000000000003,0.05499999999999999,0.13124999999999998,0.08687500000000001,0.075625,1.20375,0.048749999999999995,0.133125,36.75625,0.09187499999999998,0.17875,51.269999999999996,0.049999999999999996,0.081875,61.00999999999999,0.0075,0.028125,0.39375,0.006875,0.0875,0.07875000000000001,0.075625,0.0125,0.40937499999999993
65,81,2023-11-30,7,1,2023-2024,Caxias do Sul Basquete,Paulistano,0,0.35849999999999993,0.10350000000000001,0.18049999999999997,0.07450000000000001,0.17675000000000002,0.05500000000000001,0.12175000000000002,0.08224999999999999,0.073,1.149,0.03449999999999999,0.12050000000000001,29.124000000000002,0.09024999999999998,0.195,46.609,0.07450000000000001,0.11000000000000003,68.53800000000001,0.010499999999999999,0.042249999999999996,0.608,0.008500000000000002,0.09575000000000002,0.092,0.073,0.018250000000000006,0.369,0.356,0.09825,0.198,0.059750000000000004,0.20325000000000001,0.07025,0.13299999999999995,0.07375000000000001,0.07175000000000001,1.098,0.03275,0.10925,29.419,0.099,0.20800000000000002,47.586,0.059750000000000004,0.0875,68.826,0.00625,0.042249999999999996,0.6199999999999999,0.0125,0.09725000000000002,0.126,0.07175000000000001,0.012250000000000002,0.40275
74,81,2023-11-30,7,1,2023-2024,União Corinthians,São Paulo,0,0.36075,0.1275,0.1605,0.07275,0.174,0.041749999999999995,0.13225,0.06725,0.072,0.9509999999999998,0.042499999999999996,0.12375,34.748999999999995,0.08025,0.17350000000000002,46.327999999999996,0.07275,0.092,76.958,0.0022499999999999994,0.027000000000000003,0.369,0.008500000000000002,0.10800000000000001,0.078,0.072,0.00975,0.37174999999999997,0.38975000000000004,0.13199999999999998,0.19,0.06775,0.16625,0.042499999999999996,0.12374999999999999,0.07899999999999999,0.05125,1.5550000000000002,0.044,0.13275,32.418,0.095,0.1725,54.732000000000006,0.06775,0.08675,77.691,0.005,0.025499999999999995,0.49499999999999994,0.008749999999999999,0.09675000000000002,0.10600000000000001,0.05125,0.006,0.43274999999999997
93,88,2023-12-01,7,1,2023-2024,Minas,Fortaleza B. C. / CFO,1,0.41949999999999993,0.16199999999999998,0.186,0.0715,0.18724999999999997,0.05475,0.1325,0.1035,0.06500000000000002,1.6489999999999998,0.054000000000000006,0.14225000000000002,37.109,0.093,0.16974999999999996,54.63000000000001,0.0715,0.09575000000000002,74.026,0.0052499999999999995,0.03275000000000001,0.492,0.01225,0.09775000000000002,0.12699999999999997,0.06500000000000002,0.013750000000000002,0.501,0.3944444444444445,0.12333333333333332,0.20666666666666667,0.06444444444444446,0.17777777777777778,0.038888888888888896,0.1388888888888889,0.08527777777777779,0.06444444444444444,1.397777777777778,0.04111111111111111,0.10944444444444446,36.75555555555556,0.10333333333333333,0.18555555555555558,55.41444444444445,0.06444444444444446,0.0961111111111111,66.17444444444443,0.006388888888888888,0.02888888888888889,0.49222222222222217,0.013055555555555555,0.08805555555555557,0.15444444444444444,0.06444444444444444,0.01361111111111111,0.4527777777777778
64,68,2023-12-01,7,1,2023-2024,Pato Basquete,UNIFACISA,0,0.3722916666666667,0.14500000000000002,0.17583333333333337,0.051458333333333335,0.1825,0.05375,0.12875,0.08395833333333334,0.06166666666666667,1.4350000000000003,0.04833333333333333,0.146875,32.91083333333333,0.08791666666666668,0.17020833333333332,52.00833333333335,0.051458333333333335,0.07520833333333334,67.87333333333333,0.007083333333333331,0.030416666666666675,0.5091666666666667,0.004791666666666667,0.08958333333333333,0.05666666666666667,0.06166666666666667,0.013125,0.4077083333333333,0.3783333333333333,0.13416666666666666,0.17777777777777776,0.06638888888888889,0.1938888888888889,0.05666666666666667,0.13722222222222222,0.08055555555555556,0.0661111111111111,1.218888888888889,0.04472222222222221,0.14888888888888893,30.147777777777776,0.08888888888888888,0.16333333333333333,53.63444444444443,0.06638888888888889,0.08722222222222221,76.28666666666666,0.004722222222222221,0.034166666666666665,0.5144444444444445,0.010555555555555558,0.09472222222222222,0.11333333333333336,0.0661111111111111,0.014166666666666668,0.4319444444444444
93,67,2023-12-02,7,1,2023-2024,Flamengo,Sesi Franca,1,0.4138888888888889,0.13666666666666666,0.2011111111111111,0.0761111111111111,0.1922222222222222,0.06194444444444444,0.1302777777777778,0.09666666666666665,0.059166666666666666,1.6844444444444446,0.04555555555555555,0.1527777777777778,30.063333333333333,0.10055555555555555,0.17194444444444443,58.663333333333334,0.0761111111111111,0.1,76.19,0.010833333333333334,0.041666666666666664,0.7022222222222223,0.007777777777777778,0.08194444444444444,0.09555555555555556,0.059166666666666666,0.011666666666666665,0.49055555555555563,0.44833333333333336,0.145,0.22556111111111113,0.07777222222222223,0.20445,0.060000000000000005,0.14445,0.10388333333333334,0.0683388888888889,1.5522222222222222,0.048333333333333325,0.13610555555555556,35.90888888888889,0.11277222222222222,0.19278333333333336,58.26111111111111,0.07777222222222223,0.10110555555555555,76.81555555555556,0.012222222222222225,0.03833333333333333,0.5700000000000001,0.012783333333333334,0.08944444444444445,0.16333333333333333,0.0683388888888889,0.013894444444444447,0.5483277777777776
74,78,2023-12-02,7,1,2023-2024,Cerrado,Coop/São José Basketball,0,0.363505,0.11174999999999999,0.19400499999999996,0.05775,0.22024499999999997,0.07375000000000001,0.146495,0.08374999999999999,0.067745,1.282,0.03724499999999999,0.13025,29.019,0.096995,0.20775000000000002,46.791,0.05775,0.098755,59.223,0.008005,0.034245,0.5269999999999999,0.011745,0.08824499999999999,0.131,0.067745,0.011505000000000001,0.400995,0.4075,0.13583333333333336,0.2033333333333333,0.06833333333333334,0.19722222222222222,0.050277777777777775,0.14694444444444443,0.09083333333333334,0.07722222222222222,1.1811111111111112,0.04527777777777778,0.13444444444444445,33.591111111111104,0.10166666666666666,0.18194444444444444,55.95111111111111,0.06833333333333334,0.09527777777777777,71.64222222222222,0.004166666666666667,0.042222222222222223,0.5566666666666666,0.008888888888888889,0.10194444444444445,0.09000000000000002,0.07722222222222222,0.01583333333333333,0.4730555555555555
67,58,2023-12-02,7,1,2023-2024,R10 Score Vasco da Gama,Bauru Basket,1,0.36700499999999997,0.13574999999999998,0.17049499999999998,0.06074499999999999,0.197745,0.052250000000000005,0.14549499999999999,0.10099500000000002,0.07900499999999999,1.346,0.045255000000000004,0.13875500000000002,32.525,0.085255,0.16374499999999997,52.480999999999995,0.06074499999999999,0.090755,68.344,0.008749999999999999,0.036505,0.453,0.013005,0.10850000000000001,0.118,0.07900499999999999,0.01775,0.43425,0.38777500000000004,0.14916666666666667,0.1841666666666667,0.05444166666666666,0.16485833333333336,0.04416666666666666,0.12069166666666666,0.08666666666666667,0.06374999999999999,1.3550000000000002,0.049725,0.14055833333333337,34.928333333333335,0.09208333333333335,0.17902500000000002,51.94833333333333,0.05444166666666666,0.07125,75.14999999999999,0.0075,0.038058333333333326,0.605,0.007083333333333333,0.09014166666666668,0.08,0.06374999999999999,0.014858333333333333,0.4261083333333333
66,92,2023-12-04,8,1,2023-2024,BRB/Brasília,Coop/São José Basketball,0,0.359,0.13500000000000004,0.16499999999999998,0.059,0.16649999999999998,0.047,0.11950000000000001,0.0675,0.06500000000000002,1.077,0.045,0.13050000000000003,34.391,0.08249999999999999,0.18450000000000003,44.949,0.059,0.0885,66.16,0.005999999999999999,0.036000000000000004,0.5780000000000001,0.006500000000000001,0.1025,0.064,0.06500000000000002,0.015000000000000003,0.35350000000000004,0.4069999999999999,0.1395,0.20099999999999998,0.06650000000000002,0.199,0.051000000000000004,0.148,0.0905,0.07799999999999999,1.166,0.0465,0.1355,34.19799999999999,0.10049999999999999,0.1825,55.15599999999999,0.06650000000000002,0.092,72.478,0.0045,0.041999999999999996,0.5479999999999999,0.009,0.0995,0.09400000000000001,0.07799999999999999,0.015999999999999997,0.473
64,77,2023-12-04,8,1,2023-2024,R10 Score Vasco da Gama,Sesi Franca,0,0.3650045454545454,0.13227272727272726,0.17272272727272725,0.05999545454545454,0.19681363636363639,0.052727272727272734,0.1440863636363636,0.10045000000000001,0.07955,1.3254545454545457,0.04409545454545454,0.13727727272727275,31.979999999999997,0.08636818181818182,0.16681363636363633,52.198181818181816,0.05999545454545454,0.08909545454545455,68.71363636363635,0.008636363636363636,0.038186363636363636,0.47090909090909094,0.01364090909090909,0.10590909090909094,0.13,0.07955,0.017727272727272727,0.4318181818181818,0.437,0.13799999999999998,0.220005,0.07899500000000001,0.201505,0.05900000000000001,0.142505,0.099495,0.06850500000000001,1.4829999999999999,0.046,0.135995,34.17,0.109995,0.18800500000000003,58.297000000000004,0.07899500000000001,0.101495,77.70500000000001,0.011500000000000002,0.034999999999999996,0.5200000000000001,0.014005,0.0915,0.16999999999999998,0.06850500000000001,0.014005,0.5279949999999999
78,77,2023-12-04,8,1,2023-2024,São Paulo,Botafogo,1,0.39181818181818184,0.12818181818181817,0.19363636363636363,0.07,0.16590909090909092,0.04227272727272727,0.12363636363636363,0.07909090909090909,0.05136363636363636,1.5518181818181818,0.042727272727272725,0.12954545454545455,32.268181818181816,0.09681818181818182,0.17318181818181816,55.56454545454546,0.07,0.08954545454545454,77.78454545454545,0.005454545454545455,0.02681818181818181,0.519090909090909,0.00909090909090909,0.09636363636363637,0.10909090909090911,0.05136363636363636,0.006363636363636364,0.43863636363636355,0.3754166666666667,0.12375000000000001,0.18666666666666668,0.065,0.1795833333333333,0.057499999999999996,0.12208333333333332,0.07999999999999999,0.07666666666666666,1.1275,0.04125,0.14125000000000001,29.10666666666667,0.09333333333333334,0.17875,52.38166666666667,0.065,0.09458333333333331,68.73333333333332,0.0016666666666666663,0.03375,0.4883333333333333,0.009166666666666668,0.10416666666666669,0.08916666666666667,0.07666666666666666,0.01916666666666667,0.3862499999999999
72,77,2023-12-05,8,1,2023-2024,Paulistano,Flamengo,0,0.3563636363636363,0.09818181818181819,0.1981818181818182,0.060000000000000005,0.20272727272727276,0.07,0.1327272727272727,0.07272727272727274,0.07090909090909091,1.089090909090909,0.03272727272727272,0.10863636363636364,29.627272727272725,0.0990909090909091,0.2072727272727273,47.805454545454545,0.060000000000000005,0.08818181818181818,68.55,0.006818181818181818,0.04227272727272727,0.6254545454545454,0.012727272727272728,0.09727272727272727,0.12818181818181817,0.07090909090909091,0.011818181818181821,0.40363636363636357,0.418,0.1395,0.202,0.07649999999999998,0.193,0.063,0.13,0.09999999999999999,0.057499999999999996,1.8220000000000003,0.0465,0.1545,30.292,0.101,0.1725,58.712,0.07649999999999998,0.0995,76.992,0.01,0.041,0.7140000000000001,0.0075000000000000015,0.085,0.09000000000000001,0.057499999999999996,0.0115,0.4995000000000001
73,77,2023-12-05,8,1,2023-2024,Corinthians,Mogi,0,0.38833333333333336,0.11,0.2088888888888889,0.06944444444444445,0.20000000000000004,0.05722222222222221,0.14277777777777778,0.07611111111111113,0.06222222222222223,1.2633333333333334,0.03666666666666667,0.13166666666666668,27.67111111111111,0.10444444444444445,0.19333333333333333,54.510000000000005,0.06944444444444445,0.09722222222222222,71.61,0.007222222222222223,0.029444444444444447,0.48666666666666664,0.008888888888888889,0.08555555555555555,0.10666666666666666,0.06222222222222223,0.013333333333333332,0.42888888888888893,0.3668227272727273,0.1513636363636364,0.1518227272727273,0.06363636363636364,0.15000454545454545,0.04136818181818182,0.10863636363636363,0.08499999999999998,0.07408636363636364,1.1490909090909092,0.05045909090909091,0.13726818181818184,37.010909090909095,0.07590454545454545,0.14,54.45363636363636,0.06363636363636364,0.0886409090909091,71.75363636363636,0.0018136363636363636,0.026822727272727276,0.36090909090909096,0.006818181818181818,0.11227272727272726,0.059090909090909104,0.07408636363636364,0.015450000000000004,0.38545909090909086
67,68,2023-12-06,8,1,2023-2024,Minas,Cerrado,0,0.4218181818181818,0.1636363636363636,0.1863636363636364,0.07181818181818181,0.18636363636363634,0.054090909090909085,0.1322727272727273,0.10545454545454545,0.065,1.6736363636363634,0.05454545454545456,0.14363636363636365,37.19909090909091,0.0931818181818182,0.17045454545454541,54.52909090909091,0.07181818181818181,0.09636363636363637,73.94818181818181,0.005454545454545454,0.03181818181818183,0.47909090909090907,0.012727272727272728,0.09681818181818183,0.1336363636363636,0.065,0.01363636363636364,0.5022727272727272,0.36318636363636364,0.11045454545454544,0.19454999999999997,0.05818181818181818,0.21681363636363635,0.07090909090909091,0.14590454545454545,0.08454545454545453,0.06590454545454545,1.3427272727272728,0.036813636363636354,0.13,28.69818181818182,0.09726818181818181,0.20590909090909093,47.38545454545454,0.05818181818181818,0.09818636363636363,59.98181818181818,0.008186363636363636,0.034995454545454545,0.5599999999999999,0.011359090909090909,0.08681363636363636,0.1281818181818182,0.06590454545454545,0.01136818181818182,0.4031772727272727
94,80,2023-12-06,8,1,2023-2024,UNIFACISA,Caxias do Sul Basquete,1,0.378,0.132,0.176,0.07,0.1925,0.05500000000000001,0.1375,0.07850000000000001,0.0655,1.197,0.04399999999999999,0.14700000000000002,30.018,0.088,0.16199999999999998,53.604,0.07,0.0905,77.19999999999999,0.0045,0.033999999999999996,0.517,0.010000000000000002,0.095,0.10700000000000003,0.0655,0.014000000000000002,0.43,0.3586363636363636,0.10500000000000002,0.17909090909090908,0.07454545454545455,0.17500000000000002,0.05454545454545456,0.12045454545454547,0.0818181818181818,0.07409090909090908,1.1272727272727272,0.03499999999999999,0.11954545454545457,29.781818181818185,0.08954545454545454,0.19409090909090912,46.42545454545455,0.07454545454545455,0.10909090909090913,69.12545454545456,0.010454545454545454,0.04227272727272727,0.5981818181818181,0.008181818181818184,0.09636363636363637,0.08818181818181818,0.07409090909090908,0.018181818181818188,0.36818181818181817
74,78,2023-12-06,8,1,2023-2024,Fortaleza B. C. / CFO,União Corinthians,0,0.396,0.12449999999999999,0.20900000000000002,0.06250000000000001,0.179,0.03850000000000001,0.1405,0.08800000000000001,0.06549999999999999,1.4080000000000001,0.041499999999999995,0.11000000000000001,36.993,0.10450000000000001,0.187,55.623000000000005,0.06250000000000001,0.094,65.55699999999999,0.006500000000000001,0.028000000000000004,0.4699999999999999,0.013000000000000001,0.08700000000000001,0.15499999999999997,0.06549999999999999,0.014499999999999999,0.45600000000000007,0.3563636363636364,0.12545454545454546,0.16090909090909092,0.06999999999999999,0.17363636363636362,0.04318181818181818,0.13045454545454546,0.06681818181818182,0.07136363636363635,0.9518181818181817,0.04181818181818182,0.12454545454545456,33.99181818181818,0.08045454545454546,0.17181818181818184,46.95545454545454,0.06999999999999999,0.08863636363636364,76.98636363636363,0.002272727272727272,0.02681818181818182,0.37000000000000005,0.008181818181818184,0.10727272727272728,0.07545454545454545,0.07136363636363635,0.009545454545454546,0.36772727272727274
70,83,2023-12-07,8,1,2023-2024,São Paulo,Flamengo,0,0.3894458333333333,0.12999999999999998,0.18805416666666666,0.0713875,0.16597083333333335,0.042916666666666665,0.12305416666666665,0.07847083333333332,0.05194583333333333,1.5250000000000001,0.043333333333333335,0.1301375,32.62833333333333,0.09402916666666666,0.17097083333333332,54.5325,0.0713875,0.09097083333333332,78.07333333333334,0.005,0.026945833333333325,0.5166666666666666,0.010137499999999999,0.09680416666666668,0.11750000000000001,0.05194583333333333,0.006945833333333334,0.4356958333333332,0.4163636363636364,0.13977272727272727,0.19954545454545453,0.07704545454545454,0.1934090909090909,0.06318181818181819,0.13022727272727275,0.09863636363636363,0.05931818181818182,1.7563636363636368,0.046590909090909086,0.15363636363636363,30.516363636363636,0.09977272727272726,0.17113636363636361,58.42545454545455,0.07704545454545454,0.1,77.13545454545455,0.010681818181818183,0.04045454545454546,0.6900000000000001,0.00840909090909091,0.08568181818181819,0.0990909090909091,0.05931818181818182,0.012499999999999999,0.4965909090909092
100,77,2023-12-07,8,1,2023-2024,Sesi Franca,BRB/Brasília,1,0.43621363636363636,0.14045454545454544,0.2175818181818182,0.07817727272727272,0.1987909090909091,0.056668181818181826,0.1421272727272727,0.09999545454545454,0.07151818181818183,1.4418181818181817,0.04681818181818182,0.13514545454545454,35.01090909090909,0.10878181818181817,0.18455000000000002,58.855454545454556,0.07817727272727272,0.10060000000000001,77.58272727272728,0.011363636363636366,0.03515,0.5054545454545456,0.014400000000000001,0.09121363636363636,0.17363636363636362,0.07151818181818183,0.014854545454545455,0.5265090909090908,0.35909090909090907,0.13363636363636366,0.16605909090909088,0.05939545454545454,0.16575909090909088,0.04696818181818181,0.11878636363636365,0.06530454545454546,0.06545454545454547,1.0354545454545454,0.04454545454545455,0.13166818181818185,33.801818181818184,0.08303181818181816,0.18590909090909094,44.87818181818182,0.05939545454545454,0.08894090909090908,66.31454545454545,0.005454545454545454,0.03742272727272728,0.5927272727272729,0.006363636363636364,0.10227272727272728,0.06272727272727273,0.06545454545454547,0.014850000000000002,0.34894090909090913
75,69,2023-12-07,8,1,2023-2024,Pinheiros,Mogi,1,0.3888888888888889,0.15166666666666667,0.18555555555555553,0.051666666666666666,0.18444444444444447,0.054444444444444434,0.13,0.08722222222222223,0.07222222222222223,1.2922222222222224,0.05055555555555555,0.13777777777777778,36.79888888888889,0.09277777777777776,0.17555555555555555,52.98111111111111,0.051666666666666666,0.08388888888888889,61.453333333333326,0.006666666666666666,0.026111111111111113,0.37444444444444447,0.006666666666666666,0.08888888888888888,0.07555555555555557,0.07222222222222223,0.011666666666666667,0.41888888888888887,0.36667083333333333,0.155625,0.14792083333333336,0.063125,0.15229583333333332,0.04104583333333333,0.11125,0.08562499999999999,0.07332916666666667,1.1716666666666666,0.05187916666666667,0.13874583333333337,37.55583333333334,0.07395416666666667,0.139375,53.2175,0.063125,0.08729583333333335,72.38333333333333,0.0016625,0.026462500000000003,0.36000000000000004,0.007083333333333333,0.11083333333333333,0.06333333333333334,0.07332916666666667,0.014995833333333338,0.38833749999999995
85,77,2023-12-07,8,1,2023-2024,Paulistano,Botafogo,1,0.35937499999999994,0.098125,0.20000000000000004,0.06125,0.20291666666666672,0.07145833333333333,0.1314583333333333,0.07291666666666667,0.07145833333333333,1.0791666666666668,0.03270833333333333,0.11020833333333334,29.2825,0.10000000000000002,0.208125,48.035833333333336,0.06125,0.08958333333333333,68.79,0.007291666666666666,0.041458333333333326,0.6083333333333333,0.013125000000000003,0.09708333333333334,0.13249999999999998,0.07145833333333333,0.012083333333333335,0.40437499999999993,0.37794999999999995,0.12461538461538463,0.18666538461538465,0.06666538461538461,0.18038461538461534,0.05807692307692307,0.1223076923076923,0.07961538461538462,0.07474230769230769,1.1523076923076923,0.04153846153846154,0.14166538461538464,29.227692307692312,0.09333461538461539,0.18089615384615387,51.826153846153844,0.06666538461538461,0.09512692307692307,70.00384615384614,0.001665384615384615,0.03384615384615385,0.503076923076923,0.009230769230769232,0.10474230769230772,0.08923076923076924,0.07474230769230769,0.018334615384615387,0.390126923076923
62,63,2023-12-08,8,1,2023-2024,Fortaleza B. C. / CFO,Caxias do Sul Basquete,0,0.390909090909091,0.12204545454545453,0.20818181818181822,0.06068181818181819,0.1806818181818182,0.03863636363636364,0.14204545454545456,0.08568181818181819,0.06727272727272726,1.3472727272727274,0.04068181818181818,0.11068181818181819,36.14454545454546,0.10409090909090911,0.18522727272727274,55.99363636363637,0.06068181818181819,0.09386363636363636,63.77454545454545,0.006818181818181818,0.027954545454545458,0.4563636363636363,0.0125,0.08795454545454547,0.14818181818181816,0.06727272727272726,0.014545454545454544,0.4461363636363637,0.3585416666666666,0.10437500000000001,0.18083333333333332,0.07333333333333335,0.17604166666666665,0.05562500000000001,0.12041666666666669,0.08187499999999999,0.07333333333333332,1.1391666666666667,0.03479166666666666,0.12125000000000001,29.234166666666667,0.09041666666666666,0.19583333333333333,46.432500000000005,0.07333333333333335,0.10729166666666669,69.07916666666667,0.011041666666666667,0.04208333333333333,0.6,0.007916666666666669,0.09708333333333334,0.085,0.07333333333333332,0.017291666666666674,0.3672916666666666
86,80,2023-12-08,8,1,2023-2024,UNIFACISA,União Corinthians,1,0.3845454545454545,0.13363636363636364,0.17909090909090908,0.07181818181818182,0.1934090909090909,0.05500000000000001,0.1384090909090909,0.07863636363636364,0.06568181818181819,1.1963636363636363,0.044545454545454534,0.1465909090909091,30.479090909090907,0.08954545454545454,0.1640909090909091,53.89090909090908,0.07181818181818182,0.09204545454545454,77.79272727272726,0.004772727272727272,0.03454545454545454,0.5236363636363636,0.010681818181818183,0.09500000000000001,0.11363636363636366,0.06568181818181819,0.012954545454545456,0.4393181818181818,0.35958333333333337,0.12625,0.16416666666666666,0.06916666666666665,0.1733333333333333,0.043541666666666666,0.12979166666666667,0.06854166666666667,0.07020833333333333,0.9991666666666665,0.042083333333333334,0.12437500000000001,34.22,0.08208333333333333,0.17270833333333335,47.60833333333333,0.06916666666666665,0.089375,75.69916666666667,0.0024999999999999996,0.026875000000000007,0.3791666666666667,0.008958333333333336,0.10687500000000001,0.08333333333333333,0.07020833333333333,0.01,0.37395833333333334
70,75,2023-12-09,8,1,2023-2024,São Paulo,R10 Score Vasco da Gama,0,0.3874384615384615,0.13153846153846152,0.18333076923076924,0.07256153846153847,0.16602307692307694,0.04346153846153847,0.12256153846153844,0.07794615384615383,0.05243846153846154,1.5023076923076923,0.043846153846153854,0.13063846153846154,32.933076923076925,0.09166923076923077,0.1691,53.65923076923077,0.07256153846153847,0.09217692307692306,78.31769230769231,0.004615384615384616,0.027053846153846147,0.5146153846153846,0.011023076923076922,0.09717692307692308,0.12461538461538463,0.05243846153846154,0.007438461538461539,0.4332076923076922,0.3635458333333333,0.13124999999999998,0.16999583333333332,0.062287499999999996,0.19416250000000002,0.052708333333333336,0.14145416666666663,0.09999583333333334,0.08062916666666665,1.3008333333333335,0.04375416666666667,0.13604583333333334,32.03583333333333,0.08500416666666666,0.1649958333333333,51.87166666666666,0.062287499999999996,0.09125416666666668,69.32833333333333,0.008541666666666668,0.038545833333333335,0.47000000000000003,0.013962499999999997,0.1079166666666667,0.13,0.08062916666666665,0.01875,0.4283333333333333
73,71,2023-12-09,8,1,2023-2024,Pinheiros,Coop/São José Basketball,1,0.387,0.15075,0.18249999999999997,0.05375,0.18625000000000003,0.05399999999999999,0.13225,0.08775000000000001,0.075,1.256,0.050249999999999996,0.1365,36.919,0.09124999999999998,0.1735,52.68299999999999,0.05375,0.08499999999999999,62.93999999999998,0.00625,0.025750000000000002,0.36,0.0072499999999999995,0.089,0.08200000000000002,0.075,0.013250000000000001,0.41925,0.4070454545454545,0.13636363636363635,0.20363636363636362,0.06704545454545456,0.20045454545454547,0.05204545454545455,0.1484090909090909,0.09136363636363637,0.07681818181818181,1.2,0.045454545454545456,0.13363636363636364,33.855454545454535,0.10181818181818181,0.18681818181818183,54.68727272727272,0.06704545454545456,0.09272727272727273,72.48,0.005454545454545454,0.04318181818181818,0.5754545454545453,0.009545454545454544,0.09818181818181819,0.10181818181818182,0.07681818181818181,0.016818181818181815,0.47590909090909084
80,77,2023-12-09,8,1,2023-2024,Sesi Franca,Cerrado,1,0.4355583333333333,0.1425,0.21556250000000002,0.07749583333333333,0.19652916666666667,0.054725,0.14181249999999998,0.1004125,0.07402916666666669,1.4074999999999998,0.04750000000000001,0.1344375,35.711666666666666,0.10777083333333332,0.18167083333333334,59.32083333333335,0.07749583333333333,0.09985416666666667,77.48083333333334,0.011250000000000003,0.035275,0.49333333333333346,0.014729166666666668,0.09097499999999999,0.17666666666666667,0.07402916666666669,0.015562500000000002,0.5252708333333332,0.36312916666666667,0.11312499999999999,0.1941708333333333,0.05583333333333334,0.2149958333333333,0.07041666666666667,0.14457916666666668,0.08416666666666667,0.06562083333333334,1.3375000000000001,0.03770416666666666,0.12875,29.748333333333335,0.09707916666666666,0.20666666666666667,47.11916666666667,0.05583333333333334,0.09417083333333333,59.98333333333333,0.007504166666666666,0.03395416666666667,0.5433333333333333,0.010829166666666667,0.08666249999999999,0.12250000000000001,0.06562083333333334,0.011462500000000002,0.40249583333333333
82,73,2023-12-09,8,1,2023-2024,Bauru Basket,BRB/Brasília,1,0.38499615384615393,0.14884615384615385,0.18230769230769234,0.05384230769230768,0.16461153846153848,0.044230769230769226,0.12038076923076922,0.08653846153846154,0.06499999999999999,1.3323076923076924,0.04961923076923077,0.14154230769230772,34.66615384615385,0.09115384615384617,0.1769192307692308,52.01,0.05384230769230768,0.07076923076923076,74.89153846153845,0.007307692307692308,0.03769615384615384,0.5907692307692307,0.007307692307692307,0.09077307692307693,0.08153846153846155,0.06499999999999999,0.015765384615384615,0.42153461538461534,0.35916666666666663,0.13250000000000003,0.16694166666666665,0.059725,0.16514166666666666,0.04694166666666666,0.11819166666666668,0.063475,0.06583333333333335,1.0008333333333332,0.04416666666666667,0.1326416666666667,33.310833333333335,0.08347499999999998,0.18708333333333338,44.81916666666667,0.059725,0.08930833333333332,66.44333333333334,0.004999999999999999,0.038608333333333335,0.6050000000000001,0.006250000000000001,0.10208333333333335,0.061666666666666675,0.06583333333333335,0.014725000000000002,0.3451416666666667
86,91,2023-12-09,8,1,2023-2024,Corinthians,Botafogo,0,0.38925,0.1155,0.20400000000000001,0.06975,0.20175,0.056999999999999995,0.14475000000000002,0.07750000000000001,0.061250000000000006,1.3080000000000003,0.0385,0.13574999999999998,28.092000000000002,0.10200000000000001,0.191,53.76500000000001,0.06975,0.0975,71.699,0.007000000000000001,0.028500000000000004,0.476,0.0085,0.088,0.101,0.061250000000000006,0.013000000000000001,0.43025,0.38012142857142855,0.12535714285714286,0.18666428571428575,0.06809285714285715,0.18107142857142852,0.05857142857142856,0.12249999999999998,0.07928571428571428,0.07309285714285714,1.1735714285714285,0.041785714285714294,0.14202142857142858,29.331428571428575,0.0933357142857143,0.18273571428571428,51.35,0.06809285714285715,0.09559285714285713,71.09285714285713,0.0016642857142857138,0.03392857142857143,0.5157142857142857,0.009285714285714286,0.10523571428571431,0.0892857142857143,0.07309285714285714,0.017621428571428573,0.39344999999999997
70,76,2023-12-11,9,1,2023-2024,Paulistano,R10 Score Vasco da Gama,0,0.36192307692307685,0.09807692307692308,0.20153846153846158,0.0623076923076923,0.20307692307692313,0.0726923076923077,0.13038461538461535,0.07307692307692307,0.07192307692307692,1.070769230769231,0.03269230769230769,0.11153846153846153,28.99076923076923,0.10076923076923079,0.20884615384615385,48.23076923076924,0.0623076923076923,0.09076923076923077,68.99307692307693,0.007692307692307692,0.040769230769230766,0.5938461538461538,0.013461538461538466,0.09692307692307692,0.13615384615384613,0.07192307692307692,0.01230769230769231,0.4049999999999999,0.36231153846153846,0.13038461538461538,0.16768846153846154,0.06422692307692307,0.1919192307692308,0.0526923076923077,0.13922692307692305,0.09961153846153846,0.08154230769230769,1.28,0.04346538461538462,0.13500384615384617,32.083076923076916,0.08385,0.16345769230769228,51.59538461538461,0.06422692307692307,0.09308076923076923,69.84846153846154,0.008461538461538463,0.03885,0.4692307692307693,0.014234615384615384,0.10961538461538464,0.13,0.08154230769230769,0.019615384615384614,0.42538461538461536
90,81,2023-12-11,9,1,2023-2024,Bauru Basket,Cerrado,1,0.3867821428571429,0.1435714285714286,0.1892857142857143,0.053924999999999994,0.16856785714285719,0.045,0.12356785714285713,0.08714285714285715,0.06428571428571428,1.3607142857142858,0.04786071428571429,0.1396464285714286,33.74285714285714,0.09464285714285715,0.1807107142857143,52.642857142857146,0.053924999999999994,0.07142857142857142,74.45285714285713,0.007857142857142858,0.03750357142857142,0.5942857142857143,0.007499999999999999,0.09000357142857143,0.08499999999999999,0.06428571428571428,0.014996428571428572,0.4278535714285714,0.3630807692307692,0.11538461538461539,0.19384999999999997,0.05384615384615385,0.21345769230769226,0.06999999999999999,0.14345769230769229,0.08384615384615385,0.06538076923076923,1.3330769230769233,0.0384576923076923,0.1276923076923077,30.63692307692308,0.09691923076923076,0.2073076923076923,46.89384615384616,0.05384615384615385,0.09077307692307693,59.98461538461538,0.006926923076923076,0.03307307692307692,0.5292307692307692,0.010380769230769232,0.08653461538461538,0.11769230769230771,0.06538076923076923,0.011542307692307695,0.40191923076923075
84,73,2023-12-12,9,1,2023-2024,Coop/São José Basketball,Mogi,1,0.40708333333333324,0.13375,0.2058333333333333,0.06750000000000002,0.20166666666666666,0.05291666666666667,0.14875000000000002,0.09208333333333335,0.07583333333333332,1.2283333333333333,0.044583333333333336,0.13208333333333333,33.56999999999999,0.10291666666666666,0.19041666666666668,54.29666666666666,0.06750000000000002,0.09333333333333334,72.48166666666667,0.0062499999999999995,0.04416666666666667,0.5983333333333333,0.01,0.09708333333333334,0.10833333333333334,0.07583333333333332,0.017499999999999998,0.4783333333333333,0.3665423076923077,0.15923076923076926,0.14461923076923078,0.0626923076923077,0.15423461538461536,0.040773076923076926,0.11346153846153847,0.08615384615384615,0.07268846153846154,1.1907692307692308,0.05308076923076924,0.13999615384615388,38.016923076923085,0.07230384615384615,0.13884615384615387,52.17153846153846,0.0626923076923077,0.08615769230769232,72.91615384615383,0.0015346153846153845,0.026157692307692312,0.35923076923076924,0.007307692307692307,0.1096153846153846,0.06692307692307693,0.07268846153846154,0.014611538461538466,0.39077307692307683
73,67,2023-12-13,9,1,2023-2024,Pinheiros,R10 Score Vasco da Gama,1,0.3854545454545455,0.15000000000000002,0.17999999999999997,0.05545454545454545,0.18772727272727277,0.053636363636363635,0.1340909090909091,0.0881818181818182,0.07727272727272727,1.2263636363636363,0.049999999999999996,0.13545454545454547,37.017272727272726,0.08999999999999998,0.17181818181818181,52.4390909090909,0.05545454545454545,0.08590909090909091,64.15636363636362,0.005909090909090909,0.025454545454545455,0.3481818181818182,0.007727272727272727,0.08909090909090908,0.0872727272727273,0.07727272727272727,0.014545454545454545,0.41954545454545455,0.3619678571428571,0.13232142857142856,0.1653535714285714,0.06428214285714286,0.18981785714285718,0.05071428571428572,0.1391035714285714,0.09821071428571429,0.08286071428571429,1.2457142857142858,0.04411071428571429,0.1341107142857143,32.85285714285714,0.08268214285714286,0.16106785714285712,51.61857142857142,0.06428214285714286,0.09196785714285714,70.85,0.008214285714285716,0.03893214285714286,0.46428571428571436,0.013932142857142856,0.11000000000000001,0.12714285714285714,0.08286071428571429,0.02,0.4239285714285714
105,96,2023-12-14,9,1,2023-2024,Corinthians,Minas,1,0.39,0.12000000000000001,0.2,0.07,0.20318181818181816,0.056818181818181816,0.1463636363636364,0.07863636363636364,0.060454545454545455,1.3445454545454547,0.04,0.13909090909090907,28.436363636363637,0.1,0.1890909090909091,53.155454545454546,0.07,0.09772727272727272,71.77181818181818,0.00681818181818182,0.027727272727272732,0.46727272727272723,0.008181818181818182,0.08999999999999998,0.09636363636363637,0.060454545454545455,0.012727272727272728,0.4313636363636364,0.4145833333333333,0.16124999999999998,0.1841666666666667,0.06916666666666667,0.18791666666666665,0.05375,0.13416666666666668,0.10458333333333332,0.06375000000000001,1.6924999999999997,0.05375000000000001,0.14375000000000002,36.685,0.09208333333333335,0.1695833333333333,54.15166666666667,0.06916666666666667,0.09416666666666668,72.5475,0.005833333333333333,0.03083333333333334,0.4725,0.012916666666666668,0.09625000000000002,0.13666666666666663,0.06375000000000001,0.013333333333333336,0.4945833333333333
69,91,2023-12-16,9,1,2023-2024,BRB/Brasília,Paulistano,0,0.35923076923076924,0.13153846153846158,0.16768846153846154,0.06000384615384616,0.16461923076923077,0.04691923076923076,0.11768846153846155,0.06192692307692308,0.06615384615384617,0.9715384615384614,0.043846153846153854,0.13346538461538465,32.89538461538462,0.08384999999999998,0.18807692307692314,44.76923076923077,0.06000384615384616,0.08961923076923076,66.55230769230769,0.004615384615384615,0.03961153846153846,0.6153846153846155,0.006153846153846155,0.10192307692307694,0.060769230769230784,0.06615384615384617,0.014619230769230772,0.3419269230769231,0.3648214285714285,0.10178571428571427,0.2003571428571429,0.06267857142857143,0.20482142857142863,0.07428571428571429,0.13053571428571425,0.07375,0.07250000000000001,1.0678571428571428,0.033928571428571426,0.11232142857142857,29.835714285714285,0.10017857142857145,0.20857142857142857,48.008571428571436,0.06267857142857143,0.09053571428571427,69.575,0.008392857142857143,0.040357142857142855,0.5828571428571427,0.013214285714285718,0.09732142857142857,0.13357142857142856,0.07250000000000001,0.012321428571428575,0.4098214285714285
85,81,2023-12-16,9,1,2023-2024,Corinthians,Pato Basquete,1,0.3970833333333333,0.12625,0.2016666666666667,0.06916666666666667,0.199375,0.054375,0.14500000000000002,0.08208333333333334,0.05833333333333334,1.5183333333333335,0.042083333333333334,0.13979166666666665,29.739166666666666,0.10083333333333334,0.18875,53.68083333333334,0.06916666666666667,0.09645833333333333,71.85166666666667,0.007291666666666668,0.027500000000000007,0.4875,0.008541666666666668,0.08875,0.1025,0.05833333333333334,0.011875000000000002,0.44333333333333336,0.3703846153846154,0.14076923076923079,0.17923076923076928,0.05038461538461539,0.18384615384615385,0.05538461538461538,0.12846153846153846,0.08307692307692308,0.060000000000000005,1.463846153846154,0.04692307692307692,0.14500000000000002,32.26307692307692,0.08961538461538464,0.17538461538461536,51.570769230769244,0.05038461538461539,0.07423076923076924,67.26769230769231,0.007307692307692306,0.030384615384615395,0.5276923076923077,0.004615384615384617,0.09038461538461538,0.05461538461538462,0.060000000000000005,0.012692307692307694,0.40461538461538454
61,91,2023-12-16,9,1,2023-2024,Pinheiros,Minas,0,0.38125000000000003,0.145625,0.17791666666666664,0.057708333333333334,0.1879166666666667,0.055833333333333325,0.13208333333333336,0.08604166666666668,0.07520833333333334,1.2233333333333334,0.04854166666666666,0.13833333333333334,35.52583333333333,0.08895833333333332,0.17208333333333334,51.75999999999999,0.057708333333333334,0.08791666666666666,65.05999999999999,0.0062499999999999995,0.026041666666666668,0.37083333333333335,0.008124999999999999,0.08916666666666666,0.09166666666666667,0.07520833333333334,0.014375,0.4110416666666667,0.41865384615384615,0.16384615384615384,0.18653846153846157,0.06826923076923076,0.18865384615384612,0.05326923076923077,0.13538461538461538,0.10442307692307692,0.06326923076923077,1.6992307692307689,0.05461538461538463,0.14423076923076922,37.19615384615385,0.09326923076923078,0.16980769230769227,54.78000000000001,0.06826923076923076,0.09346153846153847,72.17076923076922,0.006346153846153845,0.029038461538461548,0.4461538461538461,0.012884615384615387,0.0957692307692308,0.1369230769230769,0.06326923076923077,0.013653846153846157,0.49903846153846154
64,68,2023-12-18,10,1,2023-2024,Cerrado,Paulistano,0,0.366075,0.11785714285714285,0.1900035714285714,0.05821428571428572,0.2085678571428571,0.06714285714285714,0.141425,0.085,0.06606785714285714,1.3328571428571432,0.039282142857142856,0.12464285714285714,32.65,0.09499642857142857,0.20357142857142854,46.77,0.05821428571428572,0.09428928571428573,61.567142857142855,0.006789285714285714,0.03213928571428572,0.5107142857142858,0.009996428571428573,0.08499642857142856,0.11500000000000002,0.06606785714285714,0.011075000000000003,0.40571071428571426,0.36733333333333323,0.10499999999999998,0.1993333333333334,0.063,0.20633333333333337,0.07566666666666667,0.13066666666666663,0.07433333333333333,0.07300000000000001,1.0653333333333335,0.034999999999999996,0.113,30.567999999999998,0.0996666666666667,0.20833333333333334,47.81600000000001,0.063,0.09033333333333332,70.07933333333334,0.009000000000000001,0.04,0.5733333333333331,0.013000000000000005,0.09766666666666667,0.13133333333333333,0.07300000000000001,0.012333333333333337,0.4139999999999999
81,71,2023-12-18,10,1,2023-2024,R10 Score Vasco da Gama,UNIFACISA,1,0.36167,0.13399999999999998,0.16332999999999995,0.06433,0.1879966666666667,0.04900000000000001,0.13899666666666663,0.09699666666666668,0.08400333333333335,1.2160000000000002,0.04467,0.1333366666666667,33.519999999999996,0.08166999999999999,0.15899666666666662,51.63866666666665,0.06433,0.09100333333333332,71.718,0.008000000000000002,0.03900333333333334,0.4600000000000001,0.01367,0.11033333333333335,0.12466666666666668,0.08400333333333335,0.020333333333333335,0.42266666666666663,0.38999999999999996,0.13499999999999998,0.18166666666666664,0.07333333333333333,0.19416666666666668,0.055000000000000014,0.13916666666666666,0.07875,0.06583333333333334,1.1958333333333333,0.04499999999999999,0.14625000000000002,30.863333333333333,0.09083333333333332,0.16583333333333333,54.129999999999995,0.07333333333333333,0.09333333333333332,78.28666666666666,0.005,0.034999999999999996,0.5291666666666667,0.011250000000000001,0.09500000000000001,0.11916666666666668,0.06583333333333334,0.012083333333333335,0.4470833333333333
